600.0 -210.0
600.4 -210.0
600.8 -76.4
601.2 -70.98
601.6 -75.2
602.0 -210.0
602.4 -72.52
602.8 -210.0
603.2 -74.79
603.6 -210.0
604.0 -210.0
604.4 -70.61
604.8 -210.0
605.2 -210.0
605.6 -70.69
606.0 -210.0
606.4 -210.0
606.8 -73.78
607.2 -70.98
607.6 -70.82
608.0 -210.0
608.4 -79.9
608.8 -210.0
609.2 -75.18
609.6 -210.0
610.0 -70.97
610.4 -77.82
610.8 -74.83
611.2 -71.62
611.6 -74.08
612.0 -71.09
612.4 -70.15
612.8 -73.48
613.2 -210.0
613.6 -72.21
614.0 -71.79
614.4 -68.31
614.8 -210.0
615.2 -210.0
615.6 -210.0
616.0 -74.0
616.4 -74.36
616.8 -210.0
617.2 -73.16
617.6 -76.77
618.0 -74.12
618.4 -71.85
618.8 -71.32
619.2 -70.27
619.6 -74.55
620.0 -210.0
620.4 -69.71
620.8 -74.62
621.2 -210.0
621.6 -70.41
622.0 -72.71
622.4 -71.71
622.8 -72.54
623.2 -210.0
623.6 -210.0
624.0 -73.31
624.4 -77.86
624.8 -71.86
625.2 -79.67
625.6 -70.94
626.0 -210.0
626.4 -70.85
626.8 -70.23
627.2 -72.81
627.6 -71.7
628.0 -74.1
628.4 -71.42
628.8 -71.0
629.2 -85.94
629.6 -79.94
630.0 -74.23
630.4 -73.72
630.8 -68.98
631.2 -70.77
631.6 -74.98
632.0 -74.68
632.4 -69.94
632.8 -74.44
633.2 -86.24
633.6 -72.83
634.0 -71.97
634.4 -72.17
634.8 -71.43
635.2 -71.19
635.6 -72.26
636.0 -71.38
636.4 -69.39
636.8 -71.31
637.2 -69.71
637.6 -68.85
638.0 -71.53
638.4 -72.14
638.8 -70.96
639.2 -72.2
639.6 -69.38
640.0 -71.82
640.4 -71.21
640.8 -68.89
641.2 -70.31
641.6 -70.16
642.0 -69.13
642.4 -69.8
642.8 -69.59
643.2 -68.27
643.6 -70.34
644.0 -72.32
644.4 -69.73
644.8 -68.42
645.2 -72.89
645.6 -68.32
646.0 -69.35
646.4 -67.68
646.8 -67.81
647.2 -69.46
647.6 -68.39
648.0 -69.97
648.4 -67.58
648.8 -68.29
649.2 -69.86
649.6 -71.17
650.0 -68.75
650.4 -68.98
650.8 -70.13
651.2 -68.33
651.6 -68.13
652.0 -68.99
652.4 -69.51
652.8 -68.44
653.2 -69.71
653.6 -68.56
654.0 -68.1
654.4 -69.13
654.8 -68.16
655.2 -68.26
655.6 -69.66
656.0 -67.71
656.4 -67.89
656.8 -69.88
657.2 -70.04
657.6 -69.35
658.0 -68.04
658.4 -68.33
658.8 -66.93
659.2 -67.52
659.6 -67.43
660.0 -67.13
660.4 -68.45
660.8 -67.36
661.2 -69.43
661.6 -68.25
662.0 -69.18
662.4 -66.56
662.8 -69.12
663.2 -68.45
663.6 -67.4
664.0 -67.32
664.4 -67.32
664.8 -68.3
665.2 -66.2
665.6 -67.36
666.0 -67.74
666.4 -67.24
666.8 -67.87
667.2 -67.87
667.6 -67.16
668.0 -67.92
668.4 -69.18
668.8 -67.44
669.2 -66.69
669.6 -67.83
670.0 -66.16
670.4 -67.56
670.8 -66.99
671.2 -67.18
671.6 -67.51
672.0 -66.98
672.4 -67.06
672.8 -66.65
673.2 -66.76
673.6 -68.02
674.0 -66.85
674.4 -66.44
674.8 -67.55
675.2 -66.33
675.6 -67.22
676.0 -67.06
676.4 -66.66
676.8 -66.22
677.2 -67.57
677.6 -68.92
678.0 -66.85
678.4 -66.64
678.8 -68.51
679.2 -67.14
679.6 -66.39
680.0 -66.72
680.4 -67.05
680.8 -66.71
681.2 -67.24
681.6 -66.92
682.0 -67.06
682.4 -67.69
682.8 -67.17
683.2 -66.51
683.6 -66.4
684.0 -67.95
684.4 -66.96
684.8 -67.66
685.2 -67.43
685.6 -66.8
686.0 -66.61
686.4 -66.37
686.8 -67.08
687.2 -66.36
687.6 -67.4
688.0 -66.99
688.4 -66.34
688.8 -67.39
689.2 -67.05
689.6 -66.67
690.0 -67.04
690.4 -66.69
690.8 -66.73
691.2 -67.39
691.6 -66.87
692.0 -68.18
692.4 -66.38
692.8 -68.07
693.2 -66.87
693.6 -66.23
694.0 -66.79
694.4 -67.39
694.8 -67.01
695.2 -66.17
695.6 -67.08
696.0 -66.99
696.4 -66.75
696.8 -65.96
697.2 -68.37
697.6 -65.73
698.0 -66.2
698.4 -65.86
698.8 -65.74
699.2 -67.15
699.6 -65.98
700.0 -66.23
700.4 -66.88
700.8 -66.5
701.2 -66.32
701.6 -65.92
702.0 -67.02
702.4 -66.73
702.8 -66.7
703.2 -66.57
703.6 -66.29
704.0 -65.85
704.4 -65.25
704.8 -66.98
705.2 -65.86
705.6 -66.26
706.0 -66.72
706.4 -66.41
706.8 -65.62
707.2 -66.12
707.6 -66.7
708.0 -66.5
708.4 -66.49
708.8 -66.07
709.2 -66.52
709.6 -65.46
710.0 -66.12
710.4 -64.8
710.8 -65.27
711.2 -65.44
711.6 -65.29
712.0 -66.17
712.4 -66.76
712.8 -65.79
713.2 -66.19
713.6 -65.84
714.0 -65.94
714.4 -66.57
714.8 -65.4
715.2 -65.25
715.6 -65.36
716.0 -66.06
716.4 -65.56
716.8 -65.78
717.2 -65.61
717.6 -65.52
718.0 -66.1
718.4 -66.46
718.8 -65.56
719.2 -66.49
719.6 -66.16
720.0 -66.25
720.4 -66.04
720.8 -66.28
721.2 -65.7
721.6 -65.05
722.0 -66.53
722.4 -65.85
722.8 -65.74
723.2 -66.48
723.6 -65.84
724.0 -65.54
724.4 -64.58
724.8 -65.35
725.2 -66.35
725.6 -66.5
726.0 -65.46
726.4 -66.34
726.8 -65.51
727.2 -64.8
727.6 -65.64
728.0 -65.69
728.4 -65.57
728.8 -65.99
729.2 -66.62
729.6 -66.27
730.0 -65.42
730.4 -64.85
730.8 -66.04
731.2 -65.83
731.6 -65.63
732.0 -65.08
732.4 -65.85
732.8 -64.91
733.2 -64.71
733.6 -66.23
734.0 -65.68
734.4 -64.5
734.8 -65.23
735.2 -66.01
735.6 -64.99
736.0 -66.07
736.4 -66.55
736.8 -65.78
737.2 -64.74
737.6 -66.12
738.0 -65.09
738.4 -65.7
738.8 -65.22
739.2 -66.07
739.6 -65.83
740.0 -65.75
740.4 -66.48
740.8 -65.52
741.2 -66.68
741.6 -65.88
742.0 -65.54
742.4 -65.71
742.8 -65.13
743.2 -64.93
743.6 -64.9
744.0 -66.07
744.4 -65.49
744.8 -65.65
745.2 -65.15
745.6 -64.8
746.0 -65.39
746.4 -66.4
746.8 -64.72
747.2 -65.28
747.6 -65.07
748.0 -65.94
748.4 -64.98
748.8 -64.24
749.2 -65.01
749.6 -65.97
750.0 -64.83
750.4 -65.89
750.8 -65.25
751.2 -64.96
751.6 -65.34
752.0 -65.2
752.4 -65.79
752.8 -65.13
753.2 -65.13
753.6 -64.83
754.0 -65.34
754.4 -65.23
754.8 -65.59
755.2 -64.76
755.6 -65.64
756.0 -65.03
756.4 -65.28
756.8 -64.91
757.2 -65.94
757.6 -64.95
758.0 -66.43
758.4 -65.18
758.8 -65.06
759.2 -65.36
759.6 -64.62
760.0 -65.26
760.4 -65.26
760.8 -65.31
761.2 -66.11
761.6 -65.22
762.0 -64.73
762.4 -65.5
762.8 -65.42
763.2 -65.55
763.6 -64.92
764.0 -64.74
764.4 -65.61
764.8 -66.04
765.2 -65.64
765.6 -64.73
766.0 -64.86
766.4 -65.42
766.8 -64.44
767.2 -65.98
767.6 -65.22
768.0 -64.51
768.4 -65.05
768.8 -65.26
769.2 -66.07
769.6 -65.23
770.0 -64.79
770.4 -64.38
770.8 -65.19
771.2 -64.97
771.6 -63.75
772.0 -64.27
772.4 -64.73
772.8 -64.24
773.2 -63.85
773.6 -64.56
774.0 -65.3
774.4 -65.04
774.8 -63.98
775.2 -64.83
775.6 -64.31
776.0 -64.97
776.4 -65.29
776.8 -64.62
777.2 -64.3
777.6 -64.79
778.0 -65.02
778.4 -63.75
778.8 -64.78
779.2 -66.18
779.6 -64.58
780.0 -65.4
780.4 -65.08
780.8 -63.58
781.2 -65.37
781.6 -64.48
782.0 -64.54
782.4 -64.17
782.8 -64.14
783.2 -64.31
783.6 -64.61
784.0 -64.13
784.4 -65.21
784.8 -64.07
785.2 -64.35
785.6 -63.8
786.0 -64.86
786.4 -64.34
786.8 -64.56
787.2 -64.62
787.6 -63.82
788.0 -63.77
788.4 -64.1
788.8 -63.74
789.2 -64.15
789.6 -64.23
790.0 -64.74
790.4 -63.7
790.8 -63.57
791.2 -64.76
791.6 -65.61
792.0 -64.11
792.4 -64.5
792.8 -64.64
793.2 -63.57
793.6 -64.38
794.0 -64.46
794.4 -65.21
794.8 -63.86
795.2 -64.06
795.6 -63.8
796.0 -64.59
796.4 -64.02
796.8 -63.27
797.2 -64.49
797.6 -64.14
798.0 -64.55
798.4 -64.03
798.8 -64.13
799.2 -64.16
799.6 -64.13
800.0 -64.23
800.4 -63.66
800.8 -64.17
801.2 -64.37
801.6 -63.53
802.0 -64.48
802.4 -63.67
802.8 -63.5
803.2 -63.5
803.6 -63.79
804.0 -64.23
804.4 -63.83
804.8 -63.71
805.2 -63.18
805.6 -63.43
806.0 -62.61
806.4 -60.26
806.8 -57.04
807.2 -53.59
807.6 -49.68
808.0 -48.46
808.4 -49.38
808.8 -49.91
809.2 -53.73
809.6 -60.64
810.0 -62.96
810.4 -63.4
810.8 -63.39
811.2 -63.77
811.6 -63.71
812.0 -63.72
812.4 -64.39
812.8 -63.85
813.2 -64.44
813.6 -63.77
814.0 -63.48
814.4 -64.14
814.8 -63.79
815.2 -63.7
815.6 -63.51
816.0 -63.72
816.4 -63.36
816.8 -63.53
817.2 -63.25
817.6 -63.36
818.0 -63.58
818.4 -64.37
818.8 -63.22
819.2 -63.81
819.6 -63.21
820.0 -64.38
820.4 -64.12
820.8 -63.4
821.2 -63.6
821.6 -63.89
822.0 -63.48
822.4 -63.61
822.8 -63.81
823.2 -64.11
823.6 -63.48
824.0 -64.38
824.4 -63.12
824.8 -63.41
825.2 -63.75
825.6 -63.27
826.0 -64.02
826.4 -63.41
826.8 -63.89
827.2 -63.33
827.6 -63.46
828.0 -63.49
828.4 -63.57
828.8 -63.44
829.2 -63.93
829.6 -63.42
830.0 -62.96
830.4 -63.16
830.8 -63.39
831.2 -63.19
831.6 -63.33
832.0 -62.66
832.4 -63.99
832.8 -63.46
833.2 -63.22
833.6 -63.04
834.0 -62.95
834.4 -63.4
834.8 -62.75
835.2 -62.87
835.6 -62.55
836.0 -62.86
836.4 -62.8
836.8 -62.59
837.2 -62.97
837.6 -63.25
838.0 -62.66
838.4 -63.13
838.8 -63.16
839.2 -62.91
839.6 -63.24
840.0 -63.2
840.4 -62.89
840.8 -63.01
841.2 -62.71
841.6 -62.63
842.0 -62.82
842.4 -62.77
842.8 -63.0
843.2 -62.85
843.6 -63.0
844.0 -62.7
844.4 -62.67
844.8 -63.17
845.2 -62.86
845.6 -63.05
846.0 -62.72
846.4 -62.84
846.8 -62.77
847.2 -62.81
847.6 -62.83
848.0 -62.86
848.4 -62.88
848.8 -62.19
849.2 -62.52
849.6 -62.68
850.0 -62.42
850.4 -62.39
850.8 -62.46
851.2 -62.76
851.6 -62.89
852.0 -62.41
852.4 -62.47
852.8 -62.44
853.2 -62.85
853.6 -62.49
854.0 -62.15
854.4 -62.01
854.8 -62.59
855.2 -62.34
855.6 -62.28
856.0 -62.63
856.4 -62.08
856.8 -62.02
857.2 -62.83
857.6 -62.17
858.0 -62.46
858.4 -62.33
858.8 -62.19
859.2 -62.18
859.6 -62.16
860.0 -62.78
860.4 -62.22
860.8 -62.15
861.2 -62.73
861.6 -62.25
862.0 -62.12
862.4 -62.23
862.8 -62.36
863.2 -62.0
863.6 -62.33
864.0 -62.31
864.4 -61.94
864.8 -62.05
865.2 -62.08
865.6 -61.85
866.0 -62.19
866.4 -62.07
866.8 -61.9
867.2 -61.86
867.6 -62.47
868.0 -62.07
868.4 -61.67
868.8 -62.05
869.2 -61.9
869.6 -61.91
870.0 -61.71
870.4 -62.28
870.8 -62.17
871.2 -62.17
871.6 -61.73
872.0 -61.96
872.4 -61.91
872.8 -61.5
873.2 -61.87
873.6 -61.88
874.0 -62.54
874.4 -61.89
874.8 -61.7
875.2 -61.58
875.6 -61.73
876.0 -61.93
876.4 -61.8
876.8 -61.55
877.2 -62.0
877.6 -61.69
878.0 -62.11
878.4 -61.56
878.8 -62.16
879.2 -61.71
879.6 -61.2
880.0 -62.03
880.4 -61.46
880.8 -61.57
881.2 -61.87
881.6 -61.88
882.0 -61.46
882.4 -61.81
882.8 -61.56
883.2 -61.58
883.6 -61.48
884.0 -61.08
884.4 -61.93
884.8 -61.09
885.2 -61.33
885.6 -61.05
886.0 -61.42
886.4 -61.58
886.8 -61.3
887.2 -61.63
887.6 -61.33
888.0 -61.22
888.4 -61.33
888.8 -61.08
889.2 -61.6
889.6 -61.36
890.0 -61.65
890.4 -61.42
890.8 -61.33
891.2 -61.14
891.6 -61.24
892.0 -61.62
892.4 -61.56
892.8 -61.23
893.2 -61.0
893.6 -61.34
894.0 -61.24
894.4 -61.24
894.8 -61.58
895.2 -61.3
895.6 -61.52
896.0 -61.06
896.4 -61.52
896.8 -61.09
897.2 -61.18
897.6 -61.1
898.0 -60.9
898.4 -61.06
898.8 -60.9
899.2 -61.16
899.6 -61.41
900.0 -61.1
900.4 -61.11
900.8 -61.24
901.2 -61.07
901.6 -60.82
902.0 -61.14
902.4 -61.14
902.8 -61.03
903.2 -60.91
903.6 -61.2
904.0 -60.93
904.4 -61.01
904.8 -60.81
905.2 -60.67
905.6 -60.91
906.0 -60.96
906.4 -60.76
906.8 -61.04
907.2 -60.89
907.6 -60.63
908.0 -60.53
908.4 -60.65
908.8 -60.55
909.2 -60.57
909.6 -60.69
910.0 -60.85
910.4 -60.44
910.8 -60.61
911.2 -60.45
911.6 -60.31
912.0 -60.6
912.4 -60.29
912.8 -60.33
913.2 -60.11
913.6 -60.4
914.0 -60.28
914.4 -60.25
914.8 -60.34
915.2 -60.57
915.6 -60.27
916.0 -60.37
916.4 -60.27
916.8 -60.38
917.2 -60.35
917.6 -60.26
918.0 -60.17
918.4 -60.22
918.8 -59.93
919.2 -60.03
919.6 -60.05
920.0 -60.12
920.4 -59.98
920.8 -60.04
921.2 -59.97
921.6 -59.94
922.0 -60.01
922.4 -59.87
922.8 -59.74
923.2 -59.72
923.6 -59.71
924.0 -59.6
924.4 -59.91
924.8 -59.72
925.2 -59.67
925.6 -59.74
926.0 -59.59
926.4 -59.61
926.8 -59.58
927.2 -59.48
927.6 -59.51
928.0 -59.64
928.4 -59.55
928.8 -59.46
929.2 -59.6
929.6 -59.43
930.0 -59.45
930.4 -59.41
930.8 -59.31
931.2 -59.42
931.6 -59.63
932.0 -59.62
932.4 -59.41
932.8 -59.22
933.2 -59.36
933.6 -59.48
934.0 -59.4
934.4 -59.22
934.8 -59.29
935.2 -59.41
935.6 -59.28
936.0 -59.3
936.4 -59.32
936.8 -59.32
937.2 -59.04
937.6 -59.08
938.0 -59.09
938.4 -58.99
938.8 -59.34
939.2 -59.2
939.6 -59.2
940.0 -59.19
940.4 -59.1
940.8 -58.94
941.2 -59.0
941.6 -59.09
942.0 -59.2
942.4 -58.98
942.8 -59.1
943.2 -59.19
943.6 -58.95
944.0 -58.96
944.4 -58.84
944.8 -58.72
945.2 -58.87
945.6 -58.81
946.0 -58.95
946.4 -58.78
946.8 -58.87
947.2 -58.63
947.6 -58.72
948.0 -58.77
948.4 -58.64
948.8 -58.68
949.2 -58.58
949.6 -58.8
950.0 -58.6
950.4 -58.74
950.8 -58.7
951.2 -58.65
951.6 -58.39
952.0 -58.56
952.4 -58.6
952.8 -58.7
953.2 -58.63
953.6 -58.59
954.0 -58.71
954.4 -58.7
954.8 -58.63
955.2 -58.57
955.6 -58.55
956.0 -58.49
956.4 -58.47
956.8 -58.55
957.2 -58.41
957.6 -58.5
958.0 -58.46
958.4 -58.43
958.8 -58.37
959.2 -58.39
959.6 -58.32
960.0 -58.41
960.4 -58.41
960.8 -58.25
961.2 -58.31
961.6 -58.26
962.0 -58.46
962.4 -58.11
962.8 -58.17
963.2 -58.08
963.6 -58.11
964.0 -58.09
964.4 -58.17
964.8 -58.02
965.2 -57.97
965.6 -57.99
966.0 -57.99
966.4 -58.0
966.8 -58.15
967.2 -58.09
967.6 -57.99
968.0 -57.98
968.4 -57.93
968.8 -58.05
969.2 -58.08
969.6 -57.93
970.0 -58.03
970.4 -58.05
970.8 -58.14
971.2 -57.99
971.6 -58.11
972.0 -58.19
972.4 -58.27
972.8 -58.17
973.2 -58.15
973.6 -58.21
974.0 -58.34
974.4 -58.39
974.8 -58.37
975.2 -58.5
975.6 -58.25
976.0 -58.38
976.4 -58.55
976.8 -58.43
977.2 -58.6
977.6 -58.45
978.0 -58.5
978.4 -58.51
978.8 -58.61
979.2 -58.58
979.6 -58.49
980.0 -58.38
980.4 -58.5
980.8 -58.5
981.2 -58.38
981.6 -58.54
982.0 -58.27
982.4 -58.29
982.8 -58.3
983.2 -58.13
983.6 -58.23
984.0 -58.04
984.4 -58.11
984.8 -58.15
985.2 -57.95
985.6 -58.07
986.0 -57.9
986.4 -57.82
986.8 -57.92
987.2 -57.87
987.6 -57.83
988.0 -57.74
988.4 -57.63
988.8 -57.61
989.2 -57.58
989.6 -57.61
990.0 -57.59
990.4 -57.4
990.8 -57.51
991.2 -57.48
991.6 -57.57
992.0 -57.4
992.4 -57.24
992.8 -57.41
993.2 -57.35
993.6 -57.39
994.0 -57.27
994.4 -57.42
994.8 -57.26
995.2 -57.34
995.6 -57.4
996.0 -57.35
996.4 -57.31
996.8 -57.53
997.2 -57.44
997.6 -57.32
998.0 -57.51
998.4 -57.52
998.8 -57.54
999.2 -57.56
999.6 -57.53
1000.0 -57.59
