600.0 -74.14
600.4 -73.36
600.8 -71.18
601.2 -75.75
601.6 -210.0
602.0 -70.65
602.4 -71.5
602.8 -68.52
603.2 -210.0
603.6 -69.45
604.0 -73.98
604.4 -69.36
604.8 -73.31
605.2 -84.47
605.6 -72.73
606.0 -210.0
606.4 -73.08
606.8 -210.0
607.2 -70.12
607.6 -75.08
608.0 -210.0
608.4 -72.91
608.8 -68.27
609.2 -69.95
609.6 -70.78
610.0 -210.0
610.4 -77.02
610.8 -75.79
611.2 -70.7
611.6 -68.96
612.0 -71.47
612.4 -75.38
612.8 -75.91
613.2 -73.5
613.6 -72.21
614.0 -72.46
614.4 -70.89
614.8 -73.3
615.2 -79.06
615.6 -72.8
616.0 -210.0
616.4 -72.85
616.8 -73.13
617.2 -70.02
617.6 -70.31
618.0 -71.45
618.4 -71.13
618.8 -69.38
619.2 -75.78
619.6 -71.92
620.0 -73.32
620.4 -71.25
620.8 -75.0
621.2 -70.67
621.6 -72.91
622.0 -77.04
622.4 -70.6
622.8 -210.0
623.2 -76.02
623.6 -74.8
624.0 -85.62
624.4 -71.84
624.8 -71.19
625.2 -70.92
625.6 -70.94
626.0 -69.83
626.4 -210.0
626.8 -69.46
627.2 -69.58
627.6 -69.72
628.0 -71.72
628.4 -69.17
628.8 -71.77
629.2 -68.45
629.6 -75.97
630.0 -70.81
630.4 -70.84
630.8 -74.29
631.2 -69.65
631.6 -69.99
632.0 -68.44
632.4 -69.36
632.8 -71.43
633.2 -70.55
633.6 -71.07
634.0 -72.48
634.4 -71.4
634.8 -69.44
635.2 -71.9
635.6 -70.72
636.0 -70.87
636.4 -69.48
636.8 -68.23
637.2 -74.48
637.6 -72.24
638.0 -75.12
638.4 -71.84
638.8 -71.08
639.2 -69.43
639.6 -69.55
640.0 -68.61
640.4 -69.29
640.8 -71.02
641.2 -68.99
641.6 -69.33
642.0 -69.36
642.4 -69.4
642.8 -68.42
643.2 -70.3
643.6 -69.43
644.0 -66.56
644.4 -67.27
644.8 -69.39
645.2 -68.23
645.6 -67.29
646.0 -69.72
646.4 -66.38
646.8 -69.29
647.2 -67.8
647.6 -67.34
648.0 -67.82
648.4 -67.54
648.8 -67.8
649.2 -67.79
649.6 -68.85
650.0 -67.98
650.4 -68.53
650.8 -67.98
651.2 -67.71
651.6 -68.23
652.0 -66.98
652.4 -67.72
652.8 -67.55
653.2 -66.46
653.6 -68.15
654.0 -67.27
654.4 -67.27
654.8 -66.83
655.2 -67.01
655.6 -68.52
656.0 -66.84
656.4 -68.42
656.8 -67.89
657.2 -67.26
657.6 -67.68
658.0 -67.99
658.4 -67.07
658.8 -66.51
659.2 -68.71
659.6 -66.1
660.0 -66.52
660.4 -67.28
660.8 -67.4
661.2 -67.16
661.6 -67.65
662.0 -66.49
662.4 -67.78
662.8 -67.36
663.2 -67.4
663.6 -66.3
664.0 -67.53
664.4 -66.59
664.8 -66.05
665.2 -67.01
665.6 -67.2
666.0 -65.99
666.4 -66.3
666.8 -66.66
667.2 -67.13
667.6 -66.76
668.0 -66.02
668.4 -66.11
668.8 -66.49
669.2 -67.05
669.6 -66.52
670.0 -66.82
670.4 -67.0
670.8 -66.03
671.2 -68.28
671.6 -67.42
672.0 -66.43
672.4 -67.13
672.8 -67.16
673.2 -66.07
673.6 -66.01
674.0 -66.61
674.4 -66.78
674.8 -66.4
675.2 -65.99
675.6 -67.14
676.0 -66.52
676.4 -66.62
676.8 -66.44
677.2 -66.68
677.6 -66.28
678.0 -66.4
678.4 -65.82
678.8 -65.98
679.2 -66.39
679.6 -66.39
680.0 -66.69
680.4 -65.57
680.8 -65.93
681.2 -66.93
681.6 -66.23
682.0 -66.03
682.4 -66.84
682.8 -66.15
683.2 -66.18
683.6 -66.71
684.0 -66.57
684.4 -67.07
684.8 -65.54
685.2 -66.55
685.6 -66.58
686.0 -65.41
686.4 -66.75
686.8 -66.26
687.2 -65.97
687.6 -65.67
688.0 -65.42
688.4 -67.1
688.8 -65.8
689.2 -66.07
689.6 -66.1
690.0 -65.23
690.4 -65.6
690.8 -66.34
691.2 -65.7
691.6 -66.04
692.0 -67.21
692.4 -66.11
692.8 -66.18
693.2 -66.1
693.6 -66.51
694.0 -66.03
694.4 -65.62
694.8 -66.59
695.2 -64.73
695.6 -65.98
696.0 -66.19
696.4 -66.53
696.8 -65.51
697.2 -65.79
697.6 -65.67
698.0 -65.06
698.4 -65.2
698.8 -65.51
699.2 -65.38
699.6 -66.49
700.0 -66.23
700.4 -65.56
700.8 -65.68
701.2 -66.21
701.6 -65.01
702.0 -65.57
702.4 -65.68
702.8 -66.03
703.2 -65.61
703.6 -66.5
704.0 -65.88
704.4 -66.2
704.8 -65.62
705.2 -66.02
705.6 -66.22
706.0 -66.35
706.4 -65.97
706.8 -65.56
707.2 -65.49
707.6 -65.73
708.0 -66.43
708.4 -65.75
708.8 -65.3
709.2 -65.49
709.6 -65.93
710.0 -66.44
710.4 -65.95
710.8 -65.87
711.2 -65.72
711.6 -65.37
712.0 -65.77
712.4 -66.72
712.8 -66.56
713.2 -65.54
713.6 -65.5
714.0 -65.41
714.4 -65.09
714.8 -65.68
715.2 -66.49
715.6 -65.48
716.0 -65.39
716.4 -66.83
716.8 -65.75
717.2 -66.39
717.6 -65.4
718.0 -65.22
718.4 -65.6
718.8 -65.38
719.2 -65.53
719.6 -65.44
720.0 -65.74
720.4 -66.36
720.8 -65.3
721.2 -65.54
721.6 -66.62
722.0 -64.64
722.4 -65.72
722.8 -66.15
723.2 -65.91
723.6 -65.52
724.0 -65.8
724.4 -66.55
724.8 -65.26
725.2 -65.04
725.6 -66.06
726.0 -66.65
726.4 -65.08
726.8 -64.91
727.2 -65.45
727.6 -66.37
728.0 -65.83
728.4 -65.18
728.8 -65.31
729.2 -65.72
729.6 -66.27
730.0 -65.94
730.4 -64.85
730.8 -65.57
731.2 -65.86
731.6 -66.22
732.0 -65.62
732.4 -65.65
732.8 -66.63
733.2 -65.3
733.6 -66.62
734.0 -66.38
734.4 -65.14
734.8 -66.41
735.2 -65.57
735.6 -65.59
736.0 -66.56
736.4 -66.09
736.8 -65.92
737.2 -66.24
737.6 -64.97
738.0 -67.43
738.4 -67.43
738.8 -66.15
739.2 -65.53
739.6 -65.31
740.0 -66.25
740.4 -65.96
740.8 -66.03
741.2 -66.55
741.6 -65.98
742.0 -65.67
742.4 -66.31
742.8 -65.73
743.2 -65.53
743.6 -65.47
744.0 -65.18
744.4 -66.22
744.8 -65.96
745.2 -65.24
745.6 -66.17
746.0 -65.48
746.4 -66.36
746.8 -66.21
747.2 -65.5
747.6 -65.73
748.0 -65.28
748.4 -65.76
748.8 -65.46
749.2 -65.4
749.6 -65.59
750.0 -65.51
750.4 -65.61
750.8 -65.81
751.2 -66.09
751.6 -65.3
752.0 -65.65
752.4 -65.62
752.8 -65.57
753.2 -65.47
753.6 -65.18
754.0 -65.43
754.4 -65.55
754.8 -65.26
755.2 -65.51
755.6 -66.5
756.0 -66.62
756.4 -64.86
756.8 -65.27
757.2 -65.36
757.6 -65.32
758.0 -65.1
758.4 -65.6
758.8 -66.26
759.2 -65.3
759.6 -66.45
760.0 -66.49
760.4 -65.32
760.8 -64.91
761.2 -65.34
761.6 -66.87
762.0 -66.14
762.4 -66.26
762.8 -65.39
763.2 -66.21
763.6 -65.49
764.0 -65.68
764.4 -64.88
764.8 -65.71
765.2 -64.7
765.6 -65.4
766.0 -65.88
766.4 -65.52
766.8 -66.37
767.2 -66.37
767.6 -65.06
768.0 -64.81
768.4 -65.3
768.8 -65.6
769.2 -65.56
769.6 -66.15
770.0 -65.09
770.4 -65.13
770.8 -65.03
771.2 -65.19
771.6 -65.8
772.0 -64.78
772.4 -65.37
772.8 -66.25
773.2 -65.61
773.6 -64.78
774.0 -66.0
774.4 -64.8
774.8 -65.53
775.2 -65.46
775.6 -65.82
776.0 -65.66
776.4 -65.32
776.8 -65.35
777.2 -65.77
777.6 -64.88
778.0 -65.83
778.4 -65.12
778.8 -65.44
779.2 -65.62
779.6 -65.55
780.0 -65.01
780.4 -65.61
780.8 -65.11
781.2 -65.97
781.6 -65.46
782.0 -65.42
782.4 -65.29
782.8 -65.78
783.2 -66.07
783.6 -64.72
784.0 -65.88
784.4 -65.12
784.8 -65.58
785.2 -65.01
785.6 -66.56
786.0 -65.05
786.4 -65.33
786.8 -65.04
787.2 -65.78
787.6 -64.65
788.0 -64.85
788.4 -65.35
788.8 -66.16
789.2 -64.81
789.6 -65.28
790.0 -64.66
790.4 -65.55
790.8 -65.31
791.2 -64.62
791.6 -65.13
792.0 -66.02
792.4 -65.16
792.8 -65.35
793.2 -65.12
793.6 -64.66
794.0 -65.59
794.4 -64.77
794.8 -64.29
795.2 -64.06
795.6 -64.47
796.0 -64.94
796.4 -64.59
796.8 -64.94
797.2 -65.19
797.6 -64.25
798.0 -64.52
798.4 -64.34
798.8 -65.25
799.2 -64.45
799.6 -64.83
800.0 -65.01
800.4 -64.73
800.8 -65.04
801.2 -64.62
801.6 -65.31
802.0 -65.31
802.4 -64.83
802.8 -64.58
803.2 -64.27
803.6 -64.41
804.0 -64.31
804.4 -64.0
804.8 -64.79
805.2 -63.88
805.6 -64.19
806.0 -62.93
806.4 -61.05
806.8 -57.66
807.2 -53.95
807.6 -50.15
808.0 -48.71
808.4 -49.62
808.8 -50.32
809.2 -54.42
809.6 -61.37
810.0 -63.06
810.4 -64.39
810.8 -63.0
811.2 -64.21
811.6 -64.69
812.0 -64.06
812.4 -64.61
812.8 -63.75
813.2 -63.83
813.6 -64.11
814.0 -64.31
814.4 -64.62
814.8 -64.21
815.2 -64.39
815.6 -64.02
816.0 -64.28
816.4 -63.67
816.8 -64.69
817.2 -64.37
817.6 -63.94
818.0 -63.47
818.4 -64.53
818.8 -64.03
819.2 -63.58
819.6 -64.23
820.0 -64.25
820.4 -64.63
820.8 -63.83
821.2 -63.89
821.6 -63.62
822.0 -64.1
822.4 -64.27
822.8 -64.51
823.2 -64.08
823.6 -64.72
824.0 -64.51
824.4 -64.65
824.8 -64.29
825.2 -64.37
825.6 -64.1
826.0 -64.02
826.4 -64.07
826.8 -64.57
827.2 -64.6
827.6 -64.23
828.0 -64.13
828.4 -64.17
828.8 -64.71
829.2 -64.81
829.6 -63.59
830.0 -64.55
830.4 -64.6
830.8 -64.05
831.2 -63.79
831.6 -64.3
832.0 -64.09
832.4 -63.95
832.8 -64.62
833.2 -64.73
833.6 -64.36
834.0 -64.11
834.4 -63.62
834.8 -63.43
835.2 -64.66
835.6 -64.79
836.0 -63.7
836.4 -64.42
836.8 -64.59
837.2 -64.8
837.6 -64.21
838.0 -64.73
838.4 -64.06
838.8 -63.97
839.2 -64.27
839.6 -64.24
840.0 -64.62
840.4 -64.6
840.8 -64.93
841.2 -64.31
841.6 -64.58
842.0 -63.84
842.4 -64.05
842.8 -64.32
843.2 -64.54
843.6 -64.2
844.0 -64.22
844.4 -65.03
844.8 -64.58
845.2 -64.53
845.6 -65.07
846.0 -64.62
846.4 -65.29
846.8 -64.14
847.2 -64.34
847.6 -64.63
848.0 -64.78
848.4 -64.44
848.8 -64.99
849.2 -64.63
849.6 -64.28
850.0 -65.55
850.4 -64.84
850.8 -64.66
851.2 -64.46
851.6 -64.7
852.0 -65.11
852.4 -64.83
852.8 -64.89
853.2 -64.91
853.6 -64.33
854.0 -64.28
854.4 -64.63
854.8 -64.99
855.2 -64.55
855.6 -65.03
856.0 -64.56
856.4 -65.01
856.8 -64.19
857.2 -64.26
857.6 -64.57
858.0 -64.75
858.4 -64.85
858.8 -64.8
859.2 -65.79
859.6 -64.5
860.0 -65.07
860.4 -64.32
860.8 -64.94
861.2 -64.33
861.6 -65.18
862.0 -64.68
862.4 -64.71
862.8 -64.99
863.2 -64.59
863.6 -65.13
864.0 -65.26
864.4 -64.9
864.8 -65.05
865.2 -65.31
865.6 -65.34
866.0 -64.64
866.4 -64.57
866.8 -64.95
867.2 -65.14
867.6 -65.22
868.0 -65.33
868.4 -64.96
868.8 -64.76
869.2 -65.02
869.6 -65.25
870.0 -65.99
870.4 -65.05
870.8 -64.98
871.2 -65.32
871.6 -64.74
872.0 -65.5
872.4 -65.41
872.8 -65.07
873.2 -65.29
873.6 -65.23
874.0 -65.13
874.4 -64.7
874.8 -64.67
875.2 -64.58
875.6 -65.72
876.0 -64.23
876.4 -65.57
876.8 -65.26
877.2 -65.41
877.6 -65.72
878.0 -65.26
878.4 -65.77
878.8 -65.42
879.2 -65.63
879.6 -65.19
880.0 -65.62
880.4 -65.29
880.8 -65.05
881.2 -65.93
881.6 -65.29
882.0 -65.21
882.4 -66.07
882.8 -66.07
883.2 -65.82
883.6 -65.88
884.0 -65.3
884.4 -65.04
884.8 -64.86
885.2 -65.55
885.6 -65.24
886.0 -64.69
886.4 -65.32
886.8 -65.75
887.2 -64.63
887.6 -65.86
888.0 -66.02
888.4 -66.15
888.8 -65.28
889.2 -64.82
889.6 -65.26
890.0 -65.17
890.4 -64.96
890.8 -64.43
891.2 -65.86
891.6 -65.28
892.0 -65.63
892.4 -65.46
892.8 -66.55
893.2 -65.12
893.6 -65.36
894.0 -65.0
894.4 -65.54
894.8 -65.35
895.2 -64.91
895.6 -65.84
896.0 -65.15
896.4 -65.33
896.8 -67.56
897.2 -65.57
897.6 -65.48
898.0 -65.35
898.4 -66.06
898.8 -65.98
899.2 -65.59
899.6 -66.13
900.0 -65.48
900.4 -65.64
900.8 -66.4
901.2 -66.34
901.6 -65.66
902.0 -65.58
902.4 -65.34
902.8 -65.6
903.2 -66.99
903.6 -66.02
904.0 -65.88
904.4 -65.49
904.8 -65.93
905.2 -65.43
905.6 -65.17
906.0 -65.63
906.4 -65.4
906.8 -65.46
907.2 -65.11
907.6 -65.89
908.0 -66.02
908.4 -65.77
908.8 -65.39
909.2 -66.05
909.6 -65.96
910.0 -65.78
910.4 -65.34
910.8 -65.51
911.2 -66.06
911.6 -66.23
912.0 -66.53
912.4 -65.52
912.8 -65.49
913.2 -65.55
913.6 -65.47
914.0 -66.09
914.4 -66.25
914.8 -66.69
915.2 -66.54
915.6 -66.24
916.0 -66.26
916.4 -66.11
916.8 -66.77
917.2 -65.99
917.6 -66.01
918.0 -66.62
918.4 -66.27
918.8 -66.15
919.2 -66.13
919.6 -66.75
920.0 -66.49
920.4 -65.71
920.8 -66.47
921.2 -67.09
921.6 -66.98
922.0 -66.15
922.4 -67.05
922.8 -66.97
923.2 -66.98
923.6 -66.53
924.0 -67.02
924.4 -66.51
924.8 -66.28
925.2 -66.07
925.6 -66.96
926.0 -65.69
926.4 -66.35
926.8 -66.48
927.2 -66.06
927.6 -66.32
928.0 -66.39
928.4 -66.61
928.8 -66.4
929.2 -67.35
929.6 -66.46
930.0 -66.4
930.4 -66.45
930.8 -66.15
931.2 -66.23
931.6 -67.27
932.0 -67.47
932.4 -68.02
932.8 -66.37
933.2 -66.79
933.6 -67.32
934.0 -67.5
934.4 -67.17
934.8 -67.32
935.2 -67.87
935.6 -66.58
936.0 -67.57
936.4 -67.82
936.8 -67.61
937.2 -67.23
937.6 -67.5
938.0 -66.39
938.4 -67.32
938.8 -67.14
939.2 -67.36
939.6 -66.79
940.0 -66.81
940.4 -66.37
940.8 -66.89
941.2 -67.45
941.6 -67.18
942.0 -67.64
942.4 -66.99
942.8 -67.57
943.2 -67.07
943.6 -67.01
944.0 -67.55
944.4 -67.24
944.8 -67.26
945.2 -67.16
945.6 -66.46
946.0 -67.23
946.4 -66.6
946.8 -67.55
947.2 -66.09
947.6 -67.33
948.0 -67.37
948.4 -66.78
948.8 -66.65
949.2 -67.37
949.6 -67.75
950.0 -67.29
950.4 -67.23
950.8 -66.56
951.2 -66.98
951.6 -66.51
952.0 -66.64
952.4 -67.56
952.8 -67.04
953.2 -67.65
953.6 -67.05
954.0 -66.75
954.4 -67.49
954.8 -66.99
955.2 -66.88
955.6 -66.96
956.0 -67.62
956.4 -67.07
956.8 -67.11
957.2 -66.93
957.6 -67.26
958.0 -66.87
958.4 -66.97
958.8 -67.12
959.2 -67.08
959.6 -67.43
960.0 -67.03
960.4 -67.04
960.8 -67.04
961.2 -66.42
961.6 -66.55
962.0 -66.47
962.4 -66.66
962.8 -66.65
963.2 -67.35
963.6 -66.83
964.0 -66.65
964.4 -67.02
964.8 -66.72
965.2 -66.41
965.6 -66.69
966.0 -66.75
966.4 -66.78
966.8 -66.91
967.2 -66.83
967.6 -66.5
968.0 -67.05
968.4 -66.71
968.8 -67.02
969.2 -66.85
969.6 -66.88
970.0 -66.75
970.4 -66.32
970.8 -66.18
971.2 -66.82
971.6 -66.68
972.0 -66.58
972.4 -66.68
972.8 -67.05
973.2 -66.42
973.6 -67.02
974.0 -65.99
974.4 -66.37
974.8 -66.53
975.2 -66.25
975.6 -66.68
976.0 -66.59
976.4 -66.75
976.8 -67.08
977.2 -66.97
977.6 -67.23
978.0 -66.74
978.4 -66.82
978.8 -66.69
979.2 -66.38
979.6 -67.12
980.0 -66.91
980.4 -66.68
980.8 -66.42
981.2 -66.67
981.6 -66.01
982.0 -66.56
982.4 -66.06
982.8 -65.77
983.2 -66.12
983.6 -65.91
984.0 -66.07
984.4 -65.77
984.8 -65.42
985.2 -65.33
985.6 -65.78
986.0 -65.36
986.4 -65.69
986.8 -65.98
987.2 -65.43
987.6 -65.81
988.0 -65.67
988.4 -65.29
988.8 -65.18
989.2 -65.42
989.6 -65.38
990.0 -65.2
990.4 -65.38
990.8 -65.33
991.2 -64.96
991.6 -65.17
992.0 -64.79
992.4 -64.93
992.8 -64.69
993.2 -64.76
993.6 -64.49
994.0 -64.6
994.4 -64.58
994.8 -64.73
995.2 -64.33
995.6 -64.8
996.0 -64.82
996.4 -64.57
996.8 -64.74
997.2 -64.29
997.6 -64.48
998.0 -64.63
998.4 -64.16
998.8 -64.45
999.2 -64.4
999.6 -64.36
1000.0 -64.21
