600.0 -210.0
600.4 -210.0
600.8 -70.38
601.2 -75.75
601.6 -75.78
602.0 -210.0
602.4 -72.24
602.8 -70.51
603.2 -70.72
603.6 -74.82
604.0 -72.93
604.4 -69.64
604.8 -210.0
605.2 -210.0
605.6 -210.0
606.0 -210.0
606.4 -73.41
606.8 -210.0
607.2 -73.46
607.6 -72.32
608.0 -210.0
608.4 -71.25
608.8 -210.0
609.2 -73.59
609.6 -210.0
610.0 -74.36
610.4 -210.0
610.8 -74.03
611.2 -84.85
611.6 -210.0
612.0 -210.0
612.4 -74.93
612.8 -210.0
613.2 -210.0
613.6 -210.0
614.0 -71.21
614.4 -75.04
614.8 -85.07
615.2 -73.32
615.6 -80.33
616.0 -85.14
616.4 -210.0
616.8 -79.15
617.2 -210.0
617.6 -210.0
618.0 -80.48
618.4 -210.0
618.8 -73.25
619.2 -68.79
619.6 -210.0
620.0 -82.36
620.4 -210.0
620.8 -210.0
621.2 -210.0
621.6 -210.0
622.0 -72.71
622.4 -210.0
622.8 -80.77
623.2 -74.1
623.6 -210.0
624.0 -73.57
624.4 -82.64
624.8 -75.67
625.2 -210.0
625.6 -74.25
626.0 -210.0
626.4 -74.97
626.8 -77.34
627.2 -75.4
627.6 -76.3
628.0 -73.82
628.4 -210.0
628.8 -72.91
629.2 -210.0
629.6 -79.94
630.0 -210.0
630.4 -210.0
630.8 -210.0
631.2 -210.0
631.6 -210.0
632.0 -74.1
632.4 -72.56
632.8 -75.07
633.2 -70.92
633.6 -210.0
634.0 -210.0
634.4 -78.53
634.8 -210.0
635.2 -210.0
635.6 -74.94
636.0 -80.41
636.4 -73.91
636.8 -210.0
637.2 -69.62
637.6 -210.0
638.0 -72.97
638.4 -78.83
638.8 -70.96
639.2 -210.0
639.6 -83.7
640.0 -71.82
640.4 -70.34
640.8 -79.83
641.2 -74.8
641.6 -210.0
642.0 -210.0
642.4 -210.0
642.8 -210.0
643.2 -76.23
643.6 -210.0
644.0 -210.0
644.4 -74.83
644.8 -72.7
645.2 -210.0
645.6 -84.24
646.0 -84.27
646.4 -76.9
646.8 -210.0
647.2 -77.39
647.6 -75.96
648.0 -210.0
648.4 -210.0
648.8 -75.77
649.2 -73.59
649.6 -80.62
650.0 -210.0
650.4 -79.83
650.8 -74.0
651.2 -76.49
651.6 -73.48
652.0 -71.5
652.4 -73.49
652.8 -78.09
653.2 -210.0
653.6 -76.18
654.0 -79.86
654.4 -210.0
654.8 -79.2
655.2 -73.03
655.6 -74.65
656.0 -73.35
656.4 -82.89
656.8 -73.35
657.2 -210.0
657.6 -72.23
658.0 -72.11
658.4 -72.36
658.8 -77.27
659.2 -74.68
659.6 -210.0
660.0 -77.7
660.4 -75.93
660.8 -71.67
661.2 -72.51
661.6 -73.38
662.0 -81.67
662.4 -73.89
662.8 -72.92
663.2 -210.0
663.6 -71.26
664.0 -71.36
664.4 -79.24
664.8 -78.15
665.2 -72.13
665.6 -81.67
666.0 -70.97
666.4 -73.38
666.8 -210.0
667.2 -79.91
667.6 -79.24
668.0 -72.78
668.4 -74.08
668.8 -80.71
669.2 -74.47
669.6 -72.25
670.0 -75.13
670.4 -76.55
670.8 -72.62
671.2 -78.13
671.6 -210.0
672.0 -82.89
672.4 -74.88
672.8 -78.62
673.2 -74.43
673.6 -75.35
674.0 -72.08
674.4 -74.86
674.8 -79.18
675.2 -73.49
675.6 -76.84
676.0 -73.15
676.4 -75.07
676.8 -72.99
677.2 -78.58
677.6 -76.48
678.0 -75.3
678.4 -73.63
678.8 -73.62
679.2 -79.81
679.6 -81.57
680.0 -71.9
680.4 -73.27
680.8 -77.58
681.2 -210.0
681.6 -73.76
682.0 -76.76
682.4 -73.41
682.8 -79.76
683.2 -70.39
683.6 -75.23
684.0 -75.23
684.4 -75.48
684.8 -73.72
685.2 -84.51
685.6 -77.97
686.0 -74.28
686.4 -75.2
686.8 -71.81
687.2 -76.7
687.6 -71.8
688.0 -73.34
688.4 -76.01
688.8 -75.43
689.2 -73.85
689.6 -76.67
690.0 -210.0
690.4 -77.03
690.8 -87.45
691.2 -71.87
691.6 -71.52
692.0 -73.11
692.4 -75.65
692.8 -76.28
693.2 -210.0
693.6 -76.27
694.0 -79.61
694.4 -75.62
694.8 -75.34
695.2 -75.33
695.6 -70.39
696.0 -71.03
696.4 -72.88
696.8 -73.93
697.2 -74.34
697.6 -70.62
698.0 -74.55
698.4 -71.76
698.8 -76.53
699.2 -72.26
699.6 -78.86
700.0 -71.99
700.4 -210.0
700.8 -70.05
701.2 -210.0
701.6 -75.24
702.0 -74.05
702.4 -73.84
702.8 -72.08
703.2 -73.64
703.6 -75.49
704.0 -72.93
704.4 -71.55
704.8 -210.0
705.2 -73.25
705.6 -77.23
706.0 -75.17
706.4 -73.4
706.8 -77.21
707.2 -73.39
707.6 -70.04
708.0 -81.16
708.4 -74.17
708.8 -76.38
709.2 -73.55
709.6 -73.55
710.0 -76.02
710.4 -70.08
710.8 -76.73
711.2 -71.96
711.6 -71.11
712.0 -72.22
712.4 -72.22
712.8 -84.12
713.2 -73.15
713.6 -75.07
714.0 -77.12
714.4 -74.55
714.8 -210.0
715.2 -76.3
715.6 -73.67
716.0 -210.0
716.4 -70.85
716.8 -70.01
717.2 -73.27
717.6 -70.74
718.0 -71.38
718.4 -70.94
718.8 -71.49
719.2 -68.73
719.6 -73.25
720.0 -72.13
720.4 -73.82
720.8 -78.0
721.2 -72.12
721.6 -75.57
722.0 -210.0
722.4 -75.89
722.8 -71.7
723.2 -72.87
723.6 -72.54
724.0 -77.01
724.4 -71.69
724.8 -74.21
725.2 -210.0
725.6 -70.97
726.0 -71.54
726.4 -72.21
726.8 -74.67
727.2 -69.49
727.6 -71.41
728.0 -71.65
728.4 -77.42
728.8 -68.83
729.2 -73.95
729.6 -75.82
730.0 -75.48
730.4 -78.49
730.8 -72.62
731.2 -75.47
731.6 -71.25
732.0 -72.15
732.4 -72.95
732.8 -70.9
733.2 -72.29
733.6 -74.13
734.0 -71.0
734.4 -71.34
734.8 -72.93
735.2 -73.9
735.6 -71.45
736.0 -72.27
736.4 -70.76
736.8 -72.11
737.2 -71.97
737.6 -79.89
738.0 -70.54
738.4 -78.42
738.8 -73.44
739.2 -71.55
739.6 -72.89
740.0 -70.52
740.4 -74.81
740.8 -75.09
741.2 -70.72
741.6 -73.23
742.0 -76.85
742.4 -74.54
742.8 -71.39
743.2 -74.79
743.6 -74.79
744.0 -73.02
744.4 -68.83
744.8 -75.06
745.2 -75.06
745.6 -71.13
746.0 -70.79
746.4 -71.13
746.8 -76.02
747.2 -72.83
747.6 -210.0
748.0 -73.38
748.4 -73.37
748.8 -71.35
749.2 -210.0
749.6 -210.0
750.0 -72.31
750.4 -71.47
750.8 -78.99
751.2 -71.09
751.6 -210.0
752.0 -72.78
752.4 -73.14
752.8 -69.42
753.2 -76.33
753.6 -70.4
754.0 -74.18
754.4 -210.0
754.8 -71.95
755.2 -68.72
755.6 -76.72
756.0 -71.79
756.4 -75.91
756.8 -71.51
757.2 -78.24
757.6 -69.7
758.0 -71.24
758.4 -73.25
758.8 -72.36
759.2 -72.19
759.6 -69.76
760.0 -70.63
760.4 -69.84
760.8 -71.46
761.2 -72.02
761.6 -77.61
762.0 -71.72
762.4 -68.64
762.8 -75.83
763.2 -71.31
763.6 -76.21
764.0 -71.84
764.4 -74.06
764.8 -71.55
765.2 -69.98
765.6 -75.47
766.0 -210.0
766.4 -74.04
766.8 -70.35
767.2 -74.03
767.6 -83.58
768.0 -72.43
768.4 -210.0
768.8 -71.94
769.2 -69.24
769.6 -74.26
770.0 -78.1
770.4 -80.53
770.8 -69.31
771.2 -210.0
771.6 -70.53
772.0 -71.49
772.4 -71.92
772.8 -69.92
773.2 -72.93
773.6 -73.32
774.0 -70.97
774.4 -69.13
774.8 -71.91
775.2 -69.55
775.6 -68.98
776.0 -72.55
776.4 -70.09
776.8 -71.21
777.2 -69.9
777.6 -72.72
778.0 -70.28
778.4 -75.05
778.8 -68.32
779.2 -69.53
779.6 -71.6
780.0 -68.51
780.4 -70.71
780.8 -73.08
781.2 -76.09
781.6 -70.58
782.0 -73.07
782.4 -69.25
782.8 -69.25
783.2 -70.57
783.6 -70.46
784.0 -76.94
784.4 -68.78
784.8 -71.16
785.2 -73.25
785.6 -70.68
786.0 -210.0
786.4 -73.46
786.8 -70.78
787.2 -73.68
787.6 -72.85
788.0 -69.22
788.4 -70.22
788.8 -73.67
789.2 -74.15
789.6 -68.97
790.0 -71.82
790.4 -70.32
790.8 -70.11
791.2 -69.62
791.6 -69.62
792.0 -77.98
792.4 -76.44
792.8 -71.65
793.2 -69.27
793.6 -70.86
794.0 -210.0
794.4 -68.09
794.8 -75.62
795.2 -72.1
795.6 -70.84
796.0 -69.78
796.4 -70.84
796.8 -71.49
797.2 -72.78
797.6 -69.24
798.0 -72.42
798.4 -68.53
798.8 -69.95
799.2 -70.05
799.6 -70.15
800.0 -210.0
800.4 -70.35
800.8 -68.89
801.2 -72.07
801.6 -74.62
802.0 -69.4
802.4 -69.66
802.8 -72.25
803.2 -71.62
803.6 -70.06
804.0 -67.11
804.4 -71.93
804.8 -69.25
805.2 -69.78
805.6 -69.69
806.0 -67.22
806.4 -65.14
806.8 -61.88
807.2 -58.03
807.6 -54.2
808.0 -52.57
808.4 -53.69
808.8 -54.32
809.2 -57.78
809.6 -65.26
810.0 -68.52
810.4 -71.98
810.8 -68.61
811.2 -71.02
811.6 -72.5
812.0 -71.04
812.4 -69.95
812.8 -68.86
813.2 -69.52
813.6 -73.96
814.0 -69.36
814.4 -71.34
814.8 -73.75
815.2 -71.48
815.6 -71.77
816.0 -71.11
816.4 -75.77
816.8 -76.15
817.2 -70.66
817.6 -78.8
818.0 -80.56
818.4 -210.0
818.8 -70.92
819.2 -70.28
819.6 -70.7
820.0 -70.1
820.4 -68.19
820.8 -71.61
821.2 -68.97
821.6 -70.16
822.0 -69.38
822.4 -70.81
822.8 -70.4
823.2 -71.44
823.6 -68.77
824.0 -69.46
824.4 -75.03
824.8 -69.11
825.2 -68.63
825.6 -71.05
826.0 -68.22
826.4 -70.34
826.8 -68.83
827.2 -70.28
827.6 -70.02
828.0 -68.61
828.4 -68.57
828.8 -69.56
829.2 -70.36
829.6 -70.09
830.0 -72.55
830.4 -69.9
830.8 -71.17
831.2 -71.09
831.6 -68.81
832.0 -70.73
832.4 -68.16
832.8 -70.5
833.2 -69.93
833.6 -70.85
834.0 -70.88
834.4 -69.79
834.8 -67.98
835.2 -68.95
835.6 -68.8
836.0 -68.83
836.4 -68.41
836.8 -71.08
837.2 -70.92
837.6 -71.34
838.0 -69.41
838.4 -69.31
838.8 -68.97
839.2 -68.61
839.6 -72.67
840.0 -72.05
840.4 -69.74
840.8 -67.44
841.2 -72.17
841.6 -69.54
842.0 -70.49
842.4 -69.8
842.8 -69.15
843.2 -69.94
843.6 -71.19
844.0 -69.53
844.4 -69.94
844.8 -68.63
845.2 -68.42
845.6 -68.52
846.0 -72.27
846.4 -72.27
846.8 -68.32
847.2 -67.71
847.6 -69.01
848.0 -70.0
848.4 -70.38
848.8 -69.32
849.2 -69.78
849.6 -69.38
850.0 -70.21
850.4 -68.11
850.8 -69.57
851.2 -69.17
851.6 -69.49
852.0 -68.99
852.4 -69.83
852.8 -69.68
853.2 -69.55
853.6 -68.13
854.0 -67.98
854.4 -69.15
854.8 -69.09
855.2 -68.27
855.6 -68.26
856.0 -69.87
856.4 -69.73
856.8 -67.66
857.2 -69.19
857.6 -68.61
858.0 -68.67
858.4 -69.85
858.8 -68.71
859.2 -68.39
859.6 -68.29
860.0 -68.82
860.4 -68.82
860.8 -69.04
861.2 -68.03
861.6 -69.61
862.0 -68.8
862.4 -68.63
862.8 -68.56
863.2 -68.9
863.6 -68.78
864.0 -67.76
864.4 -67.66
864.8 -69.38
865.2 -69.24
865.6 -68.22
866.0 -67.88
866.4 -68.26
866.8 -68.63
867.2 -67.77
867.6 -69.28
868.0 -68.09
868.4 -69.47
868.8 -67.48
869.2 -68.6
869.6 -69.33
870.0 -67.56
870.4 -68.21
870.8 -70.02
871.2 -68.98
871.6 -67.07
872.0 -68.73
872.4 -67.52
872.8 -68.39
873.2 -67.47
873.6 -67.72
874.0 -67.96
874.4 -67.71
874.8 -68.63
875.2 -68.4
875.6 -68.34
876.0 -67.12
876.4 -68.38
876.8 -67.41
877.2 -68.7
877.6 -67.27
878.0 -67.8
878.4 -68.52
878.8 -66.73
879.2 -67.63
879.6 -67.73
880.0 -67.77
880.4 -67.91
880.8 -67.96
881.2 -67.86
881.6 -67.27
882.0 -67.44
882.4 -68.1
882.8 -67.39
883.2 -65.88
883.6 -67.66
884.0 -68.54
884.4 -68.42
884.8 -70.01
885.2 -67.94
885.6 -67.79
886.0 -67.75
886.4 -69.14
886.8 -67.84
887.2 -69.77
887.6 -68.19
888.0 -68.13
888.4 -69.62
888.8 -66.91
889.2 -68.57
889.6 -67.69
890.0 -68.39
890.4 -68.34
890.8 -68.81
891.2 -69.4
891.6 -67.69
892.0 -68.88
892.4 -68.64
892.8 -68.83
893.2 -68.26
893.6 -71.22
894.0 -68.55
894.4 -68.16
894.8 -67.28
895.2 -67.78
895.6 -67.28
896.0 -68.08
896.4 -66.84
896.8 -67.56
897.2 -68.58
897.6 -67.94
898.0 -68.42
898.4 -68.1
898.8 -68.06
899.2 -67.07
899.6 -68.32
900.0 -68.38
900.4 -68.62
900.8 -68.3
901.2 -68.81
901.6 -69.12
902.0 -67.24
902.4 -69.2
902.8 -68.84
903.2 -68.85
903.6 -68.91
904.0 -67.95
904.4 -68.87
904.8 -66.58
905.2 -69.33
905.6 -67.36
906.0 -67.45
906.4 -67.72
906.8 -68.31
907.2 -67.0
907.6 -67.11
908.0 -67.94
908.4 -67.85
908.8 -67.91
909.2 -67.07
909.6 -68.11
910.0 -68.49
910.4 -68.45
910.8 -70.25
911.2 -69.16
911.6 -70.06
912.0 -67.97
912.4 -68.38
912.8 -68.35
913.2 -66.72
913.6 -67.28
914.0 -70.01
914.4 -66.63
914.8 -68.24
915.2 -69.58
915.6 -70.7
916.0 -69.88
916.4 -68.81
916.8 -69.39
917.2 -67.84
917.6 -71.04
918.0 -67.74
918.4 -68.15
918.8 -69.54
919.2 -68.42
919.6 -69.16
920.0 -68.6
920.4 -67.73
920.8 -68.45
921.2 -68.75
921.6 -70.12
922.0 -70.73
922.4 -68.33
922.8 -67.61
923.2 -70.48
923.6 -68.43
924.0 -68.83
924.4 -68.66
924.8 -68.01
925.2 -69.35
925.6 -69.54
926.0 -69.34
926.4 -69.09
926.8 -69.43
927.2 -68.41
927.6 -69.19
928.0 -69.16
928.4 -68.3
928.8 -69.41
929.2 -68.33
929.6 -68.79
930.0 -68.54
930.4 -70.39
930.8 -68.99
931.2 -70.56
931.6 -68.66
932.0 -69.36
932.4 -69.18
932.8 -69.56
933.2 -73.22
933.6 -68.82
934.0 -69.16
934.4 -69.53
934.8 -70.05
935.2 -70.98
935.6 -69.49
936.0 -69.83
936.4 -72.1
936.8 -70.65
937.2 -70.95
937.6 -71.65
938.0 -70.59
938.4 -69.8
938.8 -70.44
939.2 -71.65
939.6 -71.51
940.0 -70.21
940.4 -70.35
940.8 -69.29
941.2 -70.46
941.6 -70.36
942.0 -71.89
942.4 -69.21
942.8 -69.64
943.2 -71.43
943.6 -70.66
944.0 -69.13
944.4 -69.65
944.8 -70.98
945.2 -72.09
945.6 -69.91
946.0 -69.93
946.4 -70.6
946.8 -70.56
947.2 -70.16
947.6 -69.65
948.0 -72.25
948.4 -71.4
948.8 -72.82
949.2 -70.6
949.6 -70.3
950.0 -70.07
950.4 -73.3
950.8 -70.96
951.2 -72.04
951.6 -70.61
952.0 -70.17
952.4 -70.19
952.8 -70.46
953.2 -71.45
953.6 -70.35
954.0 -70.33
954.4 -70.65
954.8 -71.67
955.2 -71.13
955.6 -70.56
956.0 -70.73
956.4 -69.86
956.8 -71.9
957.2 -70.21
957.6 -70.97
958.0 -70.48
958.4 -71.01
958.8 -72.36
959.2 -71.51
959.6 -71.78
960.0 -70.54
960.4 -71.05
960.8 -71.29
961.2 -69.95
961.6 -71.67
962.0 -71.33
962.4 -70.35
962.8 -70.64
963.2 -70.9
963.6 -72.06
964.0 -70.92
964.4 -70.79
964.8 -73.14
965.2 -69.82
965.6 -69.79
966.0 -70.57
966.4 -69.49
966.8 -70.64
967.2 -72.19
967.6 -71.32
968.0 -70.68
968.4 -73.81
968.8 -70.53
969.2 -70.88
969.6 -71.67
970.0 -70.41
970.4 -70.68
970.8 -70.19
971.2 -70.9
971.6 -71.92
972.0 -71.82
972.4 -70.85
972.8 -71.8
973.2 -70.7
973.6 -71.39
974.0 -70.04
974.4 -70.84
974.8 -70.59
975.2 -69.87
975.6 -70.5
976.0 -70.04
976.4 -71.3
976.8 -70.5
977.2 -71.19
977.6 -72.03
978.0 -70.94
978.4 -73.66
978.8 -71.2
979.2 -71.82
979.6 -71.23
980.0 -71.43
980.4 -71.03
980.8 -70.91
981.2 -71.18
981.6 -71.29
982.0 -72.42
982.4 -73.79
982.8 -71.52
983.2 -70.33
983.6 -71.21
984.0 -71.0
984.4 -71.23
984.8 -72.56
985.2 -70.38
985.6 -70.63
986.0 -70.8
986.4 -70.94
986.8 -71.12
987.2 -71.0
987.6 -70.27
988.0 -71.03
988.4 -69.6
988.8 -71.14
989.2 -70.81
989.6 -70.19
990.0 -70.41
990.4 -70.18
990.8 -70.55
991.2 -69.78
991.6 -69.69
992.0 -69.83
992.4 -69.3
992.8 -69.64
993.2 -69.84
993.6 -69.6
994.0 -70.18
994.4 -69.42
994.8 -69.94
995.2 -69.79
995.6 -69.49
996.0 -69.73
996.4 -69.77
996.8 -69.9
997.2 -70.48
997.6 -70.08
998.0 -69.88
998.4 -69.4
998.8 -69.81
999.2 -69.79
999.6 -69.98
1000.0 -68.83
