600.0 -70.16
600.4 -69.68
600.8 -210.0
601.2 -210.0
601.6 -74.24
602.0 -210.0
602.4 -210.0
602.8 -76.53
603.2 -71.55
603.6 -72.9
604.0 -72.35
604.4 -69.23
604.8 -210.0
605.2 -77.48
605.6 -77.51
606.0 -69.61
606.4 -84.55
606.8 -69.39
607.2 -210.0
607.6 -71.4
608.0 -210.0
608.4 -210.0
608.8 -71.7
609.2 -70.92
609.6 -75.21
610.0 -70.0
610.4 -72.76
610.8 -210.0
611.2 -210.0
611.6 -74.88
612.0 -71.09
612.4 -70.45
612.8 -74.95
613.2 -72.92
613.6 -74.58
614.0 -78.99
614.4 -73.57
614.8 -210.0
615.2 -210.0
615.6 -71.3
616.0 -69.45
616.4 -210.0
616.8 -71.75
617.2 -210.0
617.6 -69.43
618.0 -210.0
618.4 -76.82
618.8 -210.0
619.2 -70.7
619.6 -75.35
620.0 -71.75
620.4 -210.0
620.8 -70.1
621.2 -75.45
621.6 -70.15
622.0 -70.72
622.4 -210.0
622.8 -77.09
623.2 -69.44
623.6 -210.0
624.0 -74.82
624.4 -210.0
624.8 -72.88
625.2 -79.67
625.6 -73.16
626.0 -69.95
626.4 -70.32
626.8 -73.01
627.2 -72.01
627.6 -71.53
628.0 -70.42
628.4 -70.21
628.8 -69.19
629.2 -210.0
629.6 -79.94
630.0 -74.23
630.4 -86.03
630.8 -75.26
631.2 -76.09
631.6 -74.07
632.0 -73.14
632.4 -73.17
632.8 -71.02
633.2 -73.45
633.6 -70.34
634.0 -70.26
634.4 -71.0
634.8 -70.9
635.2 -70.14
635.6 -68.92
636.0 -73.21
636.4 -69.65
636.8 -70.47
637.2 -73.3
637.6 -69.4
638.0 -72.78
638.4 -69.63
638.8 -72.17
639.2 -69.12
639.6 -70.68
640.0 -71.29
640.4 -70.98
640.8 -71.37
641.2 -71.53
641.6 -70.07
642.0 -69.36
642.4 -71.64
642.8 -73.99
643.2 -69.78
643.6 -69.82
644.0 -69.54
644.4 -69.21
644.8 -69.93
645.2 -68.57
645.6 -70.43
646.0 -68.82
646.4 -69.68
646.8 -69.87
647.2 -69.46
647.6 -68.29
648.0 -70.05
648.4 -68.52
648.8 -69.47
649.2 -68.02
649.6 -68.36
650.0 -69.76
650.4 -69.16
650.8 -68.12
651.2 -68.87
651.6 -70.22
652.0 -68.59
652.4 -68.71
652.8 -67.77
653.2 -67.22
653.6 -67.0
654.0 -69.01
654.4 -68.15
654.8 -68.41
655.2 -68.73
655.6 -68.73
656.0 -67.06
656.4 -68.42
656.8 -67.71
657.2 -67.85
657.6 -67.94
658.0 -68.98
658.4 -68.54
658.8 -68.14
659.2 -67.43
659.6 -68.14
660.0 -67.61
660.4 -68.15
660.8 -68.45
661.2 -68.2
661.6 -67.83
662.0 -67.48
662.4 -67.32
662.8 -68.2
663.2 -68.77
663.6 -67.36
664.0 -68.11
664.4 -67.92
664.8 -67.2
665.2 -67.96
665.6 -67.78
666.0 -67.87
666.4 -66.94
666.8 -67.92
667.2 -66.83
667.6 -67.53
668.0 -67.87
668.4 -66.9
668.8 -68.35
669.2 -67.09
669.6 -67.01
670.0 -67.27
670.4 -67.04
670.8 -67.14
671.2 -67.81
671.6 -68.81
672.0 -66.63
672.4 -66.84
672.8 -67.61
673.2 -68.02
673.6 -67.44
674.0 -67.04
674.4 -66.78
674.8 -66.92
675.2 -67.18
675.6 -67.51
676.0 -68.93
676.4 -66.83
676.8 -67.36
677.2 -66.9
677.6 -66.97
678.0 -67.97
678.4 -66.64
678.8 -67.1
679.2 -66.73
679.6 -67.86
680.0 -66.35
680.4 -67.25
680.8 -67.32
681.2 -67.28
681.6 -67.4
682.0 -66.62
682.4 -66.87
682.8 -66.98
683.2 -66.34
683.6 -66.85
684.0 -66.74
684.4 -67.19
684.8 -68.77
685.2 -66.31
685.6 -66.55
686.0 -66.75
686.4 -68.26
686.8 -66.78
687.2 -66.56
687.6 -66.62
688.0 -67.66
688.4 -66.47
688.8 -67.39
689.2 -66.82
689.6 -67.25
690.0 -66.85
690.4 -67.23
690.8 -66.91
691.2 -66.68
691.6 -65.85
692.0 -67.26
692.4 -66.21
692.8 -67.68
693.2 -66.99
693.6 -66.58
694.0 -65.63
694.4 -66.7
694.8 -66.93
695.2 -66.1
695.6 -66.44
696.0 -66.57
696.4 -66.64
696.8 -65.86
697.2 -67.35
697.6 -66.31
698.0 -66.84
698.4 -66.91
698.8 -66.12
699.2 -66.67
699.6 -66.11
700.0 -65.94
700.4 -67.04
700.8 -65.96
701.2 -65.95
701.6 -66.39
702.0 -66.38
702.4 -66.89
702.8 -66.26
703.2 -66.25
703.6 -67.76
704.0 -65.02
704.4 -68.15
704.8 -65.59
705.2 -65.83
705.6 -65.8
706.0 -65.79
706.4 -66.13
706.8 -66.6
707.2 -65.58
707.6 -65.52
708.0 -66.47
708.4 -66.0
708.8 -66.21
709.2 -64.76
709.6 -68.3
710.0 -66.02
710.4 -66.29
710.8 -65.24
711.2 -66.73
711.6 -65.67
712.0 -65.15
712.4 -65.8
712.8 -65.99
713.2 -65.66
713.6 -66.29
714.0 -65.88
714.4 -65.71
714.8 -65.74
715.2 -65.51
715.6 -66.3
716.0 -65.99
716.4 -65.56
716.8 -66.19
717.2 -65.34
717.6 -65.43
718.0 -65.45
718.4 -66.42
718.8 -65.98
719.2 -65.38
719.6 -66.41
720.0 -65.97
720.4 -66.63
720.8 -65.9
721.2 -66.17
721.6 -65.64
722.0 -66.06
722.4 -65.99
722.8 -65.81
723.2 -65.98
723.6 -65.43
724.0 -65.7
724.4 -65.39
724.8 -66.03
725.2 -66.2
725.6 -65.63
726.0 -66.3
726.4 -65.91
726.8 -65.77
727.2 -65.77
727.6 -66.08
728.0 -65.63
728.4 -65.29
728.8 -66.02
729.2 -65.19
729.6 -65.22
730.0 -65.67
730.4 -65.36
730.8 -65.93
731.2 -64.71
731.6 -65.0
732.0 -65.99
732.4 -65.65
732.8 -66.21
733.2 -65.45
733.6 -65.88
734.0 -65.78
734.4 -66.45
734.8 -65.35
735.2 -65.51
735.6 -66.1
736.0 -65.28
736.4 -66.72
736.8 -65.85
737.2 -64.98
737.6 -66.19
738.0 -65.17
738.4 -65.87
738.8 -65.22
739.2 -65.79
739.6 -65.31
740.0 -65.49
740.4 -65.49
740.8 -65.55
741.2 -65.45
741.6 -65.77
742.0 -65.45
742.4 -65.57
742.8 -66.38
743.2 -65.87
743.6 -65.66
744.0 -65.06
744.4 -65.12
744.8 -65.24
745.2 -64.81
745.6 -65.26
746.0 -66.44
746.4 -65.68
746.8 -65.54
747.2 -65.13
747.6 -66.64
748.0 -65.8
748.4 -65.46
748.8 -65.15
749.2 -65.09
749.6 -66.19
750.0 -66.03
750.4 -64.72
750.8 -65.31
751.2 -65.77
751.6 -65.56
752.0 -64.8
752.4 -64.74
752.8 -65.44
753.2 -64.42
753.6 -64.48
754.0 -66.28
754.4 -66.01
754.8 -65.26
755.2 -65.01
755.6 -65.38
756.0 -65.18
756.4 -65.09
756.8 -64.96
757.2 -65.02
757.6 -65.29
758.0 -65.22
758.4 -65.12
758.8 -66.22
759.2 -65.08
759.6 -65.39
760.0 -65.62
760.4 -66.2
760.8 -64.8
761.2 -64.88
761.6 -65.31
762.0 -65.3
762.4 -65.36
762.8 -65.8
763.2 -65.35
763.6 -65.13
764.0 -65.15
764.4 -64.49
764.8 -65.4
765.2 -65.11
765.6 -64.9
766.0 -64.89
766.4 -65.66
766.8 -65.45
767.2 -65.51
767.6 -64.41
768.0 -64.48
768.4 -64.43
768.8 -65.29
769.2 -64.61
769.6 -64.69
770.0 -65.03
770.4 -65.03
770.8 -65.28
771.2 -64.0
771.6 -65.84
772.0 -64.7
772.4 -64.96
772.8 -64.9
773.2 -64.7
773.6 -64.32
774.0 -64.6
774.4 -64.8
774.8 -64.49
775.2 -64.23
775.6 -64.92
776.0 -64.62
776.4 -64.05
776.8 -64.91
777.2 -64.82
777.6 -65.42
778.0 -64.9
778.4 -65.76
778.8 -64.99
779.2 -65.15
779.6 -64.67
780.0 -65.33
780.4 -64.77
780.8 -64.66
781.2 -64.8
781.6 -64.48
782.0 -64.85
782.4 -65.6
782.8 -64.79
783.2 -64.55
783.6 -64.08
784.0 -63.96
784.4 -64.61
784.8 -64.86
785.2 -64.27
785.6 -64.8
786.0 -65.61
786.4 -63.99
786.8 -64.73
787.2 -64.51
787.6 -64.42
788.0 -64.73
788.4 -64.78
788.8 -64.93
789.2 -63.93
789.6 -64.9
790.0 -64.17
790.4 -64.51
790.8 -63.89
791.2 -63.93
791.6 -64.79
792.0 -64.91
792.4 -64.03
792.8 -64.3
793.2 -64.38
793.6 -63.87
794.0 -64.43
794.4 -64.83
794.8 -64.32
795.2 -64.57
795.6 -65.04
796.0 -64.56
796.4 -64.82
796.8 -64.18
797.2 -65.39
797.6 -64.09
798.0 -64.44
798.4 -63.4
798.8 -63.93
799.2 -63.91
799.6 -64.45
800.0 -64.25
800.4 -63.99
800.8 -64.07
801.2 -64.68
801.6 -64.11
802.0 -64.4
802.4 -63.04
802.8 -64.19
803.2 -63.87
803.6 -64.52
804.0 -64.0
804.4 -63.93
804.8 -64.13
805.2 -64.05
805.6 -63.72
806.0 -61.94
806.4 -60.09
806.8 -57.22
807.2 -53.53
807.6 -49.45
808.0 -48.16
808.4 -49.08
808.8 -49.66
809.2 -53.65
809.6 -60.95
810.0 -62.94
810.4 -63.58
810.8 -63.2
811.2 -63.99
811.6 -63.44
812.0 -64.21
812.4 -63.43
812.8 -63.92
813.2 -64.12
813.6 -63.44
814.0 -64.39
814.4 -63.95
814.8 -63.61
815.2 -63.15
815.6 -64.09
816.0 -63.7
816.4 -63.62
816.8 -63.26
817.2 -64.05
817.6 -63.96
818.0 -63.55
818.4 -63.95
818.8 -63.93
819.2 -64.55
819.6 -63.87
820.0 -63.37
820.4 -63.84
820.8 -63.72
821.2 -63.52
821.6 -63.6
822.0 -63.85
822.4 -63.67
822.8 -63.73
823.2 -63.57
823.6 -64.16
824.0 -63.44
824.4 -63.68
824.8 -63.39
825.2 -63.67
825.6 -63.25
826.0 -62.93
826.4 -63.98
826.8 -63.43
827.2 -63.96
827.6 -63.03
828.0 -63.78
828.4 -63.41
828.8 -64.07
829.2 -63.09
829.6 -63.73
830.0 -63.76
830.4 -63.22
830.8 -63.19
831.2 -63.14
831.6 -63.32
832.0 -62.84
832.4 -63.32
832.8 -62.83
833.2 -62.97
833.6 -63.17
834.0 -62.95
834.4 -63.31
834.8 -62.52
835.2 -62.44
835.6 -62.99
836.0 -63.28
836.4 -62.75
836.8 -62.88
837.2 -63.3
837.6 -62.97
838.0 -62.79
838.4 -62.95
838.8 -63.12
839.2 -62.94
839.6 -63.75
840.0 -63.1
840.4 -63.52
840.8 -63.34
841.2 -63.23
841.6 -63.45
842.0 -62.88
842.4 -62.8
842.8 -62.87
843.2 -63.01
843.6 -62.47
844.0 -62.85
844.4 -62.67
844.8 -63.08
845.2 -62.64
845.6 -63.12
846.0 -62.53
846.4 -62.7
846.8 -63.03
847.2 -62.72
847.6 -62.72
848.0 -62.71
848.4 -62.53
848.8 -62.95
849.2 -62.98
849.6 -63.04
850.0 -63.04
850.4 -62.46
850.8 -62.44
851.2 -62.81
851.6 -62.46
852.0 -62.58
852.4 -62.66
852.8 -62.2
853.2 -63.23
853.6 -62.39
854.0 -62.29
854.4 -62.7
854.8 -62.3
855.2 -62.45
855.6 -62.37
856.0 -62.24
856.4 -62.47
856.8 -62.39
857.2 -62.61
857.6 -62.32
858.0 -62.36
858.4 -62.12
858.8 -62.02
859.2 -62.5
859.6 -62.78
860.0 -62.27
860.4 -61.92
860.8 -62.33
861.2 -61.99
861.6 -62.53
862.0 -62.18
862.4 -62.61
862.8 -62.07
863.2 -61.96
863.6 -62.14
864.0 -62.14
864.4 -62.13
864.8 -61.8
865.2 -61.67
865.6 -62.43
866.0 -62.41
866.4 -62.11
866.8 -61.94
867.2 -62.02
867.6 -62.19
868.0 -62.0
868.4 -61.92
868.8 -61.82
869.2 -61.84
869.6 -61.89
870.0 -62.09
870.4 -62.44
870.8 -62.13
871.2 -61.92
871.6 -62.38
872.0 -61.97
872.4 -61.84
872.8 -61.89
873.2 -61.78
873.6 -62.18
874.0 -62.12
874.4 -61.67
874.8 -62.37
875.2 -62.1
875.6 -61.87
876.0 -61.8
876.4 -61.64
876.8 -61.78
877.2 -61.77
877.6 -61.76
878.0 -61.97
878.4 -61.74
878.8 -61.91
879.2 -61.77
879.6 -61.68
880.0 -61.9
880.4 -61.82
880.8 -61.51
881.2 -61.78
881.6 -61.65
882.0 -61.72
882.4 -61.54
882.8 -61.59
883.2 -61.87
883.6 -61.46
884.0 -61.41
884.4 -61.35
884.8 -61.64
885.2 -61.41
885.6 -61.8
886.0 -61.53
886.4 -61.57
886.8 -61.56
887.2 -61.7
887.6 -61.71
888.0 -61.57
888.4 -62.01
888.8 -61.36
889.2 -61.44
889.6 -61.37
890.0 -61.73
890.4 -61.6
890.8 -61.23
891.2 -61.23
891.6 -61.29
892.0 -61.23
892.4 -61.08
892.8 -61.23
893.2 -61.32
893.6 -61.38
894.0 -61.37
894.4 -61.76
894.8 -61.52
895.2 -61.58
895.6 -60.99
896.0 -61.64
896.4 -61.28
896.8 -61.14
897.2 -61.23
897.6 -61.45
898.0 -60.93
898.4 -61.53
898.8 -61.36
899.2 -61.22
899.6 -60.9
900.0 -61.28
900.4 -61.43
900.8 -61.13
901.2 -61.13
901.6 -61.36
902.0 -60.94
902.4 -61.26
902.8 -61.0
903.2 -61.23
903.6 -61.04
904.0 -61.29
904.4 -60.88
904.8 -61.09
905.2 -61.19
905.6 -61.0
906.0 -61.18
906.4 -60.76
906.8 -61.06
907.2 -60.72
907.6 -61.01
908.0 -60.7
908.4 -60.83
908.8 -60.96
909.2 -60.75
909.6 -60.67
910.0 -60.76
910.4 -60.48
910.8 -60.73
911.2 -60.35
911.6 -60.38
912.0 -60.41
912.4 -60.31
912.8 -60.82
913.2 -60.44
913.6 -60.61
914.0 -60.46
914.4 -60.53
914.8 -60.52
915.2 -60.8
915.6 -60.2
916.0 -60.29
916.4 -60.7
916.8 -60.45
917.2 -60.43
917.6 -60.53
918.0 -60.26
918.4 -60.21
918.8 -60.29
919.2 -60.42
919.6 -60.05
920.0 -60.16
920.4 -60.11
920.8 -60.02
921.2 -60.24
921.6 -60.21
922.0 -60.02
922.4 -60.09
922.8 -60.24
923.2 -60.06
923.6 -59.99
924.0 -59.96
924.4 -59.93
924.8 -60.1
925.2 -59.89
925.6 -60.02
926.0 -59.77
926.4 -59.87
926.8 -59.81
927.2 -59.88
927.6 -59.79
928.0 -59.67
928.4 -59.83
928.8 -59.71
929.2 -59.62
929.6 -59.59
930.0 -59.55
930.4 -59.52
930.8 -59.71
931.2 -59.45
931.6 -59.54
932.0 -59.66
932.4 -59.29
932.8 -59.47
933.2 -59.52
933.6 -59.47
934.0 -59.51
934.4 -59.37
934.8 -59.45
935.2 -59.42
935.6 -59.4
936.0 -59.24
936.4 -59.29
936.8 -59.38
937.2 -59.41
937.6 -59.24
938.0 -59.04
938.4 -59.34
938.8 -59.43
939.2 -59.24
939.6 -59.11
940.0 -59.16
940.4 -59.16
940.8 -59.12
941.2 -59.21
941.6 -59.13
942.0 -59.32
942.4 -59.24
942.8 -59.08
943.2 -59.19
943.6 -59.26
944.0 -59.08
944.4 -58.96
944.8 -58.96
945.2 -59.09
945.6 -58.94
946.0 -58.73
946.4 -58.93
946.8 -58.81
947.2 -58.9
947.6 -58.98
948.0 -59.01
948.4 -58.93
948.8 -58.99
949.2 -58.74
949.6 -58.9
950.0 -58.76
950.4 -58.73
950.8 -58.55
951.2 -58.6
951.6 -58.91
952.0 -58.87
952.4 -58.65
952.8 -58.86
953.2 -58.89
953.6 -58.84
954.0 -58.79
954.4 -58.9
954.8 -58.79
955.2 -58.7
955.6 -58.72
956.0 -58.98
956.4 -58.82
956.8 -58.88
957.2 -58.78
957.6 -58.84
958.0 -58.79
958.4 -58.61
958.8 -58.62
959.2 -58.7
959.6 -58.74
960.0 -58.54
960.4 -58.56
960.8 -58.62
961.2 -58.62
961.6 -58.32
962.0 -58.39
962.4 -58.23
962.8 -58.32
963.2 -58.27
963.6 -58.42
964.0 -58.22
964.4 -58.33
964.8 -58.3
965.2 -58.01
965.6 -58.19
966.0 -58.14
966.4 -58.12
966.8 -58.14
967.2 -58.19
967.6 -57.99
968.0 -58.11
968.4 -58.26
968.8 -58.3
969.2 -58.06
969.6 -58.22
970.0 -58.14
970.4 -58.19
970.8 -58.17
971.2 -58.2
971.6 -58.32
972.0 -58.16
972.4 -58.31
972.8 -58.24
973.2 -58.5
973.6 -58.29
974.0 -58.32
974.4 -58.48
974.8 -58.29
975.2 -58.47
975.6 -58.48
976.0 -58.57
976.4 -58.48
976.8 -58.41
977.2 -58.58
977.6 -58.57
978.0 -58.65
978.4 -58.63
978.8 -58.6
979.2 -58.68
979.6 -58.71
980.0 -58.75
980.4 -58.77
980.8 -58.68
981.2 -58.59
981.6 -58.69
982.0 -58.56
982.4 -58.46
982.8 -58.35
983.2 -58.34
983.6 -58.14
984.0 -58.33
984.4 -58.26
984.8 -58.19
985.2 -58.11
985.6 -58.24
986.0 -58.16
986.4 -58.16
986.8 -58.02
987.2 -57.96
987.6 -57.94
988.0 -57.89
988.4 -57.84
988.8 -57.7
989.2 -57.81
989.6 -57.68
990.0 -57.71
990.4 -57.74
990.8 -57.65
991.2 -57.49
991.6 -57.56
992.0 -57.59
992.4 -57.59
992.8 -57.51
993.2 -57.45
993.6 -57.55
994.0 -57.56
994.4 -57.5
994.8 -57.52
995.2 -57.57
995.6 -57.54
996.0 -57.61
996.4 -57.47
996.8 -57.57
997.2 -57.68
997.6 -57.44
998.0 -57.64
998.4 -57.72
998.8 -57.7
999.2 -57.72
999.6 -57.66
1000.0 -57.68
