600.0 -210.0
600.4 -210.0
600.8 -70.76
601.2 -210.0
601.6 -210.0
602.0 -210.0
602.4 -210.0
602.8 -210.0
603.2 -210.0
603.6 -210.0
604.0 -210.0
604.4 -73.62
604.8 -210.0
605.2 -75.43
605.6 -210.0
606.0 -81.52
606.4 -210.0
606.8 -72.02
607.2 -210.0
607.6 -84.63
608.0 -73.86
608.4 -210.0
608.8 -71.7
609.2 -70.41
609.6 -76.3
610.0 -73.01
610.4 -210.0
610.8 -74.03
611.2 -70.07
611.6 -74.88
612.0 -71.89
612.4 -71.12
612.8 -210.0
613.2 -210.0
613.6 -78.97
614.0 -80.24
614.4 -70.89
614.8 -82.06
615.2 -77.3
615.6 -210.0
616.0 -72.35
616.4 -75.16
616.8 -69.26
617.2 -210.0
617.6 -210.0
618.0 -75.71
618.4 -75.73
618.8 -75.75
619.2 -72.1
619.6 -210.0
620.0 -210.0
620.4 -210.0
620.8 -76.96
621.2 -71.3
621.6 -73.7
622.0 -74.7
622.4 -210.0
622.8 -210.0
623.2 -210.0
623.6 -210.0
624.0 -71.81
624.4 -69.96
624.8 -210.0
625.2 -76.66
625.6 -72.71
626.0 -74.28
626.4 -210.0
626.8 -70.48
627.2 -76.27
627.6 -210.0
628.0 -74.1
628.4 -210.0
628.8 -74.15
629.2 -210.0
629.6 -210.0
630.0 -210.0
630.4 -72.22
630.8 -73.5
631.2 -210.0
631.6 -72.69
632.0 -210.0
632.4 -210.0
632.8 -71.29
633.2 -73.93
633.6 -70.02
634.0 -71.37
634.4 -72.34
634.8 -77.31
635.2 -77.92
635.6 -74.1
636.0 -78.65
636.4 -75.67
636.8 -210.0
637.2 -210.0
637.6 -74.79
638.0 -79.6
638.4 -79.63
638.8 -77.61
639.2 -210.0
639.6 -74.15
640.0 -73.73
640.4 -78.32
640.8 -83.81
641.2 -69.36
641.6 -69.98
642.0 -79.93
642.4 -75.82
642.8 -72.68
643.2 -77.03
643.6 -81.04
644.0 -70.97
644.4 -70.9
644.8 -77.18
645.2 -75.16
645.6 -73.1
646.0 -71.71
646.4 -72.4
646.8 -78.32
647.2 -76.97
647.6 -69.79
648.0 -69.67
648.4 -76.36
648.8 -69.47
649.2 -71.77
649.6 -75.3
650.0 -82.84
650.4 -69.98
650.8 -80.63
651.2 -70.3
651.6 -210.0
652.0 -74.84
652.4 -72.32
652.8 -73.32
653.2 -72.45
653.6 -69.79
654.0 -70.74
654.4 -72.2
654.8 -75.89
655.2 -72.21
655.6 -69.39
656.0 -70.85
656.4 -71.13
656.8 -70.51
657.2 -70.69
657.6 -72.76
658.0 -70.77
658.4 -70.35
658.8 -69.76
659.2 -72.0
659.6 -72.12
660.0 -73.22
660.4 -69.99
660.8 -73.07
661.2 -71.07
661.6 -72.92
662.0 -71.36
662.4 -71.46
662.8 -73.38
663.2 -69.5
663.6 -73.72
664.0 -70.45
664.4 -70.45
664.8 -71.26
665.2 -70.62
665.6 -71.07
666.0 -70.79
666.4 -71.9
666.8 -70.88
667.2 -73.72
667.6 -72.13
668.0 -70.29
668.4 -70.45
668.8 -72.51
669.2 -70.62
669.6 -70.79
670.0 -69.62
670.4 -70.13
670.8 -73.87
671.2 -70.12
671.6 -70.04
672.0 -70.34
672.4 -71.64
672.8 -75.89
673.2 -70.5
673.6 -74.87
674.0 -72.46
674.4 -68.3
674.8 -72.45
675.2 -69.71
675.6 -72.86
676.0 -71.19
676.4 -72.44
676.8 -71.59
677.2 -71.7
677.6 -74.0
678.0 -69.15
678.4 -70.62
678.8 -68.67
679.2 -72.97
679.6 -71.57
680.0 -71.56
680.4 -69.13
680.8 -71.78
681.2 -73.1
681.6 -70.41
682.0 -71.64
682.4 -73.08
682.8 -70.56
683.2 -70.73
683.6 -69.61
684.0 -69.21
684.4 -69.89
684.8 -70.04
685.2 -70.44
685.6 -71.28
686.0 -68.99
686.4 -70.69
686.8 -67.91
687.2 -69.57
687.6 -72.17
688.0 -68.91
688.4 -69.48
688.8 -69.15
689.2 -69.14
689.6 -70.65
690.0 -68.26
690.4 -77.03
690.8 -68.1
691.2 -69.51
691.6 -70.71
692.0 -75.12
692.4 -69.35
692.8 -70.01
693.2 -70.97
693.6 -68.48
694.0 -69.91
694.4 -70.06
694.8 -70.57
695.2 -71.69
695.6 -68.92
696.0 -72.89
696.4 -72.04
696.8 -69.36
697.2 -70.19
697.6 -68.54
698.0 -70.18
698.4 -69.47
698.8 -73.9
699.2 -68.51
699.6 -72.4
700.0 -69.67
700.4 -71.5
700.8 -70.48
701.2 -69.16
701.6 -70.56
702.0 -69.57
702.4 -69.94
702.8 -70.28
703.2 -70.18
703.6 -69.62
704.0 -69.76
704.4 -69.6
704.8 -68.6
705.2 -70.24
705.6 -69.67
706.0 -68.83
706.4 -70.3
706.8 -70.3
707.2 -68.87
707.6 -71.07
708.0 -71.39
708.4 -70.55
708.8 -69.25
709.2 -69.17
709.6 -69.31
710.0 -68.83
710.4 -68.23
710.8 -69.22
711.2 -68.69
711.6 -69.43
712.0 -68.16
712.4 -69.14
712.8 -69.34
713.2 -67.88
713.6 -69.87
714.0 -69.63
714.4 -68.65
714.8 -68.78
715.2 -69.54
715.6 -69.24
716.0 -68.06
716.4 -69.45
716.8 -68.82
717.2 -68.88
717.6 -70.35
718.0 -68.94
718.4 -68.94
718.8 -67.92
719.2 -68.73
719.6 -69.73
720.0 -70.32
720.4 -68.07
720.8 -68.46
721.2 -69.04
721.6 -67.4
722.0 -68.1
722.4 -67.29
722.8 -69.02
723.2 -68.44
723.6 -68.82
724.0 -69.37
724.4 -69.45
724.8 -69.21
725.2 -68.36
725.6 -66.91
726.0 -68.35
726.4 -69.5
726.8 -68.34
727.2 -69.57
727.6 -68.98
728.0 -71.28
728.4 -69.89
728.8 -67.51
729.2 -71.51
729.6 -69.17
730.0 -69.46
730.4 -71.26
730.8 -68.24
731.2 -68.74
731.6 -70.03
732.0 -67.53
732.4 -67.89
732.8 -71.36
733.2 -68.28
733.6 -69.59
734.0 -69.13
734.4 -68.78
734.8 -68.58
735.2 -68.15
735.6 -68.2
736.0 -67.6
736.4 -70.16
736.8 -68.89
737.2 -68.62
737.6 -67.53
738.0 -69.47
738.4 -68.95
738.8 -70.63
739.2 -69.46
739.6 -68.54
740.0 -67.03
740.4 -67.08
740.8 -68.34
741.2 -69.06
741.6 -70.12
742.0 -67.65
742.4 -67.65
742.8 -68.38
743.2 -69.76
743.6 -68.71
744.0 -67.79
744.4 -68.5
744.8 -67.63
745.2 -69.19
745.6 -68.75
746.0 -67.68
746.4 -66.69
746.8 -68.18
747.2 -67.46
747.6 -68.48
748.0 -68.61
748.4 -69.47
748.8 -66.88
749.2 -68.1
749.6 -68.87
750.0 -67.75
750.4 -68.21
750.8 -66.36
751.2 -68.78
751.6 -69.06
752.0 -67.51
752.4 -67.89
752.8 -68.89
753.2 -68.11
753.6 -67.98
754.0 -68.41
754.4 -66.86
754.8 -67.97
755.2 -67.13
755.6 -69.47
756.0 -70.79
756.4 -68.78
756.8 -70.07
757.2 -67.25
757.6 -67.76
758.0 -68.56
758.4 -67.87
758.8 -68.16
759.2 -70.04
759.6 -67.22
760.0 -66.57
760.4 -67.07
760.8 -68.45
761.2 -67.51
761.6 -68.72
762.0 -66.64
762.4 -66.07
762.8 -67.54
763.2 -68.17
763.6 -67.08
764.0 -69.37
764.4 -67.81
764.8 -69.05
765.2 -67.85
765.6 -66.39
766.0 -66.3
766.4 -67.05
766.8 -67.45
767.2 -69.18
767.6 -67.29
768.0 -68.0
768.4 -67.94
768.8 -67.27
769.2 -67.7
769.6 -68.57
770.0 -68.17
770.4 -69.23
770.8 -67.75
771.2 -68.56
771.6 -66.51
772.0 -67.79
772.4 -67.79
772.8 -66.91
773.2 -67.62
773.6 -66.81
774.0 -67.67
774.4 -67.78
774.8 -68.02
775.2 -66.95
775.6 -66.76
776.0 -67.28
776.4 -66.53
776.8 -67.03
777.2 -67.08
777.6 -68.46
778.0 -68.73
778.4 -67.94
778.8 -66.69
779.2 -67.48
779.6 -66.56
780.0 -67.16
780.4 -66.92
780.8 -67.31
781.2 -67.16
781.6 -70.47
782.0 -67.52
782.4 -67.05
782.8 -66.5
783.2 -68.49
783.6 -66.8
784.0 -67.51
784.4 -66.19
784.8 -65.79
785.2 -67.96
785.6 -67.55
786.0 -67.13
786.4 -66.17
786.8 -67.07
787.2 -66.73
787.6 -66.21
788.0 -67.6
788.4 -66.59
788.8 -67.59
789.2 -67.65
789.6 -67.01
790.0 -67.99
790.4 -67.47
790.8 -64.86
791.2 -67.68
791.6 -67.4
792.0 -66.39
792.4 -66.89
792.8 -66.84
793.2 -66.74
793.6 -65.42
794.0 -67.22
794.4 -67.66
794.8 -66.73
795.2 -65.81
795.6 -67.43
796.0 -66.03
796.4 -65.84
796.8 -66.63
797.2 -66.27
797.6 -67.76
798.0 -66.71
798.4 -65.42
798.8 -65.45
799.2 -66.09
799.6 -65.52
800.0 -67.86
800.4 -65.51
800.8 -66.0
801.2 -67.41
801.6 -66.39
802.0 -66.39
802.4 -66.8
802.8 -65.68
803.2 -66.06
803.6 -66.85
804.0 -66.11
804.4 -66.07
804.8 -67.48
805.2 -67.77
805.6 -66.29
806.0 -63.91
806.4 -62.7
806.8 -58.84
807.2 -55.11
807.6 -51.18
808.0 -49.76
808.4 -50.91
808.8 -51.26
809.2 -54.82
809.6 -62.95
810.0 -65.34
810.4 -65.06
810.8 -65.39
811.2 -67.54
811.6 -65.76
812.0 -65.99
812.4 -66.4
812.8 -66.86
813.2 -66.42
813.6 -65.91
814.0 -65.24
814.4 -65.81
814.8 -66.45
815.2 -66.08
815.6 -66.63
816.0 -65.66
816.4 -65.6
816.8 -65.36
817.2 -65.21
817.6 -67.83
818.0 -67.19
818.4 -66.14
818.8 -65.6
819.2 -66.12
819.6 -66.36
820.0 -65.67
820.4 -65.93
820.8 -68.47
821.2 -65.67
821.6 -66.57
822.0 -66.79
822.4 -66.95
822.8 -65.09
823.2 -67.62
823.6 -65.94
824.0 -65.55
824.4 -65.52
824.8 -66.69
825.2 -66.78
825.6 -66.47
826.0 -67.03
826.4 -66.16
826.8 -66.94
827.2 -66.34
827.6 -65.59
828.0 -65.76
828.4 -67.0
828.8 -66.59
829.2 -65.81
829.6 -67.0
830.0 -66.73
830.4 -65.27
830.8 -65.95
831.2 -65.78
831.6 -65.8
832.0 -65.55
832.4 -65.77
832.8 -66.36
833.2 -67.0
833.6 -66.87
834.0 -65.79
834.4 -66.11
834.8 -64.66
835.2 -65.42
835.6 -64.93
836.0 -65.56
836.4 -65.19
836.8 -66.41
837.2 -65.22
837.6 -64.83
838.0 -65.18
838.4 -65.49
838.8 -65.14
839.2 -65.37
839.6 -65.34
840.0 -64.81
840.4 -65.11
840.8 -65.11
841.2 -65.28
841.6 -65.48
842.0 -65.16
842.4 -65.05
842.8 -64.85
843.2 -65.58
843.6 -65.47
844.0 -65.6
844.4 -65.42
844.8 -65.16
845.2 -65.31
845.6 -64.84
846.0 -64.88
846.4 -64.88
846.8 -65.24
847.2 -65.64
847.6 -64.65
848.0 -65.38
848.4 -64.32
848.8 -64.67
849.2 -64.07
849.6 -64.85
850.0 -64.8
850.4 -65.0
850.8 -64.17
851.2 -65.3
851.6 -65.26
852.0 -64.74
852.4 -65.11
852.8 -63.77
853.2 -64.84
853.6 -64.31
854.0 -64.61
854.4 -64.46
854.8 -64.18
855.2 -64.77
855.6 -64.6
856.0 -64.39
856.4 -64.8
856.8 -64.33
857.2 -64.7
857.6 -63.92
858.0 -64.49
858.4 -64.31
858.8 -64.19
859.2 -64.33
859.6 -64.43
860.0 -64.2
860.4 -64.12
860.8 -64.06
861.2 -63.96
861.6 -64.01
862.0 -64.03
862.4 -64.14
862.8 -64.54
863.2 -64.21
863.6 -64.34
864.0 -64.45
864.4 -63.6
864.8 -64.11
865.2 -63.91
865.6 -64.56
866.0 -63.67
866.4 -63.77
866.8 -64.37
867.2 -64.04
867.6 -64.06
868.0 -63.63
868.4 -64.03
868.8 -63.98
869.2 -64.26
869.6 -64.02
870.0 -64.11
870.4 -64.14
870.8 -63.85
871.2 -63.38
871.6 -63.79
872.0 -63.93
872.4 -64.05
872.8 -63.8
873.2 -64.02
873.6 -63.84
874.0 -63.36
874.4 -63.59
874.8 -63.72
875.2 -63.88
875.6 -63.38
876.0 -63.38
876.4 -63.37
876.8 -63.34
877.2 -64.17
877.6 -63.23
878.0 -63.83
878.4 -63.01
878.8 -63.57
879.2 -63.56
879.6 -63.6
880.0 -63.27
880.4 -63.7
880.8 -63.24
881.2 -63.17
881.6 -63.21
882.0 -63.34
882.4 -63.1
882.8 -63.25
883.2 -63.8
883.6 -63.47
884.0 -63.33
884.4 -63.56
884.8 -63.27
885.2 -63.34
885.6 -63.37
886.0 -63.22
886.4 -63.25
886.8 -63.36
887.2 -62.9
887.6 -63.43
888.0 -63.03
888.4 -63.31
888.8 -63.0
889.2 -62.87
889.6 -63.04
890.0 -63.12
890.4 -63.17
890.8 -62.61
891.2 -63.31
891.6 -63.47
892.0 -63.52
892.4 -63.43
892.8 -63.4
893.2 -63.11
893.6 -63.49
894.0 -63.43
894.4 -62.95
894.8 -63.46
895.2 -63.4
895.6 -63.28
896.0 -63.08
896.4 -62.93
896.8 -63.34
897.2 -62.94
897.6 -62.85
898.0 -62.89
898.4 -63.11
898.8 -62.77
899.2 -63.16
899.6 -62.81
900.0 -63.67
900.4 -62.91
900.8 -62.72
901.2 -63.41
901.6 -63.33
902.0 -63.14
902.4 -62.93
902.8 -62.79
903.2 -63.03
903.6 -62.95
904.0 -62.83
904.4 -63.22
904.8 -62.82
905.2 -62.84
905.6 -63.16
906.0 -63.24
906.4 -62.85
906.8 -62.84
907.2 -63.14
907.6 -62.72
908.0 -62.73
908.4 -62.69
908.8 -62.97
909.2 -62.64
909.6 -62.58
910.0 -62.49
910.4 -63.1
910.8 -63.02
911.2 -62.93
911.6 -62.82
912.0 -62.48
912.4 -62.46
912.8 -62.57
913.2 -62.07
913.6 -62.72
914.0 -62.81
914.4 -62.82
914.8 -62.91
915.2 -62.75
915.6 -62.79
916.0 -62.74
916.4 -62.79
916.8 -62.77
917.2 -62.52
917.6 -62.76
918.0 -63.04
918.4 -62.9
918.8 -62.51
919.2 -62.81
919.6 -62.8
920.0 -62.71
920.4 -62.87
920.8 -62.68
921.2 -62.48
921.6 -62.65
922.0 -62.94
922.4 -62.84
922.8 -62.38
923.2 -62.31
923.6 -62.74
924.0 -62.23
924.4 -62.38
924.8 -62.49
925.2 -62.56
925.6 -62.51
926.0 -62.76
926.4 -62.69
926.8 -62.49
927.2 -62.31
927.6 -62.33
928.0 -62.56
928.4 -62.5
928.8 -62.46
929.2 -62.4
929.6 -62.39
930.0 -62.15
930.4 -62.03
930.8 -62.16
931.2 -62.19
931.6 -62.33
932.0 -62.17
932.4 -62.06
932.8 -62.38
933.2 -62.43
933.6 -62.4
934.0 -62.6
934.4 -62.2
934.8 -62.34
935.2 -62.45
935.6 -62.52
936.0 -62.17
936.4 -62.42
936.8 -62.12
937.2 -62.41
937.6 -62.62
938.0 -62.31
938.4 -62.4
938.8 -62.2
939.2 -62.1
939.6 -62.71
940.0 -62.43
940.4 -62.4
940.8 -62.81
941.2 -62.4
941.6 -62.39
942.0 -62.57
942.4 -62.41
942.8 -62.24
943.2 -62.06
943.6 -62.3
944.0 -62.39
944.4 -62.28
944.8 -62.01
945.2 -62.05
945.6 -62.13
946.0 -62.06
946.4 -62.05
946.8 -62.13
947.2 -62.19
947.6 -62.13
948.0 -62.22
948.4 -62.11
948.8 -62.3
949.2 -62.16
949.6 -62.07
950.0 -62.22
950.4 -62.26
950.8 -62.17
951.2 -62.21
951.6 -61.96
952.0 -62.15
952.4 -62.21
952.8 -62.16
953.2 -62.26
953.6 -62.09
954.0 -62.24
954.4 -62.06
954.8 -62.03
955.2 -61.94
955.6 -62.17
956.0 -62.02
956.4 -61.88
956.8 -62.29
957.2 -62.4
957.6 -62.12
958.0 -62.14
958.4 -62.35
958.8 -62.1
959.2 -61.82
959.6 -61.92
960.0 -61.98
960.4 -62.13
960.8 -61.95
961.2 -61.9
961.6 -62.0
962.0 -61.85
962.4 -61.86
962.8 -61.56
963.2 -61.72
963.6 -61.52
964.0 -61.73
964.4 -61.66
964.8 -61.72
965.2 -61.63
965.6 -61.34
966.0 -61.3
966.4 -61.76
966.8 -61.73
967.2 -61.65
967.6 -61.76
968.0 -61.92
968.4 -61.58
968.8 -61.68
969.2 -61.86
969.6 -61.72
970.0 -61.73
970.4 -61.83
970.8 -61.9
971.2 -61.77
971.6 -61.98
972.0 -61.88
972.4 -61.85
972.8 -62.06
973.2 -62.14
973.6 -61.76
974.0 -62.04
974.4 -62.08
974.8 -62.11
975.2 -61.86
975.6 -62.15
976.0 -62.14
976.4 -62.13
976.8 -62.14
977.2 -62.24
977.6 -62.12
978.0 -62.26
978.4 -62.25
978.8 -62.29
979.2 -62.45
979.6 -62.18
980.0 -62.16
980.4 -62.09
980.8 -62.22
981.2 -62.31
981.6 -62.16
982.0 -61.95
982.4 -61.96
982.8 -61.88
983.2 -62.16
983.6 -61.99
984.0 -61.97
984.4 -61.98
984.8 -61.98
985.2 -61.79
985.6 -61.79
986.0 -61.6
986.4 -61.75
986.8 -61.58
987.2 -61.6
987.6 -61.55
988.0 -61.49
988.4 -61.49
988.8 -61.48
989.2 -61.41
989.6 -61.31
990.0 -61.32
990.4 -61.33
990.8 -61.33
991.2 -61.35
991.6 -61.16
992.0 -61.15
992.4 -61.01
992.8 -61.2
993.2 -61.12
993.6 -61.26
994.0 -61.26
994.4 -61.11
994.8 -61.21
995.2 -61.15
995.6 -61.12
996.0 -61.15
996.4 -61.16
996.8 -61.29
997.2 -61.05
997.6 -61.23
998.0 -61.06
998.4 -61.13
998.8 -61.11
999.2 -61.05
999.6 -61.1
1000.0 -61.21
