600.0 -75.1
600.4 -210.0
600.8 -81.18
601.2 -70.06
601.6 -210.0
602.0 -69.95
602.4 -210.0
602.8 -210.0
603.2 -210.0
603.6 -210.0
604.0 -72.63
604.4 -74.0
604.8 -210.0
605.2 -210.0
605.6 -81.49
606.0 -70.72
606.4 -84.55
606.8 -210.0
607.2 -71.59
607.6 -70.48
608.0 -71.23
608.4 -210.0
608.8 -70.39
609.2 -70.75
609.6 -73.62
610.0 -71.99
610.4 -210.0
610.8 -68.2
611.2 -73.38
611.6 -81.87
612.0 -71.47
612.4 -81.92
612.8 -74.15
613.2 -71.54
613.6 -210.0
614.0 -74.22
614.4 -210.0
614.8 -77.28
615.2 -210.0
615.6 -73.06
616.0 -210.0
616.4 -69.03
616.8 -73.13
617.2 -70.89
617.6 -68.6
618.0 -70.78
618.4 -73.81
618.8 -71.49
619.2 -210.0
619.6 -73.88
620.0 -73.32
620.4 -74.26
620.8 -73.37
621.2 -73.98
621.6 -70.41
622.0 -71.02
622.4 -68.89
622.8 -74.41
623.2 -71.95
623.6 -70.68
624.0 -74.82
624.4 -77.19
624.8 -72.44
625.2 -73.65
625.6 -70.27
626.0 -72.32
626.4 -69.33
626.8 -69.77
627.2 -70.76
627.6 -70.16
628.0 -71.39
628.4 -72.09
628.8 -73.87
629.2 -78.95
629.6 -81.19
630.0 -71.68
630.4 -69.9
630.8 -70.61
631.2 -68.76
631.6 -69.58
632.0 -70.7
632.4 -72.37
632.8 -70.64
633.2 -70.67
633.6 -70.23
634.0 -70.26
634.4 -72.17
634.8 -68.94
635.2 -69.47
635.6 -71.09
636.0 -70.2
636.4 -71.69
636.8 -68.11
637.2 -70.5
637.6 -70.87
638.0 -72.61
638.4 -68.76
638.8 -71.08
639.2 -74.63
639.6 -68.38
640.0 -70.4
640.4 -70.98
640.8 -68.62
641.2 -71.05
641.6 -70.35
642.0 -68.65
642.4 -71.16
642.8 -67.75
643.2 -68.9
643.6 -68.87
644.0 -69.39
644.4 -67.5
644.8 -68.85
645.2 -67.86
645.6 -66.91
646.0 -68.7
646.4 -69.76
646.8 -68.06
647.2 -68.87
647.6 -66.97
648.0 -67.04
648.4 -66.42
648.8 -71.41
649.2 -68.32
649.6 -69.54
650.0 -68.81
650.4 -68.17
650.8 -69.42
651.2 -68.76
651.6 -67.33
652.0 -67.8
652.4 -67.55
652.8 -67.18
653.2 -67.26
653.6 -68.67
654.0 -68.01
654.4 -70.32
654.8 -68.79
655.2 -67.92
655.6 -67.4
656.0 -67.75
656.4 -67.58
656.8 -67.71
657.2 -67.94
657.6 -67.26
658.0 -67.34
658.4 -67.42
658.8 -67.19
659.2 -66.86
659.6 -67.23
660.0 -66.94
660.4 -67.57
660.8 -67.53
661.2 -66.73
661.6 -68.35
662.0 -67.36
662.4 -67.48
662.8 -66.76
663.2 -67.74
663.6 -66.62
664.0 -67.28
664.4 -67.44
664.8 -67.01
665.2 -67.24
665.6 -68.2
666.0 -67.01
666.4 -67.2
666.8 -66.8
667.2 -66.9
667.6 -67.28
668.0 -68.25
668.4 -65.6
668.8 -67.65
669.2 -66.36
669.6 -66.36
670.0 -66.29
670.4 -66.86
670.8 -65.77
671.2 -65.97
671.6 -66.0
672.0 -67.13
672.4 -66.95
672.8 -66.29
673.2 -67.66
673.6 -67.49
674.0 -65.8
674.4 -66.34
674.8 -66.05
675.2 -66.05
675.6 -66.27
676.0 -66.35
676.4 -66.49
676.8 -66.28
677.2 -66.58
677.6 -67.12
678.0 -67.07
678.4 -65.9
678.8 -66.01
679.2 -67.47
679.6 -65.69
680.0 -66.38
680.4 -66.65
680.8 -67.28
681.2 -66.5
681.6 -66.17
682.0 -66.69
682.4 -66.25
682.8 -66.15
683.2 -66.75
683.6 -66.53
684.0 -65.23
684.4 -65.85
684.8 -65.91
685.2 -65.67
685.6 -66.12
686.0 -67.13
686.4 -66.2
686.8 -66.13
687.2 -65.22
687.6 -65.72
688.0 -66.45
688.4 -66.05
688.8 -65.63
689.2 -65.11
689.6 -65.91
690.0 -66.06
690.4 -65.71
690.8 -66.34
691.2 -65.91
691.6 -65.94
692.0 -66.74
692.4 -66.24
692.8 -65.86
693.2 -65.82
693.6 -66.61
694.0 -65.3
694.4 -66.11
694.8 -65.68
695.2 -66.27
695.6 -66.01
696.0 -65.43
696.4 -66.02
696.8 -66.32
697.2 -65.95
697.6 -65.44
698.0 -66.62
698.4 -65.99
698.8 -65.62
699.2 -65.5
699.6 -65.82
700.0 -65.88
700.4 -65.53
700.8 -66.58
701.2 -65.16
701.6 -64.61
702.0 -65.34
702.4 -65.84
702.8 -65.2
703.2 -65.73
703.6 -66.36
704.0 -65.18
704.4 -65.68
704.8 -66.98
705.2 -66.02
705.6 -65.89
706.0 -65.85
706.4 -66.07
706.8 -65.87
707.2 -64.99
707.6 -64.99
708.0 -65.04
708.4 -65.59
708.8 -64.77
709.2 -64.99
709.6 -65.1
710.0 -65.45
710.4 -65.17
710.8 -65.62
711.2 -65.68
711.6 -67.22
712.0 -65.09
712.4 -65.49
712.8 -65.0
713.2 -64.77
713.6 -65.47
714.0 -64.42
714.4 -65.87
714.8 -64.68
715.2 -65.14
715.6 -65.28
716.0 -65.7
716.4 -65.15
716.8 -64.99
717.2 -65.49
717.6 -65.65
718.0 -65.28
718.4 -64.74
718.8 -64.96
719.2 -65.21
719.6 -64.73
720.0 -65.91
720.4 -64.9
720.8 -66.0
721.2 -65.51
721.6 -66.14
722.0 -65.56
722.4 -64.8
722.8 -64.63
723.2 -64.87
723.6 -64.92
724.0 -64.94
724.4 -64.86
724.8 -65.92
725.2 -64.39
725.6 -64.82
726.0 -64.56
726.4 -64.76
726.8 -64.37
727.2 -65.45
727.6 -65.33
728.0 -65.32
728.4 -65.12
728.8 -65.0
729.2 -65.53
729.6 -65.53
730.0 -65.13
730.4 -64.44
730.8 -66.14
731.2 -65.66
731.6 -65.6
732.0 -66.28
732.4 -65.59
732.8 -64.91
733.2 -65.64
733.6 -65.64
734.0 -65.1
734.4 -65.54
734.8 -65.44
735.2 -65.32
735.6 -65.56
736.0 -64.67
736.4 -65.33
736.8 -65.01
737.2 -64.58
737.6 -65.32
738.0 -64.94
738.4 -65.32
738.8 -64.93
739.2 -65.34
739.6 -65.86
740.0 -65.18
740.4 -64.81
740.8 -65.92
741.2 -65.06
741.6 -65.67
742.0 -65.0
742.4 -64.8
742.8 -65.07
743.2 -65.9
743.6 -65.53
744.0 -65.43
744.4 -65.21
744.8 -64.73
745.2 -65.46
745.6 -65.88
746.0 -66.21
746.4 -65.42
746.8 -64.91
747.2 -65.34
747.6 -64.85
748.0 -65.5
748.4 -65.18
748.8 -65.27
749.2 -65.86
749.6 -65.27
750.0 -65.78
750.4 -65.65
750.8 -65.64
751.2 -64.45
751.6 -65.0
752.0 -64.37
752.4 -64.61
752.8 -65.16
753.2 -65.25
753.6 -65.03
754.0 -64.35
754.4 -65.83
754.8 -65.49
755.2 -65.13
755.6 -64.24
756.0 -65.06
756.4 -64.61
756.8 -65.33
757.2 -65.52
757.6 -65.1
758.0 -65.93
758.4 -65.28
758.8 -65.34
759.2 -64.19
759.6 -65.05
760.0 -65.38
760.4 -65.72
760.8 -64.83
761.2 -64.86
761.6 -65.18
762.0 -65.56
762.4 -65.7
762.8 -65.66
763.2 -64.3
763.6 -65.16
764.0 -66.05
764.4 -65.19
764.8 -65.33
765.2 -64.99
765.6 -64.9
766.0 -64.72
766.4 -65.29
766.8 -65.38
767.2 -66.29
767.6 -66.54
768.0 -64.64
768.4 -64.67
768.8 -65.01
769.2 -65.49
769.6 -65.29
770.0 -65.95
770.4 -65.0
770.8 -64.6
771.2 -65.25
771.6 -64.82
772.0 -64.96
772.4 -64.07
772.8 -65.27
773.2 -64.48
773.6 -64.5
774.0 -64.86
774.4 -64.6
774.8 -64.52
775.2 -64.72
775.6 -64.95
776.0 -65.66
776.4 -65.25
776.8 -64.65
777.2 -64.3
777.6 -64.85
778.0 -65.18
778.4 -65.12
778.8 -64.64
779.2 -65.05
779.6 -64.01
780.0 -65.17
780.4 -64.41
780.8 -65.43
781.2 -64.03
781.6 -64.35
782.0 -65.36
782.4 -64.94
782.8 -64.79
783.2 -65.02
783.6 -64.34
784.0 -64.23
784.4 -64.08
784.8 -64.74
785.2 -64.38
785.6 -64.57
786.0 -64.49
786.4 -64.16
786.8 -64.88
787.2 -64.62
787.6 -64.01
788.0 -63.86
788.4 -65.25
788.8 -64.44
789.2 -65.15
789.6 -64.23
790.0 -65.62
790.4 -64.57
790.8 -64.19
791.2 -64.85
791.6 -65.1
792.0 -65.33
792.4 -64.45
792.8 -65.06
793.2 -64.44
793.6 -64.2
794.0 -64.27
794.4 -64.32
794.8 -64.01
795.2 -64.57
795.6 -64.18
796.0 -64.73
796.4 -64.76
796.8 -64.88
797.2 -64.04
797.6 -64.72
798.0 -65.06
798.4 -64.4
798.8 -63.76
799.2 -64.37
799.6 -64.03
800.0 -64.15
800.4 -64.73
800.8 -63.87
801.2 -63.2
801.6 -64.0
802.0 -63.98
802.4 -63.31
802.8 -63.34
803.2 -63.59
803.6 -63.5
804.0 -64.36
804.4 -63.9
804.8 -63.48
805.2 -63.4
805.6 -63.01
806.0 -62.86
806.4 -60.43
806.8 -57.19
807.2 -53.48
807.6 -49.42
808.0 -48.14
808.4 -49.09
808.8 -49.66
809.2 -53.68
809.6 -60.25
810.0 -62.25
810.4 -63.9
810.8 -63.1
811.2 -63.43
811.6 -63.05
812.0 -63.96
812.4 -62.87
812.8 -63.87
813.2 -63.26
813.6 -63.33
814.0 -63.62
814.4 -64.05
814.8 -64.11
815.2 -63.4
815.6 -63.12
816.0 -63.86
816.4 -63.2
816.8 -63.56
817.2 -63.31
817.6 -63.34
818.0 -63.43
818.4 -63.48
818.8 -63.4
819.2 -63.72
819.6 -63.07
820.0 -63.19
820.4 -63.34
820.8 -63.01
821.2 -63.02
821.6 -64.07
822.0 -63.34
822.4 -63.61
822.8 -63.55
823.2 -62.97
823.6 -63.5
824.0 -63.34
824.4 -63.72
824.8 -63.03
825.2 -62.99
825.6 -62.9
826.0 -63.31
826.4 -63.07
826.8 -64.09
827.2 -63.44
827.6 -63.56
828.0 -63.28
828.4 -63.15
828.8 -63.42
829.2 -63.64
829.6 -63.12
830.0 -63.72
830.4 -63.2
830.8 -63.14
831.2 -63.3
831.6 -63.19
832.0 -63.08
832.4 -62.68
832.8 -63.46
833.2 -63.19
833.6 -63.04
834.0 -62.78
834.4 -63.26
834.8 -62.84
835.2 -62.95
835.6 -62.68
836.0 -63.25
836.4 -62.99
836.8 -62.64
837.2 -62.85
837.6 -62.94
838.0 -62.73
838.4 -63.21
838.8 -62.87
839.2 -63.13
839.6 -62.94
840.0 -63.36
840.4 -62.62
840.8 -63.11
841.2 -63.16
841.6 -63.47
842.0 -63.05
842.4 -63.19
842.8 -63.25
843.2 -62.83
843.6 -63.69
844.0 -62.7
844.4 -63.21
844.8 -62.75
845.2 -63.06
845.6 -62.7
846.0 -63.34
846.4 -63.03
846.8 -62.75
847.2 -62.38
847.6 -63.14
848.0 -63.07
848.4 -62.98
848.8 -62.96
849.2 -62.88
849.6 -63.16
850.0 -63.0
850.4 -63.32
850.8 -63.27
851.2 -63.54
851.6 -63.29
852.0 -63.24
852.4 -63.26
852.8 -62.92
853.2 -62.98
853.6 -63.19
854.0 -63.58
854.4 -62.94
854.8 -63.3
855.2 -63.24
855.6 -63.29
856.0 -63.23
856.4 -63.46
856.8 -63.02
857.2 -63.01
857.6 -62.76
858.0 -63.24
858.4 -63.03
858.8 -62.84
859.2 -62.67
859.6 -62.88
860.0 -63.15
860.4 -62.88
860.8 -62.6
861.2 -62.72
861.6 -62.79
862.0 -63.2
862.4 -62.82
862.8 -63.22
863.2 -63.0
863.6 -62.9
864.0 -63.07
864.4 -63.06
864.8 -62.24
865.2 -63.06
865.6 -62.68
866.0 -63.05
866.4 -63.1
866.8 -63.31
867.2 -62.72
867.6 -62.92
868.0 -63.22
868.4 -63.13
868.8 -62.68
869.2 -63.1
869.6 -63.07
870.0 -63.12
870.4 -62.54
870.8 -62.88
871.2 -62.32
871.6 -62.46
872.0 -63.03
872.4 -63.15
872.8 -62.75
873.2 -62.31
873.6 -62.91
874.0 -62.86
874.4 -62.46
874.8 -62.8
875.2 -62.93
875.6 -62.98
876.0 -62.81
876.4 -62.97
876.8 -62.9
877.2 -62.86
877.6 -62.61
878.0 -62.84
878.4 -63.3
878.8 -63.0
879.2 -62.85
879.6 -62.86
880.0 -62.72
880.4 -62.36
880.8 -62.46
881.2 -62.75
881.6 -62.51
882.0 -62.1
882.4 -62.57
882.8 -62.6
883.2 -62.77
883.6 -62.87
884.0 -62.31
884.4 -62.43
884.8 -63.01
885.2 -62.61
885.6 -62.65
886.0 -62.93
886.4 -62.46
886.8 -62.2
887.2 -62.51
887.6 -63.13
888.0 -62.53
888.4 -62.4
888.8 -62.67
889.2 -62.64
889.6 -62.48
890.0 -62.74
890.4 -62.35
890.8 -62.66
891.2 -62.72
891.6 -62.81
892.0 -62.58
892.4 -62.39
892.8 -62.46
893.2 -62.69
893.6 -62.43
894.0 -62.4
894.4 -62.54
894.8 -62.19
895.2 -62.37
895.6 -62.29
896.0 -62.42
896.4 -62.63
896.8 -62.7
897.2 -62.19
897.6 -62.57
898.0 -62.95
898.4 -62.16
898.8 -62.68
899.2 -62.34
899.6 -62.42
900.0 -62.57
900.4 -62.17
900.8 -62.75
901.2 -62.19
901.6 -61.97
902.0 -62.56
902.4 -62.77
902.8 -62.76
903.2 -62.13
903.6 -62.18
904.0 -62.23
904.4 -62.48
904.8 -62.11
905.2 -62.83
905.6 -62.5
906.0 -62.16
906.4 -62.33
906.8 -62.56
907.2 -62.38
907.6 -62.16
908.0 -62.02
908.4 -62.05
908.8 -62.46
909.2 -62.45
909.6 -62.47
910.0 -62.04
910.4 -62.32
910.8 -62.1
911.2 -62.34
911.6 -62.16
912.0 -62.01
912.4 -61.95
912.8 -62.34
913.2 -62.07
913.6 -62.3
914.0 -62.29
914.4 -62.17
914.8 -62.5
915.2 -62.09
915.6 -62.24
916.0 -62.31
916.4 -62.5
916.8 -62.15
917.2 -62.13
917.6 -62.57
918.0 -62.24
918.4 -62.02
918.8 -62.2
919.2 -62.07
919.6 -61.72
920.0 -62.1
920.4 -62.31
920.8 -62.05
921.2 -61.83
921.6 -61.77
922.0 -61.94
922.4 -62.03
922.8 -62.08
923.2 -62.06
923.6 -61.99
924.0 -61.92
924.4 -61.67
924.8 -61.83
925.2 -62.05
925.6 -62.01
926.0 -62.05
926.4 -62.11
926.8 -61.81
927.2 -61.83
927.6 -61.59
928.0 -62.02
928.4 -61.83
928.8 -61.69
929.2 -61.74
929.6 -61.44
930.0 -61.59
930.4 -61.73
930.8 -61.62
931.2 -61.66
931.6 -61.86
932.0 -61.71
932.4 -61.98
932.8 -61.58
933.2 -61.58
933.6 -62.19
934.0 -61.75
934.4 -61.96
934.8 -61.58
935.2 -61.85
935.6 -61.99
936.0 -61.66
936.4 -61.67
936.8 -61.92
937.2 -61.76
937.6 -61.69
938.0 -61.65
938.4 -61.89
938.8 -61.66
939.2 -61.71
939.6 -61.7
940.0 -61.73
940.4 -61.51
940.8 -61.81
941.2 -61.72
941.6 -61.73
942.0 -61.65
942.4 -61.79
942.8 -61.58
943.2 -61.52
943.6 -61.63
944.0 -61.49
944.4 -61.55
944.8 -61.45
945.2 -61.64
945.6 -61.49
946.0 -61.69
946.4 -61.71
946.8 -61.58
947.2 -61.62
947.6 -61.78
948.0 -61.78
948.4 -61.44
948.8 -61.67
949.2 -61.81
949.6 -61.82
950.0 -61.96
950.4 -61.55
950.8 -61.47
951.2 -61.89
951.6 -61.69
952.0 -61.57
952.4 -61.51
952.8 -61.76
953.2 -61.71
953.6 -61.61
954.0 -61.76
954.4 -61.91
954.8 -61.74
955.2 -61.82
955.6 -61.62
956.0 -61.7
956.4 -61.64
956.8 -61.89
957.2 -61.72
957.6 -62.07
958.0 -61.88
958.4 -61.59
958.8 -61.81
959.2 -61.76
959.6 -61.4
960.0 -61.56
960.4 -61.57
960.8 -61.61
961.2 -61.57
961.6 -61.61
962.0 -61.52
962.4 -61.55
962.8 -61.66
963.2 -61.54
963.6 -61.38
964.0 -61.51
964.4 -61.48
964.8 -61.4
965.2 -61.36
965.6 -61.36
966.0 -61.3
966.4 -61.51
966.8 -61.48
967.2 -61.55
967.6 -61.71
968.0 -61.72
968.4 -61.6
968.8 -61.54
969.2 -61.34
969.6 -61.59
970.0 -61.72
970.4 -61.78
970.8 -61.51
971.2 -61.42
971.6 -61.76
972.0 -61.7
972.4 -61.52
972.8 -61.68
973.2 -61.65
973.6 -61.57
974.0 -61.61
974.4 -61.85
974.8 -61.82
975.2 -61.84
975.6 -61.87
976.0 -61.92
976.4 -61.97
976.8 -61.82
977.2 -61.71
977.6 -62.05
978.0 -61.83
978.4 -61.8
978.8 -61.81
979.2 -61.84
979.6 -62.0
980.0 -61.84
980.4 -62.05
980.8 -61.8
981.2 -62.01
981.6 -61.95
982.0 -61.94
982.4 -61.87
982.8 -61.68
983.2 -61.62
983.6 -61.62
984.0 -61.41
984.4 -61.28
984.8 -61.58
985.2 -61.38
985.6 -61.4
986.0 -61.37
986.4 -61.22
986.8 -61.19
987.2 -61.34
987.6 -61.22
988.0 -61.06
988.4 -61.14
988.8 -61.09
989.2 -61.13
989.6 -60.89
990.0 -60.91
990.4 -60.97
990.8 -61.08
991.2 -60.92
991.6 -60.87
992.0 -60.77
992.4 -60.77
992.8 -60.79
993.2 -60.68
993.6 -60.78
994.0 -60.78
994.4 -60.91
994.8 -60.78
995.2 -60.89
995.6 -60.88
996.0 -60.88
996.4 -60.7
996.8 -60.9
997.2 -60.76
997.6 -60.82
998.0 -60.89
998.4 -60.82
998.8 -60.96
999.2 -60.76
999.6 -60.79
1000.0 -60.73
