600.0 -210.0
600.4 -210.0
600.8 -74.64
601.2 -75.17
601.6 -76.45
602.0 -69.35
602.4 -210.0
602.8 -210.0
603.2 -210.0
603.6 -70.94
604.0 -71.84
604.4 -210.0
604.8 -75.99
605.2 -210.0
605.6 -210.0
606.0 -69.61
606.4 -70.07
606.8 -210.0
607.2 -72.55
607.6 -210.0
608.0 -210.0
608.4 -76.89
608.8 -84.71
609.2 -210.0
609.6 -78.73
610.0 -210.0
610.4 -73.34
610.8 -71.21
611.2 -77.86
611.6 -70.1
612.0 -70.75
612.4 -68.9
612.8 -210.0
613.2 -210.0
613.6 -71.19
614.0 -85.02
614.4 -72.25
614.8 -73.02
615.2 -85.09
615.6 -78.12
616.0 -210.0
616.4 -210.0
616.8 -210.0
617.2 -73.16
617.6 -71.61
618.0 -72.95
618.4 -69.96
618.8 -72.29
619.2 -210.0
619.6 -85.35
620.0 -73.32
620.4 -71.78
620.8 -76.96
621.2 -72.66
621.6 -210.0
622.0 -71.88
622.4 -210.0
622.8 -71.23
623.2 -210.0
623.6 -85.6
624.0 -75.2
624.4 -210.0
624.8 -85.67
625.2 -79.67
625.6 -210.0
626.0 -70.69
626.4 -210.0
626.8 -210.0
627.2 -74.05
627.6 -73.06
628.0 -74.73
628.4 -82.89
628.8 -73.87
629.2 -210.0
629.6 -76.42
630.0 -69.18
630.4 -69.49
630.8 -81.28
631.2 -71.61
631.6 -70.2
632.0 -70.23
632.4 -71.26
632.8 -210.0
633.2 -73.68
633.6 -86.26
634.0 -210.0
634.4 -77.28
634.8 -71.87
635.2 -74.07
635.6 -210.0
636.0 -76.44
636.4 -71.02
636.8 -74.73
637.2 -72.91
637.6 -75.09
638.0 -72.44
638.4 -71.7
638.8 -74.6
639.2 -71.11
639.6 -210.0
640.0 -210.0
640.4 -72.46
640.8 -74.77
641.2 -70.31
641.6 -210.0
642.0 -210.0
642.4 -72.04
642.8 -210.0
643.2 -72.4
643.6 -70.73
644.0 -69.61
644.4 -73.52
644.8 -71.38
645.2 -70.77
645.6 -72.47
646.0 -71.36
646.4 -71.19
646.8 -71.23
647.2 -75.92
647.6 -75.66
648.0 -73.31
648.4 -72.58
648.8 -79.75
649.2 -76.1
649.6 -72.04
650.0 -70.46
650.4 -70.46
650.8 -71.82
651.2 -76.83
651.6 -69.77
652.0 -71.09
652.4 -74.85
652.8 -72.45
653.2 -71.95
653.6 -69.86
654.0 -73.67
654.4 -70.49
654.8 -71.53
655.2 -72.47
655.6 -70.33
656.0 -71.43
656.4 -71.87
656.8 -71.04
657.2 -70.12
657.6 -73.7
658.0 -71.24
658.4 -71.65
658.8 -72.24
659.2 -71.25
659.6 -74.26
660.0 -74.91
660.4 -71.46
660.8 -70.79
661.2 -70.37
661.6 -72.38
662.0 -73.55
662.4 -69.77
662.8 -73.22
663.2 -69.99
663.6 -73.72
664.0 -70.79
664.4 -70.54
664.8 -70.21
665.2 -69.06
665.6 -69.37
666.0 -68.4
666.4 -73.22
666.8 -73.07
667.2 -71.67
667.6 -71.67
668.0 -69.7
668.4 -70.79
668.8 -70.54
669.2 -73.89
669.6 -71.78
670.0 -68.99
670.4 -69.76
670.8 -70.95
671.2 -72.9
671.6 -69.68
672.0 -69.88
672.4 -70.51
672.8 -71.63
673.2 -71.42
673.6 -70.1
674.0 -70.4
674.4 -69.07
674.8 -70.56
675.2 -70.39
675.6 -71.4
676.0 -69.99
676.4 -70.55
676.8 -70.29
677.2 -70.8
677.6 -72.7
678.0 -70.88
678.4 -68.06
678.8 -71.57
679.2 -72.15
679.6 -70.19
680.0 -69.46
680.4 -70.03
680.8 -68.88
681.2 -71.14
681.6 -67.61
682.0 -69.04
682.4 -70.83
682.8 -70.39
683.2 -68.68
683.6 -70.29
684.0 -70.29
684.4 -69.89
684.8 -72.61
685.2 -73.37
685.6 -68.38
686.0 -70.88
686.4 -69.58
686.8 -69.04
687.2 -68.3
687.6 -71.92
688.0 -70.76
688.4 -68.78
688.8 -71.14
689.2 -69.27
689.6 -69.14
690.0 -69.75
690.4 -68.87
690.8 -69.32
691.2 -67.99
691.6 -69.51
692.0 -67.98
692.4 -67.29
692.8 -71.18
693.2 -71.17
693.6 -68.6
694.0 -69.2
694.4 -68.93
694.8 -68.87
695.2 -69.11
695.6 -68.51
696.0 -68.44
696.4 -67.53
696.8 -68.32
697.2 -70.1
697.6 -69.56
698.0 -69.27
698.4 -69.84
698.8 -69.26
699.2 -68.51
699.6 -68.45
700.0 -68.98
700.4 -68.66
700.8 -68.66
701.2 -68.31
701.6 -69.02
702.0 -67.36
702.4 -69.63
702.8 -69.27
703.2 -69.13
703.6 -68.12
704.0 -68.44
704.4 -68.2
704.8 -71.67
705.2 -69.59
705.6 -69.03
706.0 -68.89
706.4 -67.08
706.8 -69.21
707.2 -69.49
707.6 -68.0
708.0 -67.45
708.4 -68.42
708.8 -67.93
709.2 -69.53
709.6 -68.24
710.0 -68.64
710.4 -68.52
710.8 -68.34
711.2 -67.95
711.6 -68.16
712.0 -68.81
712.4 -68.0
712.8 -68.32
713.2 -67.93
713.6 -68.36
714.0 -69.33
714.4 -68.02
714.8 -68.53
715.2 -68.17
715.6 -68.34
716.0 -69.1
716.4 -67.84
716.8 -67.5
717.2 -69.29
717.6 -69.92
718.0 -66.94
718.4 -68.49
718.8 -68.42
719.2 -67.66
719.6 -69.2
720.0 -69.34
720.4 -67.41
720.8 -68.0
721.2 -70.7
721.6 -68.46
722.0 -66.86
722.4 -68.64
722.8 -67.77
723.2 -67.57
723.6 -67.52
724.0 -67.42
724.4 -67.46
724.8 -66.91
725.2 -67.55
725.6 -66.39
726.0 -67.4
726.4 -68.23
726.8 -68.71
727.2 -67.58
727.6 -67.89
728.0 -69.56
728.4 -67.47
728.8 -67.22
729.2 -67.32
729.6 -66.62
730.0 -68.02
730.4 -66.53
730.8 -67.9
731.2 -67.25
731.6 -67.59
732.0 -66.76
732.4 -71.01
732.8 -68.12
733.2 -66.62
733.6 -67.09
734.0 -68.11
734.4 -67.13
734.8 -67.71
735.2 -67.98
735.6 -67.21
736.0 -67.5
736.4 -67.11
736.8 -66.8
737.2 -67.49
737.6 -67.01
738.0 -67.68
738.4 -66.34
738.8 -65.76
739.2 -66.95
739.6 -67.13
740.0 -68.16
740.4 -67.41
740.8 -67.93
741.2 -66.51
741.6 -66.28
742.0 -70.82
742.4 -67.11
742.8 -67.15
743.2 -66.42
743.6 -66.38
744.0 -67.38
744.4 -67.63
744.8 -68.19
745.2 -67.74
745.6 -68.82
746.0 -66.25
746.4 -67.13
746.8 -68.49
747.2 -66.27
747.6 -67.17
748.0 -67.83
748.4 -68.16
748.8 -67.3
749.2 -68.04
749.6 -67.25
750.0 -66.03
750.4 -68.15
750.8 -66.36
751.2 -67.14
751.6 -66.16
752.0 -66.8
752.4 -67.95
752.8 -68.17
753.2 -67.88
753.6 -68.22
754.0 -66.36
754.4 -66.81
754.8 -67.09
755.2 -67.58
755.6 -67.13
756.0 -67.07
756.4 -66.45
756.8 -68.43
757.2 -67.2
757.6 -67.39
758.0 -66.95
758.4 -67.23
758.8 -67.75
759.2 -67.08
759.6 -65.98
760.0 -68.73
760.4 -68.02
760.8 -70.52
761.2 -67.84
761.6 -66.69
762.0 -66.77
762.4 -65.81
762.8 -66.29
763.2 -65.98
763.6 -66.76
764.0 -67.48
764.4 -67.03
764.8 -65.85
765.2 -66.87
765.6 -67.21
766.0 -66.6
766.4 -65.95
766.8 -67.29
767.2 -67.61
767.6 -66.95
768.0 -66.62
768.4 -66.12
768.8 -67.02
769.2 -68.18
769.6 -66.98
770.0 -68.23
770.4 -68.56
770.8 -66.51
771.2 -66.73
771.6 -67.86
772.0 -68.16
772.4 -65.83
772.8 -66.55
773.2 -67.2
773.6 -67.2
774.0 -66.16
774.4 -66.85
774.8 -66.16
775.2 -65.82
775.6 -65.78
776.0 -66.89
776.4 -66.44
776.8 -66.98
777.2 -67.33
777.6 -67.13
778.0 -66.47
778.4 -65.87
778.8 -66.1
779.2 -66.56
779.6 -66.83
780.0 -66.05
780.4 -65.86
780.8 -64.69
781.2 -66.77
781.6 -65.96
782.0 -66.76
782.4 -65.53
782.8 -66.12
783.2 -66.71
783.6 -65.69
784.0 -65.8
784.4 -65.15
784.8 -66.48
785.2 -66.35
785.6 -67.03
786.0 -65.58
786.4 -66.09
786.8 -66.47
787.2 -67.49
787.6 -68.14
788.0 -67.12
788.4 -66.16
788.8 -65.45
789.2 -66.29
789.6 -66.29
790.0 -65.8
790.4 -66.07
790.8 -66.95
791.2 -66.06
791.6 -67.09
792.0 -64.76
792.4 -65.3
792.8 -65.56
793.2 -65.25
793.6 -66.17
794.0 -66.04
794.4 -65.77
794.8 -65.48
795.2 -65.66
795.6 -64.56
796.0 -65.23
796.4 -65.99
796.8 -64.94
797.2 -66.48
797.6 -65.6
798.0 -66.14
798.4 -65.49
798.8 -64.24
799.2 -65.35
799.6 -65.7
800.0 -65.66
800.4 -66.29
800.8 -65.81
801.2 -65.45
801.6 -65.56
802.0 -65.59
802.4 -64.77
802.8 -64.44
803.2 -66.27
803.6 -65.79
804.0 -65.23
804.4 -65.51
804.8 -66.28
805.2 -64.88
805.6 -64.6
806.0 -63.72
806.4 -61.6
806.8 -58.04
807.2 -54.54
807.6 -50.58
808.0 -49.22
808.4 -50.27
808.8 -50.67
809.2 -54.33
809.6 -62.2
810.0 -63.77
810.4 -65.45
810.8 -64.82
811.2 -64.79
811.6 -65.47
812.0 -64.84
812.4 -64.9
812.8 -64.68
813.2 -64.92
813.6 -65.44
814.0 -66.43
814.4 -66.19
814.8 -65.85
815.2 -66.08
815.6 -65.21
816.0 -65.13
816.4 -65.92
816.8 -64.63
817.2 -65.82
817.6 -65.38
818.0 -66.33
818.4 -65.52
818.8 -65.4
819.2 -65.44
819.6 -65.61
820.0 -64.9
820.4 -65.31
820.8 -65.36
821.2 -65.64
821.6 -66.24
822.0 -64.72
822.4 -65.42
822.8 -64.89
823.2 -65.33
823.6 -64.62
824.0 -65.32
824.4 -65.21
824.8 -65.2
825.2 -64.7
825.6 -65.2
826.0 -65.46
826.4 -65.45
826.8 -65.56
827.2 -65.54
827.6 -64.94
828.0 -64.38
828.4 -65.11
828.8 -65.32
829.2 -64.34
829.6 -65.23
830.0 -65.26
830.4 -64.0
830.8 -65.07
831.2 -64.84
831.6 -65.43
832.0 -64.84
832.4 -64.89
832.8 -65.58
833.2 -64.73
833.6 -64.88
834.0 -64.86
834.4 -64.31
834.8 -64.3
835.2 -64.57
835.6 -63.97
836.0 -64.48
836.4 -64.73
836.8 -64.29
837.2 -64.41
837.6 -64.25
838.0 -64.18
838.4 -64.85
838.8 -65.26
839.2 -64.69
839.6 -63.83
840.0 -64.64
840.4 -64.16
840.8 -64.9
841.2 -64.68
841.6 -64.51
842.0 -64.01
842.4 -64.4
842.8 -64.2
843.2 -64.98
843.6 -64.52
844.0 -64.22
844.4 -64.54
844.8 -64.51
845.2 -64.66
845.6 -63.97
846.0 -64.04
846.4 -64.33
846.8 -64.25
847.2 -64.5
847.6 -64.48
848.0 -64.48
848.4 -64.42
848.8 -64.9
849.2 -64.07
849.6 -64.13
850.0 -64.54
850.4 -64.23
850.8 -64.21
851.2 -64.18
851.6 -64.03
852.0 -63.69
852.4 -64.11
852.8 -63.77
853.2 -64.19
853.6 -63.43
854.0 -63.6
854.4 -63.97
854.8 -63.72
855.2 -63.77
855.6 -63.84
856.0 -64.02
856.4 -64.5
856.8 -64.21
857.2 -64.3
857.6 -63.46
858.0 -63.77
858.4 -63.78
858.8 -63.5
859.2 -63.76
859.6 -63.85
860.0 -63.99
860.4 -63.9
860.8 -63.35
861.2 -63.47
861.6 -63.44
862.0 -63.26
862.4 -63.12
862.8 -63.67
863.2 -63.46
863.6 -63.42
864.0 -64.22
864.4 -63.58
864.8 -63.26
865.2 -63.64
865.6 -63.24
866.0 -63.09
866.4 -63.1
866.8 -62.96
867.2 -63.01
867.6 -63.26
868.0 -63.54
868.4 -62.84
868.8 -62.99
869.2 -62.89
869.6 -63.04
870.0 -63.33
870.4 -62.97
870.8 -62.94
871.2 -63.23
871.6 -63.16
872.0 -63.06
872.4 -62.9
872.8 -63.1
873.2 -62.67
873.6 -63.17
874.0 -63.09
874.4 -62.57
874.8 -62.64
875.2 -62.83
875.6 -63.39
876.0 -63.12
876.4 -62.97
876.8 -62.69
877.2 -63.0
877.6 -63.08
878.0 -63.02
878.4 -62.72
878.8 -63.66
879.2 -62.74
879.6 -63.15
880.0 -62.53
880.4 -62.99
880.8 -62.2
881.2 -62.79
881.6 -62.81
882.0 -62.61
882.4 -62.72
882.8 -62.32
883.2 -62.32
883.6 -62.42
884.0 -62.74
884.4 -62.47
884.8 -62.51
885.2 -62.83
885.6 -62.61
886.0 -62.37
886.4 -62.61
886.8 -62.39
887.2 -62.3
887.6 -62.61
888.0 -63.0
888.4 -62.76
888.8 -62.53
889.2 -63.01
889.6 -62.48
890.0 -62.25
890.4 -62.05
890.8 -62.73
891.2 -62.64
891.6 -62.51
892.0 -62.34
892.4 -62.44
892.8 -62.29
893.2 -62.68
893.6 -62.66
894.0 -62.69
894.4 -62.53
894.8 -62.62
895.2 -62.67
895.6 -62.65
896.0 -62.39
896.4 -62.28
896.8 -62.31
897.2 -62.15
897.6 -62.33
898.0 -61.98
898.4 -62.3
898.8 -62.62
899.2 -62.34
899.6 -61.85
900.0 -62.01
900.4 -62.01
900.8 -62.24
901.2 -62.43
901.6 -62.41
902.0 -62.23
902.4 -62.09
902.8 -62.26
903.2 -61.91
903.6 -62.08
904.0 -61.77
904.4 -62.14
904.8 -62.01
905.2 -62.06
905.6 -61.91
906.0 -61.89
906.4 -61.96
906.8 -62.18
907.2 -62.33
907.6 -61.83
908.0 -61.52
908.4 -61.95
908.8 -62.14
909.2 -61.68
909.6 -62.07
910.0 -61.74
910.4 -61.89
910.8 -61.89
911.2 -61.63
911.6 -61.74
912.0 -61.79
912.4 -61.65
912.8 -61.59
913.2 -61.69
913.6 -61.37
914.0 -61.84
914.4 -61.75
914.8 -61.7
915.2 -61.71
915.6 -61.7
916.0 -61.55
916.4 -61.94
916.8 -61.58
917.2 -61.49
917.6 -61.87
918.0 -61.65
918.4 -61.61
918.8 -61.9
919.2 -61.46
919.6 -61.51
920.0 -61.61
920.4 -61.63
920.8 -61.41
921.2 -61.06
921.6 -61.29
922.0 -61.34
922.4 -61.39
922.8 -61.31
923.2 -61.2
923.6 -61.2
924.0 -61.2
924.4 -61.24
924.8 -60.99
925.2 -61.15
925.6 -61.09
926.0 -61.29
926.4 -61.32
926.8 -61.11
927.2 -60.87
927.6 -61.06
928.0 -61.16
928.4 -60.99
928.8 -60.89
929.2 -60.82
929.6 -60.95
930.0 -60.8
930.4 -60.73
930.8 -61.09
931.2 -60.8
931.6 -61.09
932.0 -60.77
932.4 -60.84
932.8 -60.98
933.2 -60.78
933.6 -60.81
934.0 -60.82
934.4 -60.87
934.8 -60.9
935.2 -60.83
935.6 -60.81
936.0 -60.83
936.4 -60.99
936.8 -60.89
937.2 -60.76
937.6 -60.81
938.0 -60.89
938.4 -60.81
938.8 -60.84
939.2 -60.64
939.6 -60.8
940.0 -60.9
940.4 -60.95
940.8 -60.96
941.2 -60.81
941.6 -60.66
942.0 -60.61
942.4 -60.73
942.8 -60.91
943.2 -60.81
943.6 -60.57
944.0 -60.69
944.4 -60.43
944.8 -60.31
945.2 -60.6
945.6 -60.91
946.0 -60.52
946.4 -60.59
946.8 -60.55
947.2 -60.82
947.6 -60.46
948.0 -60.7
948.4 -60.4
948.8 -60.38
949.2 -60.58
949.6 -60.41
950.0 -60.33
950.4 -60.44
950.8 -60.38
951.2 -60.38
951.6 -60.5
952.0 -60.48
952.4 -60.38
952.8 -60.43
953.2 -60.29
953.6 -60.26
954.0 -60.47
954.4 -60.26
954.8 -60.33
955.2 -60.3
955.6 -60.27
956.0 -60.54
956.4 -60.35
956.8 -60.46
957.2 -60.34
957.6 -60.36
958.0 -60.38
958.4 -60.22
958.8 -60.22
959.2 -60.22
959.6 -60.26
960.0 -60.29
960.4 -60.11
960.8 -60.04
961.2 -60.01
961.6 -59.95
962.0 -60.0
962.4 -59.88
962.8 -59.97
963.2 -59.78
963.6 -59.92
964.0 -59.83
964.4 -59.86
964.8 -59.81
965.2 -59.73
965.6 -59.6
966.0 -59.42
966.4 -59.85
966.8 -59.81
967.2 -59.99
967.6 -59.78
968.0 -59.94
968.4 -59.69
968.8 -59.88
969.2 -59.98
969.6 -59.83
970.0 -59.8
970.4 -59.8
970.8 -59.89
971.2 -60.0
971.6 -59.88
972.0 -60.06
972.4 -60.03
972.8 -60.07
973.2 -60.05
973.6 -59.99
974.0 -60.21
974.4 -60.18
974.8 -59.97
975.2 -60.09
975.6 -60.09
976.0 -60.14
976.4 -60.2
976.8 -60.24
977.2 -60.23
977.6 -60.32
978.0 -60.22
978.4 -60.23
978.8 -60.34
979.2 -60.58
979.6 -60.31
980.0 -60.18
980.4 -60.26
980.8 -60.28
981.2 -60.13
981.6 -59.99
982.0 -60.01
982.4 -59.98
982.8 -59.88
983.2 -59.79
983.6 -59.77
984.0 -59.72
984.4 -59.85
984.8 -59.64
985.2 -59.48
985.6 -59.62
986.0 -59.29
986.4 -59.39
986.8 -59.47
987.2 -59.28
987.6 -59.36
988.0 -59.42
988.4 -59.31
988.8 -59.2
989.2 -59.19
989.6 -59.4
990.0 -59.28
990.4 -59.03
990.8 -59.15
991.2 -59.03
991.6 -59.07
992.0 -59.11
992.4 -59.05
992.8 -59.06
993.2 -59.07
993.6 -59.02
994.0 -59.0
994.4 -59.14
994.8 -58.95
995.2 -58.92
995.6 -59.1
996.0 -59.01
996.4 -59.03
996.8 -58.99
997.2 -59.14
997.6 -59.14
998.0 -59.24
998.4 -59.29
998.8 -59.23
999.2 -59.19
999.6 -59.11
1000.0 -59.12
