600.0 -74.14
600.4 -210.0
600.8 -72.72
601.2 -70.23
601.6 -69.61
602.0 -69.49
602.4 -210.0
602.8 -74.32
603.2 -74.34
603.6 -71.14
604.0 -210.0
604.4 -210.0
604.8 -72.14
605.2 -210.0
605.6 -69.44
606.0 -72.48
606.4 -73.08
606.8 -72.02
607.2 -71.81
607.6 -210.0
608.0 -75.62
608.4 -68.99
608.8 -210.0
609.2 -210.0
609.6 -81.75
610.0 -210.0
610.4 -70.49
610.8 -72.27
611.2 -210.0
611.6 -78.85
612.0 -73.43
612.4 -210.0
612.8 -76.49
613.2 -71.74
613.6 -210.0
614.0 -210.0
614.4 -72.73
614.8 -210.0
615.2 -210.0
615.6 -72.32
616.0 -73.37
616.4 -77.37
616.8 -210.0
617.2 -76.17
617.6 -80.45
618.0 -72.25
618.4 -210.0
618.8 -68.39
619.2 -72.32
619.6 -75.35
620.0 -71.22
620.4 -74.6
620.8 -72.63
621.2 -77.66
621.6 -210.0
622.0 -71.69
622.4 -74.72
622.8 -210.0
623.2 -85.57
623.6 -70.28
624.0 -77.83
624.4 -75.65
624.8 -71.35
625.2 -210.0
625.6 -210.0
626.0 -72.74
626.4 -72.98
626.8 -70.88
627.2 -78.83
627.6 -70.93
628.0 -73.56
628.4 -72.47
628.8 -72.91
629.2 -70.88
629.6 -72.35
630.0 -72.99
630.4 -210.0
630.8 -210.0
631.2 -210.0
631.6 -71.97
632.0 -83.14
632.4 -70.86
632.8 -210.0
633.2 -70.0
633.6 -73.95
634.0 -210.0
634.4 -78.53
634.8 -210.0
635.2 -80.35
635.6 -72.79
636.0 -210.0
636.4 -72.49
636.8 -71.58
637.2 -81.75
637.6 -74.25
638.0 -77.55
638.4 -74.57
638.8 -74.09
639.2 -73.06
639.6 -210.0
640.0 -73.12
640.4 -77.74
640.8 -74.03
641.2 -210.0
641.6 -71.44
642.0 -71.73
642.4 -73.15
642.8 -73.02
643.2 -75.89
643.6 -70.73
644.0 -72.95
644.4 -210.0
644.8 -76.04
645.2 -210.0
645.6 -71.45
646.0 -76.86
646.4 -74.53
646.8 -70.73
647.2 -71.94
647.6 -74.2
648.0 -75.41
648.4 -72.18
648.8 -72.76
649.2 -72.0
649.6 -76.14
650.0 -75.06
650.4 -74.19
650.8 -70.63
651.2 -71.29
651.6 -74.62
652.0 -73.48
652.4 -71.72
652.8 -73.32
653.2 -70.56
653.6 -71.85
654.0 -75.88
654.4 -75.34
654.8 -73.18
655.2 -72.74
655.6 -79.2
656.0 -73.86
656.4 -210.0
656.8 -72.35
657.2 -69.97
657.6 -77.26
658.0 -76.54
658.4 -74.67
658.8 -71.89
659.2 -72.5
659.6 -70.87
660.0 -72.78
660.4 -75.65
660.8 -72.38
661.2 -72.92
661.6 -75.14
662.0 -74.08
662.4 -75.14
662.8 -71.46
663.2 -73.07
663.6 -70.79
664.0 -73.22
664.4 -73.22
664.8 -70.97
665.2 -72.38
665.6 -79.91
666.0 -71.07
666.4 -69.77
666.8 -70.71
667.2 -73.38
667.6 -72.78
668.0 -70.21
668.4 -70.45
668.8 -70.37
669.2 -72.78
669.6 -70.06
670.0 -72.77
670.4 -70.61
670.8 -72.49
671.2 -72.11
671.6 -70.77
672.0 -70.03
672.4 -71.87
672.8 -71.53
673.2 -70.25
673.6 -71.74
674.0 -71.96
674.4 -73.5
674.8 -73.16
675.2 -73.66
675.6 -71.95
676.0 -71.83
676.4 -73.48
676.8 -69.16
677.2 -70.63
677.6 -71.82
678.0 -70.79
678.4 -69.9
678.8 -72.54
679.2 -72.68
679.6 -71.68
680.0 -70.03
680.4 -71.67
680.8 -71.66
681.2 -71.78
681.6 -70.75
682.0 -71.32
682.4 -70.83
682.8 -72.36
683.2 -70.47
683.6 -73.73
684.0 -69.83
684.4 -70.37
684.8 -69.74
685.2 -69.0
685.6 -69.96
686.0 -70.6
686.4 -75.74
686.8 -70.87
687.2 -73.18
687.6 -68.85
688.0 -70.41
688.4 -80.49
688.8 -68.28
689.2 -70.31
689.6 -68.89
690.0 -70.38
690.4 -69.81
690.8 -70.91
691.2 -71.0
691.6 -68.98
692.0 -70.7
692.4 -70.98
692.8 -72.1
693.2 -70.42
693.6 -69.85
694.0 -67.76
694.4 -73.77
694.8 -69.68
695.2 -69.59
695.6 -70.94
696.0 -71.03
696.4 -69.72
696.8 -71.44
697.2 -70.1
697.6 -69.71
698.0 -68.3
698.4 -69.84
698.8 -72.27
699.2 -71.19
699.6 -72.84
700.0 -69.82
700.4 -69.51
700.8 -69.51
701.2 -70.66
701.6 -71.72
702.0 -70.46
702.4 -69.63
702.8 -70.64
703.2 -71.46
703.6 -69.77
704.0 -69.32
704.4 -70.42
704.8 -70.42
705.2 -69.67
705.6 -70.69
706.0 -71.9
706.4 -74.42
706.8 -71.08
707.2 -70.76
707.6 -69.95
708.0 -69.78
708.4 -68.54
708.8 -72.86
709.2 -68.97
709.6 -69.31
710.0 -71.97
710.4 -70.92
710.8 -70.52
711.2 -68.57
711.6 -69.73
712.0 -70.15
712.4 -69.81
712.8 -71.56
713.2 -68.49
713.6 -70.21
714.0 -71.09
714.4 -69.47
714.8 -70.38
715.2 -69.17
715.6 -73.67
716.0 -68.52
716.4 -71.52
716.8 -70.1
717.2 -67.88
717.6 -70.74
718.0 -68.26
718.4 -67.52
718.8 -71.74
719.2 -70.52
719.6 -68.54
720.0 -67.75
720.4 -69.05
720.8 -71.35
721.2 -71.12
721.6 -69.63
722.0 -69.39
722.4 -68.57
722.8 -70.2
723.2 -72.87
723.6 -70.03
724.0 -69.01
724.4 -68.43
724.8 -69.21
725.2 -67.75
725.6 -68.67
726.0 -67.79
726.4 -68.66
726.8 -74.19
727.2 -67.84
727.6 -70.44
728.0 -69.72
728.4 -69.89
728.8 -66.91
729.2 -70.05
729.6 -69.4
730.0 -68.95
730.4 -74.9
730.8 -71.37
731.2 -69.23
731.6 -67.07
732.0 -72.01
732.4 -70.11
732.8 -71.24
733.2 -69.06
733.6 -70.01
734.0 -70.48
734.4 -69.12
734.8 -71.72
735.2 -68.58
735.6 -68.03
736.0 -69.41
736.4 -69.48
736.8 -68.56
737.2 -68.82
737.6 -69.39
738.0 -71.31
738.4 -75.11
738.8 -69.08
739.2 -69.31
739.6 -68.54
740.0 -68.53
740.4 -69.53
740.8 -68.05
741.2 -68.27
741.6 -68.85
742.0 -69.29
742.4 -68.33
742.8 -68.32
743.2 -71.78
743.6 -68.98
744.0 -67.09
744.4 -72.35
744.8 -69.04
745.2 -70.2
745.6 -70.79
746.0 -70.69
746.4 -67.27
746.8 -67.73
747.2 -68.29
747.6 -69.4
748.0 -66.72
748.4 -72.48
748.8 -68.67
749.2 -69.09
749.6 -70.17
750.0 -69.3
750.4 -68.33
750.8 -69.62
751.2 -68.58
751.6 -68.64
752.0 -68.97
752.4 -69.27
752.8 -69.84
753.2 -71.06
753.6 -67.93
754.0 -70.3
754.4 -68.73
754.8 -68.73
755.2 -69.08
755.6 -69.16
756.0 -67.95
756.4 -68.13
756.8 -69.54
757.2 -68.0
757.6 -69.2
758.0 -68.69
758.4 -70.55
758.8 -68.75
759.2 -70.04
759.6 -67.74
760.0 -67.73
760.4 -69.75
760.8 -69.74
761.2 -68.32
761.6 -69.32
762.0 -67.55
762.4 -71.19
762.8 -68.92
763.2 -67.28
763.6 -68.99
764.0 -69.54
764.4 -68.29
764.8 -67.26
765.2 -70.07
765.6 -70.48
766.0 -69.11
766.4 -68.47
766.8 -70.79
767.2 -68.66
767.6 -68.52
768.0 -67.65
768.4 -68.65
768.8 -68.93
769.2 -67.32
769.6 -69.41
770.0 -67.75
770.4 -67.26
770.8 -68.56
771.2 -68.29
771.6 -71.93
772.0 -67.79
772.4 -67.74
772.8 -69.82
773.2 -68.62
773.6 -70.98
774.0 -68.9
774.4 -69.72
774.8 -68.15
775.2 -68.98
775.6 -67.96
776.0 -69.28
776.4 -68.6
776.8 -68.6
777.2 -66.98
777.6 -69.99
778.0 -69.03
778.4 -68.39
778.8 -69.44
779.2 -69.27
779.6 -66.1
780.0 -68.8
780.4 -68.38
780.8 -68.51
781.2 -67.93
781.6 -67.8
782.0 -66.72
782.4 -67.46
782.8 -68.94
783.2 -68.36
783.6 -68.78
784.0 -67.14
784.4 -68.63
784.8 -68.69
785.2 -66.35
785.6 -67.67
786.0 -68.15
786.4 -68.27
786.8 -69.14
787.2 -67.22
787.6 -66.83
788.0 -69.31
788.4 -67.88
788.8 -68.13
789.2 -67.42
789.6 -65.96
790.0 -68.66
790.4 -66.62
790.8 -67.41
791.2 -65.57
791.6 -68.73
792.0 -67.92
792.4 -68.88
792.8 -67.29
793.2 -67.79
793.6 -67.79
794.0 -68.56
794.4 -69.09
794.8 -69.09
795.2 -68.03
795.6 -67.77
796.0 -69.16
796.4 -68.21
796.8 -68.28
797.2 -66.1
797.6 -67.1
798.0 -69.67
798.4 -67.58
798.8 -67.25
799.2 -66.65
799.6 -67.69
800.0 -67.29
800.4 -66.16
800.8 -68.89
801.2 -67.93
801.6 -66.47
802.0 -66.94
802.4 -67.14
802.8 -66.9
803.2 -66.4
803.6 -65.98
804.0 -66.36
804.4 -66.07
804.8 -65.69
805.2 -65.95
805.6 -65.62
806.0 -65.73
806.4 -63.07
806.8 -59.5
807.2 -55.73
807.6 -51.74
808.0 -50.34
808.4 -51.46
808.8 -51.86
809.2 -55.48
809.6 -62.95
810.0 -65.41
810.4 -67.26
810.8 -70.03
811.2 -67.33
811.6 -66.48
812.0 -67.85
812.4 -66.27
812.8 -67.15
813.2 -67.47
813.6 -75.05
814.0 -67.38
814.4 -65.88
814.8 -66.41
815.2 -67.45
815.6 -67.05
816.0 -66.02
816.4 -66.79
816.8 -66.44
817.2 -67.49
817.6 -67.61
818.0 -67.72
818.4 -67.01
818.8 -67.57
819.2 -67.17
819.6 -67.22
820.0 -67.29
820.4 -66.27
820.8 -66.93
821.2 -67.87
821.6 -66.78
822.0 -65.99
822.4 -66.56
822.8 -66.17
823.2 -66.93
823.6 -66.35
824.0 -68.59
824.4 -68.22
824.8 -65.85
825.2 -67.53
825.6 -66.16
826.0 -67.27
826.4 -66.19
826.8 -66.0
827.2 -66.91
827.6 -67.48
828.0 -66.48
828.4 -66.54
828.8 -66.32
829.2 -66.09
829.6 -66.2
830.0 -66.49
830.4 -66.97
830.8 -67.64
831.2 -66.11
831.6 -65.86
832.0 -65.8
832.4 -66.3
832.8 -66.4
833.2 -67.0
833.6 -66.87
834.0 -66.94
834.4 -66.66
834.8 -66.14
835.2 -66.44
835.6 -65.97
836.0 -65.68
836.4 -65.68
836.8 -66.65
837.2 -66.61
837.6 -66.3
838.0 -65.82
838.4 -65.23
838.8 -66.24
839.2 -65.65
839.6 -66.17
840.0 -66.77
840.4 -66.4
840.8 -66.03
841.2 -66.12
841.6 -66.27
842.0 -66.46
842.4 -65.94
842.8 -66.65
843.2 -65.68
843.6 -66.65
844.0 -65.5
844.4 -65.85
844.8 -67.0
845.2 -65.62
845.6 -66.32
846.0 -65.24
846.4 -65.76
846.8 -66.13
847.2 -66.18
847.6 -65.25
848.0 -65.72
848.4 -65.66
848.8 -65.89
849.2 -66.74
849.6 -64.78
850.0 -65.31
850.4 -65.71
850.8 -65.09
851.2 -65.87
851.6 -65.11
852.0 -65.04
852.4 -65.78
852.8 -65.29
853.2 -65.8
853.6 -65.53
854.0 -65.34
854.4 -65.11
854.8 -65.39
855.2 -65.41
855.6 -64.94
856.0 -65.01
856.4 -65.23
856.8 -65.72
857.2 -65.6
857.6 -64.93
858.0 -65.26
858.4 -64.76
858.8 -64.83
859.2 -65.65
859.6 -65.33
860.0 -65.1
860.4 -65.32
860.8 -65.14
861.2 -64.23
861.6 -64.75
862.0 -65.3
862.4 -65.35
862.8 -64.85
863.2 -64.61
863.6 -64.98
864.0 -64.34
864.4 -65.05
864.8 -64.79
865.2 -65.52
865.6 -64.8
866.0 -64.87
866.4 -65.71
866.8 -64.63
867.2 -64.76
867.6 -65.61
868.0 -65.13
868.4 -64.4
868.8 -64.65
869.2 -65.0
869.6 -64.85
870.0 -65.11
870.4 -64.5
870.8 -64.74
871.2 -64.42
871.6 -64.91
872.0 -65.1
872.4 -64.8
872.8 -64.92
873.2 -64.57
873.6 -64.9
874.0 -64.42
874.4 -64.31
874.8 -64.38
875.2 -64.23
875.6 -64.35
876.0 -64.72
876.4 -64.84
876.8 -64.18
877.2 -64.65
877.6 -64.54
878.0 -64.74
878.4 -64.04
878.8 -64.87
879.2 -64.18
879.6 -64.02
880.0 -64.28
880.4 -64.5
880.8 -64.46
881.2 -63.93
881.6 -64.52
882.0 -64.78
882.4 -64.36
882.8 -64.7
883.2 -64.29
883.6 -64.42
884.0 -64.89
884.4 -64.19
884.8 -64.33
885.2 -63.99
885.6 -64.57
886.0 -64.24
886.4 -64.76
886.8 -64.55
887.2 -64.8
887.6 -64.12
888.0 -64.32
888.4 -64.45
888.8 -63.54
889.2 -64.54
889.6 -63.94
890.0 -64.22
890.4 -63.83
890.8 -64.47
891.2 -64.06
891.6 -63.82
892.0 -63.93
892.4 -63.74
892.8 -63.71
893.2 -64.06
893.6 -64.25
894.0 -64.05
894.4 -64.01
894.8 -63.84
895.2 -64.02
895.6 -64.02
896.0 -63.99
896.4 -64.45
896.8 -64.2
897.2 -64.1
897.6 -64.04
898.0 -63.8
898.4 -64.5
898.8 -63.88
899.2 -63.64
899.6 -64.29
900.0 -63.72
900.4 -64.24
900.8 -64.23
901.2 -64.02
901.6 -63.4
902.0 -63.42
902.4 -63.7
902.8 -64.03
903.2 -64.56
903.6 -64.12
904.0 -64.17
904.4 -64.2
904.8 -63.88
905.2 -64.24
905.6 -63.72
906.0 -64.33
906.4 -63.89
906.8 -63.92
907.2 -63.91
907.6 -63.59
908.0 -63.38
908.4 -64.2
908.8 -63.79
909.2 -64.05
909.6 -64.26
910.0 -64.08
910.4 -64.16
910.8 -63.66
911.2 -63.96
911.6 -63.88
912.0 -63.64
912.4 -64.09
912.8 -63.23
913.2 -63.47
913.6 -63.46
914.0 -63.66
914.4 -63.69
914.8 -64.3
915.2 -64.03
915.6 -63.71
916.0 -63.53
916.4 -64.0
916.8 -63.87
917.2 -63.53
917.6 -64.31
918.0 -63.51
918.4 -64.05
918.8 -64.09
919.2 -63.84
919.6 -64.39
920.0 -64.35
920.4 -63.95
920.8 -64.02
921.2 -64.0
921.6 -64.57
922.0 -64.26
922.4 -64.11
922.8 -63.96
923.2 -64.28
923.6 -63.83
924.0 -64.26
924.4 -63.8
924.8 -63.98
925.2 -63.87
925.6 -64.06
926.0 -63.68
926.4 -64.37
926.8 -63.96
927.2 -63.91
927.6 -63.79
928.0 -64.22
928.4 -63.92
928.8 -63.9
929.2 -64.0
929.6 -63.65
930.0 -63.68
930.4 -63.85
930.8 -63.74
931.2 -63.81
931.6 -64.04
932.0 -64.12
932.4 -63.74
932.8 -64.68
933.2 -64.13
933.6 -63.69
934.0 -64.11
934.4 -63.76
934.8 -64.23
935.2 -63.94
935.6 -64.18
936.0 -64.17
936.4 -64.23
936.8 -64.18
937.2 -64.18
937.6 -63.83
938.0 -63.93
938.4 -64.11
938.8 -63.73
939.2 -64.4
939.6 -63.81
940.0 -63.96
940.4 -63.76
940.8 -63.78
941.2 -63.87
941.6 -64.06
942.0 -64.22
942.4 -63.99
942.8 -63.72
943.2 -64.12
943.6 -64.17
944.0 -64.06
944.4 -63.88
944.8 -63.84
945.2 -63.98
945.6 -64.1
946.0 -63.92
946.4 -64.17
946.8 -64.33
947.2 -64.13
947.6 -63.83
948.0 -64.42
948.4 -64.17
948.8 -64.33
949.2 -64.35
949.6 -64.01
950.0 -64.09
950.4 -64.31
950.8 -64.77
951.2 -64.09
951.6 -64.21
952.0 -64.44
952.4 -64.12
952.8 -64.6
953.2 -64.3
953.6 -64.06
954.0 -64.24
954.4 -64.27
954.8 -64.45
955.2 -63.97
955.6 -63.85
956.0 -64.47
956.4 -64.15
956.8 -64.34
957.2 -63.95
957.6 -64.25
958.0 -64.05
958.4 -64.69
958.8 -64.48
959.2 -63.99
959.6 -64.35
960.0 -64.41
960.4 -64.03
960.8 -63.83
961.2 -64.06
961.6 -63.8
962.0 -63.67
962.4 -63.9
962.8 -63.71
963.2 -63.69
963.6 -64.12
964.0 -64.18
964.4 -63.61
964.8 -63.43
965.2 -63.85
965.6 -63.38
966.0 -63.64
966.4 -63.57
966.8 -63.72
967.2 -64.27
967.6 -63.96
968.0 -63.89
968.4 -63.97
968.8 -64.09
969.2 -63.98
969.6 -64.04
970.0 -63.93
970.4 -64.06
970.8 -64.12
971.2 -63.88
971.6 -64.07
972.0 -63.69
972.4 -63.93
972.8 -63.96
973.2 -63.79
973.6 -64.04
974.0 -63.98
974.4 -64.11
974.8 -64.11
975.2 -64.03
975.6 -64.13
976.0 -64.12
976.4 -64.13
976.8 -64.06
977.2 -64.39
977.6 -64.02
978.0 -64.34
978.4 -64.25
978.8 -64.29
979.2 -64.29
979.6 -64.33
980.0 -64.3
980.4 -64.51
980.8 -64.31
981.2 -64.48
981.6 -63.79
982.0 -64.22
982.4 -63.98
982.8 -63.98
983.2 -64.13
983.6 -63.98
984.0 -63.92
984.4 -63.72
984.8 -63.6
985.2 -63.67
985.6 -63.59
986.0 -63.69
986.4 -63.43
986.8 -63.52
987.2 -63.57
987.6 -63.39
988.0 -63.44
988.4 -63.47
988.8 -63.43
989.2 -63.24
989.6 -63.3
990.0 -63.37
990.4 -63.22
990.8 -63.36
991.2 -63.27
991.6 -63.11
992.0 -63.1
992.4 -62.92
992.8 -62.97
993.2 -63.02
993.6 -62.82
994.0 -62.9
994.4 -62.87
994.8 -62.79
995.2 -62.76
995.6 -63.0
996.0 -63.14
996.4 -62.89
996.8 -62.88
997.2 -62.9
997.6 -63.0
998.0 -63.0
998.4 -62.86
998.8 -62.9
999.2 -62.98
999.6 -63.15
1000.0 -63.09
