600.0 -72.37
600.4 -70.93
600.8 -70.57
601.2 -84.21
601.6 -84.24
602.0 -210.0
602.4 -210.0
602.8 -73.52
603.2 -210.0
603.6 -71.81
604.0 -78.37
604.4 -74.0
604.8 -77.46
605.2 -210.0
605.6 -73.36
606.0 -210.0
606.4 -81.54
606.8 -70.96
607.2 -78.57
607.6 -73.83
608.0 -75.11
608.4 -210.0
608.8 -210.0
609.2 -71.11
609.6 -210.0
610.0 -74.78
610.4 -78.78
610.8 -77.84
611.2 -75.81
611.6 -210.0
612.0 -71.67
612.4 -210.0
612.8 -210.0
613.2 -78.94
613.6 -74.2
614.0 -80.24
614.4 -210.0
614.8 -210.0
615.2 -79.06
615.6 -85.11
616.0 -73.67
616.4 -72.85
616.8 -72.87
617.2 -210.0
617.6 -77.44
618.0 -210.0
618.4 -71.13
618.8 -210.0
619.2 -210.0
619.6 -70.87
620.0 -73.9
620.4 -76.36
620.8 -77.63
621.2 -69.88
621.6 -210.0
622.0 -69.37
622.4 -210.0
622.8 -74.08
623.2 -210.0
623.6 -75.6
624.0 -210.0
624.4 -71.02
624.8 -210.0
625.2 -210.0
625.6 -210.0
626.0 -210.0
626.4 -73.46
626.8 -73.49
627.2 -73.03
627.6 -210.0
628.0 -76.32
628.4 -210.0
628.8 -75.12
629.2 -71.96
629.6 -72.96
630.0 -79.97
630.4 -210.0
630.8 -78.27
631.2 -75.67
631.6 -210.0
632.0 -210.0
632.4 -210.0
632.8 -210.0
633.2 -72.81
633.6 -76.26
634.0 -210.0
634.4 -72.89
634.8 -72.54
635.2 -78.59
635.6 -75.27
636.0 -210.0
636.4 -74.16
636.8 -210.0
637.2 -73.52
637.6 -71.37
638.0 -75.45
638.4 -72.47
638.8 -73.64
639.2 -73.45
639.6 -70.08
640.0 -77.7
640.4 -73.16
640.8 -76.02
641.2 -74.54
641.6 -86.89
642.0 -210.0
642.4 -79.17
642.8 -210.0
643.2 -70.69
643.6 -73.84
644.0 -210.0
644.4 -74.35
644.8 -76.76
645.2 -70.97
645.6 -74.69
646.0 -73.66
646.4 -75.55
646.8 -210.0
647.2 -72.91
647.6 -72.95
648.0 -73.65
648.4 -74.71
648.8 -74.31
649.2 -72.79
649.6 -75.84
650.0 -210.0
650.4 -74.19
650.8 -77.2
651.2 -87.63
651.6 -73.0
652.0 -77.21
652.4 -70.15
652.8 -77.22
653.2 -74.21
653.6 -73.33
654.0 -70.83
654.4 -73.67
654.8 -82.88
655.2 -210.0
655.6 -75.1
656.0 -78.12
656.4 -73.35
656.8 -69.67
657.2 -77.68
657.6 -70.95
658.0 -73.53
658.4 -74.06
658.8 -73.88
659.2 -73.37
659.6 -73.37
660.0 -71.67
660.4 -74.91
660.8 -72.78
661.2 -73.22
661.6 -71.57
662.0 -81.67
662.4 -76.9
662.8 -72.64
663.2 -74.91
663.6 -72.38
664.0 -80.71
664.4 -70.88
664.8 -73.07
665.2 -72.01
665.6 -72.64
666.0 -71.36
666.4 -72.92
666.8 -72.13
667.2 -71.78
667.6 -72.13
668.0 -71.07
668.4 -72.64
668.8 -71.26
669.2 -69.43
669.6 -70.14
670.0 -73.54
670.4 -79.23
670.8 -70.86
671.2 -72.23
671.6 -76.21
672.0 -71.23
672.4 -73.35
672.8 -76.19
673.2 -70.33
673.6 -71.32
674.0 -73.17
674.4 -73.33
674.8 -71.72
675.2 -71.95
675.6 -72.45
676.0 -80.64
676.4 -74.84
676.8 -69.83
677.2 -68.53
677.6 -68.27
678.0 -70.2
678.4 -73.99
678.8 -72.82
679.2 -73.12
679.6 -72.54
680.0 -75.28
680.4 -69.8
680.8 -71.89
681.2 -70.85
681.6 -70.01
682.0 -72.78
682.4 -71.76
682.8 -70.92
683.2 -70.73
683.6 -72.35
684.0 -71.74
684.4 -69.6
684.8 -70.62
685.2 -70.79
685.6 -210.0
686.0 -71.59
686.4 -71.48
686.8 -71.26
687.2 -72.05
687.6 -70.5
688.0 -72.17
688.4 -69.62
688.8 -71.68
689.2 -70.65
689.6 -74.04
690.0 -69.26
690.4 -70.72
690.8 -70.12
691.2 -72.96
691.6 -70.71
692.0 -72.65
692.4 -70.17
692.8 -69.71
693.2 -70.08
693.6 -70.33
694.0 -69.4
694.4 -69.83
694.8 -72.2
695.2 -72.75
695.6 -71.14
696.0 -72.18
696.4 -71.33
696.8 -70.73
697.2 -68.65
697.6 -73.03
698.0 -71.1
698.4 -69.4
698.8 -70.89
699.2 -70.5
699.6 -73.34
700.0 -70.32
700.4 -71.73
700.8 -76.5
701.2 -71.37
701.6 -74.73
702.0 -70.84
702.4 -71.47
702.8 -67.92
703.2 -71.02
703.6 -71.94
704.0 -73.1
704.4 -69.45
704.8 -71.44
705.2 -71.2
705.6 -74.44
706.0 -72.9
706.4 -70.05
706.8 -70.3
707.2 -70.76
707.6 -70.21
708.0 -73.04
708.4 -72.4
708.8 -71.26
709.2 -71.04
709.6 -67.72
710.0 -68.77
710.4 -69.83
710.8 -70.07
711.2 -71.96
711.6 -71.57
712.0 -69.89
712.4 -71.82
712.8 -71.1
713.2 -69.13
713.6 -70.39
714.0 -70.13
714.4 -68.53
714.8 -68.47
715.2 -68.97
715.6 -69.31
716.0 -68.64
716.4 -69.76
716.8 -68.33
717.2 -71.39
717.6 -75.94
718.0 -70.25
718.4 -70.83
718.8 -68.6
719.2 -68.73
719.6 -70.93
720.0 -69.56
720.4 -70.92
720.8 -71.72
721.2 -70.5
721.6 -71.35
722.0 -69.87
722.4 -70.9
722.8 -69.94
723.2 -70.78
723.6 -69.69
724.0 -71.95
724.4 -72.69
724.8 -68.8
725.2 -68.42
725.6 -70.97
726.0 -68.35
726.4 -71.93
726.8 -69.65
727.2 -68.65
727.6 -69.57
728.0 -71.28
728.4 -68.27
728.8 -68.38
729.2 -72.98
729.6 -68.2
730.0 -69.31
730.4 -68.95
730.8 -71.62
731.2 -70.5
731.6 -69.38
732.0 -68.29
732.4 -69.37
732.8 -71.13
733.2 -70.19
733.6 -68.72
734.0 -69.59
734.4 -69.2
734.8 -69.35
735.2 -69.12
735.6 -71.71
736.0 -70.17
736.4 -70.97
736.8 -69.56
737.2 -69.25
737.6 -69.97
738.0 -73.07
738.4 -69.17
738.8 -68.54
739.2 -70.63
739.6 -70.95
740.0 -70.83
740.4 -69.95
740.8 -69.95
741.2 -67.65
741.6 -67.65
742.0 -68.78
742.4 -73.23
742.8 -68.91
743.2 -72.86
743.6 -69.85
744.0 -70.2
744.4 -69.42
744.8 -70.1
745.2 -68.25
745.6 -71.5
746.0 -71.25
746.4 -69.03
746.8 -69.49
747.2 -69.4
747.6 -69.1
748.0 -72.49
748.4 -69.64
748.8 -69.16
749.2 -69.64
749.6 -72.32
750.0 -69.97
750.4 -71.34
750.8 -71.33
751.2 -72.15
751.6 -69.13
752.0 -68.06
752.4 -70.52
752.8 -68.62
753.2 -68.82
753.6 -69.33
754.0 -69.75
754.4 -72.75
754.8 -69.82
755.2 -70.38
755.6 -68.39
756.0 -69.89
756.4 -71.52
756.8 -71.78
757.2 -68.63
757.6 -67.05
758.0 -71.63
758.4 -71.36
758.8 -70.14
759.2 -68.6
759.6 -68.67
760.0 -67.96
760.4 -69.75
760.8 -71.08
761.2 -71.2
761.6 -69.92
762.0 -69.08
762.4 -69.82
762.8 -69.14
763.2 -68.11
763.6 -69.81
764.0 -68.76
764.4 -71.3
764.8 -69.98
765.2 -68.28
765.6 -70.07
766.0 -70.26
766.4 -68.02
766.8 -68.13
767.2 -68.95
767.6 -72.44
768.0 -69.59
768.4 -68.25
768.8 -70.03
769.2 -71.12
769.6 -68.71
770.0 -69.4
770.4 -70.76
770.8 -70.53
771.2 -68.04
771.6 -68.29
772.0 -68.55
772.4 -68.76
772.8 -68.03
773.2 -68.62
773.6 -68.99
774.0 -67.78
774.4 -73.98
774.8 -68.75
775.2 -70.3
775.6 -69.81
776.0 -69.54
776.4 -70.29
776.8 -68.14
777.2 -69.8
777.6 -68.33
778.0 -68.19
778.4 -68.0
778.8 -69.11
779.2 -69.36
779.6 -70.49
780.0 -67.81
780.4 -67.47
780.8 -67.93
781.2 -66.42
781.6 -69.25
782.0 -68.5
782.4 -69.51
782.8 -69.17
783.2 -69.33
783.6 -67.09
784.0 -67.35
784.4 -69.86
784.8 -68.92
785.2 -70.04
785.6 -68.28
786.0 -68.55
786.4 -69.48
786.8 -69.31
787.2 -67.12
787.6 -69.22
788.0 -68.54
788.4 -68.26
788.8 -70.66
789.2 -68.97
789.6 -68.19
790.0 -69.63
790.4 -67.93
790.8 -68.74
791.2 -68.65
791.6 -68.51
792.0 -67.8
792.4 -67.57
792.8 -67.39
793.2 -66.6
793.6 -68.43
794.0 -70.5
794.4 -66.37
794.8 -69.01
795.2 -67.66
795.6 -69.42
796.0 -67.11
796.4 -67.71
796.8 -69.78
797.2 -67.0
797.6 -67.64
798.0 -68.2
798.4 -69.85
798.8 -67.81
799.2 -68.39
799.6 -66.75
800.0 -65.88
800.4 -66.55
800.8 -66.51
801.2 -66.7
801.6 -66.65
802.0 -68.39
802.4 -66.84
802.8 -66.1
803.2 -66.71
803.6 -66.62
804.0 -67.16
804.4 -67.83
804.8 -65.8
805.2 -67.43
805.6 -66.59
806.0 -66.16
806.4 -63.7
806.8 -60.16
807.2 -56.18
807.6 -52.17
808.0 -50.7
808.4 -51.85
808.8 -52.21
809.2 -55.84
809.6 -64.31
810.0 -65.24
810.4 -67.65
810.8 -66.6
811.2 -67.27
811.6 -68.15
812.0 -67.09
812.4 -67.85
812.8 -66.33
813.2 -66.73
813.6 -68.0
814.0 -66.22
814.4 -68.33
814.8 -67.78
815.2 -68.98
815.6 -68.42
816.0 -67.01
816.4 -67.02
816.8 -68.64
817.2 -66.71
817.6 -67.45
818.0 -67.09
818.4 -68.6
818.8 -67.36
819.2 -67.81
819.6 -67.48
820.0 -67.71
820.4 -66.73
820.8 -67.17
821.2 -68.29
821.6 -68.7
822.0 -67.73
822.4 -68.46
822.8 -67.44
823.2 -67.95
823.6 -66.68
824.0 -66.87
824.4 -67.21
824.8 -67.08
825.2 -67.53
825.6 -66.68
826.0 -66.17
826.4 -67.01
826.8 -67.35
827.2 -68.21
827.6 -66.67
828.0 -67.54
828.4 -67.37
828.8 -67.83
829.2 -68.41
829.6 -67.41
830.0 -66.9
830.4 -66.64
830.8 -65.95
831.2 -66.86
831.6 -67.94
832.0 -67.48
832.4 -68.5
832.8 -68.03
833.2 -67.09
833.6 -66.39
834.0 -67.77
834.4 -66.34
834.8 -67.6
835.2 -66.99
835.6 -66.72
836.0 -66.6
836.4 -67.28
836.8 -66.12
837.2 -67.17
837.6 -66.18
838.0 -66.33
838.4 -66.5
838.8 -66.84
839.2 -66.66
839.6 -66.59
840.0 -66.43
840.4 -67.17
840.8 -66.53
841.2 -67.13
841.6 -66.8
842.0 -66.8
842.4 -66.86
842.8 -66.14
843.2 -65.96
843.6 -66.33
844.0 -66.3
844.4 -66.86
844.8 -66.41
845.2 -66.82
845.6 -66.32
846.0 -66.64
846.4 -66.07
846.8 -66.48
847.2 -66.15
847.6 -66.4
848.0 -67.02
848.4 -65.89
848.8 -66.03
849.2 -66.18
849.6 -66.43
850.0 -66.69
850.4 -66.39
850.8 -66.42
851.2 -66.1
851.6 -66.61
852.0 -65.56
852.4 -66.65
852.8 -65.94
853.2 -65.77
853.6 -65.74
854.0 -65.99
854.4 -66.02
854.8 -66.53
855.2 -65.46
855.6 -66.01
856.0 -66.19
856.4 -66.35
856.8 -65.51
857.2 -66.34
857.6 -65.09
858.0 -65.52
858.4 -65.87
858.8 -64.96
859.2 -65.76
859.6 -65.93
860.0 -65.22
860.4 -64.91
860.8 -65.49
861.2 -65.91
861.6 -65.3
862.0 -65.51
862.4 -65.96
862.8 -65.42
863.2 -65.32
863.6 -65.77
864.0 -65.91
864.4 -65.93
864.8 -66.11
865.2 -65.72
865.6 -65.95
866.0 -65.86
866.4 -65.08
866.8 -65.03
867.2 -65.29
867.6 -65.16
868.0 -64.55
868.4 -64.77
868.8 -65.05
869.2 -65.1
869.6 -65.54
870.0 -65.09
870.4 -65.52
870.8 -64.67
871.2 -65.88
871.6 -65.16
872.0 -64.98
872.4 -65.6
872.8 -64.71
873.2 -65.11
873.6 -64.98
874.0 -64.95
874.4 -65.68
874.8 -65.56
875.2 -65.31
875.6 -65.28
876.0 -64.28
876.4 -64.74
876.8 -64.2
877.2 -64.39
877.6 -65.04
878.0 -65.03
878.4 -64.83
878.8 -65.23
879.2 -64.29
879.6 -64.72
880.0 -64.05
880.4 -64.48
880.8 -65.29
881.2 -64.68
881.6 -65.18
882.0 -64.41
882.4 -65.04
882.8 -64.82
883.2 -64.36
883.6 -64.12
884.0 -64.54
884.4 -64.89
884.8 -64.78
885.2 -63.93
885.6 -64.11
886.0 -64.46
886.4 -64.76
886.8 -64.64
887.2 -65.12
887.6 -64.68
888.0 -64.34
888.4 -64.85
888.8 -65.07
889.2 -64.85
889.6 -64.49
890.0 -64.86
890.4 -64.24
890.8 -64.8
891.2 -64.63
891.6 -64.4
892.0 -64.5
892.4 -65.46
892.8 -64.23
893.2 -64.45
893.6 -64.45
894.0 -64.78
894.4 -65.05
894.8 -64.53
895.2 -64.84
895.6 -64.25
896.0 -64.87
896.4 -65.07
896.8 -64.67
897.2 -64.33
897.6 -64.55
898.0 -64.36
898.4 -64.92
898.8 -64.69
899.2 -64.64
899.6 -65.47
900.0 -64.13
900.4 -64.59
900.8 -63.78
901.2 -64.75
901.6 -64.08
902.0 -64.78
902.4 -63.81
902.8 -64.78
903.2 -64.54
903.6 -65.06
904.0 -65.07
904.4 -65.23
904.8 -64.73
905.2 -65.1
905.6 -64.14
906.0 -64.42
906.4 -64.65
906.8 -65.49
907.2 -65.04
907.6 -64.8
908.0 -65.05
908.4 -64.49
908.8 -64.56
909.2 -64.75
909.6 -64.89
910.0 -64.7
910.4 -64.77
910.8 -64.94
911.2 -64.54
911.6 -64.66
912.0 -65.15
912.4 -64.13
912.8 -64.13
913.2 -64.03
913.6 -64.2
914.0 -64.03
914.4 -64.38
914.8 -64.69
915.2 -64.84
915.6 -64.65
916.0 -64.49
916.4 -64.89
916.8 -64.46
917.2 -65.12
917.6 -65.02
918.0 -65.03
918.4 -64.82
918.8 -65.07
919.2 -64.78
919.6 -64.66
920.0 -65.28
920.4 -64.8
920.8 -64.88
921.2 -64.79
921.6 -64.98
922.0 -65.0
922.4 -65.12
922.8 -64.73
923.2 -64.64
923.6 -64.51
924.0 -64.48
924.4 -65.17
924.8 -64.84
925.2 -65.09
925.6 -64.48
926.0 -64.79
926.4 -64.97
926.8 -64.59
927.2 -64.71
927.6 -64.6
928.0 -64.86
928.4 -65.5
928.8 -64.68
929.2 -64.84
929.6 -64.57
930.0 -64.57
930.4 -64.92
930.8 -64.61
931.2 -64.36
931.6 -65.42
932.0 -65.55
932.4 -65.01
932.8 -64.92
933.2 -64.74
933.6 -64.71
934.0 -64.78
934.4 -65.24
934.8 -64.6
935.2 -65.24
935.6 -64.95
936.0 -64.79
936.4 -64.99
936.8 -64.65
937.2 -64.74
937.6 -65.32
938.0 -65.43
938.4 -64.77
938.8 -64.59
939.2 -65.42
939.6 -65.12
940.0 -65.0
940.4 -65.19
940.8 -64.95
941.2 -64.86
941.6 -64.75
942.0 -64.81
942.4 -65.38
942.8 -64.89
943.2 -65.17
943.6 -65.15
944.0 -65.01
944.4 -65.17
944.8 -64.79
945.2 -64.48
945.6 -64.51
946.0 -65.68
946.4 -64.95
946.8 -64.82
947.2 -64.79
947.6 -64.66
948.0 -65.23
948.4 -65.05
948.8 -64.45
949.2 -65.2
949.6 -64.67
950.0 -65.25
950.4 -64.86
950.8 -64.99
951.2 -65.2
951.6 -65.32
952.0 -65.4
952.4 -65.14
952.8 -65.07
953.2 -65.43
953.6 -65.42
954.0 -65.08
954.4 -65.02
954.8 -65.04
955.2 -65.41
955.6 -65.56
956.0 -65.53
956.4 -65.38
956.8 -65.19
957.2 -65.29
957.6 -64.77
958.0 -65.25
958.4 -65.2
958.8 -65.46
959.2 -65.13
959.6 -65.29
960.0 -65.38
960.4 -65.26
960.8 -65.01
961.2 -65.27
961.6 -65.03
962.0 -64.94
962.4 -65.04
962.8 -65.37
963.2 -64.82
963.6 -64.94
964.0 -64.75
964.4 -65.09
964.8 -64.78
965.2 -64.91
965.6 -64.96
966.0 -64.78
966.4 -65.1
966.8 -64.84
967.2 -65.39
967.6 -64.98
968.0 -64.75
968.4 -64.88
968.8 -65.26
969.2 -64.82
969.6 -64.78
970.0 -64.99
970.4 -65.06
970.8 -65.13
971.2 -65.32
971.6 -65.16
972.0 -64.77
972.4 -65.05
972.8 -65.3
973.2 -64.88
973.6 -65.23
974.0 -65.09
974.4 -64.87
974.8 -64.91
975.2 -65.18
975.6 -65.3
976.0 -65.32
976.4 -65.09
976.8 -65.53
977.2 -65.24
977.6 -65.31
978.0 -65.53
978.4 -65.35
978.8 -65.44
979.2 -65.39
979.6 -65.46
980.0 -65.39
980.4 -66.01
980.8 -65.62
981.2 -65.19
981.6 -65.27
982.0 -65.18
982.4 -65.15
982.8 -65.01
983.2 -65.28
983.6 -65.04
984.0 -64.68
984.4 -64.89
984.8 -64.79
985.2 -64.67
985.6 -64.53
986.0 -65.08
986.4 -64.29
986.8 -64.7
987.2 -64.36
987.6 -64.49
988.0 -64.49
988.4 -64.2
988.8 -64.37
989.2 -64.21
989.6 -64.16
990.0 -64.39
990.4 -64.46
990.8 -64.18
991.2 -64.37
991.6 -63.9
992.0 -64.02
992.4 -64.03
992.8 -64.28
993.2 -64.16
993.6 -63.66
994.0 -63.95
994.4 -64.0
994.8 -63.85
995.2 -64.07
995.6 -64.14
996.0 -63.94
996.4 -63.9
996.8 -63.91
997.2 -63.93
997.6 -64.06
998.0 -64.13
998.4 -63.96
998.8 -63.95
999.2 -64.1
999.6 -64.11
1000.0 -63.97
