600.0 -71.58
600.4 -78.13
600.8 -210.0
601.2 -84.21
601.6 -76.45
602.0 -210.0
602.4 -68.49
602.8 -71.31
603.2 -69.86
603.6 -74.37
604.0 -71.61
604.4 -69.94
604.8 -72.14
605.2 -73.67
605.6 -75.46
606.0 -210.0
606.4 -68.52
606.8 -210.0
607.2 -210.0
607.6 -69.31
608.0 -73.86
608.4 -75.13
608.8 -71.7
609.2 -75.69
609.6 -76.3
610.0 -76.99
610.4 -75.77
610.8 -71.82
611.2 -74.05
611.6 -70.4
612.0 -72.34
612.4 -69.87
612.8 -75.91
613.2 -73.83
613.6 -73.53
614.0 -72.46
614.4 -71.61
614.8 -210.0
615.2 -70.31
615.6 -80.33
616.0 -82.13
616.4 -85.16
616.8 -71.95
617.2 -72.65
617.6 -74.81
618.0 -210.0
618.4 -71.3
618.8 -72.07
619.2 -72.32
619.6 -70.57
620.0 -68.21
620.4 -85.4
620.8 -74.28
621.2 -73.4
621.6 -210.0
622.0 -72.49
622.4 -70.74
622.8 -76.51
623.2 -73.26
623.6 -76.56
624.0 -72.61
624.4 -72.64
624.8 -72.24
625.2 -73.14
625.6 -71.4
626.0 -71.12
626.4 -74.97
626.8 -71.48
627.2 -68.18
627.6 -72.84
628.0 -69.74
628.4 -73.85
628.8 -69.19
629.2 -69.31
629.6 -70.78
630.0 -73.44
630.4 -70.0
630.8 -76.51
631.2 -69.46
631.6 -74.98
632.0 -70.46
632.4 -69.64
632.8 -73.65
633.2 -70.21
633.6 -71.78
634.0 -71.66
634.4 -71.54
634.8 -67.71
635.2 -68.52
635.6 -74.64
636.0 -66.89
636.4 -70.44
636.8 -69.17
637.2 -67.89
637.6 -67.98
638.0 -69.43
638.4 -72.14
638.8 -68.94
639.2 -68.89
639.6 -69.38
640.0 -69.92
640.4 -69.22
640.8 -71.37
641.2 -68.78
641.6 -69.18
642.0 -69.76
642.4 -68.57
642.8 -67.41
643.2 -67.53
643.6 -68.03
644.0 -67.7
644.4 -68.05
644.8 -69.18
645.2 -66.95
645.6 -68.38
646.0 -67.64
646.4 -67.54
646.8 -69.29
647.2 -67.99
647.6 -67.01
648.0 -67.72
648.4 -70.42
648.8 -67.9
649.2 -69.3
649.6 -67.15
650.0 -67.28
650.4 -69.35
650.8 -67.66
651.2 -67.63
651.6 -66.62
652.0 -67.06
652.4 -67.1
652.8 -67.14
653.2 -67.59
653.6 -69.79
654.0 -66.78
654.4 -67.43
654.8 -67.66
655.2 -67.2
655.6 -68.52
656.0 -68.63
656.4 -67.98
656.8 -66.63
657.2 -67.72
657.6 -67.38
658.0 -66.74
658.4 -66.6
658.8 -66.82
659.2 -66.55
659.6 -67.0
660.0 -67.32
660.4 -66.3
660.8 -68.06
661.2 -67.87
661.6 -66.9
662.0 -65.82
662.4 -67.2
662.8 -66.23
663.2 -67.28
663.6 -66.17
664.0 -67.05
664.4 -66.87
664.8 -66.69
665.2 -66.23
665.6 -66.62
666.0 -66.94
666.4 -66.39
666.8 -66.87
667.2 -66.14
667.6 -66.3
668.0 -66.08
668.4 -66.73
668.8 -66.3
669.2 -66.9
669.6 -66.69
670.0 -66.45
670.4 -66.07
670.8 -66.28
671.2 -67.11
671.6 -66.67
672.0 -66.08
672.4 -66.63
672.8 -66.35
673.2 -66.97
673.6 -66.07
674.0 -66.44
674.4 -66.71
674.8 -66.56
675.2 -66.53
675.6 -66.63
676.0 -65.56
676.4 -66.83
676.8 -66.65
677.2 -66.12
677.6 -65.97
678.0 -66.4
678.4 -65.93
678.8 -65.64
679.2 -65.89
679.6 -65.53
680.0 -66.35
680.4 -66.06
680.8 -66.54
681.2 -65.43
681.6 -65.63
682.0 -66.09
682.4 -65.08
682.8 -65.61
683.2 -66.24
683.6 -66.04
684.0 -65.52
684.4 -66.25
684.8 -65.74
685.2 -66.05
685.6 -65.47
686.0 -65.77
686.4 -65.3
686.8 -65.24
687.2 -65.88
687.6 -65.67
688.0 -66.8
688.4 -64.8
688.8 -65.77
689.2 -65.7
689.6 -66.93
690.0 -65.72
690.4 -65.35
690.8 -66.17
691.2 -66.26
691.6 -66.2
692.0 -65.22
692.4 -65.32
692.8 -65.27
693.2 -65.67
693.6 -66.4
694.0 -64.65
694.4 -64.88
694.8 -64.96
695.2 -65.42
695.6 -65.91
696.0 -65.58
696.4 -65.74
696.8 -65.83
697.2 -65.17
697.6 -65.2
698.0 -65.11
698.4 -65.9
698.8 -65.45
699.2 -66.21
699.6 -65.19
700.0 -65.69
700.4 -65.23
700.8 -65.09
701.2 -64.9
701.6 -65.03
702.0 -65.32
702.4 -65.59
702.8 -64.79
703.2 -65.35
703.6 -65.05
704.0 -66.31
704.4 -66.13
704.8 -65.56
705.2 -65.49
705.6 -65.83
706.0 -65.07
706.4 -66.0
706.8 -65.42
707.2 -65.26
707.6 -65.86
708.0 -64.68
708.4 -64.79
708.8 -65.22
709.2 -65.02
709.6 -64.91
710.0 -64.32
710.4 -65.14
710.8 -65.27
711.2 -65.78
711.6 -65.29
712.0 -65.2
712.4 -65.29
712.8 -65.03
713.2 -65.6
713.6 -65.07
714.0 -64.84
714.4 -67.06
714.8 -64.93
715.2 -65.45
715.6 -65.28
716.0 -65.92
716.4 -65.21
716.8 -65.56
717.2 -65.09
717.6 -65.14
718.0 -65.22
718.4 -66.38
718.8 -66.23
719.2 -65.92
719.6 -65.53
720.0 -64.79
720.4 -65.94
720.8 -65.54
721.2 -65.05
721.6 -65.83
722.0 -65.21
722.4 -65.6
722.8 -66.22
723.2 -65.2
723.6 -65.31
724.0 -64.94
724.4 -65.64
724.8 -65.57
725.2 -65.57
725.6 -65.5
726.0 -65.2
726.4 -65.31
726.8 -65.27
727.2 -65.8
727.6 -65.3
728.0 -65.41
728.4 -65.5
728.8 -65.75
729.2 -65.34
729.6 -65.08
730.0 -65.16
730.4 -65.39
730.8 -64.98
731.2 -65.41
731.6 -65.63
732.0 -65.46
732.4 -66.67
732.8 -65.4
733.2 -65.3
733.6 -65.04
734.0 -64.49
734.4 -66.53
734.8 -64.28
735.2 -64.95
735.6 -65.53
736.0 -65.43
736.4 -66.84
736.8 -65.75
737.2 -66.59
737.6 -66.38
738.0 -66.08
738.4 -65.2
738.8 -65.73
739.2 -65.4
739.6 -65.69
740.0 -65.65
740.4 -66.32
740.8 -66.1
741.2 -64.78
741.6 -65.61
742.0 -66.05
742.4 -65.54
742.8 -65.53
743.2 -65.6
743.6 -65.97
744.0 -65.12
744.4 -65.18
744.8 -65.82
745.2 -65.46
745.6 -65.99
746.0 -65.85
746.4 -64.83
746.8 -65.32
747.2 -65.53
747.6 -65.6
748.0 -65.53
748.4 -65.12
748.8 -64.78
749.2 -66.08
749.6 -65.4
750.0 -65.89
750.4 -65.42
750.8 -64.84
751.2 -65.67
751.6 -65.49
752.0 -65.79
752.4 -65.96
752.8 -65.78
753.2 -65.81
753.6 -65.87
754.0 -65.37
754.4 -65.39
754.8 -65.52
755.2 -65.29
755.6 -65.07
756.0 -65.74
756.4 -66.37
756.8 -65.98
757.2 -66.01
757.6 -66.23
758.0 -65.1
758.4 -65.81
758.8 -64.35
759.2 -66.62
759.6 -66.67
760.0 -64.72
760.4 -65.35
760.8 -66.39
761.2 -64.29
761.6 -64.86
762.0 -64.7
762.4 -64.96
762.8 -65.29
763.2 -65.26
763.6 -66.25
764.0 -64.49
764.4 -65.51
764.8 -65.43
765.2 -64.82
765.6 -65.67
766.0 -66.51
766.4 -65.1
766.8 -65.09
767.2 -66.29
767.6 -65.51
768.0 -65.05
768.4 -65.61
768.8 -65.77
769.2 -65.92
769.6 -65.43
770.0 -65.91
770.4 -64.91
770.8 -65.42
771.2 -65.55
771.6 -64.68
772.0 -64.76
772.4 -65.98
772.8 -65.68
773.2 -64.67
773.6 -65.41
774.0 -65.6
774.4 -65.01
774.8 -65.46
775.2 -65.4
775.6 -65.26
776.0 -65.22
776.4 -64.85
776.8 -65.06
777.2 -65.22
777.6 -65.0
778.0 -64.78
778.4 -65.72
778.8 -65.38
779.2 -65.95
779.6 -65.15
780.0 -65.04
780.4 -64.63
780.8 -64.6
781.2 -65.4
781.6 -65.13
782.0 -65.63
782.4 -66.12
782.8 -64.68
783.2 -65.31
783.6 -65.73
784.0 -66.53
784.4 -65.66
784.8 -65.79
785.2 -65.05
785.6 -65.47
786.0 -65.2
786.4 -64.32
786.8 -65.13
787.2 -64.53
787.6 -64.65
788.0 -65.57
788.4 -64.99
788.8 -65.12
789.2 -64.67
789.6 -65.25
790.0 -65.69
790.4 -65.08
790.8 -64.46
791.2 -64.65
791.6 -64.42
792.0 -64.94
792.4 -64.34
792.8 -65.35
793.2 -65.32
793.6 -65.22
794.0 -64.51
794.4 -63.94
794.8 -64.95
795.2 -64.8
795.6 -64.85
796.0 -64.91
796.4 -65.04
796.8 -65.65
797.2 -64.63
797.6 -64.66
798.0 -64.04
798.4 -64.26
798.8 -64.68
799.2 -64.08
799.6 -64.89
800.0 -64.1
800.4 -64.73
800.8 -64.56
801.2 -64.4
801.6 -64.21
802.0 -64.51
802.4 -64.43
802.8 -64.72
803.2 -63.43
803.6 -65.03
804.0 -63.83
804.4 -64.82
804.8 -64.26
805.2 -63.98
805.6 -63.65
806.0 -62.6
806.4 -60.94
806.8 -57.51
807.2 -53.89
807.6 -49.86
808.0 -48.53
808.4 -49.45
808.8 -50.01
809.2 -54.15
809.6 -61.3
810.0 -63.16
810.4 -63.74
810.8 -63.37
811.2 -63.46
811.6 -64.6
812.0 -63.28
812.4 -64.99
812.8 -64.35
813.2 -64.25
813.6 -64.56
814.0 -63.64
814.4 -64.32
814.8 -64.11
815.2 -63.48
815.6 -64.48
816.0 -63.59
816.4 -63.94
816.8 -63.89
817.2 -63.48
817.6 -63.89
818.0 -63.71
818.4 -63.65
818.8 -64.05
819.2 -64.11
819.6 -64.36
820.0 -63.99
820.4 -63.59
820.8 -64.09
821.2 -63.37
821.6 -63.6
822.0 -63.55
822.4 -63.87
822.8 -63.81
823.2 -64.58
823.6 -63.61
824.0 -63.13
824.4 -64.1
824.8 -63.78
825.2 -63.93
825.6 -64.44
826.0 -63.31
826.4 -63.67
826.8 -63.67
827.2 -64.07
827.6 -64.37
828.0 -64.58
828.4 -63.73
828.8 -63.68
829.2 -63.48
829.6 -63.45
830.0 -63.41
830.4 -64.0
830.8 -64.12
831.2 -63.91
831.6 -63.69
832.0 -63.76
832.4 -63.71
832.8 -63.86
833.2 -63.97
833.6 -63.78
834.0 -63.22
834.4 -63.94
834.8 -64.15
835.2 -63.77
835.6 -63.78
836.0 -64.12
836.4 -63.73
836.8 -63.88
837.2 -63.87
837.6 -64.27
838.0 -63.95
838.4 -64.35
838.8 -63.58
839.2 -64.25
839.6 -64.46
840.0 -64.75
840.4 -64.6
840.8 -64.31
841.2 -64.31
841.6 -64.39
842.0 -64.12
842.4 -64.26
842.8 -64.17
843.2 -64.2
843.6 -64.26
844.0 -64.17
844.4 -64.13
844.8 -63.74
845.2 -64.25
845.6 -63.67
846.0 -64.79
846.4 -64.06
846.8 -64.19
847.2 -64.24
847.6 -65.08
848.0 -64.81
848.4 -65.15
848.8 -64.9
849.2 -64.13
849.6 -64.32
850.0 -63.98
850.4 -64.33
850.8 -64.43
851.2 -64.42
851.6 -64.65
852.0 -64.38
852.4 -64.57
852.8 -64.43
853.2 -64.49
853.6 -64.62
854.0 -64.48
854.4 -64.79
854.8 -65.57
855.2 -64.32
855.6 -63.82
856.0 -64.1
856.4 -64.54
856.8 -64.5
857.2 -64.75
857.6 -64.57
858.0 -64.44
858.4 -64.54
858.8 -64.99
859.2 -64.31
859.6 -64.5
860.0 -64.88
860.4 -64.1
860.8 -64.06
861.2 -64.19
861.6 -64.42
862.0 -65.03
862.4 -64.45
862.8 -64.56
863.2 -64.54
863.6 -64.49
864.0 -64.49
864.4 -64.09
864.8 -64.29
865.2 -64.94
865.6 -65.11
866.0 -64.73
866.4 -64.72
866.8 -64.55
867.2 -64.41
867.6 -64.47
868.0 -64.89
868.4 -64.82
868.8 -64.72
869.2 -64.54
869.6 -64.52
870.0 -64.33
870.4 -64.7
870.8 -64.7
871.2 -64.53
871.6 -64.61
872.0 -64.28
872.4 -64.92
872.8 -64.87
873.2 -64.59
873.6 -64.45
874.0 -64.71
874.4 -64.35
874.8 -64.25
875.2 -64.91
875.6 -64.59
876.0 -64.17
876.4 -64.52
876.8 -64.29
877.2 -64.39
877.6 -64.05
878.0 -64.58
878.4 -64.78
878.8 -64.77
879.2 -64.33
879.6 -64.1
880.0 -64.07
880.4 -64.26
880.8 -64.39
881.2 -64.59
881.6 -64.24
882.0 -64.64
882.4 -64.36
882.8 -64.6
883.2 -64.23
883.6 -64.94
884.0 -65.36
884.4 -64.82
884.8 -64.69
885.2 -64.66
885.6 -64.26
886.0 -64.55
886.4 -64.55
886.8 -64.41
887.2 -64.82
887.6 -64.43
888.0 -64.49
888.4 -64.63
888.8 -64.08
889.2 -64.58
889.6 -64.21
890.0 -64.26
890.4 -64.31
890.8 -64.12
891.2 -64.52
891.6 -64.43
892.0 -63.93
892.4 -64.37
892.8 -65.25
893.2 -65.12
893.6 -64.25
894.0 -64.46
894.4 -64.37
894.8 -64.84
895.2 -64.23
895.6 -64.72
896.0 -64.17
896.4 -64.73
896.8 -64.53
897.2 -64.86
897.6 -64.62
898.0 -64.5
898.4 -64.17
898.8 -65.13
899.2 -64.69
899.6 -64.29
900.0 -64.94
900.4 -64.48
900.8 -64.49
901.2 -64.29
901.6 -64.57
902.0 -65.05
902.4 -64.52
902.8 -64.97
903.2 -64.7
903.6 -65.03
904.0 -64.69
904.4 -64.76
904.8 -65.26
905.2 -64.22
905.6 -65.17
906.0 -64.91
906.4 -64.67
906.8 -64.19
907.2 -64.18
907.6 -64.8
908.0 -64.31
908.4 -64.66
908.8 -64.29
909.2 -64.18
909.6 -64.91
910.0 -64.55
910.4 -64.42
910.8 -64.43
911.2 -64.47
911.6 -64.21
912.0 -64.65
912.4 -64.01
912.8 -64.38
913.2 -64.79
913.6 -64.94
914.0 -64.76
914.4 -65.55
914.8 -64.79
915.2 -64.48
915.6 -64.89
916.0 -64.82
916.4 -64.28
916.8 -64.9
917.2 -64.96
917.6 -65.11
918.0 -64.99
918.4 -65.1
918.8 -65.49
919.2 -64.72
919.6 -65.52
920.0 -64.8
920.4 -64.76
920.8 -65.66
921.2 -64.81
921.6 -64.87
922.0 -64.54
922.4 -65.06
922.8 -65.06
923.2 -65.05
923.6 -64.68
924.0 -64.88
924.4 -65.24
924.8 -65.04
925.2 -64.83
925.6 -65.55
926.0 -64.99
926.4 -65.46
926.8 -64.99
927.2 -65.47
927.6 -66.24
928.0 -66.13
928.4 -65.14
928.8 -64.7
929.2 -65.05
929.6 -65.8
930.0 -65.27
930.4 -65.09
930.8 -65.42
931.2 -65.46
931.6 -65.68
932.0 -65.4
932.4 -65.4
932.8 -64.84
933.2 -64.81
933.6 -66.13
934.0 -65.7
934.4 -65.96
934.8 -65.74
935.2 -65.54
935.6 -65.28
936.0 -65.58
936.4 -65.27
936.8 -65.92
937.2 -65.84
937.6 -66.02
938.0 -65.17
938.4 -65.34
938.8 -66.08
939.2 -65.61
939.6 -65.38
940.0 -66.14
940.4 -65.86
940.8 -65.78
941.2 -65.33
941.6 -66.37
942.0 -65.39
942.4 -66.05
942.8 -66.63
943.2 -65.54
943.6 -65.4
944.0 -65.89
944.4 -65.14
944.8 -65.11
945.2 -65.72
945.6 -65.38
946.0 -65.43
946.4 -65.43
946.8 -65.52
947.2 -66.23
947.6 -65.73
948.0 -65.41
948.4 -65.67
948.8 -65.43
949.2 -65.67
949.6 -65.74
950.0 -65.38
950.4 -65.47
950.8 -65.73
951.2 -66.06
951.6 -65.77
952.0 -65.26
952.4 -65.54
952.8 -65.92
953.2 -65.4
953.6 -65.83
954.0 -66.28
954.4 -65.34
954.8 -65.62
955.2 -65.44
955.6 -65.56
956.0 -65.58
956.4 -65.47
956.8 -65.48
957.2 -65.26
957.6 -65.4
958.0 -65.86
958.4 -65.51
958.8 -65.62
959.2 -65.69
959.6 -65.36
960.0 -66.03
960.4 -65.84
960.8 -65.58
961.2 -65.63
961.6 -65.87
962.0 -65.45
962.4 -65.02
962.8 -65.43
963.2 -65.21
963.6 -65.74
964.0 -65.51
964.4 -65.54
964.8 -65.61
965.2 -65.29
965.6 -65.26
966.0 -65.77
966.4 -65.47
966.8 -65.83
967.2 -65.4
967.6 -65.15
968.0 -65.49
968.4 -65.45
968.8 -65.21
969.2 -65.35
969.6 -65.38
970.0 -65.39
970.4 -65.68
970.8 -65.33
971.2 -65.08
971.6 -65.19
972.0 -65.2
972.4 -65.03
972.8 -64.97
973.2 -64.95
973.6 -65.19
974.0 -64.94
974.4 -65.38
974.8 -65.41
975.2 -65.39
975.6 -65.38
976.0 -65.65
976.4 -65.48
976.8 -65.52
977.2 -65.6
977.6 -65.42
978.0 -65.62
978.4 -65.67
978.8 -65.72
979.2 -65.37
979.6 -65.31
980.0 -65.84
980.4 -65.38
980.8 -65.26
981.2 -65.3
981.6 -65.08
982.0 -65.07
982.4 -65.14
982.8 -64.75
983.2 -64.89
983.6 -64.65
984.0 -64.71
984.4 -64.88
984.8 -64.68
985.2 -64.67
985.6 -64.57
986.0 -64.48
986.4 -64.45
986.8 -64.25
987.2 -64.38
987.6 -64.16
988.0 -64.33
988.4 -63.92
988.8 -63.77
989.2 -64.15
989.6 -63.9
990.0 -63.83
990.4 -63.98
990.8 -63.78
991.2 -63.65
991.6 -63.78
992.0 -63.75
992.4 -63.57
992.8 -63.58
993.2 -63.41
993.6 -63.16
994.0 -63.45
994.4 -63.32
994.8 -63.37
995.2 -63.2
995.6 -63.27
996.0 -63.39
996.4 -63.18
996.8 -63.37
997.2 -63.4
997.6 -63.36
998.0 -63.39
998.4 -63.39
998.8 -63.48
999.2 -63.38
999.6 -63.24
1000.0 -63.16
