600.0 -72.37
600.4 -210.0
600.8 -72.14
601.2 -78.18
601.6 -69.46
602.0 -210.0
602.4 -210.0
602.8 -73.52
603.2 -68.65
603.6 -210.0
604.0 -210.0
604.4 -210.0
604.8 -72.98
605.2 -69.84
605.6 -210.0
606.0 -69.47
606.4 -73.41
606.8 -75.54
607.2 -210.0
607.6 -71.84
608.0 -76.2
608.4 -70.2
608.8 -210.0
609.2 -210.0
609.6 -70.78
610.0 -69.33
610.4 -80.03
610.8 -210.0
611.2 -73.38
611.6 -70.9
612.0 -72.11
612.4 -210.0
612.8 -78.92
613.2 -74.17
613.6 -68.87
614.0 -71.04
614.4 -69.98
614.8 -70.29
615.2 -82.08
615.6 -73.64
616.0 -69.22
616.4 -70.68
616.8 -210.0
617.2 -80.43
617.6 -72.22
618.0 -75.26
618.4 -210.0
618.8 -70.82
619.2 -69.3
619.6 -71.2
620.0 -69.68
620.4 -71.42
620.8 -74.28
621.2 -72.44
621.6 -68.06
622.0 -73.45
622.4 -69.39
622.8 -73.5
623.2 -75.57
623.6 -77.14
624.0 -85.62
624.4 -72.64
624.8 -70.75
625.2 -70.51
625.6 -69.28
626.0 -72.32
626.4 -72.34
626.8 -68.89
627.2 -69.58
627.6 -67.15
628.0 -72.86
628.4 -72.67
628.8 -69.68
629.2 -68.69
629.6 -73.92
630.0 -74.23
630.4 -71.4
630.8 -69.33
631.2 -70.06
631.6 -71.49
632.0 -72.53
632.4 -68.39
632.8 -71.89
633.2 -70.67
633.6 -70.23
634.0 -72.86
634.4 -73.76
634.8 -73.34
635.2 -71.46
635.6 -71.93
636.0 -70.1
636.4 -71.41
636.8 -69.68
637.2 -68.4
637.6 -69.74
638.0 -68.01
638.4 -68.76
638.8 -69.01
639.2 -68.22
639.6 -72.08
640.0 -70.4
640.4 -68.65
640.8 -69.49
641.2 -69.14
641.6 -67.91
642.0 -67.57
642.4 -68.89
642.8 -70.18
643.2 -69.87
643.6 -68.61
644.0 -66.76
644.4 -68.62
644.8 -68.14
645.2 -67.71
645.6 -67.8
646.0 -68.3
646.4 -67.49
646.8 -69.72
647.2 -68.87
647.6 -68.62
648.0 -67.91
648.4 -67.41
648.8 -67.0
649.2 -67.65
649.6 -68.06
650.0 -67.88
650.4 -67.24
650.8 -67.12
651.2 -66.73
651.6 -67.09
652.0 -67.54
652.4 -68.05
652.8 -68.09
653.2 -67.03
653.6 -67.19
654.0 -66.68
654.4 -67.11
654.8 -66.94
655.2 -67.28
655.6 -66.52
656.0 -66.8
656.4 -67.8
656.8 -67.45
657.2 -66.78
657.6 -67.11
658.0 -67.18
658.4 -66.74
658.8 -66.61
659.2 -66.89
659.6 -66.04
660.0 -65.99
660.4 -66.66
660.8 -66.17
661.2 -65.85
661.6 -66.2
662.0 -66.9
662.4 -66.36
662.8 -66.52
663.2 -66.49
663.6 -66.3
664.0 -66.33
664.4 -65.42
664.8 -66.02
665.2 -66.2
665.6 -66.3
666.0 -66.23
666.4 -67.01
666.8 -66.9
667.2 -65.82
667.6 -65.88
668.0 -65.93
668.4 -66.3
668.8 -65.93
669.2 -66.17
669.6 -66.08
670.0 -66.38
670.4 -66.35
670.8 -65.89
671.2 -66.5
671.6 -65.45
672.0 -65.65
672.4 -65.62
672.8 -65.15
673.2 -65.05
673.6 -66.55
674.0 -65.69
674.4 -66.25
674.8 -65.96
675.2 -65.85
675.6 -65.51
676.0 -65.48
676.4 -66.29
676.8 -66.09
677.2 -66.28
677.6 -66.25
678.0 -65.4
678.4 -65.76
678.8 -65.53
679.2 -65.39
679.6 -65.45
680.0 -65.71
680.4 -66.03
680.8 -65.9
681.2 -65.81
681.6 -66.01
682.0 -65.38
682.4 -65.79
682.8 -65.42
683.2 -65.22
683.6 -64.79
684.0 -65.23
684.4 -65.74
684.8 -65.51
685.2 -65.09
685.6 -65.84
686.0 -65.0
686.4 -65.89
686.8 -65.22
687.2 -65.56
687.6 -65.7
688.0 -65.78
688.4 -65.69
688.8 -66.27
689.2 -65.16
689.6 -65.48
690.0 -64.56
690.4 -65.35
690.8 -65.22
691.2 -65.82
691.6 -64.83
692.0 -64.9
692.4 -64.94
692.8 -64.96
693.2 -65.53
693.6 -65.76
694.0 -64.13
694.4 -65.51
694.8 -64.88
695.2 -65.15
695.6 -64.95
696.0 -66.23
696.4 -65.26
696.8 -64.41
697.2 -64.74
697.6 -65.09
698.0 -64.71
698.4 -65.71
698.8 -65.37
699.2 -64.69
699.6 -65.47
700.0 -64.78
700.4 -65.28
700.8 -66.06
701.2 -64.54
701.6 -64.81
702.0 -64.65
702.4 -64.52
702.8 -64.64
703.2 -65.76
703.6 -65.64
704.0 -65.07
704.4 -65.71
704.8 -64.71
705.2 -64.62
705.6 -64.67
706.0 -65.09
706.4 -64.44
706.8 -65.53
707.2 -64.67
707.6 -64.89
708.0 -64.78
708.4 -65.56
708.8 -65.03
709.2 -64.61
709.6 -64.69
710.0 -65.63
710.4 -64.73
710.8 -64.89
711.2 -64.82
711.6 -65.43
712.0 -64.58
712.4 -64.91
712.8 -65.03
713.2 -65.42
713.6 -65.07
714.0 -65.27
714.4 -65.2
714.8 -64.58
715.2 -65.11
715.6 -64.77
716.0 -65.08
716.4 -64.46
716.8 -64.96
717.2 -65.23
717.6 -64.2
718.0 -64.64
718.4 -64.3
718.8 -64.99
719.2 -64.45
719.6 -64.99
720.0 -65.46
720.4 -64.57
720.8 -64.29
721.2 -65.22
721.6 -64.78
722.0 -65.75
722.4 -65.07
722.8 -64.59
723.2 -64.74
723.6 -64.84
724.0 -65.22
724.4 -64.55
724.8 -64.67
725.2 -64.67
725.6 -64.07
726.0 -65.2
726.4 -64.0
726.8 -64.5
727.2 -65.07
727.6 -65.55
728.0 -65.12
728.4 -64.69
728.8 -64.91
729.2 -65.0
729.6 -64.75
730.0 -64.72
730.4 -64.93
730.8 -64.31
731.2 -64.76
731.6 -64.33
732.0 -64.97
732.4 -64.4
732.8 -65.14
733.2 -64.69
733.6 -64.51
734.0 -64.77
734.4 -65.38
734.8 -64.07
735.2 -65.44
735.6 -64.44
736.0 -65.5
736.4 -64.56
736.8 -64.76
737.2 -64.63
737.6 -65.03
738.0 -64.73
738.4 -65.32
738.8 -66.04
739.2 -64.41
739.6 -64.44
740.0 -65.09
740.4 -64.68
740.8 -65.18
741.2 -64.83
741.6 -63.97
742.0 -65.35
742.4 -64.8
742.8 -66.04
743.2 -64.9
743.6 -64.53
744.0 -64.73
744.4 -64.84
744.8 -64.44
745.2 -64.5
745.6 -64.34
746.0 -65.51
746.4 -64.56
746.8 -65.71
747.2 -64.58
747.6 -65.02
748.0 -65.1
748.4 -64.57
748.8 -64.52
749.2 -65.01
749.6 -64.84
750.0 -65.14
750.4 -63.84
750.8 -64.73
751.2 -64.63
751.6 -65.15
752.0 -65.11
752.4 -64.88
752.8 -64.6
753.2 -64.6
753.6 -64.38
754.0 -64.51
754.4 -64.74
754.8 -64.34
755.2 -65.22
755.6 -64.36
756.0 -64.43
756.4 -65.15
756.8 -64.19
757.2 -64.68
757.6 -64.87
758.0 -65.04
758.4 -64.2
758.8 -64.05
759.2 -65.2
759.6 -64.57
760.0 -64.92
760.4 -64.67
760.8 -65.82
761.2 -64.39
761.6 -64.55
762.0 -64.96
762.4 -64.51
762.8 -64.92
763.2 -64.05
763.6 -65.04
764.0 -64.39
764.4 -64.63
764.8 -64.51
765.2 -65.4
765.6 -64.4
766.0 -64.34
766.4 -64.04
766.8 -64.77
767.2 -64.68
767.6 -64.82
768.0 -64.79
768.4 -64.76
768.8 -64.16
769.2 -64.89
769.6 -64.92
770.0 -64.85
770.4 -63.95
770.8 -64.2
771.2 -64.2
771.6 -64.71
772.0 -64.24
772.4 -64.22
772.8 -64.53
773.2 -64.5
773.6 -64.42
774.0 -64.92
774.4 -65.23
774.8 -65.14
775.2 -64.26
775.6 -64.58
776.0 -64.14
776.4 -64.14
776.8 -65.06
777.2 -64.57
777.6 -64.51
778.0 -64.64
778.4 -64.24
778.8 -64.61
779.2 -63.94
779.6 -64.73
780.0 -64.36
780.4 -64.36
780.8 -64.77
781.2 -64.33
781.6 -64.29
782.0 -64.54
782.4 -64.56
782.8 -64.68
783.2 -64.58
783.6 -64.42
784.0 -64.72
784.4 -64.34
784.8 -64.07
785.2 -63.83
785.6 -64.3
786.0 -63.6
786.4 -64.19
786.8 -64.08
787.2 -64.01
787.6 -63.84
788.0 -63.63
788.4 -63.13
788.8 -64.69
789.2 -64.0
789.6 -64.47
790.0 -64.6
790.4 -63.8
790.8 -64.46
791.2 -63.81
791.6 -64.48
792.0 -64.08
792.4 -64.79
792.8 -63.68
793.2 -63.42
793.6 -64.52
794.0 -63.43
794.4 -64.19
794.8 -64.16
795.2 -63.32
795.6 -64.15
796.0 -64.47
796.4 -64.15
796.8 -63.76
797.2 -64.72
797.6 -64.22
798.0 -64.19
798.4 -63.96
798.8 -63.53
799.2 -64.26
799.6 -63.27
800.0 -63.87
800.4 -63.57
800.8 -63.7
801.2 -63.58
801.6 -63.71
802.0 -63.81
802.4 -63.76
802.8 -63.59
803.2 -63.26
803.6 -63.47
804.0 -63.66
804.4 -63.8
804.8 -63.14
805.2 -63.4
805.6 -62.72
806.0 -61.85
806.4 -60.19
806.8 -56.99
807.2 -53.13
807.6 -49.14
808.0 -47.81
808.4 -48.76
808.8 -49.46
809.2 -53.46
809.6 -60.29
810.0 -61.87
810.4 -62.99
810.8 -62.42
811.2 -63.1
811.6 -63.19
812.0 -63.26
812.4 -62.68
812.8 -63.05
813.2 -62.49
813.6 -62.94
814.0 -63.33
814.4 -63.12
814.8 -63.64
815.2 -62.73
815.6 -63.56
816.0 -63.42
816.4 -63.47
816.8 -63.12
817.2 -63.19
817.6 -63.28
818.0 -62.75
818.4 -63.15
818.8 -62.91
819.2 -63.92
819.6 -63.5
820.0 -63.27
820.4 -63.12
820.8 -63.07
821.2 -63.19
821.6 -63.49
822.0 -62.89
822.4 -63.22
822.8 -63.06
823.2 -63.37
823.6 -63.36
824.0 -62.84
824.4 -63.01
824.8 -62.67
825.2 -62.78
825.6 -63.04
826.0 -63.51
826.4 -63.11
826.8 -62.78
827.2 -63.18
827.6 -62.93
828.0 -62.64
828.4 -63.36
828.8 -62.68
829.2 -62.75
829.6 -62.73
830.0 -62.94
830.4 -63.18
830.8 -63.23
831.2 -62.83
831.6 -63.07
832.0 -62.68
832.4 -63.06
832.8 -62.83
833.2 -63.06
833.6 -62.72
834.0 -62.65
834.4 -62.94
834.8 -62.87
835.2 -62.45
835.6 -62.51
836.0 -62.37
836.4 -62.53
836.8 -62.44
837.2 -62.85
837.6 -62.66
838.0 -63.21
838.4 -62.81
838.8 -62.59
839.2 -62.82
839.6 -62.74
840.0 -62.68
840.4 -62.45
840.8 -62.68
841.2 -63.2
841.6 -62.88
842.0 -63.1
842.4 -62.94
842.8 -62.61
843.2 -62.97
843.6 -63.06
844.0 -63.32
844.4 -62.65
844.8 -62.97
845.2 -63.26
845.6 -62.83
846.0 -63.0
846.4 -62.94
846.8 -63.45
847.2 -63.22
847.6 -62.98
848.0 -62.69
848.4 -63.02
848.8 -62.68
849.2 -62.65
849.6 -62.63
850.0 -63.21
850.4 -62.82
850.8 -63.07
851.2 -62.87
851.6 -62.83
852.0 -62.8
852.4 -63.15
852.8 -63.66
853.2 -62.8
853.6 -62.62
854.0 -62.89
854.4 -62.97
854.8 -62.81
855.2 -62.79
855.6 -63.29
856.0 -62.93
856.4 -63.0
856.8 -63.26
857.2 -62.7
857.6 -62.75
858.0 -62.79
858.4 -62.74
858.8 -63.59
859.2 -62.54
859.6 -62.95
860.0 -62.41
860.4 -63.08
860.8 -62.5
861.2 -62.46
861.6 -62.73
862.0 -62.66
862.4 -62.61
862.8 -63.09
863.2 -62.72
863.6 -62.77
864.0 -62.86
864.4 -62.97
864.8 -62.83
865.2 -62.97
865.6 -63.05
866.0 -63.02
866.4 -62.59
866.8 -62.98
867.2 -62.66
867.6 -62.73
868.0 -62.61
868.4 -62.46
868.8 -62.42
869.2 -62.64
869.6 -63.46
870.0 -63.0
870.4 -62.36
870.8 -62.24
871.2 -63.02
871.6 -62.89
872.0 -62.77
872.4 -63.07
872.8 -62.25
873.2 -63.18
873.6 -62.6
874.0 -62.89
874.4 -62.66
874.8 -62.86
875.2 -62.52
875.6 -62.92
876.0 -63.13
876.4 -63.2
876.8 -63.09
877.2 -62.73
877.6 -63.45
878.0 -62.67
878.4 -62.57
878.8 -62.75
879.2 -62.76
879.6 -62.68
880.0 -62.43
880.4 -62.64
880.8 -62.7
881.2 -62.37
881.6 -62.53
882.0 -62.99
882.4 -62.8
882.8 -62.65
883.2 -62.66
883.6 -62.56
884.0 -62.95
884.4 -62.75
884.8 -62.71
885.2 -62.56
885.6 -62.73
886.0 -62.46
886.4 -62.52
886.8 -62.34
887.2 -62.61
887.6 -62.29
888.0 -62.5
888.4 -62.47
888.8 -62.48
889.2 -62.93
889.6 -62.13
890.0 -62.94
890.4 -62.49
890.8 -62.64
891.2 -62.4
891.6 -62.33
892.0 -62.62
892.4 -62.77
892.8 -62.63
893.2 -62.74
893.6 -62.72
894.0 -62.1
894.4 -62.26
894.8 -62.8
895.2 -62.4
895.6 -62.67
896.0 -62.24
896.4 -62.6
896.8 -62.87
897.2 -62.66
897.6 -62.7
898.0 -62.52
898.4 -62.43
898.8 -62.37
899.2 -62.48
899.6 -62.34
900.0 -62.57
900.4 -61.92
900.8 -62.66
901.2 -62.38
901.6 -62.7
902.0 -62.26
902.4 -62.14
902.8 -62.51
903.2 -62.67
903.6 -62.22
904.0 -62.19
904.4 -62.44
904.8 -61.99
905.2 -62.29
905.6 -62.26
906.0 -62.14
906.4 -62.55
906.8 -62.59
907.2 -62.14
907.6 -62.01
908.0 -61.63
908.4 -62.03
908.8 -61.94
909.2 -61.99
909.6 -61.64
910.0 -62.12
910.4 -61.95
910.8 -61.9
911.2 -62.1
911.6 -61.78
912.0 -61.6
912.4 -61.79
912.8 -61.75
913.2 -61.54
913.6 -61.63
914.0 -61.74
914.4 -61.92
914.8 -62.03
915.2 -61.89
915.6 -62.0
916.0 -61.99
916.4 -61.94
916.8 -62.03
917.2 -61.97
917.6 -62.03
918.0 -61.74
918.4 -61.83
918.8 -61.48
919.2 -62.14
919.6 -61.8
920.0 -61.88
920.4 -61.96
920.8 -61.87
921.2 -61.77
921.6 -61.8
922.0 -61.85
922.4 -61.96
922.8 -61.78
923.2 -61.49
923.6 -61.72
924.0 -61.71
924.4 -61.67
924.8 -61.79
925.2 -61.7
925.6 -61.77
926.0 -61.64
926.4 -62.0
926.8 -61.86
927.2 -61.44
927.6 -61.62
928.0 -61.71
928.4 -61.34
928.8 -61.78
929.2 -61.38
929.6 -61.49
930.0 -61.34
930.4 -61.73
930.8 -61.56
931.2 -61.76
931.6 -61.47
932.0 -61.41
932.4 -61.47
932.8 -61.55
933.2 -61.54
933.6 -61.65
934.0 -61.74
934.4 -61.58
934.8 -61.73
935.2 -61.74
935.6 -61.55
936.0 -61.66
936.4 -61.72
936.8 -61.74
937.2 -61.48
937.6 -61.38
938.0 -61.72
938.4 -61.58
938.8 -61.55
939.2 -61.62
939.6 -61.79
940.0 -61.57
940.4 -61.71
940.8 -61.59
941.2 -61.76
941.6 -61.58
942.0 -61.82
942.4 -61.78
942.8 -61.92
943.2 -61.84
943.6 -61.83
944.0 -61.92
944.4 -61.64
944.8 -61.4
945.2 -61.78
945.6 -61.95
946.0 -61.6
946.4 -61.76
946.8 -61.47
947.2 -61.54
947.6 -61.41
948.0 -61.87
948.4 -61.59
948.8 -61.58
949.2 -61.6
949.6 -61.83
950.0 -61.59
950.4 -61.67
950.8 -61.76
951.2 -61.53
951.6 -61.78
952.0 -61.49
952.4 -61.65
952.8 -61.57
953.2 -61.63
953.6 -61.43
954.0 -61.4
954.4 -61.65
954.8 -61.57
955.2 -61.47
955.6 -61.59
956.0 -61.56
956.4 -61.68
956.8 -61.26
957.2 -61.49
957.6 -61.59
958.0 -61.66
958.4 -61.45
958.8 -61.63
959.2 -61.48
959.6 -61.45
960.0 -61.39
960.4 -61.34
960.8 -61.35
961.2 -61.42
961.6 -61.14
962.0 -61.3
962.4 -61.24
962.8 -61.31
963.2 -61.32
963.6 -61.32
964.0 -61.19
964.4 -60.97
964.8 -61.05
965.2 -60.98
965.6 -60.99
966.0 -60.98
966.4 -61.19
966.8 -61.41
967.2 -61.09
967.6 -61.1
968.0 -61.26
968.4 -61.24
968.8 -61.16
969.2 -61.41
969.6 -61.09
970.0 -61.08
970.4 -61.27
970.8 -61.2
971.2 -61.27
971.6 -61.27
972.0 -61.26
972.4 -61.27
972.8 -61.16
973.2 -61.2
973.6 -61.3
974.0 -61.32
974.4 -61.33
974.8 -61.3
975.2 -61.37
975.6 -61.48
976.0 -61.42
976.4 -61.41
976.8 -61.38
977.2 -61.61
977.6 -61.55
978.0 -61.59
978.4 -61.5
978.8 -61.53
979.2 -61.49
979.6 -61.37
980.0 -61.62
980.4 -61.38
980.8 -61.73
981.2 -61.31
981.6 -61.66
982.0 -61.37
982.4 -61.18
982.8 -61.22
983.2 -61.49
983.6 -61.32
984.0 -61.2
984.4 -60.96
984.8 -60.86
985.2 -60.98
985.6 -60.96
986.0 -60.85
986.4 -60.9
986.8 -60.87
987.2 -60.66
987.6 -60.73
988.0 -60.69
988.4 -60.74
988.8 -60.57
989.2 -60.58
989.6 -60.62
990.0 -60.46
990.4 -60.47
990.8 -60.39
991.2 -60.26
991.6 -60.22
992.0 -60.31
992.4 -60.33
992.8 -60.48
993.2 -60.36
993.6 -60.44
994.0 -60.27
994.4 -60.28
994.8 -60.39
995.2 -60.3
995.6 -60.27
996.0 -60.51
996.4 -60.45
996.8 -60.37
997.2 -60.5
997.6 -60.45
998.0 -60.34
998.4 -60.36
998.8 -60.42
999.2 -60.35
999.6 -60.25
1000.0 -60.32
