600.0 -77.15
600.4 -210.0
600.8 -210.0
601.2 -81.2
601.6 -210.0
602.0 -70.84
602.4 -74.29
602.8 -84.32
603.2 -79.56
603.6 -84.37
604.0 -70.78
604.4 -84.42
604.8 -210.0
605.2 -78.44
605.6 -72.73
606.0 -74.11
606.4 -210.0
606.8 -72.27
607.2 -210.0
607.6 -210.0
608.0 -210.0
608.4 -79.9
608.8 -210.0
609.2 -210.0
609.6 -210.0
610.0 -69.21
610.4 -210.0
610.8 -70.35
611.2 -71.42
611.6 -70.73
612.0 -77.11
612.4 -73.46
612.8 -210.0
613.2 -210.0
613.6 -75.0
614.0 -210.0
614.4 -75.49
614.8 -210.0
615.2 -210.0
615.6 -73.64
616.0 -73.09
616.4 -74.02
616.8 -82.17
617.2 -210.0
617.6 -70.04
618.0 -85.26
618.4 -79.25
618.8 -210.0
619.2 -73.86
619.6 -76.31
620.0 -210.0
620.4 -70.21
620.8 -72.63
621.2 -210.0
621.6 -210.0
622.0 -73.73
622.4 -71.54
622.8 -210.0
623.2 -72.56
623.6 -74.46
624.0 -69.7
624.4 -74.85
624.8 -210.0
625.2 -210.0
625.6 -210.0
626.0 -79.72
626.4 -71.96
626.8 -78.81
627.2 -85.82
627.6 -210.0
628.0 -210.0
628.4 -210.0
628.8 -82.91
629.2 -85.94
629.6 -74.5
630.0 -210.0
630.4 -210.0
630.8 -75.26
631.2 -210.0
631.6 -71.8
632.0 -210.0
632.4 -210.0
632.8 -71.89
633.2 -77.78
633.6 -210.0
634.0 -69.75
634.4 -81.54
634.8 -210.0
635.2 -76.38
635.6 -210.0
636.0 -73.43
636.4 -79.48
636.8 -86.5
637.2 -72.05
637.6 -74.25
638.0 -210.0
638.4 -78.16
638.8 -74.6
639.2 -210.0
639.6 -210.0
640.0 -210.0
640.4 -79.79
640.8 -73.81
641.2 -86.85
641.6 -72.91
642.0 -75.45
642.4 -74.17
642.8 -210.0
643.2 -73.6
643.6 -79.28
644.0 -71.78
644.4 -72.99
644.8 -77.63
645.2 -70.77
645.6 -71.8
646.0 -71.36
646.4 -76.52
646.8 -73.55
647.2 -72.33
647.6 -71.09
648.0 -72.27
648.4 -75.19
648.8 -74.11
649.2 -72.38
649.6 -73.63
650.0 -74.83
650.4 -81.59
650.8 -72.84
651.2 -72.18
651.6 -72.44
652.0 -81.6
652.4 -71.84
652.8 -71.84
653.2 -73.49
653.6 -72.87
654.0 -72.33
654.4 -74.22
654.8 -70.67
655.2 -71.63
655.6 -73.68
656.0 -81.64
656.4 -78.63
656.8 -72.89
657.2 -77.26
657.6 -76.54
658.0 -80.69
658.4 -74.89
658.8 -72.12
659.2 -72.91
659.6 -71.77
660.0 -72.51
660.4 -71.07
660.8 -74.08
661.2 -69.7
661.6 -71.36
662.0 -73.22
662.4 -81.67
662.8 -74.27
663.2 -80.71
663.6 -72.01
664.0 -84.69
664.4 -72.78
664.8 -73.72
665.2 -74.91
665.6 -72.13
666.0 -73.55
666.4 -73.22
666.8 -71.46
667.2 -71.78
667.6 -75.39
668.0 -75.14
668.4 -69.06
668.8 -76.9
669.2 -72.13
669.6 -71.26
670.0 -71.66
670.4 -73.37
670.8 -74.89
671.2 -73.7
671.6 -71.65
672.0 -71.33
672.4 -69.96
672.8 -73.68
673.2 -71.86
673.6 -71.42
674.0 -74.42
674.4 -70.74
674.8 -77.22
675.2 -72.58
675.6 -70.39
676.0 -73.15
676.4 -72.31
676.8 -75.31
677.2 -70.89
677.6 -71.93
678.0 -71.17
678.4 -71.58
678.8 -81.57
679.2 -70.19
679.6 -72.54
680.0 -71.35
680.4 -70.6
680.8 -75.81
681.2 -72.13
681.6 -70.49
682.0 -69.85
682.4 -71.32
682.8 -71.21
683.2 -69.62
683.6 -69.54
684.0 -71.3
684.4 -71.73
684.8 -71.73
685.2 -69.52
685.6 -71.08
686.0 -71.94
686.4 -69.44
686.8 -70.68
687.2 -75.19
687.6 -72.3
688.0 -71.05
688.4 -76.01
688.8 -72.29
689.2 -72.28
689.6 -75.7
690.0 -72.27
690.4 -69.96
690.8 -72.26
691.2 -71.64
691.6 -70.62
692.0 -70.61
692.4 -70.17
692.8 -70.34
693.2 -68.6
693.6 -70.87
694.0 -69.2
694.4 -72.2
694.8 -70.14
695.2 -70.22
695.6 -72.19
696.0 -70.38
696.4 -70.28
696.8 -69.5
697.2 -72.29
697.6 -69.02
698.0 -76.54
698.4 -70.42
698.8 -69.0
699.2 -74.53
699.6 -70.07
700.0 -70.06
700.4 -70.05
700.8 -69.74
701.2 -69.22
701.6 -72.81
702.0 -70.2
702.4 -70.19
702.8 -72.35
703.2 -72.07
703.6 -68.06
704.0 -69.32
704.4 -72.76
704.8 -69.91
705.2 -69.9
705.6 -71.66
706.0 -69.73
706.4 -69.14
706.8 -69.96
707.2 -71.17
707.6 -69.2
708.0 -71.27
708.4 -69.77
708.8 -70.1
709.2 -71.85
709.6 -71.98
710.0 -69.45
710.4 -71.47
710.8 -70.33
711.2 -71.46
711.6 -69.73
712.0 -71.95
712.4 -70.8
712.8 -69.97
713.2 -70.4
713.6 -68.48
714.0 -68.6
714.4 -71.92
714.8 -69.04
715.2 -69.61
715.6 -69.94
716.0 -70.37
716.4 -72.03
716.8 -71.9
717.2 -66.91
717.6 -69.08
718.0 -70.53
718.4 -70.44
718.8 -71.26
719.2 -68.48
719.6 -70.15
720.0 -68.41
720.4 -69.56
720.8 -69.4
721.2 -70.05
721.6 -69.96
722.0 -70.04
722.4 -69.39
722.8 -73.04
723.2 -67.93
723.6 -69.94
724.0 -68.74
724.4 -71.09
724.8 -70.76
725.2 -68.3
725.6 -70.27
726.0 -68.66
726.4 -68.23
726.8 -69.05
727.2 -70.85
727.6 -68.71
728.0 -70.84
728.4 -69.33
728.8 -69.03
729.2 -72.04
729.6 -70.23
730.0 -69.79
730.4 -72.03
730.8 -69.86
731.2 -67.9
731.6 -70.81
732.0 -69.52
732.4 -68.6
732.8 -67.53
733.2 -70.58
733.6 -68.46
734.0 -68.34
734.4 -71.72
734.8 -71.85
735.2 -70.09
735.6 -70.66
736.0 -70.46
736.4 -70.16
736.8 -70.35
737.2 -67.06
737.6 -71.19
738.0 -69.32
738.4 -72.56
738.8 -69.88
739.2 -70.53
739.6 -68.48
740.0 -71.29
740.4 -67.93
740.8 -71.17
741.2 -68.78
741.6 -79.06
742.0 -71.93
742.4 -69.52
742.8 -68.77
743.2 -68.84
743.6 -68.91
744.0 -70.01
744.4 -70.59
744.8 -72.35
745.2 -71.91
745.6 -73.59
746.0 -69.74
746.4 -69.33
746.8 -70.79
747.2 -68.68
747.6 -68.54
748.0 -72.83
748.4 -70.56
748.8 -68.8
749.2 -69.01
749.6 -69.31
750.0 -71.87
750.4 -71.87
750.8 -68.58
751.2 -68.92
751.6 -70.74
752.0 -68.3
752.4 -69.68
752.8 -70.31
753.2 -68.42
753.6 -69.92
754.0 -69.03
754.4 -70.29
754.8 -69.57
755.2 -70.69
755.6 -67.63
756.0 -69.46
756.4 -69.3
756.8 -71.13
757.2 -69.79
757.6 -68.83
758.0 -67.71
758.4 -68.1
758.8 -68.04
759.2 -70.04
759.6 -68.67
760.0 -69.25
760.4 -67.62
760.8 -69.16
761.2 -69.57
761.6 -68.38
762.0 -68.12
762.4 -70.1
762.8 -69.55
763.2 -70.29
763.6 -68.99
764.0 -67.58
764.4 -70.18
764.8 -71.55
765.2 -68.75
765.6 -70.37
766.0 -68.08
766.4 -67.3
766.8 -68.01
767.2 -69.1
767.6 -68.52
768.0 -68.72
768.4 -66.84
768.8 -69.66
769.2 -70.03
769.6 -69.24
770.0 -69.31
770.4 -67.92
770.8 -70.32
771.2 -68.85
771.6 -72.24
772.0 -68.28
772.4 -68.16
772.8 -68.03
773.2 -67.1
773.6 -68.62
774.0 -68.21
774.4 -69.13
774.8 -68.27
775.2 -67.24
775.6 -69.13
776.0 -67.55
776.4 -70.4
776.8 -67.18
777.2 -72.38
777.6 -68.97
778.0 -68.25
778.4 -68.59
778.8 -69.79
779.2 -70.08
779.6 -67.71
780.0 -68.05
780.4 -68.31
780.8 -69.1
781.2 -67.11
781.6 -67.52
782.0 -68.71
782.4 -67.86
782.8 -67.57
783.2 -67.4
783.6 -68.36
784.0 -68.1
784.4 -67.19
784.8 -66.79
785.2 -71.16
785.6 -67.55
786.0 -67.61
786.4 -66.88
786.8 -68.14
787.2 -67.38
787.6 -68.2
788.0 -67.83
788.4 -71.14
788.8 -69.3
789.2 -68.19
789.6 -68.82
790.0 -67.31
790.4 -67.87
790.8 -68.25
791.2 -67.74
791.6 -67.09
792.0 -69.81
792.4 -66.85
792.8 -67.67
793.2 -68.94
793.6 -70.19
794.0 -66.78
794.4 -67.28
794.8 -67.78
795.2 -70.18
795.6 -68.02
796.0 -69.08
796.4 -68.77
796.8 -66.63
797.2 -69.24
797.6 -66.62
798.0 -68.76
798.4 -69.06
798.8 -68.68
799.2 -68.46
799.6 -67.52
800.0 -68.18
800.4 -68.31
800.8 -67.92
801.2 -67.25
801.6 -66.56
802.0 -68.0
802.4 -67.93
802.8 -66.95
803.2 -66.76
803.6 -68.91
804.0 -67.89
804.4 -68.14
804.8 -66.86
805.2 -68.28
805.6 -66.16
806.0 -66.12
806.4 -63.96
806.8 -60.04
807.2 -56.13
807.6 -52.06
808.0 -50.68
808.4 -51.82
808.8 -52.15
809.2 -55.75
809.6 -63.63
810.0 -65.62
810.4 -67.26
810.8 -67.22
811.2 -68.47
811.6 -66.7
812.0 -68.03
812.4 -66.8
812.8 -68.79
813.2 -68.44
813.6 -66.39
814.0 -67.48
814.4 -68.01
814.8 -67.61
815.2 -68.08
815.6 -68.76
816.0 -66.64
816.4 -66.74
816.8 -68.24
817.2 -66.84
817.6 -67.55
818.0 -68.01
818.4 -67.67
818.8 -68.82
819.2 -67.69
819.6 -67.81
820.0 -69.23
820.4 -67.25
820.8 -66.62
821.2 -69.04
821.6 -69.88
822.0 -67.78
822.4 -69.57
822.8 -66.65
823.2 -66.15
823.6 -65.8
824.0 -68.52
824.4 -67.93
824.8 -68.01
825.2 -66.7
825.6 -67.45
826.0 -67.41
826.4 -66.79
826.8 -67.76
827.2 -67.36
827.6 -68.12
828.0 -67.35
828.4 -66.02
828.8 -67.01
829.2 -66.69
829.6 -65.96
830.0 -67.99
830.4 -67.51
830.8 -66.55
831.2 -66.86
831.6 -67.22
832.0 -68.65
832.4 -67.03
832.8 -66.93
833.2 -67.34
833.6 -66.72
834.0 -67.68
834.4 -66.48
834.8 -67.6
835.2 -66.04
835.6 -67.06
836.0 -66.71
836.4 -65.88
836.8 -66.76
837.2 -66.79
837.6 -66.93
838.0 -66.67
838.4 -67.26
838.8 -67.54
839.2 -67.2
839.6 -66.05
840.0 -66.73
840.4 -67.17
840.8 -66.87
841.2 -66.91
841.6 -67.4
842.0 -66.46
842.4 -67.16
842.8 -67.68
843.2 -66.55
843.6 -66.45
844.0 -67.16
844.4 -66.97
844.8 -67.5
845.2 -66.01
845.6 -66.82
846.0 -66.1
846.4 -67.07
846.8 -66.51
847.2 -67.66
847.6 -66.37
848.0 -66.91
848.4 -66.53
848.8 -65.83
849.2 -66.99
849.6 -66.03
850.0 -66.2
850.4 -66.36
850.8 -66.52
851.2 -66.16
851.6 -65.46
852.0 -65.75
852.4 -66.01
852.8 -67.26
853.2 -66.67
853.6 -66.5
854.0 -66.3
854.4 -67.13
854.8 -66.43
855.2 -65.65
855.6 -65.38
856.0 -65.64
856.4 -66.04
856.8 -65.78
857.2 -65.42
857.6 -66.25
858.0 -65.71
858.4 -65.01
858.8 -65.76
859.2 -66.02
859.6 -64.92
860.0 -65.53
860.4 -65.37
860.8 -65.85
861.2 -65.01
861.6 -64.84
862.0 -64.98
862.4 -66.47
862.8 -64.88
863.2 -65.14
863.6 -65.16
864.0 -66.0
864.4 -65.43
864.8 -65.43
865.2 -65.09
865.6 -65.36
866.0 -65.04
866.4 -64.81
866.8 -65.23
867.2 -64.58
867.6 -65.61
868.0 -63.98
868.4 -65.03
868.8 -65.35
869.2 -65.22
869.6 -65.68
870.0 -65.47
870.4 -64.98
870.8 -65.0
871.2 -65.14
871.6 -65.58
872.0 -65.16
872.4 -64.78
872.8 -64.78
873.2 -65.08
873.6 -64.45
874.0 -64.85
874.4 -65.32
874.8 -64.58
875.2 -65.56
875.6 -65.07
876.0 -64.38
876.4 -65.65
876.8 -65.26
877.2 -64.99
877.6 -64.77
878.0 -64.91
878.4 -64.78
878.8 -64.52
879.2 -65.11
879.6 -64.53
880.0 -64.55
880.4 -64.43
880.8 -64.26
881.2 -64.43
881.6 -64.55
882.0 -64.71
882.4 -64.23
882.8 -64.49
883.2 -64.12
883.6 -64.47
884.0 -64.21
884.4 -64.51
884.8 -64.59
885.2 -64.91
885.6 -65.32
886.0 -64.59
886.4 -64.53
886.8 -64.69
887.2 -64.75
887.6 -64.68
888.0 -64.19
888.4 -64.58
888.8 -64.92
889.2 -64.72
889.6 -64.49
890.0 -64.09
890.4 -65.17
890.8 -64.54
891.2 -64.06
891.6 -64.14
892.0 -64.53
892.4 -64.26
892.8 -64.84
893.2 -64.49
893.6 -64.38
894.0 -64.64
894.4 -64.35
894.8 -65.16
895.2 -64.31
895.6 -64.18
896.0 -65.05
896.4 -64.11
896.8 -64.78
897.2 -63.83
897.6 -64.78
898.0 -64.75
898.4 -64.26
898.8 -64.48
899.2 -64.51
899.6 -64.48
900.0 -64.58
900.4 -64.42
900.8 -65.21
901.2 -64.22
901.6 -65.02
902.0 -64.78
902.4 -64.68
902.8 -64.25
903.2 -64.68
903.6 -64.43
904.0 -64.36
904.4 -64.12
904.8 -64.4
905.2 -64.97
905.6 -64.58
906.0 -65.01
906.4 -64.62
906.8 -65.1
907.2 -64.99
907.6 -65.04
908.0 -65.0
908.4 -63.89
908.8 -64.27
909.2 -64.45
909.6 -65.03
910.0 -64.44
910.4 -64.93
910.8 -64.04
911.2 -64.39
911.6 -64.98
912.0 -64.59
912.4 -63.94
912.8 -63.7
913.2 -64.08
913.6 -64.2
914.0 -64.37
914.4 -64.48
914.8 -64.52
915.2 -64.56
915.6 -65.02
916.0 -64.47
916.4 -64.82
916.8 -64.94
917.2 -64.66
917.6 -64.7
918.0 -64.65
918.4 -64.71
918.8 -64.61
919.2 -64.37
919.6 -64.62
920.0 -64.47
920.4 -64.8
920.8 -64.84
921.2 -64.46
921.6 -64.63
922.0 -65.13
922.4 -65.32
922.8 -65.14
923.2 -64.98
923.6 -64.53
924.0 -64.39
924.4 -64.53
924.8 -64.63
925.2 -64.72
925.6 -64.62
926.0 -64.3
926.4 -63.93
926.8 -64.7
927.2 -64.67
927.6 -65.04
928.0 -64.68
928.4 -64.55
928.8 -64.2
929.2 -64.74
929.6 -64.36
930.0 -64.05
930.4 -64.4
930.8 -64.56
931.2 -64.47
931.6 -64.63
932.0 -64.57
932.4 -64.58
932.8 -64.65
933.2 -64.29
933.6 -64.85
934.0 -64.81
934.4 -64.78
934.8 -64.78
935.2 -65.05
935.6 -64.82
936.0 -64.93
936.4 -64.38
936.8 -65.19
937.2 -64.55
937.6 -64.95
938.0 -64.75
938.4 -65.59
938.8 -64.64
939.2 -64.79
939.6 -65.3
940.0 -64.77
940.4 -65.05
940.8 -65.12
941.2 -64.7
941.6 -65.15
942.0 -65.19
942.4 -64.85
942.8 -64.92
943.2 -64.87
943.6 -65.09
944.0 -65.07
944.4 -64.62
944.8 -64.68
945.2 -65.34
945.6 -64.82
946.0 -64.81
946.4 -64.83
946.8 -64.37
947.2 -65.09
947.6 -65.26
948.0 -65.07
948.4 -64.58
948.8 -64.72
949.2 -64.95
949.6 -64.91
950.0 -65.05
950.4 -65.03
950.8 -65.23
951.2 -64.79
951.6 -64.78
952.0 -64.75
952.4 -64.66
952.8 -65.39
953.2 -65.56
953.6 -65.07
954.0 -65.03
954.4 -65.25
954.8 -65.23
955.2 -64.99
955.6 -65.12
956.0 -65.11
956.4 -65.4
956.8 -65.12
957.2 -65.13
957.6 -64.97
958.0 -65.25
958.4 -64.77
958.8 -64.97
959.2 -64.93
959.6 -65.11
960.0 -64.86
960.4 -65.03
960.8 -65.27
961.2 -64.58
961.6 -65.04
962.0 -64.93
962.4 -64.82
962.8 -64.75
963.2 -64.97
963.6 -64.26
964.0 -64.33
964.4 -64.56
964.8 -64.84
965.2 -64.75
965.6 -64.25
966.0 -64.43
966.4 -65.25
966.8 -65.26
967.2 -64.47
967.6 -65.21
968.0 -64.97
968.4 -65.15
968.8 -65.53
969.2 -64.8
969.6 -65.32
970.0 -65.16
970.4 -65.08
970.8 -65.08
971.2 -65.11
971.6 -65.46
972.0 -65.24
972.4 -65.01
972.8 -65.1
973.2 -65.26
973.6 -65.11
974.0 -65.13
974.4 -65.16
974.8 -64.95
975.2 -65.33
975.6 -64.92
976.0 -64.76
976.4 -65.53
976.8 -65.02
977.2 -65.45
977.6 -65.21
978.0 -65.25
978.4 -65.37
978.8 -64.97
979.2 -65.8
979.6 -65.59
980.0 -66.0
980.4 -65.24
980.8 -65.44
981.2 -65.49
981.6 -65.04
982.0 -65.38
982.4 -65.14
982.8 -65.05
983.2 -64.97
983.6 -65.0
984.0 -65.23
984.4 -65.12
984.8 -64.88
985.2 -64.98
985.6 -64.74
986.0 -64.64
986.4 -64.7
986.8 -64.6
987.2 -64.6
987.6 -64.34
988.0 -64.41
988.4 -64.5
988.8 -64.29
989.2 -64.23
989.6 -64.3
990.0 -64.35
990.4 -64.4
990.8 -64.15
991.2 -64.11
991.6 -64.17
992.0 -63.99
992.4 -64.06
992.8 -64.05
993.2 -63.85
993.6 -64.02
994.0 -63.81
994.4 -64.07
994.8 -64.01
995.2 -63.91
995.6 -63.79
996.0 -64.1
996.4 -64.08
996.8 -63.86
997.2 -63.98
997.6 -63.9
998.0 -63.98
998.4 -64.3
998.8 -63.88
999.2 -63.9
999.6 -63.87
1000.0 -64.11
