600.0 -72.67
600.4 -210.0
600.8 -79.41
601.2 -71.42
601.6 -210.0
602.0 -74.27
602.4 -210.0
602.8 -73.9
603.2 -67.71
603.6 -210.0
604.0 -210.0
604.4 -73.62
604.8 -72.14
605.2 -76.68
605.6 -210.0
606.0 -71.74
606.4 -73.08
606.8 -71.57
607.2 -210.0
607.6 -210.0
608.0 -70.51
608.4 -73.88
608.8 -76.25
609.2 -70.92
609.6 -79.98
610.0 -68.65
610.4 -210.0
610.8 -68.49
611.2 -74.43
611.6 -74.08
612.0 -80.12
612.4 -77.14
612.8 -210.0
613.2 -210.0
613.6 -72.69
614.0 -210.0
614.4 -72.73
614.8 -75.07
615.2 -78.1
615.6 -70.96
616.0 -71.71
616.4 -70.84
616.8 -74.38
617.2 -73.44
617.6 -70.45
618.0 -78.27
618.4 -75.73
618.8 -210.0
619.2 -76.87
619.6 -75.35
620.0 -76.91
620.4 -69.06
620.8 -210.0
621.2 -71.3
621.6 -70.02
622.0 -75.95
622.4 -73.75
622.8 -77.09
623.2 -210.0
623.6 -210.0
624.0 -78.63
624.4 -73.6
624.8 -69.23
625.2 -210.0
625.6 -73.95
626.0 -72.74
626.4 -72.98
626.8 -73.49
627.2 -72.39
627.6 -75.85
628.0 -78.08
628.4 -210.0
628.8 -73.36
629.2 -76.39
629.6 -79.94
630.0 -74.23
630.4 -73.47
630.8 -73.05
631.2 -72.11
631.6 -71.2
632.0 -76.6
632.4 -72.03
632.8 -71.29
633.2 -69.8
633.6 -75.46
634.0 -69.56
634.4 -73.53
634.8 -71.57
635.2 -78.59
635.6 -70.96
636.0 -210.0
636.4 -78.68
636.8 -74.19
637.2 -70.29
637.6 -70.43
638.0 -74.03
638.4 -71.56
638.8 -70.02
639.2 -71.36
639.6 -71.39
640.0 -72.76
640.4 -71.46
640.8 -71.02
641.2 -73.23
641.6 -71.7
642.0 -71.73
642.4 -73.53
642.8 -72.08
643.2 -69.24
643.6 -75.93
644.0 -68.77
644.4 -69.65
644.8 -69.54
645.2 -75.44
645.6 -70.0
646.0 -72.5
646.4 -70.5
646.8 -74.13
647.2 -71.94
647.6 -70.1
648.0 -71.43
648.4 -70.96
648.8 -70.46
649.2 -70.49
649.6 -70.36
650.0 -68.22
650.4 -69.91
650.8 -72.05
651.2 -71.29
651.6 -73.15
652.0 -69.63
652.4 -70.23
652.8 -68.83
653.2 -69.18
653.6 -70.24
654.0 -69.94
654.4 -70.24
654.8 -70.5
655.2 -69.02
655.6 -69.39
656.0 -69.6
656.4 -70.18
656.8 -69.28
657.2 -68.87
657.6 -69.16
658.0 -68.87
658.4 -69.97
658.8 -69.11
659.2 -68.71
659.6 -68.6
660.0 -69.43
660.4 -70.45
660.8 -69.12
661.2 -70.79
661.6 -70.37
662.0 -69.84
662.4 -69.37
662.8 -69.7
663.2 -68.56
663.6 -68.45
664.0 -68.66
664.4 -69.43
664.8 -68.66
665.2 -69.77
665.6 -68.89
666.0 -69.31
666.4 -71.78
666.8 -68.11
667.2 -70.97
667.6 -69.63
668.0 -68.25
668.4 -69.43
668.8 -69.37
669.2 -69.99
669.6 -69.91
670.0 -69.23
670.4 -68.49
670.8 -70.04
671.2 -68.87
671.6 -68.87
672.0 -69.21
672.4 -68.17
672.8 -69.2
673.2 -69.95
673.6 -69.14
674.0 -68.4
674.4 -68.95
674.8 -67.38
675.2 -68.29
675.6 -70.56
676.0 -67.41
676.4 -67.54
676.8 -68.98
677.2 -69.29
677.6 -67.36
678.0 -67.83
678.4 -69.82
678.8 -68.4
679.2 -69.4
679.6 -67.86
680.0 -68.78
680.4 -68.89
680.8 -68.08
681.2 -69.38
681.6 -68.02
682.0 -69.23
682.4 -69.23
682.8 -67.05
683.2 -68.3
683.6 -68.56
684.0 -68.14
684.4 -68.08
684.8 -67.11
685.2 -67.52
685.6 -67.93
686.0 -68.47
686.4 -69.44
686.8 -68.74
687.2 -67.24
687.6 -67.62
688.0 -68.35
688.4 -67.02
688.8 -66.51
689.2 -68.22
689.6 -67.38
690.0 -67.82
690.4 -69.06
690.8 -68.31
691.2 -67.44
691.6 -67.75
692.0 -67.17
692.4 -67.59
692.8 -68.9
693.2 -68.21
693.6 -67.15
694.0 -68.1
694.4 -67.01
694.8 -66.89
695.2 -67.12
695.6 -67.08
696.0 -66.87
696.4 -66.86
696.8 -67.58
697.2 -67.35
697.6 -67.22
698.0 -66.8
698.4 -68.63
698.8 -66.79
699.2 -67.58
699.6 -65.73
700.0 -67.01
700.4 -66.92
700.8 -67.52
701.2 -68.09
701.6 -67.74
702.0 -66.82
702.4 -67.58
702.8 -66.81
703.2 -65.92
703.6 -65.89
704.0 -67.29
704.4 -67.84
704.8 -67.41
705.2 -67.64
705.6 -66.29
706.0 -66.42
706.4 -66.99
706.8 -67.96
707.2 -67.46
707.6 -67.42
708.0 -67.27
708.4 -67.35
708.8 -66.07
709.2 -67.77
709.6 -67.77
710.0 -66.51
710.4 -66.62
710.8 -67.32
711.2 -66.81
711.6 -66.88
712.0 -66.42
712.4 -66.57
712.8 -67.3
713.2 -66.09
713.6 -65.81
714.0 -65.69
714.4 -65.97
714.8 -67.97
715.2 -65.67
715.6 -67.75
716.0 -65.96
716.4 -66.08
716.8 -67.0
717.2 -66.91
717.6 -66.28
718.0 -65.48
718.4 -66.2
718.8 -66.64
719.2 -66.72
719.6 -67.23
720.0 -67.7
720.4 -65.97
720.8 -66.58
721.2 -66.91
721.6 -66.82
722.0 -65.79
722.4 -66.46
722.8 -66.72
723.2 -66.93
723.6 -66.41
724.0 -66.36
724.4 -65.77
724.8 -66.74
725.2 -66.62
725.6 -65.89
726.0 -66.94
726.4 -65.88
726.8 -67.2
727.2 -65.8
727.6 -67.73
728.0 -66.0
728.4 -66.63
728.8 -66.79
729.2 -66.74
729.6 -67.0
730.0 -66.19
730.4 -66.08
730.8 -66.07
731.2 -65.83
731.6 -66.52
732.0 -66.59
732.4 -66.13
732.8 -66.59
733.2 -66.35
733.6 -66.5
734.0 -67.18
734.4 -66.34
734.8 -66.57
735.2 -66.04
735.6 -65.72
736.0 -66.44
736.4 -65.49
736.8 -65.42
737.2 -65.95
737.6 -65.7
738.0 -66.19
738.4 -66.34
738.8 -65.93
739.2 -66.07
739.6 -67.37
740.0 -65.89
740.4 -66.9
740.8 -65.39
741.2 -65.45
741.6 -66.28
742.0 -66.28
742.4 -66.43
742.8 -65.02
743.2 -66.42
743.6 -65.22
744.0 -66.57
744.4 -65.24
744.8 -65.93
745.2 -65.49
745.6 -65.45
746.0 -66.25
746.4 -65.26
746.8 -65.54
747.2 -65.47
747.6 -66.09
748.0 -66.12
748.4 -66.15
748.8 -66.23
749.2 -66.42
749.6 -64.73
750.0 -65.89
750.4 -66.25
750.8 -65.7
751.2 -65.84
751.6 -65.87
752.0 -67.02
752.4 -65.79
752.8 -66.88
753.2 -65.44
753.6 -66.4
754.0 -65.8
754.4 -66.35
754.8 -66.04
755.2 -66.38
755.6 -66.46
756.0 -65.7
756.4 -65.74
756.8 -65.42
757.2 -65.76
757.6 -65.55
758.0 -66.12
758.4 -65.96
758.8 -66.34
759.2 -65.17
759.6 -66.13
760.0 -65.62
760.4 -64.81
760.8 -64.83
761.2 -66.39
761.6 -66.04
762.0 -66.07
762.4 -65.36
762.8 -65.2
763.2 -65.73
763.6 -64.56
764.0 -65.44
764.4 -64.91
764.8 -64.51
765.2 -65.18
765.6 -65.08
766.0 -65.91
766.4 -65.32
766.8 -65.98
767.2 -64.31
767.6 -65.06
768.0 -67.13
768.4 -65.68
768.8 -64.83
769.2 -64.75
769.6 -65.49
770.0 -65.22
770.4 -64.57
770.8 -65.42
771.2 -65.55
771.6 -65.84
772.0 -64.96
772.4 -64.67
772.8 -65.21
773.2 -64.02
773.6 -65.21
774.0 -65.11
774.4 -64.69
774.8 -65.07
775.2 -64.98
775.6 -64.92
776.0 -64.94
776.4 -65.73
776.8 -65.22
777.2 -65.0
777.6 -65.32
778.0 -64.93
778.4 -64.99
778.8 -63.96
779.2 -65.48
779.6 -64.96
780.0 -65.04
780.4 -65.61
780.8 -64.49
781.2 -65.4
781.6 -65.03
782.0 -65.1
782.4 -64.37
782.8 -65.22
783.2 -65.8
783.6 -65.15
784.0 -65.09
784.4 -64.67
784.8 -64.63
785.2 -64.77
785.6 -64.41
786.0 -64.95
786.4 -64.76
786.8 -65.46
787.2 -65.6
787.6 -64.16
788.0 -65.07
788.4 -64.07
788.8 -64.87
789.2 -64.72
789.6 -65.42
790.0 -65.17
790.4 -64.43
790.8 -64.54
791.2 -64.91
791.6 -64.73
792.0 -64.67
792.4 -64.42
792.8 -64.28
793.2 -64.9
793.6 -64.81
794.0 -64.43
794.4 -65.24
794.8 -64.43
795.2 -64.51
795.6 -64.73
796.0 -64.7
796.4 -64.28
796.8 -65.37
797.2 -64.46
797.6 -65.19
798.0 -64.44
798.4 -64.6
798.8 -64.08
799.2 -64.16
799.6 -64.48
800.0 -64.5
800.4 -64.02
800.8 -64.39
801.2 -64.18
801.6 -64.62
802.0 -64.77
802.4 -63.78
802.8 -64.61
803.2 -63.24
803.6 -64.97
804.0 -64.05
804.4 -64.15
804.8 -63.6
805.2 -63.8
805.6 -63.45
806.0 -62.78
806.4 -60.95
806.8 -57.25
807.2 -53.81
807.6 -49.79
808.0 -48.36
808.4 -49.34
808.8 -49.9
809.2 -53.64
809.6 -61.37
810.0 -62.75
810.4 -63.76
810.8 -63.5
811.2 -64.06
811.6 -64.25
812.0 -64.44
812.4 -64.26
812.8 -64.09
813.2 -64.44
813.6 -64.16
814.0 -64.29
814.4 -64.05
814.8 -65.26
815.2 -64.49
815.6 -65.12
816.0 -63.93
816.4 -63.8
816.8 -65.46
817.2 -63.37
817.6 -63.62
818.0 -65.06
818.4 -64.78
818.8 -64.05
819.2 -63.67
819.6 -64.57
820.0 -64.49
820.4 -64.22
820.8 -63.97
821.2 -63.54
821.6 -64.14
822.0 -64.64
822.4 -64.55
822.8 -63.7
823.2 -63.99
823.6 -63.69
824.0 -63.82
824.4 -64.57
824.8 -63.49
825.2 -63.79
825.6 -64.27
826.0 -64.18
826.4 -64.47
826.8 -64.27
827.2 -63.77
827.6 -63.87
828.0 -64.06
828.4 -63.75
828.8 -63.81
829.2 -64.36
829.6 -63.79
830.0 -64.06
830.4 -63.42
830.8 -63.68
831.2 -63.67
831.6 -63.39
832.0 -63.84
832.4 -63.85
832.8 -63.74
833.2 -64.1
833.6 -63.96
834.0 -63.03
834.4 -63.84
834.8 -63.26
835.2 -63.11
835.6 -63.51
836.0 -63.22
836.4 -62.9
836.8 -63.25
837.2 -63.35
837.6 -63.03
838.0 -62.97
838.4 -63.66
838.8 -63.13
839.2 -63.19
839.6 -63.19
840.0 -62.88
840.4 -63.39
840.8 -63.41
841.2 -63.13
841.6 -63.14
842.0 -63.44
842.4 -63.16
842.8 -62.91
843.2 -62.84
843.6 -63.33
844.0 -63.48
844.4 -63.18
844.8 -62.97
845.2 -63.62
845.6 -62.94
846.0 -62.99
846.4 -62.87
846.8 -63.14
847.2 -62.59
847.6 -63.08
848.0 -62.57
848.4 -63.1
848.8 -62.98
849.2 -62.72
849.6 -63.04
850.0 -63.21
850.4 -62.62
850.8 -62.5
851.2 -62.97
851.6 -62.35
852.0 -62.59
852.4 -62.76
852.8 -62.85
853.2 -62.98
853.6 -62.35
854.0 -62.47
854.4 -62.68
854.8 -62.72
855.2 -62.56
855.6 -62.59
856.0 -62.77
856.4 -62.7
856.8 -62.91
857.2 -62.63
857.6 -62.69
858.0 -62.2
858.4 -62.78
858.8 -62.5
859.2 -62.61
859.6 -62.65
860.0 -62.53
860.4 -62.32
860.8 -62.76
861.2 -62.65
861.6 -62.53
862.0 -62.14
862.4 -62.42
862.8 -62.52
863.2 -62.0
863.6 -62.66
864.0 -62.35
864.4 -62.27
864.8 -62.24
865.2 -62.49
865.6 -61.85
866.0 -62.43
866.4 -62.6
866.8 -61.97
867.2 -61.92
867.6 -62.48
868.0 -62.08
868.4 -61.98
868.8 -61.94
869.2 -62.21
869.6 -61.88
870.0 -62.26
870.4 -62.03
870.8 -62.15
871.2 -62.02
871.6 -62.16
872.0 -61.77
872.4 -62.05
872.8 -62.07
873.2 -62.23
873.6 -62.26
874.0 -62.0
874.4 -62.02
874.8 -61.85
875.2 -61.81
875.6 -61.87
876.0 -61.78
876.4 -62.27
876.8 -61.98
877.2 -61.63
877.6 -62.06
878.0 -61.97
878.4 -61.74
878.8 -61.78
879.2 -61.61
879.6 -61.75
880.0 -61.89
880.4 -61.83
880.8 -61.9
881.2 -61.66
881.6 -61.69
882.0 -61.71
882.4 -61.22
882.8 -61.9
883.2 -61.81
883.6 -61.25
884.0 -61.75
884.4 -61.56
884.8 -61.72
885.2 -61.5
885.6 -61.68
886.0 -61.71
886.4 -61.48
886.8 -61.64
887.2 -61.86
887.6 -61.22
888.0 -61.7
888.4 -61.68
888.8 -61.61
889.2 -61.39
889.6 -61.5
890.0 -61.38
890.4 -61.62
890.8 -61.29
891.2 -61.52
891.6 -61.33
892.0 -61.57
892.4 -61.74
892.8 -61.37
893.2 -61.3
893.6 -61.27
894.0 -61.13
894.4 -61.14
894.8 -61.2
895.2 -61.4
895.6 -61.2
896.0 -61.21
896.4 -61.01
896.8 -61.33
897.2 -60.98
897.6 -60.91
898.0 -61.39
898.4 -61.13
898.8 -61.27
899.2 -61.04
899.6 -61.34
900.0 -61.18
900.4 -60.89
900.8 -61.12
901.2 -61.36
901.6 -61.13
902.0 -61.15
902.4 -61.05
902.8 -61.1
903.2 -61.06
903.6 -61.08
904.0 -60.92
904.4 -61.04
904.8 -60.9
905.2 -61.13
905.6 -60.92
906.0 -60.76
906.4 -60.98
906.8 -60.62
907.2 -60.94
907.6 -60.72
908.0 -60.67
908.4 -60.64
908.8 -60.31
909.2 -60.69
909.6 -60.62
910.0 -60.67
910.4 -60.51
910.8 -60.55
911.2 -60.82
911.6 -60.73
912.0 -60.5
912.4 -60.16
912.8 -60.39
913.2 -60.39
913.6 -60.31
914.0 -60.36
914.4 -60.45
914.8 -60.34
915.2 -60.34
915.6 -60.27
916.0 -60.2
916.4 -59.99
916.8 -60.34
917.2 -59.97
917.6 -60.11
918.0 -60.07
918.4 -60.0
918.8 -60.07
919.2 -60.13
919.6 -59.71
920.0 -60.15
920.4 -59.86
920.8 -60.05
921.2 -59.89
921.6 -60.14
922.0 -59.93
922.4 -60.07
922.8 -59.95
923.2 -59.82
923.6 -59.74
924.0 -59.65
924.4 -59.65
924.8 -59.95
925.2 -59.66
925.6 -59.45
926.0 -59.65
926.4 -59.54
926.8 -59.76
927.2 -59.36
927.6 -59.46
928.0 -59.51
928.4 -59.61
928.8 -59.58
929.2 -59.33
929.6 -59.37
930.0 -59.21
930.4 -59.61
930.8 -59.28
931.2 -59.44
931.6 -59.47
932.0 -58.98
932.4 -59.23
932.8 -59.38
933.2 -59.33
933.6 -59.35
934.0 -59.18
934.4 -59.27
934.8 -59.07
935.2 -59.08
935.6 -58.96
936.0 -59.01
936.4 -59.08
936.8 -59.07
937.2 -59.02
937.6 -59.1
938.0 -58.94
938.4 -59.07
938.8 -58.98
939.2 -59.09
939.6 -58.83
940.0 -58.83
940.4 -58.9
940.8 -58.91
941.2 -58.91
941.6 -58.8
942.0 -58.75
942.4 -59.05
942.8 -58.86
943.2 -58.84
943.6 -58.74
944.0 -58.74
944.4 -58.75
944.8 -58.78
945.2 -58.61
945.6 -58.53
946.0 -58.84
946.4 -58.65
946.8 -58.66
947.2 -58.56
947.6 -58.69
948.0 -58.61
948.4 -58.41
948.8 -58.64
949.2 -58.49
949.6 -58.46
950.0 -58.48
950.4 -58.38
950.8 -58.41
951.2 -58.31
951.6 -58.38
952.0 -58.31
952.4 -58.29
952.8 -58.27
953.2 -58.36
953.6 -58.29
954.0 -58.41
954.4 -58.33
954.8 -58.26
955.2 -58.46
955.6 -58.23
956.0 -58.47
956.4 -58.36
956.8 -58.2
957.2 -58.23
957.6 -58.22
958.0 -58.35
958.4 -58.43
958.8 -58.16
959.2 -58.14
959.6 -58.12
960.0 -58.17
960.4 -58.2
960.8 -57.93
961.2 -58.1
961.6 -58.04
962.0 -57.77
962.4 -57.97
962.8 -57.97
963.2 -57.96
963.6 -57.76
964.0 -57.63
964.4 -57.71
964.8 -57.69
965.2 -57.76
965.6 -57.46
966.0 -57.62
966.4 -57.95
966.8 -57.62
967.2 -57.69
967.6 -57.55
968.0 -57.64
968.4 -57.77
968.8 -57.56
969.2 -57.59
969.6 -57.67
970.0 -57.66
970.4 -57.65
970.8 -57.51
971.2 -57.7
971.6 -57.57
972.0 -57.62
972.4 -57.64
972.8 -57.66
973.2 -57.68
973.6 -57.79
974.0 -57.94
974.4 -57.84
974.8 -57.96
975.2 -57.91
975.6 -58.08
976.0 -58.0
976.4 -57.83
976.8 -58.09
977.2 -58.04
977.6 -58.12
978.0 -58.09
978.4 -58.19
978.8 -58.11
979.2 -58.19
979.6 -58.2
980.0 -58.12
980.4 -58.12
980.8 -57.89
981.2 -58.16
981.6 -57.96
982.0 -58.0
982.4 -57.81
982.8 -57.88
983.2 -57.69
983.6 -57.73
984.0 -57.53
984.4 -57.56
984.8 -57.54
985.2 -57.54
985.6 -57.56
986.0 -57.55
986.4 -57.36
986.8 -57.4
987.2 -57.35
987.6 -57.27
988.0 -57.13
988.4 -57.27
988.8 -57.18
989.2 -57.12
989.6 -57.07
990.0 -57.06
990.4 -57.04
990.8 -57.02
991.2 -57.05
991.6 -57.04
992.0 -57.05
992.4 -56.83
992.8 -56.94
993.2 -56.89
993.6 -56.85
994.0 -57.06
994.4 -56.99
994.8 -57.04
995.2 -57.11
995.6 -57.09
996.0 -57.12
996.4 -57.02
996.8 -57.08
997.2 -57.3
997.6 -57.17
998.0 -57.15
998.4 -57.19
998.8 -57.34
999.2 -57.32
999.6 -57.34
1000.0 -57.29
