600.0 -66.35
600.4 -210.0
600.8 -72.72
601.2 -68.29
601.6 -210.0
602.0 -72.5
602.4 -69.81
602.8 -210.0
603.2 -72.57
603.6 -210.0
604.0 -72.35
604.4 -210.0
604.8 -73.65
605.2 -72.16
605.6 -210.0
606.0 -72.48
606.4 -210.0
606.8 -210.0
607.2 -69.82
607.6 -71.01
608.0 -210.0
608.4 -70.53
608.8 -84.71
609.2 -210.0
609.6 -72.99
610.0 -73.98
610.4 -69.49
610.8 -71.82
611.2 -71.42
611.6 -210.0
612.0 -74.48
612.4 -70.45
612.8 -71.33
613.2 -72.66
613.6 -72.69
614.0 -73.55
614.4 -68.91
614.8 -69.04
615.2 -69.29
615.6 -82.1
616.0 -82.13
616.4 -75.16
616.8 -69.05
617.2 -69.52
617.6 -70.04
618.0 -210.0
618.4 -210.0
618.8 -69.38
619.2 -210.0
619.6 -70.87
620.0 -70.45
620.4 -75.85
620.8 -72.86
621.2 -73.68
621.6 -69.23
622.0 -71.18
622.4 -74.38
622.8 -71.4
623.2 -80.79
623.6 -75.18
624.0 -80.84
624.4 -77.86
624.8 -74.2
625.2 -71.72
625.6 -69.09
626.0 -67.42
626.4 -72.76
626.8 -72.37
627.2 -81.04
627.6 -76.3
628.0 -70.3
628.4 -69.46
628.8 -72.3
629.2 -70.62
629.6 -69.94
630.0 -70.43
630.4 -210.0
630.8 -74.29
631.2 -72.47
631.6 -72.5
632.0 -70.23
632.4 -69.27
632.8 -70.41
633.2 -71.76
633.6 -69.92
634.0 -68.5
634.4 -69.33
634.8 -69.91
635.2 -69.56
635.6 -68.85
636.0 -70.64
636.4 -71.99
636.8 -67.46
637.2 -72.72
637.6 -68.63
638.0 -69.1
638.4 -69.37
638.8 -68.86
639.2 -69.69
639.6 -70.37
640.0 -68.35
640.4 -69.29
640.8 -68.62
641.2 -68.65
641.6 -69.1
642.0 -69.28
642.4 -69.4
642.8 -70.37
643.2 -69.7
643.6 -68.09
644.0 -69.61
644.4 -68.81
644.8 -67.83
645.2 -68.51
645.6 -70.0
646.0 -68.24
646.4 -67.87
646.8 -67.58
647.2 -68.93
647.6 -68.79
648.0 -68.11
648.4 -68.74
648.8 -69.08
649.2 -67.48
649.6 -67.78
650.0 -68.86
650.4 -67.32
650.8 -68.81
651.2 -67.63
651.6 -69.43
652.0 -66.94
652.4 -67.07
652.8 -67.07
653.2 -67.47
653.6 -67.48
654.0 -67.48
654.4 -67.69
654.8 -68.62
655.2 -67.83
655.6 -68.07
656.0 -66.43
656.4 -67.06
656.8 -67.58
657.2 -66.71
657.6 -66.81
658.0 -67.22
658.4 -67.51
658.8 -67.0
659.2 -67.15
659.6 -68.0
660.0 -67.57
660.4 -66.76
660.8 -69.12
661.2 -67.36
661.6 -67.87
662.0 -67.65
662.4 -67.2
662.8 -67.05
663.2 -66.83
663.6 -66.62
664.0 -67.09
664.4 -66.39
664.8 -66.62
665.2 -67.05
665.6 -66.83
666.0 -66.62
666.4 -66.76
666.8 -66.46
667.2 -66.42
667.6 -67.32
668.0 -67.09
668.4 -67.24
668.8 -67.44
669.2 -66.69
669.6 -67.36
670.0 -67.95
670.4 -66.51
670.8 -65.89
671.2 -65.94
671.6 -66.12
672.0 -67.06
672.4 -66.2
672.8 -66.1
673.2 -66.55
673.6 -67.01
674.0 -67.52
674.4 -66.54
674.8 -66.6
675.2 -66.84
675.6 -65.93
676.0 -66.2
676.4 -67.13
676.8 -66.28
677.2 -66.68
677.6 -66.19
678.0 -65.87
678.4 -66.4
678.8 -66.49
679.2 -66.49
679.6 -66.59
680.0 -66.12
680.4 -65.77
680.8 -65.37
681.2 -66.44
681.6 -65.61
682.0 -66.13
682.4 -66.66
682.8 -66.51
683.2 -66.72
683.6 -65.95
684.0 -65.89
684.4 -66.45
684.8 -65.59
685.2 -65.99
685.6 -66.38
686.0 -65.55
686.4 -66.17
686.8 -65.73
687.2 -65.79
687.6 -66.02
688.0 -66.35
688.4 -66.01
688.8 -66.2
689.2 -65.94
689.6 -66.19
690.0 -66.89
690.4 -66.8
690.8 -65.89
691.2 -65.65
691.6 -66.68
692.0 -65.69
692.4 -68.61
692.8 -67.2
693.2 -66.13
693.6 -65.98
694.0 -66.19
694.4 -66.67
694.8 -66.52
695.2 -65.76
695.6 -66.04
696.0 -65.52
696.4 -66.86
696.8 -65.74
697.2 -65.61
697.6 -65.67
698.0 -65.81
698.4 -66.25
698.8 -65.9
699.2 -66.18
699.6 -65.55
700.0 -65.66
700.4 -66.16
700.8 -65.25
701.2 -65.73
701.6 -66.57
702.0 -65.54
702.4 -66.89
702.8 -65.77
703.2 -65.3
703.6 -66.5
704.0 -65.02
704.4 -66.2
704.8 -65.56
705.2 -65.86
705.6 -65.64
706.0 -64.94
706.4 -65.62
706.8 -65.56
707.2 -66.19
707.6 -65.61
708.0 -64.76
708.4 -65.47
708.8 -64.95
709.2 -65.26
709.6 -64.91
710.0 -65.76
710.4 -65.88
710.8 -66.18
711.2 -65.84
711.6 -66.06
712.0 -64.75
712.4 -65.26
712.8 -65.85
713.2 -65.28
713.6 -66.55
714.0 -65.56
714.4 -65.29
714.8 -66.1
715.2 -66.68
715.6 -65.89
716.0 -64.77
716.4 -65.41
716.8 -65.62
717.2 -65.87
717.6 -65.46
718.0 -66.13
718.4 -66.42
718.8 -65.78
719.2 -65.82
719.6 -66.8
720.0 -65.77
720.4 -65.91
720.8 -65.86
721.2 -65.54
721.6 -65.48
722.0 -65.72
722.4 -65.29
722.8 -65.25
723.2 -65.74
723.6 -66.05
724.0 -65.73
724.4 -65.87
724.8 -65.09
725.2 -65.09
725.6 -65.26
726.0 -65.71
726.4 -65.08
726.8 -65.77
727.2 -65.21
727.6 -65.04
728.0 -66.43
728.4 -64.84
728.8 -64.91
729.2 -65.78
729.6 -66.09
730.0 -65.39
730.4 -66.26
730.8 -65.15
731.2 -65.0
731.6 -65.03
732.0 -65.53
732.4 -64.37
732.8 -65.25
733.2 -67.0
733.6 -65.71
734.0 -65.78
734.4 -66.22
734.8 -66.37
735.2 -66.26
735.6 -65.76
736.0 -66.0
736.4 -65.88
736.8 -66.09
737.2 -65.07
737.6 -66.42
738.0 -65.26
738.4 -66.19
738.8 -64.88
739.2 -65.83
739.6 -65.59
740.0 -66.32
740.4 -65.99
740.8 -66.36
741.2 -65.64
741.6 -67.21
742.0 -66.98
742.4 -66.98
742.8 -66.54
743.2 -66.15
743.6 -66.12
744.0 -66.87
744.4 -65.79
744.8 -65.4
745.2 -66.03
745.6 -66.02
746.0 -66.13
746.4 -66.32
746.8 -66.32
747.2 -65.8
747.6 -65.91
748.0 -65.84
748.4 -65.62
748.8 -65.9
749.2 -65.43
749.6 -65.12
750.0 -65.2
750.4 -65.68
750.8 -67.48
751.2 -67.0
751.6 -65.83
752.0 -66.3
752.4 -66.07
752.8 -65.78
753.2 -64.62
753.6 -65.98
754.0 -65.73
754.4 -65.2
754.8 -65.93
755.2 -65.61
755.6 -65.44
756.0 -66.62
756.4 -65.18
756.8 -66.32
757.2 -66.24
757.6 -65.72
758.0 -66.19
758.4 -66.38
758.8 -66.11
759.2 -65.8
759.6 -64.49
760.0 -65.76
760.4 -67.07
760.8 -65.18
761.2 -67.15
761.6 -66.48
762.0 -65.81
762.4 -67.05
762.8 -65.73
763.2 -67.04
763.6 -65.52
764.0 -67.32
764.4 -66.01
764.8 -66.44
765.2 -65.47
765.6 -65.57
766.0 -66.3
766.4 -65.32
766.8 -65.48
767.2 -65.94
767.6 -65.72
768.0 -66.32
768.4 -65.97
768.8 -66.03
769.2 -65.74
769.6 -66.61
770.0 -65.42
770.4 -65.06
770.8 -65.48
771.2 -65.42
771.6 -66.06
772.0 -64.56
772.4 -65.72
772.8 -66.55
773.2 -65.51
773.6 -65.15
774.0 -65.2
774.4 -65.33
774.8 -65.46
775.2 -66.41
775.6 -64.69
776.0 -66.19
776.4 -65.39
776.8 -66.11
777.2 -65.1
777.6 -65.73
778.0 -65.41
778.4 -65.55
778.8 -65.8
779.2 -65.95
779.6 -65.38
780.0 -65.27
780.4 -65.71
780.8 -65.11
781.2 -66.77
781.6 -64.88
782.0 -65.32
782.4 -65.63
782.8 -65.13
783.2 -65.88
783.6 -65.18
784.0 -65.02
784.4 -65.18
784.8 -65.72
785.2 -64.6
785.6 -65.11
786.0 -64.89
786.4 -65.5
786.8 -65.19
787.2 -65.19
787.6 -64.53
788.0 -64.56
788.4 -64.75
788.8 -65.22
789.2 -66.68
789.6 -65.35
790.0 -64.98
790.4 -64.83
790.8 -65.27
791.2 -64.5
791.6 -66.27
792.0 -64.34
792.4 -65.75
792.8 -65.56
793.2 -64.93
793.6 -64.69
794.0 -66.12
794.4 -64.65
794.8 -64.43
795.2 -64.68
795.6 -64.7
796.0 -65.65
796.4 -64.39
796.8 -64.7
797.2 -64.72
797.6 -64.44
798.0 -64.84
798.4 -64.43
798.8 -64.99
799.2 -64.13
799.6 -65.02
800.0 -64.28
800.4 -63.95
800.8 -64.79
801.2 -64.96
801.6 -65.85
802.0 -64.6
802.4 -63.88
802.8 -64.9
803.2 -65.0
803.6 -65.0
804.0 -64.15
804.4 -64.02
804.8 -63.8
805.2 -63.73
805.6 -62.93
806.0 -62.44
806.4 -61.08
806.8 -57.61
807.2 -54.06
807.6 -50.04
808.0 -48.71
808.4 -49.79
808.8 -50.29
809.2 -54.48
809.6 -61.12
810.0 -63.31
810.4 -64.78
810.8 -63.26
811.2 -64.65
811.6 -63.69
812.0 -64.75
812.4 -64.31
812.8 -63.73
813.2 -64.03
813.6 -64.24
814.0 -64.64
814.4 -64.05
814.8 -63.73
815.2 -64.08
815.6 -63.92
816.0 -63.7
816.4 -65.01
816.8 -64.06
817.2 -64.02
817.6 -64.2
818.0 -63.8
818.4 -64.27
818.8 -64.51
819.2 -63.83
819.6 -63.72
820.0 -63.74
820.4 -63.66
820.8 -65.14
821.2 -64.15
821.6 -64.42
822.0 -64.25
822.4 -64.4
822.8 -63.79
823.2 -64.11
823.6 -64.64
824.0 -64.43
824.4 -64.86
824.8 -63.68
825.2 -63.99
825.6 -64.1
826.0 -64.23
826.4 -64.47
826.8 -64.25
827.2 -63.5
827.6 -64.52
828.0 -64.19
828.4 -64.33
828.8 -63.22
829.2 -64.13
829.6 -64.3
830.0 -64.62
830.4 -64.07
830.8 -64.61
831.2 -64.15
831.6 -64.24
832.0 -64.05
832.4 -64.04
832.8 -64.0
833.2 -64.36
833.6 -64.08
834.0 -64.28
834.4 -64.16
834.8 -63.76
835.2 -63.88
835.6 -63.69
836.0 -64.08
836.4 -64.94
836.8 -64.27
837.2 -64.76
837.6 -64.21
838.0 -64.28
838.4 -64.25
838.8 -64.42
839.2 -64.82
839.6 -64.26
840.0 -64.64
840.4 -65.04
840.8 -64.27
841.2 -64.62
841.6 -63.84
842.0 -64.58
842.4 -64.87
842.8 -64.48
843.2 -64.76
843.6 -64.38
844.0 -64.46
844.4 -64.89
844.8 -64.75
845.2 -65.67
845.6 -64.47
846.0 -64.88
846.4 -64.49
846.8 -64.53
847.2 -64.55
847.6 -64.99
848.0 -64.07
848.4 -64.4
848.8 -64.48
849.2 -64.61
849.6 -64.78
850.0 -65.44
850.4 -65.34
850.8 -64.58
851.2 -64.46
851.6 -64.55
852.0 -64.07
852.4 -64.94
852.8 -64.8
853.2 -64.73
853.6 -64.82
854.0 -64.63
854.4 -64.28
854.8 -65.06
855.2 -65.24
855.6 -65.45
856.0 -64.58
856.4 -64.8
856.8 -65.25
857.2 -64.18
857.6 -64.9
858.0 -65.52
858.4 -64.89
858.8 -65.43
859.2 -65.28
859.6 -64.8
860.0 -65.07
860.4 -65.4
860.8 -65.04
861.2 -64.9
861.6 -64.89
862.0 -65.43
862.4 -64.84
862.8 -64.59
863.2 -64.63
863.6 -65.54
864.0 -64.96
864.4 -65.59
864.8 -66.08
865.2 -65.14
865.6 -65.24
866.0 -65.55
866.4 -65.94
866.8 -64.93
867.2 -64.76
867.6 -64.8
868.0 -64.98
868.4 -64.7
868.8 -65.32
869.2 -65.25
869.6 -65.3
870.0 -65.7
870.4 -65.1
870.8 -65.3
871.2 -65.17
871.6 -65.55
872.0 -64.96
872.4 -65.02
872.8 -65.57
873.2 -64.79
873.6 -65.41
874.0 -65.15
874.4 -65.02
874.8 -65.26
875.2 -65.42
875.6 -65.22
876.0 -65.06
876.4 -65.27
876.8 -64.9
877.2 -65.58
877.6 -65.33
878.0 -66.15
878.4 -65.13
878.8 -64.8
879.2 -64.94
879.6 -64.74
880.0 -65.1
880.4 -65.34
880.8 -65.31
881.2 -65.29
881.6 -65.77
882.0 -66.12
882.4 -65.14
882.8 -65.58
883.2 -64.87
883.6 -64.49
884.0 -65.12
884.4 -65.07
884.8 -66.2
885.2 -65.55
885.6 -65.78
886.0 -65.4
886.4 -65.78
886.8 -65.06
887.2 -65.15
887.6 -65.42
888.0 -65.68
888.4 -65.23
888.8 -65.62
889.2 -66.64
889.6 -65.68
890.0 -65.06
890.4 -66.21
890.8 -65.28
891.2 -65.42
891.6 -65.54
892.0 -65.55
892.4 -65.75
892.8 -64.87
893.2 -64.99
893.6 -65.79
894.0 -66.42
894.4 -65.23
894.8 -65.94
895.2 -65.87
895.6 -66.65
896.0 -65.7
896.4 -65.88
896.8 -65.32
897.2 -65.62
897.6 -65.16
898.0 -65.19
898.4 -65.22
898.8 -64.73
899.2 -65.67
899.6 -65.28
900.0 -65.16
900.4 -65.41
900.8 -65.53
901.2 -66.31
901.6 -64.87
902.0 -65.25
902.4 -65.4
902.8 -65.25
903.2 -66.21
903.6 -65.03
904.0 -65.88
904.4 -65.63
904.8 -65.11
905.2 -66.35
905.6 -65.2
906.0 -64.93
906.4 -65.27
906.8 -65.97
907.2 -65.61
907.6 -65.21
908.0 -65.48
908.4 -65.16
908.8 -65.55
909.2 -66.18
909.6 -65.82
910.0 -65.3
910.4 -64.86
910.8 -66.04
911.2 -65.45
911.6 -65.79
912.0 -65.77
912.4 -65.82
912.8 -65.42
913.2 -65.99
913.6 -67.09
914.0 -66.93
914.4 -66.47
914.8 -65.89
915.2 -66.29
915.6 -66.58
916.0 -66.06
916.4 -65.67
916.8 -66.29
917.2 -65.25
917.6 -66.48
918.0 -66.14
918.4 -66.3
918.8 -66.21
919.2 -66.39
919.6 -65.7
920.0 -65.59
920.4 -66.02
920.8 -65.53
921.2 -66.48
921.6 -66.18
922.0 -67.06
922.4 -66.37
922.8 -67.04
923.2 -66.95
923.6 -66.74
924.0 -66.52
924.4 -66.43
924.8 -66.42
925.2 -66.97
925.6 -66.17
926.0 -67.11
926.4 -66.57
926.8 -66.8
927.2 -66.72
927.6 -66.24
928.0 -66.59
928.4 -66.47
928.8 -66.66
929.2 -67.15
929.6 -66.74
930.0 -67.03
930.4 -66.64
930.8 -66.86
931.2 -67.16
931.6 -66.53
932.0 -67.81
932.4 -67.83
932.8 -66.58
933.2 -68.21
933.6 -66.98
934.0 -67.18
934.4 -67.17
934.8 -67.38
935.2 -67.4
935.6 -67.58
936.0 -67.41
936.4 -68.91
936.8 -68.2
937.2 -67.6
937.6 -68.25
938.0 -67.18
938.4 -67.76
938.8 -67.28
939.2 -67.84
939.6 -68.03
940.0 -67.4
940.4 -67.71
940.8 -68.13
941.2 -67.19
941.6 -67.18
942.0 -67.26
942.4 -68.27
942.8 -67.09
943.2 -68.8
943.6 -67.5
944.0 -67.38
944.4 -67.89
944.8 -68.27
945.2 -66.83
945.6 -68.35
946.0 -68.1
946.4 -67.82
946.8 -68.0
947.2 -67.2
947.6 -68.27
948.0 -67.02
948.4 -68.03
948.8 -67.02
949.2 -67.51
949.6 -67.27
950.0 -67.55
950.4 -68.7
950.8 -67.67
951.2 -66.78
951.6 -66.08
952.0 -67.54
952.4 -67.51
952.8 -67.66
953.2 -68.31
953.6 -67.15
954.0 -67.76
954.4 -67.06
954.8 -67.54
955.2 -67.14
955.6 -67.43
956.0 -66.92
956.4 -67.16
956.8 -67.44
957.2 -67.41
957.6 -66.85
958.0 -67.85
958.4 -66.93
958.8 -66.82
959.2 -67.94
959.6 -67.32
960.0 -67.43
960.4 -67.73
960.8 -67.19
961.2 -67.76
961.6 -67.42
962.0 -67.5
962.4 -67.57
962.8 -67.17
963.2 -67.55
963.6 -67.51
964.0 -68.06
964.4 -67.36
964.8 -66.85
965.2 -67.18
965.6 -67.34
966.0 -66.94
966.4 -66.8
966.8 -67.24
967.2 -67.33
967.6 -67.69
968.0 -67.32
968.4 -67.25
968.8 -67.57
969.2 -67.46
969.6 -67.67
970.0 -67.27
970.4 -67.18
970.8 -67.0
971.2 -67.29
971.6 -67.59
972.0 -67.72
972.4 -68.13
972.8 -67.26
973.2 -67.54
973.6 -66.91
974.0 -67.51
974.4 -67.66
974.8 -66.91
975.2 -67.31
975.6 -67.43
976.0 -67.13
976.4 -67.3
976.8 -67.16
977.2 -67.81
977.6 -67.36
978.0 -66.99
978.4 -66.75
978.8 -66.94
979.2 -66.81
979.6 -67.77
980.0 -66.69
980.4 -67.51
980.8 -66.93
981.2 -66.97
981.6 -66.91
982.0 -66.36
982.4 -66.54
982.8 -66.83
983.2 -66.65
983.6 -66.5
984.0 -66.31
984.4 -66.13
984.8 -66.78
985.2 -66.21
985.6 -66.3
986.0 -66.6
986.4 -65.81
986.8 -66.18
987.2 -65.82
987.6 -65.94
988.0 -66.3
988.4 -65.94
988.8 -65.62
989.2 -65.35
989.6 -65.27
990.0 -65.2
990.4 -65.6
990.8 -65.24
991.2 -65.51
991.6 -65.5
992.0 -65.04
992.4 -65.11
992.8 -65.29
993.2 -64.85
993.6 -64.86
994.0 -64.73
994.4 -65.07
994.8 -64.95
995.2 -64.82
995.6 -64.94
996.0 -64.77
996.4 -65.02
996.8 -64.99
997.2 -65.28
997.6 -64.63
998.0 -64.9
998.4 -64.96
998.8 -64.89
999.2 -65.01
999.6 -64.87
1000.0 -64.66
