600.0 -84.14
600.4 -210.0
600.8 -210.0
601.2 -84.21
601.6 -69.05
602.0 -71.26
602.4 -210.0
602.8 -71.53
603.2 -71.33
603.6 -79.59
604.0 -76.61
604.4 -210.0
604.8 -210.0
605.2 -210.0
605.6 -210.0
606.0 -72.22
606.4 -75.0
606.8 -72.81
607.2 -74.6
607.6 -73.16
608.0 -71.65
608.4 -210.0
608.8 -69.14
609.2 -73.93
609.6 -70.78
610.0 -74.36
610.4 -75.77
610.8 -76.37
611.2 -76.39
611.6 -210.0
612.0 -71.89
612.4 -73.46
612.8 -76.49
613.2 -71.35
613.6 -69.55
614.0 -71.4
614.4 -210.0
614.8 -72.28
615.2 -210.0
615.6 -210.0
616.0 -210.0
616.4 -210.0
616.8 -210.0
617.2 -70.58
617.6 -72.22
618.0 -78.27
618.4 -72.97
618.8 -69.38
619.2 -68.34
619.6 -70.57
620.0 -68.38
620.4 -71.08
620.8 -71.61
621.2 -75.03
621.6 -69.55
622.0 -77.71
622.4 -74.72
622.8 -73.78
623.2 -73.52
623.6 -73.29
624.0 -210.0
624.4 -76.61
624.8 -69.87
625.2 -69.36
625.6 -72.93
626.0 -69.95
626.4 -80.99
626.8 -210.0
627.2 -70.76
627.6 -70.4
628.0 -74.73
628.4 -68.74
628.8 -82.91
629.2 -77.48
629.6 -68.98
630.0 -72.38
630.4 -73.24
630.8 -68.27
631.2 -69.27
631.6 -75.7
632.0 -70.46
632.4 -76.18
632.8 -69.87
633.2 -71.18
633.6 -67.22
634.0 -69.66
634.4 -67.62
634.8 -69.44
635.2 -68.45
635.6 -68.55
636.0 -68.8
636.4 -69.74
636.8 -68.86
637.2 -69.8
637.6 -67.63
638.0 -71.81
638.4 -68.16
638.8 -70.41
639.2 -69.19
639.6 -67.62
640.0 -69.66
640.4 -69.87
640.8 -70.9
641.2 -67.87
641.6 -67.39
642.0 -68.85
642.4 -72.18
642.8 -68.54
643.2 -69.47
643.6 -69.43
644.0 -69.17
644.4 -67.79
644.8 -70.45
645.2 -69.01
645.6 -68.92
646.0 -68.3
646.4 -68.99
646.8 -68.32
647.2 -68.58
647.6 -68.45
648.0 -67.77
648.4 -68.25
648.8 -68.61
649.2 -68.27
649.6 -68.16
650.0 -68.64
650.4 -67.45
650.8 -68.37
651.2 -66.87
651.6 -68.7
652.0 -67.5
652.4 -66.67
652.8 -67.1
653.2 -67.38
653.6 -67.82
654.0 -68.56
654.4 -67.73
654.8 -67.57
655.2 -68.46
655.6 -68.11
656.0 -67.75
656.4 -67.89
656.8 -66.98
657.2 -67.68
657.6 -68.04
658.0 -67.11
658.4 -67.07
658.8 -67.39
659.2 -65.92
659.6 -67.6
660.0 -66.87
660.4 -67.4
660.8 -67.65
661.2 -65.85
661.6 -67.74
662.0 -67.44
662.4 -66.23
662.8 -67.01
663.2 -66.3
663.6 -66.66
664.0 -67.16
664.4 -67.05
664.8 -66.87
665.2 -66.87
665.6 -66.69
666.0 -66.94
666.4 -66.59
666.8 -65.71
667.2 -66.94
667.6 -66.9
668.0 -67.28
668.4 -67.05
668.8 -66.46
669.2 -66.3
669.6 -66.83
670.0 -66.51
670.4 -65.7
670.8 -66.47
671.2 -66.06
671.6 -66.96
672.0 -66.7
672.4 -67.33
672.8 -66.16
673.2 -66.04
673.6 -66.52
674.0 -67.19
674.4 -65.44
674.8 -66.77
675.2 -66.3
675.6 -66.36
676.0 -66.23
676.4 -66.98
676.8 -67.01
677.2 -66.15
677.6 -66.34
678.0 -66.78
678.4 -66.05
678.8 -67.34
679.2 -66.1
679.6 -65.78
680.0 -66.06
680.4 -66.69
680.8 -66.44
681.2 -66.93
681.6 -66.1
682.0 -65.38
682.4 -66.25
682.8 -66.27
683.2 -66.51
683.6 -66.17
684.0 -66.26
684.4 -65.97
684.8 -66.13
685.2 -66.15
685.6 -65.78
686.0 -66.57
686.4 -65.57
686.8 -65.88
687.2 -66.03
687.6 -65.34
688.0 -66.12
688.4 -66.17
688.8 -65.77
689.2 -65.85
689.6 -65.45
690.0 -66.32
690.4 -65.77
690.8 -65.8
691.2 -65.03
691.6 -65.85
692.0 -65.87
692.4 -65.43
692.8 -66.08
693.2 -66.1
693.6 -66.17
694.0 -66.16
694.4 -66.21
694.8 -65.86
695.2 -65.91
695.6 -65.67
696.0 -66.0
696.4 -65.18
696.8 -65.77
697.2 -65.7
697.6 -66.74
698.0 -65.87
698.4 -65.28
698.8 -65.86
699.2 -65.25
699.6 -65.25
700.0 -65.43
700.4 -66.26
700.8 -64.67
701.2 -65.61
701.6 -64.93
702.0 -65.4
702.4 -66.06
702.8 -65.68
703.2 -66.57
703.6 -66.05
704.0 -66.45
704.4 -65.09
704.8 -65.01
705.2 -65.38
705.6 -65.83
706.0 -65.04
706.4 -65.78
706.8 -65.27
707.2 -66.74
707.6 -65.35
708.0 -64.76
708.4 -65.62
708.8 -66.46
709.2 -65.74
709.6 -65.38
710.0 -65.22
710.4 -65.57
710.8 -65.5
711.2 -64.84
711.6 -65.43
712.0 -65.8
712.4 -65.74
712.8 -65.85
713.2 -64.98
713.6 -66.22
714.0 -65.38
714.4 -64.8
714.8 -65.71
715.2 -65.05
715.6 -65.63
716.0 -65.96
716.4 -65.35
716.8 -66.12
717.2 -65.17
717.6 -67.34
718.0 -66.53
718.4 -65.64
718.8 -66.19
719.2 -66.45
719.6 -65.72
720.0 -66.48
720.4 -65.68
720.8 -65.1
721.2 -66.35
721.6 -65.42
722.0 -66.09
722.4 -66.16
722.8 -64.92
723.2 -64.63
723.6 -65.11
724.0 -64.83
724.4 -64.8
724.8 -65.44
725.2 -65.41
725.6 -65.99
726.0 -65.17
726.4 -66.23
726.8 -65.61
727.2 -65.21
727.6 -66.11
728.0 -65.44
728.4 -64.98
728.8 -66.09
729.2 -66.06
729.6 -65.22
730.0 -65.67
730.4 -65.33
730.8 -66.29
731.2 -66.04
731.6 -66.98
732.0 -65.82
732.4 -65.75
732.8 -65.56
733.2 -65.78
733.6 -65.71
734.0 -65.81
734.4 -65.2
734.8 -65.0
735.2 -66.82
735.6 -64.47
736.0 -64.77
736.4 -65.92
736.8 -65.78
737.2 -65.81
737.6 -65.6
738.0 -65.35
738.4 -65.7
738.8 -65.93
739.2 -65.66
739.6 -65.47
740.0 -65.33
740.4 -65.65
740.8 -65.39
741.2 -66.55
741.6 -65.91
742.0 -65.84
742.4 -65.42
742.8 -65.73
743.2 -65.9
743.6 -64.96
744.0 -65.96
744.4 -66.22
744.8 -65.49
745.2 -65.04
745.6 -64.88
746.0 -65.39
746.4 -64.8
746.8 -65.54
747.2 -65.19
747.6 -65.41
748.0 -67.07
748.4 -65.76
748.8 -65.43
749.2 -65.12
749.6 -64.59
750.0 -66.29
750.4 -66.83
750.8 -66.06
751.2 -65.81
751.6 -65.97
752.0 -65.05
752.4 -66.22
752.8 -65.22
753.2 -65.38
753.6 -65.37
754.0 -65.56
754.4 -65.17
754.8 -65.52
755.2 -66.0
755.6 -65.13
756.0 -65.31
756.4 -65.91
756.8 -65.46
757.2 -65.05
757.6 -66.04
758.0 -65.1
758.4 -65.47
758.8 -65.92
759.2 -65.43
759.6 -66.13
760.0 -65.76
760.4 -65.69
760.8 -65.28
761.2 -65.61
761.6 -65.37
762.0 -65.43
762.4 -64.62
762.8 -65.49
763.2 -65.04
763.6 -65.1
764.0 -65.41
764.4 -66.05
764.8 -65.4
765.2 -65.33
765.6 -64.65
766.0 -65.66
766.4 -66.03
766.8 -64.94
767.2 -64.97
767.6 -65.19
768.0 -65.71
768.4 -65.11
768.8 -65.04
769.2 -65.88
769.6 -66.27
770.0 -67.58
770.4 -65.73
770.8 -65.66
771.2 -66.56
771.6 -65.35
772.0 -66.25
772.4 -66.46
772.8 -65.37
773.2 -65.54
773.6 -66.33
774.0 -65.97
774.4 -65.4
774.8 -64.92
775.2 -66.37
775.6 -65.17
776.0 -64.85
776.4 -64.65
776.8 -65.29
777.2 -66.61
777.6 -65.84
778.0 -65.21
778.4 -64.42
778.8 -64.73
779.2 -68.19
779.6 -64.75
780.0 -66.38
780.4 -65.33
780.8 -65.82
781.2 -66.01
781.6 -65.93
782.0 -65.36
782.4 -64.97
782.8 -64.88
783.2 -64.53
783.6 -64.23
784.0 -65.95
784.4 -65.45
784.8 -65.3
785.2 -64.77
785.6 -64.46
786.0 -65.37
786.4 -66.13
786.8 -66.3
787.2 -66.13
787.6 -64.79
788.0 -65.53
788.4 -65.38
788.8 -65.38
789.2 -65.06
789.6 -65.25
790.0 -65.99
790.4 -64.71
790.8 -65.24
791.2 -65.87
791.6 -64.79
792.0 -65.87
792.4 -65.57
792.8 -64.52
793.2 -64.72
793.6 -64.04
794.0 -65.05
794.4 -65.24
794.8 -64.95
795.2 -65.21
795.6 -64.64
796.0 -64.79
796.4 -64.28
796.8 -64.34
797.2 -65.19
797.6 -65.64
798.0 -64.22
798.4 -64.37
798.8 -64.54
799.2 -64.32
799.6 -65.18
800.0 -65.17
800.4 -64.42
800.8 -64.98
801.2 -64.51
801.6 -64.65
802.0 -64.26
802.4 -64.0
802.8 -64.46
803.2 -63.59
803.6 -64.69
804.0 -64.31
804.4 -64.31
804.8 -64.13
805.2 -63.66
805.6 -63.32
806.0 -63.28
806.4 -60.95
806.8 -57.76
807.2 -54.0
807.6 -50.08
808.0 -48.68
808.4 -49.66
808.8 -50.16
809.2 -54.24
809.6 -61.07
810.0 -63.06
810.4 -63.93
810.8 -63.18
811.2 -63.22
811.6 -63.69
812.0 -63.98
812.4 -64.1
812.8 -64.65
813.2 -64.44
813.6 -63.91
814.0 -64.16
814.4 -63.72
814.8 -63.64
815.2 -64.13
815.6 -64.48
816.0 -64.2
816.4 -64.47
816.8 -64.04
817.2 -64.17
817.6 -64.11
818.0 -64.49
818.4 -63.9
818.8 -63.49
819.2 -64.11
819.6 -64.04
820.0 -63.65
820.4 -63.88
820.8 -63.14
821.2 -64.32
821.6 -63.86
822.0 -64.08
822.4 -63.54
822.8 -63.88
823.2 -63.75
823.6 -64.02
824.0 -64.4
824.4 -63.87
824.8 -63.45
825.2 -63.48
825.6 -63.77
826.0 -64.84
826.4 -64.09
826.8 -63.67
827.2 -64.12
827.6 -64.05
828.0 -64.15
828.4 -64.28
828.8 -63.68
829.2 -63.98
829.6 -64.28
830.0 -64.28
830.4 -63.9
830.8 -63.84
831.2 -63.83
831.6 -65.01
832.0 -64.18
832.4 -64.08
832.8 -63.98
833.2 -64.33
833.6 -63.94
834.0 -63.76
834.4 -63.51
834.8 -63.95
835.2 -63.83
835.6 -63.76
836.0 -63.89
836.4 -64.05
836.8 -64.13
837.2 -63.76
837.6 -63.88
838.0 -64.53
838.4 -63.73
838.8 -63.97
839.2 -64.6
839.6 -64.05
840.0 -63.92
840.4 -63.57
840.8 -64.39
841.2 -64.62
841.6 -63.88
842.0 -64.04
842.4 -64.54
842.8 -64.63
843.2 -63.89
843.6 -63.73
844.0 -64.18
844.4 -64.67
844.8 -64.66
845.2 -64.51
845.6 -64.16
846.0 -64.16
846.4 -64.64
846.8 -64.17
847.2 -64.03
847.6 -64.48
848.0 -64.15
848.4 -64.87
848.8 -64.55
849.2 -64.67
849.6 -64.48
850.0 -64.27
850.4 -64.45
850.8 -63.93
851.2 -65.01
851.6 -64.24
852.0 -65.11
852.4 -64.81
852.8 -64.39
853.2 -64.87
853.6 -64.62
854.0 -64.66
854.4 -65.57
854.8 -64.18
855.2 -64.92
855.6 -65.18
856.0 -64.73
856.4 -64.96
856.8 -64.82
857.2 -65.12
857.6 -64.36
858.0 -63.88
858.4 -64.87
858.8 -65.18
859.2 -65.41
859.6 -64.85
860.0 -64.95
860.4 -64.55
860.8 -64.27
861.2 -64.67
861.6 -64.77
862.0 -65.03
862.4 -64.4
862.8 -65.17
863.2 -64.67
863.6 -64.71
864.0 -65.11
864.4 -64.37
864.8 -64.88
865.2 -64.85
865.6 -64.96
866.0 -64.8
866.4 -64.7
866.8 -65.17
867.2 -65.24
867.6 -64.54
868.0 -64.96
868.4 -65.23
868.8 -64.95
869.2 -64.41
869.6 -64.74
870.0 -64.94
870.4 -64.41
870.8 -65.1
871.2 -64.62
871.6 -64.63
872.0 -64.96
872.4 -65.07
872.8 -64.11
873.2 -64.89
873.6 -65.31
874.0 -64.74
874.4 -65.95
874.8 -65.23
875.2 -65.03
875.6 -65.44
876.0 -65.68
876.4 -64.91
876.8 -64.76
877.2 -64.77
877.6 -64.94
878.0 -64.76
878.4 -64.42
878.8 -64.73
879.2 -65.66
879.6 -64.51
880.0 -65.26
880.4 -65.08
880.8 -64.95
881.2 -64.95
881.6 -65.18
882.0 -64.35
882.4 -64.87
882.8 -65.3
883.2 -64.99
883.6 -64.92
884.0 -64.56
884.4 -64.87
884.8 -64.93
885.2 -64.41
885.6 -65.08
886.0 -65.63
886.4 -65.21
886.8 -65.08
887.2 -64.7
887.6 -65.15
888.0 -65.15
888.4 -65.18
888.8 -64.8
889.2 -64.08
889.6 -64.92
890.0 -64.79
890.4 -65.09
890.8 -64.63
891.2 -64.68
891.6 -65.02
892.0 -65.06
892.4 -64.37
892.8 -64.63
893.2 -64.25
893.6 -65.58
894.0 -64.26
894.4 -65.96
894.8 -64.6
895.2 -64.79
895.6 -64.96
896.0 -64.52
896.4 -64.87
896.8 -65.37
897.2 -64.69
897.6 -64.81
898.0 -64.99
898.4 -66.19
898.8 -64.66
899.2 -65.73
899.6 -65.42
900.0 -65.43
900.4 -64.68
900.8 -66.36
901.2 -65.09
901.6 -64.75
902.0 -64.65
902.4 -65.85
902.8 -64.73
903.2 -65.44
903.6 -64.74
904.0 -65.4
904.4 -65.15
904.8 -65.26
905.2 -65.91
905.6 -65.62
906.0 -64.4
906.4 -65.12
906.8 -65.05
907.2 -65.47
907.6 -65.55
908.0 -66.71
908.4 -65.18
908.8 -66.1
909.2 -65.84
909.6 -65.2
910.0 -64.91
910.4 -66.0
910.8 -65.7
911.2 -65.42
911.6 -64.66
912.0 -64.94
912.4 -64.94
912.8 -65.62
913.2 -65.61
913.6 -65.93
914.0 -65.59
914.4 -64.71
914.8 -65.55
915.2 -65.49
915.6 -65.45
916.0 -65.94
916.4 -65.47
916.8 -66.0
917.2 -66.22
917.6 -65.72
918.0 -66.11
918.4 -66.27
918.8 -66.01
919.2 -65.4
919.6 -66.44
920.0 -66.09
920.4 -66.08
920.8 -66.41
921.2 -66.39
921.6 -65.42
922.0 -65.78
922.4 -65.65
922.8 -65.62
923.2 -66.23
923.6 -66.06
924.0 -65.75
924.4 -65.72
924.8 -65.96
925.2 -65.97
925.6 -66.45
926.0 -66.25
926.4 -66.81
926.8 -65.68
927.2 -66.87
927.6 -66.11
928.0 -65.98
928.4 -66.12
928.8 -66.68
929.2 -65.85
929.6 -65.8
930.0 -66.68
930.4 -66.39
930.8 -66.58
931.2 -66.54
931.6 -66.87
932.0 -66.62
932.4 -66.27
932.8 -66.52
933.2 -66.41
933.6 -66.08
934.0 -67.5
934.4 -66.42
934.8 -67.38
935.2 -66.49
935.6 -66.85
936.0 -67.25
936.4 -66.98
936.8 -66.57
937.2 -67.51
937.6 -66.57
938.0 -66.49
938.4 -66.84
938.8 -66.81
939.2 -66.75
939.6 -66.87
940.0 -67.06
940.4 -67.31
940.8 -66.81
941.2 -66.49
941.6 -66.26
942.0 -66.51
942.4 -67.4
942.8 -67.6
943.2 -66.64
943.6 -67.59
944.0 -67.32
944.4 -66.5
944.8 -67.08
945.2 -67.03
945.6 -66.43
946.0 -67.23
946.4 -65.98
946.8 -66.22
947.2 -66.76
947.6 -66.8
948.0 -66.4
948.4 -66.67
948.8 -66.92
949.2 -67.27
949.6 -67.75
950.0 -67.09
950.4 -67.16
950.8 -66.78
951.2 -67.25
951.6 -67.24
952.0 -66.86
952.4 -67.04
952.8 -67.61
953.2 -67.52
953.6 -66.68
954.0 -67.08
954.4 -66.46
954.8 -66.79
955.2 -67.21
955.6 -67.19
956.0 -66.66
956.4 -67.47
956.8 -67.18
957.2 -66.74
957.6 -67.22
958.0 -67.08
958.4 -66.45
958.8 -67.23
959.2 -66.19
959.6 -66.34
960.0 -67.27
960.4 -67.06
960.8 -66.89
961.2 -66.44
961.6 -66.59
962.0 -66.67
962.4 -67.03
962.8 -66.72
963.2 -66.37
963.6 -66.85
964.0 -66.41
964.4 -66.15
964.8 -66.57
965.2 -66.03
965.6 -65.78
966.0 -66.0
966.4 -66.59
966.8 -66.23
967.2 -66.86
967.6 -66.98
968.0 -66.7
968.4 -66.56
968.8 -66.36
969.2 -67.1
969.6 -66.53
970.0 -66.3
970.4 -66.51
970.8 -66.49
971.2 -66.29
971.6 -66.65
972.0 -66.34
972.4 -66.34
972.8 -66.51
973.2 -66.33
973.6 -66.35
974.0 -66.67
974.4 -66.92
974.8 -65.96
975.2 -66.68
975.6 -66.58
976.0 -66.66
976.4 -66.11
976.8 -66.67
977.2 -66.83
977.6 -66.54
978.0 -66.61
978.4 -66.92
978.8 -66.41
979.2 -66.61
979.6 -66.8
980.0 -66.56
980.4 -66.42
980.8 -65.91
981.2 -66.43
981.6 -66.42
982.0 -66.19
982.4 -66.0
982.8 -66.14
983.2 -66.08
983.6 -65.83
984.0 -65.63
984.4 -65.58
984.8 -65.94
985.2 -65.96
985.6 -65.89
986.0 -65.74
986.4 -65.48
986.8 -65.8
987.2 -65.33
987.6 -65.29
988.0 -65.6
988.4 -65.47
988.8 -65.3
989.2 -65.43
989.6 -65.42
990.0 -65.13
990.4 -64.89
990.8 -65.26
991.2 -64.7
991.6 -65.11
992.0 -64.7
992.4 -64.61
992.8 -64.73
993.2 -64.78
993.6 -64.51
994.0 -64.4
994.4 -64.66
994.8 -64.4
995.2 -64.61
995.6 -64.59
996.0 -64.38
996.4 -64.49
996.8 -64.61
997.2 -64.75
997.6 -64.54
998.0 -64.57
998.4 -64.41
998.8 -64.54
999.2 -64.47
999.6 -64.74
1000.0 -64.22
