600.0 -210.0
600.4 -68.13
600.8 -69.0
601.2 -73.79
601.6 -210.0
602.0 -71.48
602.4 -210.0
602.8 -72.27
603.2 -67.9
603.6 -210.0
604.0 -84.4
604.4 -71.63
604.8 -210.0
605.2 -84.47
605.6 -210.0
606.0 -70.38
606.4 -73.75
606.8 -69.26
607.2 -210.0
607.6 -70.82
608.0 -72.35
608.4 -77.69
608.8 -210.0
609.2 -75.18
609.6 -210.0
610.0 -77.79
610.4 -70.33
610.8 -75.28
611.2 -72.54
611.6 -210.0
612.0 -210.0
612.4 -80.15
612.8 -74.95
613.2 -72.92
613.6 -71.99
614.0 -68.78
614.4 -210.0
614.8 -210.0
615.2 -80.31
615.6 -73.06
616.0 -70.99
616.4 -73.11
616.8 -73.13
617.2 -210.0
617.6 -210.0
618.0 -71.45
618.4 -71.85
618.8 -71.68
619.2 -75.33
619.6 -70.16
620.0 -73.06
620.4 -72.84
620.8 -71.8
621.2 -69.53
621.6 -72.91
622.0 -80.72
622.4 -210.0
622.8 -72.12
623.2 -71.76
623.6 -210.0
624.0 -76.58
624.4 -74.18
624.8 -68.76
625.2 -210.0
625.6 -73.67
626.0 -72.13
626.4 -71.79
626.8 -69.88
627.2 -72.2
627.6 -74.08
628.0 -71.72
628.4 -70.58
628.8 -70.35
629.2 -79.91
629.6 -74.2
630.0 -76.96
630.4 -69.3
630.8 -72.08
631.2 -71.46
631.6 -78.33
632.0 -210.0
632.4 -71.7
632.8 -71.73
633.2 -70.0
633.6 -73.03
634.0 -86.29
634.4 -68.61
634.8 -72.73
635.2 -72.06
635.6 -72.79
636.0 -210.0
636.4 -71.69
636.8 -69.17
637.2 -69.99
637.6 -72.75
638.0 -68.26
638.4 -73.19
638.8 -69.83
639.2 -71.36
639.6 -71.26
640.0 -70.2
640.4 -78.32
640.8 -70.19
641.2 -70.03
641.6 -75.12
642.0 -69.06
642.4 -68.26
642.8 -69.14
643.2 -69.95
643.6 -69.28
644.0 -69.77
644.4 -71.69
644.8 -68.98
645.2 -68.4
645.6 -70.34
646.0 -72.8
646.4 -73.0
646.8 -72.88
647.2 -68.93
647.6 -68.56
648.0 -70.13
648.4 -69.86
648.8 -68.73
649.2 -69.57
649.6 -68.47
650.0 -69.83
650.4 -69.29
650.8 -69.35
651.2 -69.92
651.6 -70.72
652.0 -69.36
652.4 -68.19
652.8 -68.19
653.2 -70.39
653.6 -68.67
654.0 -70.4
654.4 -70.09
654.8 -69.14
655.2 -68.46
655.6 -70.02
656.0 -68.42
656.4 -68.8
656.8 -67.54
657.2 -67.76
657.6 -68.48
658.0 -69.29
658.4 -68.09
658.8 -68.49
659.2 -67.39
659.6 -68.05
660.0 -67.24
660.4 -67.92
660.8 -68.25
661.2 -68.11
661.6 -67.2
662.0 -67.28
662.4 -69.18
662.8 -66.9
663.2 -67.53
663.6 -68.4
664.0 -68.11
664.4 -67.53
664.8 -67.48
665.2 -68.2
665.6 -67.78
666.0 -67.16
666.4 -66.8
666.8 -67.7
667.2 -68.45
667.6 -67.7
668.0 -67.65
668.4 -67.53
668.8 -68.3
669.2 -66.11
669.6 -67.57
670.0 -67.39
670.4 -66.82
670.8 -67.68
671.2 -66.54
671.6 -67.14
672.0 -67.5
672.4 -67.13
672.8 -66.58
673.2 -67.05
673.6 -66.72
674.0 -66.89
674.4 -67.52
674.8 -67.72
675.2 -66.67
675.6 -66.24
676.0 -66.8
676.4 -67.17
676.8 -66.9
677.2 -67.32
677.6 -68.32
678.0 -66.92
678.4 -66.47
678.8 -67.22
679.2 -66.66
679.6 -66.88
680.0 -67.25
680.4 -68.39
680.8 -67.01
681.2 -66.44
681.6 -67.31
682.0 -66.52
682.4 -67.39
682.8 -66.44
683.2 -67.05
683.6 -67.04
684.0 -66.17
684.4 -66.42
684.8 -66.32
685.2 -67.1
685.6 -67.02
686.0 -66.5
686.4 -66.82
686.8 -67.2
687.2 -66.0
687.6 -66.62
688.0 -66.09
688.4 -67.26
688.8 -65.41
689.2 -65.82
689.6 -65.73
690.0 -66.42
690.4 -65.83
690.8 -66.41
691.2 -66.23
691.6 -67.14
692.0 -65.72
692.4 -68.55
692.8 -67.0
693.2 -66.37
693.6 -65.94
694.0 -66.19
694.4 -66.08
694.8 -66.52
695.2 -66.24
695.6 -65.56
696.0 -67.11
696.4 -66.22
696.8 -66.64
697.2 -67.09
697.6 -66.89
698.0 -66.62
698.4 -66.29
698.8 -66.91
699.2 -66.75
699.6 -66.28
700.0 -65.03
700.4 -65.87
700.8 -66.22
701.2 -65.27
701.6 -66.32
702.0 -66.94
702.4 -67.22
702.8 -65.31
703.2 -65.24
703.6 -66.36
704.0 -66.17
704.4 -66.59
704.8 -65.87
705.2 -65.38
705.6 -66.36
706.0 -65.75
706.4 -65.19
706.8 -66.64
707.2 -66.12
707.6 -65.77
708.0 -66.32
708.4 -65.59
708.8 -65.53
709.2 -65.83
709.6 -65.21
710.0 -64.77
710.4 -66.29
710.8 -65.33
711.2 -64.97
711.6 -65.83
712.0 -65.83
712.4 -65.49
712.8 -65.79
713.2 -65.54
713.6 -65.53
714.0 -65.56
714.4 -66.03
714.8 -65.4
715.2 -65.22
715.6 -65.63
716.0 -65.36
716.4 -65.41
716.8 -66.15
717.2 -66.39
717.6 -65.97
718.0 -65.99
718.4 -65.3
718.8 -65.88
719.2 -66.72
719.6 -65.5
720.0 -65.0
720.4 -65.94
720.8 -65.05
721.2 -65.8
721.6 -65.02
722.0 -65.53
722.4 -66.23
722.8 -65.37
723.2 -65.08
723.6 -65.78
724.0 -65.64
724.4 -65.54
724.8 -65.76
725.2 -66.03
725.6 -65.53
726.0 -65.78
726.4 -66.09
726.8 -65.9
727.2 -66.48
727.6 -65.67
728.0 -65.23
728.4 -66.17
728.8 -65.37
729.2 -65.49
729.6 -65.65
730.0 -65.81
730.4 -65.42
730.8 -65.86
731.2 -65.51
731.6 -66.37
732.0 -66.21
732.4 -65.14
732.8 -65.59
733.2 -65.84
733.6 -65.3
734.0 -65.71
734.4 -65.87
734.8 -66.34
735.2 -65.26
735.6 -66.0
736.0 -65.89
736.4 -66.39
736.8 -64.95
737.2 -65.99
737.6 -65.51
738.0 -65.77
738.4 -65.8
738.8 -65.28
739.2 -65.86
739.6 -66.0
740.0 -65.99
740.4 -66.06
740.8 -65.78
741.2 -65.88
741.6 -65.71
742.0 -65.95
742.4 -65.95
742.8 -65.9
743.2 -65.63
743.6 -65.44
744.0 -65.75
744.4 -65.96
744.8 -65.49
745.2 -66.18
745.6 -65.45
746.0 -65.11
746.4 -65.78
746.8 -66.21
747.2 -65.31
747.6 -65.44
748.0 -66.47
748.4 -65.69
748.8 -65.66
749.2 -65.52
749.6 -65.27
750.0 -65.45
750.4 -65.08
750.8 -64.96
751.2 -65.64
751.6 -65.8
752.0 -65.05
752.4 -65.33
752.8 -65.1
753.2 -65.44
753.6 -64.72
754.0 -65.66
754.4 -65.08
754.8 -64.71
755.2 -65.44
755.6 -65.38
756.0 -65.47
756.4 -65.24
756.8 -65.56
757.2 -64.93
757.6 -65.35
758.0 -64.95
758.4 -65.15
758.8 -65.37
759.2 -65.56
759.6 -64.6
760.0 -65.1
760.4 -65.13
760.8 -65.34
761.2 -65.03
761.6 -65.03
762.0 -65.02
762.4 -65.43
762.8 -64.69
763.2 -65.73
763.6 -65.98
764.0 -65.58
764.4 -64.44
764.8 -64.67
765.2 -64.99
765.6 -64.51
766.0 -65.2
766.4 -65.59
766.8 -65.76
767.2 -66.54
767.6 -66.17
768.0 -65.18
768.4 -64.84
768.8 -64.31
769.2 -65.63
769.6 -64.34
770.0 -65.22
770.4 -65.76
770.8 -64.41
771.2 -64.79
771.6 -65.45
772.0 -64.29
772.4 -64.9
772.8 -65.34
773.2 -64.76
773.6 -64.56
774.0 -65.2
774.4 -64.6
774.8 -64.63
775.2 -65.14
775.6 -64.6
776.0 -65.29
776.4 -65.7
776.8 -64.68
777.2 -65.25
777.6 -64.3
778.0 -64.21
778.4 -66.06
778.8 -64.78
779.2 -65.62
779.6 -64.37
780.0 -64.6
780.4 -64.74
780.8 -64.74
781.2 -64.41
781.6 -64.71
782.0 -64.71
782.4 -64.17
782.8 -64.37
783.2 -64.16
783.6 -64.84
784.0 -65.31
784.4 -64.1
784.8 -64.33
785.2 -64.35
785.6 -63.25
786.0 -64.17
786.4 -64.32
786.8 -65.19
787.2 -64.88
787.6 -64.37
788.0 -64.82
788.4 -64.81
788.8 -65.25
789.2 -64.69
789.6 -64.99
790.0 -64.35
790.4 -64.43
790.8 -64.3
791.2 -64.59
791.6 -64.31
792.0 -65.43
792.4 -64.5
792.8 -65.0
793.2 -65.53
793.6 -64.33
794.0 -64.6
794.4 -63.99
794.8 -64.37
795.2 -64.4
795.6 -64.18
796.0 -64.94
796.4 -64.26
796.8 -63.9
797.2 -64.66
797.6 -63.79
798.0 -65.29
798.4 -63.96
798.8 -64.26
799.2 -63.74
799.6 -64.0
800.0 -63.68
800.4 -63.73
800.8 -63.87
801.2 -64.32
801.6 -64.37
802.0 -64.71
802.4 -63.78
802.8 -64.04
803.2 -63.82
803.6 -63.05
804.0 -64.1
804.4 -64.2
804.8 -64.0
805.2 -63.08
805.6 -63.49
806.0 -62.65
806.4 -60.5
806.8 -57.26
807.2 -53.9
807.6 -49.91
808.0 -48.66
808.4 -49.57
808.8 -50.15
809.2 -54.03
809.6 -60.63
810.0 -62.94
810.4 -62.91
810.8 -62.96
811.2 -63.5
811.6 -63.85
812.0 -64.16
812.4 -63.56
812.8 -63.71
813.2 -64.18
813.6 -63.94
814.0 -63.75
814.4 -63.47
814.8 -64.39
815.2 -63.44
815.6 -63.9
816.0 -64.2
816.4 -64.16
816.8 -63.87
817.2 -63.25
817.6 -64.01
818.0 -63.12
818.4 -63.9
818.8 -63.38
819.2 -63.54
819.6 -63.0
820.0 -64.08
820.4 -63.79
820.8 -63.92
821.2 -64.47
821.6 -63.39
822.0 -63.5
822.4 -64.08
822.8 -63.88
823.2 -63.81
823.6 -64.29
824.0 -63.73
824.4 -63.74
824.8 -63.41
825.2 -63.71
825.6 -63.36
826.0 -63.72
826.4 -63.95
826.8 -63.74
827.2 -63.54
827.6 -64.03
828.0 -63.99
828.4 -63.41
828.8 -63.18
829.2 -63.85
829.6 -63.07
830.0 -63.48
830.4 -63.65
830.8 -63.09
831.2 -63.26
831.6 -63.35
832.0 -63.35
832.4 -63.25
832.8 -63.48
833.2 -64.07
833.6 -63.05
834.0 -62.84
834.4 -62.95
834.8 -63.11
835.2 -62.9
835.6 -62.83
836.0 -62.58
836.4 -62.75
836.8 -63.0
837.2 -63.46
837.6 -62.94
838.0 -62.82
838.4 -63.32
838.8 -63.34
839.2 -62.95
839.6 -63.25
840.0 -63.16
840.4 -63.04
840.8 -63.25
841.2 -62.89
841.6 -62.52
842.0 -63.11
842.4 -62.78
842.8 -63.09
843.2 -62.98
843.6 -63.16
844.0 -62.94
844.4 -63.03
844.8 -63.12
845.2 -62.61
845.6 -63.05
846.0 -63.03
846.4 -62.97
846.8 -62.8
847.2 -62.67
847.6 -62.61
848.0 -62.76
848.4 -62.89
848.8 -63.36
849.2 -62.92
849.6 -62.53
850.0 -62.32
850.4 -62.07
850.8 -62.85
851.2 -62.97
851.6 -63.11
852.0 -63.08
852.4 -62.65
852.8 -63.02
853.2 -62.27
853.6 -62.32
854.0 -62.71
854.4 -62.68
854.8 -62.38
855.2 -62.48
855.6 -62.2
856.0 -62.43
856.4 -62.18
856.8 -62.62
857.2 -62.39
857.6 -62.49
858.0 -62.77
858.4 -62.22
858.8 -62.56
859.2 -62.22
859.6 -62.08
860.0 -62.21
860.4 -62.2
860.8 -62.28
861.2 -62.43
861.6 -62.13
862.0 -62.2
862.4 -62.01
862.8 -62.52
863.2 -62.0
863.6 -61.89
864.0 -62.32
864.4 -61.86
864.8 -62.2
865.2 -62.26
865.6 -62.15
866.0 -62.2
866.4 -62.53
866.8 -62.32
867.2 -62.17
867.6 -61.98
868.0 -61.74
868.4 -62.39
868.8 -61.99
869.2 -62.11
869.6 -62.29
870.0 -61.81
870.4 -62.17
870.8 -61.97
871.2 -61.78
871.6 -62.29
872.0 -62.43
872.4 -61.94
872.8 -62.19
873.2 -62.04
873.6 -62.32
874.0 -62.26
874.4 -61.79
874.8 -61.71
875.2 -62.08
875.6 -61.55
876.0 -61.97
876.4 -62.08
876.8 -62.01
877.2 -62.02
877.6 -62.06
878.0 -61.67
878.4 -61.88
878.8 -61.86
879.2 -61.65
879.6 -61.89
880.0 -61.93
880.4 -61.6
880.8 -61.72
881.2 -61.89
881.6 -61.66
882.0 -61.71
882.4 -62.04
882.8 -61.5
883.2 -61.88
883.6 -61.49
884.0 -61.59
884.4 -61.64
884.8 -61.61
885.2 -61.64
885.6 -61.29
886.0 -61.33
886.4 -61.36
886.8 -61.58
887.2 -61.59
887.6 -61.54
888.0 -61.61
888.4 -61.88
888.8 -61.97
889.2 -61.7
889.6 -61.5
890.0 -61.18
890.4 -61.54
890.8 -61.66
891.2 -61.44
891.6 -61.36
892.0 -61.58
892.4 -61.33
892.8 -61.35
893.2 -61.29
893.6 -61.23
894.0 -61.32
894.4 -61.72
894.8 -61.64
895.2 -61.27
895.6 -61.36
896.0 -61.17
896.4 -61.45
896.8 -61.65
897.2 -61.32
897.6 -61.65
898.0 -61.28
898.4 -61.41
898.8 -61.1
899.2 -61.05
899.6 -61.24
900.0 -61.21
900.4 -61.35
900.8 -61.5
901.2 -61.2
901.6 -61.4
902.0 -61.32
902.4 -61.2
902.8 -61.15
903.2 -60.89
903.6 -61.43
904.0 -61.06
904.4 -61.01
904.8 -61.13
905.2 -61.39
905.6 -61.27
906.0 -60.95
906.4 -61.03
906.8 -61.27
907.2 -61.04
907.6 -61.02
908.0 -60.94
908.4 -60.7
908.8 -60.86
909.2 -61.45
909.6 -60.91
910.0 -60.94
910.4 -61.06
910.8 -60.76
911.2 -60.85
911.6 -60.95
912.0 -60.9
912.4 -60.84
912.8 -60.71
913.2 -60.85
913.6 -60.86
914.0 -60.79
914.4 -60.7
914.8 -60.43
915.2 -60.65
915.6 -60.9
916.0 -60.65
916.4 -60.44
916.8 -60.44
917.2 -60.67
917.6 -60.45
918.0 -60.69
918.4 -60.09
918.8 -60.4
919.2 -60.52
919.6 -60.37
920.0 -60.49
920.4 -60.52
920.8 -60.27
921.2 -60.25
921.6 -60.3
922.0 -60.17
922.4 -60.35
922.8 -60.44
923.2 -60.35
923.6 -60.39
924.0 -60.16
924.4 -59.96
924.8 -60.02
925.2 -60.07
925.6 -60.11
926.0 -60.04
926.4 -59.84
926.8 -60.16
927.2 -60.05
927.6 -59.78
928.0 -59.91
928.4 -59.79
928.8 -59.98
929.2 -59.92
929.6 -59.74
930.0 -59.77
930.4 -59.97
930.8 -59.8
931.2 -59.76
931.6 -59.94
932.0 -59.85
932.4 -59.74
932.8 -59.74
933.2 -59.74
933.6 -59.66
934.0 -59.9
934.4 -59.68
934.8 -59.69
935.2 -59.73
935.6 -59.76
936.0 -59.74
936.4 -59.56
936.8 -59.71
937.2 -59.55
937.6 -59.69
938.0 -59.54
938.4 -59.73
938.8 -59.59
939.2 -59.46
939.6 -59.49
940.0 -59.52
940.4 -59.34
940.8 -59.46
941.2 -59.45
941.6 -59.38
942.0 -59.46
942.4 -59.41
942.8 -59.47
943.2 -59.41
943.6 -59.24
944.0 -59.29
944.4 -59.26
944.8 -59.11
945.2 -59.29
945.6 -59.16
946.0 -59.15
946.4 -59.23
946.8 -59.25
947.2 -59.18
947.6 -59.1
948.0 -59.15
948.4 -59.11
948.8 -59.3
949.2 -59.19
949.6 -59.15
950.0 -59.1
950.4 -59.09
950.8 -59.12
951.2 -59.14
951.6 -59.24
952.0 -59.13
952.4 -59.12
952.8 -59.14
953.2 -59.24
953.6 -59.13
954.0 -59.17
954.4 -59.19
954.8 -59.17
955.2 -59.26
955.6 -59.37
956.0 -59.31
956.4 -59.19
956.8 -59.28
957.2 -59.19
957.6 -59.18
958.0 -59.14
958.4 -58.86
958.8 -58.97
959.2 -59.07
959.6 -59.05
960.0 -58.97
960.4 -59.03
960.8 -58.78
961.2 -58.88
961.6 -58.94
962.0 -58.89
962.4 -58.8
962.8 -58.72
963.2 -58.73
963.6 -58.73
964.0 -58.72
964.4 -58.68
964.8 -58.64
965.2 -58.65
965.6 -58.66
966.0 -58.57
966.4 -58.81
966.8 -58.84
967.2 -58.66
967.6 -58.75
968.0 -58.77
968.4 -58.8
968.8 -58.58
969.2 -58.63
969.6 -58.89
970.0 -58.62
970.4 -58.74
970.8 -58.6
971.2 -58.68
971.6 -58.73
972.0 -58.75
972.4 -58.77
972.8 -58.67
973.2 -58.84
973.6 -58.78
974.0 -58.75
974.4 -59.0
974.8 -58.98
975.2 -58.99
975.6 -58.99
976.0 -59.08
976.4 -58.92
976.8 -59.08
977.2 -59.09
977.6 -59.0
978.0 -59.17
978.4 -59.09
978.8 -59.07
979.2 -58.98
979.6 -59.05
980.0 -59.24
980.4 -59.01
980.8 -59.05
981.2 -59.05
981.6 -58.97
982.0 -58.94
982.4 -58.86
982.8 -58.95
983.2 -58.74
983.6 -58.71
984.0 -58.62
984.4 -58.7
984.8 -58.68
985.2 -58.56
985.6 -58.34
986.0 -58.5
986.4 -58.45
986.8 -58.34
987.2 -58.2
987.6 -58.39
988.0 -58.11
988.4 -58.35
988.8 -58.3
989.2 -58.3
989.6 -58.08
990.0 -58.22
990.4 -58.19
990.8 -58.19
991.2 -58.07
991.6 -58.1
992.0 -58.09
992.4 -58.14
992.8 -57.88
993.2 -58.18
993.6 -58.0
994.0 -57.85
994.4 -57.93
994.8 -58.07
995.2 -58.03
995.6 -58.06
996.0 -58.08
996.4 -58.08
996.8 -58.2
997.2 -58.12
997.6 -58.21
998.0 -58.27
998.4 -58.16
998.8 -58.15
999.2 -58.2
999.6 -58.24
1000.0 -58.19
