600.0 -210.0
600.4 -84.16
600.8 -74.19
601.2 -210.0
601.6 -79.46
602.0 -79.49
602.4 -210.0
602.8 -79.54
603.2 -79.56
603.6 -210.0
604.0 -74.4
604.4 -68.39
604.8 -70.64
605.2 -210.0
605.6 -210.0
606.0 -69.61
606.4 -81.54
606.8 -69.39
607.2 -72.04
607.6 -75.08
608.0 -73.86
608.4 -73.88
608.8 -210.0
609.2 -210.0
609.6 -210.0
610.0 -72.47
610.4 -76.35
610.8 -77.04
611.2 -75.3
611.6 -69.69
612.0 -75.35
612.4 -75.89
612.8 -77.16
613.2 -69.52
613.6 -75.45
614.0 -210.0
614.4 -69.72
614.8 -210.0
615.2 -73.95
615.6 -210.0
616.0 -210.0
616.4 -210.0
616.8 -75.18
617.2 -210.0
617.6 -72.44
618.0 -70.34
618.4 -210.0
618.8 -210.0
619.2 -80.55
619.6 -210.0
620.0 -210.0
620.4 -77.61
620.8 -79.39
621.2 -71.47
621.6 -210.0
622.0 -77.71
622.4 -71.54
622.8 -73.5
623.2 -210.0
623.6 -210.0
624.0 -71.81
624.4 -210.0
624.8 -72.66
625.2 -210.0
625.6 -82.71
626.0 -72.96
626.4 -72.98
626.8 -76.25
627.2 -73.77
627.6 -210.0
628.0 -210.0
628.4 -73.85
628.8 -74.45
629.2 -81.16
629.6 -69.73
630.0 -210.0
630.4 -70.97
630.8 -210.0
631.2 -210.0
631.6 -72.69
632.0 -86.15
632.4 -210.0
632.8 -73.9
633.2 -80.21
633.6 -76.26
634.0 -74.52
634.4 -210.0
634.8 -210.0
635.2 -210.0
635.6 -86.41
636.0 -68.44
636.4 -76.92
636.8 -210.0
637.2 -210.0
637.6 -71.37
638.0 -70.35
638.4 -210.0
638.8 -78.86
639.2 -210.0
639.6 -210.0
640.0 -210.0
640.4 -210.0
640.8 -71.9
641.2 -76.05
641.6 -78.43
642.0 -73.91
642.4 -76.96
642.8 -210.0
643.2 -78.57
643.6 -84.06
644.0 -71.78
644.4 -71.22
644.8 -210.0
645.2 -210.0
645.6 -210.0
646.0 -77.28
646.4 -71.87
646.8 -73.04
647.2 -79.6
647.6 -72.65
648.0 -73.14
648.4 -73.35
648.8 -210.0
649.2 -210.0
649.6 -72.29
650.0 -210.0
650.4 -78.58
650.8 -72.56
651.2 -77.63
651.6 -71.0
652.0 -79.17
652.4 -210.0
652.8 -72.86
653.2 -210.0
653.6 -73.67
654.0 -76.85
654.4 -81.62
654.8 -74.87
655.2 -210.0
655.6 -75.35
656.0 -74.44
656.4 -80.68
656.8 -79.21
657.2 -210.0
657.6 -74.45
658.0 -76.88
658.4 -210.0
658.8 -210.0
659.2 -87.69
659.6 -74.07
660.0 -74.08
660.4 -72.78
660.8 -76.23
661.2 -79.24
661.6 -72.78
662.0 -210.0
662.4 -73.89
662.8 -210.0
663.2 -72.64
663.6 -69.77
664.0 -72.13
664.4 -76.56
664.8 -71.46
665.2 -74.69
665.6 -77.28
666.0 -73.72
666.4 -73.72
666.8 -81.67
667.2 -80.71
667.6 -76.9
668.0 -76.23
668.4 -72.92
668.8 -70.62
669.2 -73.72
669.6 -73.89
670.0 -72.91
670.4 -72.5
670.8 -210.0
671.2 -73.2
671.6 -210.0
672.0 -80.68
672.4 -74.88
672.8 -210.0
673.2 -210.0
673.6 -210.0
674.0 -72.2
674.4 -82.87
674.8 -75.33
675.2 -74.63
675.6 -210.0
676.0 -72.71
676.4 -73.48
676.8 -72.3
677.2 -210.0
677.6 -210.0
678.0 -74.38
678.4 -72.69
678.8 -210.0
679.2 -77.6
679.6 -75.29
680.0 -75.82
680.4 -73.61
680.8 -72.01
681.2 -72.66
681.6 -73.76
682.0 -74.33
682.4 -77.14
682.8 -72.1
683.2 -75.78
683.6 -79.75
684.0 -81.51
684.4 -210.0
684.8 -210.0
685.2 -82.74
685.6 -75.75
686.0 -80.52
686.4 -75.46
686.8 -74.94
687.2 -79.04
687.6 -73.87
688.0 -73.17
688.4 -70.4
688.8 -77.48
689.2 -72.69
689.6 -76.0
690.0 -210.0
690.4 -74.44
690.8 -78.99
691.2 -77.89
691.6 -71.87
692.0 -72.95
692.4 -73.61
692.8 -75.95
693.2 -75.36
693.6 -73.98
694.0 -74.84
694.4 -71.15
694.8 -76.59
695.2 -71.35
695.6 -76.96
696.0 -75.32
696.4 -73.04
696.8 -73.74
697.2 -74.79
697.6 -76.93
698.0 -72.15
698.4 -71.76
698.8 -78.29
699.2 -72.0
699.6 -74.53
700.0 -72.68
700.4 -74.29
700.8 -75.83
701.2 -74.73
701.6 -75.52
702.0 -73.3
702.4 -76.85
702.8 -71.95
703.2 -74.95
703.6 -76.46
704.0 -74.46
704.4 -70.16
704.8 -72.76
705.2 -75.76
705.6 -73.8
706.0 -76.08
706.4 -70.77
706.8 -76.79
707.2 -70.96
707.6 -70.96
708.0 -74.18
708.4 -210.0
708.8 -74.87
709.2 -72.85
709.6 -69.84
710.0 -78.12
710.4 -84.15
710.8 -71.96
711.2 -74.36
711.6 -210.0
712.0 -73.33
712.4 -74.35
712.8 -73.32
713.2 -71.56
713.6 -75.98
714.0 -87.12
714.4 -210.0
714.8 -73.3
715.2 -76.68
715.6 -210.0
716.0 -75.63
716.4 -72.94
716.8 -76.67
717.2 -81.05
717.6 -72.16
718.0 -72.29
718.4 -71.27
718.8 -68.99
719.2 -75.01
719.6 -81.03
720.0 -72.73
720.4 -73.62
720.8 -72.26
721.2 -72.89
721.6 -73.23
722.0 -75.56
722.4 -72.88
722.8 -73.04
723.2 -73.21
723.6 -87.02
724.0 -69.85
724.4 -69.93
724.8 -77.45
725.2 -75.53
725.6 -70.37
726.0 -79.2
726.4 -70.45
726.8 -73.36
727.2 -70.54
727.6 -73.55
728.0 -74.18
728.4 -72.99
728.8 -71.77
729.2 -72.18
729.6 -73.95
730.0 -69.31
730.4 -76.95
730.8 -71.75
731.2 -70.03
731.6 -69.15
732.0 -71.74
732.4 -72.61
732.8 -71.87
733.2 -75.78
733.6 -75.15
734.0 -72.6
734.4 -72.28
734.8 -71.46
735.2 -73.29
735.6 -71.58
736.0 -75.43
736.4 -76.09
736.8 -71.97
737.2 -72.11
737.6 -72.9
738.0 -71.19
738.4 -76.46
738.8 -79.08
739.2 -70.63
739.6 -72.72
740.0 -69.3
740.4 -70.52
740.8 -71.67
741.2 -72.07
741.6 -75.71
742.0 -71.16
742.4 -77.81
742.8 -73.83
743.2 -80.81
743.6 -70.4
744.0 -70.29
744.4 -73.6
744.8 -77.28
745.2 -70.59
745.6 -74.77
746.0 -69.74
746.4 -69.83
746.8 -76.4
747.2 -210.0
747.6 -71.01
748.0 -79.02
748.4 -72.65
748.8 -76.0
749.2 -72.82
749.6 -74.01
750.0 -76.79
750.4 -70.99
750.8 -73.77
751.2 -69.7
751.6 -70.85
752.0 -72.95
752.4 -71.98
752.8 -210.0
753.2 -72.94
753.6 -78.28
754.0 -71.17
754.4 -210.0
754.8 -71.54
755.2 -71.66
755.6 -72.74
756.0 -68.38
756.4 -72.23
756.8 -79.71
757.2 -73.08
757.6 -69.44
758.0 -72.71
758.4 -73.67
758.8 -71.11
759.2 -70.33
759.6 -210.0
760.0 -74.61
760.4 -70.86
760.8 -75.85
761.2 -77.61
761.6 -71.87
762.0 -72.66
762.4 -81.86
762.8 -71.06
763.2 -210.0
763.6 -69.3
764.0 -69.54
764.4 -68.98
764.8 -70.81
765.2 -71.16
765.6 -70.27
766.0 -70.26
766.4 -69.35
766.8 -72.27
767.2 -210.0
767.6 -73.36
768.0 -74.27
768.4 -75.78
768.8 -72.42
769.2 -73.56
769.6 -72.42
770.0 -72.24
770.4 -70.43
770.8 -69.4
771.2 -72.94
771.6 -74.25
772.0 -71.36
772.4 -68.76
772.8 -70.75
773.2 -70.52
773.6 -75.75
774.0 -70.0
774.4 -71.76
774.8 -70.97
775.2 -70.41
775.6 -72.56
776.0 -68.89
776.4 -210.0
776.8 -73.3
777.2 -71.21
777.6 -72.05
778.0 -71.6
778.4 -73.29
778.8 -80.49
779.2 -69.27
779.6 -71.6
780.0 -210.0
780.4 -72.19
780.8 -70.27
781.2 -71.32
781.6 -74.73
782.0 -69.87
782.4 -68.86
782.8 -69.96
783.2 -71.3
783.6 -70.36
784.0 -71.04
784.4 -71.71
784.8 -73.69
785.2 -75.34
785.6 -70.79
786.0 -72.33
786.4 -74.42
786.8 -70.55
787.2 -72.15
787.6 -78.01
788.0 -75.33
788.4 -75.66
788.8 -71.14
789.2 -71.54
789.6 -70.12
790.0 -72.13
790.4 -69.72
790.8 -72.47
791.2 -70.52
791.6 -72.12
792.0 -72.46
792.4 -69.71
792.8 -70.63
793.2 -70.74
793.6 -210.0
794.0 -74.37
794.4 -69.43
794.8 -70.18
795.2 -69.79
795.6 -71.93
796.0 -210.0
796.4 -72.98
796.8 -71.63
797.2 -69.32
797.6 -72.25
798.0 -83.39
798.4 -74.34
798.8 -76.39
799.2 -71.2
799.6 -69.66
800.0 -73.15
800.4 -75.24
800.8 -69.3
801.2 -78.6
801.6 -71.07
802.0 -70.82
802.4 -71.07
802.8 -69.77
803.2 -70.95
803.6 -72.78
804.0 -70.96
804.4 -69.5
804.8 -69.78
805.2 -70.38
805.6 -68.71
806.0 -69.79
806.4 -65.77
806.8 -62.23
807.2 -58.16
807.6 -54.46
808.0 -52.71
808.4 -53.73
808.8 -54.47
809.2 -58.02
809.6 -66.18
810.0 -66.71
810.4 -70.02
810.8 -69.22
811.2 -69.48
811.6 -69.85
812.0 -70.46
812.4 -69.41
812.8 -69.59
813.2 -70.38
813.6 -69.98
814.0 -71.6
814.4 -70.5
814.8 -71.48
815.2 -68.9
815.6 -71.1
816.0 -71.24
816.4 -69.24
816.8 -71.0
817.2 -70.78
817.6 -68.95
818.0 -70.05
818.4 -67.84
818.8 -72.29
819.2 -68.55
819.6 -69.63
820.0 -68.93
820.4 -71.87
820.8 -69.51
821.2 -72.2
821.6 -69.88
822.0 -70.79
822.4 -72.75
822.8 -74.97
823.2 -68.69
823.6 -68.01
824.0 -71.34
824.4 -74.49
824.8 -67.84
825.2 -73.21
825.6 -71.4
826.0 -70.83
826.4 -70.06
826.8 -69.11
827.2 -69.92
827.6 -82.15
828.0 -72.16
828.4 -71.9
828.8 -70.34
829.2 -71.19
829.6 -70.09
830.0 -70.4
830.4 -70.33
830.8 -69.76
831.2 -71.67
831.6 -72.08
832.0 -74.16
832.4 -69.2
832.8 -68.36
833.2 -68.22
833.6 -70.56
834.0 -75.01
834.4 -68.54
834.8 -68.8
835.2 -69.34
835.6 -70.53
836.0 -69.61
836.4 -69.86
836.8 -70.89
837.2 -71.11
837.6 -70.59
838.0 -67.61
838.4 -69.93
838.8 -74.05
839.2 -68.83
839.6 -68.86
840.0 -70.03
840.4 -69.67
840.8 -68.29
841.2 -72.05
841.6 -69.35
842.0 -69.74
842.4 -69.87
842.8 -70.02
843.2 -71.6
843.6 -69.87
844.0 -69.46
844.4 -70.91
844.8 -71.38
845.2 -68.42
845.6 -69.52
846.0 -70.16
846.4 -70.99
846.8 -70.9
847.2 -69.01
847.6 -70.46
848.0 -70.46
848.4 -70.15
848.8 -69.38
849.2 -70.15
849.6 -68.9
850.0 -69.31
850.4 -68.72
850.8 -70.45
851.2 -68.49
851.6 -70.13
852.0 -68.93
852.4 -69.9
852.8 -69.89
853.2 -69.35
853.6 -70.27
854.0 -68.42
854.4 -69.4
854.8 -68.63
855.2 -68.32
855.6 -69.39
856.0 -70.67
856.4 -70.33
856.8 -70.17
857.2 -71.11
857.6 -68.1
858.0 -68.95
858.4 -68.94
858.8 -69.64
859.2 -71.1
859.6 -68.71
860.0 -68.28
860.4 -69.05
860.8 -69.29
861.2 -67.75
861.6 -68.31
862.0 -68.47
862.4 -69.61
862.8 -68.56
863.2 -69.47
863.6 -68.78
864.0 -68.83
864.4 -68.18
864.8 -68.49
865.2 -69.11
865.6 -69.93
866.0 -70.49
866.4 -70.4
866.8 -69.23
867.2 -68.46
867.6 -68.15
868.0 -68.9
868.4 -67.32
868.8 -69.53
869.2 -67.61
869.6 -68.66
870.0 -66.98
870.4 -67.77
870.8 -67.92
871.2 -68.57
871.6 -67.49
872.0 -67.4
872.4 -67.48
872.8 -68.18
873.2 -68.54
873.6 -68.76
874.0 -67.37
874.4 -69.96
874.8 -67.7
875.2 -67.22
875.6 -69.23
876.0 -67.83
876.4 -67.83
876.8 -68.43
877.2 -70.77
877.6 -69.13
878.0 -67.52
878.4 -68.41
878.8 -67.93
879.2 -67.68
879.6 -67.63
880.0 -67.19
880.4 -67.02
880.8 -66.56
881.2 -68.55
881.6 -68.38
882.0 -66.18
882.4 -68.05
882.8 -69.02
883.2 -68.65
883.6 -67.3
884.0 -70.44
884.4 -67.76
884.8 -67.79
885.2 -69.07
885.6 -67.08
886.0 -67.47
886.4 -68.7
886.8 -67.94
887.2 -68.75
887.6 -69.62
888.0 -68.29
888.4 -66.87
888.8 -67.28
889.2 -67.59
889.6 -67.64
890.0 -67.87
890.4 -66.75
890.8 -67.83
891.2 -69.62
891.6 -69.26
892.0 -67.94
892.4 -67.04
892.8 -67.35
893.2 -69.56
893.6 -69.49
894.0 -68.66
894.4 -67.14
894.8 -66.99
895.2 -67.54
895.6 -68.79
896.0 -68.45
896.4 -67.38
896.8 -69.46
897.2 -70.06
897.6 -67.75
898.0 -69.13
898.4 -66.75
898.8 -68.11
899.2 -68.48
899.6 -67.63
900.0 -69.09
900.4 -68.5
900.8 -68.68
901.2 -66.95
901.6 -67.9
902.0 -68.76
902.4 -68.6
902.8 -68.61
903.2 -69.22
903.6 -68.79
904.0 -67.54
904.4 -68.26
904.8 -69.32
905.2 -68.39
905.6 -67.31
906.0 -67.99
906.4 -68.15
906.8 -67.69
907.2 -68.22
907.6 -68.93
908.0 -68.03
908.4 -67.95
908.8 -68.84
909.2 -68.63
909.6 -68.97
910.0 -67.54
910.4 -68.2
910.8 -68.73
911.2 -67.72
911.6 -67.61
912.0 -67.84
912.4 -68.28
912.8 -67.45
913.2 -67.54
913.6 -67.32
914.0 -68.16
914.4 -69.61
914.8 -68.96
915.2 -70.86
915.6 -68.51
916.0 -70.24
916.4 -68.35
916.8 -68.32
917.2 -69.0
917.6 -67.53
918.0 -70.71
918.4 -67.93
918.8 -69.3
919.2 -69.55
919.6 -70.32
920.0 -68.55
920.4 -68.07
920.8 -68.95
921.2 -70.17
921.6 -68.57
922.0 -69.16
922.4 -69.07
922.8 -69.6
923.2 -71.11
923.6 -70.21
924.0 -69.71
924.4 -69.27
924.8 -69.18
925.2 -68.5
925.6 -69.21
926.0 -69.51
926.4 -69.95
926.8 -69.38
927.2 -69.07
927.6 -68.56
928.0 -71.25
928.4 -69.5
928.8 -71.29
929.2 -70.13
929.6 -69.44
930.0 -68.95
930.4 -70.0
930.8 -67.93
931.2 -70.77
931.6 -69.65
932.0 -68.83
932.4 -70.5
932.8 -70.32
933.2 -70.67
933.6 -70.76
934.0 -71.15
934.4 -70.4
934.8 -68.88
935.2 -70.57
935.6 -71.97
936.0 -70.68
936.4 -70.7
936.8 -69.11
937.2 -71.55
937.6 -69.97
938.0 -70.11
938.4 -72.5
938.8 -71.1
939.2 -72.25
939.6 -70.36
940.0 -72.48
940.4 -70.98
940.8 -71.66
941.2 -70.46
941.6 -70.92
942.0 -72.15
942.4 -71.76
942.8 -70.61
943.2 -70.29
943.6 -72.9
944.0 -70.56
944.4 -70.65
944.8 -70.92
945.2 -69.42
945.6 -70.27
946.0 -71.97
946.4 -70.32
946.8 -71.36
947.2 -71.67
947.6 -69.98
948.0 -73.7
948.4 -71.97
948.8 -72.92
949.2 -72.17
949.6 -71.27
950.0 -72.29
950.4 -71.18
950.8 -71.33
951.2 -71.89
951.6 -72.88
952.0 -71.2
952.4 -71.35
952.8 -71.37
953.2 -72.62
953.6 -70.6
954.0 -75.05
954.4 -70.87
954.8 -71.35
955.2 -71.43
955.6 -71.21
956.0 -73.02
956.4 -72.7
956.8 -71.16
957.2 -72.43
957.6 -70.92
958.0 -73.49
958.4 -72.64
958.8 -71.14
959.2 -70.54
959.6 -70.91
960.0 -71.8
960.4 -71.87
960.8 -72.67
961.2 -70.87
961.6 -70.45
962.0 -70.8
962.4 -72.36
962.8 -70.93
963.2 -70.38
963.6 -70.17
964.0 -71.94
964.4 -70.89
964.8 -70.75
965.2 -70.73
965.6 -70.59
966.0 -69.74
966.4 -71.01
966.8 -70.25
967.2 -70.56
967.6 -70.15
968.0 -70.08
968.4 -71.63
968.8 -70.71
969.2 -70.97
969.6 -71.34
970.0 -69.42
970.4 -71.75
970.8 -70.7
971.2 -71.73
971.6 -72.63
972.0 -70.71
972.4 -74.25
972.8 -71.57
973.2 -71.58
973.6 -70.81
974.0 -71.2
974.4 -70.75
974.8 -71.18
975.2 -71.45
975.6 -70.55
976.0 -72.66
976.4 -72.42
976.8 -70.46
977.2 -72.2
977.6 -69.65
978.0 -71.17
978.4 -71.73
978.8 -71.2
979.2 -70.9
979.6 -72.41
980.0 -71.29
980.4 -70.98
980.8 -71.36
981.2 -71.05
981.6 -70.36
982.0 -72.74
982.4 -71.81
982.8 -71.47
983.2 -72.65
983.6 -70.86
984.0 -72.48
984.4 -71.71
984.8 -71.72
985.2 -72.76
985.6 -70.79
986.0 -70.64
986.4 -70.9
986.8 -71.63
987.2 -70.63
987.6 -70.8
988.0 -71.48
988.4 -70.91
988.8 -69.9
989.2 -70.18
989.6 -70.26
990.0 -70.23
990.4 -71.45
990.8 -69.77
991.2 -70.03
991.6 -69.17
992.0 -69.99
992.4 -69.62
992.8 -69.3
993.2 -70.19
993.6 -69.97
994.0 -69.44
994.4 -69.96
994.8 -70.7
995.2 -70.18
995.6 -69.66
996.0 -69.47
996.4 -70.22
996.8 -70.5
997.2 -69.56
997.6 -69.54
998.0 -69.45
998.4 -69.63
998.8 -70.25
999.2 -69.29
999.6 -68.92
1000.0 -69.15
