600.0 -76.35
600.4 -74.16
600.8 -210.0
601.2 -210.0
601.6 -74.69
602.0 -74.27
602.4 -75.25
602.8 -70.0
603.2 -76.55
603.6 -72.9
604.0 -210.0
604.4 -210.0
604.8 -210.0
605.2 -79.69
605.6 -70.02
606.0 -70.38
606.4 -84.55
606.8 -210.0
607.2 -72.29
607.6 -210.0
608.0 -73.86
608.4 -76.89
608.8 -71.7
609.2 -77.74
609.6 -69.7
610.0 -76.32
610.4 -210.0
610.8 -76.37
611.2 -77.86
611.6 -210.0
612.0 -69.84
612.4 -71.92
612.8 -210.0
613.2 -210.0
613.6 -210.0
614.0 -210.0
614.4 -210.0
614.8 -82.06
615.2 -210.0
615.6 -80.33
616.0 -71.52
616.4 -85.16
616.8 -72.62
617.2 -210.0
617.6 -73.18
618.0 -76.22
618.4 -75.73
618.8 -72.07
619.2 -76.29
619.6 -210.0
620.0 -70.74
620.4 -72.39
620.8 -78.43
621.2 -210.0
621.6 -69.13
622.0 -72.94
622.4 -210.0
622.8 -210.0
623.2 -70.79
623.6 -72.17
624.0 -210.0
624.4 -210.0
624.8 -77.21
625.2 -79.67
625.6 -70.15
626.0 -210.0
626.4 -210.0
626.8 -210.0
627.2 -75.02
627.6 -210.0
628.0 -210.0
628.4 -210.0
628.8 -77.46
629.2 -75.14
629.6 -72.35
630.0 -78.21
630.4 -210.0
630.8 -76.51
631.2 -75.29
631.6 -80.09
632.0 -72.53
632.4 -72.37
632.8 -71.15
633.2 -77.2
633.6 -210.0
634.0 -73.73
634.4 -75.9
634.8 -70.43
635.2 -73.59
635.6 -81.63
636.0 -74.97
636.4 -83.46
636.8 -69.42
637.2 -210.0
637.6 -210.0
638.0 -73.58
638.4 -78.16
638.8 -71.73
639.2 -70.24
639.6 -73.28
640.0 -72.26
640.4 -70.54
640.8 -70.58
641.2 -71.4
641.6 -210.0
642.0 -72.44
642.4 -74.17
642.8 -76.2
643.2 -72.71
643.6 -72.01
644.0 -71.65
644.4 -72.08
644.8 -76.38
645.2 -71.89
645.6 -72.77
646.0 -72.96
646.4 -70.88
646.8 -72.17
647.2 -72.47
647.6 -72.37
648.0 -70.38
648.4 -71.58
648.8 -69.61
649.2 -71.13
649.6 -72.42
650.0 -71.08
650.4 -72.84
650.8 -71.93
651.2 -72.31
651.6 -74.84
652.0 -210.0
652.4 -71.2
652.8 -73.49
653.2 -72.58
653.6 -71.41
654.0 -70.24
654.4 -74.22
654.8 -75.89
655.2 -79.2
655.6 -72.21
656.0 -69.88
656.4 -68.47
656.8 -70.94
657.2 -70.86
657.6 -73.05
658.0 -71.88
658.4 -71.65
658.8 -74.26
659.2 -70.44
659.6 -71.89
660.0 -71.78
660.4 -72.25
660.8 -71.36
661.2 -69.5
661.6 -74.69
662.0 -71.67
662.4 -70.21
662.8 -70.71
663.2 -69.5
663.6 -70.14
664.0 -68.72
664.4 -69.57
664.8 -71.16
665.2 -70.54
665.6 -68.72
666.0 -72.13
666.4 -71.57
666.8 -71.46
667.2 -72.51
667.6 -70.14
668.0 -70.71
668.4 -70.62
668.8 -69.24
669.2 -69.5
669.6 -70.21
670.0 -69.98
670.4 -70.87
670.8 -71.55
671.2 -69.61
671.6 -68.54
672.0 -73.04
672.4 -69.34
672.8 -68.96
673.2 -68.11
673.6 -70.5
674.0 -70.4
674.4 -70.83
674.8 -69.64
675.2 -70.0
675.6 -68.94
676.0 -67.76
676.4 -72.06
676.8 -70.54
677.2 -70.89
677.6 -69.35
678.0 -69.15
678.4 -69.97
678.8 -69.21
679.2 -69.96
679.6 -69.4
680.0 -69.07
680.4 -67.72
680.8 -69.06
681.2 -72.66
681.6 -71.03
682.0 -69.85
682.4 -70.07
682.8 -69.48
683.2 -69.16
683.6 -69.54
684.0 -71.41
684.4 -69.74
684.8 -69.07
685.2 -68.17
685.6 -72.2
686.0 -69.51
686.4 -69.24
686.8 -69.5
687.2 -69.3
687.6 -69.7
688.0 -68.62
688.4 -67.89
688.8 -69.48
689.2 -68.49
689.6 -70.31
690.0 -69.67
690.4 -69.89
690.8 -67.95
691.2 -70.53
691.6 -68.24
692.0 -67.93
692.4 -68.84
692.8 -68.61
693.2 -67.15
693.6 -68.71
694.0 -68.64
694.4 -69.19
694.8 -68.75
695.2 -68.8
695.6 -68.24
696.0 -69.81
696.4 -68.72
696.8 -71.12
697.2 -70.1
697.6 -68.89
698.0 -67.29
698.4 -69.13
698.8 -69.13
699.2 -68.39
699.6 -69.91
700.0 -67.48
700.4 -69.59
700.8 -68.26
701.2 -68.71
701.6 -69.58
702.0 -68.24
702.4 -68.46
702.8 -69.14
703.2 -67.86
703.6 -67.43
704.0 -68.05
704.4 -69.45
704.8 -68.31
705.2 -68.09
705.6 -68.03
706.0 -68.89
706.4 -68.51
706.8 -67.76
707.2 -68.56
707.6 -68.74
708.0 -68.73
708.4 -68.42
708.8 -69.25
709.2 -68.41
709.6 -69.38
710.0 -68.35
710.4 -69.37
710.8 -68.01
711.2 -68.34
711.6 -67.27
712.0 -68.75
712.4 -68.0
712.8 -67.35
713.2 -68.86
713.6 -67.82
714.0 -67.98
714.4 -67.66
714.8 -67.52
715.2 -67.75
715.6 -66.34
716.0 -67.46
716.4 -70.36
716.8 -67.69
717.2 -68.56
717.6 -67.58
718.0 -67.11
718.4 -67.72
718.8 -68.99
719.2 -68.79
719.6 -66.8
720.0 -67.6
720.4 -68.72
720.8 -68.58
721.2 -67.45
721.6 -67.17
722.0 -67.73
722.4 -67.2
722.8 -67.43
723.2 -67.62
723.6 -69.09
724.0 -69.45
724.4 -66.75
724.8 -66.35
725.2 -67.6
725.6 -67.0
726.0 -67.16
726.4 -68.18
726.8 -67.29
727.2 -68.91
727.6 -68.0
728.0 -67.88
728.4 -67.62
728.8 -65.95
729.2 -67.87
729.6 -66.2
730.0 -67.91
730.4 -68.37
730.8 -66.72
731.2 -67.64
731.6 -66.85
732.0 -67.06
732.4 -67.63
732.8 -66.93
733.2 -68.46
733.6 -66.5
734.0 -67.94
734.4 -66.65
734.8 -68.45
735.2 -66.78
735.6 -69.41
736.0 -68.9
736.4 -67.85
736.8 -66.84
737.2 -66.72
737.6 -67.84
738.0 -67.1
738.4 -66.71
738.8 -66.15
739.2 -66.18
739.6 -67.57
740.0 -67.31
740.4 -68.47
740.8 -67.88
741.2 -66.93
741.6 -66.76
742.0 -67.16
742.4 -66.51
742.8 -66.88
743.2 -68.32
743.6 -68.14
744.0 -66.29
744.4 -67.38
744.8 -67.28
745.2 -66.7
745.6 -67.23
746.0 -67.13
746.4 -66.86
746.8 -67.04
747.2 -66.72
747.6 -66.39
748.0 -68.95
748.4 -67.66
748.8 -66.88
749.2 -66.8
749.6 -67.5
750.0 -66.33
750.4 -66.49
750.8 -67.38
751.2 -66.28
751.6 -66.16
752.0 -66.59
752.4 -67.17
752.8 -67.2
753.2 -68.55
753.6 -67.39
754.0 -66.57
754.4 -67.38
754.8 -68.09
755.2 -67.37
755.6 -66.94
756.0 -67.02
756.4 -67.9
756.8 -67.4
757.2 -67.25
757.6 -66.52
758.0 -68.05
758.4 -66.59
758.8 -66.63
759.2 -68.15
759.6 -66.06
760.0 -66.74
760.4 -66.28
760.8 -67.06
761.2 -66.08
761.6 -66.56
762.0 -65.95
762.4 -67.55
762.8 -66.85
763.2 -66.17
763.6 -66.76
764.0 -66.93
764.4 -66.62
764.8 -66.69
765.2 -66.52
765.6 -67.41
766.0 -66.14
766.4 -66.14
766.8 -66.85
767.2 -66.46
767.6 -67.29
768.0 -68.25
768.4 -65.47
768.8 -65.23
769.2 -67.43
769.6 -65.23
770.0 -66.14
770.4 -66.39
770.8 -66.69
771.2 -65.69
771.6 -66.64
772.0 -68.28
772.4 -66.33
772.8 -65.68
773.2 -66.96
773.6 -67.0
774.0 -67.24
774.4 -66.12
774.8 -66.24
775.2 -67.34
775.6 -66.08
776.0 -65.03
776.4 -66.11
776.8 -67.03
777.2 -66.48
777.6 -67.18
778.0 -67.32
778.4 -66.3
778.8 -65.76
779.2 -65.95
779.6 -66.6
780.0 -66.21
780.4 -66.92
780.8 -65.61
781.2 -67.47
781.6 -65.85
782.0 -66.5
782.4 -65.42
782.8 -65.63
783.2 -66.57
783.6 -66.85
784.0 -65.95
784.4 -65.62
784.8 -65.72
785.2 -66.18
785.6 -66.31
786.0 -66.43
786.4 -66.09
786.8 -66.09
787.2 -65.86
787.6 -66.25
788.0 -66.47
788.4 -66.29
788.8 -65.89
789.2 -65.56
789.6 -66.24
790.0 -66.67
790.4 -65.37
790.8 -65.58
791.2 -65.75
791.6 -65.98
792.0 -66.27
792.4 -66.7
792.8 -65.25
793.2 -65.74
793.6 -65.89
794.0 -65.96
794.4 -66.5
794.8 -65.05
795.2 -66.08
795.6 -65.87
796.0 -65.8
796.4 -65.61
796.8 -65.04
797.2 -66.1
797.6 -66.27
798.0 -65.94
798.4 -65.11
798.8 -64.71
799.2 -65.89
799.6 -65.15
800.0 -66.21
800.4 -65.27
800.8 -65.84
801.2 -65.89
801.6 -65.63
802.0 -65.52
802.4 -65.7
802.8 -65.06
803.2 -64.97
803.6 -64.87
804.0 -65.07
804.4 -65.8
804.8 -65.44
805.2 -64.62
805.6 -64.86
806.0 -63.77
806.4 -61.64
806.8 -58.15
807.2 -54.53
807.6 -50.55
808.0 -49.18
808.4 -50.18
808.8 -50.64
809.2 -54.26
809.6 -62.39
810.0 -63.97
810.4 -65.03
810.8 -65.19
811.2 -65.39
811.6 -64.66
812.0 -64.81
812.4 -64.67
812.8 -65.07
813.2 -65.43
813.6 -64.99
814.0 -65.87
814.4 -64.97
814.8 -64.8
815.2 -65.01
815.6 -65.41
816.0 -64.71
816.4 -65.46
816.8 -65.63
817.2 -66.01
817.6 -64.94
818.0 -65.0
818.4 -64.69
818.8 -65.67
819.2 -65.0
819.6 -65.9
820.0 -65.3
820.4 -64.69
820.8 -66.02
821.2 -64.72
821.6 -65.3
822.0 -65.6
822.4 -65.42
822.8 -66.09
823.2 -65.79
823.6 -65.76
824.0 -65.78
824.4 -64.62
824.8 -64.91
825.2 -65.21
825.6 -64.89
826.0 -64.95
826.4 -65.35
826.8 -64.67
827.2 -65.41
827.6 -64.28
828.0 -64.68
828.4 -65.28
828.8 -64.76
829.2 -64.51
829.6 -64.67
830.0 -64.75
830.4 -64.53
830.8 -64.3
831.2 -65.1
831.6 -64.91
832.0 -64.49
832.4 -65.29
832.8 -64.26
833.2 -64.68
833.6 -64.81
834.0 -64.13
834.4 -64.87
834.8 -64.07
835.2 -64.62
835.6 -64.45
836.0 -64.57
836.4 -64.36
836.8 -64.55
837.2 -64.45
837.6 -64.57
838.0 -64.77
838.4 -64.58
838.8 -64.48
839.2 -64.37
839.6 -64.34
840.0 -64.7
840.4 -63.99
840.8 -64.41
841.2 -64.75
841.6 -64.6
842.0 -63.95
842.4 -64.2
842.8 -63.87
843.2 -64.65
843.6 -63.76
844.0 -64.63
844.4 -64.46
844.8 -63.88
845.2 -64.64
845.6 -64.31
846.0 -64.39
846.4 -64.14
846.8 -64.1
847.2 -63.76
847.6 -64.28
848.0 -64.28
848.4 -64.24
848.8 -63.94
849.2 -64.05
849.6 -63.59
850.0 -63.8
850.4 -64.15
850.8 -64.0
851.2 -64.13
851.6 -64.2
852.0 -64.28
852.4 -63.72
852.8 -64.37
853.2 -64.35
853.6 -64.13
854.0 -63.52
854.4 -63.67
854.8 -63.69
855.2 -64.01
855.6 -63.71
856.0 -63.46
856.4 -63.78
856.8 -63.64
857.2 -63.28
857.6 -63.7
858.0 -63.7
858.4 -63.54
858.8 -63.45
859.2 -63.31
859.6 -63.62
860.0 -63.49
860.4 -63.84
860.8 -63.04
861.2 -63.24
861.6 -62.85
862.0 -63.61
862.4 -63.59
862.8 -62.87
863.2 -62.82
863.6 -63.18
864.0 -63.73
864.4 -62.89
864.8 -63.12
865.2 -63.16
865.6 -62.94
866.0 -63.27
866.4 -63.37
866.8 -63.21
867.2 -62.69
867.6 -62.67
868.0 -63.29
868.4 -62.94
868.8 -62.96
869.2 -63.02
869.6 -62.99
870.0 -62.97
870.4 -63.18
870.8 -62.43
871.2 -63.09
871.6 -62.83
872.0 -63.11
872.4 -62.6
872.8 -62.88
873.2 -62.57
873.6 -63.06
874.0 -62.97
874.4 -62.73
874.8 -63.22
875.2 -62.66
875.6 -62.76
876.0 -62.73
876.4 -62.59
876.8 -62.41
877.2 -62.41
877.6 -62.68
878.0 -62.21
878.4 -62.44
878.8 -62.0
879.2 -62.47
879.6 -62.31
880.0 -62.64
880.4 -62.2
880.8 -62.57
881.2 -62.44
881.6 -62.18
882.0 -62.98
882.4 -62.53
882.8 -62.4
883.2 -62.6
883.6 -62.13
884.0 -62.42
884.4 -62.71
884.8 -62.02
885.2 -62.22
885.6 -62.54
886.0 -62.12
886.4 -62.48
886.8 -62.52
887.2 -62.29
887.6 -62.11
888.0 -62.25
888.4 -62.38
888.8 -62.69
889.2 -62.18
889.6 -62.27
890.0 -62.87
890.4 -62.52
890.8 -61.99
891.2 -62.41
891.6 -62.37
892.0 -62.34
892.4 -62.22
892.8 -62.39
893.2 -61.86
893.6 -62.31
894.0 -61.91
894.4 -62.43
894.8 -62.19
895.2 -61.99
895.6 -62.17
896.0 -62.22
896.4 -61.96
896.8 -61.87
897.2 -61.54
897.6 -61.81
898.0 -62.09
898.4 -61.88
898.8 -62.27
899.2 -62.09
899.6 -61.71
900.0 -62.02
900.4 -61.95
900.8 -61.95
901.2 -62.04
901.6 -62.08
902.0 -62.06
902.4 -62.1
902.8 -61.81
903.2 -62.03
903.6 -61.78
904.0 -62.14
904.4 -61.64
904.8 -61.86
905.2 -61.57
905.6 -61.94
906.0 -61.78
906.4 -61.72
906.8 -61.73
907.2 -61.84
907.6 -61.61
908.0 -61.57
908.4 -61.65
908.8 -62.03
909.2 -61.84
909.6 -61.89
910.0 -61.69
910.4 -61.58
910.8 -61.65
911.2 -61.88
911.6 -61.51
912.0 -61.76
912.4 -61.34
912.8 -61.27
913.2 -61.18
913.6 -61.1
914.0 -61.38
914.4 -61.18
914.8 -61.29
915.2 -61.49
915.6 -61.27
916.0 -61.57
916.4 -61.09
916.8 -61.21
917.2 -61.17
917.6 -61.43
918.0 -61.23
918.4 -61.42
918.8 -61.4
919.2 -61.1
919.6 -61.19
920.0 -61.21
920.4 -61.09
920.8 -61.01
921.2 -61.3
921.6 -61.22
922.0 -61.33
922.4 -61.17
922.8 -61.34
923.2 -61.17
923.6 -61.03
924.0 -61.31
924.4 -61.17
924.8 -60.98
925.2 -60.75
925.6 -60.67
926.0 -61.03
926.4 -60.86
926.8 -61.03
927.2 -61.12
927.6 -60.58
928.0 -60.93
928.4 -60.58
928.8 -60.84
929.2 -60.63
929.6 -60.83
930.0 -60.69
930.4 -60.65
930.8 -60.71
931.2 -60.78
931.6 -60.74
932.0 -60.58
932.4 -60.63
932.8 -60.63
933.2 -60.69
933.6 -60.69
934.0 -60.56
934.4 -60.92
934.8 -60.51
935.2 -60.47
935.6 -60.74
936.0 -60.62
936.4 -60.53
936.8 -60.65
937.2 -60.47
937.6 -60.47
938.0 -60.48
938.4 -60.45
938.8 -60.29
939.2 -60.43
939.6 -60.34
940.0 -60.36
940.4 -60.28
940.8 -60.57
941.2 -60.44
941.6 -60.35
942.0 -60.4
942.4 -60.42
942.8 -60.38
943.2 -60.07
943.6 -60.29
944.0 -60.25
944.4 -60.12
944.8 -60.08
945.2 -60.25
945.6 -60.11
946.0 -60.05
946.4 -59.95
946.8 -60.13
947.2 -59.97
947.6 -59.96
948.0 -59.93
948.4 -60.16
948.8 -60.12
949.2 -60.09
949.6 -60.19
950.0 -60.14
950.4 -60.17
950.8 -59.98
951.2 -60.21
951.6 -60.24
952.0 -60.1
952.4 -59.94
952.8 -60.32
953.2 -59.95
953.6 -60.1
954.0 -60.03
954.4 -59.79
954.8 -60.07
955.2 -59.91
955.6 -59.82
956.0 -59.97
956.4 -60.06
956.8 -59.87
957.2 -60.01
957.6 -60.1
958.0 -59.97
958.4 -59.91
958.8 -59.93
959.2 -59.96
959.6 -59.74
960.0 -59.59
960.4 -59.81
960.8 -59.87
961.2 -59.83
961.6 -59.69
962.0 -59.9
962.4 -59.59
962.8 -59.86
963.2 -59.48
963.6 -59.64
964.0 -59.43
964.4 -59.41
964.8 -59.47
965.2 -59.55
965.6 -59.44
966.0 -59.22
966.4 -59.47
966.8 -59.52
967.2 -59.39
967.6 -59.49
968.0 -59.55
968.4 -59.42
968.8 -59.51
969.2 -59.6
969.6 -59.56
970.0 -59.4
970.4 -59.39
970.8 -59.71
971.2 -59.47
971.6 -59.59
972.0 -59.7
972.4 -59.62
972.8 -59.71
973.2 -59.57
973.6 -59.64
974.0 -59.41
974.4 -59.64
974.8 -59.76
975.2 -59.67
975.6 -59.74
976.0 -59.7
976.4 -59.82
976.8 -59.8
977.2 -59.74
977.6 -59.84
978.0 -59.79
978.4 -59.84
978.8 -59.84
979.2 -59.87
979.6 -59.87
980.0 -59.88
980.4 -60.02
980.8 -59.81
981.2 -59.81
981.6 -59.85
982.0 -59.53
982.4 -59.57
982.8 -59.48
983.2 -59.5
983.6 -59.33
984.0 -59.35
984.4 -59.37
984.8 -59.26
985.2 -59.33
985.6 -59.21
986.0 -59.18
986.4 -59.04
986.8 -59.11
987.2 -59.03
987.6 -59.07
988.0 -59.25
988.4 -59.0
988.8 -58.91
989.2 -58.83
989.6 -58.98
990.0 -59.02
990.4 -58.88
990.8 -58.89
991.2 -58.88
991.6 -58.81
992.0 -58.7
992.4 -58.79
992.8 -58.68
993.2 -58.65
993.6 -58.71
994.0 -58.72
994.4 -58.75
994.8 -58.68
995.2 -58.69
995.6 -58.7
996.0 -58.67
996.4 -58.77
996.8 -58.64
997.2 -58.82
997.6 -58.77
998.0 -58.92
998.4 -58.79
998.8 -58.86
999.2 -58.87
999.6 -58.82
1000.0 -58.85
