600.0 -74.14
600.4 -210.0
600.8 -210.0
601.2 -79.43
601.6 -70.09
602.0 -210.0
602.4 -210.0
602.8 -210.0
603.2 -74.34
603.6 -78.34
604.0 -210.0
604.4 -74.87
604.8 -210.0
605.2 -74.47
605.6 -71.27
606.0 -67.99
606.4 -210.0
606.8 -73.11
607.2 -210.0
607.6 -75.08
608.0 -78.63
608.4 -71.67
608.8 -81.7
609.2 -210.0
609.6 -73.96
610.0 -76.99
610.4 -210.0
610.8 -210.0
611.2 -80.07
611.6 -210.0
612.0 -80.12
612.4 -72.62
612.8 -71.94
613.2 -72.41
613.6 -74.2
614.0 -82.01
614.4 -210.0
614.8 -75.07
615.2 -69.77
615.6 -82.1
616.0 -74.72
616.4 -72.85
616.8 -71.2
617.2 -210.0
617.6 -72.67
618.0 -77.47
618.4 -210.0
618.8 -210.0
619.2 -210.0
619.6 -71.37
620.0 -71.94
620.4 -210.0
620.8 -75.87
621.2 -210.0
621.6 -210.0
622.0 -71.18
622.4 -73.47
622.8 -76.51
623.2 -76.02
623.6 -70.82
624.0 -71.64
624.4 -69.02
624.8 -210.0
625.2 -69.26
625.6 -72.49
626.0 -73.19
626.4 -71.14
626.8 -69.88
627.2 -70.25
627.6 -75.43
628.0 -210.0
628.4 -69.77
628.8 -71.77
629.2 -85.94
629.6 -76.93
630.0 -70.81
630.4 -71.55
630.8 -74.59
631.2 -74.62
631.6 -73.11
632.0 -72.0
632.4 -73.39
632.8 -69.87
633.2 -69.9
633.6 -77.22
634.0 -70.84
634.4 -70.4
634.8 -72.03
635.2 -74.33
635.6 -74.94
636.0 -70.75
636.4 -70.78
636.8 -69.96
637.2 -69.12
637.6 -70.12
638.0 -72.27
638.4 -74.57
638.8 -78.86
639.2 -68.75
639.6 -73.7
640.0 -74.69
640.4 -68.51
640.8 -70.58
641.2 -73.04
641.6 -70.07
642.0 -68.99
642.4 -69.25
642.8 -70.76
643.2 -70.4
643.6 -69.91
644.0 -70.11
644.4 -68.94
644.8 -69.32
645.2 -73.23
645.6 -72.77
646.0 -69.21
646.4 -68.99
646.8 -68.27
647.2 -68.09
647.6 -69.43
648.0 -69.19
648.4 -69.71
648.8 -72.09
649.2 -67.93
649.6 -68.68
650.0 -68.81
650.4 -70.46
650.8 -70.63
651.2 -68.76
651.6 -70.38
652.0 -68.87
652.4 -69.12
652.8 -68.39
653.2 -67.34
653.6 -69.32
654.0 -67.96
654.4 -67.82
654.8 -68.62
655.2 -69.39
655.6 -67.57
656.0 -68.91
656.4 -68.63
656.8 -68.27
657.2 -69.41
657.6 -69.22
658.0 -69.41
658.4 -68.75
658.8 -67.31
659.2 -69.11
659.6 -69.3
660.0 -68.11
660.4 -68.11
660.8 -67.57
661.2 -67.24
661.6 -68.35
662.0 -69.37
662.4 -67.83
662.8 -68.01
663.2 -68.15
663.6 -68.01
664.0 -68.56
664.4 -67.53
664.8 -68.35
665.2 -67.57
665.6 -66.59
666.0 -67.78
666.4 -67.24
666.8 -67.53
667.2 -67.74
667.6 -67.61
668.0 -68.15
668.4 -68.15
668.8 -67.32
669.2 -68.5
669.6 -67.36
670.0 -66.89
670.4 -68.71
670.8 -67.63
671.2 -67.55
671.6 -68.38
672.0 -67.67
672.4 -67.45
672.8 -67.28
673.2 -67.12
673.6 -67.83
674.0 -68.3
674.4 -67.27
674.8 -67.22
675.2 -67.22
675.6 -67.68
676.0 -67.67
676.4 -67.94
676.8 -67.01
677.2 -67.53
677.6 -67.84
678.0 -67.11
678.4 -67.19
678.8 -67.64
679.2 -67.68
679.6 -66.46
680.0 -66.87
680.4 -66.98
680.8 -67.12
681.2 -67.36
681.6 -66.63
682.0 -67.06
682.4 -65.65
682.8 -66.94
683.2 -66.54
683.6 -66.26
684.0 -66.6
684.4 -67.4
684.8 -67.19
685.2 -66.41
685.6 -67.18
686.0 -67.29
686.4 -66.97
686.8 -67.08
687.2 -66.29
687.6 -66.88
688.0 -67.15
688.4 -66.44
688.8 -65.95
689.2 -67.05
689.6 -67.55
690.0 -67.29
690.4 -66.41
690.8 -67.58
691.2 -66.87
691.6 -67.14
692.0 -66.71
692.4 -67.25
692.8 -67.29
693.2 -67.28
693.6 -66.69
694.0 -66.71
694.4 -67.26
694.8 -66.82
695.2 -66.17
695.6 -68.34
696.0 -66.33
696.4 -66.18
696.8 -66.6
697.2 -66.45
697.6 -66.27
698.0 -67.04
698.4 -66.99
698.8 -66.46
699.2 -65.47
699.6 -66.24
700.0 -66.66
700.4 -65.93
700.8 -66.92
701.2 -67.07
701.6 -65.98
702.0 -66.2
702.4 -66.16
702.8 -65.96
703.2 -66.5
703.6 -65.98
704.0 -66.56
704.4 -66.52
704.8 -66.63
705.2 -66.12
705.6 -65.46
706.0 -65.31
706.4 -66.41
706.8 -66.24
707.2 -66.06
707.6 -66.19
708.0 -66.01
708.4 -66.1
708.8 -65.78
709.2 -66.41
709.6 -66.34
710.0 -66.66
710.4 -65.95
710.8 -65.75
711.2 -65.81
711.6 -65.37
712.0 -65.55
712.4 -65.71
712.8 -65.03
713.2 -65.89
713.6 -65.78
714.0 -66.01
714.4 -65.83
714.8 -65.9
715.2 -64.97
715.6 -66.2
716.0 -66.02
716.4 -65.88
716.8 -65.35
717.2 -66.28
717.6 -66.07
718.0 -65.16
718.4 -65.45
718.8 -66.6
719.2 -65.72
719.6 -65.85
720.0 -65.49
720.4 -66.18
720.8 -65.67
721.2 -65.93
721.6 -65.27
722.0 -65.15
722.4 -66.31
722.8 -66.64
723.2 -65.4
723.6 -66.48
724.0 -66.04
724.4 -65.9
724.8 -66.35
725.2 -65.41
725.6 -65.35
726.0 -66.3
726.4 -65.4
726.8 -65.24
727.2 -65.58
727.6 -65.67
728.0 -65.29
728.4 -65.29
728.8 -65.56
729.2 -64.83
729.6 -65.49
730.0 -65.84
730.4 -66.12
730.8 -64.89
731.2 -65.93
731.6 -66.52
732.0 -65.25
732.4 -65.72
732.8 -64.75
733.2 -65.18
733.6 -66.5
734.0 -66.12
734.4 -64.68
734.8 -65.41
735.2 -66.3
735.6 -65.31
736.0 -65.69
736.4 -65.68
736.8 -65.65
737.2 -66.09
737.6 -65.51
738.0 -64.57
738.4 -66.19
738.8 -64.66
739.2 -64.88
739.6 -65.05
740.0 -66.06
740.4 -65.65
740.8 -65.43
741.2 -66.09
741.6 -66.72
742.0 -66.09
742.4 -66.24
742.8 -65.7
743.2 -66.04
743.6 -66.54
744.0 -64.84
744.4 -66.37
744.8 -65.82
745.2 -66.91
745.6 -65.05
746.0 -66.1
746.4 -65.14
746.8 -65.85
747.2 -65.34
747.6 -65.47
748.0 -65.38
748.4 -66.54
748.8 -65.46
749.2 -64.81
749.6 -65.09
750.0 -65.92
750.4 -65.99
750.8 -65.67
751.2 -65.38
751.6 -65.63
752.0 -67.17
752.4 -65.08
752.8 -65.88
753.2 -65.99
753.6 -64.48
754.0 -65.98
754.4 -65.9
754.8 -64.96
755.2 -65.61
755.6 -64.51
756.0 -65.74
756.4 -65.18
756.8 -64.34
757.2 -65.23
757.6 -65.89
758.0 -64.33
758.4 -65.18
758.8 -66.46
759.2 -66.1
759.6 -65.14
760.0 -66.05
760.4 -65.45
760.8 -66.23
761.2 -64.97
761.6 -65.18
762.0 -65.21
762.4 -64.87
762.8 -65.62
763.2 -64.75
763.6 -64.45
764.0 -65.22
764.4 -64.71
764.8 -64.25
765.2 -64.79
765.6 -64.18
766.0 -65.32
766.4 -65.52
766.8 -64.63
767.2 -65.31
767.6 -65.38
768.0 -65.27
768.4 -64.67
768.8 -64.86
769.2 -64.72
769.6 -65.67
770.0 -64.28
770.4 -64.62
770.8 -65.0
771.2 -65.03
771.6 -64.91
772.0 -64.73
772.4 -65.24
772.8 -65.24
773.2 -65.02
773.6 -64.67
774.0 -64.06
774.4 -64.41
774.8 -65.2
775.2 -65.11
775.6 -65.67
776.0 -64.2
776.4 -64.57
776.8 -64.71
777.2 -64.22
777.6 -64.32
778.0 -64.61
778.4 -65.02
778.8 -64.29
779.2 -65.34
779.6 -64.58
780.0 -64.74
780.4 -64.44
780.8 -64.49
781.2 -64.03
781.6 -64.65
782.0 -64.73
782.4 -64.35
782.8 -64.73
783.2 -64.96
783.6 -63.88
784.0 -65.06
784.4 -65.06
784.8 -64.49
785.2 -64.05
785.6 -64.05
786.0 -64.77
786.4 -65.19
786.8 -65.07
787.2 -64.42
787.6 -65.26
788.0 -65.04
788.4 -64.93
788.8 -64.31
789.2 -64.31
789.6 -64.05
790.0 -64.63
790.4 -64.04
790.8 -64.14
791.2 -64.85
791.6 -64.7
792.0 -64.18
792.4 -64.03
792.8 -63.9
793.2 -64.58
793.6 -65.29
794.0 -64.29
794.4 -64.54
794.8 -64.65
795.2 -64.19
795.6 -64.94
796.0 -64.7
796.4 -64.36
796.8 -63.83
797.2 -64.9
797.6 -64.44
798.0 -64.66
798.4 -63.4
798.8 -64.32
799.2 -63.91
799.6 -63.86
800.0 -63.92
800.4 -64.59
800.8 -64.12
801.2 -63.58
801.6 -63.6
802.0 -63.18
802.4 -63.91
802.8 -63.41
803.2 -64.97
803.6 -63.72
804.0 -63.8
804.4 -64.42
804.8 -63.06
805.2 -63.4
805.6 -63.26
806.0 -62.54
806.4 -60.37
806.8 -57.12
807.2 -53.37
807.6 -49.41
808.0 -48.04
808.4 -49.06
808.8 -49.73
809.2 -53.59
809.6 -60.96
810.0 -62.2
810.4 -63.17
810.8 -64.08
811.2 -63.52
811.6 -64.09
812.0 -63.5
812.4 -64.44
812.8 -64.19
813.2 -63.98
813.6 -64.56
814.0 -64.19
814.4 -63.78
814.8 -63.42
815.2 -63.25
815.6 -64.99
816.0 -64.13
816.4 -63.14
816.8 -63.6
817.2 -63.63
817.6 -63.82
818.0 -63.49
818.4 -63.92
818.8 -64.4
819.2 -63.74
819.6 -63.65
820.0 -63.83
820.4 -63.64
820.8 -63.7
821.2 -64.25
821.6 -63.64
822.0 -64.01
822.4 -63.46
822.8 -63.45
823.2 -63.97
823.6 -63.54
824.0 -63.5
824.4 -63.99
824.8 -64.12
825.2 -63.19
825.6 -64.1
826.0 -63.11
826.4 -64.07
826.8 -63.93
827.2 -64.19
827.6 -63.52
828.0 -63.39
828.4 -63.01
828.8 -63.29
829.2 -63.8
829.6 -63.67
830.0 -63.56
830.4 -63.4
830.8 -63.02
831.2 -62.97
831.6 -63.35
832.0 -63.1
832.4 -63.18
832.8 -62.9
833.2 -63.54
833.6 -63.34
834.0 -62.91
834.4 -62.97
834.8 -63.19
835.2 -62.65
835.6 -63.03
836.0 -62.55
836.4 -62.6
836.8 -62.86
837.2 -62.69
837.6 -62.7
838.0 -63.12
838.4 -62.89
838.8 -62.95
839.2 -63.12
839.6 -63.09
840.0 -63.02
840.4 -62.75
840.8 -63.13
841.2 -62.71
841.6 -62.91
842.0 -62.52
842.4 -62.88
842.8 -63.01
843.2 -62.87
843.6 -62.53
844.0 -63.32
844.4 -62.81
844.8 -62.5
845.2 -62.73
845.6 -62.52
846.0 -62.72
846.4 -62.86
846.8 -62.49
847.2 -62.76
847.6 -62.78
848.0 -62.75
848.4 -62.47
848.8 -63.07
849.2 -62.81
849.6 -62.44
850.0 -62.43
850.4 -62.56
850.8 -62.66
851.2 -62.53
851.6 -62.65
852.0 -62.46
852.4 -62.33
852.8 -62.42
853.2 -62.66
853.6 -62.45
854.0 -62.44
854.4 -62.7
854.8 -62.57
855.2 -62.19
855.6 -62.56
856.0 -62.3
856.4 -62.03
856.8 -62.74
857.2 -62.06
857.6 -62.29
858.0 -62.28
858.4 -62.33
858.8 -62.16
859.2 -62.19
859.6 -62.36
860.0 -62.43
860.4 -61.78
860.8 -61.92
861.2 -62.04
861.6 -62.64
862.0 -61.97
862.4 -61.98
862.8 -61.93
863.2 -62.13
863.6 -61.92
864.0 -62.27
864.4 -62.02
864.8 -62.09
865.2 -62.17
865.6 -62.3
866.0 -62.06
866.4 -62.0
866.8 -61.91
867.2 -62.26
867.6 -62.01
868.0 -62.18
868.4 -61.44
868.8 -61.73
869.2 -61.7
869.6 -61.79
870.0 -62.25
870.4 -62.29
870.8 -62.06
871.2 -61.88
871.6 -62.33
872.0 -62.03
872.4 -61.94
872.8 -61.78
873.2 -61.52
873.6 -61.8
874.0 -62.61
874.4 -61.96
874.8 -61.98
875.2 -62.12
875.6 -61.87
876.0 -61.84
876.4 -61.57
876.8 -61.88
877.2 -61.74
877.6 -61.92
878.0 -61.81
878.4 -61.61
878.8 -61.89
879.2 -61.23
879.6 -61.81
880.0 -61.51
880.4 -61.79
880.8 -61.48
881.2 -61.39
881.6 -62.07
882.0 -61.91
882.4 -61.63
882.8 -61.51
883.2 -61.4
883.6 -61.49
884.0 -61.55
884.4 -61.34
884.8 -61.48
885.2 -61.65
885.6 -61.23
886.0 -61.54
886.4 -61.77
886.8 -61.27
887.2 -61.57
887.6 -61.47
888.0 -61.56
888.4 -61.41
888.8 -61.48
889.2 -61.55
889.6 -61.25
890.0 -61.45
890.4 -61.29
890.8 -61.36
891.2 -61.28
891.6 -61.34
892.0 -61.4
892.4 -61.24
892.8 -61.03
893.2 -61.04
893.6 -61.41
894.0 -61.3
894.4 -61.26
894.8 -61.25
895.2 -61.26
895.6 -61.1
896.0 -61.06
896.4 -61.17
896.8 -61.1
897.2 -60.91
897.6 -60.97
898.0 -61.26
898.4 -60.95
898.8 -61.48
899.2 -60.99
899.6 -61.2
900.0 -60.96
900.4 -61.1
900.8 -61.33
901.2 -60.89
901.6 -60.83
902.0 -61.37
902.4 -61.31
902.8 -61.15
903.2 -61.04
903.6 -60.97
904.0 -60.99
904.4 -60.64
904.8 -61.06
905.2 -60.89
905.6 -61.01
906.0 -60.98
906.4 -60.63
906.8 -60.72
907.2 -60.59
907.6 -60.99
908.0 -60.68
908.4 -60.79
908.8 -60.62
909.2 -60.44
909.6 -60.59
910.0 -60.47
910.4 -60.62
910.8 -60.46
911.2 -60.67
911.6 -60.42
912.0 -60.46
912.4 -60.26
912.8 -60.35
913.2 -60.25
913.6 -60.38
914.0 -60.46
914.4 -60.51
914.8 -60.22
915.2 -60.14
915.6 -60.12
916.0 -60.18
916.4 -60.13
916.8 -60.23
917.2 -60.02
917.6 -60.14
918.0 -60.29
918.4 -59.97
918.8 -60.03
919.2 -60.12
919.6 -60.14
920.0 -60.02
920.4 -60.0
920.8 -60.16
921.2 -60.02
921.6 -59.84
922.0 -60.17
922.4 -59.97
922.8 -59.88
923.2 -59.85
923.6 -59.63
924.0 -59.86
924.4 -59.79
924.8 -59.87
925.2 -59.86
925.6 -59.84
926.0 -59.72
926.4 -59.68
926.8 -59.62
927.2 -59.3
927.6 -59.54
928.0 -59.46
928.4 -59.65
928.8 -59.65
929.2 -59.7
929.6 -59.34
930.0 -59.49
930.4 -59.68
930.8 -59.26
931.2 -59.41
931.6 -59.29
932.0 -59.33
932.4 -59.33
932.8 -59.34
933.2 -59.31
933.6 -59.17
934.0 -59.26
934.4 -59.17
934.8 -59.18
935.2 -59.26
935.6 -59.2
936.0 -59.02
936.4 -59.14
936.8 -59.21
937.2 -59.08
937.6 -59.1
938.0 -58.87
938.4 -59.01
938.8 -58.97
939.2 -58.81
939.6 -59.0
940.0 -59.04
940.4 -58.93
940.8 -59.05
941.2 -58.95
941.6 -59.01
942.0 -58.93
942.4 -59.07
942.8 -58.98
943.2 -58.84
943.6 -58.87
944.0 -59.06
944.4 -58.93
944.8 -58.8
945.2 -58.66
945.6 -58.8
946.0 -58.79
946.4 -58.9
946.8 -58.85
947.2 -58.63
947.6 -58.8
948.0 -58.76
948.4 -58.54
948.8 -58.71
949.2 -58.64
949.6 -58.63
950.0 -58.57
950.4 -58.59
950.8 -58.58
951.2 -58.6
951.6 -58.74
952.0 -58.54
952.4 -58.62
952.8 -58.56
953.2 -58.73
953.6 -58.62
954.0 -58.71
954.4 -58.66
954.8 -58.66
955.2 -58.51
955.6 -58.5
956.0 -58.54
956.4 -58.58
956.8 -58.57
957.2 -58.39
957.6 -58.59
958.0 -58.44
958.4 -58.49
958.8 -58.21
959.2 -58.3
959.6 -58.45
960.0 -58.21
960.4 -58.35
960.8 -58.25
961.2 -58.22
961.6 -58.14
962.0 -58.2
962.4 -58.21
962.8 -58.07
963.2 -58.01
963.6 -58.03
964.0 -58.07
964.4 -57.87
964.8 -57.87
965.2 -58.0
965.6 -57.94
966.0 -57.82
966.4 -57.86
966.8 -57.99
967.2 -57.78
967.6 -57.9
968.0 -57.9
968.4 -57.99
968.8 -57.98
969.2 -57.79
969.6 -57.89
970.0 -57.87
970.4 -57.83
970.8 -57.85
971.2 -57.91
971.6 -58.0
972.0 -58.02
972.4 -57.9
972.8 -57.92
973.2 -58.01
973.6 -57.95
974.0 -57.95
974.4 -58.23
974.8 -58.01
975.2 -58.14
975.6 -58.25
976.0 -58.25
976.4 -58.28
976.8 -58.34
977.2 -58.35
977.6 -58.29
978.0 -58.26
978.4 -58.41
978.8 -58.47
979.2 -58.31
979.6 -58.43
980.0 -58.35
980.4 -58.4
980.8 -58.19
981.2 -58.09
981.6 -58.16
982.0 -58.04
982.4 -58.06
982.8 -58.09
983.2 -57.92
983.6 -57.93
984.0 -57.82
984.4 -57.9
984.8 -57.86
985.2 -57.73
985.6 -57.61
986.0 -57.73
986.4 -57.6
986.8 -57.59
987.2 -57.53
987.6 -57.48
988.0 -57.5
988.4 -57.45
988.8 -57.56
989.2 -57.44
989.6 -57.39
990.0 -57.39
990.4 -57.42
990.8 -57.36
991.2 -57.24
991.6 -57.41
992.0 -57.25
992.4 -57.26
992.8 -57.26
993.2 -57.22
993.6 -57.13
994.0 -57.2
994.4 -57.15
994.8 -57.18
995.2 -57.25
995.6 -57.24
996.0 -57.2
996.4 -57.18
996.8 -57.32
997.2 -57.36
997.6 -57.34
998.0 -57.42
998.4 -57.27
998.8 -57.36
999.2 -57.42
999.6 -57.38
1000.0 -57.38
