600.0 -210.0
600.4 -210.0
600.8 -71.88
601.2 -73.79
601.6 -73.1
602.0 -210.0
602.4 -210.0
602.8 -69.84
603.2 -72.57
603.6 -210.0
604.0 -73.26
604.4 -210.0
604.8 -79.67
605.2 -69.99
605.6 -210.0
606.0 -210.0
606.4 -75.51
606.8 -72.81
607.2 -72.29
607.6 -210.0
608.0 -71.65
608.4 -70.87
608.8 -210.0
609.2 -84.73
609.6 -76.3
610.0 -210.0
610.4 -68.89
610.8 -70.68
611.2 -78.82
611.6 -72.57
612.0 -69.71
612.4 -210.0
612.8 -210.0
613.2 -70.34
613.6 -75.0
614.0 -78.03
614.4 -73.27
614.8 -72.76
615.2 -210.0
615.6 -71.88
616.0 -75.14
616.4 -74.74
616.8 -76.14
617.2 -75.66
617.6 -210.0
618.0 -71.64
618.4 -72.97
618.8 -72.07
619.2 -73.86
619.6 -72.56
620.0 -69.24
620.4 -73.93
620.8 -75.87
621.2 -70.53
621.6 -210.0
622.0 -73.45
622.4 -73.21
622.8 -210.0
623.2 -70.38
623.6 -80.82
624.0 -77.16
624.4 -71.02
624.8 -70.1
625.2 -74.56
625.6 -73.16
626.0 -70.18
626.4 -70.32
626.8 -68.89
627.2 -74.05
627.6 -75.43
628.0 -210.0
628.4 -68.49
628.8 -77.46
629.2 -210.0
629.6 -71.34
630.0 -72.57
630.4 -74.26
630.8 -73.27
631.2 -71.61
631.6 -69.49
632.0 -71.67
632.4 -73.62
632.8 -74.74
633.2 -71.32
633.6 -70.69
634.0 -70.37
634.4 -73.76
634.8 -70.78
635.2 -71.32
635.6 -70.61
636.0 -70.99
636.4 -70.9
636.8 -69.42
637.2 -70.09
637.6 -68.29
638.0 -77.04
638.4 -71.43
638.8 -69.66
639.2 -72.36
639.6 -70.17
640.0 -66.91
640.4 -68.51
640.8 -70.9
641.2 -67.16
641.6 -67.91
642.0 -69.13
642.4 -67.13
642.8 -68.19
643.2 -67.11
643.6 -69.91
644.0 -68.29
644.4 -68.1
644.8 -69.54
645.2 -67.76
645.6 -67.33
646.0 -67.41
646.4 -68.07
646.8 -69.5
647.2 -69.46
647.6 -70.44
648.0 -68.21
648.4 -69.3
648.8 -67.76
649.2 -68.64
649.6 -67.52
650.0 -68.27
650.4 -69.29
650.8 -67.66
651.2 -67.06
651.6 -67.25
652.0 -67.06
652.4 -66.7
652.8 -68.05
653.2 -67.95
653.6 -67.0
654.0 -67.65
654.4 -68.01
654.8 -68.68
655.2 -67.24
655.6 -67.16
656.0 -66.3
656.4 -66.11
656.8 -66.73
657.2 -67.59
657.6 -67.22
658.0 -67.3
658.4 -66.99
658.8 -66.07
659.2 -66.97
659.6 -67.52
660.0 -66.59
660.4 -67.36
660.8 -68.15
661.2 -66.36
661.6 -66.14
662.0 -66.83
662.4 -66.62
662.8 -66.76
663.2 -66.59
663.6 -66.02
664.0 -65.88
664.4 -66.66
664.8 -66.33
665.2 -67.44
665.6 -66.62
666.0 -67.44
666.4 -66.36
666.8 -66.27
667.2 -67.48
667.6 -66.59
668.0 -66.27
668.4 -66.39
668.8 -67.16
669.2 -65.85
669.6 -67.09
670.0 -67.08
670.4 -66.38
670.8 -67.3
671.2 -66.06
671.6 -65.69
672.0 -66.46
672.4 -66.17
672.8 -65.72
673.2 -66.13
673.6 -65.84
674.0 -67.04
674.4 -65.55
674.8 -66.24
675.2 -65.57
675.6 -66.56
676.0 -65.84
676.4 -66.87
676.8 -65.94
677.2 -65.63
677.6 -66.72
678.0 -66.92
678.4 -67.04
678.8 -66.23
679.2 -67.06
679.6 -66.13
680.0 -66.62
680.4 -66.79
680.8 -66.64
681.2 -65.99
681.6 -65.95
682.0 -66.25
682.4 -66.09
682.8 -65.59
683.2 -65.67
683.6 -65.08
684.0 -66.97
684.4 -65.82
684.8 -65.85
685.2 -65.64
685.6 -65.56
686.0 -65.57
686.4 -66.23
686.8 -65.59
687.2 -66.32
687.6 -65.16
688.0 -65.78
688.4 -65.2
688.8 -66.14
689.2 -66.1
689.6 -66.1
690.0 -65.69
690.4 -65.95
690.8 -66.05
691.2 -65.48
691.6 -66.01
692.0 -65.17
692.4 -65.8
692.8 -65.63
693.2 -65.08
693.6 -65.88
694.0 -64.89
694.4 -66.02
694.8 -65.37
695.2 -65.85
695.6 -66.34
696.0 -65.22
696.4 -66.46
696.8 -65.15
697.2 -65.61
697.6 -65.92
698.0 -65.81
698.4 -66.61
698.8 -65.71
699.2 -65.25
699.6 -65.27
700.0 -65.52
700.4 -65.71
700.8 -65.45
701.2 -65.95
701.6 -65.61
702.0 -65.6
702.4 -65.33
702.8 -66.09
703.2 -65.64
703.6 -64.9
704.0 -65.31
704.4 -65.25
704.8 -65.3
705.2 -65.29
705.6 -65.46
706.0 -65.82
706.4 -65.65
706.8 -64.88
707.2 -65.64
707.6 -65.24
708.0 -65.76
708.4 -65.13
708.8 -65.33
709.2 -65.02
709.6 -65.23
710.0 -65.06
710.4 -65.34
710.8 -65.44
711.2 -64.92
711.6 -64.78
712.0 -64.66
712.4 -65.18
712.8 -65.54
713.2 -65.63
713.6 -65.18
714.0 -65.07
714.4 -65.77
714.8 -65.46
715.2 -65.99
715.6 -64.87
716.0 -66.23
716.4 -65.56
716.8 -64.96
717.2 -65.12
717.6 -65.49
718.0 -65.11
718.4 -65.89
718.8 -64.96
719.2 -65.63
719.6 -66.12
720.0 -64.1
720.4 -65.65
720.8 -65.02
721.2 -65.13
721.6 -64.61
722.0 -65.89
722.4 -65.99
722.8 -65.68
723.2 -64.66
723.6 -65.68
724.0 -65.51
724.4 -65.07
724.8 -65.79
725.2 -65.6
725.6 -66.95
726.0 -65.78
726.4 -65.34
726.8 -65.77
727.2 -65.07
727.6 -65.04
728.0 -65.79
728.4 -65.09
728.8 -65.28
729.2 -65.92
729.6 -65.4
730.0 -65.98
730.4 -65.27
730.8 -64.51
731.2 -64.61
731.6 -64.89
732.0 -65.92
732.4 -65.82
732.8 -65.16
733.2 -65.74
733.6 -65.01
734.0 -65.13
734.4 -64.84
734.8 -65.23
735.2 -65.06
735.6 -64.96
736.0 -64.75
736.4 -65.55
736.8 -65.07
737.2 -64.43
737.6 -65.03
738.0 -65.77
738.4 -64.7
738.8 -65.86
739.2 -64.93
739.6 -65.66
740.0 -65.18
740.4 -65.49
740.8 -65.55
741.2 -65.2
741.6 -65.0
742.0 -65.06
742.4 -65.26
742.8 -64.53
743.2 -65.19
743.6 -65.76
744.0 -65.43
744.4 -65.01
744.8 -65.18
745.2 -65.21
745.6 -65.51
746.0 -66.4
746.4 -65.32
746.8 -65.11
747.2 -65.28
747.6 -65.28
748.0 -65.1
748.4 -65.76
748.8 -65.01
749.2 -65.15
749.6 -65.24
750.0 -64.56
750.4 -65.36
750.8 -65.67
751.2 -64.99
751.6 -65.21
752.0 -65.52
752.4 -65.14
752.8 -66.03
753.2 -64.65
753.6 -65.5
754.0 -65.18
754.4 -65.26
754.8 -64.79
755.2 -65.19
755.6 -65.96
756.0 -65.77
756.4 -64.43
756.8 -65.76
757.2 -64.91
757.6 -64.7
758.0 -64.84
758.4 -64.61
758.8 -65.15
759.2 -65.24
759.6 -64.68
760.0 -65.9
760.4 -65.29
760.8 -64.44
761.2 -65.64
761.6 -65.61
762.0 -65.21
762.4 -63.74
762.8 -65.35
763.2 -65.87
763.6 -64.72
764.0 -64.94
764.4 -65.28
764.8 -65.85
765.2 -65.47
765.6 -65.53
766.0 -65.52
766.4 -65.52
766.8 -65.38
767.2 -65.62
767.6 -65.12
768.0 -64.73
768.4 -65.08
768.8 -65.23
769.2 -65.04
769.6 -65.33
770.0 -64.91
770.4 -64.46
770.8 -64.79
771.2 -65.19
771.6 -65.73
772.0 -64.29
772.4 -65.94
772.8 -65.41
773.2 -64.84
773.6 -64.76
774.0 -65.71
774.4 -64.69
774.8 -64.66
775.2 -64.89
775.6 -65.26
776.0 -65.0
776.4 -64.65
776.8 -64.71
777.2 -64.94
777.6 -64.65
778.0 -65.91
778.4 -65.15
778.8 -64.75
779.2 -65.18
779.6 -64.99
780.0 -65.17
780.4 -65.47
780.8 -64.18
781.2 -66.17
781.6 -64.94
782.0 -64.68
782.4 -64.82
782.8 -64.65
783.2 -65.25
783.6 -64.64
784.0 -64.7
784.4 -64.42
784.8 -64.71
785.2 -64.22
785.6 -64.77
786.0 -65.17
786.4 -65.07
786.8 -65.16
787.2 -65.43
787.6 -65.53
788.0 -64.48
788.4 -63.71
788.8 -64.61
789.2 -65.49
789.6 -65.22
790.0 -65.69
790.4 -63.8
790.8 -64.46
791.2 -65.07
791.6 -64.62
792.0 -64.26
792.4 -64.73
792.8 -65.25
793.2 -65.09
793.6 -63.97
794.0 -64.74
794.4 -63.61
794.8 -64.68
795.2 -63.74
795.6 -64.73
796.0 -64.45
796.4 -64.79
796.8 -65.01
797.2 -64.14
797.6 -64.72
798.0 -64.3
798.4 -64.86
798.8 -64.83
799.2 -64.71
799.6 -63.64
800.0 -65.04
800.4 -64.07
800.8 -64.23
801.2 -64.29
801.6 -64.68
802.0 -64.21
802.4 -64.74
802.8 -64.84
803.2 -64.17
803.6 -64.19
804.0 -64.05
804.4 -63.98
804.8 -64.1
805.2 -63.85
805.6 -63.38
806.0 -63.03
806.4 -60.18
806.8 -57.54
807.2 -53.92
807.6 -49.69
808.0 -48.16
808.4 -49.05
808.8 -49.85
809.2 -54.28
809.6 -61.03
810.0 -62.7
810.4 -63.07
810.8 -63.72
811.2 -63.35
811.6 -63.44
812.0 -63.81
812.4 -64.47
812.8 -63.62
813.2 -63.74
813.6 -63.33
814.0 -63.89
814.4 -63.67
814.8 -63.86
815.2 -64.15
815.6 -64.14
816.0 -64.38
816.4 -63.87
816.8 -63.96
817.2 -63.9
817.6 -63.45
818.0 -63.82
818.4 -63.81
818.8 -63.91
819.2 -63.41
819.6 -63.67
820.0 -63.35
820.4 -63.59
820.8 -64.19
821.2 -63.75
821.6 -63.37
822.0 -64.15
822.4 -64.22
822.8 -64.86
823.2 -63.62
823.6 -64.38
824.0 -63.65
824.4 -63.49
824.8 -63.35
825.2 -63.46
825.6 -63.97
826.0 -63.63
826.4 -63.53
826.8 -63.45
827.2 -63.83
827.6 -62.88
828.0 -63.3
828.4 -63.41
828.8 -63.91
829.2 -63.06
829.6 -63.81
830.0 -63.33
830.4 -63.4
830.8 -63.97
831.2 -63.81
831.6 -63.23
832.0 -63.4
832.4 -63.56
832.8 -63.5
833.2 -63.77
833.6 -63.45
834.0 -63.51
834.4 -63.42
834.8 -63.89
835.2 -63.29
835.6 -63.09
836.0 -63.14
836.4 -63.2
836.8 -63.38
837.2 -63.65
837.6 -63.48
838.0 -63.18
838.4 -63.54
838.8 -63.29
839.2 -62.95
839.6 -63.58
840.0 -63.45
840.4 -62.96
840.8 -63.01
841.2 -63.65
841.6 -63.17
842.0 -63.59
842.4 -63.69
842.8 -63.61
843.2 -63.58
843.6 -63.51
844.0 -63.63
844.4 -63.49
844.8 -63.32
845.2 -63.97
845.6 -63.39
846.0 -63.48
846.4 -63.52
846.8 -63.7
847.2 -62.99
847.6 -63.59
848.0 -63.26
848.4 -62.83
848.8 -63.78
849.2 -63.57
849.6 -63.44
850.0 -63.61
850.4 -63.38
850.8 -63.22
851.2 -63.94
851.6 -62.94
852.0 -63.36
852.4 -63.31
852.8 -63.75
853.2 -63.53
853.6 -63.36
854.0 -63.19
854.4 -63.47
854.8 -63.48
855.2 -63.4
855.6 -63.68
856.0 -63.89
856.4 -63.64
856.8 -63.14
857.2 -63.16
857.6 -63.2
858.0 -63.77
858.4 -63.69
858.8 -63.4
859.2 -63.94
859.6 -63.35
860.0 -63.12
860.4 -63.2
860.8 -63.35
861.2 -63.65
861.6 -63.42
862.0 -63.52
862.4 -63.26
862.8 -63.36
863.2 -63.6
863.6 -63.59
864.0 -63.59
864.4 -63.43
864.8 -63.61
865.2 -63.2
865.6 -63.25
866.0 -63.06
866.4 -63.41
866.8 -63.36
867.2 -63.35
867.6 -63.41
868.0 -63.22
868.4 -63.42
868.8 -62.77
869.2 -63.15
869.6 -62.68
870.0 -63.55
870.4 -63.05
870.8 -63.08
871.2 -63.21
871.6 -62.83
872.0 -63.4
872.4 -63.48
872.8 -63.11
873.2 -63.27
873.6 -63.37
874.0 -63.42
874.4 -63.0
874.8 -62.98
875.2 -62.81
875.6 -63.73
876.0 -63.28
876.4 -63.33
876.8 -63.26
877.2 -63.45
877.6 -63.36
878.0 -63.34
878.4 -63.01
878.8 -63.06
879.2 -62.94
879.6 -63.71
880.0 -63.21
880.4 -62.9
880.8 -63.41
881.2 -63.12
881.6 -63.06
882.0 -63.14
882.4 -63.49
882.8 -62.9
883.2 -63.1
883.6 -62.98
884.0 -63.03
884.4 -63.05
884.8 -63.14
885.2 -63.83
885.6 -63.02
886.0 -63.25
886.4 -62.85
886.8 -62.49
887.2 -62.69
887.6 -62.88
888.0 -63.23
888.4 -62.81
888.8 -63.26
889.2 -63.04
889.6 -62.87
890.0 -63.23
890.4 -62.57
890.8 -62.98
891.2 -63.38
891.6 -62.53
892.0 -63.32
892.4 -63.36
892.8 -62.75
893.2 -63.18
893.6 -62.74
894.0 -62.56
894.4 -62.41
894.8 -62.61
895.2 -62.83
895.6 -62.57
896.0 -62.92
896.4 -62.75
896.8 -62.79
897.2 -62.59
897.6 -62.66
898.0 -63.03
898.4 -62.67
898.8 -62.65
899.2 -62.41
899.6 -63.12
900.0 -62.99
900.4 -63.02
900.8 -62.75
901.2 -62.5
901.6 -63.04
902.0 -62.51
902.4 -62.74
902.8 -62.56
903.2 -62.66
903.6 -62.83
904.0 -62.27
904.4 -62.78
904.8 -62.53
905.2 -62.93
905.6 -62.6
906.0 -62.71
906.4 -62.72
906.8 -63.32
907.2 -62.51
907.6 -62.84
908.0 -62.72
908.4 -62.76
908.8 -62.8
909.2 -62.53
909.6 -62.55
910.0 -62.47
910.4 -62.96
910.8 -62.6
911.2 -62.85
911.6 -62.75
912.0 -62.57
912.4 -62.57
912.8 -62.19
913.2 -62.34
913.6 -62.38
914.0 -62.77
914.4 -62.41
914.8 -62.46
915.2 -62.97
915.6 -62.66
916.0 -62.52
916.4 -62.72
916.8 -62.57
917.2 -62.83
917.6 -62.85
918.0 -63.0
918.4 -62.53
918.8 -62.49
919.2 -62.61
919.6 -63.04
920.0 -63.03
920.4 -62.93
920.8 -62.72
921.2 -62.82
921.6 -62.98
922.0 -62.61
922.4 -62.74
922.8 -62.84
923.2 -62.48
923.6 -62.58
924.0 -62.85
924.4 -62.52
924.8 -62.41
925.2 -62.81
925.6 -62.63
926.0 -62.76
926.4 -62.6
926.8 -62.8
927.2 -63.17
927.6 -62.87
928.0 -62.76
928.4 -62.92
928.8 -62.99
929.2 -62.76
929.6 -62.95
930.0 -62.52
930.4 -63.09
930.8 -62.66
931.2 -62.5
931.6 -62.88
932.0 -62.53
932.4 -62.44
932.8 -62.85
933.2 -63.09
933.6 -62.69
934.0 -62.62
934.4 -63.11
934.8 -62.98
935.2 -62.82
935.6 -62.85
936.0 -62.69
936.4 -62.85
936.8 -63.15
937.2 -63.18
937.6 -63.31
938.0 -63.02
938.4 -63.43
938.8 -63.34
939.2 -63.11
939.6 -63.38
940.0 -63.46
940.4 -63.29
940.8 -63.62
941.2 -63.41
941.6 -63.33
942.0 -63.74
942.4 -63.91
942.8 -63.52
943.2 -63.6
943.6 -63.4
944.0 -63.62
944.4 -63.3
944.8 -63.35
945.2 -63.55
945.6 -64.03
946.0 -63.49
946.4 -63.33
946.8 -63.39
947.2 -63.4
947.6 -63.69
948.0 -63.64
948.4 -63.68
948.8 -63.72
949.2 -63.43
949.6 -63.49
950.0 -63.95
950.4 -63.78
950.8 -63.66
951.2 -63.72
951.6 -63.93
952.0 -63.87
952.4 -63.58
952.8 -63.86
953.2 -63.58
953.6 -63.73
954.0 -63.7
954.4 -63.63
954.8 -63.59
955.2 -63.77
955.6 -63.88
956.0 -63.72
956.4 -63.6
956.8 -63.8
957.2 -63.85
957.6 -63.52
958.0 -64.13
958.4 -64.0
958.8 -63.72
959.2 -63.88
959.6 -63.92
960.0 -63.56
960.4 -63.78
960.8 -63.56
961.2 -63.54
961.6 -63.55
962.0 -63.72
962.4 -63.45
962.8 -63.7
963.2 -63.76
963.6 -63.66
964.0 -63.51
964.4 -63.57
964.8 -63.46
965.2 -63.25
965.6 -63.46
966.0 -63.62
966.4 -63.66
966.8 -63.46
967.2 -63.52
967.6 -63.7
968.0 -63.37
968.4 -63.37
968.8 -63.42
969.2 -63.59
969.6 -63.94
970.0 -63.39
970.4 -63.52
970.8 -63.69
971.2 -63.65
971.6 -63.4
972.0 -63.6
972.4 -63.6
972.8 -63.7
973.2 -63.77
973.6 -63.79
974.0 -63.6
974.4 -63.61
974.8 -63.83
975.2 -63.95
975.6 -63.6
976.0 -63.82
976.4 -64.03
976.8 -63.71
977.2 -63.8
977.6 -63.95
978.0 -63.97
978.4 -63.94
978.8 -63.93
979.2 -63.84
979.6 -63.9
980.0 -64.03
980.4 -63.88
980.8 -63.89
981.2 -63.92
981.6 -63.84
982.0 -63.76
982.4 -63.74
982.8 -63.29
983.2 -63.27
983.6 -63.62
984.0 -63.27
984.4 -63.3
984.8 -63.51
985.2 -63.17
985.6 -63.07
986.0 -63.26
986.4 -63.24
986.8 -63.37
987.2 -63.16
987.6 -62.89
988.0 -63.04
988.4 -62.96
988.8 -62.96
989.2 -62.69
989.6 -62.85
990.0 -62.66
990.4 -62.9
990.8 -62.86
991.2 -62.55
991.6 -62.67
992.0 -62.55
992.4 -62.43
992.8 -62.48
993.2 -62.48
993.6 -62.38
994.0 -62.39
994.4 -62.3
994.8 -62.24
995.2 -62.28
995.6 -62.44
996.0 -62.36
996.4 -62.41
996.8 -62.3
997.2 -62.18
997.6 -62.29
998.0 -62.33
998.4 -62.45
998.8 -62.76
999.2 -62.36
999.6 -62.44
1000.0 -62.38
