600.0 -72.67
600.4 -71.85
600.8 -210.0
601.2 -84.21
601.6 -73.1
602.0 -210.0
602.4 -84.29
602.8 -78.29
603.2 -210.0
603.6 -210.0
604.0 -71.84
604.4 -70.8
604.8 -210.0
605.2 -77.48
605.6 -75.46
606.0 -210.0
606.4 -78.52
606.8 -81.57
607.2 -74.18
607.6 -69.71
608.0 -73.19
608.4 -71.89
608.8 -74.29
609.2 -74.73
609.6 -76.97
610.0 -71.55
610.4 -71.19
610.8 -72.78
611.2 -210.0
611.6 -77.89
612.0 -210.0
612.4 -70.95
612.8 -74.53
613.2 -210.0
613.6 -210.0
614.0 -78.99
614.4 -76.58
614.8 -70.92
615.2 -210.0
615.6 -210.0
616.0 -72.13
616.4 -71.73
616.8 -72.62
617.2 -71.78
617.6 -72.67
618.0 -210.0
618.4 -69.59
618.8 -76.26
619.2 -70.7
619.6 -80.57
620.0 -210.0
620.4 -210.0
620.8 -71.99
621.2 -210.0
621.6 -69.13
622.0 -72.71
622.4 -80.74
622.8 -70.63
623.2 -76.53
623.6 -70.15
624.0 -68.63
624.4 -73.34
624.8 -69.98
625.2 -71.72
625.6 -71.24
626.0 -72.96
626.4 -210.0
626.8 -70.88
627.2 -210.0
627.6 -70.28
628.0 -74.73
628.4 -76.35
628.8 -70.86
629.2 -71.31
629.6 -79.94
630.0 -69.66
630.4 -70.97
630.8 -72.44
631.2 -70.77
631.6 -72.69
632.0 -68.9
632.4 -70.26
632.8 -71.89
633.2 -81.46
633.6 -69.53
634.0 -71.97
634.4 -72.34
634.8 -75.93
635.2 -74.91
635.6 -72.6
636.0 -73.01
636.4 -80.44
636.8 -68.79
637.2 -75.39
637.6 -68.56
638.0 -69.03
638.4 -69.06
638.8 -70.85
639.2 -69.86
639.6 -68.78
640.0 -71.29
640.4 -69.22
640.8 -70.0
641.2 -70.41
641.6 -69.64
642.0 -69.13
642.4 -72.18
642.8 -71.2
643.2 -70.59
643.6 -70.34
644.0 -69.46
644.4 -69.89
644.8 -68.85
645.2 -69.35
645.6 -70.52
646.0 -69.57
646.4 -70.78
646.8 -69.5
647.2 -68.58
647.6 -68.97
648.0 -70.55
648.4 -70.42
648.8 -68.14
649.2 -69.24
649.6 -69.15
650.0 -70.21
650.4 -69.35
650.8 -68.64
651.2 -69.3
651.6 -68.7
652.0 -68.82
652.4 -67.26
652.8 -68.6
653.2 -67.77
653.6 -68.01
654.0 -69.19
654.4 -68.2
654.8 -69.73
655.2 -67.83
655.6 -68.57
656.0 -67.75
656.4 -67.25
656.8 -68.63
657.2 -68.54
657.6 -68.43
658.0 -68.13
658.4 -67.26
658.8 -68.29
659.2 -69.98
659.6 -67.6
660.0 -67.36
660.4 -68.45
660.8 -68.45
661.2 -68.61
661.6 -67.53
662.0 -68.61
662.4 -67.96
662.8 -68.89
663.2 -68.45
663.6 -67.44
664.0 -67.44
664.4 -67.92
664.8 -66.66
665.2 -67.09
665.6 -66.42
666.0 -68.11
666.4 -67.74
666.8 -68.3
667.2 -67.48
667.6 -67.32
668.0 -66.42
668.4 -67.4
668.8 -67.53
669.2 -67.32
669.6 -66.59
670.0 -67.19
670.4 -67.35
670.8 -67.26
671.2 -65.94
671.6 -68.04
672.0 -66.36
672.4 -67.8
672.8 -67.49
673.2 -67.74
673.6 -66.26
674.0 -66.51
674.4 -66.61
674.8 -66.95
675.2 -66.5
675.6 -67.3
676.0 -66.59
676.4 -68.18
676.8 -67.32
677.2 -66.12
677.6 -67.16
678.0 -66.64
678.4 -67.07
678.8 -67.82
679.2 -67.55
679.6 -67.1
680.0 -66.83
680.4 -66.76
680.8 -67.01
681.2 -66.44
681.6 -67.23
682.0 -66.48
682.4 -67.22
682.8 -66.24
683.2 -67.46
683.6 -66.11
684.0 -66.5
684.4 -65.82
684.8 -67.66
685.2 -66.69
685.6 -66.21
686.0 -66.75
686.4 -67.46
686.8 -67.2
687.2 -66.6
687.6 -66.28
688.0 -65.61
688.4 -67.26
688.8 -66.01
689.2 -66.19
689.6 -66.9
690.0 -67.29
690.4 -66.24
690.8 -66.05
691.2 -66.13
691.6 -66.5
692.0 -66.25
692.4 -66.73
692.8 -66.21
693.2 -66.1
693.6 -66.47
694.0 -66.12
694.4 -66.67
694.8 -65.74
695.2 -66.14
695.6 -67.6
696.0 -66.09
696.4 -66.42
696.8 -66.56
697.2 -66.38
697.6 -66.78
698.0 -66.37
698.4 -66.22
698.8 -66.64
699.2 -65.55
699.6 -66.42
700.0 -66.1
700.4 -66.09
700.8 -65.65
701.2 -65.73
701.6 -66.75
702.0 -65.91
702.4 -66.33
702.8 -66.16
703.2 -65.83
703.6 -66.08
704.0 -66.24
704.4 -66.48
704.8 -65.59
705.2 -66.19
705.6 -66.26
706.0 -66.5
706.4 -65.59
706.8 -65.16
707.2 -65.8
707.6 -66.12
708.0 -65.6
708.4 -66.1
708.8 -66.72
709.2 -65.89
709.6 -66.2
710.0 -66.7
710.4 -65.57
710.8 -66.21
711.2 -65.5
711.6 -66.2
712.0 -65.49
712.4 -66.0
712.8 -65.51
713.2 -65.66
713.6 -65.41
714.0 -64.84
714.4 -65.49
714.8 -65.43
715.2 -65.25
715.6 -65.54
716.0 -65.33
716.4 -65.81
716.8 -66.96
717.2 -66.18
717.6 -66.54
718.0 -65.64
718.4 -65.83
718.8 -66.05
719.2 -65.53
719.6 -65.66
720.0 -66.01
720.4 -65.09
720.8 -65.54
721.2 -65.08
721.6 -65.93
722.0 -65.56
722.4 -66.02
722.8 -65.11
723.2 -65.49
723.6 -64.87
724.0 -65.64
724.4 -65.39
724.8 -66.28
725.2 -65.99
725.6 -65.53
726.0 -65.52
726.4 -66.57
726.8 -65.45
727.2 -65.45
727.6 -65.27
728.0 -65.35
728.4 -65.86
728.8 -66.83
729.2 -65.25
729.6 -66.02
730.0 -65.48
730.4 -65.04
730.8 -65.57
731.2 -67.02
731.6 -65.66
732.0 -66.21
732.4 -64.47
732.8 -66.28
733.2 -65.58
733.6 -65.36
734.0 -66.2
734.4 -65.54
734.8 -65.73
735.2 -65.77
735.6 -65.66
736.0 -66.03
736.4 -66.72
736.8 -65.07
737.2 -65.61
737.6 -65.64
738.0 -65.09
738.4 -65.84
738.8 -66.37
739.2 -65.13
739.6 -66.7
740.0 -66.17
740.4 -65.72
740.8 -65.96
741.2 -65.61
741.6 -66.89
742.0 -64.89
742.4 -64.75
742.8 -66.88
743.2 -65.13
743.6 -65.5
744.0 -67.24
744.4 -65.21
744.8 -64.92
745.2 -65.01
745.6 -65.74
746.0 -65.95
746.4 -65.26
746.8 -65.71
747.2 -65.94
747.6 -65.98
748.0 -66.51
748.4 -65.18
748.8 -65.3
749.2 -65.27
749.6 -65.97
750.0 -65.58
750.4 -65.29
750.8 -65.77
751.2 -65.91
751.6 -66.27
752.0 -64.4
752.4 -65.14
752.8 -64.79
753.2 -65.78
753.6 -65.46
754.0 -65.27
754.4 -65.17
754.8 -64.71
755.2 -64.87
755.6 -65.89
756.0 -64.75
756.4 -65.77
756.8 -64.76
757.2 -65.27
757.6 -65.38
758.0 -64.92
758.4 -64.83
758.8 -65.21
759.2 -65.2
759.6 -65.49
760.0 -65.35
760.4 -65.9
760.8 -65.47
761.2 -66.04
761.6 -64.88
762.0 -65.36
762.4 -65.63
762.8 -64.89
763.2 -65.32
763.6 -66.17
764.0 -65.31
764.4 -65.12
764.8 -65.24
765.2 -64.84
765.6 -65.57
766.0 -65.7
766.4 -65.04
766.8 -65.58
767.2 -64.94
767.6 -64.77
768.0 -65.71
768.4 -65.18
768.8 -64.78
769.2 -65.49
769.6 -65.46
770.0 -64.97
770.4 -65.25
770.8 -65.13
771.2 -65.42
771.6 -65.38
772.0 -65.12
772.4 -65.61
772.8 -65.08
773.2 -64.34
773.6 -65.05
774.0 -65.11
774.4 -64.72
774.8 -64.95
775.2 -65.17
775.6 -65.36
776.0 -65.73
776.4 -65.49
776.8 -64.48
777.2 -65.16
777.6 -65.03
778.0 -65.65
778.4 -65.51
778.8 -64.73
779.2 -65.48
779.6 -65.21
780.0 -64.23
780.4 -64.72
780.8 -64.44
781.2 -65.2
781.6 -64.82
782.0 -65.74
782.4 -65.1
782.8 -64.24
783.2 -64.55
783.6 -64.9
784.0 -64.36
784.4 -64.03
784.8 -63.97
785.2 -64.92
785.6 -64.86
786.0 -64.71
786.4 -64.45
786.8 -65.07
787.2 -64.51
787.6 -63.75
788.0 -65.43
788.4 -64.69
788.8 -64.93
789.2 -64.75
789.6 -64.36
790.0 -64.63
790.4 -64.35
790.8 -65.27
791.2 -65.75
791.6 -64.21
792.0 -64.59
792.4 -63.83
792.8 -64.0
793.2 -65.12
793.6 -64.07
794.0 -64.46
794.4 -64.37
794.8 -64.21
795.2 -64.68
795.6 -63.71
796.0 -63.98
796.4 -64.36
796.8 -63.78
797.2 -65.03
797.6 -65.26
798.0 -65.12
798.4 -64.06
798.8 -63.69
799.2 -63.83
799.6 -64.03
800.0 -65.3
800.4 -64.31
800.8 -63.75
801.2 -64.18
801.6 -64.16
802.0 -63.96
802.4 -63.81
802.8 -63.92
803.2 -63.28
803.6 -64.52
804.0 -63.71
804.4 -64.23
804.8 -63.4
805.2 -63.25
805.6 -62.99
806.0 -62.86
806.4 -60.5
806.8 -57.32
807.2 -53.63
807.6 -49.5
808.0 -48.19
808.4 -49.17
808.8 -49.8
809.2 -53.69
809.6 -60.78
810.0 -62.9
810.4 -63.49
810.8 -63.28
811.2 -63.57
811.6 -64.07
812.0 -63.65
812.4 -63.79
812.8 -64.17
813.2 -64.38
813.6 -63.66
814.0 -64.01
814.4 -63.45
814.8 -64.23
815.2 -64.23
815.6 -63.6
816.0 -63.48
816.4 -63.99
816.8 -63.71
817.2 -63.65
817.6 -63.89
818.0 -63.28
818.4 -63.54
818.8 -63.96
819.2 -63.65
819.6 -63.99
820.0 -63.6
820.4 -63.81
820.8 -64.21
821.2 -63.37
821.6 -64.22
822.0 -63.55
822.4 -64.25
822.8 -63.49
823.2 -63.66
823.6 -64.24
824.0 -64.0
824.4 -63.83
824.8 -63.85
825.2 -63.67
825.6 -63.79
826.0 -63.91
826.4 -63.87
826.8 -63.53
827.2 -63.94
827.6 -63.89
828.0 -63.32
828.4 -63.69
828.8 -63.31
829.2 -63.85
829.6 -63.63
830.0 -63.13
830.4 -63.63
830.8 -63.62
831.2 -63.52
831.6 -63.52
832.0 -63.51
832.4 -63.34
832.8 -63.32
833.2 -63.31
833.6 -63.43
834.0 -63.34
834.4 -62.65
834.8 -62.62
835.2 -63.19
835.6 -62.99
836.0 -62.92
836.4 -62.84
836.8 -62.89
837.2 -62.89
837.6 -63.29
838.0 -62.66
838.4 -63.32
838.8 -63.19
839.2 -63.12
839.6 -62.62
840.0 -63.01
840.4 -63.31
840.8 -63.22
841.2 -63.33
841.6 -63.23
842.0 -63.1
842.4 -62.59
842.8 -63.25
843.2 -63.27
843.6 -62.81
844.0 -62.98
844.4 -62.87
844.8 -62.64
845.2 -63.14
845.6 -63.29
846.0 -62.82
846.4 -63.15
846.8 -62.68
847.2 -62.82
847.6 -62.75
848.0 -62.61
848.4 -62.49
848.8 -62.64
849.2 -62.4
849.6 -62.95
850.0 -63.22
850.4 -62.77
850.8 -62.7
851.2 -62.97
851.6 -62.53
852.0 -62.46
852.4 -63.24
852.8 -62.9
853.2 -62.34
853.6 -62.41
854.0 -62.63
854.4 -62.22
854.8 -62.56
855.2 -62.7
855.6 -62.37
856.0 -62.76
856.4 -62.71
856.8 -62.6
857.2 -62.73
857.6 -62.16
858.0 -62.62
858.4 -62.32
858.8 -62.23
859.2 -62.44
859.6 -62.86
860.0 -62.55
860.4 -62.81
860.8 -62.56
861.2 -62.58
861.6 -62.24
862.0 -62.43
862.4 -62.76
862.8 -62.42
863.2 -61.88
863.6 -62.28
864.0 -62.7
864.4 -62.36
864.8 -62.17
865.2 -62.74
865.6 -62.35
866.0 -62.46
866.4 -62.78
866.8 -62.54
867.2 -62.17
867.6 -62.04
868.0 -62.36
868.4 -62.43
868.8 -62.37
869.2 -62.19
869.6 -62.31
870.0 -62.07
870.4 -62.4
870.8 -62.1
871.2 -62.51
871.6 -62.43
872.0 -62.21
872.4 -62.11
872.8 -61.91
873.2 -62.72
873.6 -62.5
874.0 -62.38
874.4 -62.11
874.8 -62.17
875.2 -61.97
875.6 -62.07
876.0 -62.53
876.4 -61.88
876.8 -62.39
877.2 -62.24
877.6 -62.33
878.0 -62.12
878.4 -61.82
878.8 -61.78
879.2 -61.48
879.6 -61.73
880.0 -61.87
880.4 -61.9
880.8 -61.83
881.2 -62.07
881.6 -62.09
882.0 -62.0
882.4 -61.98
882.8 -61.98
883.2 -61.82
883.6 -61.95
884.0 -61.82
884.4 -61.88
884.8 -62.28
885.2 -61.83
885.6 -62.02
886.0 -62.03
886.4 -61.87
886.8 -62.01
887.2 -61.91
887.6 -61.99
888.0 -61.74
888.4 -61.8
888.8 -62.01
889.2 -62.05
889.6 -61.87
890.0 -61.76
890.4 -61.74
890.8 -61.71
891.2 -61.49
891.6 -62.27
892.0 -61.54
892.4 -61.89
892.8 -61.47
893.2 -61.31
893.6 -61.54
894.0 -61.85
894.4 -61.99
894.8 -61.6
895.2 -61.56
895.6 -61.51
896.0 -61.9
896.4 -61.57
896.8 -61.81
897.2 -61.59
897.6 -61.7
898.0 -61.28
898.4 -61.31
898.8 -61.67
899.2 -61.6
899.6 -61.52
900.0 -61.71
900.4 -61.53
900.8 -61.66
901.2 -61.4
901.6 -61.26
902.0 -61.36
902.4 -61.37
902.8 -61.22
903.2 -61.53
903.6 -61.52
904.0 -61.58
904.4 -61.18
904.8 -61.18
905.2 -61.57
905.6 -61.6
906.0 -61.38
906.4 -61.44
906.8 -61.12
907.2 -61.25
907.6 -61.21
908.0 -61.19
908.4 -61.24
908.8 -61.21
909.2 -61.26
909.6 -61.24
910.0 -61.01
910.4 -60.98
910.8 -61.28
911.2 -61.08
911.6 -60.94
912.0 -60.98
912.4 -60.79
912.8 -60.83
913.2 -61.0
913.6 -60.78
914.0 -61.0
914.4 -60.97
914.8 -60.68
915.2 -61.06
915.6 -60.94
916.0 -60.78
916.4 -60.89
916.8 -60.71
917.2 -60.9
917.6 -61.03
918.0 -60.8
918.4 -60.77
918.8 -60.66
919.2 -60.85
919.6 -60.77
920.0 -60.52
920.4 -60.79
920.8 -60.49
921.2 -60.68
921.6 -60.35
922.0 -60.58
922.4 -60.6
922.8 -60.59
923.2 -60.45
923.6 -60.4
924.0 -60.57
924.4 -60.44
924.8 -60.39
925.2 -60.25
925.6 -60.28
926.0 -60.51
926.4 -60.0
926.8 -60.27
927.2 -60.3
927.6 -60.31
928.0 -60.24
928.4 -60.18
928.8 -60.24
929.2 -60.31
929.6 -60.14
930.0 -59.98
930.4 -60.0
930.8 -60.04
931.2 -59.93
931.6 -60.35
932.0 -60.31
932.4 -60.28
932.8 -59.96
933.2 -59.91
933.6 -60.02
934.0 -60.02
934.4 -60.1
934.8 -60.31
935.2 -60.22
935.6 -59.82
936.0 -60.12
936.4 -59.86
936.8 -60.11
937.2 -59.65
937.6 -59.96
938.0 -59.91
938.4 -59.9
938.8 -59.74
939.2 -60.1
939.6 -59.96
940.0 -59.85
940.4 -59.97
940.8 -59.86
941.2 -60.01
941.6 -59.87
942.0 -59.66
942.4 -59.95
942.8 -59.76
943.2 -59.8
943.6 -59.9
944.0 -59.82
944.4 -59.64
944.8 -59.74
945.2 -59.95
945.6 -59.73
946.0 -59.79
946.4 -59.65
946.8 -59.55
947.2 -59.71
947.6 -59.73
948.0 -59.6
948.4 -59.73
948.8 -59.75
949.2 -59.42
949.6 -59.66
950.0 -59.65
950.4 -59.41
950.8 -59.61
951.2 -59.68
951.6 -59.51
952.0 -59.52
952.4 -59.36
952.8 -59.47
953.2 -59.39
953.6 -59.36
954.0 -59.67
954.4 -59.38
954.8 -59.66
955.2 -59.68
955.6 -59.56
956.0 -59.56
956.4 -59.41
956.8 -59.34
957.2 -59.31
957.6 -59.38
958.0 -59.35
958.4 -59.16
958.8 -59.21
959.2 -59.2
959.6 -59.11
960.0 -59.16
960.4 -59.22
960.8 -59.22
961.2 -59.15
961.6 -59.06
962.0 -58.93
962.4 -58.95
962.8 -59.04
963.2 -59.0
963.6 -58.86
964.0 -58.9
964.4 -58.88
964.8 -58.81
965.2 -59.06
965.6 -58.57
966.0 -58.61
966.4 -58.79
966.8 -58.9
967.2 -58.71
967.6 -58.79
968.0 -58.94
968.4 -58.77
968.8 -58.68
969.2 -58.85
969.6 -58.86
970.0 -58.8
970.4 -58.79
970.8 -58.79
971.2 -58.8
971.6 -58.74
972.0 -58.81
972.4 -58.89
972.8 -58.88
973.2 -58.85
973.6 -59.02
974.0 -59.01
974.4 -59.08
974.8 -59.21
975.2 -59.12
975.6 -59.29
976.0 -59.23
976.4 -59.29
976.8 -59.33
977.2 -59.18
977.6 -59.32
978.0 -59.29
978.4 -59.31
978.8 -59.29
979.2 -59.38
979.6 -59.41
980.0 -59.37
980.4 -59.49
980.8 -59.22
981.2 -59.25
981.6 -59.28
982.0 -59.19
982.4 -59.03
982.8 -59.0
983.2 -59.07
983.6 -58.94
984.0 -58.82
984.4 -58.73
984.8 -58.75
985.2 -58.71
985.6 -58.58
986.0 -58.67
986.4 -58.72
986.8 -58.48
987.2 -58.51
987.6 -58.45
988.0 -58.53
988.4 -58.49
988.8 -58.38
989.2 -58.53
989.6 -58.41
990.0 -58.43
990.4 -58.39
990.8 -58.32
991.2 -58.32
991.6 -58.25
992.0 -58.15
992.4 -58.35
992.8 -58.26
993.2 -58.27
993.6 -58.21
994.0 -58.14
994.4 -58.29
994.8 -58.28
995.2 -58.27
995.6 -58.15
996.0 -58.36
996.4 -58.28
996.8 -58.42
997.2 -58.42
997.6 -58.39
998.0 -58.39
998.4 -58.53
998.8 -58.44
999.2 -58.43
999.6 -58.48
1000.0 -58.48
