600.0 -210.0
600.4 -71.15
600.8 -210.0
601.2 -73.79
601.6 -70.81
602.0 -81.26
602.4 -72.24
602.8 -70.17
603.2 -69.15
603.6 -75.33
604.0 -68.48
604.4 -69.94
604.8 -72.4
605.2 -73.0
605.6 -70.18
606.0 -74.53
606.4 -72.24
606.8 -69.8
607.2 -70.98
607.6 -70.65
608.0 -79.88
608.4 -70.36
608.8 -67.55
609.2 -210.0
609.6 -70.61
610.0 -74.78
610.4 -71.8
610.8 -210.0
611.2 -69.66
611.6 -74.46
612.0 -210.0
612.4 -73.79
612.8 -70.63
613.2 -210.0
613.6 -71.57
614.0 -77.23
614.4 -73.9
614.8 -70.44
615.2 -71.66
615.6 -76.65
616.0 -70.08
616.4 -71.54
616.8 -74.38
617.2 -210.0
617.6 -70.45
618.0 -71.45
618.4 -72.49
618.8 -71.68
619.2 -70.27
619.6 -72.34
620.0 -79.34
620.4 -69.06
620.8 -70.5
621.2 -74.31
621.6 -71.85
622.0 -71.35
622.4 -73.21
622.8 -71.57
623.2 -72.56
623.6 -73.83
624.0 -73.85
624.4 -69.96
624.8 -71.69
625.2 -70.51
625.6 -72.71
626.0 -80.97
626.4 -71.96
626.8 -70.48
627.2 -75.82
627.6 -70.16
628.0 -69.33
628.4 -68.99
628.8 -69.89
629.2 -71.62
629.6 -70.91
630.0 -74.53
630.4 -73.72
630.8 -76.51
631.2 -69.65
631.6 -72.31
632.0 -70.35
632.4 -71.55
632.8 -69.3
633.2 -71.92
633.6 -67.5
634.0 -68.73
634.4 -69.78
634.8 -68.94
635.2 -70.69
635.6 -71.63
636.0 -70.0
636.4 -70.23
636.8 -70.26
637.2 -71.34
637.6 -70.43
638.0 -71.67
638.4 -68.76
638.8 -72.5
639.2 -210.0
639.6 -70.17
640.0 -68.35
640.4 -67.43
640.8 -68.49
641.2 -67.5
641.6 -69.1
642.0 -68.11
642.4 -68.76
642.8 -68.8
643.2 -68.96
643.6 -69.28
644.0 -69.31
644.4 -71.01
644.8 -67.88
645.2 -67.71
645.6 -68.55
646.0 -67.23
646.4 -68.23
646.8 -67.91
647.2 -68.35
647.6 -67.26
648.0 -67.96
648.4 -67.24
648.8 -66.78
649.2 -66.33
649.6 -69.48
650.0 -68.81
650.4 -67.75
650.8 -68.12
651.2 -67.8
651.6 -67.06
652.0 -67.85
652.4 -66.56
652.8 -67.81
653.2 -66.7
653.6 -66.71
654.0 -66.44
654.4 -68.51
654.8 -66.42
655.2 -67.24
655.6 -66.19
656.0 -66.77
656.4 -66.49
656.8 -67.13
657.2 -66.47
657.6 -67.3
658.0 -67.14
658.4 -66.64
658.8 -68.0
659.2 -66.19
659.6 -67.27
660.0 -66.62
660.4 -67.74
660.8 -66.49
661.2 -66.59
661.6 -66.2
662.0 -66.76
662.4 -65.79
662.8 -66.83
663.2 -66.49
663.6 -66.49
664.0 -67.57
664.4 -66.76
664.8 -67.48
665.2 -66.42
665.6 -67.74
666.0 -66.87
666.4 -66.02
666.8 -67.16
667.2 -66.56
667.6 -66.76
668.0 -66.62
668.4 -66.59
668.8 -67.96
669.2 -65.96
669.6 -65.99
670.0 -65.41
670.4 -65.73
670.8 -66.31
671.2 -66.81
671.6 -66.47
672.0 -65.9
672.4 -66.3
672.8 -66.45
673.2 -67.2
673.6 -65.95
674.0 -65.29
674.4 -66.75
674.8 -65.79
675.2 -65.93
675.6 -66.27
676.0 -66.16
676.4 -66.16
676.8 -66.54
677.2 -65.63
677.6 -65.91
678.0 -66.27
678.4 -65.48
678.8 -66.56
679.2 -65.75
679.6 -66.17
680.0 -65.94
680.4 -66.25
680.8 -65.59
681.2 -65.76
681.6 -65.98
682.0 -66.03
682.4 -65.3
682.8 -66.12
683.2 -65.61
683.6 -66.23
684.0 -65.8
684.4 -66.13
684.8 -65.71
685.2 -66.34
685.6 -65.53
686.0 -66.61
686.4 -65.6
686.8 -66.07
687.2 -65.45
687.6 -66.48
688.0 -66.09
688.4 -64.95
688.8 -66.72
689.2 -65.82
689.6 -65.94
690.0 -65.55
690.4 -66.02
690.8 -65.14
691.2 -65.62
691.6 -66.57
692.0 -65.12
692.4 -65.54
692.8 -65.77
693.2 -65.79
693.6 -65.47
694.0 -66.0
694.4 -64.86
694.8 -65.08
695.2 -66.01
695.6 -64.73
696.0 -65.19
696.4 -65.23
696.8 -65.0
697.2 -65.61
697.6 -65.67
698.0 -66.03
698.4 -65.71
698.8 -65.18
699.2 -65.5
699.6 -65.89
700.0 -66.0
700.4 -65.31
700.8 -65.8
701.2 -65.35
701.6 -65.11
702.0 -64.97
702.4 -65.31
702.8 -66.16
703.2 -66.32
703.6 -65.67
704.0 -66.01
704.4 -66.44
704.8 -65.28
705.2 -65.52
705.6 -65.44
706.0 -65.75
706.4 -64.95
706.8 -65.42
707.2 -65.64
707.6 -64.81
708.0 -65.48
708.4 -65.05
708.8 -66.04
709.2 -65.12
709.6 -64.89
710.0 -65.14
710.4 -64.9
710.8 -65.13
711.2 -65.36
711.6 -64.78
712.0 -65.15
712.4 -65.71
712.8 -65.31
713.2 -65.7
713.6 -65.47
714.0 -65.27
714.4 -64.85
714.8 -65.97
715.2 -65.0
715.6 -65.16
716.0 -65.0
716.4 -64.81
716.8 -66.01
717.2 -64.62
717.6 -66.18
718.0 -64.71
718.4 -65.83
718.8 -65.5
719.2 -65.18
719.6 -65.63
720.0 -65.52
720.4 -64.82
720.8 -66.1
721.2 -64.97
721.6 -64.81
722.0 -65.92
722.4 -66.86
722.8 -65.94
723.2 -65.74
723.6 -64.95
724.0 -64.8
724.4 -64.88
724.8 -65.41
725.2 -64.77
725.6 -65.35
726.0 -65.49
726.4 -64.84
726.8 -65.7
727.2 -66.01
727.6 -65.24
728.0 -65.06
728.4 -65.69
728.8 -65.11
729.2 -65.65
729.6 -66.06
730.0 -64.99
730.4 -65.39
730.8 -65.47
731.2 -65.76
731.6 -65.83
732.0 -65.22
732.4 -65.08
732.8 -66.47
733.2 -65.55
733.6 -65.58
734.0 -64.85
734.4 -65.77
734.8 -64.86
735.2 -66.08
735.6 -65.34
736.0 -66.0
736.4 -65.12
736.8 -65.55
737.2 -64.95
737.6 -64.94
738.0 -65.41
738.4 -65.51
738.8 -65.25
739.2 -65.44
739.6 -65.25
740.0 -64.98
740.4 -64.73
740.8 -65.09
741.2 -65.17
741.6 -65.64
742.0 -65.64
742.4 -65.71
742.8 -64.82
743.2 -65.6
743.6 -65.34
744.0 -65.27
744.4 -65.52
744.8 -65.24
745.2 -64.98
745.6 -64.77
746.0 -65.29
746.4 -64.67
746.8 -65.54
747.2 -66.68
747.6 -64.58
748.0 -64.93
748.4 -64.98
748.8 -64.92
749.2 -65.49
749.6 -64.39
750.0 -64.91
750.4 -65.58
750.8 -65.22
751.2 -65.31
751.6 -65.94
752.0 -65.58
752.4 -64.99
752.8 -65.99
753.2 -65.35
753.6 -65.37
754.0 -65.5
754.4 -66.35
754.8 -64.91
755.2 -65.1
755.6 -64.95
756.0 -65.4
756.4 -65.34
756.8 -65.39
757.2 -65.2
757.6 -65.32
758.0 -65.51
758.4 -64.32
758.8 -64.8
759.2 -64.76
759.6 -65.46
760.0 -64.81
760.4 -66.2
760.8 -64.94
761.2 -65.31
761.6 -65.82
762.0 -64.79
762.4 -66.14
762.8 -66.29
763.2 -65.04
763.6 -66.06
764.0 -64.8
764.4 -66.12
764.8 -64.82
765.2 -65.5
765.6 -65.85
766.0 -65.99
766.4 -65.73
766.8 -65.55
767.2 -64.68
767.6 -63.91
768.0 -65.64
768.4 -64.93
768.8 -65.92
769.2 -64.95
769.6 -65.33
770.0 -65.55
770.4 -64.77
770.8 -64.94
771.2 -66.34
771.6 -65.62
772.0 -65.72
772.4 -64.96
772.8 -65.34
773.2 -65.68
773.6 -65.72
774.0 -64.92
774.4 -65.2
774.8 -64.8
775.2 -64.89
775.6 -65.3
776.0 -65.52
776.4 -64.14
776.8 -64.43
777.2 -66.31
777.6 -65.56
778.0 -65.21
778.4 -64.67
778.8 -65.02
779.2 -64.78
779.6 -64.87
780.0 -65.08
780.4 -64.46
780.8 -64.98
781.2 -65.33
781.6 -64.82
782.0 -64.79
782.4 -64.68
782.8 -64.85
783.2 -65.41
783.6 -64.72
784.0 -65.62
784.4 -65.06
784.8 -64.98
785.2 -64.83
785.6 -64.63
786.0 -64.6
786.4 -64.37
786.8 -64.56
787.2 -63.84
787.6 -65.29
788.0 -65.1
788.4 -64.47
788.8 -65.96
789.2 -65.42
789.6 -64.61
790.0 -65.02
790.4 -64.92
790.8 -64.92
791.2 -65.13
791.6 -66.39
792.0 -64.45
792.4 -65.01
792.8 -64.84
793.2 -63.9
793.6 -64.78
794.0 -64.86
794.4 -63.99
794.8 -64.32
795.2 -64.74
795.6 -64.59
796.0 -63.95
796.4 -64.28
796.8 -64.05
797.2 -63.99
797.6 -65.19
798.0 -65.12
798.4 -64.54
798.8 -64.92
799.2 -63.76
799.6 -64.0
800.0 -63.97
800.4 -64.31
800.8 -63.8
801.2 -64.83
801.6 -64.16
802.0 -64.4
802.4 -63.69
802.8 -63.72
803.2 -64.07
803.6 -63.68
804.0 -63.9
804.4 -63.51
804.8 -64.1
805.2 -63.35
805.6 -63.7
806.0 -62.47
806.4 -60.77
806.8 -57.25
807.2 -53.84
807.6 -49.72
808.0 -48.73
808.4 -49.35
808.8 -49.9
809.2 -54.07
809.6 -60.82
810.0 -62.57
810.4 -62.95
810.8 -63.41
811.2 -63.18
811.6 -63.55
812.0 -63.68
812.4 -63.61
812.8 -63.55
813.2 -63.7
813.6 -63.8
814.0 -64.21
814.4 -63.74
814.8 -64.08
815.2 -64.13
815.6 -64.04
816.0 -63.95
816.4 -63.76
816.8 -64.11
817.2 -63.83
817.6 -63.58
818.0 -63.2
818.4 -63.39
818.8 -63.77
819.2 -63.81
819.6 -63.23
820.0 -63.71
820.4 -63.64
820.8 -62.95
821.2 -63.71
821.6 -63.84
822.0 -63.59
822.4 -63.46
822.8 -63.64
823.2 -64.18
823.6 -63.34
824.0 -64.4
824.4 -63.61
824.8 -63.85
825.2 -63.86
825.6 -63.46
826.0 -63.57
826.4 -63.95
826.8 -63.53
827.2 -63.35
827.6 -63.85
828.0 -63.26
828.4 -63.47
828.8 -64.07
829.2 -63.76
829.6 -63.63
830.0 -63.8
830.4 -63.46
830.8 -63.62
831.2 -63.59
831.6 -63.61
832.0 -63.74
832.4 -63.45
832.8 -63.72
833.2 -63.58
833.6 -64.1
834.0 -64.16
834.4 -63.37
834.8 -63.01
835.2 -63.77
835.6 -63.27
836.0 -63.2
836.4 -63.68
836.8 -63.59
837.2 -63.73
837.6 -63.77
838.0 -63.46
838.4 -63.96
838.8 -63.67
839.2 -63.89
839.6 -64.2
840.0 -64.68
840.4 -63.76
840.8 -64.45
841.2 -63.55
841.6 -63.37
842.0 -63.97
842.4 -64.52
842.8 -63.89
843.2 -63.68
843.6 -63.83
844.0 -64.67
844.4 -64.09
844.8 -64.02
845.2 -64.06
845.6 -64.73
846.0 -63.63
846.4 -63.82
846.8 -63.97
847.2 -64.09
847.6 -64.13
848.0 -64.18
848.4 -64.83
848.8 -63.9
849.2 -64.83
849.6 -63.87
850.0 -64.19
850.4 -64.33
850.8 -64.06
851.2 -64.16
851.6 -64.09
852.0 -64.3
852.4 -63.96
852.8 -64.39
853.2 -63.71
853.6 -64.49
854.0 -64.46
854.4 -64.2
854.8 -64.53
855.2 -64.44
855.6 -64.43
856.0 -63.89
856.4 -63.78
856.8 -64.87
857.2 -64.01
857.6 -64.36
858.0 -64.32
858.4 -63.92
858.8 -64.71
859.2 -64.19
859.6 -64.41
860.0 -63.79
860.4 -64.14
860.8 -64.25
861.2 -64.13
861.6 -64.57
862.0 -63.93
862.4 -64.57
862.8 -64.13
863.2 -64.21
863.6 -64.58
864.0 -64.58
864.4 -63.9
864.8 -63.85
865.2 -63.8
865.6 -64.36
866.0 -64.01
866.4 -64.46
866.8 -64.66
867.2 -64.14
867.6 -63.6
868.0 -64.53
868.4 -64.03
868.8 -63.81
869.2 -64.2
869.6 -64.1
870.0 -65.06
870.4 -64.14
870.8 -64.72
871.2 -63.92
871.6 -64.5
872.0 -64.65
872.4 -64.29
872.8 -64.62
873.2 -64.18
873.6 -63.82
874.0 -63.86
874.4 -64.04
874.8 -64.19
875.2 -64.03
875.6 -64.1
876.0 -65.14
876.4 -64.36
876.8 -64.02
877.2 -64.39
877.6 -63.93
878.0 -64.25
878.4 -64.02
878.8 -63.65
879.2 -64.18
879.6 -64.65
880.0 -63.8
880.4 -64.35
880.8 -64.28
881.2 -64.39
881.6 -64.03
882.0 -64.78
882.4 -64.58
882.8 -64.02
883.2 -64.45
883.6 -64.1
884.0 -64.34
884.4 -64.34
884.8 -63.62
885.2 -64.03
885.6 -64.18
886.0 -64.3
886.4 -63.87
886.8 -64.48
887.2 -64.06
887.6 -64.36
888.0 -64.38
888.4 -64.06
888.8 -64.32
889.2 -64.38
889.6 -63.51
890.0 -64.18
890.4 -64.05
890.8 -64.8
891.2 -64.38
891.6 -64.4
892.0 -64.57
892.4 -63.76
892.8 -64.56
893.2 -64.1
893.6 -64.29
894.0 -64.71
894.4 -65.21
894.8 -65.14
895.2 -64.16
895.6 -64.29
896.0 -64.28
896.4 -63.65
896.8 -63.57
897.2 -64.0
897.6 -64.44
898.0 -64.56
898.4 -64.34
898.8 -64.06
899.2 -63.5
899.6 -64.51
900.0 -63.61
900.4 -64.33
900.8 -64.58
901.2 -64.12
901.6 -64.31
902.0 -64.38
902.4 -64.75
902.8 -64.01
903.2 -64.96
903.6 -64.52
904.0 -63.92
904.4 -63.61
904.8 -64.13
905.2 -63.71
905.6 -63.83
906.0 -63.3
906.4 -63.71
906.8 -64.59
907.2 -64.64
907.6 -64.49
908.0 -64.65
908.4 -64.14
908.8 -64.67
909.2 -64.3
909.6 -64.24
910.0 -64.24
910.4 -63.92
910.8 -64.23
911.2 -64.21
911.6 -64.82
912.0 -64.36
912.4 -63.85
912.8 -63.51
913.2 -64.06
913.6 -64.01
914.0 -64.7
914.4 -64.19
914.8 -64.93
915.2 -64.66
915.6 -64.47
916.0 -64.04
916.4 -64.3
916.8 -64.48
917.2 -64.23
917.6 -64.96
918.0 -64.65
918.4 -64.21
918.8 -64.99
919.2 -64.28
919.6 -64.64
920.0 -64.66
920.4 -64.35
920.8 -64.56
921.2 -64.5
921.6 -64.67
922.0 -65.0
922.4 -64.71
922.8 -64.11
923.2 -64.51
923.6 -65.11
924.0 -64.23
924.4 -64.69
924.8 -64.55
925.2 -64.33
925.6 -64.74
926.0 -64.41
926.4 -64.48
926.8 -64.99
927.2 -64.56
927.6 -64.86
928.0 -65.1
928.4 -65.16
928.8 -64.83
929.2 -64.99
929.6 -64.75
930.0 -64.82
930.4 -64.94
930.8 -65.19
931.2 -64.72
931.6 -64.67
932.0 -64.82
932.4 -64.81
932.8 -64.77
933.2 -65.48
933.6 -65.32
934.0 -64.98
934.4 -64.92
934.8 -65.03
935.2 -65.67
935.6 -65.23
936.0 -64.81
936.4 -65.06
936.8 -65.29
937.2 -65.33
937.6 -65.47
938.0 -65.19
938.4 -64.85
938.8 -64.86
939.2 -65.57
939.6 -65.09
940.0 -64.83
940.4 -64.59
940.8 -65.6
941.2 -64.65
941.6 -65.39
942.0 -64.99
942.4 -64.9
942.8 -65.88
943.2 -65.38
943.6 -65.34
944.0 -65.28
944.4 -65.29
944.8 -64.88
945.2 -64.96
945.6 -65.39
946.0 -65.05
946.4 -65.24
946.8 -65.73
947.2 -65.26
947.6 -65.07
948.0 -65.2
948.4 -65.51
948.8 -65.43
949.2 -65.09
949.6 -65.33
950.0 -65.27
950.4 -64.75
950.8 -64.83
951.2 -65.63
951.6 -65.01
952.0 -65.5
952.4 -65.16
952.8 -65.72
953.2 -64.88
953.6 -65.6
954.0 -65.17
954.4 -65.3
954.8 -64.81
955.2 -65.38
955.6 -65.16
956.0 -65.13
956.4 -65.31
956.8 -65.09
957.2 -65.47
957.6 -65.35
958.0 -65.81
958.4 -64.64
958.8 -65.49
959.2 -65.17
959.6 -65.18
960.0 -64.5
960.4 -64.81
960.8 -64.82
961.2 -64.8
961.6 -65.03
962.0 -65.38
962.4 -64.99
962.8 -64.96
963.2 -64.37
963.6 -64.47
964.0 -64.71
964.4 -64.36
964.8 -64.87
965.2 -64.6
965.6 -64.41
966.0 -64.63
966.4 -64.66
966.8 -64.75
967.2 -64.62
967.6 -65.15
968.0 -64.88
968.4 -65.18
968.8 -65.5
969.2 -64.9
969.6 -64.61
970.0 -64.67
970.4 -64.62
970.8 -64.68
971.2 -64.82
971.6 -64.89
972.0 -65.1
972.4 -64.67
972.8 -64.72
973.2 -65.26
973.6 -64.6
974.0 -64.96
974.4 -64.95
974.8 -64.92
975.2 -65.1
975.6 -64.93
976.0 -64.87
976.4 -65.17
976.8 -64.78
977.2 -64.98
977.6 -65.38
978.0 -64.89
978.4 -65.19
978.8 -64.75
979.2 -64.99
979.6 -65.17
980.0 -65.14
980.4 -64.74
980.8 -64.95
981.2 -64.69
981.6 -64.98
982.0 -64.75
982.4 -64.64
982.8 -64.57
983.2 -64.59
983.6 -64.8
984.0 -64.53
984.4 -64.35
984.8 -64.29
985.2 -64.38
985.6 -64.19
986.0 -64.3
986.4 -64.05
986.8 -64.22
987.2 -63.88
987.6 -63.88
988.0 -64.0
988.4 -63.72
988.8 -63.68
989.2 -64.04
989.6 -63.6
990.0 -63.59
990.4 -63.76
990.8 -63.76
991.2 -63.5
991.6 -63.47
992.0 -63.43
992.4 -63.44
992.8 -63.63
993.2 -63.55
993.6 -63.66
994.0 -63.47
994.4 -63.4
994.8 -63.29
995.2 -63.26
995.6 -63.34
996.0 -63.1
996.4 -63.25
996.8 -63.12
997.2 -63.21
997.6 -63.22
998.0 -63.3
998.4 -63.44
998.8 -63.24
999.2 -63.2
999.6 -63.2
1000.0 -63.02
