600.0 -210.0
600.4 -210.0
600.8 -210.0
601.2 -210.0
601.6 -84.24
602.0 -210.0
602.4 -84.29
602.8 -210.0
603.2 -73.2
603.6 -69.31
604.0 -210.0
604.4 -79.64
604.8 -210.0
605.2 -74.92
605.6 -210.0
606.0 -79.75
606.4 -75.51
606.8 -210.0
607.2 -84.6
607.6 -75.08
608.0 -71.43
608.4 -73.54
608.8 -210.0
609.2 -72.17
609.6 -73.29
610.0 -76.99
610.4 -76.35
610.8 -69.38
611.2 -78.82
611.6 -81.87
612.0 -210.0
612.4 -210.0
612.8 -210.0
613.2 -210.0
613.6 -72.21
614.0 -77.23
614.4 -71.81
614.8 -72.06
615.2 -71.86
615.6 -210.0
616.0 -73.67
616.4 -73.69
616.8 -74.38
617.2 -70.58
617.6 -69.91
618.0 -80.48
618.4 -73.81
618.8 -71.15
619.2 -76.87
619.6 -69.9
620.0 -73.06
620.4 -69.48
620.8 -210.0
621.2 -69.65
621.6 -210.0
622.0 -73.73
622.4 -74.72
622.8 -70.92
623.2 -76.02
623.6 -73.83
624.0 -73.31
624.4 -71.67
624.8 -69.33
625.2 -79.67
625.6 -71.09
626.0 -71.94
626.4 -70.08
626.8 -69.77
627.2 -71.04
627.6 -71.7
628.0 -72.44
628.4 -69.56
628.8 -70.0
629.2 -73.15
629.6 -69.63
630.0 -71.68
630.4 -73.47
630.8 -72.08
631.2 -72.47
631.6 -71.2
632.0 -69.52
632.4 -68.18
632.8 -68.88
633.2 -68.68
633.6 -73.03
634.0 -71.51
634.4 -69.88
634.8 -73.12
635.2 -70.69
635.6 -69.08
636.0 -69.62
636.4 -68.4
636.8 -69.17
637.2 -71.47
637.6 -69.65
638.0 -69.43
638.4 -72.47
638.8 -67.89
639.2 -70.34
639.6 -69.3
640.0 -69.1
640.4 -71.86
640.8 -72.34
641.2 -69.06
641.6 -69.25
642.0 -69.67
642.4 -69.17
642.8 -68.8
643.2 -69.78
643.6 -69.0
644.0 -69.39
644.4 -68.94
644.8 -69.85
645.2 -70.77
645.6 -69.05
646.0 -68.58
646.4 -68.8
646.8 -68.84
647.2 -67.8
647.6 -68.03
648.0 -68.21
648.4 -72.72
648.8 -70.13
649.2 -70.08
649.6 -68.26
650.0 -67.36
650.4 -69.04
650.8 -67.93
651.2 -69.24
651.6 -69.7
652.0 -68.82
652.4 -67.59
652.8 -68.94
653.2 -68.0
653.6 -68.01
654.0 -67.11
654.4 -67.78
654.8 -68.96
655.2 -69.14
655.6 -68.02
656.0 -67.06
656.4 -67.89
656.8 -66.59
657.2 -68.81
657.6 -68.09
658.0 -67.9
658.4 -67.99
658.8 -67.19
659.2 -68.49
659.6 -68.29
660.0 -67.96
660.4 -67.83
660.8 -67.74
661.2 -67.36
661.6 -66.9
662.0 -67.92
662.4 -67.05
662.8 -66.27
663.2 -67.83
663.6 -67.44
664.0 -66.8
664.4 -67.61
664.8 -66.14
665.2 -67.36
665.6 -67.65
666.0 -67.01
666.4 -66.73
666.8 -67.13
667.2 -68.35
667.6 -66.98
668.0 -68.35
668.4 -67.2
668.8 -69.06
669.2 -67.01
669.6 -66.83
670.0 -67.52
670.4 -66.93
670.8 -66.92
671.2 -67.03
671.6 -66.57
672.0 -66.56
672.4 -66.49
672.8 -67.32
673.2 -66.45
673.6 -66.72
674.0 -67.91
674.4 -67.39
674.8 -66.77
675.2 -66.05
675.6 -66.74
676.0 -66.42
676.4 -67.33
676.8 -66.61
677.2 -66.25
677.6 -66.75
678.0 -66.78
678.4 -66.27
678.8 -66.63
679.2 -67.03
679.6 -65.92
680.0 -66.62
680.4 -66.45
680.8 -67.08
681.2 -67.36
681.6 -66.49
682.0 -66.84
682.4 -67.02
682.8 -66.86
683.2 -66.41
683.6 -66.17
684.0 -65.95
684.4 -67.61
684.8 -67.15
685.2 -66.83
685.6 -66.76
686.0 -67.73
686.4 -66.23
686.8 -67.08
687.2 -65.88
687.6 -66.69
688.0 -66.31
688.4 -66.05
688.8 -66.3
689.2 -66.78
689.6 -66.97
690.0 -66.06
690.4 -66.69
690.8 -66.91
691.2 -65.62
691.6 -66.3
692.0 -65.84
692.4 -66.05
692.8 -65.01
693.2 -65.85
693.6 -66.4
694.0 -66.29
694.4 -65.65
694.8 -66.82
695.2 -66.27
695.6 -66.69
696.0 -66.5
696.4 -66.08
696.8 -66.39
697.2 -65.5
697.6 -66.31
698.0 -65.91
698.4 -65.62
698.8 -65.65
699.2 -65.85
699.6 -65.38
700.0 -66.7
700.4 -65.51
700.8 -67.04
701.2 -65.61
701.6 -66.87
702.0 -65.69
702.4 -66.06
702.8 -65.93
703.2 -67.3
703.6 -65.83
704.0 -66.6
704.4 -67.55
704.8 -66.3
705.2 -65.99
705.6 -66.02
706.0 -66.42
706.4 -65.9
706.8 -66.24
707.2 -65.67
707.6 -65.67
708.0 -65.91
708.4 -66.17
708.8 -66.07
709.2 -66.23
709.6 -65.43
710.0 -65.85
710.4 -65.6
710.8 -66.69
711.2 -65.91
711.6 -66.68
712.0 -65.77
712.4 -66.6
712.8 -66.23
713.2 -65.08
713.6 -64.99
714.0 -65.1
714.4 -65.43
714.8 -66.17
715.2 -65.76
715.6 -65.08
716.0 -66.16
716.4 -65.75
716.8 -65.88
717.2 -65.46
717.6 -65.61
718.0 -65.96
718.4 -65.11
718.8 -65.47
719.2 -65.53
719.6 -65.29
720.0 -65.23
720.4 -65.81
720.8 -65.45
721.2 -65.05
721.6 -65.7
722.0 -66.34
722.4 -65.5
722.8 -65.11
723.2 -66.68
723.6 -64.66
724.0 -66.29
724.4 -65.7
724.8 -65.47
725.2 -66.35
725.6 -65.69
726.0 -65.91
726.4 -65.91
726.8 -65.61
727.2 -65.02
727.6 -64.96
728.0 -65.5
728.4 -65.26
728.8 -65.59
729.2 -65.4
729.6 -66.54
730.0 -65.87
730.4 -65.18
730.8 -66.14
731.2 -65.9
731.6 -66.04
732.0 -66.24
732.4 -64.97
732.8 -65.25
733.2 -66.12
733.6 -66.09
734.0 -65.61
734.4 -65.63
734.8 -65.38
735.2 -66.22
735.6 -65.69
736.0 -66.33
736.4 -66.2
736.8 -66.32
737.2 -66.28
737.6 -65.45
738.0 -65.77
738.4 -65.32
738.8 -66.45
739.2 -65.19
739.6 -66.3
740.0 -64.79
740.4 -65.58
740.8 -65.04
741.2 -65.91
741.6 -66.02
742.0 -66.2
742.4 -66.05
742.8 -65.28
743.2 -65.63
743.6 -65.94
744.0 -65.36
744.4 -65.96
744.8 -65.69
745.2 -65.43
745.6 -66.73
746.0 -65.32
746.4 -65.51
746.8 -65.61
747.2 -65.8
747.6 -65.5
748.0 -66.12
748.4 -65.59
748.8 -65.93
749.2 -65.66
749.6 -65.33
750.0 -65.99
750.4 -65.75
750.8 -65.84
751.2 -65.77
751.6 -66.31
752.0 -66.71
752.4 -64.94
752.8 -65.74
753.2 -65.54
753.6 -65.53
754.0 -64.75
754.4 -65.59
754.8 -66.47
755.2 -65.51
755.6 -65.89
756.0 -65.99
756.4 -65.6
756.8 -64.65
757.2 -65.76
757.6 -65.38
758.0 -66.08
758.4 -65.6
758.8 -64.5
759.2 -65.36
759.6 -65.46
760.0 -65.55
760.4 -66.32
760.8 -64.94
761.2 -65.06
761.6 -65.57
762.0 -66.22
762.4 -65.08
762.8 -65.94
763.2 -65.69
763.6 -65.76
764.0 -65.38
764.4 -65.25
764.8 -65.3
765.2 -65.08
765.6 -64.96
766.0 -65.91
766.4 -65.73
766.8 -65.38
767.2 -66.63
767.6 -65.41
768.0 -65.11
768.4 -65.54
768.8 -65.2
769.2 -66.44
769.6 -65.56
770.0 -65.73
770.4 -66.18
770.8 -64.68
771.2 -65.62
771.6 -65.35
772.0 -65.98
772.4 -65.54
772.8 -65.65
773.2 -65.47
773.6 -65.31
774.0 -65.97
774.4 -66.28
774.8 -65.57
775.2 -65.23
775.6 -65.78
776.0 -65.1
776.4 -64.82
776.8 -66.48
777.2 -66.19
777.6 -65.32
778.0 -65.44
778.4 -64.93
778.8 -65.62
779.2 -64.39
779.6 -65.05
780.0 -65.33
780.4 -65.82
780.8 -65.14
781.2 -65.3
781.6 -64.85
782.0 -64.71
782.4 -65.42
782.8 -65.16
783.2 -64.9
783.6 -64.87
784.0 -64.9
784.4 -65.09
784.8 -65.76
785.2 -65.91
785.6 -65.34
786.0 -64.86
786.4 -64.79
786.8 -65.07
787.2 -65.57
787.6 -65.86
788.0 -64.82
788.4 -65.25
788.8 -65.12
789.2 -65.28
789.6 -64.44
790.0 -66.07
790.4 -65.34
790.8 -65.08
791.2 -64.31
791.6 -65.54
792.0 -64.85
792.4 -64.76
792.8 -64.66
793.2 -65.56
793.6 -64.96
794.0 -65.24
794.4 -65.66
794.8 -64.71
795.2 -65.08
795.6 -65.37
796.0 -65.27
796.4 -65.07
796.8 -66.72
797.2 -64.81
797.6 -64.72
798.0 -64.81
798.4 -64.96
798.8 -65.18
799.2 -65.52
799.6 -64.99
800.0 -65.34
800.4 -65.01
800.8 -65.1
801.2 -64.18
801.6 -64.34
802.0 -65.28
802.4 -64.51
802.8 -65.83
803.2 -63.99
803.6 -65.32
804.0 -64.91
804.4 -64.64
804.8 -64.23
805.2 -63.46
805.6 -63.63
806.0 -62.37
806.4 -61.14
806.8 -57.53
807.2 -54.09
807.6 -49.95
808.0 -48.65
808.4 -49.62
808.8 -50.21
809.2 -54.08
809.6 -61.25
810.0 -63.08
810.4 -63.85
810.8 -63.77
811.2 -64.19
811.6 -63.97
812.0 -64.31
812.4 -64.31
812.8 -64.91
813.2 -64.15
813.6 -64.99
814.0 -63.84
814.4 -64.4
814.8 -64.11
815.2 -65.07
815.6 -65.9
816.0 -64.3
816.4 -64.44
816.8 -64.8
817.2 -64.53
817.6 -64.28
818.0 -64.85
818.4 -64.64
818.8 -64.22
819.2 -64.39
819.6 -64.04
820.0 -64.06
820.4 -64.02
820.8 -64.06
821.2 -64.55
821.6 -64.22
822.0 -63.44
822.4 -64.34
822.8 -63.62
823.2 -64.23
823.6 -63.98
824.0 -63.38
824.4 -63.9
824.8 -63.98
825.2 -63.56
825.6 -64.29
826.0 -63.91
826.4 -63.33
826.8 -63.39
827.2 -63.75
827.6 -64.16
828.0 -64.24
828.4 -63.92
828.8 -64.02
829.2 -63.8
829.6 -63.36
830.0 -64.1
830.4 -64.13
830.8 -64.16
831.2 -63.5
831.6 -63.87
832.0 -63.22
832.4 -64.21
832.8 -63.3
833.2 -63.22
833.6 -63.84
834.0 -63.07
834.4 -63.6
834.8 -63.18
835.2 -63.27
835.6 -63.35
836.0 -63.52
836.4 -63.64
836.8 -63.42
837.2 -63.22
837.6 -63.88
838.0 -63.64
838.4 -63.27
838.8 -64.01
839.2 -63.55
839.6 -63.49
840.0 -63.9
840.4 -63.01
840.8 -63.37
841.2 -63.45
841.6 -63.99
842.0 -63.25
842.4 -63.89
842.8 -63.61
843.2 -63.8
843.6 -63.53
844.0 -63.75
844.4 -63.18
844.8 -63.31
845.2 -63.37
845.6 -63.29
846.0 -63.55
846.4 -63.99
846.8 -63.29
847.2 -62.88
847.6 -63.11
848.0 -63.9
848.4 -63.26
848.8 -63.36
849.2 -63.14
849.6 -63.69
850.0 -63.35
850.4 -63.58
850.8 -63.61
851.2 -63.52
851.6 -63.12
852.0 -63.44
852.4 -63.37
852.8 -63.43
853.2 -63.51
853.6 -63.39
854.0 -63.34
854.4 -63.47
854.8 -63.07
855.2 -63.1
855.6 -63.14
856.0 -63.25
856.4 -63.64
856.8 -63.51
857.2 -63.75
857.6 -63.19
858.0 -63.19
858.4 -63.44
858.8 -63.73
859.2 -63.16
859.6 -63.64
860.0 -63.26
860.4 -63.23
860.8 -62.9
861.2 -63.22
861.6 -63.47
862.0 -63.03
862.4 -63.54
862.8 -63.56
863.2 -63.85
863.6 -63.39
864.0 -63.35
864.4 -63.31
864.8 -63.58
865.2 -63.42
865.6 -63.59
866.0 -63.09
866.4 -62.98
866.8 -63.04
867.2 -63.48
867.6 -63.26
868.0 -63.42
868.4 -63.29
868.8 -62.81
869.2 -63.21
869.6 -63.31
870.0 -63.45
870.4 -63.0
870.8 -62.96
871.2 -63.2
871.6 -62.77
872.0 -63.32
872.4 -63.02
872.8 -63.88
873.2 -63.12
873.6 -63.0
874.0 -63.48
874.4 -63.47
874.8 -63.12
875.2 -63.53
875.6 -62.51
876.0 -63.18
876.4 -63.05
876.8 -63.46
877.2 -63.36
877.6 -63.35
878.0 -63.32
878.4 -63.37
878.8 -62.9
879.2 -62.76
879.6 -63.32
880.0 -63.61
880.4 -63.24
880.8 -62.63
881.2 -63.22
881.6 -62.88
882.0 -63.21
882.4 -62.84
882.8 -63.25
883.2 -63.06
883.6 -62.69
884.0 -62.32
884.4 -62.9
884.8 -62.93
885.2 -62.89
885.6 -62.97
886.0 -62.89
886.4 -62.76
886.8 -63.04
887.2 -62.88
887.6 -63.18
888.0 -62.95
888.4 -63.11
888.8 -62.73
889.2 -62.85
889.6 -63.33
890.0 -63.17
890.4 -62.77
890.8 -62.85
891.2 -63.26
891.6 -62.88
892.0 -62.76
892.4 -62.77
892.8 -62.87
893.2 -63.18
893.6 -62.39
894.0 -62.96
894.4 -63.03
894.8 -63.02
895.2 -62.71
895.6 -63.0
896.0 -62.95
896.4 -63.36
896.8 -63.24
897.2 -63.22
897.6 -62.88
898.0 -62.51
898.4 -62.65
898.8 -63.08
899.2 -62.98
899.6 -62.9
900.0 -63.1
900.4 -62.89
900.8 -62.36
901.2 -63.15
901.6 -63.18
902.0 -63.16
902.4 -63.02
902.8 -63.36
903.2 -62.82
903.6 -62.7
904.0 -62.75
904.4 -62.84
904.8 -62.82
905.2 -63.13
905.6 -62.9
906.0 -62.82
906.4 -62.69
906.8 -62.89
907.2 -62.82
907.6 -63.37
908.0 -63.2
908.4 -62.95
908.8 -62.81
909.2 -62.75
909.6 -62.62
910.0 -62.8
910.4 -62.58
910.8 -62.83
911.2 -62.61
911.6 -62.82
912.0 -62.81
912.4 -62.26
912.8 -62.83
913.2 -62.69
913.6 -62.79
914.0 -62.57
914.4 -62.89
914.8 -62.93
915.2 -63.06
915.6 -62.79
916.0 -62.88
916.4 -62.7
916.8 -63.18
917.2 -62.82
917.6 -62.38
918.0 -63.18
918.4 -62.71
918.8 -62.69
919.2 -63.06
919.6 -62.8
920.0 -62.46
920.4 -62.65
920.8 -62.51
921.2 -62.31
921.6 -62.66
922.0 -62.77
922.4 -62.52
922.8 -62.08
923.2 -62.82
923.6 -62.48
924.0 -62.2
924.4 -62.39
924.8 -62.08
925.2 -62.34
925.6 -62.46
926.0 -62.53
926.4 -62.74
926.8 -62.57
927.2 -62.48
927.6 -62.52
928.0 -62.24
928.4 -62.51
928.8 -62.33
929.2 -62.5
929.6 -62.44
930.0 -62.45
930.4 -62.12
930.8 -62.62
931.2 -62.47
931.6 -62.5
932.0 -62.27
932.4 -62.33
932.8 -62.79
933.2 -62.79
933.6 -62.3
934.0 -62.43
934.4 -62.35
934.8 -62.04
935.2 -62.99
935.6 -62.21
936.0 -62.56
936.4 -62.75
936.8 -62.7
937.2 -62.24
937.6 -62.28
938.0 -62.43
938.4 -62.27
938.8 -62.4
939.2 -62.34
939.6 -62.14
940.0 -62.25
940.4 -62.26
940.8 -62.25
941.2 -62.51
941.6 -62.43
942.0 -62.11
942.4 -62.25
942.8 -62.53
943.2 -62.35
943.6 -62.31
944.0 -62.4
944.4 -62.17
944.8 -62.12
945.2 -62.39
945.6 -62.44
946.0 -62.33
946.4 -62.03
946.8 -62.24
947.2 -62.16
947.6 -62.23
948.0 -62.17
948.4 -62.29
948.8 -62.37
949.2 -62.38
949.6 -62.55
950.0 -62.23
950.4 -62.34
950.8 -62.55
951.2 -62.48
951.6 -62.24
952.0 -62.27
952.4 -62.32
952.8 -62.34
953.2 -62.45
953.6 -62.09
954.0 -62.59
954.4 -62.43
954.8 -62.24
955.2 -62.3
955.6 -62.43
956.0 -62.26
956.4 -62.26
956.8 -62.29
957.2 -62.37
957.6 -62.41
958.0 -62.5
958.4 -62.43
958.8 -62.28
959.2 -62.18
959.6 -62.43
960.0 -62.26
960.4 -62.27
960.8 -62.16
961.2 -62.09
961.6 -62.18
962.0 -62.22
962.4 -62.27
962.8 -62.23
963.2 -62.04
963.6 -62.05
964.0 -62.06
964.4 -61.92
964.8 -62.19
965.2 -61.82
965.6 -61.85
966.0 -61.95
966.4 -61.95
966.8 -61.86
967.2 -62.02
967.6 -62.03
968.0 -62.06
968.4 -62.14
968.8 -61.91
969.2 -62.18
969.6 -62.09
970.0 -62.21
970.4 -62.06
970.8 -62.11
971.2 -62.29
971.6 -62.18
972.0 -62.22
972.4 -62.22
972.8 -62.1
973.2 -62.36
973.6 -62.16
974.0 -62.4
974.4 -62.4
974.8 -62.32
975.2 -62.27
975.6 -62.47
976.0 -62.58
976.4 -62.47
976.8 -62.45
977.2 -62.62
977.6 -62.55
978.0 -62.37
978.4 -62.55
978.8 -62.77
979.2 -62.7
979.6 -62.41
980.0 -62.69
980.4 -62.67
980.8 -62.77
981.2 -62.5
981.6 -62.4
982.0 -62.43
982.4 -62.32
982.8 -62.42
983.2 -62.28
983.6 -62.24
984.0 -62.23
984.4 -61.9
984.8 -61.94
985.2 -62.17
985.6 -62.05
986.0 -62.11
986.4 -61.91
986.8 -61.81
987.2 -61.78
987.6 -61.84
988.0 -61.48
988.4 -61.51
988.8 -61.49
989.2 -61.35
989.6 -61.41
990.0 -61.36
990.4 -61.33
990.8 -61.25
991.2 -61.15
991.6 -61.21
992.0 -61.14
992.4 -61.1
992.8 -61.0
993.2 -60.88
993.6 -60.95
994.0 -60.98
994.4 -60.91
994.8 -61.19
995.2 -61.01
995.6 -60.99
996.0 -60.94
996.4 -60.86
996.8 -60.94
997.2 -61.08
997.6 -60.94
998.0 -61.06
998.4 -61.12
998.8 -61.0
999.2 -61.14
999.6 -61.13
1000.0 -60.94
