600.0 -84.14
600.4 -210.0
600.8 -210.0
601.2 -76.42
601.6 -78.21
602.0 -210.0
602.4 -210.0
602.8 -210.0
603.2 -76.55
603.6 -81.36
604.0 -73.98
604.4 -75.96
604.8 -81.44
605.2 -210.0
605.6 -210.0
606.0 -210.0
606.4 -72.78
606.8 -79.8
607.2 -77.61
607.6 -210.0
608.0 -210.0
608.4 -71.06
608.8 -210.0
609.2 -73.26
609.6 -75.21
610.0 -76.32
610.4 -84.81
610.8 -210.0
611.2 -210.0
611.6 -210.0
612.0 -75.86
612.4 -210.0
612.8 -210.0
613.2 -210.0
613.6 -73.23
614.0 -210.0
614.4 -76.58
614.8 -210.0
615.2 -71.86
615.6 -210.0
616.0 -210.0
616.4 -210.0
616.8 -210.0
617.2 -210.0
617.6 -71.61
618.0 -70.48
618.4 -210.0
618.8 -79.27
619.2 -210.0
619.6 -70.72
620.0 -210.0
620.4 -210.0
620.8 -210.0
621.2 -77.66
621.6 -75.05
622.0 -71.69
622.4 -72.51
622.8 -210.0
623.2 -210.0
623.6 -210.0
624.0 -210.0
624.4 -71.84
624.8 -71.19
625.2 -210.0
625.6 -73.95
626.0 -210.0
626.4 -210.0
626.8 -73.75
627.2 -81.04
627.6 -82.84
628.0 -210.0
628.4 -72.47
628.8 -73.36
629.2 -77.48
629.6 -210.0
630.0 -210.0
630.4 -74.56
630.8 -83.05
631.2 -83.08
631.6 -77.08
632.0 -210.0
632.4 -75.76
632.8 -86.21
633.2 -73.93
633.6 -210.0
634.0 -75.49
634.4 -79.33
634.8 -210.0
635.2 -210.0
635.6 -73.85
636.0 -210.0
636.4 -210.0
636.8 -210.0
637.2 -210.0
637.6 -86.56
638.0 -74.28
638.4 -71.17
638.8 -210.0
639.2 -74.63
639.6 -210.0
640.0 -75.94
640.4 -75.98
640.8 -210.0
641.2 -210.0
641.6 -77.85
642.0 -210.0
642.4 -76.54
642.8 -73.19
643.2 -75.56
643.6 -210.0
644.0 -74.31
644.4 -210.0
644.8 -210.0
645.2 -76.41
645.6 -87.25
646.0 -81.25
646.4 -75.55
646.8 -77.36
647.2 -210.0
647.6 -210.0
648.0 -210.0
648.4 -81.47
648.8 -210.0
649.2 -76.77
649.6 -210.0
650.0 -84.61
650.4 -79.83
650.8 -76.15
651.2 -210.0
651.6 -73.48
652.0 -84.62
652.4 -210.0
652.8 -71.72
653.2 -82.86
653.6 -76.18
654.0 -76.18
654.4 -76.85
654.8 -73.18
655.2 -82.88
655.6 -80.67
656.0 -71.04
656.4 -78.12
656.8 -210.0
657.2 -77.68
657.6 -210.0
658.0 -77.26
658.4 -210.0
658.8 -210.0
659.2 -210.0
659.6 -72.24
660.0 -81.67
660.4 -210.0
660.8 -73.72
661.2 -74.47
661.6 -73.38
662.0 -72.92
662.4 -72.78
662.8 -76.23
663.2 -210.0
663.6 -76.23
664.0 -73.07
664.4 -80.71
664.8 -71.78
665.2 -73.89
665.6 -76.9
666.0 -74.47
666.4 -74.69
666.8 -78.66
667.2 -87.7
667.6 -74.69
668.0 -78.66
668.4 -74.91
668.8 -71.67
669.2 -72.78
669.6 -72.64
670.0 -75.38
670.4 -73.88
670.8 -73.36
671.2 -70.04
671.6 -210.0
672.0 -76.87
672.4 -74.66
672.8 -73.68
673.2 -74.04
673.6 -84.65
674.0 -75.34
674.4 -210.0
674.8 -73.32
675.2 -72.86
675.6 -73.01
676.0 -73.0
676.4 -73.31
676.8 -71.38
677.2 -75.06
677.6 -71.93
678.0 -210.0
678.4 -77.61
678.8 -210.0
679.2 -72.97
679.6 -75.55
680.0 -78.04
680.4 -73.61
680.8 -74.57
681.2 -71.66
681.6 -76.43
682.0 -74.77
682.4 -73.41
682.8 -76.08
683.2 -210.0
683.6 -78.5
684.0 -77.99
684.4 -73.21
684.8 -73.05
685.2 -72.89
685.6 -73.71
686.0 -76.37
686.4 -74.95
686.8 -87.5
687.2 -77.08
687.6 -74.93
688.0 -76.02
688.4 -210.0
688.8 -72.56
689.2 -74.46
689.6 -210.0
690.0 -210.0
690.4 -71.88
690.8 -72.0
691.2 -71.64
691.6 -72.66
692.0 -73.45
692.4 -70.26
692.8 -71.29
693.2 -81.38
693.6 -210.0
694.0 -70.86
694.4 -76.25
694.8 -80.4
695.2 -70.47
695.6 -74.37
696.0 -76.57
696.4 -71.67
696.8 -76.56
697.2 -79.56
697.6 -70.72
698.0 -76.54
698.4 -70.08
698.8 -75.28
699.2 -73.17
699.6 -72.13
700.0 -73.88
700.4 -69.3
700.8 -72.11
701.2 -72.97
701.6 -75.82
702.0 -75.23
702.4 -69.63
702.8 -76.47
703.2 -75.79
703.6 -76.46
704.0 -74.24
704.4 -72.18
704.8 -73.26
705.2 -72.75
705.6 -74.0
706.0 -73.07
706.4 -74.65
706.8 -74.2
707.2 -73.05
707.6 -72.01
708.0 -210.0
708.4 -74.62
708.8 -210.0
709.2 -74.86
709.6 -210.0
710.0 -74.37
710.4 -76.36
710.8 -210.0
711.2 -78.69
711.6 -71.45
712.0 -75.67
712.4 -77.59
712.8 -73.15
713.2 -72.21
713.6 -75.65
714.0 -72.06
714.4 -70.12
714.8 -74.1
715.2 -71.78
715.6 -71.41
716.0 -71.65
716.4 -78.05
716.8 -71.17
717.2 -72.93
717.6 -69.75
718.0 -78.03
718.4 -73.64
718.8 -69.81
719.2 -71.14
719.6 -72.14
720.0 -74.04
720.4 -72.9
720.8 -71.47
721.2 -71.01
721.6 -73.06
722.0 -71.84
722.4 -72.88
722.8 -74.71
723.2 -71.33
723.6 -74.23
724.0 -74.7
724.4 -77.97
724.8 -69.84
725.2 -210.0
725.6 -75.23
726.0 -73.01
726.4 -80.0
726.8 -73.97
727.2 -72.06
727.6 -71.41
728.0 -76.55
728.4 -72.34
728.8 -210.0
729.2 -210.0
729.6 -72.98
730.0 -70.71
730.4 -74.64
730.8 -69.61
731.2 -75.17
731.6 -73.32
732.0 -75.46
732.4 -70.69
732.8 -75.46
733.2 -74.13
733.6 -72.44
734.0 -210.0
734.4 -83.9
734.8 -210.0
735.2 -69.35
735.6 -69.99
736.0 -71.98
736.4 -70.97
736.8 -70.97
737.2 -70.16
737.6 -76.08
738.0 -69.89
738.4 -70.96
738.8 -72.72
739.2 -210.0
739.6 -83.86
740.0 -79.87
740.4 -71.29
740.8 -73.85
741.2 -72.53
741.6 -71.28
742.0 -70.82
742.4 -74.54
742.8 -71.52
743.2 -73.41
743.6 -72.52
744.0 -69.5
744.4 -71.91
744.8 -69.58
745.2 -71.03
745.6 -76.4
746.0 -71.25
746.4 -75.35
746.8 -79.03
747.2 -69.48
747.6 -70.27
748.0 -210.0
748.4 -210.0
748.8 -74.75
749.2 -70.36
749.6 -71.0
750.0 -70.99
750.4 -71.34
750.8 -69.62
751.2 -73.55
751.6 -71.85
752.0 -71.07
752.4 -73.75
752.8 -73.74
753.2 -69.59
753.6 -75.27
754.0 -74.97
754.4 -72.41
754.8 -75.59
755.2 -73.93
755.6 -81.94
756.0 -69.63
756.4 -69.0
756.8 -71.92
757.2 -70.9
757.6 -69.96
758.0 -70.77
758.4 -72.36
758.8 -68.89
759.2 -83.66
759.6 -74.62
760.0 -210.0
760.4 -73.65
760.8 -75.51
761.2 -70.02
761.6 -75.85
762.0 -74.87
762.4 -72.66
762.8 -75.83
763.2 -71.31
763.6 -210.0
764.0 -73.61
764.4 -73.83
764.8 -71.16
765.2 -74.56
765.6 -76.19
766.0 -210.0
766.4 -73.59
766.8 -70.25
767.2 -71.81
767.6 -69.6
768.0 -78.12
768.4 -71.39
768.8 -78.11
769.2 -70.44
769.6 -69.32
770.0 -71.64
770.4 -70.32
770.8 -74.25
771.2 -72.94
771.6 -76.56
772.0 -69.92
772.4 -75.75
772.8 -71.92
773.2 -69.82
773.6 -71.92
774.0 -78.75
774.4 -73.98
774.8 -74.77
775.2 -73.53
775.6 -69.91
776.0 -69.62
776.4 -72.05
776.8 -71.34
777.2 -73.97
777.6 -70.19
778.0 -72.37
778.4 -68.96
778.8 -74.47
779.2 -68.88
779.6 -70.6
780.0 -72.36
780.4 -71.45
780.8 -69.35
781.2 -71.88
781.6 -210.0
782.0 -71.31
782.4 -70.47
782.8 -73.49
783.2 -77.45
783.6 -75.02
784.0 -70.69
784.4 -72.01
784.8 -72.16
785.2 -69.66
785.6 -75.34
786.0 -80.45
786.4 -71.41
786.8 -69.06
787.2 -74.16
787.6 -75.0
788.0 -72.15
788.4 -70.66
788.8 -71.98
789.2 -69.73
789.6 -69.05
790.0 -69.91
790.4 -70.32
790.8 -72.83
791.2 -73.65
791.6 -75.3
792.0 -71.96
792.4 -69.28
792.8 -70.74
793.2 -71.37
793.6 -72.81
794.0 -71.1
794.4 -70.39
794.8 -71.5
795.2 -70.62
795.6 -71.22
796.0 -69.97
796.4 -70.96
796.8 -70.84
797.2 -71.92
797.6 -70.71
798.0 -71.34
798.4 -70.94
798.8 -69.14
799.2 -70.36
799.6 -72.96
800.0 -73.15
800.4 -69.13
800.8 -69.47
801.2 -71.76
801.6 -71.61
802.0 -70.94
802.4 -70.15
802.8 -72.78
803.2 -71.62
803.6 -69.49
804.0 -74.64
804.4 -69.97
804.8 -69.0
805.2 -73.62
805.6 -72.61
806.0 -68.56
806.4 -66.97
806.8 -62.07
807.2 -58.42
807.6 -54.52
808.0 -52.81
808.4 -53.93
808.8 -54.61
809.2 -58.28
809.6 -66.52
810.0 -67.69
810.4 -69.21
810.8 -70.55
811.2 -73.24
811.6 -69.15
812.0 -76.49
812.4 -74.44
812.8 -69.59
813.2 -71.73
813.6 -73.09
814.0 -70.08
814.4 -69.99
814.8 -71.62
815.2 -69.72
815.6 -69.92
816.0 -72.41
816.4 -75.1
816.8 -71.51
817.2 -71.95
817.6 -71.4
818.0 -73.58
818.4 -68.27
818.8 -71.83
819.2 -71.17
819.6 -70.59
820.0 -70.4
820.4 -72.84
820.8 -70.33
821.2 -68.75
821.6 -70.36
822.0 -70.91
822.4 -70.39
822.8 -78.28
823.2 -72.95
823.6 -70.74
824.0 -70.55
824.4 -70.77
824.8 -70.79
825.2 -69.5
825.6 -71.93
826.0 -69.22
826.4 -68.75
826.8 -68.77
827.2 -68.98
827.6 -70.9
828.0 -72.79
828.4 -72.98
828.8 -71.65
829.2 -68.18
829.6 -70.56
830.0 -210.0
830.4 -70.62
830.8 -70.27
831.2 -71.2
831.6 -70.6
832.0 -72.85
832.4 -72.72
832.8 -70.99
833.2 -70.82
833.6 -71.49
834.0 -69.61
834.4 -70.81
834.8 -70.22
835.2 -69.48
835.6 -74.01
836.0 -69.14
836.4 -70.42
836.8 -69.52
837.2 -70.82
837.6 -69.0
838.0 -71.37
838.4 -70.65
838.8 -69.74
839.2 -69.77
839.6 -69.09
840.0 -70.66
840.4 -69.67
840.8 -69.16
841.2 -69.95
841.6 -70.58
842.0 -68.0
842.4 -69.73
842.8 -69.53
843.2 -68.64
843.6 -70.82
844.0 -70.32
844.4 -69.27
844.8 -69.02
845.2 -71.18
845.6 -69.79
846.0 -69.26
846.4 -70.56
846.8 -70.01
847.2 -69.58
847.6 -69.13
848.0 -70.38
848.4 -69.19
848.8 -72.26
849.2 -69.92
849.6 -69.13
850.0 -68.5
850.4 -68.72
850.8 -69.43
851.2 -68.6
851.6 -70.78
852.0 -72.63
852.4 -71.15
852.8 -68.92
853.2 -69.82
853.6 -68.04
854.0 -68.86
854.4 -68.91
854.8 -69.54
855.2 -67.25
855.6 -69.14
856.0 -68.57
856.4 -67.92
856.8 -69.14
857.2 -71.31
857.6 -69.94
858.0 -70.01
858.4 -69.31
858.8 -69.93
859.2 -68.66
859.6 -68.09
860.0 -67.94
860.4 -68.54
860.8 -69.55
861.2 -67.98
861.6 -69.54
862.0 -68.31
862.4 -68.8
862.8 -69.33
863.2 -69.14
863.6 -68.24
864.0 -69.01
864.4 -69.79
864.8 -68.77
865.2 -68.59
865.6 -68.27
866.0 -67.93
866.4 -68.06
866.8 -69.1
867.2 -68.62
867.6 -68.3
868.0 -68.4
868.4 -69.98
868.8 -68.83
869.2 -67.03
869.6 -68.95
870.0 -71.95
870.4 -69.38
870.8 -68.16
871.2 -69.57
871.6 -68.24
872.0 -67.99
872.4 -67.65
872.8 -68.23
873.2 -67.73
873.6 -68.01
874.0 -68.53
874.4 -68.05
874.8 -69.65
875.2 -66.61
875.6 -70.8
876.0 -69.29
876.4 -68.17
876.8 -70.16
877.2 -68.0
877.6 -68.05
878.0 -69.19
878.4 -67.89
878.8 -68.03
879.2 -69.37
879.6 -65.97
880.0 -68.27
880.4 -67.23
880.8 -68.97
881.2 -69.03
881.6 -67.86
882.0 -68.06
882.4 -68.71
882.8 -69.15
883.2 -67.39
883.6 -67.39
884.0 -69.56
884.4 -67.85
884.8 -69.85
885.2 -69.07
885.6 -68.3
886.0 -69.48
886.4 -67.42
886.8 -67.38
887.2 -69.92
887.6 -67.24
888.0 -69.0
888.4 -69.92
888.8 -68.19
889.2 -68.08
889.6 -68.57
890.0 -70.07
890.4 -68.23
890.8 -68.4
891.2 -67.78
891.6 -68.75
892.0 -70.18
892.4 -67.56
892.8 -68.54
893.2 -68.48
893.6 -66.27
894.0 -67.49
894.4 -68.66
894.8 -68.61
895.2 -66.91
895.6 -66.87
896.0 -69.31
896.4 -67.04
896.8 -70.14
897.2 -69.83
897.6 -69.0
898.0 -67.66
898.4 -67.81
898.8 -69.21
899.2 -67.91
899.6 -68.48
900.0 -69.22
900.4 -67.84
900.8 -70.19
901.2 -68.0
901.6 -67.76
902.0 -68.88
902.4 -68.77
902.8 -68.23
903.2 -69.22
903.6 -69.22
904.0 -68.86
904.4 -68.01
904.8 -69.88
905.2 -69.97
905.6 -69.74
906.0 -69.21
906.4 -67.81
906.8 -69.36
907.2 -67.35
907.6 -67.11
908.0 -68.6
908.4 -67.9
908.8 -68.9
909.2 -67.78
909.6 -67.52
910.0 -68.7
910.4 -70.16
910.8 -68.79
911.2 -68.33
911.6 -69.31
912.0 -69.19
912.4 -68.8
912.8 -68.01
913.2 -68.12
913.6 -68.58
914.0 -67.8
914.4 -67.31
914.8 -68.79
915.2 -68.5
915.6 -68.72
916.0 -69.95
916.4 -70.82
916.8 -67.74
917.2 -72.13
917.6 -68.97
918.0 -69.63
918.4 -69.65
918.8 -67.74
919.2 -68.56
919.6 -68.78
920.0 -68.31
920.4 -68.87
920.8 -68.74
921.2 -70.61
921.6 -68.67
922.0 -69.81
922.4 -69.52
922.8 -69.37
923.2 -69.49
923.6 -69.69
924.0 -68.31
924.4 -68.85
924.8 -69.07
925.2 -73.22
925.6 -68.47
926.0 -68.63
926.4 -68.12
926.8 -69.55
927.2 -69.5
927.6 -69.3
928.0 -69.77
928.4 -70.87
928.8 -70.38
929.2 -70.75
929.6 -69.39
930.0 -69.57
930.4 -69.76
930.8 -70.15
931.2 -69.92
931.6 -69.03
932.0 -69.47
932.4 -70.17
932.8 -69.84
933.2 -72.13
933.6 -69.34
934.0 -71.38
934.4 -68.56
934.8 -71.26
935.2 -70.64
935.6 -70.03
936.0 -71.1
936.4 -71.75
936.8 -72.61
937.2 -72.85
937.6 -73.1
938.0 -70.59
938.4 -70.13
938.8 -69.37
939.2 -70.4
939.6 -69.22
940.0 -70.89
940.4 -71.12
940.8 -72.73
941.2 -71.1
941.6 -72.04
942.0 -71.5
942.4 -70.41
942.8 -69.74
943.2 -71.58
943.6 -70.48
944.0 -72.35
944.4 -71.73
944.8 -71.38
945.2 -71.01
945.6 -70.43
946.0 -74.19
946.4 -70.71
946.8 -71.16
947.2 -70.88
947.6 -71.62
948.0 -72.87
948.4 -74.34
948.8 -71.03
949.2 -72.09
949.6 -74.97
950.0 -69.93
950.4 -72.08
950.8 -71.8
951.2 -71.89
951.6 -71.18
952.0 -71.93
952.4 -72.92
952.8 -72.77
953.2 -70.85
953.6 -73.07
954.0 -72.92
954.4 -70.87
954.8 -71.35
955.2 -70.69
955.6 -71.27
956.0 -72.37
956.4 -70.26
956.8 -71.27
957.2 -70.49
957.6 -73.1
958.0 -71.1
958.4 -72.12
958.8 -71.94
959.2 -70.26
959.6 -70.61
960.0 -71.74
960.4 -71.05
960.8 -70.47
961.2 -71.71
961.6 -71.73
962.0 -70.37
962.4 -71.52
962.8 -73.99
963.2 -71.16
963.6 -71.62
964.0 -70.27
964.4 -69.79
964.8 -70.3
965.2 -70.4
965.6 -70.64
966.0 -70.26
966.4 -71.78
966.8 -70.46
967.2 -70.89
967.6 -70.77
968.0 -71.61
968.4 -72.37
968.8 -71.64
969.2 -72.4
969.6 -71.72
970.0 -71.69
970.4 -71.58
970.8 -71.44
971.2 -71.34
971.6 -71.42
972.0 -71.54
972.4 -70.54
972.8 -71.21
973.2 -71.64
973.6 -70.59
974.0 -71.3
974.4 -71.32
974.8 -70.22
975.2 -71.45
975.6 -72.08
976.0 -71.33
976.4 -70.66
976.8 -73.6
977.2 -71.14
977.6 -71.98
978.0 -73.02
978.4 -72.62
978.8 -72.51
979.2 -71.31
979.6 -70.61
980.0 -70.88
980.4 -70.44
980.8 -70.91
981.2 -70.5
981.6 -71.06
982.0 -70.44
982.4 -71.97
982.8 -71.67
983.2 -71.58
983.6 -71.44
984.0 -71.96
984.4 -73.6
984.8 -70.93
985.2 -70.65
985.6 -70.83
986.0 -71.81
986.4 -70.69
986.8 -72.38
987.2 -71.35
987.6 -71.8
988.0 -70.86
988.4 -70.56
988.8 -69.71
989.2 -71.41
989.6 -70.66
990.0 -71.77
990.4 -69.79
990.8 -70.63
991.2 -70.41
991.6 -69.34
992.0 -70.22
992.4 -70.06
992.8 -69.61
993.2 -69.01
993.6 -69.23
994.0 -70.75
994.4 -69.77
994.8 -70.55
995.2 -70.24
995.6 -70.96
996.0 -69.47
996.4 -71.06
996.8 -71.28
997.2 -68.97
997.6 -69.99
998.0 -70.13
998.4 -69.68
998.8 -70.25
999.2 -70.33
999.6 -70.17
1000.0 -71.41
