600.0 -210.0
600.4 -75.12
600.8 -210.0
601.2 -70.78
601.6 -210.0
602.0 -74.27
602.4 -70.48
602.8 -77.33
603.2 -210.0
603.6 -70.39
604.0 -210.0
604.4 -74.0
604.8 -74.45
605.2 -71.46
605.6 -72.19
606.0 -210.0
606.4 -72.5
606.8 -210.0
607.2 -74.18
607.6 -73.83
608.0 -72.61
608.4 -78.65
608.8 -75.16
609.2 -76.27
609.6 -210.0
610.0 -84.78
610.4 -210.0
610.8 -73.06
611.2 -73.71
611.6 -72.32
612.0 -210.0
612.4 -78.9
612.8 -71.52
613.2 -210.0
613.6 -78.01
614.0 -75.47
614.4 -75.04
614.8 -210.0
615.2 -74.29
615.6 -76.65
616.0 -210.0
616.4 -72.15
616.8 -69.49
617.2 -210.0
617.6 -75.68
618.0 -70.78
618.4 -76.82
618.8 -210.0
619.2 -210.0
619.6 -79.32
620.0 -75.37
620.4 -71.59
620.8 -70.5
621.2 -76.41
621.6 -210.0
622.0 -78.51
622.4 -70.07
622.8 -78.56
623.2 -210.0
623.6 -68.27
624.0 -210.0
624.4 -72.86
624.8 -71.35
625.2 -210.0
625.6 -76.68
626.0 -72.32
626.4 -73.46
626.8 -69.36
627.2 -74.68
627.6 -78.06
628.0 -70.68
628.4 -72.09
628.8 -69.89
629.2 -210.0
629.6 -210.0
630.0 -210.0
630.4 -70.58
630.8 -71.91
631.2 -83.08
631.6 -81.34
632.0 -72.17
632.4 -210.0
632.8 -74.16
633.2 -79.25
633.6 -71.07
634.0 -75.87
634.4 -68.05
634.8 -76.8
635.2 -71.19
635.6 -72.43
636.0 -69.36
636.4 -70.34
636.8 -74.19
637.2 -73.52
637.6 -75.76
638.0 -70.79
638.4 -72.3
638.8 -70.41
639.2 -77.13
639.6 -70.08
640.0 -71.68
640.4 -69.96
640.8 -70.79
641.2 -74.8
641.6 -70.97
642.0 -72.6
642.4 -72.81
642.8 -71.68
643.2 -74.72
643.6 -73.64
644.0 -69.03
644.4 -68.16
644.8 -68.98
645.2 -71.52
645.6 -71.8
646.0 -67.78
646.4 -71.63
646.8 -70.73
647.2 -68.46
647.6 -70.99
648.0 -72.4
648.4 -70.34
648.8 -70.63
649.2 -67.74
649.6 -70.98
650.0 -70.21
650.4 -69.49
650.8 -68.42
651.2 -68.13
651.6 -68.18
652.0 -70.07
652.4 -68.14
652.8 -69.93
653.2 -68.5
653.6 -69.01
654.0 -70.74
654.4 -68.4
654.8 -68.52
655.2 -69.27
655.6 -69.02
656.0 -68.32
656.4 -68.17
656.8 -68.37
657.2 -69.22
657.6 -68.54
658.0 -67.9
658.4 -69.61
658.8 -69.62
659.2 -68.05
659.6 -67.43
660.0 -68.06
660.4 -69.18
660.8 -70.54
661.2 -69.31
661.6 -68.11
662.0 -68.25
662.4 -67.61
662.8 -68.77
663.2 -68.61
663.6 -68.01
664.0 -69.0
664.4 -68.72
664.8 -68.66
665.2 -70.45
665.6 -68.25
666.0 -67.96
666.4 -69.37
666.8 -69.99
667.2 -67.83
667.6 -69.18
668.0 -67.16
668.4 -68.72
668.8 -68.25
669.2 -69.18
669.6 -69.0
670.0 -69.76
670.4 -67.0
670.8 -68.04
671.2 -67.14
671.6 -68.81
672.0 -68.22
672.4 -68.47
672.8 -66.62
673.2 -67.53
673.6 -68.9
674.0 -68.01
674.4 -69.32
674.8 -67.55
675.2 -68.94
675.6 -68.39
676.0 -67.85
676.4 -67.63
676.8 -67.62
677.2 -67.16
677.6 -67.79
678.0 -66.47
678.4 -67.87
678.8 -67.47
679.2 -67.6
679.6 -66.99
680.0 -66.98
680.4 -67.25
680.8 -67.49
681.2 -68.23
681.6 -67.31
682.0 -67.82
682.4 -67.43
682.8 -67.68
683.2 -67.01
683.6 -67.45
684.0 -67.04
684.4 -66.77
684.8 -67.89
685.2 -67.47
685.6 -66.58
686.0 -67.13
686.4 -67.42
686.8 -67.04
687.2 -67.2
687.6 -68.04
688.0 -66.48
688.4 -67.56
688.8 -67.52
689.2 -68.6
689.6 -66.93
690.0 -67.5
690.4 -67.58
690.8 -66.73
691.2 -67.02
691.6 -66.9
692.0 -67.21
692.4 -66.92
692.8 -67.59
693.2 -67.11
693.6 -66.87
694.0 -66.86
694.4 -68.19
694.8 -67.47
695.2 -67.12
695.6 -66.01
696.0 -66.16
696.4 -66.6
696.8 -66.6
697.2 -66.89
697.6 -67.18
698.0 -66.1
698.4 -67.46
698.8 -66.57
699.2 -67.06
699.6 -66.35
700.0 -67.86
700.4 -67.0
700.8 -66.19
701.2 -66.28
701.6 -66.75
702.0 -66.82
702.4 -66.62
702.8 -67.53
703.2 -67.26
703.6 -66.61
704.0 -67.08
704.4 -66.3
704.8 -67.11
705.2 -66.33
705.6 -66.15
706.0 -67.67
706.4 -65.97
706.8 -66.56
707.2 -67.03
707.6 -66.98
708.0 -66.39
708.4 -66.14
708.8 -66.8
709.2 -65.96
709.6 -66.09
710.0 -66.47
710.4 -66.12
710.8 -66.01
711.2 -65.75
711.6 -65.8
712.0 -66.03
712.4 -66.31
712.8 -66.48
713.2 -65.99
713.6 -66.86
714.0 -65.81
714.4 -65.29
714.8 -65.77
715.2 -66.3
715.6 -65.25
716.0 -65.28
716.4 -66.59
716.8 -66.22
717.2 -65.68
717.6 -66.86
718.0 -66.2
718.4 -66.06
718.8 -66.3
719.2 -66.09
719.6 -65.66
720.0 -66.96
720.4 -66.04
720.8 -65.86
721.2 -66.14
721.6 -65.33
722.0 -66.13
722.4 -65.26
722.8 -65.94
723.2 -66.85
723.6 -65.23
724.0 -65.33
724.4 -66.18
724.8 -65.5
725.2 -65.92
725.6 -65.66
726.0 -66.3
726.4 -65.34
726.8 -65.1
727.2 -65.84
727.6 -66.33
728.0 -65.76
728.4 -65.89
728.8 -66.24
729.2 -65.53
729.6 -66.54
730.0 -65.98
730.4 -66.9
730.8 -65.32
731.2 -65.38
731.6 -66.89
732.0 -65.65
732.4 -65.08
732.8 -66.55
733.2 -66.35
733.6 -66.05
734.0 -65.3
734.4 -65.38
734.8 -65.44
735.2 -66.57
735.6 -65.53
736.0 -66.48
736.4 -65.24
736.8 -65.99
737.2 -66.55
737.6 -65.17
738.0 -64.86
738.4 -66.88
738.8 -65.16
739.2 -65.19
739.6 -65.5
740.0 -65.68
740.4 -65.58
740.8 -66.4
741.2 -66.28
741.6 -65.23
742.0 -65.88
742.4 -66.85
742.8 -65.22
743.2 -64.61
743.6 -65.41
744.0 -65.69
744.4 -66.45
744.8 -65.75
745.2 -66.18
745.6 -65.74
746.0 -65.32
746.4 -65.71
746.8 -65.03
747.2 -64.48
747.6 -66.2
748.0 -65.04
748.4 -64.78
748.8 -65.93
749.2 -65.66
749.6 -65.09
750.0 -65.14
750.4 -65.14
750.8 -65.57
751.2 -65.22
751.6 -65.37
752.0 -65.2
752.4 -65.05
752.8 -64.84
753.2 -66.03
753.6 -64.86
754.0 -65.46
754.4 -65.45
754.8 -66.04
755.2 -65.22
755.6 -65.75
756.0 -66.02
756.4 -66.37
756.8 -65.87
757.2 -65.94
757.6 -64.98
758.0 -64.78
758.4 -64.74
758.8 -65.71
759.2 -65.39
759.6 -65.46
760.0 -65.1
760.4 -64.89
760.8 -66.0
761.2 -66.15
761.6 -65.34
762.0 -66.18
762.4 -65.53
762.8 -64.78
763.2 -64.95
763.6 -64.86
764.0 -64.91
764.4 -65.44
764.8 -64.84
765.2 -65.74
765.6 -66.0
766.0 -66.18
766.4 -65.17
766.8 -65.22
767.2 -65.31
767.6 -65.65
768.0 -65.24
768.4 -64.53
768.8 -64.92
769.2 -64.8
769.6 -64.98
770.0 -65.13
770.4 -65.09
770.8 -65.42
771.2 -64.51
771.6 -65.13
772.0 -64.96
772.4 -64.34
772.8 -65.94
773.2 -64.59
773.6 -65.21
774.0 -64.75
774.4 -64.36
774.8 -64.44
775.2 -64.52
775.6 -64.36
776.0 -65.19
776.4 -64.59
776.8 -64.54
777.2 -64.88
777.6 -64.91
778.0 -64.29
778.4 -64.93
778.8 -65.18
779.2 -64.96
779.6 -65.38
780.0 -64.46
780.4 -65.11
780.8 -64.77
781.2 -64.69
781.6 -64.73
782.0 -65.0
782.4 -64.4
782.8 -64.24
783.2 -64.84
783.6 -64.55
784.0 -64.81
784.4 -63.98
784.8 -64.63
785.2 -64.43
785.6 -64.43
786.0 -64.49
786.4 -65.13
786.8 -64.76
787.2 -63.79
787.6 -64.4
788.0 -65.6
788.4 -64.5
788.8 -64.2
789.2 -64.18
789.6 -64.1
790.0 -64.3
790.4 -64.89
790.8 -64.35
791.2 -65.2
791.6 -63.91
792.0 -64.85
792.4 -65.1
792.8 -64.44
793.2 -64.22
793.6 -64.07
794.0 -64.24
794.4 -64.06
794.8 -64.54
795.2 -64.29
795.6 -64.79
796.0 -64.02
796.4 -64.13
796.8 -64.88
797.2 -63.79
797.6 -63.97
798.0 -64.19
798.4 -64.62
798.8 -64.13
799.2 -63.81
799.6 -64.51
800.0 -63.85
800.4 -64.79
800.8 -64.28
801.2 -64.57
801.6 -63.58
802.0 -63.93
802.4 -64.13
802.8 -64.25
803.2 -63.59
803.6 -64.12
804.0 -63.55
804.4 -63.55
804.8 -64.05
805.2 -63.48
805.6 -63.13
806.0 -62.28
806.4 -60.5
806.8 -57.16
807.2 -53.51
807.6 -49.46
808.0 -48.14
808.4 -49.21
808.8 -49.93
809.2 -53.89
809.6 -60.88
810.0 -63.08
810.4 -63.58
810.8 -63.99
811.2 -63.61
811.6 -64.8
812.0 -64.03
812.4 -63.33
812.8 -63.46
813.2 -63.95
813.6 -64.09
814.0 -64.06
814.4 -65.0
814.8 -64.01
815.2 -63.7
815.6 -63.51
816.0 -63.98
816.4 -64.5
816.8 -64.29
817.2 -63.52
817.6 -63.87
818.0 -64.38
818.4 -63.9
818.8 -63.8
819.2 -63.97
819.6 -64.06
820.0 -64.25
820.4 -63.2
820.8 -63.44
821.2 -63.29
821.6 -64.34
822.0 -63.36
822.4 -63.78
822.8 -62.76
823.2 -63.92
823.6 -63.76
824.0 -63.24
824.4 -63.92
824.8 -63.74
825.2 -63.44
825.6 -63.66
826.0 -63.53
826.4 -64.25
826.8 -63.53
827.2 -63.9
827.6 -63.5
828.0 -63.53
828.4 -63.97
828.8 -62.8
829.2 -64.04
829.6 -64.16
830.0 -63.45
830.4 -63.57
830.8 -63.11
831.2 -63.4
831.6 -63.32
832.0 -63.8
832.4 -63.0
832.8 -63.42
833.2 -63.22
833.6 -63.24
834.0 -62.69
834.4 -63.38
834.8 -62.74
835.2 -63.19
835.6 -63.11
836.0 -63.28
836.4 -62.99
836.8 -62.92
837.2 -62.97
837.6 -63.33
838.0 -62.92
838.4 -63.23
838.8 -62.84
839.2 -63.22
839.6 -63.27
840.0 -63.2
840.4 -62.75
840.8 -62.98
841.2 -63.25
841.6 -62.88
842.0 -62.55
842.4 -62.66
842.8 -62.85
843.2 -63.01
843.6 -62.85
844.0 -62.81
844.4 -63.0
844.8 -62.94
845.2 -62.79
845.6 -62.69
846.0 -62.89
846.4 -62.66
846.8 -62.79
847.2 -62.82
847.6 -62.93
848.0 -62.67
848.4 -62.64
848.8 -62.78
849.2 -62.45
849.6 -62.79
850.0 -62.48
850.4 -62.14
850.8 -62.66
851.2 -62.49
851.6 -62.32
852.0 -62.77
852.4 -62.31
852.8 -62.75
853.2 -62.36
853.6 -62.73
854.0 -62.26
854.4 -62.48
854.8 -62.45
855.2 -62.52
855.6 -62.47
856.0 -62.58
856.4 -62.64
856.8 -62.43
857.2 -62.34
857.6 -61.88
858.0 -62.17
858.4 -62.84
858.8 -62.15
859.2 -62.0
859.6 -62.44
860.0 -62.39
860.4 -62.25
860.8 -61.93
861.2 -61.77
861.6 -62.03
862.0 -62.15
862.4 -62.14
862.8 -62.17
863.2 -62.26
863.6 -62.18
864.0 -62.02
864.4 -62.09
864.8 -62.21
865.2 -62.58
865.6 -61.92
866.0 -61.78
866.4 -62.22
866.8 -61.84
867.2 -61.77
867.6 -62.15
868.0 -61.76
868.4 -61.82
868.8 -61.72
869.2 -61.88
869.6 -62.01
870.0 -61.76
870.4 -61.72
870.8 -62.02
871.2 -61.52
871.6 -62.01
872.0 -61.65
872.4 -61.82
872.8 -61.99
873.2 -61.83
873.6 -61.35
874.0 -61.94
874.4 -62.08
874.8 -61.73
875.2 -61.82
875.6 -61.74
876.0 -61.38
876.4 -61.76
876.8 -61.81
877.2 -61.68
877.6 -61.4
878.0 -61.63
878.4 -61.69
878.8 -61.97
879.2 -61.95
879.6 -61.58
880.0 -61.8
880.4 -61.49
880.8 -61.62
881.2 -61.29
881.6 -61.63
882.0 -61.6
882.4 -61.58
882.8 -61.63
883.2 -61.34
883.6 -61.64
884.0 -61.56
884.4 -61.47
884.8 -61.41
885.2 -61.12
885.6 -61.29
886.0 -61.44
886.4 -61.53
886.8 -61.46
887.2 -61.43
887.6 -61.52
888.0 -61.55
888.4 -61.48
888.8 -61.41
889.2 -61.44
889.6 -61.46
890.0 -61.54
890.4 -61.46
890.8 -61.61
891.2 -61.39
891.6 -61.28
892.0 -61.11
892.4 -61.26
892.8 -61.51
893.2 -61.13
893.6 -61.11
894.0 -61.07
894.4 -61.12
894.8 -61.34
895.2 -61.13
895.6 -61.11
896.0 -61.01
896.4 -61.11
896.8 -61.07
897.2 -61.12
897.6 -61.28
898.0 -61.03
898.4 -60.71
898.8 -60.97
899.2 -60.72
899.6 -60.99
900.0 -60.88
900.4 -60.97
900.8 -61.09
901.2 -60.97
901.6 -61.05
902.0 -60.85
902.4 -60.85
902.8 -60.97
903.2 -60.95
903.6 -60.83
904.0 -60.7
904.4 -60.64
904.8 -60.69
905.2 -60.92
905.6 -60.71
906.0 -60.69
906.4 -60.6
906.8 -60.83
907.2 -60.32
907.6 -60.48
908.0 -60.3
908.4 -60.68
908.8 -60.76
909.2 -60.32
909.6 -60.52
910.0 -60.48
910.4 -60.6
910.8 -60.25
911.2 -60.79
911.6 -60.6
912.0 -60.36
912.4 -60.17
912.8 -60.34
913.2 -60.08
913.6 -60.33
914.0 -60.23
914.4 -60.28
914.8 -60.37
915.2 -60.03
915.6 -60.15
916.0 -60.11
916.4 -60.14
916.8 -60.02
917.2 -59.95
917.6 -59.99
918.0 -60.01
918.4 -60.0
918.8 -60.07
919.2 -59.9
919.6 -59.85
920.0 -59.9
920.4 -59.8
920.8 -59.96
921.2 -59.74
921.6 -59.91
922.0 -59.77
922.4 -59.75
922.8 -59.62
923.2 -59.87
923.6 -59.75
924.0 -59.71
924.4 -59.7
924.8 -59.54
925.2 -59.67
925.6 -59.69
926.0 -59.52
926.4 -59.48
926.8 -59.48
927.2 -59.43
927.6 -59.5
928.0 -59.45
928.4 -59.21
928.8 -59.39
929.2 -59.3
929.6 -59.35
930.0 -59.22
930.4 -59.19
930.8 -59.38
931.2 -59.33
931.6 -59.27
932.0 -59.09
932.4 -59.23
932.8 -59.21
933.2 -59.2
933.6 -59.21
934.0 -59.25
934.4 -59.1
934.8 -58.97
935.2 -59.05
935.6 -59.14
936.0 -59.13
936.4 -59.05
936.8 -59.16
937.2 -59.02
937.6 -59.04
938.0 -58.96
938.4 -58.88
938.8 -58.93
939.2 -58.81
939.6 -58.58
940.0 -58.8
940.4 -58.69
940.8 -58.76
941.2 -58.79
941.6 -58.81
942.0 -58.66
942.4 -58.74
942.8 -58.82
943.2 -58.72
943.6 -58.75
944.0 -58.73
944.4 -58.64
944.8 -58.51
945.2 -58.64
945.6 -58.53
946.0 -58.57
946.4 -58.48
946.8 -58.41
947.2 -58.58
947.6 -58.37
948.0 -58.74
948.4 -58.4
948.8 -58.37
949.2 -58.44
949.6 -58.51
950.0 -58.33
950.4 -58.38
950.8 -58.42
951.2 -58.33
951.6 -58.34
952.0 -58.53
952.4 -58.36
952.8 -58.33
953.2 -58.25
953.6 -58.18
954.0 -58.29
954.4 -58.24
954.8 -58.21
955.2 -58.38
955.6 -58.31
956.0 -58.4
956.4 -58.2
956.8 -58.2
957.2 -58.26
957.6 -58.21
958.0 -58.27
958.4 -58.21
958.8 -58.2
959.2 -58.17
959.6 -58.23
960.0 -58.14
960.4 -58.09
960.8 -58.15
961.2 -58.03
961.6 -57.99
962.0 -57.86
962.4 -58.07
962.8 -57.86
963.2 -58.03
963.6 -57.85
964.0 -57.96
964.4 -57.88
964.8 -57.81
965.2 -57.76
965.6 -57.68
966.0 -57.74
966.4 -57.74
966.8 -57.77
967.2 -57.59
967.6 -57.77
968.0 -57.64
968.4 -57.67
968.8 -57.64
969.2 -57.69
969.6 -57.69
970.0 -57.71
970.4 -57.88
970.8 -57.89
971.2 -57.67
971.6 -57.64
972.0 -57.87
972.4 -57.82
972.8 -57.75
973.2 -57.71
973.6 -57.9
974.0 -57.84
974.4 -57.83
974.8 -58.04
975.2 -57.96
975.6 -58.06
976.0 -57.98
976.4 -58.17
976.8 -58.1
977.2 -58.07
977.6 -58.12
978.0 -57.99
978.4 -58.19
978.8 -58.11
979.2 -58.17
979.6 -58.07
980.0 -58.04
980.4 -58.19
980.8 -58.0
981.2 -58.03
981.6 -57.92
982.0 -57.83
982.4 -57.84
982.8 -57.82
983.2 -57.87
983.6 -57.61
984.0 -57.75
984.4 -57.66
984.8 -57.54
985.2 -57.51
985.6 -57.38
986.0 -57.36
986.4 -57.51
986.8 -57.37
987.2 -57.34
987.6 -57.4
988.0 -57.24
988.4 -57.26
988.8 -57.19
989.2 -57.2
989.6 -57.1
990.0 -57.05
990.4 -57.06
990.8 -57.06
991.2 -57.03
991.6 -56.89
992.0 -56.96
992.4 -56.93
992.8 -56.96
993.2 -57.08
993.6 -56.95
994.0 -56.89
994.4 -56.97
994.8 -57.09
995.2 -56.95
995.6 -56.95
996.0 -57.05
996.4 -57.07
996.8 -57.01
997.2 -57.1
997.6 -57.04
998.0 -57.21
998.4 -57.09
998.8 -57.22
999.2 -57.13
999.6 -57.04
1000.0 -57.22
