600.0 -67.7
600.4 -71.15
600.8 -210.0
601.2 -210.0
601.6 -210.0
602.0 -74.72
602.4 -68.97
602.8 -81.31
603.2 -69.42
603.6 -76.58
604.0 -72.35
604.4 -70.1
604.8 -71.66
605.2 -71.46
605.6 -210.0
606.0 -71.1
606.4 -71.54
606.8 -210.0
607.2 -74.18
607.6 -72.58
608.0 -76.2
608.4 -210.0
608.8 -75.67
609.2 -73.93
609.6 -210.0
610.0 -75.23
610.4 -76.35
610.8 -210.0
611.2 -81.84
611.6 -71.65
612.0 -69.45
612.4 -210.0
612.8 -81.94
613.2 -210.0
613.6 -69.81
614.0 -74.22
614.4 -75.04
614.8 -210.0
615.2 -210.0
615.6 -71.68
616.0 -70.99
616.4 -74.36
616.8 -72.17
617.2 -78.22
617.6 -73.46
618.0 -73.21
618.4 -71.66
618.8 -71.87
619.2 -210.0
619.6 -71.73
620.0 -69.34
620.4 -72.39
620.8 -76.38
621.2 -73.4
621.6 -70.84
622.0 -72.49
622.4 -72.96
622.8 -210.0
623.2 -68.84
623.6 -71.28
624.0 -210.0
624.4 -70.59
624.8 -72.88
625.2 -73.39
625.6 -71.74
626.0 -72.13
626.4 -74.3
626.8 -78.81
627.2 -73.26
627.6 -210.0
628.0 -72.25
628.4 -73.85
628.8 -69.89
629.2 -71.79
629.6 -75.17
630.0 -69.97
630.4 -73.47
630.8 -70.26
631.2 -70.06
631.6 -71.2
632.0 -68.74
632.4 -70.49
632.8 -72.23
633.2 -69.51
633.6 -68.33
634.0 -69.3
634.4 -69.24
634.8 -70.32
635.2 -70.14
635.6 -73.4
636.0 -70.41
636.4 -72.66
636.8 -71.05
637.2 -70.5
637.6 -72.58
638.0 -68.59
638.4 -71.43
638.8 -67.78
639.2 -68.97
639.6 -72.73
640.0 -69.75
640.4 -70.24
640.8 -69.11
641.2 -71.16
641.6 -69.81
642.0 -69.13
642.4 -70.52
642.8 -70.01
643.2 -72.88
643.6 -68.43
644.0 -71.07
644.4 -68.38
644.8 -69.47
645.2 -68.63
645.6 -67.16
646.0 -67.83
646.4 -69.32
646.8 -69.87
647.2 -70.31
647.6 -68.45
648.0 -67.82
648.4 -67.76
648.8 -68.73
649.2 -66.49
649.6 -67.35
650.0 -68.32
650.4 -69.16
650.8 -68.37
651.2 -67.58
651.6 -68.82
652.0 -68.65
652.4 -67.68
652.8 -68.94
653.2 -68.71
653.6 -68.1
654.0 -67.69
654.4 -67.56
654.8 -67.53
655.2 -68.41
655.6 -67.44
656.0 -68.63
656.4 -67.93
656.8 -67.75
657.2 -68.33
657.6 -68.04
658.0 -67.3
658.4 -66.64
658.8 -66.16
659.2 -66.82
659.6 -68.14
660.0 -69.5
660.4 -67.7
660.8 -67.16
661.2 -66.9
661.6 -67.01
662.0 -67.87
662.4 -68.01
662.8 -68.01
663.2 -67.92
663.6 -67.44
664.0 -66.42
664.4 -66.87
664.8 -66.73
665.2 -66.8
665.6 -67.4
666.0 -66.11
666.4 -66.59
666.8 -66.05
667.2 -66.9
667.6 -67.74
668.0 -67.24
668.4 -65.99
668.8 -67.57
669.2 -67.32
669.6 -66.76
670.0 -66.93
670.4 -66.58
670.8 -66.85
671.2 -67.42
671.6 -66.78
672.0 -68.22
672.4 -67.21
672.8 -65.7
673.2 -67.53
673.6 -68.11
674.0 -67.65
674.4 -67.6
674.8 -66.63
675.2 -67.26
675.6 -66.81
676.0 -66.16
676.4 -65.78
676.8 -65.8
677.2 -67.45
677.6 -65.66
678.0 -66.08
678.4 -66.81
678.8 -65.81
679.2 -66.2
679.6 -66.07
680.0 -65.91
680.4 -67.09
680.8 -66.5
681.2 -65.37
681.6 -68.32
682.0 -66.73
682.4 -66.45
682.8 -65.81
683.2 -66.47
683.6 -66.17
684.0 -65.89
684.4 -66.49
684.8 -66.81
685.2 -67.47
685.6 -67.26
686.0 -65.46
686.4 -66.79
686.8 -67.41
687.2 -67.45
687.6 -65.64
688.0 -66.52
688.4 -66.79
688.8 -66.08
689.2 -67.17
689.6 -67.3
690.0 -66.52
690.4 -66.73
690.8 -65.8
691.2 -66.23
691.6 -66.13
692.0 -67.21
692.4 -65.57
692.8 -66.28
693.2 -66.2
693.6 -66.91
694.0 -66.6
694.4 -66.93
694.8 -65.6
695.2 -66.62
695.6 -66.62
696.0 -66.0
696.4 -66.05
696.8 -66.39
697.2 -66.66
697.6 -66.11
698.0 -66.26
698.4 -66.22
698.8 -65.99
699.2 -65.98
699.6 -66.98
700.0 -66.7
700.4 -65.96
700.8 -65.93
701.2 -66.35
701.6 -66.42
702.0 -66.04
702.4 -66.16
702.8 -66.09
703.2 -66.05
703.6 -66.76
704.0 -66.91
704.4 -65.81
704.8 -65.93
705.2 -67.59
705.6 -65.99
706.0 -66.35
706.4 -65.65
706.8 -64.9
707.2 -67.03
707.6 -65.73
708.0 -66.05
708.4 -66.31
708.8 -66.72
709.2 -65.86
709.6 -65.46
710.0 -65.22
710.4 -66.74
710.8 -65.87
711.2 -65.36
711.6 -65.96
712.0 -66.1
712.4 -66.03
712.8 -65.66
713.2 -66.59
713.6 -65.69
714.0 -66.51
714.4 -65.58
714.8 -66.24
715.2 -65.28
715.6 -66.02
716.0 -66.97
716.4 -65.69
716.8 -66.26
717.2 -65.61
717.6 -64.95
718.0 -65.93
718.4 -65.19
718.8 -65.95
719.2 -65.72
719.6 -66.34
720.0 -65.62
720.4 -64.84
720.8 -66.58
721.2 -66.99
721.6 -66.74
722.0 -65.21
722.4 -65.89
722.8 -65.49
723.2 -65.88
723.6 -65.65
724.0 -65.42
724.4 -65.77
724.8 -65.92
725.2 -65.72
725.6 -66.31
726.0 -65.34
726.4 -65.91
726.8 -67.48
727.2 -66.26
727.6 -65.87
728.0 -65.47
728.4 -65.79
728.8 -66.62
729.2 -65.95
729.6 -65.49
730.0 -66.65
730.4 -66.38
730.8 -65.66
731.2 -65.8
731.6 -66.77
732.0 -67.01
732.4 -65.99
732.8 -65.02
733.2 -65.71
733.6 -66.83
734.0 -65.74
734.4 -66.01
734.8 -65.77
735.2 -66.45
735.6 -66.4
736.0 -65.69
736.4 -67.3
736.8 -67.3
737.2 -65.71
737.6 -65.48
738.0 -65.48
738.4 -65.26
738.8 -66.11
739.2 -65.47
739.6 -65.28
740.0 -66.56
740.4 -65.89
740.8 -66.17
741.2 -66.85
741.6 -66.35
742.0 -65.74
742.4 -65.98
742.8 -65.31
743.2 -66.67
743.6 -65.6
744.0 -67.19
744.4 -65.89
744.8 -65.65
745.2 -66.07
745.6 -65.74
746.0 -66.95
746.4 -65.61
746.8 -66.77
747.2 -65.77
747.6 -67.17
748.0 -66.27
748.4 -65.59
748.8 -67.06
749.2 -65.97
749.6 -65.18
750.0 -65.92
750.4 -66.62
750.8 -67.04
751.2 -65.95
751.6 -65.83
752.0 -65.93
752.4 -66.38
752.8 -66.21
753.2 -66.75
753.6 -66.48
754.0 -65.94
754.4 -65.65
754.8 -65.45
755.2 -65.51
755.6 -65.61
756.0 -65.31
756.4 -65.99
756.8 -66.53
757.2 -65.23
757.6 -65.68
758.0 -65.82
758.4 -65.4
758.8 -66.85
759.2 -66.13
759.6 -66.25
760.0 -66.16
760.4 -65.9
760.8 -65.54
761.2 -66.08
761.6 -67.45
762.0 -65.46
762.4 -67.09
762.8 -65.83
763.2 -66.71
763.6 -65.59
764.0 -66.2
764.4 -66.01
764.8 -66.31
765.2 -66.44
765.6 -65.43
766.0 -66.22
766.4 -65.91
766.8 -65.69
767.2 -65.94
767.6 -65.48
768.0 -66.45
768.4 -65.82
768.8 -66.0
769.2 -66.98
769.6 -64.75
770.0 -67.06
770.4 -65.69
770.8 -65.76
771.2 -65.38
771.6 -65.84
772.0 -66.46
772.4 -66.25
772.8 -65.75
773.2 -65.94
773.6 -65.02
774.0 -66.16
774.4 -65.5
774.8 -67.4
775.2 -66.12
775.6 -65.74
776.0 -65.19
776.4 -66.57
776.8 -66.23
777.2 -65.63
777.6 -66.66
778.0 -65.55
778.4 -65.58
778.8 -66.3
779.2 -66.02
779.6 -66.65
780.0 -67.06
780.4 -65.94
780.8 -65.04
781.2 -65.61
781.6 -65.74
782.0 -65.96
782.4 -65.29
782.8 -64.97
783.2 -65.99
783.6 -65.92
784.0 -65.52
784.4 -65.48
784.8 -65.4
785.2 -65.54
785.6 -66.31
786.0 -66.02
786.4 -66.21
786.8 -65.13
787.2 -66.42
787.6 -65.5
788.0 -66.01
788.4 -65.96
788.8 -65.96
789.2 -64.96
789.6 -65.63
790.0 -65.48
790.4 -66.15
790.8 -65.44
791.2 -66.44
791.6 -65.33
792.0 -65.26
792.4 -65.16
792.8 -65.74
793.2 -65.19
793.6 -65.89
794.0 -65.05
794.4 -65.45
794.8 -65.24
795.2 -65.92
795.6 -64.82
796.0 -65.87
796.4 -65.2
796.8 -65.65
797.2 -64.69
797.6 -65.16
798.0 -65.22
798.4 -66.52
798.8 -65.38
799.2 -64.65
799.6 -65.35
800.0 -64.67
800.4 -65.48
800.8 -65.37
801.2 -65.52
801.6 -64.62
802.0 -64.83
802.4 -65.11
802.8 -64.97
803.2 -64.58
803.6 -64.01
804.0 -64.5
804.4 -64.47
804.8 -64.85
805.2 -63.78
805.6 -63.26
806.0 -63.52
806.4 -61.09
806.8 -57.88
807.2 -54.16
807.6 -50.25
808.0 -49.09
808.4 -49.91
808.8 -50.42
809.2 -54.47
809.6 -61.34
810.0 -63.06
810.4 -64.41
810.8 -64.01
811.2 -64.59
811.6 -64.95
812.0 -63.93
812.4 -64.31
812.8 -64.48
813.2 -64.55
813.6 -64.19
814.0 -64.84
814.4 -64.17
814.8 -64.11
815.2 -64.41
815.6 -63.87
816.0 -64.54
816.4 -64.69
816.8 -64.42
817.2 -64.22
817.6 -64.38
818.0 -64.01
818.4 -64.12
818.8 -64.38
819.2 -64.39
819.6 -64.71
820.0 -64.18
820.4 -64.5
820.8 -64.41
821.2 -64.37
821.6 -64.22
822.0 -63.99
822.4 -64.25
822.8 -63.99
823.2 -63.97
823.6 -63.78
824.0 -63.67
824.4 -64.84
824.8 -64.46
825.2 -65.49
825.6 -63.88
826.0 -64.55
826.4 -64.47
826.8 -64.59
827.2 -64.68
827.6 -63.96
828.0 -64.41
828.4 -64.31
828.8 -64.69
829.2 -64.04
829.6 -64.67
830.0 -64.98
830.4 -64.09
830.8 -64.32
831.2 -64.0
831.6 -64.56
832.0 -64.61
832.4 -64.84
832.8 -63.98
833.2 -64.56
833.6 -64.73
834.0 -64.07
834.4 -64.47
834.8 -64.09
835.2 -64.85
835.6 -64.36
836.0 -64.08
836.4 -63.94
836.8 -64.44
837.2 -65.5
837.6 -65.05
838.0 -65.05
838.4 -64.08
838.8 -64.68
839.2 -64.82
839.6 -64.4
840.0 -64.31
840.4 -64.86
840.8 -64.12
841.2 -64.49
841.6 -64.73
842.0 -64.47
842.4 -64.83
842.8 -65.03
843.2 -64.69
843.6 -65.2
844.0 -64.5
844.4 -64.5
844.8 -64.75
845.2 -65.67
845.6 -65.11
846.0 -65.9
846.4 -65.46
846.8 -65.19
847.2 -65.97
847.6 -64.99
848.0 -64.34
848.4 -64.55
848.8 -65.58
849.2 -65.35
849.6 -64.44
850.0 -65.12
850.4 -65.55
850.8 -65.0
851.2 -64.63
851.6 -65.21
852.0 -65.46
852.4 -65.04
852.8 -65.15
853.2 -65.97
853.6 -65.42
854.0 -65.11
854.4 -65.16
854.8 -65.71
855.2 -65.96
855.6 -66.04
856.0 -64.98
856.4 -65.53
856.8 -65.72
857.2 -65.19
857.6 -66.41
858.0 -65.8
858.4 -65.9
858.8 -65.51
859.2 -64.96
859.6 -65.46
860.0 -66.2
860.4 -64.79
860.8 -65.88
861.2 -64.78
861.6 -65.76
862.0 -65.67
862.4 -65.7
862.8 -64.83
863.2 -66.04
863.6 -66.22
864.0 -66.09
864.4 -65.87
864.8 -65.76
865.2 -65.78
865.6 -65.72
866.0 -66.77
866.4 -65.79
866.8 -66.09
867.2 -65.78
867.6 -65.56
868.0 -66.3
868.4 -66.4
868.8 -66.35
869.2 -66.03
869.6 -66.22
870.0 -65.47
870.4 -66.27
870.8 -66.3
871.2 -66.56
871.6 -65.64
872.0 -66.06
872.4 -65.86
872.8 -66.51
873.2 -67.13
873.6 -66.25
874.0 -66.52
874.4 -65.71
874.8 -65.53
875.2 -66.47
875.6 -66.46
876.0 -65.99
876.4 -66.88
876.8 -65.18
877.2 -66.26
877.6 -65.66
878.0 -66.59
878.4 -67.01
878.8 -67.55
879.2 -64.91
879.6 -67.2
880.0 -67.36
880.4 -65.96
880.8 -66.6
881.2 -66.75
881.6 -66.15
882.0 -66.64
882.4 -66.14
882.8 -66.38
883.2 -65.92
883.6 -66.63
884.0 -66.78
884.4 -66.7
884.8 -65.94
885.2 -65.84
885.6 -65.49
886.0 -66.13
886.4 -65.87
886.8 -66.03
887.2 -65.77
887.6 -67.16
888.0 -66.29
888.4 -66.15
888.8 -66.95
889.2 -65.71
889.6 -65.93
890.0 -66.35
890.4 -67.19
890.8 -67.11
891.2 -66.95
891.6 -66.57
892.0 -66.65
892.4 -66.73
892.8 -66.27
893.2 -67.13
893.6 -66.01
894.0 -65.93
894.4 -67.14
894.8 -67.2
895.2 -65.97
895.6 -66.16
896.0 -65.91
896.4 -67.25
896.8 -67.01
897.2 -66.89
897.6 -66.59
898.0 -66.6
898.4 -66.12
898.8 -66.72
899.2 -66.27
899.6 -68.16
900.0 -67.64
900.4 -67.65
900.8 -66.94
901.2 -67.15
901.6 -66.48
902.0 -67.91
902.4 -68.02
902.8 -66.72
903.2 -66.59
903.6 -69.1
904.0 -66.74
904.4 -66.37
904.8 -66.15
905.2 -66.29
905.6 -65.94
906.0 -67.32
906.4 -67.33
906.8 -67.3
907.2 -67.79
907.6 -67.61
908.0 -67.66
908.4 -67.85
908.8 -67.77
909.2 -67.65
909.6 -66.11
910.0 -67.37
910.4 -66.61
910.8 -68.41
911.2 -66.57
911.6 -67.87
912.0 -66.91
912.4 -67.35
912.8 -67.14
913.2 -67.38
913.6 -66.95
914.0 -67.84
914.4 -67.27
914.8 -66.52
915.2 -68.45
915.6 -67.44
916.0 -68.01
916.4 -68.4
916.8 -67.82
917.2 -66.4
917.6 -67.82
918.0 -68.09
918.4 -67.89
918.8 -68.41
919.2 -69.94
919.6 -68.78
920.0 -67.92
920.4 -67.73
920.8 -68.17
921.2 -67.64
921.6 -69.14
922.0 -68.69
922.4 -68.76
922.8 -67.96
923.2 -69.15
923.6 -66.78
924.0 -68.27
924.4 -68.47
924.8 -68.05
925.2 -68.19
925.6 -67.96
926.0 -68.32
926.4 -69.47
926.8 -67.9
927.2 -68.73
927.6 -67.18
928.0 -68.77
928.4 -68.17
928.8 -68.62
929.2 -67.03
929.6 -69.18
930.0 -69.2
930.4 -68.18
930.8 -68.8
931.2 -69.75
931.6 -68.94
932.0 -68.07
932.4 -70.11
932.8 -68.27
933.2 -68.75
933.6 -69.0
934.0 -69.41
934.4 -68.47
934.8 -69.71
935.2 -68.9
935.6 -68.83
936.0 -70.74
936.4 -67.96
936.8 -69.26
937.2 -70.61
937.6 -69.65
938.0 -68.2
938.4 -69.2
938.8 -70.76
939.2 -69.84
939.6 -69.0
940.0 -69.82
940.4 -67.52
940.8 -70.14
941.2 -68.27
941.6 -69.72
942.0 -70.21
942.4 -68.87
942.8 -68.81
943.2 -69.13
943.6 -69.69
944.0 -69.13
944.4 -69.46
944.8 -68.66
945.2 -69.29
945.6 -69.36
946.0 -68.88
946.4 -69.11
946.8 -68.89
947.2 -69.33
947.6 -69.18
948.0 -69.16
948.4 -68.96
948.8 -69.46
949.2 -70.18
949.6 -69.55
950.0 -69.12
950.4 -69.14
950.8 -68.1
951.2 -69.99
951.6 -69.48
952.0 -69.46
952.4 -69.17
952.8 -68.82
953.2 -69.17
953.6 -68.76
954.0 -70.09
954.4 -68.64
954.8 -69.53
955.2 -69.72
955.6 -68.73
956.0 -68.37
956.4 -70.08
956.8 -69.55
957.2 -69.16
957.6 -69.29
958.0 -69.49
958.4 -69.29
958.8 -68.86
959.2 -68.41
959.6 -68.97
960.0 -69.12
960.4 -70.74
960.8 -69.51
961.2 -69.06
961.6 -69.15
962.0 -69.23
962.4 -69.65
962.8 -68.92
963.2 -68.63
963.6 -70.09
964.0 -68.33
964.4 -68.24
964.8 -68.65
965.2 -68.06
965.6 -68.74
966.0 -68.41
966.4 -69.18
966.8 -69.27
967.2 -69.02
967.6 -69.2
968.0 -68.71
968.4 -69.16
968.8 -69.62
969.2 -68.48
969.6 -68.98
970.0 -69.16
970.4 -67.98
970.8 -68.59
971.2 -69.33
971.6 -68.46
972.0 -68.02
972.4 -68.97
972.8 -68.4
973.2 -68.85
973.6 -68.36
974.0 -68.42
974.4 -68.21
974.8 -68.45
975.2 -68.57
975.6 -68.84
976.0 -68.96
976.4 -68.42
976.8 -68.71
977.2 -68.82
977.6 -69.05
978.0 -68.4
978.4 -68.49
978.8 -68.71
979.2 -68.38
979.6 -68.54
980.0 -68.11
980.4 -67.93
980.8 -68.76
981.2 -68.44
981.6 -68.52
982.0 -68.1
982.4 -68.34
982.8 -68.36
983.2 -67.65
983.6 -67.35
984.0 -67.28
984.4 -67.48
984.8 -67.0
985.2 -67.33
985.6 -67.52
986.0 -67.13
986.4 -67.17
986.8 -66.91
987.2 -66.94
987.6 -67.13
988.0 -66.87
988.4 -66.67
988.8 -66.5
989.2 -66.78
989.6 -66.27
990.0 -66.77
990.4 -66.94
990.8 -66.62
991.2 -66.8
991.6 -66.43
992.0 -66.17
992.4 -66.32
992.8 -65.84
993.2 -66.31
993.6 -66.13
994.0 -66.13
994.4 -65.85
994.8 -65.73
995.2 -65.92
995.6 -65.65
996.0 -65.95
996.4 -65.65
996.8 -65.94
997.2 -66.14
997.6 -65.8
998.0 -66.23
998.4 -65.86
998.8 -65.77
999.2 -65.88
999.6 -65.85
1000.0 -65.41
