600.0 -76.35
600.4 -79.38
600.8 -210.0
601.2 -210.0
601.6 -210.0
602.0 -78.24
602.4 -71.5
602.8 -68.75
603.2 -210.0
603.6 -210.0
604.0 -210.0
604.4 -72.65
604.8 -210.0
605.2 -210.0
605.6 -71.49
606.0 -68.29
606.4 -70.23
606.8 -77.59
607.2 -210.0
607.6 -73.16
608.0 -210.0
608.4 -210.0
608.8 -70.56
609.2 -70.1
609.6 -74.34
610.0 -69.46
610.4 -210.0
610.8 -74.03
611.2 -74.05
611.6 -70.1
612.0 -72.11
612.4 -77.94
612.8 -210.0
613.2 -74.55
613.6 -210.0
614.0 -69.7
614.4 -74.24
614.8 -77.28
615.2 -72.53
615.6 -69.42
616.0 -75.14
616.4 -68.92
616.8 -69.86
617.2 -71.98
617.6 -70.31
618.0 -70.94
618.4 -210.0
618.8 -71.87
619.2 -73.28
619.6 -71.2
620.0 -69.8
620.4 -75.85
620.8 -71.99
621.2 -75.9
621.6 -71.32
622.0 -68.68
622.4 -70.2
622.8 -74.75
623.2 -74.77
623.6 -70.82
624.0 -78.63
624.4 -69.73
624.8 -74.87
625.2 -74.9
625.6 -73.67
626.0 -70.69
626.4 -67.98
626.8 -74.66
627.2 -71.04
627.6 -67.78
628.0 -74.73
628.4 -75.48
628.8 -70.86
629.2 -69.6
629.6 -210.0
630.0 -69.76
630.4 -73.72
630.8 -68.9
631.2 -71.17
631.6 -73.56
632.0 -71.23
632.4 -69.19
632.8 -69.22
633.2 -68.17
633.6 -71.94
634.0 -68.73
634.4 -68.61
634.8 -69.19
635.2 -70.69
635.6 -69.5
636.0 -69.28
636.4 -69.74
636.8 -71.44
637.2 -69.12
637.6 -71.64
638.0 -72.61
638.4 -68.76
638.8 -69.01
639.2 -68.68
639.6 -70.17
640.0 -70.5
640.4 -68.58
640.8 -67.37
641.2 -67.4
641.6 -69.64
642.0 -68.46
642.4 -69.03
642.8 -71.55
643.2 -67.94
643.6 -68.31
644.0 -67.27
644.4 -68.94
644.8 -68.54
645.2 -70.67
645.6 -68.32
646.0 -68.58
646.4 -67.73
646.8 -67.19
647.2 -69.26
647.6 -68.97
648.0 -68.48
648.4 -68.74
648.8 -67.95
649.2 -68.27
649.6 -67.78
650.0 -67.98
650.4 -68.81
650.8 -69.76
651.2 -69.43
651.6 -69.84
652.0 -67.41
652.4 -68.09
652.8 -69.85
653.2 -68.24
653.6 -67.69
654.0 -66.18
654.4 -67.56
654.8 -67.97
655.2 -68.62
655.6 -67.49
656.0 -67.37
656.4 -66.95
656.8 -67.37
657.2 -67.55
657.6 -67.46
658.0 -68.04
658.4 -66.99
658.8 -66.86
659.2 -67.82
659.6 -67.86
660.0 -68.61
660.4 -66.9
660.8 -67.16
661.2 -66.56
661.6 -67.09
662.0 -66.87
662.4 -66.49
662.8 -67.53
663.2 -67.65
663.6 -68.3
664.0 -66.52
664.4 -66.49
664.8 -66.66
665.2 -66.39
665.6 -68.01
666.0 -67.13
666.4 -67.28
666.8 -67.36
667.2 -66.73
667.6 -68.15
668.0 -66.73
668.4 -67.32
668.8 -67.83
669.2 -66.59
669.6 -66.3
670.0 -66.48
670.4 -67.04
670.8 -66.88
671.2 -66.47
671.6 -66.57
672.0 -67.37
672.4 -66.91
672.8 -66.62
673.2 -66.42
673.6 -67.57
674.0 -67.08
674.4 -66.57
674.8 -66.88
675.2 -67.34
675.6 -67.07
676.0 -67.33
676.4 -66.1
676.8 -66.68
677.2 -66.54
677.6 -66.86
678.0 -66.71
678.4 -66.71
678.8 -65.39
679.2 -66.04
679.6 -66.23
680.0 -66.58
680.4 -66.38
680.8 -66.4
681.2 -67.32
681.6 -65.98
682.0 -66.19
682.4 -66.13
682.8 -66.72
683.2 -66.18
683.6 -66.04
684.0 -66.01
684.4 -66.66
684.8 -66.32
685.2 -66.83
685.6 -67.1
686.0 -65.89
686.4 -65.72
686.8 -65.88
687.2 -66.19
687.6 -67.07
688.0 -66.31
688.4 -65.89
688.8 -66.17
689.2 -65.53
689.6 -66.13
690.0 -66.25
690.4 -65.66
690.8 -66.48
691.2 -66.36
691.6 -65.65
692.0 -66.49
692.4 -66.66
692.8 -66.85
693.2 -66.17
693.6 -66.13
694.0 -65.55
694.4 -66.08
694.8 -66.31
695.2 -66.51
695.6 -65.61
696.0 -66.4
696.4 -66.86
696.8 -66.46
697.2 -65.85
697.6 -65.79
698.0 -65.63
698.4 -66.02
698.8 -66.64
699.2 -66.42
699.6 -65.92
700.0 -65.72
700.4 -65.8
700.8 -65.93
701.2 -65.35
701.6 -65.79
702.0 -66.59
702.4 -65.28
702.8 -66.66
703.2 -65.27
703.6 -65.3
704.0 -67.25
704.4 -66.1
704.8 -66.03
705.2 -66.66
705.6 -65.41
706.0 -65.69
706.4 -65.9
706.8 -65.59
707.2 -66.44
707.6 -65.67
708.0 -66.29
708.4 -66.84
708.8 -64.95
709.2 -66.27
709.6 -65.89
710.0 -65.73
710.4 -65.95
710.8 -65.02
711.2 -66.04
711.6 -67.01
712.0 -65.52
712.4 -65.74
712.8 -65.73
713.2 -66.33
713.6 -65.91
714.0 -66.15
714.4 -65.9
714.8 -66.07
715.2 -66.45
715.6 -65.92
716.0 -65.96
716.4 -66.52
716.8 -65.44
717.2 -66.04
717.6 -64.8
718.0 -66.65
718.4 -65.67
718.8 -65.72
719.2 -65.63
719.6 -66.19
720.0 -65.71
720.4 -65.43
720.8 -65.96
721.2 -66.14
721.6 -65.83
722.0 -65.53
722.4 -65.75
722.8 -65.43
723.2 -66.08
723.6 -65.65
724.0 -65.7
724.4 -65.7
724.8 -66.91
725.2 -65.96
725.6 -66.17
726.0 -66.23
726.4 -65.65
726.8 -65.04
727.2 -65.94
727.6 -65.77
728.0 -66.36
728.4 -65.54
728.8 -65.75
729.2 -66.16
729.6 -66.02
730.0 -66.01
730.4 -66.65
730.8 -66.18
731.2 -66.11
731.6 -65.83
732.0 -65.96
732.4 -66.06
732.8 -66.32
733.2 -65.91
733.6 -65.3
734.0 -65.55
734.4 -65.23
734.8 -66.82
735.2 -66.22
735.6 -65.72
736.0 -65.56
736.4 -67.69
736.8 -67.15
737.2 -65.85
737.6 -65.84
738.0 -65.84
738.4 -65.67
738.8 -65.79
739.2 -66.3
739.6 -65.28
740.0 -65.75
740.4 -65.82
740.8 -66.06
741.2 -65.57
741.6 -65.26
742.0 -66.05
742.4 -66.31
742.8 -65.7
743.2 -65.76
743.6 -66.5
744.0 -65.89
744.4 -66.0
744.8 -65.86
745.2 -65.93
745.6 -65.95
746.0 -65.54
746.4 -65.58
746.8 -65.42
747.2 -65.53
747.6 -65.94
748.0 -65.38
748.4 -65.4
748.8 -65.76
749.2 -66.11
749.6 -66.0
750.0 -66.41
750.4 -65.92
750.8 -66.56
751.2 -66.69
751.6 -66.05
752.0 -65.86
752.4 -65.65
752.8 -66.49
753.2 -67.35
753.6 -66.24
754.0 -65.56
754.4 -65.9
754.8 -66.27
755.2 -65.61
755.6 -65.61
756.0 -65.88
756.4 -65.67
756.8 -66.87
757.2 -65.98
757.6 -66.95
758.0 -66.08
758.4 -66.22
758.8 -66.14
759.2 -65.95
759.6 -66.45
760.0 -66.88
760.4 -66.44
760.8 -65.89
761.2 -66.31
761.6 -66.87
762.0 -65.02
762.4 -64.73
762.8 -65.49
763.2 -65.45
763.6 -66.21
764.0 -65.22
764.4 -65.41
764.8 -66.52
765.2 -65.6
765.6 -66.0
766.0 -66.1
766.4 -65.56
766.8 -64.88
767.2 -65.65
767.6 -64.85
768.0 -66.12
768.4 -65.24
768.8 -67.12
769.2 -64.92
769.6 -66.07
770.0 -65.95
770.4 -65.25
770.8 -66.3
771.2 -65.19
771.6 -66.64
772.0 -64.93
772.4 -65.94
772.8 -65.58
773.2 -65.86
773.6 -65.54
774.0 -66.24
774.4 -66.9
774.8 -65.6
775.2 -65.53
775.6 -65.2
776.0 -65.06
776.4 -65.29
776.8 -65.63
777.2 -65.81
777.6 -65.7
778.0 -65.8
778.4 -66.74
778.8 -66.35
779.2 -66.6
779.6 -66.1
780.0 -65.27
780.4 -66.09
780.8 -65.37
781.2 -66.25
781.6 -66.86
782.0 -65.93
782.4 -64.68
782.8 -65.42
783.2 -66.23
783.6 -65.18
784.0 -65.48
784.4 -65.95
784.8 -64.66
785.2 -65.54
785.6 -64.66
786.0 -65.94
786.4 -65.5
786.8 -65.19
787.2 -65.75
787.6 -65.86
788.0 -64.34
788.4 -65.03
788.8 -65.66
789.2 -64.99
789.6 -64.96
790.0 -65.27
790.4 -65.65
790.8 -64.77
791.2 -64.37
791.6 -64.88
792.0 -64.76
792.4 -63.98
792.8 -64.2
793.2 -65.53
793.6 -64.9
794.0 -65.59
794.4 -64.8
794.8 -65.11
795.2 -65.24
795.6 -65.58
796.0 -65.33
796.4 -65.33
796.8 -64.67
797.2 -64.93
797.6 -65.29
798.0 -64.97
798.4 -65.18
798.8 -65.52
799.2 -65.08
799.6 -64.65
800.0 -64.61
800.4 -64.39
800.8 -64.5
801.2 -64.11
801.6 -64.54
802.0 -64.89
802.4 -64.77
802.8 -64.97
803.2 -64.33
803.6 -65.43
804.0 -64.05
804.4 -64.76
804.8 -63.42
805.2 -64.13
805.6 -64.6
806.0 -63.54
806.4 -61.09
806.8 -57.89
807.2 -54.04
807.6 -50.25
808.0 -48.87
808.4 -49.8
808.8 -50.41
809.2 -54.34
809.6 -61.29
810.0 -63.24
810.4 -64.07
810.8 -63.43
811.2 -64.24
811.6 -64.17
812.0 -64.7
812.4 -64.03
812.8 -64.37
813.2 -64.25
813.6 -64.24
814.0 -64.26
814.4 -64.2
814.8 -63.93
815.2 -64.58
815.6 -64.16
816.0 -64.0
816.4 -63.85
816.8 -64.86
817.2 -63.5
817.6 -64.26
818.0 -64.08
818.4 -64.27
818.8 -64.38
819.2 -64.47
819.6 -64.14
820.0 -64.99
820.4 -64.07
820.8 -63.42
821.2 -64.69
821.6 -63.95
822.0 -64.06
822.4 -64.03
822.8 -64.92
823.2 -64.28
823.6 -64.38
824.0 -63.84
824.4 -64.01
824.8 -64.88
825.2 -64.2
825.6 -64.06
826.0 -63.87
826.4 -64.04
826.8 -64.32
827.2 -64.26
827.6 -64.18
828.0 -64.43
828.4 -64.38
828.8 -64.09
829.2 -64.36
829.6 -64.52
830.0 -64.55
830.4 -63.77
830.8 -64.12
831.2 -63.96
831.6 -63.91
832.0 -64.49
832.4 -63.91
832.8 -64.22
833.2 -64.1
833.6 -64.52
834.0 -64.24
834.4 -64.0
834.8 -63.93
835.2 -63.75
835.6 -63.6
836.0 -63.54
836.4 -64.21
836.8 -64.05
837.2 -64.65
837.6 -64.39
838.0 -63.95
838.4 -64.06
838.8 -64.63
839.2 -64.25
839.6 -64.74
840.0 -64.31
840.4 -64.81
840.8 -64.95
841.2 -64.47
841.6 -65.04
842.0 -65.02
842.4 -64.42
842.8 -65.1
843.2 -64.72
843.6 -64.26
844.0 -64.18
844.4 -65.82
844.8 -64.97
845.2 -64.6
845.6 -65.0
846.0 -64.47
846.4 -64.77
846.8 -64.82
847.2 -63.94
847.6 -64.11
848.0 -65.1
848.4 -64.15
848.8 -65.35
849.2 -64.81
849.6 -65.3
850.0 -64.8
850.4 -65.37
850.8 -65.52
851.2 -64.85
851.6 -65.08
852.0 -65.06
852.4 -65.21
852.8 -64.62
853.2 -65.27
853.6 -65.42
854.0 -64.32
854.4 -65.62
854.8 -65.41
855.2 -65.62
855.6 -65.1
856.0 -64.65
856.4 -64.98
856.8 -64.62
857.2 -65.42
857.6 -64.97
858.0 -65.14
858.4 -65.7
858.8 -65.99
859.2 -65.18
859.6 -64.85
860.0 -65.32
860.4 -65.15
860.8 -65.09
861.2 -65.71
861.6 -65.03
862.0 -65.46
862.4 -65.2
862.8 -65.66
863.2 -65.66
863.6 -65.31
864.0 -65.88
864.4 -65.84
864.8 -65.22
865.2 -65.89
865.6 -65.72
866.0 -65.92
866.4 -65.17
866.8 -65.33
867.2 -65.27
867.6 -64.71
868.0 -65.47
868.4 -65.26
868.8 -65.4
869.2 -65.35
869.6 -66.03
870.0 -64.94
870.4 -65.33
870.8 -65.69
871.2 -65.62
871.6 -65.75
872.0 -65.13
872.4 -66.51
872.8 -66.58
873.2 -65.73
873.6 -65.23
874.0 -64.93
874.4 -66.37
874.8 -64.83
875.2 -66.33
875.6 -65.58
876.0 -65.99
876.4 -65.95
876.8 -65.47
877.2 -64.99
877.6 -65.61
878.0 -65.34
878.4 -66.21
878.8 -66.17
879.2 -66.03
879.6 -66.16
880.0 -65.71
880.4 -66.32
880.8 -66.28
881.2 -66.22
881.6 -65.0
882.0 -65.23
882.4 -66.07
882.8 -64.92
883.2 -65.76
883.6 -65.53
884.0 -65.47
884.4 -65.3
884.8 -65.57
885.2 -65.49
885.6 -66.16
886.0 -65.84
886.4 -66.33
886.8 -66.13
887.2 -66.29
887.6 -64.9
888.0 -65.65
888.4 -65.54
888.8 -65.65
889.2 -65.99
889.6 -66.25
890.0 -65.47
890.4 -65.61
890.8 -65.42
891.2 -64.92
891.6 -66.05
892.0 -65.43
892.4 -65.4
892.8 -66.34
893.2 -65.95
893.6 -67.09
894.0 -65.71
894.4 -67.02
894.8 -65.9
895.2 -65.35
895.6 -65.46
896.0 -66.84
896.4 -65.61
896.8 -66.38
897.2 -66.78
897.6 -65.29
898.0 -66.5
898.4 -67.06
898.8 -65.56
899.2 -66.23
899.6 -65.94
900.0 -66.66
900.4 -66.89
900.8 -66.36
901.2 -66.27
901.6 -65.95
902.0 -66.49
902.4 -67.25
902.8 -66.68
903.2 -65.75
903.6 -66.35
904.0 -67.41
904.4 -67.17
904.8 -66.24
905.2 -65.43
905.6 -67.4
906.0 -65.89
906.4 -66.21
906.8 -66.73
907.2 -67.0
907.6 -66.1
908.0 -66.54
908.4 -66.16
908.8 -66.46
909.2 -66.96
909.6 -67.56
910.0 -66.62
910.4 -66.54
910.8 -66.69
911.2 -67.59
911.6 -66.02
912.0 -66.74
912.4 -66.55
912.8 -66.81
913.2 -66.62
913.6 -66.5
914.0 -67.15
914.4 -67.72
914.8 -67.22
915.2 -66.11
915.6 -66.24
916.0 -67.75
916.4 -66.59
916.8 -67.04
917.2 -66.92
917.6 -66.84
918.0 -66.92
918.4 -66.3
918.8 -66.5
919.2 -66.67
919.6 -67.53
920.0 -67.11
920.4 -67.53
920.8 -67.92
921.2 -67.53
921.6 -66.98
922.0 -68.64
922.4 -67.55
922.8 -68.13
923.2 -67.05
923.6 -67.67
924.0 -66.76
924.4 -67.21
924.8 -67.85
925.2 -67.48
925.6 -66.45
926.0 -67.63
926.4 -67.16
926.8 -68.06
927.2 -67.95
927.6 -67.52
928.0 -67.51
928.4 -67.25
928.8 -68.49
929.2 -67.63
929.6 -66.05
930.0 -67.93
930.4 -67.09
930.8 -68.24
931.2 -67.62
931.6 -66.9
932.0 -67.92
932.4 -66.95
932.8 -67.75
933.2 -67.87
933.6 -67.61
934.0 -67.12
934.4 -66.58
934.8 -67.25
935.2 -67.46
935.6 -67.02
936.0 -68.51
936.4 -67.49
936.8 -70.04
937.2 -68.27
937.6 -68.07
938.0 -66.46
938.4 -68.22
938.8 -67.02
939.2 -67.16
939.6 -67.99
940.0 -68.89
940.4 -68.11
940.8 -68.06
941.2 -68.13
941.6 -67.94
942.0 -67.46
942.4 -69.21
942.8 -68.18
943.2 -67.88
943.6 -68.16
944.0 -67.67
944.4 -67.98
944.8 -68.07
945.2 -68.3
945.6 -68.67
946.0 -67.56
946.4 -67.79
946.8 -67.84
947.2 -68.38
947.6 -68.76
948.0 -68.42
948.4 -68.16
948.8 -69.38
949.2 -67.81
949.6 -68.36
950.0 -67.6
950.4 -67.68
950.8 -67.95
951.2 -67.86
951.6 -68.33
952.0 -67.98
952.4 -68.31
952.8 -68.23
953.2 -67.45
953.6 -68.66
954.0 -68.06
954.4 -69.05
954.8 -67.96
955.2 -67.74
955.6 -67.55
956.0 -67.83
956.4 -68.04
956.8 -67.84
957.2 -68.14
957.6 -68.24
958.0 -67.55
958.4 -68.34
958.8 -68.0
959.2 -67.58
959.6 -67.7
960.0 -67.55
960.4 -67.24
960.8 -67.3
961.2 -67.52
961.6 -67.35
962.0 -67.84
962.4 -67.71
962.8 -67.62
963.2 -67.17
963.6 -67.65
964.0 -67.79
964.4 -67.43
964.8 -67.82
965.2 -67.18
965.6 -66.84
966.0 -67.34
966.4 -67.15
966.8 -66.93
967.2 -67.69
967.6 -67.0
968.0 -67.52
968.4 -67.54
968.8 -67.02
969.2 -67.2
969.6 -67.42
970.0 -67.25
970.4 -67.35
970.8 -67.16
971.2 -67.17
971.6 -67.42
972.0 -66.7
972.4 -67.96
972.8 -67.71
973.2 -67.25
973.6 -67.04
974.0 -67.57
974.4 -66.81
974.8 -67.08
975.2 -66.91
975.6 -67.49
976.0 -67.42
976.4 -67.65
976.8 -66.94
977.2 -67.35
977.6 -68.26
978.0 -67.8
978.4 -67.27
978.8 -67.59
979.2 -67.26
979.6 -67.01
980.0 -66.53
980.4 -66.99
980.8 -66.98
981.2 -67.15
981.6 -67.46
982.0 -66.84
982.4 -67.14
982.8 -66.68
983.2 -66.76
983.6 -66.53
984.0 -66.78
984.4 -66.55
984.8 -67.14
985.2 -66.6
985.6 -66.64
986.0 -66.36
986.4 -66.8
986.8 -65.97
987.2 -66.23
987.6 -66.62
988.0 -66.79
988.4 -66.4
988.8 -66.26
989.2 -65.84
989.6 -66.1
990.0 -66.21
990.4 -66.46
990.8 -65.75
991.2 -66.05
991.6 -65.89
992.0 -65.46
992.4 -65.38
992.8 -65.59
993.2 -65.78
993.6 -65.35
994.0 -65.4
994.4 -65.22
994.8 -65.06
995.2 -64.96
995.6 -65.21
996.0 -65.47
996.4 -65.23
996.8 -65.24
997.2 -65.11
997.6 -65.34
998.0 -65.17
998.4 -64.95
998.8 -64.93
999.2 -65.14
999.6 -64.86
1000.0 -64.72
