600.0 -210.0
600.4 -73.74
600.8 -72.42
601.2 -75.17
601.6 -210.0
602.0 -71.96
602.4 -74.29
602.8 -73.52
603.2 -210.0
603.6 -75.91
604.0 -72.63
604.4 -70.8
604.8 -210.0
605.2 -71.24
605.6 -69.72
606.0 -210.0
606.4 -71.76
606.8 -75.54
607.2 -69.54
607.6 -76.84
608.0 -71.43
608.4 -210.0
608.8 -74.71
609.2 -71.5
609.6 -210.0
610.0 -71.16
610.4 -210.0
610.8 -210.0
611.2 -75.3
611.6 -210.0
612.0 -75.35
612.4 -77.94
612.8 -84.95
613.2 -210.0
613.6 -77.21
614.0 -210.0
614.4 -210.0
614.8 -75.07
615.2 -77.3
615.6 -210.0
616.0 -85.14
616.4 -74.36
616.8 -70.26
617.2 -210.0
617.6 -70.6
618.0 -69.02
618.4 -73.23
618.8 -210.0
619.2 -73.28
619.6 -210.0
620.0 -210.0
620.4 -85.4
620.8 -75.0
621.2 -79.42
621.6 -210.0
622.0 -71.52
622.4 -75.1
622.8 -76.51
623.2 -82.56
623.6 -72.81
624.0 -71.81
624.4 -76.61
624.8 -71.69
625.2 -73.14
625.6 -73.67
626.0 -74.28
626.4 -76.73
626.8 -73.24
627.2 -210.0
627.6 -78.06
628.0 -75.45
628.4 -76.86
628.8 -210.0
629.2 -210.0
629.6 -81.19
630.0 -69.66
630.4 -74.26
630.8 -74.01
631.2 -81.31
631.6 -73.81
632.0 -69.91
632.4 -72.2
632.8 -71.73
633.2 -69.08
633.6 -74.49
634.0 -73.28
634.4 -69.98
634.8 -74.58
635.2 -210.0
635.6 -72.6
636.0 -72.82
636.4 -75.67
636.8 -86.5
637.2 -210.0
637.6 -210.0
638.0 -74.82
638.4 -77.58
638.8 -71.59
639.2 -70.65
639.6 -210.0
640.0 -71.68
640.4 -70.98
640.8 -71.25
641.2 -73.84
641.6 -72.11
642.0 -69.67
642.4 -83.95
642.8 -72.85
643.2 -70.69
643.6 -73.45
644.0 -71.78
644.4 -74.13
644.8 -75.71
645.2 -78.17
645.6 -70.62
646.0 -72.96
646.4 -70.33
646.8 -69.95
647.2 -71.94
647.6 -70.44
648.0 -73.14
648.4 -74.07
648.8 -71.1
649.2 -71.03
649.6 -70.12
650.0 -75.06
650.4 -76.82
650.8 -70.46
651.2 -73.82
651.6 -70.9
652.0 -71.09
652.4 -71.84
652.8 -72.19
653.2 -69.0
653.6 -70.83
654.0 -71.11
654.4 -71.96
654.8 -69.66
655.2 -71.74
655.6 -70.33
656.0 -68.69
656.4 -69.6
656.8 -70.34
657.2 -70.52
657.6 -69.82
658.0 -210.0
658.4 -71.76
658.8 -72.24
659.2 -69.62
659.6 -68.71
660.0 -78.66
660.4 -69.77
660.8 -68.77
661.2 -69.31
661.6 -69.63
662.0 -72.78
662.4 -69.5
662.8 -70.97
663.2 -68.83
663.6 -71.67
664.0 -71.46
664.4 -71.07
664.8 -72.01
665.2 -69.43
665.6 -70.88
666.0 -68.72
666.4 -71.57
666.8 -70.29
667.2 -72.01
667.6 -70.88
668.0 -70.62
668.4 -69.24
668.8 -71.26
669.2 -73.72
669.6 -72.01
670.0 -68.39
670.4 -72.0
670.8 -69.89
671.2 -69.16
671.6 -69.97
672.0 -69.15
672.4 -69.74
672.8 -70.02
673.2 -67.4
673.6 -68.62
674.0 -68.89
674.4 -70.32
674.8 -70.23
675.2 -73.16
675.6 -70.56
676.0 -70.3
676.4 -70.72
676.8 -69.29
677.2 -69.16
677.6 -69.62
678.0 -70.28
678.4 -69.82
678.8 -70.04
679.2 -69.81
679.6 -69.27
680.0 -70.86
680.4 -71.46
680.8 -68.65
681.2 -68.44
681.6 -69.71
682.0 -68.75
682.4 -70.4
682.8 -71.42
683.2 -69.22
683.6 -68.04
684.0 -67.28
684.4 -68.77
684.8 -68.55
685.2 -68.82
685.6 -70.36
686.0 -68.01
686.4 -68.75
686.8 -68.86
687.2 -69.79
687.6 -70.58
688.0 -68.56
688.4 -67.98
688.8 -68.72
689.2 -69.68
689.6 -68.49
690.0 -68.65
690.4 -68.52
690.8 -68.69
691.2 -68.74
691.6 -68.19
692.0 -68.91
692.4 -67.59
692.8 -70.01
693.2 -70.97
693.6 -68.06
694.0 -69.07
694.4 -68.19
694.8 -68.3
695.2 -70.13
695.6 -68.4
696.0 -68.79
696.4 -68.22
696.8 -68.6
697.2 -69.02
697.6 -68.83
698.0 -69.85
698.4 -68.24
698.8 -67.98
699.2 -70.24
699.6 -69.53
700.0 -67.86
700.4 -67.75
700.8 -68.6
701.2 -68.48
701.6 -68.48
702.0 -68.35
702.4 -68.13
702.8 -66.97
703.2 -69.93
703.6 -68.8
704.0 -68.73
704.4 -68.78
704.8 -68.43
705.2 -69.03
705.6 -68.71
706.0 -67.82
706.4 -68.28
706.8 -68.17
707.2 -68.44
707.6 -69.64
708.0 -67.06
708.4 -67.68
708.8 -68.98
709.2 -68.08
709.6 -68.78
710.0 -67.91
710.4 -67.47
710.8 -66.81
711.2 -67.9
711.6 -67.89
712.0 -67.64
712.4 -67.31
712.8 -67.35
713.2 -66.3
713.6 -67.25
714.0 -67.43
714.4 -67.61
714.8 -67.76
715.2 -67.7
715.6 -68.71
716.0 -69.03
716.4 -66.67
716.8 -67.0
717.2 -66.47
717.6 -67.44
718.0 -68.49
718.4 -67.2
718.8 -67.56
719.2 -67.81
719.6 -68.48
720.0 -68.07
720.4 -68.24
720.8 -67.45
721.2 -66.91
721.6 -67.17
722.0 -66.49
722.4 -67.89
722.8 -68.04
723.2 -67.43
723.6 -68.44
724.0 -68.49
724.4 -66.04
724.8 -66.46
725.2 -67.41
725.6 -68.8
726.0 -67.21
726.4 -66.86
726.8 -67.34
727.2 -68.91
727.6 -67.68
728.0 -67.42
728.4 -68.51
728.8 -67.32
729.2 -67.41
729.6 -66.74
730.0 -67.31
730.4 -66.65
730.8 -67.35
731.2 -66.6
731.6 -66.6
732.0 -66.63
732.4 -66.21
732.8 -67.29
733.2 -66.66
733.6 -68.4
734.0 -67.28
734.4 -67.71
734.8 -67.98
735.2 -66.3
735.6 -66.98
736.0 -67.86
736.4 -67.59
736.8 -67.91
737.2 -67.49
737.6 -66.96
738.0 -67.84
738.4 -67.14
738.8 -67.73
739.2 -68.0
739.6 -66.78
740.0 -69.37
740.4 -67.51
740.8 -69.22
741.2 -66.02
741.6 -66.89
742.0 -66.43
742.4 -67.02
742.8 -67.49
743.2 -67.7
743.6 -66.23
744.0 -66.74
744.4 -66.91
744.8 -66.53
745.2 -68.13
745.6 -66.82
746.0 -68.06
746.4 -66.82
746.8 -66.65
747.2 -67.56
747.6 -67.31
748.0 -68.05
748.4 -66.63
748.8 -66.71
749.2 -67.02
749.6 -67.66
750.0 -67.75
750.4 -66.49
750.8 -67.48
751.2 -66.73
751.6 -65.12
752.0 -67.56
752.4 -66.84
752.8 -66.79
753.2 -67.45
753.6 -66.52
754.0 -66.32
754.4 -66.6
754.8 -68.34
755.2 -66.0
755.6 -66.26
756.0 -66.88
756.4 -65.81
756.8 -66.32
757.2 -66.28
757.6 -67.76
758.0 -66.27
758.4 -66.03
758.8 -66.34
759.2 -66.13
759.6 -65.84
760.0 -67.52
760.4 -67.11
760.8 -67.06
761.2 -68.45
761.6 -66.35
762.0 -65.67
762.4 -66.9
762.8 -67.23
763.2 -65.76
763.6 -66.67
764.0 -68.1
764.4 -65.38
764.8 -67.36
765.2 -66.27
765.6 -66.44
766.0 -66.22
766.4 -66.82
766.8 -66.59
767.2 -67.39
767.6 -66.72
768.0 -66.08
768.4 -65.4
768.8 -65.88
769.2 -66.61
769.6 -65.81
770.0 -66.97
770.4 -65.19
770.8 -66.92
771.2 -65.87
771.6 -65.91
772.0 -66.09
772.4 -65.65
772.8 -66.5
773.2 -65.18
773.6 -66.05
774.0 -67.04
774.4 -66.67
774.8 -68.75
775.2 -66.62
775.6 -65.11
776.0 -66.19
776.4 -66.94
776.8 -65.7
777.2 -66.15
777.6 -65.77
778.0 -65.51
778.4 -66.18
778.8 -65.83
779.2 -66.47
779.6 -66.18
780.0 -65.47
780.4 -65.64
780.8 -67.53
781.2 -65.82
781.6 -66.37
782.0 -65.53
782.4 -65.89
782.8 -65.81
783.2 -66.23
783.6 -66.19
784.0 -65.45
784.4 -65.69
784.8 -65.4
785.2 -65.4
785.6 -66.65
786.0 -65.76
786.4 -64.91
786.8 -66.01
787.2 -65.26
787.6 -65.86
788.0 -65.75
788.4 -65.18
788.8 -65.35
789.2 -64.81
789.6 -64.52
790.0 -64.54
790.4 -66.67
790.8 -65.84
791.2 -65.5
791.6 -66.35
792.0 -65.1
792.4 -66.31
792.8 -65.93
793.2 -65.67
793.6 -65.39
794.0 -65.77
794.4 -65.7
794.8 -65.85
795.2 -64.89
795.6 -65.17
796.0 -67.06
796.4 -66.28
796.8 -65.61
797.2 -65.06
797.6 -65.19
798.0 -65.94
798.4 -65.67
798.8 -65.67
799.2 -65.67
799.6 -65.63
800.0 -64.61
800.4 -65.62
800.8 -65.27
801.2 -65.45
801.6 -65.28
802.0 -65.35
802.4 -65.7
802.8 -65.94
803.2 -64.49
803.6 -65.5
804.0 -65.17
804.4 -66.07
804.8 -64.98
805.2 -65.01
805.6 -63.56
806.0 -63.65
806.4 -61.47
806.8 -58.04
807.2 -54.33
807.6 -50.46
808.0 -49.04
808.4 -49.96
808.8 -50.55
809.2 -54.16
809.6 -62.12
810.0 -64.22
810.4 -64.15
810.8 -64.97
811.2 -65.64
811.6 -65.24
812.0 -65.21
812.4 -64.31
812.8 -65.16
813.2 -64.77
813.6 -65.12
814.0 -65.69
814.4 -64.76
814.8 -65.53
815.2 -65.3
815.6 -64.53
816.0 -65.66
816.4 -65.77
816.8 -65.43
817.2 -64.99
817.6 -65.19
818.0 -64.88
818.4 -65.56
818.8 -64.99
819.2 -65.44
819.6 -65.82
820.0 -65.21
820.4 -64.58
820.8 -65.59
821.2 -64.91
821.6 -65.62
822.0 -65.18
822.4 -64.74
822.8 -64.83
823.2 -65.72
823.6 -65.24
824.0 -64.66
824.4 -65.12
824.8 -65.05
825.2 -65.15
825.6 -65.14
826.0 -65.15
826.4 -65.03
826.8 -64.32
827.2 -66.08
827.6 -64.67
828.0 -64.84
828.4 -64.6
828.8 -64.46
829.2 -64.92
829.6 -65.09
830.0 -65.04
830.4 -65.32
830.8 -64.86
831.2 -64.89
831.6 -65.26
832.0 -65.83
832.4 -64.41
832.8 -65.08
833.2 -64.61
833.6 -64.59
834.0 -64.01
834.4 -64.47
834.8 -64.37
835.2 -64.04
835.6 -64.11
836.0 -63.81
836.4 -63.99
836.8 -64.15
837.2 -64.24
837.6 -64.93
838.0 -64.32
838.4 -64.17
838.8 -64.14
839.2 -63.97
839.6 -64.54
840.0 -64.45
840.4 -63.77
840.8 -63.95
841.2 -63.88
841.6 -64.1
842.0 -63.9
842.4 -63.89
842.8 -64.4
843.2 -64.94
843.6 -63.64
844.0 -64.4
844.4 -63.82
844.8 -63.77
845.2 -63.79
845.6 -63.63
846.0 -64.43
846.4 -63.45
846.8 -63.91
847.2 -63.52
847.6 -64.5
848.0 -63.85
848.4 -64.16
848.8 -64.11
849.2 -64.3
849.6 -63.96
850.0 -63.48
850.4 -63.27
850.8 -63.68
851.2 -64.07
851.6 -63.32
852.0 -63.59
852.4 -63.9
852.8 -63.96
853.2 -63.28
853.6 -63.77
854.0 -63.24
854.4 -63.37
854.8 -63.06
855.2 -63.55
855.6 -63.54
856.0 -63.46
856.4 -64.1
856.8 -63.52
857.2 -62.92
857.6 -63.38
858.0 -63.5
858.4 -63.85
858.8 -62.88
859.2 -62.85
859.6 -62.91
860.0 -63.06
860.4 -63.14
860.8 -63.19
861.2 -63.1
861.6 -63.16
862.0 -63.07
862.4 -63.03
862.8 -63.0
863.2 -62.96
863.6 -62.98
864.0 -62.84
864.4 -63.15
864.8 -63.34
865.2 -62.54
865.6 -63.0
866.0 -62.85
866.4 -62.8
866.8 -63.04
867.2 -63.35
867.6 -63.2
868.0 -62.88
868.4 -62.93
868.8 -63.01
869.2 -62.71
869.6 -63.29
870.0 -62.55
870.4 -62.76
870.8 -62.97
871.2 -62.87
871.6 -62.66
872.0 -62.88
872.4 -62.55
872.8 -62.66
873.2 -62.81
873.6 -62.47
874.0 -62.43
874.4 -62.46
874.8 -62.52
875.2 -62.83
875.6 -62.63
876.0 -62.84
876.4 -62.63
876.8 -62.61
877.2 -62.79
877.6 -63.02
878.0 -62.05
878.4 -62.82
878.8 -62.81
879.2 -62.13
879.6 -62.49
880.0 -62.48
880.4 -61.89
880.8 -62.53
881.2 -62.48
881.6 -62.34
882.0 -61.99
882.4 -61.87
882.8 -62.62
883.2 -62.19
883.6 -62.19
884.0 -62.4
884.4 -62.36
884.8 -61.93
885.2 -61.98
885.6 -62.31
886.0 -62.35
886.4 -62.42
886.8 -62.27
887.2 -61.62
887.6 -62.19
888.0 -61.99
888.4 -62.36
888.8 -62.37
889.2 -62.34
889.6 -62.1
890.0 -61.94
890.4 -62.06
890.8 -61.79
891.2 -62.13
891.6 -61.85
892.0 -61.53
892.4 -61.91
892.8 -62.08
893.2 -61.99
893.6 -62.13
894.0 -62.09
894.4 -61.46
894.8 -62.27
895.2 -62.17
895.6 -61.64
896.0 -61.54
896.4 -62.27
896.8 -62.16
897.2 -62.13
897.6 -61.61
898.0 -61.75
898.4 -61.66
898.8 -61.75
899.2 -61.72
899.6 -61.63
900.0 -61.89
900.4 -61.89
900.8 -61.56
901.2 -61.96
901.6 -61.65
902.0 -61.75
902.4 -61.98
902.8 -62.01
903.2 -61.92
903.6 -61.6
904.0 -61.74
904.4 -61.48
904.8 -61.75
905.2 -61.74
905.6 -61.45
906.0 -61.4
906.4 -61.66
906.8 -61.35
907.2 -61.4
907.6 -61.84
908.0 -61.66
908.4 -61.78
908.8 -61.67
909.2 -61.34
909.6 -61.54
910.0 -61.34
910.4 -61.24
910.8 -61.62
911.2 -61.23
911.6 -61.35
912.0 -61.06
912.4 -61.2
912.8 -61.08
913.2 -61.18
913.6 -61.14
914.0 -61.11
914.4 -61.1
914.8 -61.39
915.2 -61.2
915.6 -60.97
916.0 -61.11
916.4 -61.3
916.8 -60.99
917.2 -61.1
917.6 -61.15
918.0 -61.02
918.4 -61.11
918.8 -61.35
919.2 -60.91
919.6 -61.12
920.0 -61.13
920.4 -61.02
920.8 -61.11
921.2 -60.94
921.6 -60.87
922.0 -61.09
922.4 -60.67
922.8 -61.01
923.2 -60.77
923.6 -60.61
924.0 -60.98
924.4 -60.69
924.8 -61.11
925.2 -60.62
925.6 -60.89
926.0 -60.94
926.4 -60.68
926.8 -60.85
927.2 -60.67
927.6 -60.68
928.0 -60.67
928.4 -60.7
928.8 -60.89
929.2 -60.53
929.6 -60.53
930.0 -60.56
930.4 -60.73
930.8 -60.63
931.2 -60.49
931.6 -60.38
932.0 -60.54
932.4 -60.46
932.8 -60.41
933.2 -60.34
933.6 -60.37
934.0 -60.55
934.4 -60.45
934.8 -60.43
935.2 -60.47
935.6 -60.62
936.0 -60.26
936.4 -60.33
936.8 -60.25
937.2 -60.45
937.6 -60.4
938.0 -60.09
938.4 -60.23
938.8 -60.48
939.2 -60.09
939.6 -60.09
940.0 -60.04
940.4 -60.07
940.8 -59.97
941.2 -60.1
941.6 -60.22
942.0 -60.21
942.4 -60.32
942.8 -60.02
943.2 -60.08
943.6 -60.17
944.0 -59.92
944.4 -59.84
944.8 -59.98
945.2 -60.0
945.6 -59.92
946.0 -59.98
946.4 -59.85
946.8 -60.0
947.2 -59.93
947.6 -59.95
948.0 -60.14
948.4 -59.97
948.8 -60.01
949.2 -59.93
949.6 -59.88
950.0 -59.97
950.4 -59.89
950.8 -59.85
951.2 -59.75
951.6 -59.85
952.0 -59.93
952.4 -59.89
952.8 -59.61
953.2 -59.69
953.6 -59.77
954.0 -59.97
954.4 -59.84
954.8 -59.69
955.2 -59.5
955.6 -59.66
956.0 -59.54
956.4 -59.57
956.8 -59.67
957.2 -59.66
957.6 -59.52
958.0 -59.8
958.4 -59.44
958.8 -59.6
959.2 -59.51
959.6 -59.6
960.0 -59.47
960.4 -59.46
960.8 -59.22
961.2 -59.29
961.6 -59.33
962.0 -59.34
962.4 -59.34
962.8 -59.22
963.2 -59.14
963.6 -59.12
964.0 -59.25
964.4 -59.15
964.8 -59.13
965.2 -59.16
965.6 -59.1
966.0 -59.0
966.4 -59.07
966.8 -59.29
967.2 -59.16
967.6 -59.13
968.0 -59.07
968.4 -59.14
968.8 -59.02
969.2 -59.19
969.6 -59.27
970.0 -59.06
970.4 -59.18
970.8 -59.25
971.2 -59.29
971.6 -59.13
972.0 -59.18
972.4 -59.29
972.8 -59.18
973.2 -59.29
973.6 -59.39
974.0 -59.24
974.4 -59.44
974.8 -59.2
975.2 -59.36
975.6 -59.29
976.0 -59.54
976.4 -59.52
976.8 -59.45
977.2 -59.47
977.6 -59.52
978.0 -59.35
978.4 -59.75
978.8 -59.5
979.2 -59.5
979.6 -59.63
980.0 -59.41
980.4 -59.52
980.8 -59.47
981.2 -59.53
981.6 -59.45
982.0 -59.38
982.4 -59.23
982.8 -59.26
983.2 -59.28
983.6 -59.22
984.0 -59.06
984.4 -58.98
984.8 -59.0
985.2 -58.95
985.6 -58.92
986.0 -58.98
986.4 -58.93
986.8 -58.77
987.2 -58.89
987.6 -58.74
988.0 -58.59
988.4 -58.63
988.8 -58.59
989.2 -58.59
989.6 -58.53
990.0 -58.47
990.4 -58.39
990.8 -58.42
991.2 -58.49
991.6 -58.35
992.0 -58.37
992.4 -58.34
992.8 -58.37
993.2 -58.43
993.6 -58.32
994.0 -58.2
994.4 -58.29
994.8 -58.39
995.2 -58.36
995.6 -58.28
996.0 -58.31
996.4 -58.4
996.8 -58.41
997.2 -58.43
997.6 -58.48
998.0 -58.52
998.4 -58.6
998.8 -58.45
999.2 -58.64
999.6 -58.62
1000.0 -58.41
