600.0 -68.57
600.4 -75.7
600.8 -70.76
601.2 -210.0
601.6 -210.0
602.0 -75.23
602.4 -73.15
602.8 -72.55
603.2 -73.2
603.6 -84.37
604.0 -210.0
604.4 -210.0
604.8 -73.65
605.2 -210.0
605.6 -210.0
606.0 -71.1
606.4 -69.1
606.8 -76.12
607.2 -70.79
607.6 -210.0
608.0 -210.0
608.4 -72.91
608.8 -210.0
609.2 -75.69
609.6 -210.0
610.0 -75.74
610.4 -70.03
610.8 -210.0
611.2 -69.66
611.6 -210.0
612.0 -72.59
612.4 -72.88
612.8 -72.64
613.2 -210.0
613.6 -75.0
614.0 -75.98
614.4 -74.62
614.8 -210.0
615.2 -71.11
615.6 -72.55
616.0 -69.69
616.4 -70.68
616.8 -210.0
617.2 -72.65
617.6 -68.5
618.0 -69.34
618.4 -74.48
618.8 -71.68
619.2 -71.52
619.6 -82.34
620.0 -74.95
620.4 -210.0
620.8 -210.0
621.2 -71.83
621.6 -210.0
622.0 -75.95
622.4 -72.73
622.8 -77.09
623.2 -74.43
623.6 -70.82
624.0 -72.83
624.4 -74.18
624.8 -70.61
625.2 -69.67
625.6 -76.17
626.0 -72.32
626.4 -71.62
626.8 -210.0
627.2 -75.02
627.6 -72.04
628.0 -82.86
628.4 -69.98
628.8 -72.91
629.2 -79.91
629.6 -78.18
630.0 -71.22
630.4 -72.41
630.8 -71.58
631.2 -72.66
631.6 -75.32
632.0 -74.68
632.4 -72.75
632.8 -74.44
633.2 -73.68
633.6 -70.81
634.0 -72.14
634.4 -69.33
634.8 -73.56
635.2 -74.61
635.6 -71.78
636.0 -72.12
636.4 -69.84
636.8 -70.06
637.2 -70.09
637.6 -72.75
638.0 -72.11
638.4 -69.37
638.8 -70.85
639.2 -68.1
639.6 -69.98
640.0 -74.18
640.4 -70.44
640.8 -70.9
641.2 -70.12
641.6 -69.03
642.0 -70.01
642.4 -69.88
642.8 -68.67
643.2 -69.03
643.6 -67.93
644.0 -69.03
644.4 -71.01
644.8 -68.14
645.2 -70.3
645.6 -68.92
646.0 -68.35
646.4 -69.83
646.8 -68.43
647.2 -71.26
647.6 -72.95
648.0 -68.7
648.4 -67.95
648.8 -70.38
649.2 -71.13
649.6 -68.16
650.0 -68.69
650.4 -67.53
650.8 -69.23
651.2 -68.87
651.6 -69.05
652.0 -70.3
652.4 -69.64
652.8 -68.55
653.2 -66.92
653.6 -68.2
654.0 -68.2
654.4 -69.19
654.8 -67.09
655.2 -66.52
655.6 -68.62
656.0 -68.17
656.4 -67.62
656.8 -67.17
657.2 -67.85
657.6 -67.68
658.0 -68.87
658.4 -68.04
658.8 -67.43
659.2 -68.05
659.6 -68.14
660.0 -67.48
660.4 -67.78
660.8 -67.28
661.2 -68.56
661.6 -67.2
662.0 -68.56
662.4 -69.06
662.8 -66.49
663.2 -68.72
663.6 -66.87
664.0 -67.16
664.4 -69.5
664.8 -67.7
665.2 -67.53
665.6 -67.44
666.0 -66.59
666.4 -68.3
666.8 -69.06
667.2 -67.61
667.6 -67.28
668.0 -66.62
668.4 -67.09
668.8 -67.13
669.2 -67.57
669.6 -68.01
670.0 -67.77
670.4 -67.69
670.8 -67.03
671.2 -67.63
671.6 -68.59
672.0 -66.56
672.4 -66.56
672.8 -68.46
673.2 -67.36
673.6 -66.38
674.0 -69.01
674.4 -67.69
674.8 -67.22
675.2 -67.03
675.6 -66.88
676.0 -66.76
676.4 -67.33
676.8 -66.86
677.2 -67.98
677.6 -67.4
678.0 -66.64
678.4 -66.24
678.8 -67.96
679.2 -66.73
679.6 -66.56
680.0 -66.98
680.4 -67.5
680.8 -66.3
681.2 -66.78
681.6 -66.29
682.0 -66.69
682.4 -66.84
682.8 -67.68
683.2 -66.65
683.6 -65.69
684.0 -65.89
684.4 -66.81
684.8 -66.49
685.2 -66.65
685.6 -66.69
686.0 -66.01
686.4 -66.33
686.8 -67.0
687.2 -66.26
687.6 -65.53
688.0 -66.06
688.4 -66.61
688.8 -67.84
689.2 -66.57
689.6 -65.76
690.0 -65.87
690.4 -66.51
690.8 -66.76
691.2 -67.39
691.6 -65.79
692.0 -66.97
692.4 -66.52
692.8 -67.0
693.2 -65.82
693.6 -66.4
694.0 -66.46
694.4 -66.38
694.8 -65.54
695.2 -65.17
695.6 -66.24
696.0 -66.09
696.4 -66.79
696.8 -66.82
697.2 -66.59
697.6 -67.18
698.0 -66.03
698.4 -67.11
698.8 -65.9
699.2 -64.99
699.6 -66.6
700.0 -65.66
700.4 -67.08
700.8 -66.29
701.2 -65.7
701.6 -66.21
702.0 -66.63
702.4 -66.62
702.8 -66.4
703.2 -66.25
703.6 -66.46
704.0 -65.63
704.4 -66.7
704.8 -67.79
705.2 -66.09
705.6 -66.93
706.0 -65.57
706.4 -65.33
706.8 -66.24
707.2 -65.46
707.6 -66.48
708.0 -66.25
708.4 -66.28
708.8 -66.49
709.2 -65.86
709.6 -65.1
710.0 -65.63
710.4 -65.73
710.8 -66.14
711.2 -65.5
711.6 -65.8
712.0 -65.67
712.4 -65.93
712.8 -65.63
713.2 -65.57
713.6 -65.98
714.0 -66.18
714.4 -66.14
714.8 -66.14
715.2 -66.49
715.6 -65.51
716.0 -66.34
716.4 -67.35
716.8 -66.52
717.2 -67.03
717.6 -65.71
718.0 -66.98
718.4 -65.67
718.8 -65.59
719.2 -65.69
719.6 -66.72
720.0 -65.2
720.4 -65.37
720.8 -65.08
721.2 -67.3
721.6 -65.16
722.0 -65.95
722.4 -65.09
722.8 -65.03
723.2 -67.1
723.6 -65.43
724.0 -65.02
724.4 -65.24
724.8 -65.23
725.2 -66.28
725.6 -65.96
726.0 -65.65
726.4 -65.88
726.8 -65.61
727.2 -66.08
727.6 -66.41
728.0 -66.59
728.4 -66.32
728.8 -65.43
729.2 -66.09
729.6 -65.43
730.0 -65.52
730.4 -65.24
730.8 -67.07
731.2 -65.26
731.6 -66.07
732.0 -66.28
732.4 -66.51
732.8 -65.85
733.2 -66.09
733.6 -65.33
734.0 -65.81
734.4 -65.17
734.8 -65.12
735.2 -65.77
735.6 -65.59
736.0 -66.33
736.4 -66.97
736.8 -67.02
737.2 -65.33
737.6 -65.8
738.0 -65.7
738.4 -65.64
738.8 -66.07
739.2 -65.08
739.6 -64.64
740.0 -65.68
740.4 -66.17
740.8 -66.14
741.2 -65.84
741.6 -64.75
742.0 -66.39
742.4 -66.47
742.8 -65.13
743.2 -65.44
743.6 -65.56
744.0 -66.29
744.4 -64.81
744.8 -66.41
745.2 -66.37
745.6 -64.97
746.0 -65.54
746.4 -65.35
746.8 -65.51
747.2 -65.13
747.6 -66.81
748.0 -66.05
748.4 -65.15
748.8 -65.72
749.2 -65.46
749.6 -65.72
750.0 -64.61
750.4 -65.42
750.8 -64.87
751.2 -65.07
751.6 -65.3
752.0 -65.45
752.4 -67.41
752.8 -66.14
753.2 -66.18
753.6 -65.63
754.0 -65.66
754.4 -66.01
754.8 -65.69
755.2 -66.11
755.6 -65.44
756.0 -67.26
756.4 -66.33
756.8 -64.96
757.2 -65.14
757.6 -66.04
758.0 -66.47
758.4 -66.14
758.8 -65.74
759.2 -65.3
759.6 -65.43
760.0 -65.72
760.4 -66.01
760.8 -67.1
761.2 -66.91
761.6 -65.82
762.0 -65.77
762.4 -64.7
762.8 -65.1
763.2 -64.84
763.6 -65.69
764.0 -65.41
764.4 -66.24
764.8 -65.37
765.2 -65.33
765.6 -64.59
766.0 -67.01
766.4 -65.2
766.8 -65.41
767.2 -64.94
767.6 -65.55
768.0 -65.47
768.4 -65.18
768.8 -65.17
769.2 -65.56
769.6 -65.14
770.0 -65.48
770.4 -65.42
770.8 -66.3
771.2 -65.28
771.6 -65.62
772.0 -66.59
772.4 -66.38
772.8 -64.93
773.2 -65.75
773.6 -64.45
774.0 -65.33
774.4 -65.07
774.8 -65.43
775.2 -65.74
775.6 -65.33
776.0 -65.13
776.4 -64.43
776.8 -64.97
777.2 -64.4
777.6 -65.45
778.0 -65.72
778.4 -65.34
778.8 -64.87
779.2 -65.38
779.6 -64.87
780.0 -65.54
780.4 -65.33
780.8 -65.64
781.2 -66.09
781.6 -65.93
782.0 -65.13
782.4 -65.39
782.8 -65.39
783.2 -65.95
783.6 -65.52
784.0 -64.61
784.4 -64.47
784.8 -65.08
785.2 -65.47
785.6 -65.24
786.0 -65.58
786.4 -65.57
786.8 -65.6
787.2 -66.38
787.6 -65.29
788.0 -64.88
788.4 -65.09
788.8 -65.42
789.2 -64.87
789.6 -65.35
790.0 -64.4
790.4 -65.21
790.8 -64.89
791.2 -64.56
791.6 -65.4
792.0 -65.43
792.4 -64.79
792.8 -64.28
793.2 -65.49
793.6 -64.87
794.0 -65.48
794.4 -64.8
794.8 -64.6
795.2 -65.52
795.6 -64.59
796.0 -64.7
796.4 -65.37
796.8 -64.47
797.2 -65.16
797.6 -64.22
798.0 -64.81
798.4 -64.45
798.8 -64.45
799.2 -65.15
799.6 -65.08
800.0 -64.82
800.4 -65.27
800.8 -64.64
801.2 -64.29
801.6 -64.37
802.0 -64.29
802.4 -63.78
802.8 -64.84
803.2 -65.06
803.6 -64.09
804.0 -65.13
804.4 -64.2
804.8 -64.02
805.2 -65.27
805.6 -64.48
806.0 -63.41
806.4 -60.86
806.8 -57.71
807.2 -54.16
807.6 -50.12
808.0 -48.84
808.4 -49.68
808.8 -49.98
809.2 -53.79
809.6 -61.16
810.0 -62.89
810.4 -63.42
810.8 -63.75
811.2 -63.77
811.6 -64.02
812.0 -64.28
812.4 -64.08
812.8 -64.24
813.2 -64.36
813.6 -64.29
814.0 -63.29
814.4 -63.85
814.8 -64.6
815.2 -64.01
815.6 -64.73
816.0 -64.25
816.4 -63.94
816.8 -63.94
817.2 -64.99
817.6 -64.23
818.0 -64.06
818.4 -64.12
818.8 -64.65
819.2 -63.83
819.6 -64.26
820.0 -63.83
820.4 -63.97
820.8 -63.97
821.2 -63.62
821.6 -64.09
822.0 -63.81
822.4 -63.96
822.8 -64.31
823.2 -64.55
823.6 -63.67
824.0 -63.71
824.4 -63.29
824.8 -63.76
825.2 -64.13
825.6 -63.62
826.0 -63.72
826.4 -63.72
826.8 -63.95
827.2 -64.76
827.6 -63.64
828.0 -63.63
828.4 -63.71
828.8 -64.41
829.2 -63.66
829.6 -63.96
830.0 -63.82
830.4 -63.25
830.8 -63.99
831.2 -63.48
831.6 -63.73
832.0 -63.76
832.4 -63.87
832.8 -63.08
833.2 -63.54
833.6 -63.59
834.0 -63.7
834.4 -63.73
834.8 -63.4
835.2 -63.32
835.6 -63.58
836.0 -63.12
836.4 -63.07
836.8 -63.38
837.2 -62.91
837.6 -63.81
838.0 -63.01
838.4 -62.89
838.8 -63.29
839.2 -63.29
839.6 -63.44
840.0 -63.6
840.4 -63.47
840.8 -63.55
841.2 -63.33
841.6 -63.19
842.0 -63.93
842.4 -63.21
842.8 -63.25
843.2 -63.71
843.6 -63.53
844.0 -62.9
844.4 -63.09
844.8 -63.32
845.2 -63.42
845.6 -63.26
846.0 -62.66
846.4 -63.57
846.8 -62.93
847.2 -63.74
847.6 -63.83
848.0 -63.81
848.4 -62.99
848.8 -62.72
849.2 -63.38
849.6 -63.07
850.0 -63.35
850.4 -63.32
850.8 -62.82
851.2 -62.91
851.6 -63.05
852.0 -63.06
852.4 -63.0
852.8 -62.95
853.2 -63.25
853.6 -63.1
854.0 -63.01
854.4 -63.55
854.8 -62.57
855.2 -63.72
855.6 -62.77
856.0 -63.0
856.4 -62.7
856.8 -63.15
857.2 -63.13
857.6 -63.19
858.0 -63.05
858.4 -62.98
858.8 -62.6
859.2 -62.58
859.6 -63.04
860.0 -63.0
860.4 -62.81
860.8 -62.74
861.2 -63.45
861.6 -63.06
862.0 -62.55
862.4 -62.75
862.8 -62.96
863.2 -62.45
863.6 -62.79
864.0 -63.07
864.4 -62.92
864.8 -62.43
865.2 -62.79
865.6 -62.71
866.0 -63.17
866.4 -62.59
866.8 -62.52
867.2 -62.53
867.6 -62.85
868.0 -63.32
868.4 -62.48
868.8 -62.65
869.2 -63.01
869.6 -62.87
870.0 -62.97
870.4 -62.75
870.8 -62.94
871.2 -62.67
871.6 -62.8
872.0 -62.89
872.4 -62.68
872.8 -62.62
873.2 -62.44
873.6 -62.89
874.0 -62.98
874.4 -62.33
874.8 -62.51
875.2 -63.03
875.6 -62.43
876.0 -62.28
876.4 -62.53
876.8 -62.33
877.2 -62.54
877.6 -62.43
878.0 -62.56
878.4 -62.63
878.8 -62.5
879.2 -62.47
879.6 -62.79
880.0 -63.16
880.4 -62.1
880.8 -62.33
881.2 -62.61
881.6 -62.37
882.0 -62.51
882.4 -62.4
882.8 -61.92
883.2 -62.69
883.6 -63.03
884.0 -62.52
884.4 -62.65
884.8 -62.05
885.2 -62.48
885.6 -62.2
886.0 -62.15
886.4 -62.15
886.8 -62.32
887.2 -62.5
887.6 -62.79
888.0 -62.44
888.4 -62.22
888.8 -62.55
889.2 -62.66
889.6 -62.15
890.0 -62.57
890.4 -62.42
890.8 -62.73
891.2 -62.05
891.6 -62.64
892.0 -62.03
892.4 -62.8
892.8 -62.38
893.2 -62.19
893.6 -62.63
894.0 -62.2
894.4 -62.73
894.8 -62.8
895.2 -62.34
895.6 -62.58
896.0 -62.09
896.4 -62.59
896.8 -61.96
897.2 -62.25
897.6 -62.32
898.0 -62.47
898.4 -62.2
898.8 -62.25
899.2 -62.41
899.6 -62.03
900.0 -62.42
900.4 -62.33
900.8 -62.25
901.2 -61.89
901.6 -62.04
902.0 -62.03
902.4 -62.24
902.8 -62.51
903.2 -62.5
903.6 -62.13
904.0 -62.19
904.4 -61.95
904.8 -62.07
905.2 -62.15
905.6 -62.01
906.0 -62.46
906.4 -62.27
906.8 -62.44
907.2 -62.03
907.6 -61.97
908.0 -61.89
908.4 -62.31
908.8 -62.09
909.2 -61.84
909.6 -62.14
910.0 -62.18
910.4 -61.85
910.8 -62.03
911.2 -61.99
911.6 -62.23
912.0 -61.74
912.4 -61.88
912.8 -61.8
913.2 -61.82
913.6 -61.93
914.0 -61.85
914.4 -61.83
914.8 -61.89
915.2 -61.75
915.6 -62.12
916.0 -61.82
916.4 -61.8
916.8 -61.97
917.2 -61.97
917.6 -62.26
918.0 -61.56
918.4 -61.77
918.8 -62.19
919.2 -61.79
919.6 -61.72
920.0 -62.02
920.4 -61.45
920.8 -61.73
921.2 -61.54
921.6 -61.62
922.0 -61.69
922.4 -61.49
922.8 -61.41
923.2 -61.89
923.6 -61.97
924.0 -61.7
924.4 -61.52
924.8 -61.69
925.2 -61.71
925.6 -61.72
926.0 -61.54
926.4 -61.49
926.8 -61.41
927.2 -61.55
927.6 -61.36
928.0 -61.32
928.4 -61.49
928.8 -61.71
929.2 -61.44
929.6 -61.22
930.0 -61.43
930.4 -61.16
930.8 -61.28
931.2 -61.62
931.6 -61.26
932.0 -61.33
932.4 -61.23
932.8 -61.49
933.2 -61.35
933.6 -61.43
934.0 -61.2
934.4 -61.3
934.8 -61.29
935.2 -61.08
935.6 -61.03
936.0 -61.13
936.4 -61.33
936.8 -61.39
937.2 -61.1
937.6 -60.81
938.0 -61.21
938.4 -61.2
938.8 -61.02
939.2 -60.78
939.6 -61.18
940.0 -61.16
940.4 -61.19
940.8 -61.09
941.2 -61.03
941.6 -61.41
942.0 -61.25
942.4 -61.13
942.8 -61.35
943.2 -61.28
943.6 -61.07
944.0 -61.08
944.4 -61.12
944.8 -61.19
945.2 -61.38
945.6 -61.3
946.0 -61.37
946.4 -61.34
946.8 -61.19
947.2 -61.1
947.6 -61.37
948.0 -61.12
948.4 -61.25
948.8 -61.18
949.2 -61.25
949.6 -61.35
950.0 -61.02
950.4 -61.25
950.8 -61.08
951.2 -61.3
951.6 -61.15
952.0 -61.25
952.4 -61.31
952.8 -61.22
953.2 -61.24
953.6 -61.16
954.0 -61.44
954.4 -61.32
954.8 -61.35
955.2 -61.2
955.6 -61.02
956.0 -61.38
956.4 -61.5
956.8 -61.27
957.2 -61.3
957.6 -61.32
958.0 -61.43
958.4 -61.31
958.8 -61.42
959.2 -61.27
959.6 -61.25
960.0 -61.22
960.4 -60.9
960.8 -61.12
961.2 -61.15
961.6 -61.02
962.0 -61.09
962.4 -60.96
962.8 -60.96
963.2 -60.92
963.6 -60.96
964.0 -61.0
964.4 -60.62
964.8 -60.63
965.2 -60.74
965.6 -60.52
966.0 -60.61
966.4 -60.72
966.8 -60.7
967.2 -60.9
967.6 -60.88
968.0 -60.82
968.4 -60.98
968.8 -61.04
969.2 -60.89
969.6 -60.91
970.0 -61.17
970.4 -61.0
970.8 -61.14
971.2 -61.1
971.6 -61.01
972.0 -61.16
972.4 -61.19
972.8 -61.24
973.2 -61.35
973.6 -61.27
974.0 -61.24
974.4 -61.27
974.8 -61.29
975.2 -61.16
975.6 -61.54
976.0 -61.45
976.4 -61.31
976.8 -61.53
977.2 -61.43
977.6 -61.42
978.0 -61.36
978.4 -61.42
978.8 -61.32
979.2 -61.32
979.6 -61.49
980.0 -61.26
980.4 -61.32
980.8 -61.19
981.2 -61.14
981.6 -61.23
982.0 -61.14
982.4 -60.94
982.8 -60.82
983.2 -60.79
983.6 -60.89
984.0 -60.73
984.4 -60.62
984.8 -60.59
985.2 -60.54
985.6 -60.57
986.0 -60.49
986.4 -60.57
986.8 -60.58
987.2 -60.52
987.6 -60.38
988.0 -60.56
988.4 -60.43
988.8 -60.33
989.2 -60.29
989.6 -60.26
990.0 -60.14
990.4 -60.11
990.8 -60.25
991.2 -60.18
991.6 -60.06
992.0 -60.09
992.4 -60.08
992.8 -60.19
993.2 -59.9
993.6 -59.94
994.0 -59.95
994.4 -59.98
994.8 -59.91
995.2 -60.05
995.6 -59.93
996.0 -59.99
996.4 -60.03
996.8 -59.88
997.2 -60.01
997.6 -60.12
998.0 -60.04
998.4 -60.03
998.8 -60.13
999.2 -60.08
999.6 -60.24
1000.0 -59.99
