600.0 -73.34
600.4 -69.24
600.8 -70.21
601.2 -210.0
601.6 -70.09
602.0 -210.0
602.4 -69.1
602.8 -75.86
603.2 -210.0
603.6 -210.0
604.0 -210.0
604.4 -210.0
604.8 -75.99
605.2 -73.0
605.6 -76.04
606.0 -73.06
606.4 -75.0
606.8 -210.0
607.2 -77.61
607.6 -78.6
608.0 -84.66
608.4 -70.53
608.8 -76.92
609.2 -210.0
609.6 -75.72
610.0 -70.3
610.4 -69.36
610.8 -70.85
611.2 -78.82
611.6 -73.74
612.0 -210.0
612.4 -74.93
612.8 -73.48
613.2 -77.18
613.6 -71.99
614.0 -75.02
614.4 -210.0
614.8 -210.0
615.2 -79.06
615.6 -73.97
616.0 -74.72
616.4 -210.0
616.8 -80.4
617.2 -69.08
617.6 -74.43
618.0 -71.11
618.4 -74.48
618.8 -75.75
619.2 -74.53
619.6 -68.1
620.0 -210.0
620.4 -210.0
620.8 -210.0
621.2 -72.89
621.6 -72.04
622.0 -73.19
622.4 -210.0
622.8 -70.49
623.2 -74.1
623.6 -75.18
624.0 -74.82
624.4 -71.67
624.8 -73.9
625.2 -77.91
625.6 -72.29
626.0 -73.44
626.4 -210.0
626.8 -82.79
627.2 -71.5
627.6 -78.06
628.0 -73.56
628.4 -69.98
628.8 -73.61
629.2 -74.47
629.6 -72.16
630.0 -210.0
630.4 -210.0
630.8 -71.58
631.2 -80.06
631.6 -71.97
632.0 -210.0
632.4 -73.62
632.8 -67.94
633.2 -72.81
633.6 -78.47
634.0 -70.16
634.4 -72.34
634.8 -70.66
635.2 -83.37
635.6 -73.85
636.0 -70.87
636.4 -72.85
636.8 -70.47
637.2 -79.54
637.6 -74.25
638.0 -71.27
638.4 -69.8
638.8 -71.08
639.2 -69.95
639.6 -70.37
640.0 -73.95
640.4 -72.63
640.8 -77.78
641.2 -73.42
641.6 -79.9
642.0 -71.35
642.4 -72.18
642.8 -70.46
643.2 -70.04
643.6 -69.36
644.0 -69.24
644.4 -71.34
644.8 -70.27
645.2 -74.2
645.6 -73.44
646.0 -70.46
646.4 -68.56
646.8 -70.54
647.2 -69.9
647.6 -70.1
648.0 -70.13
648.4 -69.37
648.8 -70.72
649.2 -70.32
649.6 -70.45
650.0 -69.55
650.4 -70.54
650.8 -68.58
651.2 -68.99
651.6 -73.15
652.0 -69.63
652.4 -69.57
652.8 -70.31
653.2 -68.29
653.6 -72.08
654.0 -69.19
654.4 -69.07
654.8 -69.08
655.2 -69.33
655.6 -68.31
656.0 -69.09
656.4 -68.37
656.8 -68.69
657.2 -69.16
657.6 -69.35
658.0 -69.75
658.4 -70.04
658.8 -68.88
659.2 -69.3
659.6 -67.86
660.0 -68.3
660.4 -68.4
660.8 -68.2
661.2 -69.63
661.6 -69.12
662.0 -67.78
662.4 -67.96
662.8 -69.37
663.2 -68.83
663.6 -67.48
664.0 -69.12
664.4 -68.5
664.8 -67.28
665.2 -70.62
665.6 -68.3
666.0 -68.4
666.4 -71.9
666.8 -68.01
667.2 -70.06
667.6 -68.5
668.0 -68.2
668.4 -70.14
668.8 -69.63
669.2 -68.66
669.6 -68.72
670.0 -67.27
670.4 -68.88
670.8 -69.41
671.2 -67.55
671.6 -67.34
672.0 -68.47
672.4 -67.62
672.8 -67.32
673.2 -69.14
673.6 -68.26
674.0 -67.52
674.4 -68.01
674.8 -68.29
675.2 -68.34
675.6 -69.18
676.0 -68.65
676.4 -68.93
676.8 -68.81
677.2 -68.58
677.6 -67.28
678.0 -69.15
678.4 -67.15
678.8 -68.3
679.2 -67.55
679.6 -67.77
680.0 -68.34
680.4 -67.95
680.8 -68.6
681.2 -69.87
681.6 -67.7
682.0 -67.56
682.4 -67.18
682.8 -69.91
683.2 -67.55
683.6 -67.41
684.0 -67.45
684.4 -67.98
684.8 -67.61
685.2 -67.6
685.6 -66.87
686.0 -67.96
686.4 -68.01
686.8 -69.37
687.2 -68.69
687.6 -68.14
688.0 -66.45
688.4 -67.93
688.8 -67.26
689.2 -67.17
689.6 -67.17
690.0 -67.5
690.4 -68.87
690.8 -68.52
691.2 -66.83
691.6 -67.44
692.0 -67.26
692.4 -67.55
692.8 -66.96
693.2 -67.91
693.6 -66.27
694.0 -67.66
694.4 -68.35
694.8 -67.05
695.2 -67.46
695.6 -67.08
696.0 -66.99
696.4 -67.62
696.8 -66.82
697.2 -68.96
697.6 -67.01
698.0 -67.94
698.4 -67.07
698.8 -67.59
699.2 -68.62
699.6 -66.78
700.0 -66.97
700.4 -67.04
700.8 -66.29
701.2 -66.64
701.6 -67.51
702.0 -66.24
702.4 -66.51
702.8 -68.02
703.2 -66.61
703.6 -66.43
704.0 -66.42
704.4 -66.16
704.8 -67.07
705.2 -66.69
705.6 -66.97
706.0 -67.05
706.4 -66.6
706.8 -66.24
707.2 -68.27
707.6 -66.7
708.0 -65.63
708.4 -65.9
708.8 -66.46
709.2 -67.04
709.6 -65.55
710.0 -66.26
710.4 -66.82
710.8 -66.14
711.2 -65.75
711.6 -66.92
712.0 -66.88
712.4 -65.93
712.8 -67.73
713.2 -66.56
713.6 -65.44
714.0 -64.94
714.4 -66.31
714.8 -66.81
715.2 -66.34
715.6 -66.53
716.0 -67.32
716.4 -65.75
716.8 -67.84
717.2 -65.94
717.6 -66.86
718.0 -66.24
718.4 -65.79
718.8 -67.32
719.2 -65.44
719.6 -67.37
720.0 -65.58
720.4 -66.04
720.8 -65.45
721.2 -66.74
721.6 -66.24
722.0 -65.89
722.4 -66.2
722.8 -65.74
723.2 -66.76
723.6 -66.15
724.0 -65.42
724.4 -66.79
724.8 -65.23
725.2 -65.53
725.6 -66.43
726.0 -66.3
726.4 -66.34
726.8 -65.9
727.2 -67.06
727.6 -66.52
728.0 -65.63
728.4 -65.57
728.8 -65.95
729.2 -65.75
729.6 -66.09
730.0 -66.23
730.4 -65.61
730.8 -66.37
731.2 -66.07
731.6 -66.22
732.0 -66.36
732.4 -65.53
732.8 -66.84
733.2 -65.52
733.6 -66.12
734.0 -65.55
734.4 -66.74
734.8 -65.6
735.2 -67.17
735.6 -66.6
736.0 -66.29
736.4 -66.55
736.8 -66.06
737.2 -66.24
737.6 -67.05
738.0 -65.94
738.4 -65.8
738.8 -66.33
739.2 -65.05
739.6 -66.41
740.0 -65.92
740.4 -66.73
740.8 -66.77
741.2 -65.91
741.6 -65.81
742.0 -66.35
742.4 -65.84
742.8 -65.16
743.2 -66.27
743.6 -65.19
744.0 -66.18
744.4 -65.09
744.8 -65.24
745.2 -65.3
745.6 -65.99
746.0 -65.71
746.4 -65.2
746.8 -65.71
747.2 -66.16
747.6 -65.7
748.0 -65.8
748.4 -66.23
748.8 -66.04
749.2 -65.49
749.6 -65.24
750.0 -65.85
750.4 -66.14
750.8 -65.77
751.2 -65.98
751.6 -65.59
752.0 -65.52
752.4 -65.65
752.8 -66.18
753.2 -65.38
753.6 -64.48
754.0 -65.6
754.4 -65.52
754.8 -66.12
755.2 -65.71
755.6 -66.03
756.0 -66.14
756.4 -65.37
756.8 -66.4
757.2 -65.76
757.6 -66.19
758.0 -65.55
758.4 -65.64
758.8 -65.47
759.2 -64.71
759.6 -64.93
760.0 -66.01
760.4 -65.23
760.8 -65.0
761.2 -65.47
761.6 -65.06
762.0 -64.43
762.4 -65.56
762.8 -65.91
763.2 -66.06
763.6 -65.04
764.0 -65.54
764.4 -64.91
764.8 -64.84
765.2 -65.57
765.6 -64.56
766.0 -65.07
766.4 -66.38
766.8 -65.55
767.2 -65.0
767.6 -66.09
768.0 -65.02
768.4 -65.24
768.8 -65.01
769.2 -64.66
769.6 -64.61
770.0 -64.15
770.4 -65.28
770.8 -65.42
771.2 -65.06
771.6 -64.74
772.0 -64.93
772.4 -64.84
772.8 -65.72
773.2 -65.68
773.6 -65.37
774.0 -64.47
774.4 -65.97
774.8 -64.06
775.2 -65.26
775.6 -65.6
776.0 -64.43
776.4 -64.54
776.8 -65.1
777.2 -64.85
777.6 -65.49
778.0 -63.75
778.4 -64.73
778.8 -64.73
779.2 -64.34
779.6 -65.34
780.0 -65.68
780.4 -64.8
780.8 -65.23
781.2 -65.33
781.6 -65.22
782.0 -64.56
782.4 -65.29
782.8 -64.73
783.2 -64.5
783.6 -64.44
784.0 -65.31
784.4 -64.36
784.8 -64.22
785.2 -64.43
785.6 -64.92
786.0 -65.14
786.4 -65.07
786.8 -64.7
787.2 -64.53
787.6 -64.65
788.0 -64.51
788.4 -65.52
788.8 -64.81
789.2 -64.96
789.6 -64.1
790.0 -63.89
790.4 -64.32
790.8 -64.17
791.2 -64.26
791.6 -64.42
792.0 -64.85
792.4 -64.39
792.8 -65.32
793.2 -64.07
793.6 -64.15
794.0 -64.46
794.4 -64.24
794.8 -64.63
795.2 -64.11
795.6 -64.45
796.0 -63.88
796.4 -64.76
796.8 -64.59
797.2 -64.49
797.6 -63.99
798.0 -64.93
798.4 -64.13
798.8 -64.99
799.2 -65.42
799.6 -64.0
800.0 -64.02
800.4 -64.44
800.8 -64.07
801.2 -64.4
801.6 -65.28
802.0 -64.37
802.4 -64.08
802.8 -64.17
803.2 -65.03
803.6 -64.01
804.0 -63.44
804.4 -63.93
804.8 -63.8
805.2 -63.44
805.6 -63.81
806.0 -62.44
806.4 -60.88
806.8 -57.38
807.2 -53.66
807.6 -49.71
808.0 -48.27
808.4 -49.22
808.8 -49.84
809.2 -53.63
809.6 -61.3
810.0 -62.85
810.4 -63.38
810.8 -63.57
811.2 -64.45
811.6 -63.58
812.0 -63.65
812.4 -63.52
812.8 -64.09
813.2 -64.03
813.6 -63.57
814.0 -63.8
814.4 -63.69
814.8 -64.52
815.2 -64.47
815.6 -64.14
816.0 -63.57
816.4 -64.24
816.8 -64.42
817.2 -64.1
817.6 -64.06
818.0 -64.38
818.4 -64.19
818.8 -64.82
819.2 -64.29
819.6 -63.76
820.0 -63.33
820.4 -63.57
820.8 -64.02
821.2 -63.84
821.6 -63.77
822.0 -64.3
822.4 -64.22
822.8 -63.93
823.2 -63.72
823.6 -63.82
824.0 -63.48
824.4 -64.22
824.8 -64.03
825.2 -63.95
825.6 -63.97
826.0 -64.11
826.4 -63.37
826.8 -63.51
827.2 -64.43
827.6 -63.85
828.0 -64.26
828.4 -63.38
828.8 -63.68
829.2 -64.22
829.6 -63.53
830.0 -63.95
830.4 -63.63
830.8 -63.8
831.2 -63.69
831.6 -64.04
832.0 -63.72
832.4 -64.12
832.8 -63.32
833.2 -63.42
833.6 -63.47
834.0 -63.64
834.4 -63.38
834.8 -63.06
835.2 -63.46
835.6 -63.24
836.0 -62.93
836.4 -63.4
836.8 -63.52
837.2 -63.36
837.6 -63.23
838.0 -63.75
838.4 -63.32
838.8 -63.18
839.2 -62.68
839.6 -62.93
840.0 -63.23
840.4 -62.79
840.8 -63.7
841.2 -63.41
841.6 -63.26
842.0 -63.04
842.4 -63.09
842.8 -63.19
843.2 -62.77
843.6 -63.4
844.0 -63.19
844.4 -63.32
844.8 -63.17
845.2 -63.06
845.6 -63.26
846.0 -63.02
846.4 -63.21
846.8 -63.57
847.2 -63.22
847.6 -63.13
848.0 -63.16
848.4 -63.2
848.8 -62.93
849.2 -62.91
849.6 -63.07
850.0 -62.84
850.4 -62.62
850.8 -63.06
851.2 -62.97
851.6 -62.63
852.0 -62.5
852.4 -62.61
852.8 -62.37
853.2 -62.78
853.6 -62.57
854.0 -62.48
854.4 -62.56
854.8 -62.2
855.2 -62.95
855.6 -62.4
856.0 -62.87
856.4 -62.58
856.8 -62.62
857.2 -62.43
857.6 -62.7
858.0 -62.23
858.4 -62.19
858.8 -62.54
859.2 -62.52
859.6 -62.42
860.0 -62.56
860.4 -62.09
860.8 -62.17
861.2 -62.08
861.6 -62.38
862.0 -62.39
862.4 -62.09
862.8 -62.44
863.2 -62.03
863.6 -62.31
864.0 -62.13
864.4 -62.15
864.8 -61.93
865.2 -62.15
865.6 -62.04
866.0 -62.01
866.4 -62.09
866.8 -62.09
867.2 -62.33
867.6 -62.31
868.0 -62.03
868.4 -61.92
868.8 -61.88
869.2 -61.95
869.6 -62.3
870.0 -62.34
870.4 -62.08
870.8 -61.72
871.2 -62.12
871.6 -62.26
872.0 -62.07
872.4 -61.99
872.8 -62.03
873.2 -62.0
873.6 -61.87
874.0 -62.22
874.4 -61.88
874.8 -62.02
875.2 -61.81
875.6 -61.81
876.0 -62.24
876.4 -62.13
876.8 -62.04
877.2 -61.68
877.6 -62.09
878.0 -62.11
878.4 -61.92
878.8 -61.62
879.2 -61.51
879.6 -61.79
880.0 -61.58
880.4 -61.72
880.8 -61.7
881.2 -61.84
881.6 -61.39
882.0 -61.39
882.4 -61.82
882.8 -61.63
883.2 -61.47
883.6 -61.75
884.0 -61.66
884.4 -61.63
884.8 -61.4
885.2 -61.44
885.6 -61.7
886.0 -61.77
886.4 -61.4
886.8 -61.54
887.2 -61.48
887.6 -61.38
888.0 -61.35
888.4 -61.54
888.8 -61.38
889.2 -61.39
889.6 -61.33
890.0 -61.66
890.4 -61.59
890.8 -61.39
891.2 -61.4
891.6 -61.23
892.0 -61.5
892.4 -61.17
892.8 -61.55
893.2 -61.5
893.6 -60.85
894.0 -61.89
894.4 -61.09
894.8 -61.03
895.2 -61.1
895.6 -61.24
896.0 -61.32
896.4 -61.08
896.8 -61.15
897.2 -61.28
897.6 -61.14
898.0 -61.52
898.4 -61.09
898.8 -60.89
899.2 -60.96
899.6 -61.09
900.0 -61.12
900.4 -60.96
900.8 -60.82
901.2 -60.71
901.6 -60.95
902.0 -60.9
902.4 -60.96
902.8 -60.95
903.2 -61.07
903.6 -61.16
904.0 -60.78
904.4 -60.78
904.8 -60.81
905.2 -60.97
905.6 -60.62
906.0 -60.88
906.4 -60.63
906.8 -60.65
907.2 -60.87
907.6 -60.76
908.0 -60.57
908.4 -60.6
908.8 -60.45
909.2 -60.56
909.6 -60.49
910.0 -60.47
910.4 -60.67
910.8 -60.22
911.2 -60.47
911.6 -60.26
912.0 -60.53
912.4 -60.17
912.8 -60.47
913.2 -60.35
913.6 -60.36
914.0 -60.69
914.4 -60.16
914.8 -60.35
915.2 -60.6
915.6 -60.06
916.0 -60.34
916.4 -60.03
916.8 -60.12
917.2 -60.28
917.6 -60.05
918.0 -60.19
918.4 -60.24
918.8 -60.04
919.2 -60.16
919.6 -60.24
920.0 -60.05
920.4 -60.12
920.8 -59.86
921.2 -60.12
921.6 -59.89
922.0 -59.99
922.4 -59.66
922.8 -59.68
923.2 -59.94
923.6 -59.82
924.0 -59.97
924.4 -59.89
924.8 -59.75
925.2 -59.55
925.6 -59.72
926.0 -59.62
926.4 -59.4
926.8 -59.47
927.2 -59.5
927.6 -59.4
928.0 -59.18
928.4 -59.41
928.8 -59.39
929.2 -59.25
929.6 -59.35
930.0 -59.18
930.4 -59.37
930.8 -59.53
931.2 -59.38
931.6 -59.15
932.0 -59.23
932.4 -59.08
932.8 -59.32
933.2 -59.21
933.6 -59.18
934.0 -59.34
934.4 -58.93
934.8 -59.03
935.2 -59.04
935.6 -59.1
936.0 -58.96
936.4 -59.08
936.8 -58.85
937.2 -59.12
937.6 -58.86
938.0 -59.0
938.4 -58.93
938.8 -59.09
939.2 -58.7
939.6 -58.89
940.0 -58.83
940.4 -58.72
940.8 -58.88
941.2 -58.93
941.6 -58.93
942.0 -58.78
942.4 -58.74
942.8 -58.76
943.2 -58.67
943.6 -58.75
944.0 -58.74
944.4 -58.66
944.8 -58.45
945.2 -58.63
945.6 -58.5
946.0 -58.55
946.4 -58.46
946.8 -58.46
947.2 -58.55
947.6 -58.52
948.0 -58.46
948.4 -58.58
948.8 -58.45
949.2 -58.56
949.6 -58.42
950.0 -58.42
950.4 -58.28
950.8 -58.4
951.2 -58.35
951.6 -58.29
952.0 -58.35
952.4 -58.31
952.8 -58.44
953.2 -58.34
953.6 -58.29
954.0 -58.11
954.4 -58.39
954.8 -58.31
955.2 -58.29
955.6 -58.38
956.0 -58.25
956.4 -58.43
956.8 -58.19
957.2 -58.13
957.6 -58.17
958.0 -58.23
958.4 -58.06
958.8 -58.04
959.2 -58.16
959.6 -58.02
960.0 -57.98
960.4 -57.99
960.8 -57.84
961.2 -57.9
961.6 -58.03
962.0 -57.85
962.4 -57.8
962.8 -57.8
963.2 -57.72
963.6 -57.81
964.0 -57.61
964.4 -57.61
964.8 -57.49
965.2 -57.54
965.6 -57.61
966.0 -57.47
966.4 -57.62
966.8 -57.57
967.2 -57.51
967.6 -57.51
968.0 -57.54
968.4 -57.5
968.8 -57.54
969.2 -57.53
969.6 -57.51
970.0 -57.69
970.4 -57.53
970.8 -57.64
971.2 -57.62
971.6 -57.62
972.0 -57.7
972.4 -57.61
972.8 -57.66
973.2 -57.65
973.6 -57.59
974.0 -57.65
974.4 -57.75
974.8 -57.78
975.2 -57.76
975.6 -57.99
976.0 -57.86
976.4 -57.84
976.8 -57.91
977.2 -57.88
977.6 -57.99
978.0 -57.98
978.4 -58.01
978.8 -58.06
979.2 -57.94
979.6 -57.93
980.0 -57.88
980.4 -57.82
980.8 -57.78
981.2 -57.89
981.6 -57.81
982.0 -57.81
982.4 -57.67
982.8 -57.54
983.2 -57.52
983.6 -57.52
984.0 -57.45
984.4 -57.49
984.8 -57.39
985.2 -57.43
985.6 -57.45
986.0 -57.13
986.4 -57.2
986.8 -57.2
987.2 -57.19
987.6 -57.08
988.0 -56.99
988.4 -57.0
988.8 -57.01
989.2 -56.99
989.6 -56.99
990.0 -56.94
990.4 -57.0
990.8 -56.98
991.2 -56.93
991.6 -57.0
992.0 -56.97
992.4 -56.92
992.8 -56.92
993.2 -57.0
993.6 -56.84
994.0 -56.86
994.4 -56.87
994.8 -57.04
995.2 -56.87
995.6 -56.96
996.0 -56.97
996.4 -57.02
996.8 -57.04
997.2 -57.05
997.6 -57.04
998.0 -57.06
998.4 -57.1
998.8 -57.12
999.2 -57.0
999.6 -57.12
1000.0 -57.05
