600.0 -210.0
600.4 -70.35
600.8 -210.0
601.2 -75.75
601.6 -210.0
602.0 -75.81
602.4 -210.0
602.8 -75.86
603.2 -210.0
603.6 -75.91
604.0 -74.85
604.4 -70.44
604.8 -74.45
605.2 -210.0
605.6 -210.0
606.0 -210.0
606.4 -72.5
606.8 -210.0
607.2 -210.0
607.6 -84.63
608.0 -70.34
608.4 -69.23
608.8 -70.56
609.2 -69.28
609.6 -72.71
610.0 -73.98
610.4 -76.35
610.8 -210.0
611.2 -80.07
611.6 -69.43
612.0 -210.0
612.4 -210.0
612.8 -210.0
613.2 -73.83
613.6 -70.68
614.0 -210.0
614.4 -210.0
614.8 -210.0
615.2 -73.62
615.6 -76.65
616.0 -70.36
616.4 -210.0
616.8 -69.73
617.2 -70.15
617.6 -210.0
618.0 -73.79
618.4 -72.27
618.8 -210.0
619.2 -70.41
619.6 -73.58
620.0 -73.06
620.4 -210.0
620.8 -75.42
621.2 -210.0
621.6 -210.0
622.0 -210.0
622.4 -210.0
622.8 -210.0
623.2 -210.0
623.6 -72.37
624.0 -210.0
624.4 -72.64
624.8 -76.63
625.2 -71.89
625.6 -72.93
626.0 -71.12
626.4 -210.0
626.8 -210.0
627.2 -73.77
627.6 -74.38
628.0 -72.86
628.4 -210.0
628.8 -71.94
629.2 -73.15
629.6 -72.54
630.0 -79.97
630.4 -76.99
630.8 -76.06
631.2 -210.0
631.6 -79.13
632.0 -72.17
632.4 -74.71
632.8 -74.44
633.2 -210.0
633.6 -73.47
634.0 -210.0
634.4 -77.28
634.8 -75.21
635.2 -79.39
635.6 -72.6
636.0 -75.64
636.4 -210.0
636.8 -210.0
637.2 -73.3
637.6 -210.0
638.0 -71.53
638.4 -86.62
638.8 -74.34
639.2 -77.64
639.6 -74.66
640.0 -72.26
640.4 -210.0
640.8 -70.28
641.2 -210.0
641.6 -210.0
642.0 -70.48
642.4 -210.0
642.8 -210.0
643.2 -210.0
643.6 -74.06
644.0 -78.64
644.4 -74.83
644.8 -73.37
645.2 -77.21
645.6 -72.77
646.0 -210.0
646.4 -70.98
646.8 -210.0
647.2 -73.07
647.6 -71.86
648.0 -87.46
648.4 -84.49
648.8 -70.91
649.2 -74.56
649.6 -72.29
650.0 -72.84
650.4 -73.64
650.8 -72.7
651.2 -74.84
651.6 -81.6
652.0 -71.5
652.4 -75.59
652.8 -72.86
653.2 -72.32
653.6 -75.34
654.0 -75.6
654.4 -74.03
654.8 -75.1
655.2 -72.34
655.6 -74.23
656.0 -76.87
656.4 -72.75
656.8 -73.04
657.2 -78.64
657.6 -210.0
658.0 -210.0
658.4 -73.36
658.8 -75.38
659.2 -73.37
659.6 -75.13
660.0 -80.71
660.4 -73.22
660.8 -72.64
661.2 -75.39
661.6 -75.65
662.0 -82.92
662.4 -79.91
662.8 -75.65
663.2 -73.55
663.6 -73.38
664.0 -72.64
664.4 -74.69
664.8 -78.15
665.2 -74.91
665.6 -74.69
666.0 -78.66
666.4 -76.9
666.8 -77.7
667.2 -210.0
667.6 -77.28
668.0 -74.69
668.4 -73.38
668.8 -72.38
669.2 -74.69
669.6 -72.38
670.0 -73.21
670.4 -72.77
670.8 -70.27
671.2 -73.36
671.6 -72.9
672.0 -72.48
672.4 -74.88
672.8 -71.74
673.2 -75.1
673.6 -75.35
674.0 -73.17
674.4 -71.96
674.8 -69.78
675.2 -71.3
675.6 -72.58
676.0 -72.06
676.4 -72.57
676.8 -71.59
677.2 -69.83
677.6 -73.64
678.0 -75.84
678.4 -76.14
678.8 -70.78
679.2 -71.06
679.6 -72.03
680.0 -78.55
680.4 -73.78
680.8 -72.13
681.2 -70.33
681.6 -75.26
682.0 -74.55
682.4 -75.79
682.8 -72.49
683.2 -74.12
683.6 -210.0
684.0 -80.55
684.4 -70.99
684.8 -81.5
685.2 -70.11
685.6 -210.0
686.0 -72.32
686.4 -70.78
686.8 -74.49
687.2 -69.86
687.6 -71.05
688.0 -72.86
688.4 -75.71
688.8 -78.44
689.2 -71.9
689.6 -70.84
690.0 -77.91
690.4 -72.26
690.8 -71.32
691.2 -210.0
691.6 -77.02
692.0 -72.24
692.4 -73.44
692.8 -210.0
693.2 -73.6
693.6 -74.62
694.0 -82.62
694.4 -81.36
694.8 -210.0
695.2 -73.57
695.6 -70.3
696.0 -71.8
696.4 -76.56
696.8 -71.91
697.2 -81.32
697.6 -73.73
698.0 -69.63
698.4 -72.41
698.8 -71.09
699.2 -73.51
699.6 -70.78
700.0 -75.0
700.4 -70.57
700.8 -71.98
701.2 -70.75
701.6 -70.56
702.0 -70.65
702.4 -77.72
702.8 -72.08
703.2 -72.78
703.6 -70.92
704.0 -72.19
704.4 -71.21
704.8 -74.01
705.2 -70.99
705.6 -71.78
706.0 -81.19
706.4 -73.06
706.8 -71.76
707.2 -72.88
707.6 -71.75
708.0 -69.7
708.4 -210.0
708.8 -71.26
709.2 -70.73
709.6 -75.12
710.0 -71.47
710.4 -71.84
710.8 -76.73
711.2 -72.52
711.6 -73.33
712.0 -76.72
712.4 -71.82
712.8 -72.35
713.2 -69.64
713.6 -74.33
714.0 -210.0
714.4 -71.19
714.8 -69.04
715.2 -71.65
715.6 -73.12
716.0 -72.95
716.4 -71.17
716.8 -71.64
717.2 -69.75
717.6 -70.26
718.0 -71.88
718.4 -71.04
718.8 -71.03
719.2 -73.63
719.6 -74.05
720.0 -71.6
720.4 -75.0
720.8 -70.05
721.2 -69.11
721.6 -71.85
722.0 -71.23
722.4 -81.0
722.8 -69.23
723.2 -71.45
723.6 -74.71
724.0 -71.32
724.4 -69.85
724.8 -69.59
725.2 -72.22
725.6 -71.94
726.0 -71.19
726.4 -70.08
726.8 -76.18
727.2 -76.56
727.6 -69.99
728.0 -71.65
728.4 -75.2
728.8 -70.05
729.2 -76.16
729.6 -72.04
730.0 -73.14
730.4 -70.41
730.8 -71.02
731.2 -69.3
731.6 -71.75
732.0 -70.9
732.4 -71.74
732.8 -74.62
733.2 -70.01
733.6 -69.36
734.0 -74.13
734.4 -70.57
734.8 -70.67
735.2 -75.14
735.6 -67.35
736.0 -70.66
736.4 -71.7
736.8 -210.0
737.2 -69.73
737.6 -71.96
738.0 -68.88
738.4 -70.75
738.8 -69.96
739.2 -69.96
739.6 -69.79
740.0 -68.4
740.4 -73.85
740.8 -71.06
741.2 -70.51
741.6 -69.21
742.0 -68.52
742.4 -73.62
742.8 -71.52
743.2 -71.04
743.6 -68.32
744.0 -69.04
744.4 -69.5
744.8 -74.78
745.2 -68.5
745.6 -69.91
746.0 -69.18
746.4 -83.81
746.8 -71.13
747.2 -72.33
747.6 -72.66
748.0 -70.47
748.4 -71.48
748.8 -70.77
749.2 -71.23
749.6 -71.74
750.0 -68.86
750.4 -72.01
750.8 -70.54
751.2 -70.65
751.6 -71.2
752.0 -71.19
752.4 -71.19
752.8 -74.44
753.2 -70.62
753.6 -70.2
754.0 -71.17
754.4 -70.39
754.8 -70.81
755.2 -70.18
755.6 -68.86
756.0 -72.23
756.4 -70.91
756.8 -67.94
757.2 -71.64
757.6 -71.91
758.0 -70.56
758.4 -69.95
758.8 -69.69
759.2 -70.54
759.6 -74.9
760.0 -70.97
760.4 -72.68
760.8 -71.87
761.2 -72.84
761.6 -69.24
762.0 -73.85
762.4 -68.71
762.8 -70.19
763.2 -70.5
763.6 -70.71
764.0 -78.16
764.4 -70.28
764.8 -70.07
765.2 -70.37
765.6 -68.82
766.0 -69.61
766.4 -69.87
766.8 -71.02
767.2 -69.68
767.6 -69.86
768.0 -71.52
768.4 -69.59
768.8 -69.24
769.2 -69.75
769.6 -71.51
770.0 -69.65
770.4 -70.12
770.8 -70.12
771.2 -77.52
771.6 -70.99
772.0 -71.92
772.4 -68.62
772.8 -70.98
773.2 -70.21
773.6 -68.76
774.0 -72.56
774.4 -69.29
774.8 -68.47
775.2 -72.06
775.6 -69.05
776.0 -67.33
776.4 -69.04
776.8 -68.67
777.2 -83.52
777.6 -70.96
778.0 -73.51
778.4 -70.95
778.8 -71.07
779.2 -69.7
779.6 -70.49
780.0 -69.02
780.4 -68.51
780.8 -71.59
781.2 -69.18
781.6 -71.87
782.0 -72.35
782.4 -73.49
782.8 -75.03
783.2 -69.58
783.6 -71.3
784.0 -70.46
784.4 -68.78
784.8 -70.56
785.2 -72.5
785.6 -70.91
786.0 -68.15
786.4 -70.78
786.8 -74.7
787.2 -73.68
787.6 -69.31
788.0 -71.15
788.4 -69.73
788.8 -71.54
789.2 -73.45
789.6 -68.0
790.0 -71.13
790.4 -69.91
790.8 -71.13
791.2 -68.58
791.6 -70.52
792.0 -71.52
792.4 -70.64
792.8 -70.51
793.2 -69.44
793.6 -71.65
794.0 -70.5
794.4 -69.79
794.8 -70.85
795.2 -72.61
795.6 -69.78
796.0 -71.63
796.4 -68.92
796.8 -68.85
797.2 -69.49
797.6 -69.24
798.0 -69.96
798.4 -68.98
798.8 -69.76
799.2 -68.75
799.6 -69.95
800.0 -70.58
800.4 -69.65
800.8 -70.35
801.2 -71.61
801.6 -69.23
802.0 -68.9
802.4 -69.31
802.8 -67.94
803.2 -69.07
803.6 -68.76
804.0 -67.6
804.4 -68.62
804.8 -68.14
805.2 -68.62
805.6 -68.29
806.0 -66.64
806.4 -64.32
806.8 -60.94
807.2 -57.37
807.6 -53.38
808.0 -51.83
808.4 -52.98
808.8 -53.54
809.2 -56.92
809.6 -65.07
810.0 -67.81
810.4 -68.9
810.8 -67.07
811.2 -70.34
811.6 -70.14
812.0 -68.22
812.4 -73.93
812.8 -68.86
813.2 -70.38
813.6 -69.36
814.0 -70.18
814.4 -69.54
814.8 -69.38
815.2 -69.21
815.6 -69.56
816.0 -70.02
816.4 -69.66
816.8 -69.01
817.2 -68.94
817.6 -67.66
818.0 -68.73
818.4 -71.03
818.8 -70.92
819.2 -69.21
819.6 -67.27
820.0 -67.39
820.4 -70.02
820.8 -70.33
821.2 -68.35
821.6 -71.13
822.0 -67.21
822.4 -70.1
822.8 -68.95
823.2 -67.83
823.6 -67.63
824.0 -69.88
824.4 -68.73
824.8 -68.75
825.2 -70.1
825.6 -69.36
826.0 -68.93
826.4 -70.15
826.8 -70.08
827.2 -68.98
827.6 -68.12
828.0 -69.3
828.4 -68.5
828.8 -70.15
829.2 -68.06
829.6 -68.61
830.0 -68.57
830.4 -67.76
830.8 -69.3
831.2 -68.92
831.6 -69.28
832.0 -69.92
832.4 -68.5
832.8 -68.65
833.2 -69.93
833.6 -68.53
834.0 -68.12
834.4 -67.95
834.8 -68.45
835.2 -69.14
835.6 -66.54
836.0 -67.42
836.4 -66.96
836.8 -68.32
837.2 -67.59
837.6 -68.18
838.0 -67.92
838.4 -68.24
838.8 -67.62
839.2 -68.56
839.6 -69.94
840.0 -70.41
840.4 -68.39
840.8 -68.81
841.2 -68.1
841.6 -67.87
842.0 -68.81
842.4 -68.64
842.8 -68.23
843.2 -68.38
843.6 -67.68
844.0 -68.23
844.4 -70.32
844.8 -69.33
845.2 -67.94
845.6 -68.08
846.0 -68.22
846.4 -67.46
846.8 -68.96
847.2 -68.26
847.6 -67.45
848.0 -67.45
848.4 -69.25
848.8 -67.66
849.2 -67.93
849.6 -67.88
850.0 -67.05
850.4 -68.06
850.8 -67.78
851.2 -67.52
851.6 -68.0
852.0 -68.71
852.4 -68.44
852.8 -67.85
853.2 -67.9
853.6 -68.18
854.0 -67.45
854.4 -67.71
854.8 -67.58
855.2 -67.54
855.6 -66.69
856.0 -68.57
856.4 -68.21
856.8 -67.61
857.2 -67.0
857.6 -68.35
858.0 -67.65
858.4 -66.88
858.8 -67.22
859.2 -66.95
859.6 -68.29
860.0 -67.41
860.4 -66.26
860.8 -68.07
861.2 -66.72
861.6 -68.52
862.0 -66.96
862.4 -68.52
862.8 -67.82
863.2 -66.49
863.6 -68.61
864.0 -67.09
864.4 -66.97
864.8 -66.71
865.2 -67.65
865.6 -67.15
866.0 -67.07
866.4 -66.03
866.8 -67.73
867.2 -67.05
867.6 -66.79
868.0 -68.04
868.4 -67.12
868.8 -66.56
869.2 -67.48
869.6 -68.13
870.0 -67.83
870.4 -66.43
870.8 -66.97
871.2 -67.95
871.6 -66.8
872.0 -67.03
872.4 -66.05
872.8 -66.51
873.2 -67.13
873.6 -66.15
874.0 -66.81
874.4 -68.05
874.8 -66.43
875.2 -66.72
875.6 -68.56
876.0 -66.81
876.4 -67.92
876.8 -66.51
877.2 -66.9
877.6 -66.39
878.0 -66.15
878.4 -66.49
878.8 -67.12
879.2 -66.65
879.6 -65.66
880.0 -66.05
880.4 -66.39
880.8 -66.6
881.2 -65.74
881.6 -66.53
882.0 -66.18
882.4 -66.55
882.8 -66.27
883.2 -66.27
883.6 -67.22
884.0 -66.34
884.4 -66.48
884.8 -66.2
885.2 -66.4
885.6 -66.96
886.0 -66.03
886.4 -67.7
886.8 -66.69
887.2 -66.46
887.6 -67.2
888.0 -66.79
888.4 -66.02
888.8 -67.28
889.2 -67.64
889.6 -66.87
890.0 -66.56
890.4 -66.14
890.8 -67.2
891.2 -67.88
891.6 -66.64
892.0 -66.1
892.4 -67.08
892.8 -65.28
893.2 -65.98
893.6 -66.38
894.0 -66.67
894.4 -68.01
894.8 -66.91
895.2 -65.94
895.6 -66.5
896.0 -66.44
896.4 -67.16
896.8 -67.75
897.2 -66.85
897.6 -67.39
898.0 -67.35
898.4 -66.57
898.8 -66.99
899.2 -67.24
899.6 -66.87
900.0 -68.28
900.4 -66.6
900.8 -66.61
901.2 -66.41
901.6 -66.37
902.0 -67.12
902.4 -67.3
902.8 -67.89
903.2 -66.92
903.6 -67.57
904.0 -66.03
904.4 -66.3
904.8 -66.76
905.2 -66.52
905.6 -66.49
906.0 -67.32
906.4 -68.15
906.8 -66.91
907.2 -66.7
907.6 -66.7
908.0 -66.4
908.4 -67.85
908.8 -66.91
909.2 -66.5
909.6 -66.47
910.0 -66.98
910.4 -66.09
910.8 -66.94
911.2 -66.81
911.6 -66.66
912.0 -66.91
912.4 -65.68
912.8 -66.57
913.2 -66.23
913.6 -66.77
914.0 -66.9
914.4 -66.07
914.8 -67.33
915.2 -66.48
915.6 -67.17
916.0 -66.7
916.4 -67.9
916.8 -67.34
917.2 -67.24
917.6 -66.74
918.0 -67.24
918.4 -66.45
918.8 -67.24
919.2 -66.9
919.6 -66.82
920.0 -67.29
920.4 -68.93
920.8 -67.26
921.2 -67.34
921.6 -67.47
922.0 -67.68
922.4 -68.38
922.8 -68.18
923.2 -68.94
923.6 -67.49
924.0 -67.69
924.4 -66.82
924.8 -67.62
925.2 -67.56
925.6 -67.36
926.0 -67.82
926.4 -66.46
926.8 -67.35
927.2 -67.5
927.6 -66.51
928.0 -67.65
928.4 -67.6
928.8 -66.89
929.2 -67.85
929.6 -68.43
930.0 -67.29
930.4 -67.05
930.8 -67.78
931.2 -68.47
931.6 -67.08
932.0 -69.16
932.4 -68.46
932.8 -68.35
933.2 -67.49
933.6 -68.64
934.0 -69.21
934.4 -68.99
934.8 -67.19
935.2 -68.39
935.6 -67.61
936.0 -68.64
936.4 -69.19
936.8 -69.35
937.2 -68.79
937.6 -69.26
938.0 -69.88
938.4 -70.13
938.8 -70.38
939.2 -68.41
939.6 -68.46
940.0 -69.02
940.4 -69.8
940.8 -69.43
941.2 -68.23
941.6 -69.72
942.0 -68.6
942.4 -69.0
942.8 -68.32
943.2 -68.04
943.6 -68.86
944.0 -67.79
944.4 -67.95
944.8 -68.7
945.2 -67.75
945.6 -68.9
946.0 -68.01
946.4 -68.72
946.8 -69.01
947.2 -67.99
947.6 -68.65
948.0 -69.5
948.4 -68.59
948.8 -67.96
949.2 -68.44
949.6 -69.18
950.0 -68.61
950.4 -68.63
950.8 -68.86
951.2 -69.34
951.6 -69.09
952.0 -69.34
952.4 -68.15
952.8 -69.15
953.2 -69.06
953.6 -69.15
954.0 -70.19
954.4 -69.76
954.8 -69.18
955.2 -69.24
955.6 -68.87
956.0 -68.82
956.4 -69.26
956.8 -68.44
957.2 -69.69
957.6 -69.71
958.0 -69.13
958.4 -68.2
958.8 -68.19
959.2 -68.81
959.6 -69.81
960.0 -68.79
960.4 -68.01
960.8 -69.26
961.2 -68.61
961.6 -69.54
962.0 -68.58
962.4 -69.39
962.8 -69.26
963.2 -69.83
963.6 -67.78
964.0 -68.74
964.4 -68.98
964.8 -69.73
965.2 -68.17
965.6 -67.68
966.0 -68.28
966.4 -68.96
966.8 -68.7
967.2 -68.65
967.6 -68.73
968.0 -70.12
968.4 -68.56
968.8 -68.89
969.2 -68.76
969.6 -69.44
970.0 -69.46
970.4 -68.92
970.8 -69.59
971.2 -69.43
971.6 -69.76
972.0 -69.4
972.4 -68.74
972.8 -69.47
973.2 -69.0
973.6 -69.67
974.0 -68.55
974.4 -68.9
974.8 -69.06
975.2 -68.6
975.6 -69.01
976.0 -69.45
976.4 -69.38
976.8 -68.66
977.2 -69.19
977.6 -69.29
978.0 -69.41
978.4 -69.95
978.8 -69.56
979.2 -69.09
979.6 -69.59
980.0 -70.08
980.4 -69.66
980.8 -69.97
981.2 -69.24
981.6 -69.89
982.0 -69.09
982.4 -68.8
982.8 -69.47
983.2 -69.19
983.6 -68.73
984.0 -69.15
984.4 -68.33
984.8 -68.63
985.2 -69.18
985.6 -68.92
986.0 -68.29
986.4 -69.02
986.8 -68.62
987.2 -68.66
987.6 -69.25
988.0 -68.71
988.4 -68.77
988.8 -68.63
989.2 -68.57
989.6 -68.6
990.0 -68.05
990.4 -69.12
990.8 -67.93
991.2 -68.15
991.6 -67.87
992.0 -68.04
992.4 -67.49
992.8 -67.79
993.2 -68.48
993.6 -67.33
994.0 -67.86
994.4 -68.22
994.8 -68.17
995.2 -67.93
995.6 -68.46
996.0 -68.63
996.4 -67.31
996.8 -68.06
997.2 -67.85
997.6 -68.29
998.0 -68.69
998.4 -68.52
998.8 -67.87
999.2 -68.43
999.6 -68.18
1000.0 -68.38
