600.0 -76.35
600.4 -74.16
600.8 -71.88
601.2 -73.79
601.6 -77.25
602.0 -69.21
602.4 -84.29
602.8 -210.0
603.2 -210.0
603.6 -77.38
604.0 -71.17
604.4 -75.38
604.8 -71.89
605.2 -210.0
605.6 -73.7
606.0 -210.0
606.4 -210.0
606.8 -70.6
607.2 -73.8
607.6 -84.63
608.0 -210.0
608.4 -70.7
608.8 -71.28
609.2 -210.0
609.6 -79.98
610.0 -210.0
610.4 -72.76
610.8 -72.27
611.2 -77.86
611.6 -74.88
612.0 -69.98
612.4 -69.61
612.8 -78.92
613.2 -74.55
613.6 -71.19
614.0 -69.33
614.4 -72.73
614.8 -71.26
615.2 -210.0
615.6 -74.31
616.0 -82.13
616.4 -72.37
616.8 -72.17
617.2 -70.43
617.6 -210.0
618.0 -77.47
618.4 -72.05
618.8 -73.83
619.2 -210.0
619.6 -210.0
620.0 -73.9
620.4 -71.08
620.8 -70.79
621.2 -74.31
621.6 -70.99
622.0 -210.0
622.4 -74.72
622.8 -70.63
623.2 -73.52
623.6 -71.28
624.0 -210.0
624.4 -69.96
624.8 -73.36
625.2 -72.27
625.6 -70.27
626.0 -73.7
626.4 -72.98
626.8 -71.48
627.2 -76.27
627.6 -70.05
628.0 -73.56
628.4 -210.0
628.8 -72.11
629.2 -82.93
629.6 -210.0
630.0 -73.69
630.4 -71.25
630.8 -69.24
631.2 -79.1
631.6 -73.11
632.0 -70.12
632.4 -71.86
632.8 -73.65
633.2 -70.0
633.6 -70.57
634.0 -72.67
634.4 -73.53
634.8 -71.43
635.2 -69.75
635.6 -81.63
636.0 -73.43
636.4 -74.42
636.8 -69.42
637.2 -71.21
637.6 -69.31
638.0 -70.25
638.4 -71.56
638.8 -71.59
639.2 -70.44
639.6 -69.55
640.0 -68.81
640.4 -71.09
640.8 -71.37
641.2 -70.93
641.6 -70.76
642.0 -74.61
642.4 -72.48
642.8 -70.76
643.2 -67.78
643.6 -71.15
644.0 -70.86
644.4 -69.35
644.8 -70.74
645.2 -69.65
645.6 -69.39
646.0 -70.12
646.4 -68.99
646.8 -72.3
647.2 -70.66
647.6 -68.45
648.0 -67.82
648.4 -67.86
648.8 -69.54
649.2 -69.44
649.6 -67.35
650.0 -69.76
650.4 -69.42
650.8 -68.69
651.2 -67.99
651.6 -69.63
652.0 -69.17
652.4 -68.34
652.8 -69.18
653.2 -69.85
653.6 -67.35
654.0 -68.89
654.4 -69.19
654.8 -68.36
655.2 -68.36
655.6 -67.7
656.0 -68.63
656.4 -68.22
656.8 -68.63
657.2 -68.09
657.6 -67.59
658.0 -69.48
658.4 -67.94
658.8 -69.69
659.2 -67.73
659.6 -69.11
660.0 -67.32
660.4 -68.61
660.8 -68.06
661.2 -68.06
661.6 -68.25
662.0 -67.7
662.4 -68.35
662.8 -68.06
663.2 -67.92
663.6 -67.65
664.0 -68.5
664.4 -67.87
664.8 -67.2
665.2 -67.87
665.6 -67.74
666.0 -67.65
666.4 -67.87
666.8 -66.59
667.2 -69.0
667.6 -67.61
668.0 -69.37
668.4 -66.73
668.8 -66.46
669.2 -67.7
669.6 -66.94
670.0 -67.27
670.4 -67.6
670.8 -67.18
671.2 -68.28
671.6 -67.22
672.0 -67.21
672.4 -67.8
672.8 -67.16
673.2 -66.79
673.6 -67.36
674.0 -67.78
674.4 -67.15
674.8 -67.07
675.2 -66.4
675.6 -67.47
676.0 -67.46
676.4 -66.69
676.8 -67.53
677.2 -66.58
677.6 -67.32
678.0 -67.48
678.4 -67.15
678.8 -67.96
679.2 -66.8
679.6 -67.3
680.0 -66.69
680.4 -66.79
680.8 -67.24
681.2 -66.68
681.6 -67.19
682.0 -67.26
682.4 -66.99
682.8 -67.01
683.2 -66.21
683.6 -67.08
684.0 -67.9
684.4 -66.0
684.8 -66.42
685.2 -67.65
685.6 -66.05
686.0 -67.38
686.4 -65.86
686.8 -66.89
687.2 -66.29
687.6 -67.07
688.0 -67.32
688.4 -65.86
688.8 -66.2
689.2 -66.46
689.6 -66.5
690.0 -66.45
690.4 -65.71
690.8 -66.21
691.2 -67.1
691.6 -66.94
692.0 -66.42
692.4 -65.83
692.8 -66.52
693.2 -66.99
693.6 -65.59
694.0 -67.27
694.4 -66.08
694.8 -66.38
695.2 -67.21
695.6 -66.81
696.0 -66.5
696.4 -66.35
696.8 -67.02
697.2 -67.39
697.6 -66.85
698.0 -66.03
698.4 -66.57
698.8 -66.32
699.2 -66.52
699.6 -65.76
700.0 -67.05
700.4 -67.0
700.8 -65.68
701.2 -65.64
701.6 -66.83
702.0 -65.43
702.4 -65.87
702.8 -66.55
703.2 -65.64
703.6 -66.5
704.0 -66.64
704.4 -66.1
704.8 -66.63
705.2 -65.64
705.6 -67.31
706.0 -65.45
706.4 -67.04
706.8 -65.84
707.2 -65.83
707.6 -65.43
708.0 -65.42
708.4 -65.75
708.8 -65.36
709.2 -67.08
709.6 -65.8
710.0 -65.88
710.4 -65.51
710.8 -66.04
711.2 -65.72
711.6 -66.17
712.0 -65.49
712.4 -66.72
712.8 -65.51
713.2 -65.76
713.6 -66.15
714.0 -66.01
714.4 -65.29
714.8 -65.49
715.2 -65.86
715.6 -66.09
716.0 -66.16
716.4 -66.12
716.8 -65.78
717.2 -65.09
717.6 -66.04
718.0 -65.0
718.4 -66.2
718.8 -65.75
719.2 -65.98
719.6 -65.75
720.0 -65.65
720.4 -64.95
720.8 -65.9
721.2 -65.8
721.6 -65.33
722.0 -66.13
722.4 -65.38
722.8 -66.48
723.2 -65.74
723.6 -65.28
724.0 -65.8
724.4 -65.3
724.8 -65.29
725.2 -65.35
725.6 -66.13
726.0 -65.98
726.4 -65.88
726.8 -65.8
727.2 -65.19
727.6 -65.24
728.0 -65.44
728.4 -65.83
728.8 -65.88
729.2 -65.78
729.6 -65.78
730.0 -66.26
730.4 -64.77
730.8 -65.09
731.2 -65.9
731.6 -65.93
732.0 -65.37
732.4 -65.28
732.8 -64.94
733.2 -65.68
733.6 -65.71
734.0 -66.23
734.4 -65.09
734.8 -64.68
735.2 -65.6
735.6 -64.57
736.0 -66.07
736.4 -65.75
736.8 -65.15
737.2 -66.51
737.6 -66.01
738.0 -65.77
738.4 -65.98
738.8 -67.13
739.2 -65.34
739.6 -65.19
740.0 -65.72
740.4 -65.07
740.8 -66.94
741.2 -65.88
741.6 -65.29
742.0 -65.95
742.4 -67.16
742.8 -65.13
743.2 -65.22
743.6 -65.53
744.0 -66.45
744.4 -66.03
744.8 -65.69
745.2 -65.27
745.6 -65.35
746.0 -65.32
746.4 -65.68
746.8 -65.74
747.2 -65.6
747.6 -66.51
748.0 -65.87
748.4 -65.43
748.8 -66.38
749.2 -65.66
749.6 -65.69
750.0 -66.74
750.4 -65.26
750.8 -65.31
751.2 -65.28
751.6 -65.53
752.0 -65.86
752.4 -66.38
752.8 -66.1
753.2 -65.19
753.6 -65.15
754.0 -64.35
754.4 -65.65
754.8 -65.97
755.2 -65.61
755.6 -65.92
756.0 -66.37
756.4 -66.14
756.8 -65.76
757.2 -67.2
757.6 -65.79
758.0 -65.65
758.4 -65.81
758.8 -64.72
759.2 -65.02
759.6 -65.7
760.0 -65.72
760.4 -65.26
760.8 -65.68
761.2 -65.28
761.6 -66.35
762.0 -65.02
762.4 -64.76
762.8 -64.81
763.2 -65.29
763.6 -64.27
764.0 -65.51
764.4 -65.09
764.8 -65.3
765.2 -65.02
765.6 -65.27
766.0 -64.98
766.4 -65.46
766.8 -65.51
767.2 -64.54
767.6 -64.74
768.0 -65.64
768.4 -65.18
768.8 -65.88
769.2 -65.96
769.6 -65.17
770.0 -64.41
770.4 -64.65
770.8 -64.85
771.2 -65.73
771.6 -65.73
772.0 -65.15
772.4 -65.41
772.8 -65.12
773.2 -64.67
773.6 -65.34
774.0 -64.89
774.4 -65.14
774.8 -65.14
775.2 -64.55
775.6 -65.17
776.0 -64.54
776.4 -65.56
776.8 -65.22
777.2 -64.94
777.6 -65.77
778.0 -65.51
778.4 -65.48
778.8 -65.31
779.2 -64.81
779.6 -64.34
780.0 -64.83
780.4 -65.27
780.8 -64.2
781.2 -64.52
781.6 -64.71
782.0 -65.19
782.4 -64.45
782.8 -65.42
783.2 -65.12
783.6 -64.9
784.0 -64.67
784.4 -64.5
784.8 -64.54
785.2 -65.14
785.6 -64.52
786.0 -65.37
786.4 -64.82
786.8 -64.29
787.2 -64.45
787.6 -63.96
788.0 -64.48
788.4 -63.47
788.8 -64.84
789.2 -64.23
789.6 -64.64
790.0 -63.99
790.4 -64.19
790.8 -65.27
791.2 -64.18
791.6 -64.65
792.0 -64.59
792.4 -64.82
792.8 -64.81
793.2 -64.55
793.6 -64.84
794.0 -64.4
794.4 -64.4
794.8 -64.32
795.2 -65.41
795.6 -64.36
796.0 -64.79
796.4 -65.04
796.8 -64.34
797.2 -63.99
797.6 -64.46
798.0 -64.33
798.4 -65.28
798.8 -64.96
799.2 -64.11
799.6 -64.18
800.0 -64.12
800.4 -64.56
800.8 -63.87
801.2 -64.62
801.6 -64.92
802.0 -63.69
802.4 -64.0
802.8 -64.07
803.2 -64.44
803.6 -65.0
804.0 -64.39
804.4 -64.13
804.8 -64.15
805.2 -63.37
805.6 -63.63
806.0 -63.23
806.4 -60.78
806.8 -57.41
807.2 -53.71
807.6 -49.66
808.0 -48.36
808.4 -49.29
808.8 -49.89
809.2 -53.84
809.6 -61.03
810.0 -62.94
810.4 -63.62
810.8 -64.53
811.2 -64.19
811.6 -64.07
812.0 -63.65
812.4 -63.54
812.8 -64.37
813.2 -64.77
813.6 -63.87
814.0 -64.5
814.4 -63.83
814.8 -63.44
815.2 -64.44
815.6 -63.8
816.0 -63.93
816.4 -65.04
816.8 -63.58
817.2 -63.93
817.6 -63.24
818.0 -63.66
818.4 -63.74
818.8 -64.0
819.2 -64.77
819.6 -63.9
820.0 -63.83
820.4 -64.5
820.8 -63.99
821.2 -63.84
821.6 -63.82
822.0 -63.59
822.4 -63.63
822.8 -63.9
823.2 -63.57
823.6 -63.48
824.0 -63.71
824.4 -64.22
824.8 -63.2
825.2 -63.97
825.6 -63.6
826.0 -63.31
826.4 -63.91
826.8 -63.49
827.2 -64.58
827.6 -63.98
828.0 -64.06
828.4 -63.51
828.8 -63.22
829.2 -63.66
829.6 -64.16
830.0 -63.15
830.4 -63.79
830.8 -63.18
831.2 -63.69
831.6 -63.02
832.0 -63.4
832.4 -63.29
832.8 -63.11
833.2 -63.29
833.6 -63.1
834.0 -63.34
834.4 -63.42
834.8 -62.98
835.2 -62.83
835.6 -62.96
836.0 -63.2
836.4 -63.21
836.8 -62.63
837.2 -63.41
837.6 -62.92
838.0 -63.66
838.4 -62.85
838.8 -63.1
839.2 -63.07
839.6 -63.21
840.0 -63.28
840.4 -63.22
840.8 -62.82
841.2 -63.41
841.6 -63.07
842.0 -62.96
842.4 -62.73
842.8 -63.06
843.2 -63.46
843.6 -63.06
844.0 -63.32
844.4 -62.91
844.8 -63.23
845.2 -62.97
845.6 -63.0
846.0 -63.29
846.4 -62.75
846.8 -63.37
847.2 -62.63
847.6 -63.1
848.0 -62.81
848.4 -63.01
848.8 -62.75
849.2 -62.69
849.6 -62.89
850.0 -62.92
850.4 -62.82
850.8 -62.68
851.2 -62.79
851.6 -62.7
852.0 -62.5
852.4 -62.67
852.8 -62.86
853.2 -62.76
853.6 -62.82
854.0 -62.81
854.4 -63.01
854.8 -62.77
855.2 -63.3
855.6 -62.48
856.0 -62.59
856.4 -62.81
856.8 -62.28
857.2 -62.42
857.6 -62.82
858.0 -62.92
858.4 -62.41
858.8 -62.92
859.2 -62.72
859.6 -62.31
860.0 -62.45
860.4 -62.59
860.8 -62.63
861.2 -62.6
861.6 -62.97
862.0 -62.64
862.4 -62.64
862.8 -62.57
863.2 -62.32
863.6 -62.66
864.0 -62.59
864.4 -62.61
864.8 -62.52
865.2 -62.03
865.6 -62.57
866.0 -62.65
866.4 -62.48
866.8 -62.24
867.2 -62.86
867.6 -62.49
868.0 -62.08
868.4 -62.26
868.8 -62.6
869.2 -62.35
869.6 -62.58
870.0 -62.32
870.4 -62.52
870.8 -62.43
871.2 -62.47
871.6 -62.41
872.0 -62.12
872.4 -62.73
872.8 -62.36
873.2 -62.51
873.6 -62.94
874.0 -62.24
874.4 -62.27
874.8 -62.29
875.2 -62.41
875.6 -62.51
876.0 -62.27
876.4 -61.85
876.8 -62.77
877.2 -61.93
877.6 -62.3
878.0 -62.24
878.4 -61.94
878.8 -62.16
879.2 -62.13
879.6 -61.9
880.0 -62.07
880.4 -61.87
880.8 -62.13
881.2 -62.12
881.6 -61.63
882.0 -61.89
882.4 -61.83
882.8 -61.81
883.2 -62.08
883.6 -62.01
884.0 -62.12
884.4 -61.94
884.8 -62.1
885.2 -61.98
885.6 -61.72
886.0 -62.07
886.4 -61.68
886.8 -62.03
887.2 -61.73
887.6 -61.86
888.0 -62.22
888.4 -61.67
888.8 -62.1
889.2 -61.88
889.6 -61.91
890.0 -62.0
890.4 -62.17
890.8 -61.95
891.2 -61.74
891.6 -61.74
892.0 -61.69
892.4 -62.07
892.8 -61.7
893.2 -61.78
893.6 -62.19
894.0 -61.48
894.4 -61.76
894.8 -61.94
895.2 -61.48
895.6 -61.56
896.0 -61.69
896.4 -62.07
896.8 -61.8
897.2 -61.88
897.6 -61.6
898.0 -62.04
898.4 -61.75
898.8 -61.79
899.2 -61.68
899.6 -61.53
900.0 -62.0
900.4 -61.57
900.8 -61.67
901.2 -61.91
901.6 -61.74
902.0 -61.98
902.4 -61.75
902.8 -62.08
903.2 -61.73
903.6 -61.75
904.0 -61.36
904.4 -61.67
904.8 -61.73
905.2 -61.55
905.6 -61.53
906.0 -61.56
906.4 -61.36
906.8 -61.67
907.2 -61.49
907.6 -61.45
908.0 -61.66
908.4 -61.38
908.8 -61.61
909.2 -61.64
909.6 -61.24
910.0 -61.17
910.4 -61.33
910.8 -61.66
911.2 -61.39
911.6 -61.39
912.0 -61.58
912.4 -61.19
912.8 -61.07
913.2 -61.21
913.6 -60.86
914.0 -61.04
914.4 -61.12
914.8 -60.95
915.2 -61.27
915.6 -60.98
916.0 -61.33
916.4 -60.86
916.8 -61.14
917.2 -61.13
917.6 -61.16
918.0 -61.0
918.4 -61.14
918.8 -60.71
919.2 -60.86
919.6 -60.82
920.0 -60.88
920.4 -60.69
920.8 -60.83
921.2 -60.73
921.6 -61.16
922.0 -60.58
922.4 -60.78
922.8 -60.75
923.2 -60.66
923.6 -60.82
924.0 -60.58
924.4 -60.57
924.8 -60.62
925.2 -60.71
925.6 -60.77
926.0 -60.68
926.4 -60.53
926.8 -60.5
927.2 -60.6
927.6 -60.61
928.0 -60.35
928.4 -60.63
928.8 -60.71
929.2 -60.52
929.6 -60.09
930.0 -60.47
930.4 -60.21
930.8 -60.27
931.2 -60.49
931.6 -60.4
932.0 -60.52
932.4 -60.3
932.8 -60.36
933.2 -60.3
933.6 -60.35
934.0 -60.45
934.4 -60.31
934.8 -60.31
935.2 -60.36
935.6 -60.43
936.0 -60.19
936.4 -60.56
936.8 -60.3
937.2 -60.28
937.6 -60.3
938.0 -60.23
938.4 -60.39
938.8 -60.26
939.2 -60.01
939.6 -60.31
940.0 -60.18
940.4 -60.17
940.8 -60.25
941.2 -60.09
941.6 -60.16
942.0 -60.24
942.4 -60.22
942.8 -60.25
943.2 -59.95
943.6 -60.28
944.0 -60.3
944.4 -60.08
944.8 -60.08
945.2 -60.02
945.6 -60.13
946.0 -60.1
946.4 -59.96
946.8 -60.1
947.2 -60.15
947.6 -60.17
948.0 -60.12
948.4 -60.08
948.8 -59.92
949.2 -59.99
949.6 -60.25
950.0 -60.02
950.4 -60.09
950.8 -60.15
951.2 -60.14
951.6 -60.02
952.0 -59.84
952.4 -59.9
952.8 -59.85
953.2 -59.98
953.6 -59.93
954.0 -59.89
954.4 -59.93
954.8 -59.71
955.2 -60.05
955.6 -59.99
956.0 -60.05
956.4 -59.96
956.8 -60.09
957.2 -60.0
957.6 -60.07
958.0 -59.82
958.4 -59.96
958.8 -60.01
959.2 -59.82
959.6 -59.9
960.0 -59.81
960.4 -59.71
960.8 -59.8
961.2 -59.92
961.6 -59.64
962.0 -59.74
962.4 -59.81
962.8 -59.48
963.2 -59.55
963.6 -59.71
964.0 -59.65
964.4 -59.48
964.8 -59.49
965.2 -59.49
965.6 -59.36
966.0 -59.33
966.4 -59.34
966.8 -59.47
967.2 -59.42
967.6 -59.39
968.0 -59.58
968.4 -59.61
968.8 -59.43
969.2 -59.4
969.6 -59.62
970.0 -59.58
970.4 -59.71
970.8 -59.65
971.2 -59.71
971.6 -59.47
972.0 -59.51
972.4 -59.59
972.8 -59.64
973.2 -59.54
973.6 -59.49
974.0 -59.61
974.4 -59.57
974.8 -59.63
975.2 -59.61
975.6 -59.66
976.0 -59.83
976.4 -59.92
976.8 -59.82
977.2 -59.93
977.6 -59.91
978.0 -59.95
978.4 -59.83
978.8 -59.97
979.2 -59.8
979.6 -59.88
980.0 -59.84
980.4 -60.0
980.8 -59.82
981.2 -59.88
981.6 -59.84
982.0 -59.9
982.4 -59.69
982.8 -59.6
983.2 -59.55
983.6 -59.56
984.0 -59.37
984.4 -59.36
984.8 -59.37
985.2 -59.36
985.6 -59.3
986.0 -59.32
986.4 -59.16
986.8 -59.34
987.2 -59.24
987.6 -59.11
988.0 -59.09
988.4 -59.07
988.8 -59.14
989.2 -58.92
989.6 -58.94
990.0 -58.83
990.4 -58.77
990.8 -58.81
991.2 -58.93
991.6 -58.79
992.0 -58.79
992.4 -58.8
992.8 -58.81
993.2 -58.72
993.6 -58.67
994.0 -58.75
994.4 -58.83
994.8 -58.79
995.2 -58.66
995.6 -58.72
996.0 -58.77
996.4 -58.77
996.8 -58.72
997.2 -58.89
997.6 -58.64
998.0 -58.78
998.4 -58.76
998.8 -58.93
999.2 -58.84
999.6 -58.81
1000.0 -58.82
