600.0 -210.0
600.4 -74.61
600.8 -67.65
601.2 -71.9
601.6 -210.0
602.0 -73.13
602.4 -69.1
602.8 -210.0
603.2 -74.34
603.6 -81.36
604.0 -210.0
604.4 -210.0
604.8 -210.0
605.2 -70.66
605.6 -81.49
606.0 -67.71
606.4 -71.32
606.8 -78.55
607.2 -71.81
607.6 -210.0
608.0 -71.87
608.4 -76.89
608.8 -71.92
609.2 -210.0
609.6 -84.76
610.0 -78.75
610.4 -72.76
610.8 -210.0
611.2 -71.42
611.6 -210.0
612.0 -80.12
612.4 -75.38
612.8 -210.0
613.2 -73.2
613.6 -72.44
614.0 -77.23
614.4 -76.58
614.8 -70.29
615.2 -69.06
615.6 -210.0
616.0 -74.72
616.4 -71.93
616.8 -210.0
617.2 -70.58
617.6 -210.0
618.0 -210.0
618.4 -210.0
618.8 -74.5
619.2 -79.3
619.6 -70.16
620.0 -69.57
620.4 -71.08
620.8 -75.42
621.2 -70.13
621.6 -71.85
622.0 -77.71
622.4 -72.96
622.8 -74.75
623.2 -70.79
623.6 -74.8
624.0 -71.81
624.4 -73.6
624.8 -77.88
625.2 -70.64
625.6 -68.99
626.0 -74.28
626.4 -210.0
626.8 -72.79
627.2 -71.5
627.6 -70.53
628.0 -71.24
628.4 -75.48
628.8 -71.94
629.2 -210.0
629.6 -75.17
630.0 -75.58
630.4 -71.4
630.8 -70.74
631.2 -76.54
631.6 -74.35
632.0 -77.11
632.4 -83.17
632.8 -68.8
633.2 -73.45
633.6 -72.64
634.0 -71.23
634.4 -71.84
634.8 -72.37
635.2 -73.37
635.6 -70.84
636.0 -74.97
636.4 -71.99
636.8 -71.44
637.2 -70.5
637.6 -74.25
638.0 -69.86
638.4 -70.59
638.8 -70.85
639.2 -69.77
639.6 -68.71
640.0 -68.67
640.4 -74.73
640.8 -69.49
641.2 -70.61
641.6 -70.07
642.0 -68.11
642.4 -70.52
642.8 -69.21
643.2 -69.47
643.6 -71.88
644.0 -70.02
644.4 -69.58
644.8 -70.64
645.2 -72.43
645.6 -70.43
646.0 -70.03
646.4 -69.46
646.8 -69.16
647.2 -70.76
647.6 -69.36
648.0 -69.82
648.4 -68.63
648.8 -68.4
649.2 -69.37
649.6 -70.2
650.0 -68.12
650.4 -69.23
650.8 -67.84
651.2 -67.8
651.6 -69.63
652.0 -69.7
652.4 -68.94
652.8 -68.19
653.2 -68.66
653.6 -68.89
654.0 -69.07
654.4 -69.38
654.8 -68.68
655.2 -67.97
655.6 -69.8
656.0 -69.54
656.4 -68.12
656.8 -67.54
657.2 -68.81
657.6 -67.26
658.0 -68.09
658.4 -67.07
658.8 -69.3
659.2 -67.77
659.6 -69.69
660.0 -69.0
660.4 -69.43
660.8 -69.24
661.2 -68.89
661.6 -68.45
662.0 -69.18
662.4 -69.63
662.8 -67.05
663.2 -67.83
663.6 -68.89
664.0 -68.11
664.4 -66.62
664.8 -67.65
665.2 -67.53
665.6 -69.06
666.0 -67.74
666.4 -66.66
666.8 -67.92
667.2 -66.94
667.6 -67.65
668.0 -68.2
668.4 -68.11
668.8 -67.28
669.2 -67.61
669.6 -68.5
670.0 -67.04
670.4 -67.19
670.8 -68.59
671.2 -68.38
671.6 -67.81
672.0 -67.21
672.4 -67.25
672.8 -67.97
673.2 -67.05
673.6 -67.83
674.0 -67.6
674.4 -67.08
674.8 -67.9
675.2 -66.63
675.6 -66.56
676.0 -67.41
676.4 -66.91
676.8 -67.4
677.2 -66.19
677.6 -68.81
678.0 -67.92
678.4 -67.0
678.8 -66.23
679.2 -67.3
679.6 -67.64
680.0 -66.76
680.4 -66.94
680.8 -68.18
681.2 -67.94
681.6 -67.48
682.0 -65.79
682.4 -67.73
682.8 -67.42
683.2 -66.83
683.6 -66.93
684.0 -67.54
684.4 -68.08
684.8 -67.31
685.2 -67.22
685.6 -66.51
686.0 -66.71
686.4 -66.71
686.8 -66.89
687.2 -65.71
687.6 -67.4
688.0 -67.07
688.4 -66.4
688.8 -66.98
689.2 -65.73
689.6 -66.19
690.0 -66.66
690.4 -66.69
690.8 -65.74
691.2 -66.5
691.6 -67.02
692.0 -66.53
692.4 -66.73
692.8 -65.8
693.2 -67.11
693.6 -67.07
694.0 -65.61
694.4 -67.05
694.8 -66.35
695.2 -66.77
695.6 -66.62
696.0 -66.29
696.4 -66.86
696.8 -67.23
697.2 -66.55
697.6 -66.01
698.0 -66.54
698.4 -66.09
698.8 -65.74
699.2 -66.86
699.6 -67.1
700.0 -65.91
700.4 -66.58
700.8 -67.13
701.2 -65.95
701.6 -65.58
702.0 -65.46
702.4 -67.87
702.8 -66.26
703.2 -65.83
703.6 -67.13
704.0 -66.49
704.4 -65.96
704.8 -66.06
705.2 -65.58
705.6 -65.7
706.0 -65.75
706.4 -67.43
706.8 -64.95
707.2 -66.59
707.6 -65.32
708.0 -65.63
708.4 -65.56
708.8 -65.65
709.2 -66.83
709.6 -65.99
710.0 -66.08
710.4 -65.11
710.8 -65.24
711.2 -65.87
711.6 -65.61
712.0 -66.03
712.4 -65.64
712.8 -65.82
713.2 -65.0
713.6 -66.08
714.0 -66.04
714.4 -65.61
714.8 -65.93
715.2 -65.82
715.6 -66.16
716.0 -66.16
716.4 -65.53
716.8 -65.44
717.2 -67.12
717.6 -65.52
718.0 -66.06
718.4 -67.11
718.8 -65.18
719.2 -65.41
719.6 -66.16
720.0 -65.4
720.4 -65.91
720.8 -64.83
721.2 -65.61
721.6 -66.43
722.0 -65.5
722.4 -66.13
722.8 -65.43
723.2 -66.41
723.6 -64.59
724.0 -65.7
724.4 -65.97
724.8 -65.01
725.2 -65.76
725.6 -65.06
726.0 -66.61
726.4 -65.22
726.8 -64.96
727.2 -65.36
727.6 -64.52
728.0 -65.69
728.4 -66.51
728.8 -65.34
729.2 -65.37
729.6 -65.43
730.0 -65.45
730.4 -65.07
730.8 -65.47
731.2 -65.09
731.6 -65.38
732.0 -66.1
732.4 -66.39
732.8 -65.14
733.2 -65.04
733.6 -64.59
734.0 -65.36
734.4 -64.92
734.8 -66.01
735.2 -66.11
735.6 -65.19
736.0 -65.76
736.4 -64.98
736.8 -65.55
737.2 -65.39
737.6 -64.94
738.0 -65.74
738.4 -65.94
738.8 -65.9
739.2 -65.93
739.6 -64.85
740.0 -65.21
740.4 -65.46
740.8 -65.68
741.2 -65.42
741.6 -65.51
742.0 -65.84
742.4 -64.8
742.8 -65.97
743.2 -65.19
743.6 -65.13
744.0 -65.52
744.4 -66.0
744.8 -64.5
745.2 -65.18
745.6 -64.21
746.0 -65.17
746.4 -65.14
746.8 -64.83
747.2 -65.16
747.6 -66.35
748.0 -65.25
748.4 -65.93
748.8 -65.01
749.2 -66.46
749.6 -65.46
750.0 -64.94
750.4 -65.29
750.8 -65.81
751.2 -65.16
751.6 -64.44
752.0 -64.77
752.4 -64.4
752.8 -65.71
753.2 -64.98
753.6 -64.48
754.0 -65.0
754.4 -66.08
754.8 -64.55
755.2 -64.7
755.6 -64.98
756.0 -65.47
756.4 -64.66
756.8 -65.42
757.2 -65.02
757.6 -64.73
758.0 -64.84
758.4 -64.94
758.8 -64.83
759.2 -64.79
759.6 -65.46
760.0 -64.72
760.4 -65.13
760.8 -65.34
761.2 -64.58
761.6 -64.32
762.0 -64.23
762.4 -64.62
762.8 -65.45
763.2 -64.3
763.6 -64.81
764.0 -64.74
764.4 -65.68
764.8 -65.02
765.2 -65.21
765.6 -65.05
766.0 -65.63
766.4 -65.29
766.8 -66.13
767.2 -63.98
767.6 -64.54
768.0 -64.73
768.4 -64.43
768.8 -64.89
769.2 -65.36
769.6 -64.63
770.0 -64.94
770.4 -63.98
770.8 -64.74
771.2 -64.57
771.6 -64.13
772.0 -65.02
772.4 -64.93
772.8 -65.18
773.2 -64.04
773.6 -64.37
774.0 -65.01
774.4 -64.58
774.8 -64.36
775.2 -64.95
775.6 -64.69
776.0 -65.16
776.4 -64.51
776.8 -64.32
777.2 -63.88
777.6 -64.68
778.0 -64.78
778.4 -65.02
778.8 -64.26
779.2 -64.24
779.6 -64.26
780.0 -64.1
780.4 -64.38
780.8 -64.3
781.2 -65.11
781.6 -64.62
782.0 -64.65
782.4 -64.22
782.8 -64.4
783.2 -64.64
783.6 -64.26
784.0 -64.75
784.4 -64.06
784.8 -64.17
785.2 -64.83
785.6 -63.87
786.0 -65.24
786.4 -63.79
786.8 -64.16
787.2 -63.7
787.6 -64.7
788.0 -63.18
788.4 -64.61
788.8 -64.99
789.2 -63.76
789.6 -64.1
790.0 -64.71
790.4 -64.24
790.8 -63.57
791.2 -64.21
791.6 -64.48
792.0 -63.36
792.4 -64.01
792.8 -64.49
793.2 -64.12
793.6 -63.06
794.0 -64.63
794.4 -64.32
794.8 -64.09
795.2 -64.8
795.6 -63.83
796.0 -64.02
796.4 -64.45
796.8 -64.59
797.2 -64.04
797.6 -64.09
798.0 -63.94
798.4 -63.55
798.8 -63.51
799.2 -63.88
799.6 -64.24
800.0 -63.61
800.4 -63.87
800.8 -63.43
801.2 -63.81
801.6 -63.58
802.0 -63.81
802.4 -64.13
802.8 -63.87
803.2 -64.25
803.6 -63.65
804.0 -64.45
804.4 -63.73
804.8 -62.79
805.2 -62.98
805.6 -62.8
806.0 -62.33
806.4 -60.5
806.8 -56.84
807.2 -53.36
807.6 -49.4
808.0 -47.96
808.4 -48.81
808.8 -49.44
809.2 -53.45
809.6 -60.37
810.0 -62.75
810.4 -62.95
810.8 -63.2
811.2 -64.19
811.6 -63.51
812.0 -63.1
812.4 -63.61
812.8 -63.6
813.2 -64.3
813.6 -64.09
814.0 -63.68
814.4 -63.49
814.8 -63.91
815.2 -63.61
815.6 -63.85
816.0 -63.5
816.4 -63.24
816.8 -63.32
817.2 -63.03
817.6 -63.47
818.0 -63.01
818.4 -63.65
818.8 -63.77
819.2 -63.56
819.6 -63.27
820.0 -63.21
820.4 -63.34
820.8 -63.42
821.2 -63.13
821.6 -64.31
822.0 -63.18
822.4 -63.94
822.8 -62.88
823.2 -63.88
823.6 -64.49
824.0 -63.21
824.4 -63.31
824.8 -63.74
825.2 -63.17
825.6 -63.62
826.0 -63.07
826.4 -63.45
826.8 -63.18
827.2 -63.48
827.6 -63.54
828.0 -63.24
828.4 -63.3
828.8 -63.41
829.2 -63.06
829.6 -64.19
830.0 -63.21
830.4 -62.81
830.8 -62.95
831.2 -62.79
831.6 -63.3
832.0 -62.95
832.4 -62.98
832.8 -62.94
833.2 -62.83
833.6 -62.75
834.0 -62.54
834.4 -62.6
834.8 -62.36
835.2 -62.49
835.6 -62.93
836.0 -62.86
836.4 -62.75
836.8 -62.38
837.2 -62.92
837.6 -63.15
838.0 -62.71
838.4 -62.56
838.8 -62.75
839.2 -63.03
839.6 -62.62
840.0 -62.86
840.4 -62.86
840.8 -62.91
841.2 -63.14
841.6 -63.16
842.0 -62.68
842.4 -62.65
842.8 -62.76
843.2 -62.73
843.6 -62.32
844.0 -62.87
844.4 -62.24
844.8 -62.61
845.2 -62.9
845.6 -62.89
846.0 -62.57
846.4 -62.46
846.8 -62.4
847.2 -62.39
847.6 -62.29
848.0 -62.4
848.4 -62.29
848.8 -62.55
849.2 -62.3
849.6 -62.4
850.0 -62.8
850.4 -62.39
850.8 -62.23
851.2 -62.37
851.6 -62.23
852.0 -62.35
852.4 -62.35
852.8 -62.68
853.2 -62.45
853.6 -62.32
854.0 -62.52
854.4 -62.44
854.8 -62.19
855.2 -61.77
855.6 -62.38
856.0 -62.19
856.4 -62.51
856.8 -62.04
857.2 -62.34
857.6 -62.03
858.0 -62.33
858.4 -62.22
858.8 -62.16
859.2 -62.12
859.6 -62.04
860.0 -61.87
860.4 -62.34
860.8 -61.82
861.2 -62.16
861.6 -61.85
862.0 -61.82
862.4 -61.88
862.8 -62.12
863.2 -61.77
863.6 -61.83
864.0 -61.81
864.4 -62.24
864.8 -62.01
865.2 -62.0
865.6 -61.94
866.0 -62.05
866.4 -61.69
866.8 -62.05
867.2 -61.79
867.6 -62.14
868.0 -62.0
868.4 -62.02
868.8 -61.96
869.2 -62.16
869.6 -61.99
870.0 -61.76
870.4 -61.91
870.8 -61.79
871.2 -62.07
871.6 -61.63
872.0 -62.02
872.4 -61.68
872.8 -61.52
873.2 -61.75
873.6 -61.62
874.0 -61.92
874.4 -61.61
874.8 -62.2
875.2 -61.49
875.6 -61.74
876.0 -61.69
876.4 -61.71
876.8 -61.55
877.2 -61.93
877.6 -61.62
878.0 -61.13
878.4 -61.63
878.8 -61.48
879.2 -61.65
879.6 -61.5
880.0 -61.35
880.4 -61.56
880.8 -61.91
881.2 -61.5
881.6 -61.66
882.0 -61.43
882.4 -61.73
882.8 -61.49
883.2 -61.4
883.6 -61.45
884.0 -61.45
884.4 -61.27
884.8 -61.71
885.2 -61.35
885.6 -60.97
886.0 -61.29
886.4 -61.17
886.8 -61.65
887.2 -61.23
887.6 -61.29
888.0 -61.19
888.4 -61.14
888.8 -61.26
889.2 -60.96
889.6 -61.45
890.0 -61.21
890.4 -61.1
890.8 -61.02
891.2 -60.86
891.6 -61.03
892.0 -61.33
892.4 -61.14
892.8 -61.11
893.2 -60.95
893.6 -60.93
894.0 -60.95
894.4 -60.82
894.8 -60.94
895.2 -61.24
895.6 -60.84
896.0 -60.98
896.4 -60.87
896.8 -60.98
897.2 -60.87
897.6 -61.09
898.0 -61.0
898.4 -61.02
898.8 -60.94
899.2 -61.08
899.6 -60.99
900.0 -60.69
900.4 -60.76
900.8 -60.62
901.2 -60.77
901.6 -60.72
902.0 -60.97
902.4 -60.69
902.8 -60.67
903.2 -60.51
903.6 -60.65
904.0 -60.71
904.4 -60.46
904.8 -60.93
905.2 -60.89
905.6 -60.44
906.0 -60.57
906.4 -60.82
906.8 -60.62
907.2 -60.55
907.6 -60.46
908.0 -60.85
908.4 -60.24
908.8 -60.44
909.2 -60.33
909.6 -60.39
910.0 -60.03
910.4 -60.29
910.8 -60.36
911.2 -60.17
911.6 -60.05
912.0 -60.41
912.4 -60.15
912.8 -60.59
913.2 -60.02
913.6 -60.22
914.0 -60.09
914.4 -60.13
914.8 -60.24
915.2 -59.95
915.6 -59.91
916.0 -59.99
916.4 -59.92
916.8 -59.72
917.2 -59.79
917.6 -59.74
918.0 -59.71
918.4 -59.78
918.8 -59.82
919.2 -59.62
919.6 -59.66
920.0 -59.63
920.4 -59.53
920.8 -59.48
921.2 -59.88
921.6 -59.48
922.0 -59.62
922.4 -59.45
922.8 -59.34
923.2 -59.58
923.6 -59.36
924.0 -59.45
924.4 -59.44
924.8 -59.38
925.2 -59.44
925.6 -59.28
926.0 -59.12
926.4 -59.56
926.8 -59.36
927.2 -59.16
927.6 -59.14
928.0 -59.16
928.4 -59.28
928.8 -59.1
929.2 -58.95
929.6 -59.24
930.0 -59.14
930.4 -59.15
930.8 -58.79
931.2 -59.09
931.6 -59.22
932.0 -58.88
932.4 -58.73
932.8 -58.99
933.2 -58.79
933.6 -58.75
934.0 -58.94
934.4 -59.0
934.8 -58.99
935.2 -58.88
935.6 -58.91
936.0 -58.96
936.4 -58.72
936.8 -58.6
937.2 -58.68
937.6 -58.67
938.0 -58.78
938.4 -58.88
938.8 -58.65
939.2 -58.51
939.6 -58.5
940.0 -58.63
940.4 -58.4
940.8 -58.43
941.2 -58.58
941.6 -58.31
942.0 -58.44
942.4 -58.58
942.8 -58.5
943.2 -58.39
943.6 -58.39
944.0 -58.45
944.4 -58.23
944.8 -58.38
945.2 -58.33
945.6 -58.22
946.0 -58.4
946.4 -58.26
946.8 -58.11
947.2 -58.26
947.6 -58.25
948.0 -58.31
948.4 -58.18
948.8 -58.05
949.2 -58.27
949.6 -57.97
950.0 -58.03
950.4 -57.96
950.8 -58.02
951.2 -58.13
951.6 -58.09
952.0 -58.02
952.4 -58.0
952.8 -58.12
953.2 -58.01
953.6 -57.89
954.0 -57.89
954.4 -57.93
954.8 -57.99
955.2 -57.84
955.6 -57.88
956.0 -57.86
956.4 -58.0
956.8 -57.79
957.2 -57.82
957.6 -57.85
958.0 -57.7
958.4 -57.9
958.8 -57.71
959.2 -57.71
959.6 -57.72
960.0 -57.59
960.4 -57.51
960.8 -57.7
961.2 -57.67
961.6 -57.67
962.0 -57.62
962.4 -57.47
962.8 -57.4
963.2 -57.34
963.6 -57.44
964.0 -57.34
964.4 -57.45
964.8 -57.33
965.2 -57.28
965.6 -57.2
966.0 -57.36
966.4 -57.22
966.8 -57.48
967.2 -57.22
967.6 -57.29
968.0 -57.22
968.4 -57.31
968.8 -57.2
969.2 -57.29
969.6 -57.07
970.0 -57.19
970.4 -57.18
970.8 -57.19
971.2 -57.18
971.6 -57.34
972.0 -57.28
972.4 -57.22
972.8 -57.34
973.2 -57.28
973.6 -57.43
974.0 -57.32
974.4 -57.5
974.8 -57.43
975.2 -57.53
975.6 -57.49
976.0 -57.39
976.4 -57.66
976.8 -57.7
977.2 -57.62
977.6 -57.51
978.0 -57.65
978.4 -57.66
978.8 -57.63
979.2 -57.53
979.6 -57.68
980.0 -57.59
980.4 -57.53
980.8 -57.66
981.2 -57.51
981.6 -57.47
982.0 -57.46
982.4 -57.36
982.8 -57.48
983.2 -57.31
983.6 -57.27
984.0 -57.27
984.4 -57.21
984.8 -57.07
985.2 -57.27
985.6 -57.03
986.0 -56.93
986.4 -56.82
986.8 -56.94
987.2 -56.82
987.6 -56.8
988.0 -56.83
988.4 -56.89
988.8 -56.71
989.2 -56.79
989.6 -56.75
990.0 -56.77
990.4 -56.7
990.8 -56.65
991.2 -56.68
991.6 -56.71
992.0 -56.69
992.4 -56.64
992.8 -56.69
993.2 -56.68
993.6 -56.69
994.0 -56.5
994.4 -56.62
994.8 -56.72
995.2 -56.65
995.6 -56.6
996.0 -56.69
996.4 -56.75
996.8 -56.66
997.2 -56.75
997.6 -56.66
998.0 -56.83
998.4 -56.92
998.8 -56.96
999.2 -56.98
999.6 -56.76
1000.0 -56.92
