600.0 -73.34
600.4 -71.6
600.8 -210.0
601.2 -75.17
601.6 -210.0
602.0 -210.0
602.4 -210.0
602.8 -210.0
603.2 -210.0
603.6 -210.0
604.0 -210.0
604.4 -210.0
604.8 -210.0
605.2 -210.0
605.6 -69.44
606.0 -74.98
606.4 -75.0
606.8 -210.0
607.2 -70.12
607.6 -71.84
608.0 -210.0
608.4 -78.65
608.8 -81.7
609.2 -210.0
609.6 -210.0
610.0 -73.01
610.4 -210.0
610.8 -74.41
611.2 -210.0
611.6 -70.73
612.0 -75.86
612.4 -210.0
612.8 -210.0
613.2 -210.0
613.6 -210.0
614.0 -210.0
614.4 -75.04
614.8 -82.06
615.2 -85.09
615.6 -75.11
616.0 -68.51
616.4 -82.15
616.8 -210.0
617.2 -74.79
617.6 -74.09
618.0 -210.0
618.4 -210.0
618.8 -79.27
619.2 -77.54
619.6 -210.0
620.0 -76.33
620.4 -73.93
620.8 -79.39
621.2 -210.0
621.6 -85.47
622.0 -71.35
622.4 -77.06
622.8 -70.63
623.2 -210.0
623.6 -75.18
624.0 -210.0
624.4 -210.0
624.8 -210.0
625.2 -80.92
625.6 -85.72
626.0 -210.0
626.4 -79.74
626.8 -73.49
627.2 -82.81
627.6 -75.05
628.0 -85.87
628.4 -72.89
628.8 -78.93
629.2 -210.0
629.6 -210.0
630.0 -75.58
630.4 -83.02
630.8 -74.29
631.2 -83.08
631.6 -210.0
632.0 -83.14
632.4 -78.39
632.8 -75.79
633.2 -210.0
633.6 -210.0
634.0 -73.98
634.4 -83.31
634.8 -210.0
635.2 -210.0
635.6 -210.0
636.0 -210.0
636.4 -80.44
636.8 -80.47
637.2 -210.0
637.6 -210.0
638.0 -210.0
638.4 -71.84
638.8 -72.17
639.2 -73.06
639.6 -76.71
640.0 -86.74
640.4 -75.31
640.8 -74.77
641.2 -210.0
641.6 -75.42
642.0 -74.13
642.4 -73.53
642.8 -76.58
643.2 -82.25
643.6 -72.01
644.0 -210.0
644.4 -74.35
644.8 -81.15
645.2 -79.42
645.6 -74.69
646.0 -72.96
646.4 -75.85
646.8 -78.32
647.2 -73.07
647.6 -75.66
648.0 -210.0
648.4 -210.0
648.8 -70.63
649.2 -75.01
649.6 -87.61
650.0 -210.0
650.4 -69.83
650.8 -79.16
651.2 -78.08
651.6 -81.6
652.0 -74.62
652.4 -73.49
652.8 -71.61
653.2 -74.63
653.6 -74.64
654.0 -72.08
654.4 -73.84
654.8 -72.34
655.2 -82.88
655.6 -210.0
656.0 -77.25
656.4 -72.48
656.8 -71.43
657.2 -71.44
657.6 -75.12
658.0 -73.87
658.4 -76.54
658.8 -75.38
659.2 -75.38
659.6 -71.06
660.0 -76.9
660.4 -74.27
660.8 -77.7
661.2 -72.01
661.6 -73.07
662.0 -76.23
662.4 -210.0
662.8 -75.39
663.2 -72.51
663.6 -210.0
664.0 -87.7
664.4 -72.38
664.8 -72.13
665.2 -72.64
665.6 -210.0
666.0 -71.78
666.4 -76.23
666.8 -73.38
667.2 -210.0
667.6 -79.24
668.0 -75.14
668.4 -73.72
668.8 -73.07
669.2 -74.08
669.6 -71.9
670.0 -73.71
670.4 -75.13
670.8 -80.69
671.2 -84.67
671.6 -71.99
672.0 -75.11
672.4 -80.68
672.8 -71.86
673.2 -73.68
673.6 -76.52
674.0 -73.33
674.4 -71.85
674.8 -210.0
675.2 -72.19
675.6 -73.83
676.0 -71.6
676.4 -71.5
676.8 -73.47
677.2 -77.62
677.6 -73.81
678.0 -87.61
678.4 -72.55
678.8 -70.19
679.2 -71.91
679.6 -76.8
680.0 -73.61
680.4 -210.0
680.8 -74.35
681.2 -70.76
681.6 -74.34
682.0 -76.42
682.4 -74.55
682.8 -73.23
683.2 -76.41
683.6 -74.31
684.0 -76.07
684.4 -70.9
684.8 -75.22
685.2 -73.37
685.6 -210.0
686.0 -75.46
686.4 -71.07
686.8 -72.31
687.2 -72.31
687.6 -79.03
688.0 -74.06
688.4 -73.0
688.8 -73.33
689.2 -77.47
689.6 -71.23
690.0 -73.84
690.4 -210.0
690.8 -78.99
691.2 -69.88
691.6 -78.4
692.0 -71.86
692.4 -71.73
692.8 -72.1
693.2 -72.63
693.6 -75.1
694.0 -71.95
694.4 -71.7
694.8 -72.33
695.2 -74.37
695.6 -73.4
696.0 -210.0
696.4 -69.87
696.8 -210.0
697.2 -210.0
697.6 -76.55
698.0 -72.56
698.4 -79.54
698.8 -71.3
699.2 -84.31
699.6 -75.27
700.0 -71.62
700.4 -73.15
700.8 -71.06
701.2 -74.5
701.6 -71.6
702.0 -72.36
702.4 -71.58
702.8 -74.04
703.2 -72.34
703.6 -78.8
704.0 -72.19
704.4 -78.2
704.8 -77.69
705.2 -76.43
705.6 -73.61
706.0 -73.07
706.4 -72.89
706.8 -71.41
707.2 -77.65
707.6 -72.88
708.0 -70.75
708.4 -78.14
708.8 -73.56
709.2 -87.17
709.6 -70.18
710.0 -71.84
710.4 -76.02
710.8 -69.9
711.2 -78.69
711.6 -73.52
712.0 -74.58
712.4 -72.36
712.8 -73.32
713.2 -71.81
713.6 -73.31
714.0 -72.64
714.4 -79.32
714.8 -72.63
715.2 -72.47
715.6 -70.47
716.0 -71.91
716.4 -69.02
716.8 -73.28
717.2 -69.75
717.6 -75.31
718.0 -74.28
718.4 -71.04
718.8 -72.14
719.2 -84.05
719.6 -69.81
720.0 -74.49
720.4 -71.86
720.8 -70.6
721.2 -71.01
721.6 -71.24
722.0 -73.8
722.4 -72.55
722.8 -73.59
723.2 -68.95
723.6 -70.03
724.0 -76.21
724.4 -72.09
724.8 -71.08
725.2 -210.0
725.6 -73.02
726.0 -71.07
726.4 -72.21
726.8 -69.49
727.2 -72.66
727.6 -69.57
728.0 -70.53
728.4 -74.18
728.8 -69.71
729.2 -76.96
729.6 -74.91
730.0 -70.32
730.4 -70.82
730.8 -70.5
731.2 -72.96
731.6 -71.37
732.0 -70.11
732.4 -70.02
732.8 -73.5
733.2 -70.68
733.6 -70.68
734.0 -75.15
734.4 -73.29
734.8 -74.86
735.2 -79.12
735.6 -73.47
736.0 -210.0
736.4 -69.98
736.8 -75.75
737.2 -73.88
737.6 -71.82
738.0 -70.75
738.4 -76.08
738.8 -79.88
739.2 -77.32
739.6 -72.09
740.0 -69.7
740.4 -72.54
740.8 -75.39
741.2 -76.05
741.6 -69.77
742.0 -73.04
742.4 -69.86
742.8 -74.79
743.2 -69.2
743.6 -74.53
744.0 -68.56
744.4 -74.52
744.8 -69.34
745.2 -70.49
745.6 -69.57
746.0 -76.82
746.4 -70.58
746.8 -71.9
747.2 -70.57
747.6 -70.08
748.0 -77.77
748.4 -72.02
748.8 -68.94
749.2 -70.67
749.6 -69.39
750.0 -72.16
750.4 -70.45
750.8 -71.21
751.2 -73.55
751.6 -70.97
752.0 -70.63
752.4 -74.45
752.8 -73.74
753.2 -76.75
753.6 -70.01
754.0 -77.19
754.4 -71.67
754.8 -70.7
755.2 -71.03
755.6 -69.9
756.0 -69.98
756.4 -71.65
756.8 -69.21
757.2 -73.91
757.6 -71.77
758.0 -72.37
758.4 -70.88
758.8 -71.49
759.2 -69.85
759.6 -70.64
760.0 -69.75
760.4 -72.68
760.8 -71.46
761.2 -73.03
761.6 -74.09
762.0 -72.49
762.4 -69.48
762.8 -74.58
763.2 -71.06
763.6 -71.71
764.0 -71.84
764.4 -71.17
764.8 -74.05
765.2 -69.45
765.6 -77.57
766.0 -68.4
766.4 -74.04
766.8 -68.46
767.2 -73.16
767.6 -76.59
768.0 -210.0
768.4 -70.78
768.8 -69.94
769.2 -74.26
769.6 -69.84
770.0 -73.77
770.4 -69.93
770.8 -70.87
771.2 -70.99
771.6 -68.92
772.0 -71.77
772.4 -70.86
772.8 -70.75
773.2 -70.52
773.6 -71.63
774.0 -75.74
774.4 -70.1
774.8 -74.23
775.2 -71.09
775.6 -69.13
776.0 -210.0
776.4 -70.09
776.8 -70.29
777.2 -71.21
777.6 -69.9
778.0 -71.89
778.4 -69.98
778.8 -70.83
779.2 -69.61
779.6 -73.73
780.0 -69.88
780.4 -69.1
780.8 -68.8
781.2 -69.43
781.6 -73.07
782.0 -70.93
782.4 -69.51
782.8 -69.77
783.2 -69.58
783.6 -71.04
784.0 -69.5
784.4 -71.57
784.8 -72.5
785.2 -73.69
785.6 -71.42
786.0 -69.4
786.4 -68.83
786.8 -70.55
787.2 -67.33
787.6 -68.98
788.0 -70.34
788.4 -70.12
788.8 -69.92
789.2 -76.04
789.6 -69.83
790.0 -69.04
790.4 -71.13
790.8 -69.37
791.2 -71.66
791.6 -70.99
792.0 -73.43
792.4 -70.99
792.8 -70.86
793.2 -69.44
793.6 -70.3
794.0 -69.98
794.4 -72.44
794.8 -68.49
795.2 -73.41
795.6 -72.09
796.0 -72.09
796.4 -68.77
796.8 -69.68
797.2 -69.77
797.6 -70.16
798.0 -67.31
798.4 -71.76
798.8 -70.82
799.2 -70.7
799.6 -71.76
800.0 -68.82
800.4 -67.57
800.8 -68.97
801.2 -74.34
801.6 -69.4
802.0 -69.23
802.4 -71.61
802.8 -71.08
803.2 -68.76
803.6 -73.61
804.0 -70.72
804.4 -68.77
804.8 -69.0
805.2 -67.89
805.6 -69.79
806.0 -68.63
806.4 -66.59
806.8 -61.16
807.2 -57.67
807.6 -53.84
808.0 -52.22
808.4 -53.31
808.8 -53.98
809.2 -57.56
809.6 -65.47
810.0 -68.25
810.4 -71.01
810.8 -69.93
811.2 -67.83
811.6 -68.84
812.0 -70.05
812.4 -70.92
812.8 -70.7
813.2 -68.72
813.6 -70.39
814.0 -72.2
814.4 -69.71
814.8 -70.41
815.2 -71.09
815.6 -69.73
816.0 -70.02
816.4 -75.1
816.8 -67.59
817.2 -69.33
817.6 -73.8
818.0 -72.78
818.4 -72.98
818.8 -68.97
819.2 -68.29
819.6 -70.93
820.0 -70.4
820.4 -67.51
820.8 -70.13
821.2 -70.24
821.6 -70.9
822.0 -73.7
822.4 -69.57
822.8 -71.29
823.2 -68.9
823.6 -70.85
824.0 -70.06
824.4 -70.07
824.8 -69.11
825.2 -71.03
825.6 -68.21
826.0 -72.38
826.4 -69.09
826.8 -69.11
827.2 -69.75
827.6 -72.01
828.0 -67.74
828.4 -68.89
828.8 -67.77
829.2 -70.36
829.6 -69.0
830.0 -70.04
830.4 -71.87
830.8 -70.46
831.2 -67.67
831.6 -68.81
832.0 -68.97
832.4 -69.56
832.8 -69.74
833.2 -68.28
833.6 -67.84
834.0 -69.91
834.4 -68.96
834.8 -68.92
835.2 -70.68
835.6 -69.95
836.0 -67.64
836.4 -67.72
836.8 -68.48
837.2 -68.51
837.6 -70.85
838.0 -70.98
838.4 -68.34
838.8 -69.03
839.2 -69.91
839.6 -69.6
840.0 -68.93
840.4 -69.67
840.8 -68.6
841.2 -70.49
841.6 -70.66
842.0 -70.75
842.4 -70.09
842.8 -67.64
843.2 -68.64
843.6 -69.53
844.0 -69.21
844.4 -68.86
844.8 -69.39
845.2 -69.72
845.6 -70.56
846.0 -67.3
846.4 -67.63
846.8 -68.63
847.2 -68.51
847.6 -67.97
848.0 -68.73
848.4 -68.62
848.8 -68.57
849.2 -67.62
849.6 -69.58
850.0 -67.74
850.4 -69.0
850.8 -69.37
851.2 -68.19
851.6 -69.62
852.0 -68.39
852.4 -67.23
852.8 -69.55
853.2 -68.09
853.6 -70.35
854.0 -69.15
854.4 -68.53
854.8 -67.58
855.2 -67.5
855.6 -68.85
856.0 -68.85
856.4 -68.16
856.8 -67.88
857.2 -67.82
857.6 -68.51
858.0 -68.2
858.4 -67.03
858.8 -67.3
859.2 -67.51
859.6 -67.64
860.0 -67.06
860.4 -67.17
860.8 -67.45
861.2 -68.48
861.6 -67.35
862.0 -68.16
862.4 -67.61
862.8 -69.27
863.2 -68.15
863.6 -68.83
864.0 -68.89
864.4 -68.03
864.8 -67.89
865.2 -67.65
865.6 -67.35
866.0 -67.88
866.4 -66.38
866.8 -67.64
867.2 -66.79
867.6 -67.42
868.0 -69.21
868.4 -67.54
868.8 -67.15
869.2 -68.39
869.6 -67.53
870.0 -67.83
870.4 -68.75
870.8 -67.05
871.2 -66.63
871.6 -67.66
872.0 -68.51
872.4 -68.13
872.8 -68.23
873.2 -69.4
873.6 -67.0
874.0 -66.92
874.4 -67.03
874.8 -67.27
875.2 -67.57
875.6 -67.51
876.0 -68.38
876.4 -66.52
876.8 -67.86
877.2 -68.36
877.6 -66.71
878.0 -67.47
878.4 -67.75
878.8 -68.74
879.2 -66.0
879.6 -66.09
880.0 -67.86
880.4 -67.27
880.8 -67.19
881.2 -66.86
881.6 -66.56
882.0 -66.35
882.4 -68.48
882.8 -67.18
883.2 -67.01
883.6 -69.35
884.0 -67.8
884.4 -67.48
884.8 -67.51
885.2 -67.75
885.6 -69.34
886.0 -67.99
886.4 -67.7
886.8 -68.53
887.2 -67.46
887.6 -66.5
888.0 -67.83
888.4 -67.78
888.8 -66.79
889.2 -68.29
889.6 -68.63
890.0 -67.36
890.4 -67.58
890.8 -67.5
891.2 -67.88
891.6 -67.16
892.0 -68.53
892.4 -67.51
892.8 -68.0
893.2 -67.13
893.6 -67.71
894.0 -66.71
894.4 -66.64
894.8 -68.5
895.2 -66.72
895.6 -67.32
896.0 -66.84
896.4 -68.57
896.8 -67.84
897.2 -66.93
897.6 -69.32
898.0 -67.48
898.4 -69.13
898.8 -68.48
899.2 -68.95
899.6 -67.86
900.0 -67.2
900.4 -67.09
900.8 -67.89
901.2 -68.15
901.6 -67.95
902.0 -67.54
902.4 -68.12
902.8 -69.02
903.2 -67.75
903.6 -68.29
904.0 -68.8
904.4 -68.58
904.8 -66.8
905.2 -67.66
905.6 -67.66
906.0 -67.41
906.4 -66.65
906.8 -67.92
907.2 -68.76
907.6 -68.02
908.0 -68.13
908.4 -68.55
908.8 -68.05
909.2 -69.82
909.6 -67.61
910.0 -67.17
910.4 -68.35
910.8 -68.41
911.2 -66.4
911.6 -67.96
912.0 -67.21
912.4 -66.9
912.8 -67.37
913.2 -66.96
913.6 -67.91
914.0 -67.71
914.4 -68.17
914.8 -67.91
915.2 -68.55
915.6 -68.82
916.0 -70.24
916.4 -68.86
916.8 -68.98
917.2 -68.73
917.6 -67.3
918.0 -67.54
918.4 -67.11
918.8 -68.17
919.2 -67.88
919.6 -67.86
920.0 -69.35
920.4 -68.29
920.8 -68.74
921.2 -68.7
921.6 -68.48
922.0 -69.0
922.4 -68.71
922.8 -67.61
923.2 -68.74
923.6 -69.51
924.0 -68.06
924.4 -68.9
924.8 -68.18
925.2 -68.69
925.6 -69.1
926.0 -68.58
926.4 -68.47
926.8 -69.32
927.2 -67.47
927.6 -68.47
928.0 -68.32
928.4 -68.98
928.8 -67.51
929.2 -70.13
929.6 -67.47
930.0 -68.86
930.4 -68.56
930.8 -67.64
931.2 -68.87
931.6 -68.75
932.0 -68.83
932.4 -68.99
932.8 -69.95
933.2 -69.97
933.6 -69.29
934.0 -69.26
934.4 -69.38
934.8 -70.05
935.2 -68.51
935.6 -70.03
936.0 -69.03
936.4 -68.78
936.8 -68.51
937.2 -70.88
937.6 -68.6
938.0 -69.88
938.4 -69.44
938.8 -71.1
939.2 -69.53
939.6 -68.87
940.0 -67.59
940.4 -71.56
940.8 -69.11
941.2 -69.46
941.6 -71.05
942.0 -69.64
942.4 -68.23
942.8 -69.55
943.2 -71.02
943.6 -68.48
944.0 -70.06
944.4 -68.99
944.8 -68.93
945.2 -69.47
945.6 -68.56
946.0 -69.88
946.4 -70.48
946.8 -70.56
947.2 -69.63
947.6 -71.09
948.0 -69.72
948.4 -70.55
948.8 -69.21
949.2 -71.06
949.6 -70.79
950.0 -70.86
950.4 -70.66
950.8 -69.74
951.2 -68.4
951.6 -69.61
952.0 -71.52
952.4 -71.16
952.8 -69.89
953.2 -70.53
953.6 -69.93
954.0 -70.69
954.4 -70.45
954.8 -69.65
955.2 -69.93
955.6 -70.17
956.0 -72.52
956.4 -70.36
956.8 -71.1
957.2 -69.9
957.6 -71.14
958.0 -70.53
958.4 -70.0
958.8 -70.29
959.2 -70.0
959.6 -70.81
960.0 -71.49
960.4 -70.18
960.8 -70.66
961.2 -70.97
961.6 -69.58
962.0 -70.46
962.4 -69.39
962.8 -69.97
963.2 -69.91
963.6 -69.92
964.0 -69.37
964.4 -69.11
964.8 -70.17
965.2 -70.54
965.6 -69.46
966.0 -70.3
966.4 -70.31
966.8 -70.16
967.2 -70.05
967.6 -69.61
968.0 -69.55
968.4 -69.36
968.8 -70.53
969.2 -69.97
969.6 -69.65
970.0 -69.53
970.4 -70.13
970.8 -71.49
971.2 -71.04
971.6 -70.34
972.0 -69.64
972.4 -70.46
972.8 -70.11
973.2 -70.2
973.6 -71.6
974.0 -70.78
974.4 -71.58
974.8 -70.26
975.2 -70.28
975.6 -69.85
976.0 -71.38
976.4 -70.29
976.8 -70.19
977.2 -70.06
977.6 -70.07
978.0 -70.39
978.4 -70.65
978.8 -70.04
979.2 -70.03
979.6 -70.33
980.0 -69.94
980.4 -71.16
980.8 -70.37
981.2 -72.05
981.6 -70.03
982.0 -70.4
982.4 -70.61
982.8 -71.52
983.2 -69.55
983.6 -69.98
984.0 -69.72
984.4 -69.24
984.8 -70.08
985.2 -69.72
985.6 -69.77
986.0 -69.66
986.4 -69.73
986.8 -69.65
987.2 -70.01
987.6 -70.6
988.0 -70.32
988.4 -69.54
988.8 -70.06
989.2 -69.75
989.6 -70.08
990.0 -69.58
990.4 -69.76
990.8 -69.83
991.2 -69.3
991.6 -69.04
992.0 -69.7
992.4 -68.91
992.8 -69.38
993.2 -70.26
993.6 -68.8
994.0 -69.22
994.4 -69.36
994.8 -69.13
995.2 -69.3
995.6 -68.66
996.0 -69.61
996.4 -69.1
996.8 -68.36
997.2 -69.23
997.6 -69.03
998.0 -69.42
998.4 -68.79
998.8 -68.59
999.2 -68.93
999.6 -68.82
1000.0 -68.25
