600.0 -71.13
600.4 -210.0
600.8 -74.19
601.2 -73.41
601.6 -210.0
602.0 -81.26
602.4 -210.0
602.8 -210.0
603.2 -76.55
603.6 -72.06
604.0 -81.39
604.4 -210.0
604.8 -72.4
605.2 -70.15
605.6 -210.0
606.0 -71.1
606.4 -210.0
606.8 -210.0
607.2 -76.81
607.6 -210.0
608.0 -79.88
608.4 -210.0
608.8 -210.0
609.2 -79.95
609.6 -71.53
610.0 -72.73
610.4 -210.0
610.8 -74.03
611.2 -76.39
611.6 -71.07
612.0 -71.09
612.4 -210.0
612.8 -70.8
613.2 -81.96
613.6 -75.0
614.0 -210.0
614.4 -85.04
614.8 -70.92
615.2 -82.08
615.6 -76.07
616.0 -68.9
616.4 -210.0
616.8 -75.18
617.2 -70.02
617.6 -70.45
618.0 -72.25
618.4 -210.0
618.8 -70.11
619.2 -75.33
619.6 -73.04
620.0 -73.6
620.4 -71.97
620.8 -210.0
621.2 -70.53
621.6 -68.14
622.0 -72.71
622.4 -73.21
622.8 -71.4
623.2 -210.0
623.6 -77.14
624.0 -73.85
624.4 -210.0
624.8 -70.1
625.2 -70.38
625.6 -69.28
626.0 -71.77
626.4 -71.96
626.8 -70.11
627.2 -210.0
627.6 -71.53
628.0 -71.89
628.4 -210.0
628.8 -73.61
629.2 -72.93
629.6 -70.17
630.0 -70.81
630.4 -69.3
630.8 -70.74
631.2 -71.94
631.6 -69.88
632.0 -74.38
632.4 -70.99
632.8 -69.77
633.2 -71.18
633.6 -70.94
634.0 -70.26
634.4 -73.31
634.8 -71.43
635.2 -68.67
635.6 -71.22
636.0 -71.12
636.4 -72.15
636.8 -71.87
637.2 -70.29
637.6 -69.0
638.0 -69.6
638.4 -69.06
638.8 -72.17
639.2 -68.68
639.6 -69.8
640.0 -77.19
640.4 -70.44
640.8 -69.66
641.2 -69.77
641.6 -71.57
642.0 -69.21
642.4 -69.63
642.8 -68.67
643.2 -70.04
643.6 -72.59
644.0 -67.8
644.4 -67.59
644.8 -68.25
645.2 -67.81
645.6 -67.85
646.0 -69.49
646.4 -69.46
646.8 -69.43
647.2 -70.76
647.6 -68.13
648.0 -69.13
648.4 -68.41
648.8 -67.95
649.2 -67.61
649.6 -67.97
650.0 -68.17
650.4 -68.42
650.8 -69.69
651.2 -67.54
651.6 -67.85
652.0 -68.59
652.4 -68.09
652.8 -68.29
653.2 -67.38
653.6 -67.48
654.0 -67.91
654.4 -67.23
654.8 -67.57
655.2 -67.4
655.6 -67.09
656.0 -68.69
656.4 -67.93
656.8 -67.37
657.2 -67.68
657.6 -67.18
658.0 -67.18
658.4 -67.81
658.8 -67.39
659.2 -66.61
659.6 -68.14
660.0 -68.3
660.4 -67.16
660.8 -67.01
661.2 -67.05
661.6 -66.33
662.0 -66.69
662.4 -67.61
662.8 -66.94
663.2 -67.4
663.6 -66.73
664.0 -66.8
664.4 -66.39
664.8 -67.44
665.2 -66.49
665.6 -67.01
666.0 -66.52
666.4 -67.7
666.8 -66.76
667.2 -66.3
667.6 -68.06
668.0 -66.62
668.4 -67.2
668.8 -66.17
669.2 -66.87
669.6 -67.13
670.0 -66.97
670.4 -66.65
670.8 -65.97
671.2 -66.71
671.6 -67.26
672.0 -66.95
672.4 -66.27
672.8 -66.35
673.2 -67.49
673.6 -67.88
674.0 -66.03
674.4 -66.47
674.8 -66.36
675.2 -66.36
675.6 -66.74
676.0 -66.01
676.4 -65.64
676.8 -66.48
677.2 -66.15
677.6 -67.79
678.0 -66.71
678.4 -65.99
678.8 -66.7
679.2 -66.95
679.6 -66.59
680.0 -65.33
680.4 -64.82
680.8 -66.57
681.2 -65.45
681.6 -66.01
682.0 -66.09
682.4 -65.85
682.8 -66.31
683.2 -66.61
683.6 -65.69
684.0 -66.78
684.4 -65.91
684.8 -65.4
685.2 -66.58
685.6 -66.02
686.0 -66.79
686.4 -65.89
686.8 -65.65
687.2 -66.19
687.6 -65.99
688.0 -66.21
688.4 -66.34
688.8 -66.37
689.2 -66.33
689.6 -67.13
690.0 -65.44
690.4 -65.19
690.8 -64.92
691.2 -66.33
691.6 -65.76
692.0 -64.78
692.4 -65.86
692.8 -65.6
693.2 -65.31
693.6 -65.28
694.0 -65.75
694.4 -66.18
694.8 -65.51
695.2 -66.04
695.6 -65.07
696.0 -65.35
696.4 -66.12
696.8 -65.34
697.2 -65.76
697.6 -65.47
698.0 -65.01
698.4 -65.59
698.8 -66.36
699.2 -64.89
699.6 -65.25
700.0 -65.37
700.4 -65.9
700.8 -66.12
701.2 -65.82
701.6 -65.7
702.0 -65.57
702.4 -65.74
702.8 -65.93
703.2 -65.08
703.6 -65.73
704.0 -66.42
704.4 -65.5
704.8 -65.74
705.2 -64.44
705.6 -66.26
706.0 -65.91
706.4 -65.03
706.8 -65.11
707.2 -65.13
707.6 -65.73
708.0 -66.01
708.4 -65.24
708.8 -65.97
709.2 -65.58
709.6 -65.4
710.0 -65.57
710.4 -65.85
710.8 -65.68
711.2 -65.68
711.6 -65.93
712.0 -65.2
712.4 -66.0
712.8 -64.9
713.2 -65.51
713.6 -65.91
714.0 -65.59
714.4 -65.49
714.8 -65.32
715.2 -65.63
715.6 -64.87
716.0 -65.57
716.4 -64.78
716.8 -65.27
717.2 -65.2
717.6 -66.58
718.0 -65.79
718.4 -65.02
718.8 -65.69
719.2 -65.66
719.6 -65.59
720.0 -65.74
720.4 -65.71
720.8 -65.27
721.2 -64.48
721.6 -65.25
722.0 -64.85
722.4 -65.09
722.8 -65.59
723.2 -65.31
723.6 -64.95
724.0 -64.96
724.4 -64.55
724.8 -65.01
725.2 -65.72
725.6 -65.01
726.0 -65.17
726.4 -65.11
726.8 -65.84
727.2 -64.99
727.6 -64.85
728.0 -65.93
728.4 -65.69
728.8 -65.88
729.2 -65.19
729.6 -65.19
730.0 -64.77
730.4 -66.01
730.8 -64.76
731.2 -65.41
731.6 -64.95
732.0 -64.67
732.4 -64.78
732.8 -65.79
733.2 -66.46
733.6 -66.16
734.0 -64.82
734.4 -65.09
734.8 -65.48
735.2 -66.74
735.6 -66.18
736.0 -65.89
736.4 -65.07
736.8 -65.3
737.2 -65.58
737.6 -65.45
738.0 -64.52
738.4 -65.32
738.8 -65.69
739.2 -65.47
739.6 -64.85
740.0 -65.72
740.4 -66.44
740.8 -65.68
741.2 -65.54
741.6 -65.48
742.0 -65.71
742.4 -65.45
742.8 -64.45
743.2 -64.88
743.6 -65.47
744.0 -64.92
744.4 -65.36
744.8 -65.3
745.2 -65.79
745.6 -65.32
746.0 -64.51
746.4 -66.36
746.8 -65.61
747.2 -65.44
747.6 -64.93
748.0 -66.39
748.4 -64.86
748.8 -65.62
749.2 -65.76
749.6 -65.03
750.0 -64.72
750.4 -64.88
750.8 -65.1
751.2 -64.82
751.6 -64.92
752.0 -65.82
752.4 -65.58
752.8 -65.04
753.2 -64.76
753.6 -65.21
754.0 -65.91
754.4 -65.59
754.8 -65.33
755.2 -66.42
755.6 -65.78
756.0 -65.84
756.4 -65.06
756.8 -65.33
757.2 -66.57
757.6 -65.13
758.0 -65.89
758.4 -64.72
758.8 -66.22
759.2 -65.39
759.6 -66.25
760.0 -65.69
760.4 -65.16
760.8 -64.58
761.2 -65.61
761.6 -64.47
762.0 -64.73
762.4 -65.33
762.8 -65.04
763.2 -65.49
763.6 -65.55
764.0 -64.39
764.4 -64.83
764.8 -64.82
765.2 -65.3
765.6 -64.99
766.0 -66.73
766.4 -64.89
766.8 -65.51
767.2 -64.88
767.6 -65.41
768.0 -65.4
768.4 -65.11
768.8 -65.6
769.2 -65.17
769.6 -64.75
770.0 -66.02
770.4 -65.03
770.8 -65.22
771.2 -66.56
771.6 -64.71
772.0 -66.33
772.4 -64.5
772.8 -64.5
773.2 -64.78
773.6 -64.99
774.0 -64.39
774.4 -64.83
774.8 -65.07
775.2 -64.39
775.6 -65.17
776.0 -64.85
776.4 -65.03
776.8 -65.13
777.2 -64.68
777.6 -64.82
778.0 -64.21
778.4 -65.8
778.8 -65.21
779.2 -65.28
779.6 -64.96
780.0 -64.18
780.4 -65.3
780.8 -65.2
781.2 -64.44
781.6 -64.59
782.0 -65.42
782.4 -64.85
782.8 -64.43
783.2 -64.13
783.6 -65.18
784.0 -65.15
784.4 -65.18
784.8 -64.54
785.2 -64.46
785.6 -64.46
786.0 -64.33
786.4 -64.53
786.8 -64.76
787.2 -64.11
787.6 -64.26
788.0 -64.85
788.4 -65.12
788.8 -64.96
789.2 -64.87
789.6 -64.87
790.0 -64.68
790.4 -64.66
790.8 -64.12
791.2 -64.56
791.6 -64.03
792.0 -64.97
792.4 -64.53
792.8 -64.52
793.2 -64.38
793.6 -64.2
794.0 -64.95
794.4 -64.89
794.8 -64.51
795.2 -65.24
795.6 -65.27
796.0 -64.59
796.4 -64.39
796.8 -63.98
797.2 -64.01
797.6 -64.25
798.0 -64.72
798.4 -64.26
798.8 -64.68
799.2 -64.16
799.6 -64.4
800.0 -64.1
800.4 -64.56
800.8 -63.99
801.2 -64.08
801.6 -64.29
802.0 -63.74
802.4 -64.51
802.8 -63.89
803.2 -63.75
803.6 -63.65
804.0 -64.0
804.4 -64.13
804.8 -64.26
805.2 -63.76
805.6 -63.19
806.0 -62.23
806.4 -60.72
806.8 -57.25
807.2 -53.63
807.6 -49.54
808.0 -48.27
808.4 -49.26
808.8 -49.9
809.2 -53.83
809.6 -60.33
810.0 -63.02
810.4 -63.71
810.8 -63.77
811.2 -63.84
811.6 -63.87
812.0 -63.48
812.4 -64.61
812.8 -63.49
813.2 -64.25
813.6 -63.15
814.0 -63.8
814.4 -63.37
814.8 -63.66
815.2 -64.03
815.6 -64.4
816.0 -64.41
816.4 -63.87
816.8 -63.96
817.2 -63.13
817.6 -63.47
818.0 -63.91
818.4 -64.09
818.8 -63.42
819.2 -63.72
819.6 -63.61
820.0 -63.23
820.4 -64.24
820.8 -63.4
821.2 -64.27
821.6 -63.35
822.0 -63.63
822.4 -63.05
822.8 -63.23
823.2 -64.04
823.6 -63.52
824.0 -64.21
824.4 -63.61
824.8 -63.81
825.2 -63.46
825.6 -63.84
826.0 -63.57
826.4 -63.47
826.8 -63.39
827.2 -63.31
827.6 -63.79
828.0 -63.84
828.4 -64.28
828.8 -62.82
829.2 -64.02
829.6 -63.16
830.0 -63.1
830.4 -63.16
830.8 -63.54
831.2 -63.59
831.6 -63.3
832.0 -63.29
832.4 -63.87
832.8 -63.33
833.2 -63.21
833.6 -63.69
834.0 -63.1
834.4 -62.56
834.8 -62.8
835.2 -62.96
835.6 -62.68
836.0 -63.07
836.4 -63.3
836.8 -63.03
837.2 -63.31
837.6 -63.43
838.0 -63.61
838.4 -62.76
838.8 -63.34
839.2 -63.58
839.6 -63.44
840.0 -63.44
840.4 -63.02
840.8 -63.62
841.2 -63.64
841.6 -63.25
842.0 -63.45
842.4 -63.44
842.8 -63.71
843.2 -63.4
843.6 -63.1
844.0 -63.04
844.4 -63.09
844.8 -63.4
845.2 -63.09
845.6 -63.48
846.0 -63.08
846.4 -63.23
846.8 -63.29
847.2 -63.05
847.6 -63.14
848.0 -62.85
848.4 -63.23
848.8 -63.42
849.2 -63.28
849.6 -63.23
850.0 -63.18
850.4 -63.12
850.8 -63.12
851.2 -63.06
851.6 -63.23
852.0 -62.91
852.4 -62.97
852.8 -62.8
853.2 -63.11
853.6 -63.16
854.0 -63.37
854.4 -63.0
854.8 -62.91
855.2 -63.58
855.6 -63.05
856.0 -63.41
856.4 -62.96
856.8 -63.25
857.2 -63.16
857.6 -62.85
858.0 -62.86
858.4 -63.45
858.8 -63.07
859.2 -62.82
859.6 -63.04
860.0 -63.09
860.4 -63.38
860.8 -63.29
861.2 -63.17
861.6 -63.32
862.0 -62.94
862.4 -63.03
862.8 -63.23
863.2 -63.23
863.6 -63.82
864.0 -62.63
864.4 -62.7
864.8 -63.48
865.2 -63.11
865.6 -62.84
866.0 -62.91
866.4 -62.59
866.8 -63.07
867.2 -63.15
867.6 -62.83
868.0 -63.14
868.4 -62.96
868.8 -62.98
869.2 -63.15
869.6 -62.93
870.0 -62.66
870.4 -63.11
870.8 -62.44
871.2 -63.23
871.6 -63.08
872.0 -62.73
872.4 -62.94
872.8 -62.88
873.2 -62.5
873.6 -62.79
874.0 -62.92
874.4 -62.63
874.8 -62.9
875.2 -62.56
875.6 -63.02
876.0 -63.02
876.4 -62.7
876.8 -62.71
877.2 -62.64
877.6 -62.83
878.0 -62.81
878.4 -62.76
878.8 -62.42
879.2 -62.82
879.6 -62.79
880.0 -63.11
880.4 -62.54
880.8 -63.16
881.2 -62.75
881.6 -62.78
882.0 -62.7
882.4 -62.49
882.8 -63.11
883.2 -62.62
883.6 -62.65
884.0 -62.69
884.4 -63.06
884.8 -62.55
885.2 -62.79
885.6 -63.02
886.0 -62.86
886.4 -62.82
886.8 -62.64
887.2 -62.58
887.6 -62.48
888.0 -62.45
888.4 -62.6
888.8 -62.92
889.2 -62.69
889.6 -62.66
890.0 -62.69
890.4 -62.87
890.8 -62.75
891.2 -62.67
891.6 -62.78
892.0 -62.51
892.4 -62.74
892.8 -62.35
893.2 -62.89
893.6 -62.36
894.0 -62.36
894.4 -62.25
894.8 -62.88
895.2 -62.71
895.6 -62.61
896.0 -62.06
896.4 -62.78
896.8 -62.73
897.2 -62.75
897.6 -62.37
898.0 -62.76
898.4 -62.47
898.8 -62.59
899.2 -62.61
899.6 -62.72
900.0 -62.7
900.4 -62.43
900.8 -62.61
901.2 -62.85
901.6 -62.31
902.0 -62.77
902.4 -62.51
902.8 -62.48
903.2 -62.85
903.6 -62.57
904.0 -62.51
904.4 -62.51
904.8 -62.69
905.2 -62.17
905.6 -62.51
906.0 -62.57
906.4 -62.83
906.8 -62.83
907.2 -62.51
907.6 -62.54
908.0 -62.42
908.4 -62.47
908.8 -62.57
909.2 -62.61
909.6 -62.41
910.0 -62.45
910.4 -61.99
910.8 -62.81
911.2 -62.36
911.6 -62.29
912.0 -62.04
912.4 -62.28
912.8 -62.21
913.2 -62.3
913.6 -61.9
914.0 -62.4
914.4 -62.16
914.8 -62.52
915.2 -62.05
915.6 -62.23
916.0 -62.16
916.4 -62.09
916.8 -62.4
917.2 -62.22
917.6 -62.52
918.0 -62.04
918.4 -61.94
918.8 -61.86
919.2 -62.32
919.6 -62.08
920.0 -62.17
920.4 -62.42
920.8 -62.04
921.2 -62.29
921.6 -62.0
922.0 -62.06
922.4 -62.16
922.8 -62.1
923.2 -62.11
923.6 -62.45
924.0 -62.22
924.4 -61.99
924.8 -62.4
925.2 -62.21
925.6 -61.55
926.0 -62.01
926.4 -62.2
926.8 -61.93
927.2 -62.1
927.6 -62.03
928.0 -62.15
928.4 -62.21
928.8 -62.14
929.2 -62.07
929.6 -61.83
930.0 -62.04
930.4 -61.73
930.8 -62.0
931.2 -61.87
931.6 -61.86
932.0 -61.81
932.4 -61.7
932.8 -61.57
933.2 -61.94
933.6 -61.74
934.0 -62.2
934.4 -61.81
934.8 -61.91
935.2 -61.96
935.6 -61.78
936.0 -61.89
936.4 -61.99
936.8 -61.76
937.2 -61.78
937.6 -61.72
938.0 -61.8
938.4 -62.14
938.8 -62.08
939.2 -61.7
939.6 -62.07
940.0 -61.98
940.4 -61.89
940.8 -61.77
941.2 -61.84
941.6 -61.86
942.0 -61.76
942.4 -61.7
942.8 -61.91
943.2 -61.74
943.6 -61.89
944.0 -61.58
944.4 -61.76
944.8 -61.63
945.2 -61.81
945.6 -61.89
946.0 -61.71
946.4 -61.6
946.8 -61.45
947.2 -61.59
947.6 -61.69
948.0 -61.78
948.4 -61.45
948.8 -61.57
949.2 -61.68
949.6 -61.57
950.0 -61.57
950.4 -61.69
950.8 -61.7
951.2 -61.67
951.6 -61.71
952.0 -61.64
952.4 -61.66
952.8 -61.67
953.2 -61.73
953.6 -61.66
954.0 -61.61
954.4 -61.78
954.8 -61.53
955.2 -61.72
955.6 -61.75
956.0 -61.61
956.4 -61.7
956.8 -61.88
957.2 -61.52
957.6 -61.62
958.0 -61.57
958.4 -61.61
958.8 -61.65
959.2 -61.53
959.6 -61.5
960.0 -61.52
960.4 -61.41
960.8 -61.47
961.2 -61.47
961.6 -61.59
962.0 -61.49
962.4 -61.46
962.8 -61.49
963.2 -61.39
963.6 -61.48
964.0 -61.6
964.4 -61.41
964.8 -61.49
965.2 -61.4
965.6 -61.29
966.0 -61.47
966.4 -61.47
966.8 -61.75
967.2 -61.51
967.6 -61.41
968.0 -61.42
968.4 -61.59
968.8 -61.43
969.2 -61.58
969.6 -61.51
970.0 -61.69
970.4 -61.45
970.8 -61.57
971.2 -61.52
971.6 -61.51
972.0 -61.61
972.4 -61.81
972.8 -61.43
973.2 -61.71
973.6 -61.71
974.0 -61.72
974.4 -61.73
974.8 -61.88
975.2 -61.76
975.6 -61.79
976.0 -61.7
976.4 -61.8
976.8 -61.91
977.2 -61.62
977.6 -61.89
978.0 -61.94
978.4 -61.82
978.8 -61.7
979.2 -61.83
979.6 -61.75
980.0 -61.72
980.4 -61.99
980.8 -61.75
981.2 -61.66
981.6 -61.37
982.0 -61.37
982.4 -61.48
982.8 -61.22
983.2 -61.26
983.6 -61.33
984.0 -61.21
984.4 -61.25
984.8 -61.05
985.2 -61.06
985.6 -61.11
986.0 -61.1
986.4 -61.1
986.8 -60.93
987.2 -60.84
987.6 -60.98
988.0 -61.0
988.4 -60.89
988.8 -60.91
989.2 -60.92
989.6 -60.89
990.0 -60.74
990.4 -60.96
990.8 -60.65
991.2 -60.83
991.6 -60.68
992.0 -60.8
992.4 -60.74
992.8 -60.67
993.2 -60.62
993.6 -60.6
994.0 -60.66
994.4 -60.65
994.8 -60.74
995.2 -60.52
995.6 -60.74
996.0 -60.77
996.4 -60.65
996.8 -60.69
997.2 -60.54
997.6 -60.59
998.0 -60.67
998.4 -60.72
998.8 -60.7
999.2 -60.78
999.6 -60.77
1000.0 -60.59
