600.0 -210.0
600.4 -76.37
600.8 -70.38
601.2 -84.21
601.6 -68.44
602.0 -73.47
602.4 -79.51
602.8 -210.0
603.2 -210.0
603.6 -210.0
604.0 -210.0
604.4 -210.0
604.8 -210.0
605.2 -74.47
605.6 -81.49
606.0 -210.0
606.4 -71.99
606.8 -69.95
607.2 -73.13
607.6 -210.0
608.0 -74.24
608.4 -70.36
608.8 -72.66
609.2 -84.73
609.6 -75.21
610.0 -71.35
610.4 -74.81
610.8 -72.52
611.2 -75.81
611.6 -75.33
612.0 -210.0
612.4 -70.45
612.8 -72.9
613.2 -210.0
613.6 -210.0
614.0 -210.0
614.4 -70.41
614.8 -73.3
615.2 -74.29
615.6 -210.0
616.0 -70.36
616.4 -77.37
616.8 -72.87
617.2 -210.0
617.6 -68.99
618.0 -73.21
618.4 -80.5
618.8 -82.29
619.2 -70.27
619.6 -75.35
620.0 -76.33
620.4 -73.09
620.8 -210.0
621.2 -210.0
621.6 -72.91
622.0 -210.0
622.4 -70.46
622.8 -72.99
623.2 -70.94
623.6 -82.59
624.0 -210.0
624.4 -210.0
624.8 -73.9
625.2 -79.67
625.6 -73.41
626.0 -210.0
626.4 -74.63
626.8 -73.01
627.2 -72.2
627.6 -71.53
628.0 -210.0
628.4 -85.9
628.8 -71.0
629.2 -73.89
629.6 -81.19
630.0 -71.85
630.4 -72.8
630.8 -210.0
631.2 -210.0
631.6 -81.34
632.0 -73.14
632.4 -76.18
632.8 -76.21
633.2 -210.0
633.6 -78.47
634.0 -72.31
634.4 -72.51
634.8 -80.32
635.2 -72.57
635.6 -69.68
636.0 -69.53
636.4 -70.67
636.8 -72.35
637.2 -72.72
637.6 -210.0
638.0 -77.04
638.4 -73.19
638.8 -70.85
639.2 -78.89
639.6 -73.92
640.0 -72.42
640.4 -70.86
640.8 -69.49
641.2 -75.08
641.6 -73.88
642.0 -82.14
642.4 -72.48
642.8 -73.99
643.2 -74.24
643.6 -210.0
644.0 -74.79
644.4 -70.8
644.8 -72.55
645.2 -210.0
645.6 -72.93
646.0 -74.27
646.4 -71.19
646.8 -76.56
647.2 -70.23
647.6 -72.37
648.0 -73.31
648.4 -69.04
648.8 -71.1
649.2 -71.13
649.6 -70.45
650.0 -74.61
650.4 -70.8
650.8 -71.93
651.2 -71.6
651.6 -74.2
652.0 -72.31
652.4 -70.48
652.8 -75.08
653.2 -69.85
653.6 -69.58
654.0 -74.03
654.4 -70.16
654.8 -73.18
655.2 -71.42
655.6 -77.66
656.0 -70.59
656.4 -73.69
656.8 -72.1
657.2 -71.24
657.6 -69.55
658.0 -71.99
658.4 -70.04
658.8 -73.37
659.2 -70.28
659.6 -70.96
660.0 -73.55
660.4 -72.25
660.8 -69.99
661.2 -70.62
661.6 -69.43
662.0 -71.07
662.4 -71.26
662.8 -69.24
663.2 -71.07
663.6 -75.39
664.0 -70.29
664.4 -71.07
664.8 -71.26
665.2 -71.26
665.6 -71.9
666.0 -71.26
666.4 -70.54
666.8 -71.16
667.2 -70.06
667.6 -73.38
668.0 -69.0
668.4 -69.7
668.8 -73.72
669.2 -71.07
669.6 -71.57
670.0 -69.83
670.4 -70.2
670.8 -71.14
671.2 -73.87
671.6 -71.24
672.0 -71.23
672.4 -71.23
672.8 -69.53
673.2 -72.21
673.6 -70.84
674.0 -69.32
674.4 -71.41
674.8 -69.78
675.2 -70.23
675.6 -68.34
676.0 -73.15
676.4 -69.43
676.8 -70.99
677.2 -71.28
677.6 -69.49
678.0 -70.2
678.4 -69.34
678.8 -69.14
679.2 -70.87
679.6 -69.96
680.0 -69.66
680.4 -69.26
680.8 -69.25
681.2 -69.38
681.6 -69.44
682.0 -69.85
682.4 -69.77
682.8 -70.47
683.2 -69.76
683.6 -68.61
684.0 -69.41
684.4 -70.28
684.8 -70.28
685.2 -71.18
685.6 -69.39
686.0 -70.52
686.4 -69.95
686.8 -71.26
687.2 -70.59
687.6 -71.36
688.0 -71.92
688.4 -69.92
688.8 -68.67
689.2 -68.83
689.6 -69.91
690.0 -70.13
690.4 -69.66
690.8 -68.52
691.2 -68.63
691.6 -68.46
692.0 -68.67
692.4 -72.36
692.8 -67.5
693.2 -69.08
693.6 -70.97
694.0 -69.4
694.4 -72.91
694.8 -69.06
695.2 -69.89
695.6 -69.89
696.0 -67.82
696.4 -68.6
696.8 -71.67
697.2 -67.71
697.6 -70.1
698.0 -68.25
698.4 -68.75
698.8 -69.54
699.2 -68.56
699.6 -68.34
700.0 -68.27
700.4 -67.95
700.8 -68.91
701.2 -68.65
701.6 -69.58
702.0 -67.5
702.4 -69.71
702.8 -69.41
703.2 -70.82
703.6 -69.33
704.0 -69.61
704.4 -69.83
704.8 -68.2
705.2 -70.07
705.6 -68.84
706.0 -67.67
706.4 -72.15
706.8 -68.88
707.2 -67.75
707.6 -73.05
708.0 -68.61
708.4 -68.42
708.8 -69.32
709.2 -69.31
709.6 -68.08
710.0 -67.86
710.4 -68.7
710.8 -70.52
711.2 -68.17
711.6 -68.0
712.0 -68.05
712.4 -67.55
712.8 -69.42
713.2 -68.09
713.6 -68.99
714.0 -70.13
714.4 -67.91
714.8 -67.76
715.2 -66.3
715.6 -68.46
716.0 -67.75
716.4 -67.59
716.8 -68.39
717.2 -69.52
717.6 -68.04
718.0 -68.8
718.4 -67.38
718.8 -68.54
719.2 -68.73
719.6 -67.28
720.0 -67.5
720.4 -68.24
720.8 -67.54
721.2 -67.64
721.6 -67.3
722.0 -66.73
722.4 -68.33
722.8 -70.03
723.2 -68.15
723.6 -67.93
724.0 -67.42
724.4 -68.43
724.8 -67.36
725.2 -68.19
725.6 -68.19
726.0 -67.59
726.4 -70.0
726.8 -68.0
727.2 -68.05
727.6 -69.19
728.0 -69.48
728.4 -69.56
728.8 -67.92
729.2 -70.52
729.6 -69.4
730.0 -68.82
730.4 -67.31
730.8 -68.81
731.2 -68.61
731.6 -67.39
732.0 -67.38
732.4 -67.89
732.8 -67.95
733.2 -69.21
733.6 -66.58
734.0 -68.59
734.4 -68.58
734.8 -67.56
735.2 -69.83
735.6 -70.56
736.0 -66.33
736.4 -67.96
736.8 -67.49
737.2 -67.25
737.6 -67.14
738.0 -68.75
738.4 -67.14
738.8 -67.04
739.2 -67.78
739.6 -68.0
740.0 -68.53
740.4 -68.47
740.8 -68.1
741.2 -67.21
741.6 -66.72
742.0 -68.27
742.4 -67.3
742.8 -68.32
743.2 -68.71
743.6 -67.7
744.0 -68.31
744.4 -67.74
744.8 -68.31
745.2 -68.31
745.6 -66.86
746.0 -67.27
746.4 -66.95
746.8 -67.68
747.2 -70.78
747.6 -67.03
748.0 -68.05
748.4 -66.63
748.8 -67.66
749.2 -68.47
749.6 -68.1
750.0 -68.21
750.4 -66.7
750.8 -66.44
751.2 -66.86
751.6 -68.25
752.0 -68.63
752.4 -67.17
752.8 -66.41
753.2 -66.45
753.6 -66.78
754.0 -67.15
754.4 -67.09
754.8 -67.48
755.2 -67.58
755.6 -66.76
756.0 -68.51
756.4 -66.45
756.8 -68.24
757.2 -68.57
757.6 -67.6
758.0 -67.6
758.4 -66.68
758.8 -67.87
759.2 -68.21
759.6 -66.54
760.0 -66.32
760.4 -65.83
760.8 -68.38
761.2 -67.61
761.6 -67.78
762.0 -68.25
762.4 -68.0
762.8 -68.63
763.2 -66.21
763.6 -67.87
764.0 -66.08
764.4 -67.42
764.8 -66.48
765.2 -67.16
765.6 -66.61
766.0 -69.11
766.4 -67.67
766.8 -67.83
767.2 -68.39
767.6 -66.67
768.0 -67.88
768.4 -66.8
768.8 -66.98
769.2 -66.61
769.6 -66.7
770.0 -66.92
770.4 -66.82
770.8 -66.47
771.2 -66.18
771.6 -66.64
772.0 -68.22
772.4 -68.03
772.8 -66.5
773.2 -67.91
773.6 -66.86
774.0 -67.24
774.4 -66.85
774.8 -67.09
775.2 -66.24
775.6 -66.04
776.0 -66.44
776.4 -67.49
776.8 -66.98
777.2 -67.39
777.6 -66.98
778.0 -67.32
778.4 -65.8
778.8 -66.88
779.2 -66.14
779.6 -65.38
780.0 -66.38
780.4 -66.05
780.8 -66.17
781.2 -65.86
781.6 -65.49
782.0 -67.36
782.4 -66.45
782.8 -66.16
783.2 -66.11
783.6 -66.23
784.0 -66.27
784.4 -66.03
784.8 -65.76
785.2 -68.55
785.6 -66.06
786.0 -66.35
786.4 -66.47
786.8 -65.9
787.2 -68.47
787.6 -66.25
788.0 -68.27
788.4 -65.42
788.8 -67.21
789.2 -67.59
789.6 -66.37
790.0 -66.49
790.4 -67.15
790.8 -66.19
791.2 -66.31
791.6 -67.35
792.0 -66.31
792.4 -67.63
792.8 -66.6
793.2 -65.42
793.6 -67.5
794.0 -65.59
794.4 -66.97
794.8 -65.92
795.2 -65.55
795.6 -67.16
796.0 -65.61
796.4 -65.4
796.8 -65.65
797.2 -65.43
797.6 -65.9
798.0 -65.22
798.4 -65.49
798.8 -65.49
799.2 -65.59
799.6 -66.22
800.0 -65.96
800.4 -65.92
800.8 -66.12
801.2 -65.11
801.6 -66.39
802.0 -65.56
802.4 -65.45
802.8 -65.9
803.2 -65.53
803.6 -65.32
804.0 -66.15
804.4 -65.27
804.8 -65.17
805.2 -65.27
805.6 -65.14
806.0 -63.67
806.4 -62.13
806.8 -58.36
807.2 -54.78
807.6 -50.8
808.0 -49.4
808.4 -50.51
808.8 -50.85
809.2 -54.41
809.6 -62.06
810.0 -64.02
810.4 -65.32
810.8 -65.97
811.2 -66.92
811.6 -66.65
812.0 -66.32
812.4 -65.55
812.8 -66.58
813.2 -66.25
813.6 -65.58
814.0 -65.65
814.4 -66.89
814.8 -65.23
815.2 -65.11
815.6 -65.41
816.0 -66.1
816.4 -64.55
816.8 -65.92
817.2 -65.75
817.6 -65.9
818.0 -65.9
818.4 -65.63
818.8 -66.04
819.2 -65.79
819.6 -65.48
820.0 -64.82
820.4 -65.51
820.8 -66.06
821.2 -65.37
821.6 -65.39
822.0 -64.89
822.4 -66.04
822.8 -64.95
823.2 -65.68
823.6 -64.59
824.0 -65.45
824.4 -65.21
824.8 -65.54
825.2 -66.66
825.6 -64.97
826.0 -65.68
826.4 -65.17
826.8 -65.4
827.2 -64.97
827.6 -65.79
828.0 -64.87
828.4 -65.72
828.8 -64.34
829.2 -65.0
829.6 -64.82
830.0 -65.75
830.4 -65.98
830.8 -65.95
831.2 -64.91
831.6 -65.15
832.0 -65.15
832.4 -66.16
832.8 -65.38
833.2 -65.0
833.6 -64.98
834.0 -64.53
834.4 -65.04
834.8 -64.32
835.2 -64.66
835.6 -64.56
836.0 -64.1
836.4 -64.55
836.8 -64.94
837.2 -64.87
837.6 -64.65
838.0 -64.75
838.4 -64.94
838.8 -64.97
839.2 -64.95
839.6 -65.3
840.0 -64.79
840.4 -64.64
840.8 -64.99
841.2 -64.86
841.6 -64.14
842.0 -65.33
842.4 -64.76
842.8 -64.42
843.2 -65.01
843.6 -64.24
844.0 -64.67
844.4 -64.22
844.8 -64.66
845.2 -64.62
845.6 -64.66
846.0 -64.66
846.4 -64.71
846.8 -64.33
847.2 -64.22
847.6 -64.52
848.0 -64.3
848.4 -64.26
848.8 -64.57
849.2 -64.32
849.6 -63.92
850.0 -63.79
850.4 -64.27
850.8 -63.91
851.2 -64.09
851.6 -64.24
852.0 -64.53
852.4 -63.39
852.8 -64.25
853.2 -63.98
853.6 -63.71
854.0 -64.07
854.4 -63.65
854.8 -64.24
855.2 -64.01
855.6 -64.47
856.0 -63.93
856.4 -64.69
856.8 -63.82
857.2 -64.26
857.6 -64.22
858.0 -64.1
858.4 -63.44
858.8 -63.92
859.2 -64.06
859.6 -63.64
860.0 -63.73
860.4 -63.88
860.8 -63.22
861.2 -64.19
861.6 -63.52
862.0 -63.52
862.4 -63.37
862.8 -63.27
863.2 -63.78
863.6 -63.27
864.0 -63.75
864.4 -63.96
864.8 -63.96
865.2 -63.48
865.6 -63.38
866.0 -63.62
866.4 -63.52
866.8 -63.13
867.2 -63.26
867.6 -63.46
868.0 -63.96
868.4 -63.09
868.8 -63.29
869.2 -63.34
869.6 -63.48
870.0 -63.14
870.4 -63.41
870.8 -63.51
871.2 -63.2
871.6 -63.16
872.0 -62.86
872.4 -63.26
872.8 -63.44
873.2 -63.02
873.6 -62.95
874.0 -63.9
874.4 -63.3
874.8 -63.56
875.2 -63.11
875.6 -63.1
876.0 -62.93
876.4 -63.12
876.8 -63.04
877.2 -63.1
877.6 -62.77
878.0 -62.69
878.4 -62.61
878.8 -62.93
879.2 -62.94
879.6 -62.41
880.0 -62.63
880.4 -62.84
880.8 -62.76
881.2 -62.41
881.6 -62.7
882.0 -62.96
882.4 -62.83
882.8 -63.1
883.2 -62.71
883.6 -63.06
884.0 -62.53
884.4 -62.75
884.8 -62.85
885.2 -62.96
885.6 -62.68
886.0 -62.42
886.4 -62.46
886.8 -62.48
887.2 -63.18
887.6 -62.85
888.0 -62.92
888.4 -62.7
888.8 -62.41
889.2 -62.61
889.6 -63.11
890.0 -62.43
890.4 -62.54
890.8 -63.04
891.2 -62.27
891.6 -62.21
892.0 -62.35
892.4 -62.26
892.8 -62.43
893.2 -62.27
893.6 -62.32
894.0 -62.84
894.4 -62.41
894.8 -62.79
895.2 -62.58
895.6 -62.64
896.0 -62.38
896.4 -62.87
896.8 -62.12
897.2 -62.42
897.6 -62.31
898.0 -62.89
898.4 -62.03
898.8 -62.69
899.2 -62.55
899.6 -62.41
900.0 -62.3
900.4 -62.32
900.8 -62.61
901.2 -62.69
901.6 -62.02
902.0 -62.66
902.4 -62.57
902.8 -62.25
903.2 -62.54
903.6 -62.35
904.0 -62.58
904.4 -62.49
904.8 -62.6
905.2 -62.84
905.6 -62.42
906.0 -62.38
906.4 -62.39
906.8 -62.28
907.2 -62.38
907.6 -62.03
908.0 -62.42
908.4 -62.08
908.8 -62.34
909.2 -62.12
909.6 -62.57
910.0 -62.22
910.4 -61.99
910.8 -61.93
911.2 -62.5
911.6 -61.76
912.0 -62.01
912.4 -62.06
912.8 -61.68
913.2 -61.5
913.6 -62.08
914.0 -61.82
914.4 -62.28
914.8 -61.73
915.2 -61.95
915.6 -62.02
916.0 -61.56
916.4 -62.1
916.8 -62.02
917.2 -62.0
917.6 -61.89
918.0 -61.64
918.4 -61.71
918.8 -61.88
919.2 -61.7
919.6 -61.68
920.0 -61.64
920.4 -61.47
920.8 -62.03
921.2 -61.72
921.6 -61.81
922.0 -62.0
922.4 -61.62
922.8 -61.54
923.2 -61.42
923.6 -61.7
924.0 -61.73
924.4 -61.65
924.8 -61.22
925.2 -61.5
925.6 -61.21
926.0 -61.21
926.4 -61.82
926.8 -61.31
927.2 -61.49
927.6 -61.41
928.0 -61.41
928.4 -61.26
928.8 -61.44
929.2 -61.15
929.6 -61.23
930.0 -61.08
930.4 -61.04
930.8 -61.49
931.2 -61.06
931.6 -61.33
932.0 -61.22
932.4 -61.3
932.8 -61.16
933.2 -61.14
933.6 -61.28
934.0 -61.34
934.4 -61.08
934.8 -61.15
935.2 -61.06
935.6 -61.17
936.0 -60.79
936.4 -61.08
936.8 -61.4
937.2 -61.11
937.6 -61.11
938.0 -60.99
938.4 -61.0
938.8 -60.72
939.2 -61.16
939.6 -60.8
940.0 -61.03
940.4 -60.92
940.8 -61.04
941.2 -61.01
941.6 -61.07
942.0 -60.92
942.4 -61.02
942.8 -60.97
943.2 -60.9
943.6 -60.92
944.0 -60.85
944.4 -60.97
944.8 -60.65
945.2 -60.64
945.6 -60.96
946.0 -60.94
946.4 -60.81
946.8 -60.8
947.2 -60.69
947.6 -60.7
948.0 -60.91
948.4 -61.07
948.8 -60.78
949.2 -61.0
949.6 -60.82
950.0 -60.62
950.4 -60.8
950.8 -60.71
951.2 -60.82
951.6 -60.84
952.0 -60.68
952.4 -60.66
952.8 -60.68
953.2 -60.6
953.6 -60.69
954.0 -60.68
954.4 -60.65
954.8 -60.56
955.2 -60.48
955.6 -60.73
956.0 -60.82
956.4 -60.63
956.8 -60.59
957.2 -60.58
957.6 -60.67
958.0 -60.44
958.4 -60.51
958.8 -60.51
959.2 -60.48
959.6 -60.78
960.0 -60.49
960.4 -60.54
960.8 -60.63
961.2 -60.49
961.6 -60.31
962.0 -60.42
962.4 -60.24
962.8 -60.4
963.2 -60.37
963.6 -60.3
964.0 -60.11
964.4 -60.35
964.8 -60.17
965.2 -60.03
965.6 -59.9
966.0 -60.0
966.4 -60.16
966.8 -60.31
967.2 -60.23
967.6 -60.28
968.0 -60.09
968.4 -60.4
968.8 -60.09
969.2 -60.35
969.6 -60.31
970.0 -60.38
970.4 -60.12
970.8 -60.17
971.2 -60.28
971.6 -60.43
972.0 -60.21
972.4 -60.38
972.8 -60.14
973.2 -60.24
973.6 -60.54
974.0 -60.31
974.4 -60.47
974.8 -60.39
975.2 -60.39
975.6 -60.45
976.0 -60.61
976.4 -60.51
976.8 -60.54
977.2 -60.56
977.6 -60.59
978.0 -60.77
978.4 -60.59
978.8 -60.67
979.2 -60.61
979.6 -60.63
980.0 -60.58
980.4 -60.59
980.8 -60.6
981.2 -60.52
981.6 -60.52
982.0 -60.31
982.4 -60.35
982.8 -60.5
983.2 -60.35
983.6 -60.18
984.0 -60.14
984.4 -60.12
984.8 -60.24
985.2 -60.13
985.6 -59.98
986.0 -60.07
986.4 -60.04
986.8 -59.93
987.2 -59.97
987.6 -59.91
988.0 -59.82
988.4 -59.85
988.8 -59.73
989.2 -59.78
989.6 -59.58
990.0 -59.66
990.4 -59.74
990.8 -59.65
991.2 -59.62
991.6 -59.57
992.0 -59.61
992.4 -59.49
992.8 -59.6
993.2 -59.51
993.6 -59.57
994.0 -59.5
994.4 -59.55
994.8 -59.5
995.2 -59.54
995.6 -59.46
996.0 -59.75
996.4 -59.53
996.8 -59.56
997.2 -59.67
997.6 -59.73
998.0 -59.74
998.4 -59.69
998.8 -59.7
999.2 -59.77
999.6 -59.95
1000.0 -59.81
