600.0 -75.68
600.4 -73.74
600.8 -79.41
601.2 -79.43
601.6 -70.81
602.0 -78.24
602.4 -68.26
602.8 -77.33
603.2 -78.31
603.6 -210.0
604.0 -210.0
604.4 -70.1
604.8 -210.0
605.2 -72.42
605.6 -78.47
606.0 -75.49
606.4 -73.75
606.8 -73.44
607.2 -72.83
607.6 -73.16
608.0 -210.0
608.4 -71.45
608.8 -210.0
609.2 -72.42
609.6 -71.75
610.0 -68.15
610.4 -69.49
610.8 -75.28
611.2 -75.3
611.6 -210.0
612.0 -75.35
612.4 -210.0
612.8 -210.0
613.2 -70.82
613.6 -71.99
614.0 -69.33
614.4 -80.26
614.8 -71.84
615.2 -75.09
615.6 -69.42
616.0 -70.82
616.4 -210.0
616.8 -72.87
617.2 -69.76
617.6 -74.09
618.0 -72.25
618.4 -73.23
618.8 -74.88
619.2 -68.79
619.6 -71.54
620.0 -72.81
620.4 -71.08
620.8 -75.42
621.2 -68.12
621.6 -69.44
622.0 -70.05
622.4 -70.74
622.8 -70.63
623.2 -73.01
623.6 -71.79
624.0 -69.93
624.4 -72.86
624.8 -70.35
625.2 -70.92
625.6 -71.4
626.0 -71.6
626.4 -71.29
626.8 -70.88
627.2 -68.83
627.6 -73.29
628.0 -71.72
628.4 -70.21
628.8 -71.0
629.2 -70.37
629.6 -70.4
630.0 -69.76
630.4 -71.11
630.8 -71.74
631.2 -67.96
631.6 -73.56
632.0 -210.0
632.4 -68.85
632.8 -68.08
633.2 -69.8
633.6 -70.34
634.0 -68.5
634.4 -69.59
634.8 -67.77
635.2 -69.13
635.6 -68.48
636.0 -75.64
636.4 -76.47
636.8 -69.25
637.2 -69.37
637.6 -210.0
638.0 -69.96
638.4 -69.99
638.8 -69.32
639.2 -68.75
639.6 -67.78
640.0 -68.67
640.4 -69.96
640.8 -70.0
641.2 -68.39
641.6 -67.54
642.0 -69.36
642.4 -68.44
642.8 -68.54
643.2 -68.16
643.6 -67.87
644.0 -68.4
644.4 -67.69
644.8 -69.11
645.2 -66.87
645.6 -66.68
646.0 -67.23
646.4 -67.82
646.8 -68.9
647.2 -68.41
647.6 -68.62
648.0 -68.76
648.4 -67.45
648.8 -67.37
649.2 -68.17
649.6 -67.74
650.0 -68.48
650.4 -68.69
650.8 -68.22
651.2 -67.89
651.6 -67.63
652.0 -67.76
652.4 -66.77
652.8 -67.38
653.2 -66.74
653.6 -67.11
654.0 -67.82
654.4 -67.11
654.8 -69.39
655.2 -67.01
655.6 -66.32
656.0 -67.62
656.4 -66.7
656.8 -66.91
657.2 -66.47
657.6 -66.96
658.0 -66.37
658.4 -67.14
658.8 -67.04
659.2 -67.64
659.6 -67.69
660.0 -67.2
660.4 -66.39
660.8 -66.3
661.2 -65.91
661.6 -66.66
662.0 -67.53
662.4 -67.4
662.8 -67.05
663.2 -67.09
663.6 -66.87
664.0 -65.47
664.4 -66.83
664.8 -66.36
665.2 -66.42
665.6 -66.02
666.0 -66.05
666.4 -65.63
666.8 -65.65
667.2 -66.14
667.6 -66.59
668.0 -67.01
668.4 -67.05
668.8 -66.39
669.2 -66.2
669.6 -65.76
670.0 -66.51
670.4 -65.41
670.8 -67.55
671.2 -66.34
671.6 -65.58
672.0 -66.49
672.4 -66.3
672.8 -66.1
673.2 -65.48
673.6 -66.26
674.0 -66.28
674.4 -66.12
674.8 -65.62
675.2 -65.65
675.6 -65.79
676.0 -65.61
676.4 -66.98
676.8 -65.36
677.2 -65.6
677.6 -66.25
678.0 -65.82
678.4 -66.05
678.8 -65.5
679.2 -65.53
679.6 -66.26
680.0 -66.12
680.4 -66.22
680.8 -66.11
681.2 -66.37
681.6 -65.34
682.0 -65.62
682.4 -65.25
682.8 -65.96
683.2 -65.53
683.6 -66.17
684.0 -64.84
684.4 -65.43
684.8 -66.22
685.2 -65.58
685.6 -65.9
686.0 -65.3
686.4 -65.66
686.8 -65.07
687.2 -65.32
687.6 -65.87
688.0 -65.44
688.4 -65.02
688.8 -66.08
689.2 -65.76
689.6 -66.39
690.0 -65.03
690.4 -65.32
690.8 -65.17
691.2 -65.42
691.6 -65.31
692.0 -65.36
692.4 -64.91
692.8 -66.05
693.2 -64.88
693.6 -64.9
694.0 -64.97
694.4 -64.96
694.8 -65.77
695.2 -65.25
695.6 -64.9
696.0 -65.24
696.4 -65.23
696.8 -65.15
697.2 -65.7
697.6 -65.09
698.0 -65.81
698.4 -65.23
698.8 -64.75
699.2 -64.79
699.6 -65.38
700.0 -65.37
700.4 -64.99
700.8 -64.99
701.2 -65.14
701.6 -65.11
702.0 -64.42
702.4 -64.79
702.8 -65.22
703.2 -65.67
703.6 -65.55
704.0 -65.29
704.4 -65.14
704.8 -65.11
705.2 -65.1
705.6 -64.22
706.0 -64.5
706.4 -65.68
706.8 -65.06
707.2 -64.89
707.6 -65.41
708.0 -64.63
708.4 -65.71
708.8 -64.75
709.2 -64.81
709.6 -64.91
710.0 -64.1
710.4 -65.66
710.8 -63.78
711.2 -64.16
711.6 -64.26
712.0 -64.35
712.4 -65.29
712.8 -65.08
713.2 -64.45
713.6 -64.86
714.0 -64.86
714.4 -64.58
714.8 -64.75
715.2 -64.47
715.6 -64.35
716.0 -65.11
716.4 -64.91
716.8 -64.56
717.2 -64.9
717.6 -64.04
718.0 -65.45
718.4 -64.79
718.8 -64.34
719.2 -64.93
719.6 -65.15
720.0 -65.03
720.4 -64.12
720.8 -64.16
721.2 -64.91
721.6 -64.73
722.0 -65.07
722.4 -64.38
722.8 -64.76
723.2 -64.61
723.6 -65.25
724.0 -64.91
724.4 -65.13
724.8 -64.69
725.2 -64.87
725.6 -64.93
726.0 -64.29
726.4 -64.86
726.8 -64.85
727.2 -64.83
727.6 -64.65
728.0 -64.44
728.4 -64.79
728.8 -64.86
729.2 -64.75
729.6 -65.22
730.0 -65.07
730.4 -64.69
730.8 -64.95
731.2 -65.09
731.6 -64.31
732.0 -65.82
732.4 -64.65
732.8 -64.86
733.2 -64.04
733.6 -64.87
734.0 -64.53
734.4 -66.15
734.8 -64.84
735.2 -65.73
735.6 -64.39
736.0 -64.99
736.4 -65.07
736.8 -64.9
737.2 -64.41
737.6 -64.62
738.0 -64.37
738.4 -65.06
738.8 -65.28
739.2 -66.18
739.6 -64.74
740.0 -65.09
740.4 -64.43
740.8 -64.55
741.2 -64.54
741.6 -65.23
742.0 -64.44
742.4 -64.8
742.8 -65.05
743.2 -64.56
743.6 -64.53
744.0 -64.68
744.4 -65.52
744.8 -65.49
745.2 -65.62
745.6 -64.31
746.0 -65.35
746.4 -64.67
746.8 -65.54
747.2 -64.11
747.6 -65.57
748.0 -65.25
748.4 -64.52
748.8 -65.83
749.2 -64.78
749.6 -65.15
750.0 -65.58
750.4 -65.45
750.8 -64.57
751.2 -64.87
751.6 -66.23
752.0 -66.07
752.4 -64.5
752.8 -64.87
753.2 -64.68
753.6 -65.0
754.0 -64.67
754.4 -64.58
754.8 -64.17
755.2 -64.81
755.6 -65.68
756.0 -64.03
756.4 -64.1
756.8 -65.05
757.2 -65.36
757.6 -64.84
758.0 -65.79
758.4 -64.97
758.8 -63.93
759.2 -65.11
759.6 -64.62
760.0 -64.15
760.4 -64.43
760.8 -65.12
761.2 -65.47
761.6 -64.77
762.0 -65.17
762.4 -64.62
762.8 -65.59
763.2 -64.86
763.6 -64.5
764.0 -64.71
764.4 -64.19
764.8 -64.7
765.2 -64.9
765.6 -64.4
766.0 -64.89
766.4 -65.59
766.8 -64.82
767.2 -64.36
767.6 -64.8
768.0 -65.05
768.4 -64.96
768.8 -64.16
769.2 -64.16
769.6 -64.58
770.0 -65.13
770.4 -65.13
770.8 -64.94
771.2 -64.57
771.6 -65.03
772.0 -65.08
772.4 -64.5
772.8 -64.76
773.2 -64.76
773.6 -65.44
774.0 -65.07
774.4 -64.26
774.8 -64.06
775.2 -64.26
775.6 -64.13
776.0 -64.46
776.4 -64.74
776.8 -64.05
777.2 -64.32
777.6 -65.06
778.0 -64.56
778.4 -64.13
778.8 -64.39
779.2 -64.13
779.6 -64.5
780.0 -64.8
780.4 -64.98
780.8 -64.08
781.2 -65.54
781.6 -64.73
782.0 -63.82
782.4 -64.71
782.8 -65.07
783.2 -64.81
783.6 -64.13
784.0 -64.23
784.4 -64.67
784.8 -64.35
785.2 -64.74
785.6 -64.52
786.0 -64.17
786.4 -64.29
786.8 -63.61
787.2 -64.4
787.6 -64.34
788.0 -64.16
788.4 -64.23
788.8 -64.28
789.2 -65.45
789.6 -63.9
790.0 -63.97
790.4 -64.35
790.8 -64.71
791.2 -64.03
791.6 -63.86
792.0 -64.23
792.4 -64.79
792.8 -63.68
793.2 -64.55
793.6 -64.49
794.0 -64.4
794.4 -63.84
794.8 -64.21
795.2 -64.29
795.6 -63.64
796.0 -64.53
796.4 -63.73
796.8 -63.44
797.2 -63.92
797.6 -63.68
798.0 -64.14
798.4 -63.58
798.8 -63.74
799.2 -64.0
799.6 -64.29
800.0 -63.92
800.4 -63.61
800.8 -64.25
801.2 -63.67
801.6 -63.62
802.0 -64.43
802.4 -63.6
802.8 -64.09
803.2 -63.94
803.6 -63.75
804.0 -63.35
804.4 -64.34
804.8 -63.57
805.2 -63.02
805.6 -62.89
806.0 -62.63
806.4 -59.98
806.8 -56.86
807.2 -53.39
807.6 -49.37
808.0 -47.98
808.4 -48.83
808.8 -49.38
809.2 -53.58
809.6 -60.38
810.0 -62.26
810.4 -62.73
810.8 -62.96
811.2 -63.12
811.6 -63.19
812.0 -64.1
812.4 -63.43
812.8 -63.15
813.2 -63.76
813.6 -63.03
814.0 -63.59
814.4 -62.85
814.8 -63.66
815.2 -63.7
815.6 -63.8
816.0 -63.13
816.4 -64.11
816.8 -63.73
817.2 -63.0
817.6 -63.34
818.0 -63.24
818.4 -63.13
818.8 -63.26
819.2 -63.31
819.6 -63.15
820.0 -63.58
820.4 -63.32
820.8 -63.36
821.2 -63.33
821.6 -63.39
822.0 -63.28
822.4 -62.94
822.8 -62.9
823.2 -63.47
823.6 -62.42
824.0 -63.15
824.4 -62.98
824.8 -63.03
825.2 -63.21
825.6 -63.46
826.0 -63.16
826.4 -63.3
826.8 -63.15
827.2 -63.25
827.6 -62.41
828.0 -62.64
828.4 -63.36
828.8 -62.77
829.2 -62.67
829.6 -63.65
830.0 -63.28
830.4 -62.91
830.8 -63.3
831.2 -63.28
831.6 -62.42
832.0 -62.8
832.4 -63.18
832.8 -63.23
833.2 -62.85
833.6 -63.04
834.0 -62.72
834.4 -62.65
834.8 -62.62
835.2 -62.87
835.6 -62.8
836.0 -62.67
836.4 -62.89
836.8 -63.09
837.2 -62.88
837.6 -62.95
838.0 -63.04
838.4 -63.06
838.8 -62.88
839.2 -63.29
839.6 -62.98
840.0 -62.82
840.4 -62.82
840.8 -62.86
841.2 -63.13
841.6 -62.48
842.0 -62.62
842.4 -62.78
842.8 -62.78
843.2 -63.12
843.6 -62.95
844.0 -63.35
844.4 -62.77
844.8 -63.14
845.2 -62.86
845.6 -63.06
846.0 -62.77
846.4 -63.23
846.8 -63.03
847.2 -62.61
847.6 -62.82
848.0 -62.59
848.4 -63.01
848.8 -63.2
849.2 -62.59
849.6 -62.49
850.0 -62.97
850.4 -63.06
850.8 -63.15
851.2 -63.29
851.6 -62.94
852.0 -63.47
852.4 -63.2
852.8 -62.88
853.2 -63.51
853.6 -62.86
854.0 -62.78
854.4 -63.07
854.8 -62.82
855.2 -63.1
855.6 -63.29
856.0 -62.91
856.4 -62.91
856.8 -63.12
857.2 -62.77
857.6 -62.85
858.0 -63.16
858.4 -63.23
858.8 -62.68
859.2 -62.81
859.6 -62.74
860.0 -62.88
860.4 -62.96
860.8 -62.38
861.2 -62.65
861.6 -62.91
862.0 -63.12
862.4 -63.01
862.8 -62.93
863.2 -63.12
863.6 -62.6
864.0 -62.3
864.4 -63.29
864.8 -63.01
865.2 -62.96
865.6 -62.78
866.0 -62.68
866.4 -63.19
866.8 -62.64
867.2 -62.65
867.6 -62.7
868.0 -63.0
868.4 -62.96
868.8 -62.8
869.2 -62.92
869.6 -62.64
870.0 -63.04
870.4 -63.0
870.8 -62.94
871.2 -62.67
871.6 -62.66
872.0 -62.38
872.4 -62.84
872.8 -62.66
873.2 -62.81
873.6 -63.26
874.0 -62.82
874.4 -62.84
874.8 -62.44
875.2 -63.35
875.6 -63.13
876.0 -62.56
876.4 -62.96
876.8 -62.98
877.2 -62.73
877.6 -62.6
878.0 -62.54
878.4 -62.73
878.8 -62.89
879.2 -62.7
879.6 -62.22
880.0 -62.12
880.4 -62.87
880.8 -62.48
881.2 -62.56
881.6 -62.48
882.0 -62.34
882.4 -62.28
882.8 -62.25
883.2 -62.62
883.6 -62.17
884.0 -62.36
884.4 -62.74
884.8 -62.77
885.2 -62.59
885.6 -62.58
886.0 -62.3
886.4 -62.45
886.8 -62.59
887.2 -62.76
887.6 -62.79
888.0 -62.55
888.4 -62.78
888.8 -62.76
889.2 -62.07
889.6 -62.23
890.0 -62.42
890.4 -62.36
890.8 -62.79
891.2 -62.33
891.6 -62.37
892.0 -62.51
892.4 -62.14
892.8 -62.49
893.2 -62.4
893.6 -62.31
894.0 -62.58
894.4 -62.46
894.8 -62.23
895.2 -62.37
895.6 -62.47
896.0 -62.26
896.4 -62.09
896.8 -62.15
897.2 -62.2
897.6 -62.23
898.0 -62.4
898.4 -62.45
898.8 -62.04
899.2 -61.89
899.6 -62.09
900.0 -62.3
900.4 -61.94
900.8 -62.41
901.2 -62.02
901.6 -61.96
902.0 -62.22
902.4 -61.95
902.8 -62.16
903.2 -62.45
903.6 -62.12
904.0 -62.16
904.4 -62.2
904.8 -62.49
905.2 -62.29
905.6 -62.3
906.0 -62.17
906.4 -61.98
906.8 -61.79
907.2 -62.43
907.6 -61.84
908.0 -62.04
908.4 -62.32
908.8 -62.22
909.2 -62.35
909.6 -61.98
910.0 -61.98
910.4 -61.89
910.8 -61.9
911.2 -62.34
911.6 -62.03
912.0 -61.99
912.4 -62.08
912.8 -61.92
913.2 -61.64
913.6 -62.02
914.0 -61.69
914.4 -62.23
914.8 -62.17
915.2 -61.93
915.6 -61.92
916.0 -62.07
916.4 -61.95
916.8 -61.81
917.2 -61.79
917.6 -62.18
918.0 -62.25
918.4 -61.61
918.8 -62.11
919.2 -61.66
919.6 -61.68
920.0 -61.94
920.4 -61.66
920.8 -62.06
921.2 -62.1
921.6 -61.61
922.0 -61.95
922.4 -61.74
922.8 -61.92
923.2 -62.13
923.6 -62.11
924.0 -61.78
924.4 -61.87
924.8 -61.94
925.2 -61.73
925.6 -61.92
926.0 -61.74
926.4 -61.74
926.8 -61.5
927.2 -61.87
927.6 -61.74
928.0 -61.72
928.4 -61.79
928.8 -61.6
929.2 -61.81
929.6 -61.8
930.0 -61.65
930.4 -61.55
930.8 -61.28
931.2 -61.6
931.6 -61.47
932.0 -61.66
932.4 -61.78
932.8 -61.54
933.2 -61.6
933.6 -61.92
934.0 -61.77
934.4 -61.62
934.8 -61.76
935.2 -61.83
935.6 -61.59
936.0 -61.87
936.4 -61.84
936.8 -61.69
937.2 -61.68
937.6 -62.04
938.0 -61.82
938.4 -62.0
938.8 -61.85
939.2 -61.68
939.6 -61.79
940.0 -61.87
940.4 -61.8
940.8 -61.97
941.2 -61.89
941.6 -61.83
942.0 -61.84
942.4 -61.79
942.8 -61.93
943.2 -62.05
943.6 -61.7
944.0 -61.7
944.4 -61.74
944.8 -61.66
945.2 -61.93
945.6 -61.73
946.0 -61.7
946.4 -61.69
946.8 -61.69
947.2 -61.62
947.6 -61.72
948.0 -61.71
948.4 -61.44
948.8 -61.58
949.2 -61.41
949.6 -61.66
950.0 -61.64
950.4 -61.33
950.8 -61.54
951.2 -61.51
951.6 -61.63
952.0 -61.64
952.4 -61.57
952.8 -61.54
953.2 -61.72
953.6 -61.48
954.0 -61.46
954.4 -61.53
954.8 -61.54
955.2 -61.74
955.6 -61.49
956.0 -61.66
956.4 -61.78
956.8 -61.73
957.2 -61.77
957.6 -61.53
958.0 -61.67
958.4 -61.35
958.8 -61.61
959.2 -61.45
959.6 -61.28
960.0 -61.33
960.4 -61.06
960.8 -61.39
961.2 -61.11
961.6 -61.31
962.0 -61.22
962.4 -61.32
962.8 -61.38
963.2 -61.27
963.6 -61.37
964.0 -61.19
964.4 -61.09
964.8 -61.07
965.2 -60.97
965.6 -61.09
966.0 -60.97
966.4 -60.97
966.8 -61.37
967.2 -61.41
967.6 -61.21
968.0 -61.37
968.4 -61.16
968.8 -61.5
969.2 -61.42
969.6 -61.41
970.0 -61.48
970.4 -61.57
970.8 -61.57
971.2 -61.59
971.6 -61.46
972.0 -61.51
972.4 -61.36
972.8 -61.44
973.2 -61.4
973.6 -61.42
974.0 -61.49
974.4 -61.33
974.8 -61.39
975.2 -61.53
975.6 -61.58
976.0 -61.44
976.4 -61.47
976.8 -61.64
977.2 -61.49
977.6 -61.52
978.0 -61.95
978.4 -61.74
978.8 -61.83
979.2 -61.8
979.6 -61.67
980.0 -61.62
980.4 -61.53
980.8 -61.73
981.2 -61.62
981.6 -61.42
982.0 -61.38
982.4 -61.25
982.8 -61.46
983.2 -61.49
983.6 -61.32
984.0 -61.22
984.4 -61.45
984.8 -61.06
985.2 -61.0
985.6 -61.1
986.0 -61.02
986.4 -60.94
986.8 -60.97
987.2 -61.01
987.6 -60.79
988.0 -60.92
988.4 -60.96
988.8 -60.75
989.2 -60.74
989.6 -60.76
990.0 -60.67
990.4 -60.74
990.8 -60.47
991.2 -60.7
991.6 -60.5
992.0 -60.61
992.4 -60.61
992.8 -60.43
993.2 -60.39
993.6 -60.53
994.0 -60.54
994.4 -60.52
994.8 -60.23
995.2 -60.4
995.6 -60.58
996.0 -60.59
996.4 -60.49
996.8 -60.35
997.2 -60.53
997.6 -60.49
998.0 -60.59
998.4 -60.53
998.8 -60.57
999.2 -60.39
999.6 -60.59
1000.0 -60.4
