600.0 -70.71
600.4 -210.0
600.8 -75.15
601.2 -77.22
601.6 -79.46
602.0 -77.28
602.4 -74.29
602.8 -81.31
603.2 -72.57
603.6 -210.0
604.0 -210.0
604.4 -73.62
604.8 -79.67
605.2 -210.0
605.6 -71.94
606.0 -70.55
606.4 -70.4
606.8 -210.0
607.2 -210.0
607.6 -210.0
608.0 -70.18
608.4 -81.67
608.8 -210.0
609.2 -84.73
609.6 -210.0
610.0 -210.0
610.4 -75.26
610.8 -84.83
611.2 -68.31
611.6 -74.08
612.0 -71.47
612.4 -210.0
612.8 -210.0
613.2 -210.0
613.6 -77.21
614.0 -67.86
614.4 -210.0
614.8 -73.93
615.2 -72.08
615.6 -210.0
616.0 -80.36
616.4 -71.01
616.8 -76.14
617.2 -85.21
617.6 -70.17
618.0 -210.0
618.4 -210.0
618.8 -75.3
619.2 -72.77
619.6 -210.0
620.0 -71.56
620.4 -72.84
620.8 -82.41
621.2 -72.44
621.6 -72.91
622.0 -77.04
622.4 -210.0
622.8 -77.09
623.2 -210.0
623.6 -78.61
624.0 -73.06
624.4 -76.61
624.8 -72.88
625.2 -210.0
625.6 -80.94
626.0 -80.97
626.4 -80.99
626.8 -75.8
627.2 -68.74
627.6 -69.93
628.0 -70.55
628.4 -75.9
628.8 -210.0
629.2 -74.17
629.6 -81.19
630.0 -86.0
630.4 -76.03
630.8 -72.44
631.2 -74.95
631.6 -70.67
632.0 -86.15
632.4 -79.19
632.8 -210.0
633.2 -80.21
633.6 -75.84
634.0 -210.0
634.4 -74.85
634.8 -73.56
635.2 -76.83
635.6 -210.0
636.0 -72.63
636.4 -210.0
636.8 -70.7
637.2 -79.54
637.6 -70.43
638.0 -72.61
638.4 -75.82
638.8 -74.88
639.2 -72.2
639.6 -70.08
640.0 -75.94
640.4 -72.63
640.8 -75.05
641.2 -69.52
641.6 -71.57
642.0 -76.5
642.4 -70.23
642.8 -79.21
643.2 -72.55
643.6 -74.06
644.0 -71.53
644.4 -69.81
644.8 -71.73
645.2 -74.9
645.6 -77.25
646.0 -72.5
646.4 -70.98
646.8 -69.87
647.2 -70.95
647.6 -70.99
648.0 -71.54
648.4 -70.51
648.8 -70.72
649.2 -70.08
649.6 -71.92
650.0 -73.14
650.4 -71.49
650.8 -70.29
651.2 -68.87
651.6 -70.14
652.0 -71.39
652.4 -69.31
652.8 -70.23
653.2 -70.08
653.6 -69.86
654.0 -70.32
654.4 -70.16
654.8 -71.12
655.2 -70.41
655.6 -69.2
656.0 -70.42
656.4 -71.13
656.8 -70.18
657.2 -72.62
657.6 -71.55
658.0 -72.49
658.4 -70.69
658.8 -71.25
659.2 -71.15
659.6 -70.28
660.0 -70.54
660.4 -69.63
660.8 -70.71
661.2 -70.37
661.6 -69.99
662.0 -69.18
662.4 -69.77
662.8 -69.7
663.2 -69.43
663.6 -68.66
664.0 -70.79
664.4 -72.13
664.8 -69.91
665.2 -69.12
665.6 -68.4
666.0 -67.96
666.4 -69.06
666.8 -70.29
667.2 -68.2
667.6 -67.44
668.0 -69.57
668.4 -68.94
668.8 -69.06
669.2 -68.72
669.6 -69.12
670.0 -71.89
670.4 -70.2
670.8 -69.04
671.2 -68.92
671.6 -69.75
672.0 -68.74
672.4 -70.68
672.8 -69.2
673.2 -69.46
673.6 -68.41
674.0 -70.83
674.4 -69.32
674.8 -67.81
675.2 -69.93
675.6 -66.92
676.0 -68.28
676.4 -71.09
676.8 -68.17
677.2 -69.04
677.6 -70.46
678.0 -68.52
678.4 -69.28
678.8 -69.4
679.2 -69.27
679.6 -67.43
680.0 -68.89
680.4 -69.66
680.8 -68.88
681.2 -70.17
681.6 -68.87
682.0 -68.92
682.4 -67.64
682.8 -69.28
683.2 -68.2
683.6 -68.34
684.0 -71.2
684.4 -68.6
684.8 -68.18
685.2 -67.52
685.6 -67.26
686.0 -69.51
686.4 -67.55
686.8 -68.2
687.2 -68.8
687.6 -70.86
688.0 -68.14
688.4 -68.18
688.8 -68.55
689.2 -69.08
689.6 -68.54
690.0 -66.59
690.4 -68.75
690.8 -69.18
691.2 -67.94
691.6 -67.31
692.0 -67.47
692.4 -66.81
692.8 -67.37
693.2 -67.91
693.6 -68.37
694.0 -68.59
694.4 -67.89
694.8 -68.14
695.2 -69.38
695.6 -68.45
696.0 -67.68
696.4 -67.53
696.8 -68.55
697.2 -66.38
697.6 -69.22
698.0 -67.79
698.4 -67.16
698.8 -68.08
699.2 -68.86
699.6 -67.06
700.0 -66.97
700.4 -68.0
700.8 -67.0
701.2 -67.94
701.6 -66.68
702.0 -67.69
702.4 -67.05
702.8 -66.33
703.2 -68.62
703.6 -67.3
704.0 -67.29
704.4 -68.04
704.8 -68.2
705.2 -66.81
705.6 -69.16
706.0 -67.53
706.4 -68.17
706.8 -66.99
707.2 -67.28
707.6 -67.8
708.0 -68.92
708.4 -66.1
708.8 -67.35
709.2 -66.37
709.6 -67.67
710.0 -67.96
710.4 -66.9
710.8 -66.85
711.2 -68.39
711.6 -67.69
712.0 -67.59
712.4 -66.57
712.8 -66.91
713.2 -67.58
713.6 -67.2
714.0 -67.43
714.4 -66.85
714.8 -66.39
715.2 -66.64
715.6 -69.39
716.0 -67.14
716.4 -66.71
716.8 -67.69
717.2 -66.43
717.6 -67.44
718.0 -67.67
718.4 -66.61
718.8 -67.32
719.2 -66.76
719.6 -67.76
720.0 -65.87
720.4 -67.18
720.8 -66.62
721.2 -67.04
721.6 -66.78
722.0 -67.44
722.4 -67.16
722.8 -66.45
723.2 -67.06
723.6 -66.64
724.0 -67.14
724.4 -67.01
724.8 -66.35
725.2 -67.22
725.6 -66.7
726.0 -66.16
726.4 -66.49
726.8 -67.53
727.2 -66.85
727.6 -67.11
728.0 -66.59
728.4 -66.59
728.8 -66.02
729.2 -66.96
729.6 -67.56
730.0 -65.42
730.4 -67.86
730.8 -66.25
731.2 -66.44
731.6 -65.6
732.0 -66.17
732.4 -66.21
732.8 -66.24
733.2 -66.35
733.6 -66.58
734.0 -66.46
734.4 -66.82
734.8 -65.32
735.2 -66.82
735.6 -66.68
736.0 -66.56
736.4 -67.44
736.8 -67.64
737.2 -66.51
737.6 -66.23
738.0 -65.48
738.4 -66.71
738.8 -66.82
739.2 -66.41
739.6 -66.41
740.0 -66.25
740.4 -66.14
740.8 -65.72
741.2 -66.55
741.6 -66.39
742.0 -66.93
742.4 -65.0
742.8 -66.67
743.2 -66.23
743.6 -66.27
744.0 -66.11
744.4 -66.53
744.8 -67.05
745.2 -67.05
745.6 -66.21
746.0 -65.92
746.4 -65.64
746.8 -66.48
747.2 -66.27
747.6 -66.39
748.0 -66.72
748.4 -65.83
748.8 -66.38
749.2 -67.3
749.6 -65.76
750.0 -67.1
750.4 -65.68
750.8 -65.98
751.2 -65.31
751.6 -65.18
752.0 -65.93
752.4 -66.11
752.8 -65.32
753.2 -66.45
753.6 -66.65
754.0 -65.53
754.4 -65.93
754.8 -66.35
755.2 -65.71
755.6 -66.11
756.0 -66.02
756.4 -65.77
756.8 -65.69
757.2 -66.01
757.6 -66.73
758.0 -67.1
758.4 -66.11
758.8 -66.18
759.2 -66.58
759.6 -66.17
760.0 -65.58
760.4 -65.42
760.8 -65.22
761.2 -66.15
761.6 -65.82
762.0 -65.63
762.4 -65.33
762.8 -66.63
763.2 -65.76
763.6 -66.25
764.0 -65.0
764.4 -66.24
764.8 -65.78
765.2 -65.81
765.6 -66.23
766.0 -65.84
766.4 -66.06
766.8 -65.98
767.2 -66.09
767.6 -65.69
768.0 -64.99
768.4 -65.57
768.8 -65.17
769.2 -65.23
769.6 -65.43
770.0 -64.94
770.4 -66.43
770.8 -65.35
771.2 -66.92
771.6 -65.52
772.0 -65.15
772.4 -65.54
772.8 -64.96
773.2 -64.87
773.6 -66.09
774.0 -66.24
774.4 -66.49
774.8 -65.74
775.2 -65.89
775.6 -65.43
776.0 -66.03
776.4 -66.11
776.8 -65.66
777.2 -64.79
777.6 -65.35
778.0 -64.96
778.4 -65.18
778.8 -66.14
779.2 -64.96
779.6 -65.31
780.0 -65.61
780.4 -65.5
780.8 -65.97
781.2 -65.68
781.6 -65.0
782.0 -66.12
782.4 -66.37
782.8 -65.32
783.2 -65.38
783.6 -64.81
784.0 -65.48
784.4 -64.87
784.8 -65.58
785.2 -64.95
785.6 -65.91
786.0 -65.34
786.4 -64.65
786.8 -64.97
787.2 -65.82
787.6 -64.26
788.0 -64.56
788.4 -65.38
788.8 -65.45
789.2 -64.69
789.6 -64.99
790.0 -64.57
790.4 -65.55
790.8 -65.24
791.2 -65.54
791.6 -65.2
792.0 -65.1
792.4 -64.59
792.8 -65.22
793.2 -64.44
793.6 -65.19
794.0 -64.48
794.4 -64.65
794.8 -64.27
795.2 -65.34
795.6 -65.17
796.0 -65.69
796.4 -65.17
796.8 -64.47
797.2 -64.9
797.6 -65.6
798.0 -64.61
798.4 -64.8
798.8 -64.29
799.2 -65.08
799.6 -65.18
800.0 -64.42
800.4 -64.33
800.8 -64.42
801.2 -64.13
801.6 -64.34
802.0 -64.24
802.4 -64.37
802.8 -64.84
803.2 -64.38
803.6 -64.25
804.0 -66.36
804.4 -64.67
804.8 -63.78
805.2 -64.42
805.6 -62.93
806.0 -63.09
806.4 -61.22
806.8 -57.66
807.2 -53.96
807.6 -50.01
808.0 -48.59
808.4 -49.55
808.8 -50.07
809.2 -53.77
809.6 -60.75
810.0 -63.41
810.4 -62.95
810.8 -63.91
811.2 -64.16
811.6 -64.38
812.0 -64.5
812.4 -64.26
812.8 -64.07
813.2 -64.36
813.6 -64.42
814.0 -64.67
814.4 -64.46
814.8 -64.47
815.2 -65.17
815.6 -65.21
816.0 -65.0
816.4 -65.39
816.8 -64.58
817.2 -64.37
817.6 -63.98
818.0 -64.97
818.4 -64.72
818.8 -64.46
819.2 -65.51
819.6 -64.26
820.0 -64.59
820.4 -64.0
820.8 -65.14
821.2 -64.12
821.6 -63.6
822.0 -63.78
822.4 -64.3
822.8 -64.67
823.2 -64.82
823.6 -64.54
824.0 -64.66
824.4 -64.39
824.8 -64.67
825.2 -63.75
825.6 -63.92
826.0 -64.28
826.4 -64.02
826.8 -63.22
827.2 -64.26
827.6 -63.7
828.0 -64.31
828.4 -64.26
828.8 -63.98
829.2 -64.18
829.6 -63.65
830.0 -64.4
830.4 -63.92
830.8 -63.68
831.2 -64.13
831.6 -63.54
832.0 -63.76
832.4 -63.69
832.8 -63.46
833.2 -64.2
833.6 -63.67
834.0 -63.62
834.4 -63.62
834.8 -63.47
835.2 -63.81
835.6 -63.51
836.0 -63.68
836.4 -63.1
836.8 -63.45
837.2 -63.99
837.6 -64.21
838.0 -63.34
838.4 -63.47
838.8 -63.53
839.2 -63.43
839.6 -63.85
840.0 -63.76
840.4 -63.67
840.8 -63.67
841.2 -63.69
841.6 -63.49
842.0 -62.77
842.4 -63.21
842.8 -63.1
843.2 -63.24
843.6 -63.32
844.0 -63.36
844.4 -63.58
844.8 -63.21
845.2 -63.26
845.6 -63.29
846.0 -63.55
846.4 -63.08
846.8 -62.8
847.2 -63.36
847.6 -63.31
848.0 -63.67
848.4 -63.17
848.8 -63.51
849.2 -63.74
849.6 -63.3
850.0 -63.13
850.4 -63.27
850.8 -63.0
851.2 -63.17
851.6 -63.11
852.0 -63.14
852.4 -62.72
852.8 -63.35
853.2 -63.13
853.6 -62.92
854.0 -63.18
854.4 -62.78
854.8 -62.72
855.2 -63.04
855.6 -63.06
856.0 -62.88
856.4 -62.67
856.8 -63.2
857.2 -62.99
857.6 -62.68
858.0 -62.7
858.4 -62.48
858.8 -62.67
859.2 -62.74
859.6 -63.13
860.0 -62.68
860.4 -62.45
860.8 -62.82
861.2 -62.54
861.6 -62.55
862.0 -62.88
862.4 -62.54
862.8 -62.74
863.2 -62.64
863.6 -62.77
864.0 -62.96
864.4 -62.7
864.8 -62.44
865.2 -62.29
865.6 -62.1
866.0 -63.08
866.4 -62.57
866.8 -62.7
867.2 -62.41
867.6 -62.72
868.0 -62.2
868.4 -62.48
868.8 -62.75
869.2 -62.45
869.6 -62.37
870.0 -62.41
870.4 -62.45
870.8 -62.87
871.2 -62.38
871.6 -62.11
872.0 -62.0
872.4 -62.25
872.8 -62.45
873.2 -61.83
873.6 -62.23
874.0 -62.38
874.4 -62.31
874.8 -62.15
875.2 -61.75
875.6 -61.85
876.0 -62.09
876.4 -62.04
876.8 -62.18
877.2 -61.81
877.6 -62.22
878.0 -62.11
878.4 -62.02
878.8 -62.18
879.2 -61.89
879.6 -61.72
880.0 -61.7
880.4 -62.1
880.8 -61.58
881.2 -61.99
881.6 -61.87
882.0 -62.4
882.4 -61.59
882.8 -61.87
883.2 -61.81
883.6 -61.9
884.0 -62.17
884.4 -61.95
884.8 -61.57
885.2 -61.78
885.6 -61.91
886.0 -61.63
886.4 -61.77
886.8 -61.55
887.2 -61.7
887.6 -61.96
888.0 -62.11
888.4 -61.61
888.8 -61.85
889.2 -61.73
889.6 -61.75
890.0 -62.01
890.4 -61.49
890.8 -61.95
891.2 -61.53
891.6 -61.34
892.0 -61.65
892.4 -61.55
892.8 -61.4
893.2 -61.78
893.6 -61.54
894.0 -61.32
894.4 -61.28
894.8 -61.66
895.2 -61.75
895.6 -61.67
896.0 -61.59
896.4 -61.49
896.8 -61.88
897.2 -61.36
897.6 -61.46
898.0 -61.64
898.4 -61.4
898.8 -61.68
899.2 -61.14
899.6 -61.67
900.0 -61.62
900.4 -61.54
900.8 -61.37
901.2 -60.95
901.6 -60.97
902.0 -61.46
902.4 -61.38
902.8 -61.31
903.2 -61.38
903.6 -60.96
904.0 -60.96
904.4 -61.63
904.8 -61.17
905.2 -60.69
905.6 -61.24
906.0 -60.88
906.4 -60.85
906.8 -60.91
907.2 -61.03
907.6 -60.73
908.0 -60.76
908.4 -60.82
908.8 -60.8
909.2 -60.77
909.6 -60.8
910.0 -61.2
910.4 -60.97
910.8 -61.0
911.2 -60.73
911.6 -60.64
912.0 -60.88
912.4 -60.54
912.8 -60.74
913.2 -60.69
913.6 -60.53
914.0 -60.46
914.4 -60.72
914.8 -60.6
915.2 -60.62
915.6 -60.69
916.0 -60.47
916.4 -60.73
916.8 -60.65
917.2 -60.37
917.6 -60.65
918.0 -60.62
918.4 -60.6
918.8 -60.73
919.2 -60.22
919.6 -60.39
920.0 -60.41
920.4 -60.18
920.8 -60.2
921.2 -60.48
921.6 -60.46
922.0 -60.1
922.4 -60.27
922.8 -60.27
923.2 -60.25
923.6 -60.38
924.0 -60.24
924.4 -60.16
924.8 -60.11
925.2 -60.15
925.6 -59.89
926.0 -59.88
926.4 -59.89
926.8 -59.75
927.2 -60.09
927.6 -59.65
928.0 -59.77
928.4 -59.72
928.8 -59.75
929.2 -59.77
929.6 -59.74
930.0 -59.79
930.4 -59.72
930.8 -59.76
931.2 -59.9
931.6 -59.59
932.0 -59.72
932.4 -59.77
932.8 -59.58
933.2 -59.62
933.6 -59.56
934.0 -59.69
934.4 -59.77
934.8 -59.26
935.2 -59.38
935.6 -59.56
936.0 -59.36
936.4 -59.55
936.8 -59.48
937.2 -59.39
937.6 -59.34
938.0 -59.6
938.4 -59.31
938.8 -59.26
939.2 -59.31
939.6 -59.38
940.0 -59.44
940.4 -59.51
940.8 -59.35
941.2 -59.34
941.6 -59.41
942.0 -59.34
942.4 -59.36
942.8 -59.12
943.2 -59.19
943.6 -59.45
944.0 -59.23
944.4 -59.16
944.8 -59.09
945.2 -59.09
945.6 -59.18
946.0 -59.09
946.4 -59.08
946.8 -59.1
947.2 -59.05
947.6 -58.96
948.0 -58.98
948.4 -59.03
948.8 -58.96
949.2 -59.06
949.6 -58.9
950.0 -59.0
950.4 -58.87
950.8 -58.78
951.2 -58.96
951.6 -58.85
952.0 -58.95
952.4 -58.9
952.8 -58.8
953.2 -58.84
953.6 -58.82
954.0 -58.83
954.4 -58.99
954.8 -58.87
955.2 -58.83
955.6 -58.89
956.0 -58.83
956.4 -58.88
956.8 -58.91
957.2 -58.75
957.6 -58.83
958.0 -58.79
958.4 -58.77
958.8 -58.68
959.2 -58.66
959.6 -58.57
960.0 -58.58
960.4 -58.53
960.8 -58.52
961.2 -58.48
961.6 -58.49
962.0 -58.41
962.4 -58.37
962.8 -58.33
963.2 -58.29
963.6 -58.23
964.0 -58.23
964.4 -58.24
964.8 -58.22
965.2 -58.08
965.6 -58.12
966.0 -58.13
966.4 -58.3
966.8 -58.34
967.2 -58.23
967.6 -58.24
968.0 -58.24
968.4 -58.1
968.8 -58.38
969.2 -58.25
969.6 -58.22
970.0 -58.24
970.4 -58.13
970.8 -58.25
971.2 -58.24
971.6 -58.27
972.0 -58.15
972.4 -58.25
972.8 -58.39
973.2 -58.38
973.6 -58.33
974.0 -58.3
974.4 -58.27
974.8 -58.38
975.2 -58.34
975.6 -58.37
976.0 -58.47
976.4 -58.42
976.8 -58.48
977.2 -58.53
977.6 -58.58
978.0 -58.64
978.4 -58.58
978.8 -58.57
979.2 -58.6
979.6 -58.47
980.0 -58.57
980.4 -58.46
980.8 -58.57
981.2 -58.44
981.6 -58.41
982.0 -58.31
982.4 -58.41
982.8 -58.36
983.2 -58.22
983.6 -58.22
984.0 -58.06
984.4 -58.01
984.8 -57.97
985.2 -57.97
985.6 -57.95
986.0 -57.89
986.4 -57.87
986.8 -57.86
987.2 -57.86
987.6 -57.82
988.0 -57.88
988.4 -57.72
988.8 -57.61
989.2 -57.69
989.6 -57.58
990.0 -57.59
990.4 -57.56
990.8 -57.54
991.2 -57.44
991.6 -57.6
992.0 -57.51
992.4 -57.56
992.8 -57.45
993.2 -57.52
993.6 -57.39
994.0 -57.59
994.4 -57.4
994.8 -57.39
995.2 -57.32
995.6 -57.47
996.0 -57.49
996.4 -57.57
996.8 -57.5
997.2 -57.57
997.6 -57.52
998.0 -57.53
998.4 -57.72
998.8 -57.66
999.2 -57.62
999.6 -57.67
1000.0 -57.68
