600.0 -77.15
600.4 -73.36
600.8 -69.41
601.2 -70.23
601.6 -71.93
602.0 -84.27
602.4 -210.0
602.8 -210.0
603.2 -73.54
603.6 -70.56
604.0 -210.0
604.4 -68.85
604.8 -210.0
605.2 -68.9
605.6 -210.0
606.0 -210.0
606.4 -73.41
606.8 -210.0
607.2 -74.6
607.6 -70.82
608.0 -210.0
608.4 -73.54
608.8 -72.66
609.2 -73.59
609.6 -210.0
610.0 -210.0
610.4 -77.82
610.8 -70.2
611.2 -210.0
611.6 -80.1
612.0 -71.28
612.4 -73.46
612.8 -77.16
613.2 -74.97
613.6 -210.0
614.0 -71.21
614.4 -210.0
614.8 -72.28
615.2 -210.0
615.6 -210.0
616.0 -76.1
616.4 -76.7
616.8 -68.94
617.2 -75.21
617.6 -71.8
618.0 -69.69
618.4 -210.0
618.8 -210.0
619.2 -70.55
619.6 -68.72
620.0 -75.37
620.4 -68.15
620.8 -76.38
621.2 -73.14
621.6 -74.33
622.0 -69.47
622.4 -73.21
622.8 -74.75
623.2 -70.38
623.6 -210.0
624.0 -74.48
624.4 -76.61
624.8 -72.44
625.2 -71.89
625.6 -68.9
626.0 -68.93
626.4 -80.99
626.8 -70.88
627.2 -72.59
627.6 -69.51
628.0 -70.68
628.4 -74.76
628.8 -75.92
629.2 -74.17
629.6 -71.19
630.0 -86.0
630.4 -72.6
630.8 -72.44
631.2 -73.3
631.6 -70.55
632.0 -72.53
632.4 -67.98
632.8 -71.73
633.2 -70.79
633.6 -68.93
634.0 -70.16
634.4 -70.08
634.8 -72.03
635.2 -210.0
635.6 -70.96
636.0 -71.66
636.4 -69.31
636.8 -67.92
637.2 -69.12
637.6 -69.0
638.0 -68.88
638.4 -70.38
638.8 -70.62
639.2 -69.27
639.6 -70.08
640.0 -67.93
640.4 -67.97
640.8 -67.32
641.2 -68.27
641.6 -71.97
642.0 -70.19
642.4 -68.2
642.8 -68.13
643.2 -67.89
643.6 -72.29
644.0 -68.71
644.4 -69.65
644.8 -67.4
645.2 -69.14
645.6 -67.51
646.0 -69.57
646.4 -68.34
646.8 -67.77
647.2 -68.25
647.6 -69.3
648.0 -67.68
648.4 -68.36
648.8 -67.95
649.2 -68.17
649.6 -68.31
650.0 -67.49
650.4 -69.16
650.8 -68.42
651.2 -67.67
651.6 -66.42
652.0 -68.18
652.4 -67.3
652.8 -68.05
653.2 -68.24
653.6 -67.91
654.0 -68.78
654.4 -68.01
654.8 -67.28
655.2 -68.68
655.6 -68.36
656.0 -67.33
656.4 -66.98
656.8 -67.41
657.2 -68.04
657.6 -67.11
658.0 -67.76
658.4 -68.59
658.8 -67.47
659.2 -66.38
659.6 -67.77
660.0 -67.65
660.4 -68.89
660.8 -68.4
661.2 -67.05
661.6 -68.11
662.0 -66.27
662.4 -66.83
662.8 -66.49
663.2 -66.69
663.6 -67.92
664.0 -66.33
664.4 -68.15
664.8 -67.53
665.2 -67.61
665.6 -67.61
666.0 -67.05
666.4 -66.66
666.8 -65.96
667.2 -66.94
667.6 -67.87
668.0 -66.98
668.4 -67.83
668.8 -66.42
669.2 -67.16
669.6 -67.2
670.0 -66.75
670.4 -66.41
670.8 -67.14
671.2 -68.33
671.6 -67.63
672.0 -66.27
672.4 -66.87
672.8 -66.26
673.2 -66.42
673.6 -66.55
674.0 -66.61
674.4 -66.96
674.8 -66.88
675.2 -66.77
675.6 -67.34
676.0 -65.58
676.4 -66.45
676.8 -65.97
677.2 -66.61
677.6 -65.77
678.0 -66.92
678.4 -66.57
678.8 -65.81
679.2 -68.2
679.6 -66.46
680.0 -66.58
680.4 -67.33
680.8 -67.2
681.2 -66.71
681.6 -66.01
682.0 -67.69
682.4 -66.87
682.8 -66.86
683.2 -68.2
683.6 -66.74
684.0 -67.0
684.4 -66.7
684.8 -65.82
685.2 -68.59
685.6 -68.48
686.0 -67.34
686.4 -66.54
686.8 -66.26
687.2 -66.0
687.6 -66.28
688.0 -66.77
688.4 -67.48
688.8 -66.91
689.2 -66.26
689.6 -66.26
690.0 -66.09
690.4 -67.11
690.8 -66.31
691.2 -66.68
691.6 -66.68
692.0 -65.96
692.4 -65.99
692.8 -66.66
693.2 -66.72
693.6 -67.15
694.0 -66.19
694.4 -66.11
694.8 -66.05
695.2 -65.56
695.6 -66.1
696.0 -66.33
696.4 -66.22
696.8 -67.81
697.2 -65.7
697.6 -65.47
698.0 -66.3
698.4 -67.33
698.8 -66.15
699.2 -65.95
699.6 -65.85
700.0 -66.17
700.4 -66.8
700.8 -66.88
701.2 -65.41
701.6 -66.42
702.0 -66.38
702.4 -66.06
702.8 -66.89
703.2 -66.46
703.6 -66.43
704.0 -65.75
704.4 -65.96
704.8 -65.11
705.2 -66.19
705.6 -65.89
706.0 -65.82
706.4 -65.68
706.8 -66.17
707.2 -65.83
707.6 -66.4
708.0 -65.79
708.4 -65.97
708.8 -65.59
709.2 -65.96
709.6 -66.03
710.0 -66.29
710.4 -66.36
710.8 -65.94
711.2 -65.75
711.6 -65.9
712.0 -66.45
712.4 -66.0
712.8 -65.03
713.2 -65.48
713.6 -65.35
714.0 -66.58
714.4 -65.9
714.8 -64.8
715.2 -65.28
715.6 -65.86
716.0 -66.68
716.4 -66.29
716.8 -66.48
717.2 -64.8
717.6 -66.18
718.0 -67.2
718.4 -66.42
718.8 -65.88
719.2 -66.41
719.6 -66.56
720.0 -66.08
720.4 -65.43
720.8 -66.43
721.2 -66.47
721.6 -65.73
722.0 -66.38
722.4 -65.89
722.8 -66.22
723.2 -64.84
723.6 -67.28
724.0 -66.71
724.4 -66.4
724.8 -67.08
725.2 -66.28
725.6 -66.31
726.0 -65.37
726.4 -65.25
726.8 -65.67
727.2 -66.98
727.6 -65.24
728.0 -65.76
728.4 -66.17
728.8 -65.92
729.2 -65.11
729.6 -66.87
730.0 -65.67
730.4 -67.26
730.8 -65.8
731.2 -65.73
731.6 -65.54
732.0 -65.46
732.4 -66.39
732.8 -66.39
733.2 -66.35
733.6 -65.58
734.0 -66.31
734.4 -66.08
734.8 -65.8
735.2 -65.44
735.6 -66.29
736.0 -65.4
736.4 -65.68
736.8 -66.43
737.2 -66.72
737.6 -66.42
738.0 -65.6
738.4 -65.98
738.8 -66.33
739.2 -66.49
739.6 -66.57
740.0 -66.25
740.4 -65.68
740.8 -65.96
741.2 -65.98
741.6 -66.16
742.0 -67.02
742.4 -66.02
742.8 -67.44
743.2 -66.08
743.6 -67.44
744.0 -66.0
744.4 -65.33
744.8 -65.86
745.2 -67.28
745.6 -66.02
746.0 -66.52
746.4 -65.99
746.8 -67.04
747.2 -66.01
747.6 -67.03
748.0 -66.81
748.4 -66.23
748.8 -66.46
749.2 -66.19
749.6 -66.19
750.0 -65.96
750.4 -65.82
750.8 -66.32
751.2 -65.47
751.6 -67.42
752.0 -66.8
752.4 -66.71
752.8 -66.21
753.2 -67.06
753.6 -66.69
754.0 -66.52
754.4 -66.47
754.8 -66.6
755.2 -67.32
755.6 -65.78
756.0 -67.31
756.4 -65.6
756.8 -66.87
757.2 -65.46
757.6 -66.77
758.0 -66.56
758.4 -66.68
758.8 -66.99
759.2 -65.77
759.6 -66.33
760.0 -66.97
760.4 -66.4
760.8 -66.73
761.2 -65.85
761.6 -66.27
762.0 -65.95
762.4 -66.77
762.8 -65.62
763.2 -65.94
763.6 -65.32
764.0 -66.2
764.4 -65.54
764.8 -65.81
765.2 -66.19
765.6 -65.6
766.0 -65.95
766.4 -67.05
766.8 -66.33
767.2 -65.41
767.6 -66.9
768.0 -65.78
768.4 -66.45
768.8 -65.96
769.2 -65.23
769.6 -66.15
770.0 -66.56
770.4 -65.95
770.8 -65.35
771.2 -65.28
771.6 -65.06
772.0 -64.9
772.4 -65.86
772.8 -66.38
773.2 -66.96
773.6 -65.9
774.0 -66.08
774.4 -65.64
774.8 -65.85
775.2 -66.62
775.6 -66.99
776.0 -65.16
776.4 -65.52
776.8 -65.59
777.2 -66.23
777.6 -66.23
778.0 -65.28
778.4 -66.22
778.8 -66.83
779.2 -66.1
779.6 -64.47
780.0 -65.94
780.4 -66.64
780.8 -66.68
781.2 -65.64
781.6 -66.76
782.0 -66.5
782.4 -65.89
782.8 -65.96
783.2 -65.09
783.6 -65.95
784.0 -66.57
784.4 -66.49
784.8 -65.17
785.2 -65.47
785.6 -65.44
786.0 -65.94
786.4 -66.92
786.8 -66.09
787.2 -65.9
787.6 -65.5
788.0 -65.13
788.4 -66.91
788.8 -65.77
789.2 -65.42
789.6 -66.33
790.0 -64.8
790.4 -65.41
790.8 -65.14
791.2 -65.9
791.6 -66.48
792.0 -64.7
792.4 -65.94
792.8 -65.0
793.2 -64.87
793.6 -65.22
794.0 -65.38
794.4 -65.77
794.8 -65.59
795.2 -65.62
795.6 -64.85
796.0 -65.33
796.4 -64.64
796.8 -64.94
797.2 -65.83
797.6 -64.35
798.0 -65.86
798.4 -64.77
798.8 -64.99
799.2 -65.7
799.6 -65.63
800.0 -65.04
800.4 -65.1
800.8 -64.98
801.2 -65.08
801.6 -64.54
802.0 -64.45
802.4 -65.25
802.8 -65.22
803.2 -65.39
803.6 -63.52
804.0 -64.15
804.4 -64.1
804.8 -64.82
805.2 -64.1
805.6 -63.63
806.0 -63.32
806.4 -61.05
806.8 -57.88
807.2 -54.24
807.6 -50.24
808.0 -48.89
808.4 -49.8
808.8 -50.47
809.2 -54.56
809.6 -61.22
810.0 -62.48
810.4 -63.51
810.8 -64.16
811.2 -64.37
811.6 -64.17
812.0 -64.58
812.4 -64.28
812.8 -64.54
813.2 -65.33
813.6 -63.84
814.0 -63.89
814.4 -64.97
814.8 -64.92
815.2 -64.6
815.6 -64.07
816.0 -64.68
816.4 -64.39
816.8 -64.98
817.2 -64.99
817.6 -64.18
818.0 -63.6
818.4 -63.54
818.8 -63.98
819.2 -64.52
819.6 -64.23
820.0 -64.16
820.4 -64.14
820.8 -63.86
821.2 -63.93
821.6 -63.86
822.0 -64.28
822.4 -64.42
822.8 -64.53
823.2 -64.55
823.6 -64.38
824.0 -64.33
824.4 -63.99
824.8 -64.03
825.2 -64.3
825.6 -64.37
826.0 -64.65
826.4 -64.27
826.8 -64.64
827.2 -64.55
827.6 -64.09
828.0 -64.31
828.4 -64.5
828.8 -64.56
829.2 -64.29
829.6 -64.25
830.0 -64.22
830.4 -64.31
830.8 -64.68
831.2 -64.49
831.6 -63.85
832.0 -64.64
832.4 -64.57
832.8 -64.24
833.2 -64.51
833.6 -64.39
834.0 -64.31
834.4 -64.29
834.8 -64.77
835.2 -63.71
835.6 -64.09
836.0 -64.59
836.4 -64.19
836.8 -64.77
837.2 -64.85
837.6 -64.74
838.0 -64.32
838.4 -64.23
838.8 -64.68
839.2 -65.07
839.6 -64.83
840.0 -64.93
840.4 -64.77
840.8 -65.43
841.2 -65.21
841.6 -65.04
842.0 -64.01
842.4 -64.48
842.8 -64.63
843.2 -65.08
843.6 -65.55
844.0 -64.76
844.4 -64.67
844.8 -65.33
845.2 -64.43
845.6 -64.95
846.0 -65.62
846.4 -64.71
846.8 -65.09
847.2 -65.18
847.6 -64.96
848.0 -64.96
848.4 -65.45
848.8 -65.25
849.2 -64.74
849.6 -64.59
850.0 -64.86
850.4 -64.66
850.8 -65.24
851.2 -64.55
851.6 -65.87
852.0 -64.97
852.4 -65.73
852.8 -65.42
853.2 -65.1
853.6 -64.33
854.0 -64.99
854.4 -64.97
854.8 -65.73
855.2 -65.39
855.6 -64.62
856.0 -65.61
856.4 -65.64
856.8 -64.73
857.2 -65.39
857.6 -65.66
858.0 -65.24
858.4 -65.25
858.8 -64.71
859.2 -65.73
859.6 -65.82
860.0 -65.17
860.4 -64.57
860.8 -65.47
861.2 -66.19
861.6 -65.3
862.0 -65.67
862.4 -65.35
862.8 -65.78
863.2 -65.37
863.6 -65.11
864.0 -64.98
864.4 -65.22
864.8 -66.21
865.2 -65.98
865.6 -65.16
866.0 -65.5
866.4 -65.49
866.8 -65.82
867.2 -66.51
867.6 -64.99
868.0 -65.01
868.4 -65.77
868.8 -65.02
869.2 -65.94
869.6 -65.82
870.0 -65.5
870.4 -66.27
870.8 -65.46
871.2 -66.29
871.6 -65.39
872.0 -65.64
872.4 -65.12
872.8 -65.6
873.2 -65.7
873.6 -65.84
874.0 -65.44
874.4 -65.89
874.8 -65.94
875.2 -66.36
875.6 -65.44
876.0 -66.55
876.4 -65.86
876.8 -65.88
877.2 -65.78
877.6 -65.38
878.0 -66.59
878.4 -65.92
878.8 -66.48
879.2 -66.16
879.6 -65.75
880.0 -65.83
880.4 -66.94
880.8 -65.71
881.2 -67.1
881.6 -65.21
882.0 -65.21
882.4 -65.98
882.8 -65.76
883.2 -65.36
883.6 -67.26
884.0 -65.7
884.4 -65.44
884.8 -66.77
885.2 -65.66
885.6 -65.49
886.0 -65.32
886.4 -68.3
886.8 -66.03
887.2 -66.61
887.6 -66.5
888.0 -66.32
888.4 -65.26
888.8 -65.68
889.2 -66.02
889.6 -66.76
890.0 -66.42
890.4 -65.89
890.8 -65.86
891.2 -66.76
891.6 -65.8
892.0 -65.87
892.4 -67.0
892.8 -67.26
893.2 -66.27
893.6 -67.26
894.0 -67.31
894.4 -66.79
894.8 -65.97
895.2 -65.6
895.6 -66.95
896.0 -65.64
896.4 -66.48
896.8 -65.48
897.2 -66.52
897.6 -66.28
898.0 -68.15
898.4 -65.07
898.8 -67.11
899.2 -66.3
899.6 -67.15
900.0 -67.0
900.4 -65.58
900.8 -65.31
901.2 -65.66
901.6 -65.89
902.0 -67.04
902.4 -66.16
902.8 -66.51
903.2 -66.55
903.6 -66.8
904.0 -67.24
904.4 -65.98
904.8 -66.65
905.2 -66.84
905.6 -66.22
906.0 -66.3
906.4 -65.99
906.8 -66.16
907.2 -66.56
907.6 -67.74
908.0 -66.34
908.4 -66.83
908.8 -66.56
909.2 -66.6
909.6 -66.11
910.0 -66.98
910.4 -66.61
910.8 -67.12
911.2 -66.31
911.6 -66.49
912.0 -65.86
912.4 -67.23
912.8 -66.64
913.2 -66.93
913.6 -66.91
914.0 -67.54
914.4 -66.16
914.8 -66.06
915.2 -67.39
915.6 -67.56
916.0 -66.77
916.4 -66.86
916.8 -66.7
917.2 -66.56
917.6 -66.64
918.0 -66.85
918.4 -67.29
918.8 -66.82
919.2 -67.11
919.6 -66.72
920.0 -66.65
920.4 -66.93
920.8 -66.75
921.2 -66.54
921.6 -67.55
922.0 -67.27
922.4 -66.69
922.8 -68.18
923.2 -66.57
923.6 -66.42
924.0 -66.38
924.4 -67.64
924.8 -66.77
925.2 -67.78
925.6 -67.33
926.0 -68.32
926.4 -67.65
926.8 -67.79
927.2 -68.37
927.6 -68.01
928.0 -68.24
928.4 -68.47
928.8 -68.49
929.2 -67.89
929.6 -68.93
930.0 -65.69
930.4 -67.8
930.8 -67.46
931.2 -67.69
931.6 -68.49
932.0 -68.35
932.4 -68.85
932.8 -67.85
933.2 -68.58
933.6 -68.35
934.0 -67.24
934.4 -68.35
934.8 -68.75
935.2 -68.94
935.6 -68.14
936.0 -68.59
936.4 -69.19
936.8 -68.13
937.2 -68.62
937.6 -68.68
938.0 -68.35
938.4 -70.13
938.8 -68.7
939.2 -67.9
939.6 -68.2
940.0 -67.59
940.4 -68.51
940.8 -69.52
941.2 -67.54
941.6 -68.04
942.0 -68.1
942.4 -68.16
942.8 -67.82
943.2 -67.94
943.6 -68.23
944.0 -68.5
944.4 -68.21
944.8 -68.41
945.2 -68.77
945.6 -68.18
946.0 -67.47
946.4 -69.32
946.8 -69.65
947.2 -68.25
947.6 -68.4
948.0 -67.48
948.4 -69.07
948.8 -67.64
949.2 -68.5
949.6 -67.09
950.0 -67.85
950.4 -67.7
950.8 -67.61
951.2 -67.42
951.6 -68.05
952.0 -68.01
952.4 -68.53
952.8 -68.26
953.2 -67.57
953.6 -67.78
954.0 -68.43
954.4 -68.17
954.8 -67.34
955.2 -68.99
955.6 -68.6
956.0 -67.78
956.4 -67.39
956.8 -68.63
957.2 -67.86
957.6 -68.64
958.0 -68.5
958.4 -68.17
958.8 -68.19
959.2 -67.81
959.6 -68.04
960.0 -68.79
960.4 -68.86
960.8 -68.25
961.2 -68.04
961.6 -67.98
962.0 -68.29
962.4 -67.79
962.8 -67.92
963.2 -67.69
963.6 -67.87
964.0 -67.64
964.4 -67.1
964.8 -67.03
965.2 -67.35
965.6 -67.21
966.0 -67.0
966.4 -67.09
966.8 -67.09
967.2 -67.4
967.6 -68.08
968.0 -67.7
968.4 -66.97
968.8 -67.2
969.2 -67.22
969.6 -67.07
970.0 -68.09
970.4 -67.22
970.8 -67.37
971.2 -66.86
971.6 -67.61
972.0 -67.11
972.4 -67.55
972.8 -67.24
973.2 -67.69
973.6 -68.03
974.0 -66.81
974.4 -68.21
974.8 -67.78
975.2 -67.54
975.6 -67.37
976.0 -67.4
976.4 -67.24
976.8 -67.2
977.2 -67.7
977.6 -67.15
978.0 -67.38
978.4 -67.63
978.8 -67.07
979.2 -67.13
979.6 -67.21
980.0 -67.16
980.4 -67.32
980.8 -67.35
981.2 -67.13
981.6 -66.61
982.0 -68.01
982.4 -66.98
982.8 -66.78
983.2 -67.28
983.6 -66.69
984.0 -66.42
984.4 -67.17
984.8 -66.36
985.2 -66.58
985.6 -66.2
986.0 -66.02
986.4 -66.83
986.8 -66.02
987.2 -66.57
987.6 -66.25
988.0 -66.04
988.4 -66.06
988.8 -66.26
989.2 -65.7
989.6 -65.97
990.0 -65.81
990.4 -66.19
990.8 -65.78
991.2 -65.92
991.6 -65.26
992.0 -65.75
992.4 -65.65
992.8 -65.57
993.2 -65.6
993.6 -65.32
994.0 -65.29
994.4 -65.4
994.8 -65.43
995.2 -65.39
995.6 -65.56
996.0 -65.21
996.4 -65.16
996.8 -65.0
997.2 -65.1
997.6 -65.19
998.0 -65.14
998.4 -65.03
998.8 -64.96
999.2 -65.18
999.6 -65.21
1000.0 -64.95
