600.0 -74.59
600.4 -210.0
600.8 -70.38
601.2 -210.0
601.6 -72.47
602.0 -210.0
602.4 -72.52
602.8 -73.9
603.2 -70.72
603.6 -210.0
604.0 -210.0
604.4 -210.0
604.8 -210.0
605.2 -72.42
605.6 -73.7
606.0 -73.39
606.4 -71.99
606.8 -73.11
607.2 -72.29
607.6 -74.63
608.0 -210.0
608.4 -71.89
608.8 -73.57
609.2 -74.73
609.6 -210.0
610.0 -210.0
610.4 -71.19
610.8 -73.06
611.2 -73.71
611.6 -77.09
612.0 -210.0
612.4 -70.01
612.8 -68.82
613.2 -77.18
613.6 -210.0
614.0 -210.0
614.4 -72.25
614.8 -210.0
615.2 -70.17
615.6 -85.11
616.0 -71.33
616.4 -79.13
616.8 -210.0
617.2 -70.43
617.6 -210.0
618.0 -71.11
618.4 -73.23
618.8 -71.49
619.2 -82.32
619.6 -70.87
620.0 -73.32
620.4 -210.0
620.8 -72.63
621.2 -70.39
621.6 -75.47
622.0 -68.25
622.4 -80.74
622.8 -69.98
623.2 -71.42
623.6 -72.37
624.0 -77.83
624.4 -69.85
624.8 -75.67
625.2 -70.38
625.6 -70.15
626.0 -79.72
626.4 -77.98
626.8 -70.11
627.2 -70.5
627.6 -73.06
628.0 -73.56
628.4 -77.44
628.8 -72.3
629.2 -71.62
629.6 -75.97
630.0 -82.99
630.4 -76.03
630.8 -69.52
631.2 -74.32
631.6 -71.97
632.0 -75.01
632.4 -69.55
632.8 -69.58
633.2 -71.32
633.6 -71.78
634.0 -75.15
634.4 -69.69
634.8 -70.43
635.2 -70.25
635.6 -74.1
636.0 -74.67
636.4 -69.65
636.8 -71.72
637.2 -70.84
637.6 -72.41
638.0 -78.8
638.4 -68.76
638.8 -72.33
639.2 -72.87
639.6 -69.55
640.0 -68.28
640.4 -68.99
640.8 -74.26
641.2 -73.84
641.6 -72.26
642.0 -68.22
642.4 -70.14
642.8 -73.02
643.2 -69.78
643.6 -67.57
644.0 -68.83
644.4 -70.51
644.8 -69.39
645.2 -72.29
645.6 -68.55
646.0 -69.87
646.4 -69.12
646.8 -70.37
647.2 -68.52
647.6 -67.88
648.0 -67.82
648.4 -68.0
648.8 -67.99
649.2 -67.03
649.6 -68.68
650.0 -69.83
650.4 -71.28
650.8 -69.49
651.2 -68.49
651.6 -68.99
652.0 -70.38
652.4 -68.94
652.8 -67.77
653.2 -68.94
653.6 -68.1
654.0 -68.84
654.4 -68.06
654.8 -68.46
655.2 -67.44
655.6 -68.57
656.0 -67.8
656.4 -67.89
656.8 -67.89
657.2 -69.29
657.6 -68.43
658.0 -67.26
658.4 -67.51
658.8 -67.64
659.2 -67.56
659.6 -68.0
660.0 -69.12
660.4 -69.12
660.8 -70.88
661.2 -66.17
661.6 -68.45
662.0 -67.92
662.4 -68.2
662.8 -67.92
663.2 -67.78
663.6 -69.37
664.0 -68.89
664.4 -69.31
664.8 -67.36
665.2 -68.66
665.6 -68.83
666.0 -67.87
666.4 -66.9
666.8 -67.57
667.2 -68.83
667.6 -67.83
668.0 -66.83
668.4 -66.23
668.8 -68.01
669.2 -67.74
669.6 -67.4
670.0 -67.39
670.4 -66.65
670.8 -68.18
671.2 -67.85
671.6 -67.59
672.0 -67.71
672.4 -68.74
672.8 -68.73
673.2 -66.83
673.6 -67.12
674.0 -69.26
674.4 -67.43
674.8 -67.18
675.2 -67.26
675.6 -66.05
676.0 -67.25
676.4 -67.46
676.8 -66.68
677.2 -68.07
677.6 -68.27
678.0 -67.31
678.4 -67.27
678.8 -67.1
679.2 -66.84
679.6 -66.88
680.0 -66.69
680.4 -67.72
680.8 -66.86
681.2 -66.64
681.6 -66.81
682.0 -67.1
682.4 -68.06
682.8 -67.68
683.2 -67.21
683.6 -66.67
684.0 -67.12
684.4 -66.52
684.8 -66.49
685.2 -66.72
685.6 -66.51
686.0 -67.38
686.4 -66.43
686.8 -65.88
687.2 -66.96
687.6 -66.59
688.0 -65.84
688.4 -66.94
688.8 -66.44
689.2 -67.21
689.6 -66.75
690.0 -66.06
690.4 -66.99
690.8 -66.48
691.2 -65.79
691.6 -66.72
692.0 -66.32
692.4 -65.92
692.8 -67.08
693.2 -66.51
693.6 -65.98
694.0 -66.0
694.4 -66.25
694.8 -67.7
695.2 -66.55
695.6 -67.0
696.0 -66.8
696.4 -67.36
696.8 -66.35
697.2 -66.78
697.6 -66.55
698.0 -65.75
698.4 -66.91
698.8 -65.65
699.2 -66.86
699.6 -65.67
700.0 -65.57
700.4 -66.73
700.8 -65.99
701.2 -66.57
701.6 -66.15
702.0 -65.63
702.4 -65.9
702.8 -66.26
703.2 -66.36
703.6 -65.64
704.0 -66.07
704.4 -65.28
704.8 -65.47
705.2 -65.92
705.6 -66.12
706.0 -66.92
706.4 -66.2
706.8 -66.2
707.2 -65.64
707.6 -65.92
708.0 -65.45
708.4 -64.67
708.8 -65.53
709.2 -66.45
709.6 -65.86
710.0 -65.69
710.4 -66.02
710.8 -66.04
711.2 -66.5
711.6 -65.49
712.0 -65.37
712.4 -65.77
712.8 -66.48
713.2 -66.48
713.6 -65.84
714.0 -66.01
714.4 -65.97
714.8 -65.58
715.2 -66.3
715.6 -65.63
716.0 -65.57
716.4 -65.32
716.8 -66.19
717.2 -66.86
717.6 -65.46
718.0 -65.3
718.4 -65.89
718.8 -66.05
719.2 -65.59
719.6 -65.95
720.0 -65.97
720.4 -65.81
720.8 -66.1
721.2 -65.25
721.6 -65.96
722.0 -65.63
722.4 -65.24
722.8 -66.76
723.2 -65.49
723.6 -65.91
724.0 -64.7
724.4 -65.77
724.8 -65.82
725.2 -65.89
725.6 -65.35
726.0 -66.94
726.4 -65.98
726.8 -65.77
727.2 -65.45
727.6 -66.04
728.0 -65.2
728.4 -66.43
728.8 -66.13
729.2 -65.43
729.6 -66.16
730.0 -65.27
730.4 -65.39
730.8 -65.35
731.2 -65.38
731.6 -65.17
732.0 -66.17
732.4 -65.28
732.8 -65.96
733.2 -67.88
733.6 -65.68
734.0 -65.52
734.4 -66.65
734.8 -65.17
735.2 -65.14
735.6 -65.56
736.0 -66.03
736.4 -66.47
736.8 -65.71
737.2 -65.95
737.6 -65.64
738.0 -66.08
738.4 -66.66
738.8 -66.37
739.2 -65.56
739.6 -65.56
740.0 -64.87
740.4 -65.46
740.8 -65.82
741.2 -65.81
741.6 -65.67
742.0 -66.09
742.4 -65.54
742.8 -65.13
743.2 -66.5
743.6 -66.92
744.0 -65.96
744.4 -66.03
744.8 -65.36
745.2 -65.75
745.6 -66.56
746.0 -65.39
746.4 -65.92
746.8 -65.54
747.2 -65.34
747.6 -65.91
748.0 -66.43
748.4 -64.73
748.8 -65.43
749.2 -65.59
749.6 -66.15
750.0 -65.02
750.4 -64.85
750.8 -65.7
751.2 -65.13
751.6 -65.15
752.0 -65.45
752.4 -65.39
752.8 -65.44
753.2 -65.47
753.6 -64.59
754.0 -65.21
754.4 -65.65
754.8 -66.6
755.2 -66.5
755.6 -64.78
756.0 -65.63
756.4 -65.43
756.8 -65.05
757.2 -64.91
757.6 -65.1
758.0 -64.56
758.4 -65.54
758.8 -64.58
759.2 -65.98
759.6 -65.05
760.0 -65.16
760.4 -66.4
760.8 -66.78
761.2 -64.52
761.6 -65.64
762.0 -64.85
762.4 -65.4
762.8 -65.07
763.2 -65.76
763.6 -64.17
764.0 -64.29
764.4 -64.74
764.8 -65.6
765.2 -66.23
765.6 -64.56
766.0 -65.29
766.4 -64.98
766.8 -64.94
767.2 -65.41
767.6 -64.82
768.0 -65.82
768.4 -65.37
768.8 -65.7
769.2 -64.83
769.6 -65.77
770.0 -64.25
770.4 -66.1
770.8 -65.09
771.2 -65.16
771.6 -64.77
772.0 -65.54
772.4 -64.09
772.8 -64.84
773.2 -64.87
773.6 -64.67
774.0 -65.67
774.4 -64.92
774.8 -64.49
775.2 -65.36
775.6 -64.89
776.0 -65.1
776.4 -64.68
776.8 -65.32
777.2 -65.92
777.6 -63.97
778.0 -64.96
778.4 -64.42
778.8 -64.7
779.2 -64.9
779.6 -64.99
780.0 -64.69
780.4 -64.57
780.8 -64.74
781.2 -65.14
781.6 -65.7
782.0 -65.53
782.4 -64.62
782.8 -64.82
783.2 -65.09
783.6 -64.9
784.0 -64.08
784.4 -64.23
784.8 -64.07
785.2 -64.95
785.6 -65.76
786.0 -64.12
786.4 -65.78
786.8 -64.04
787.2 -64.85
787.6 -65.46
788.0 -64.08
788.4 -65.12
788.8 -65.32
789.2 -64.55
789.6 -65.03
790.0 -64.49
790.4 -63.75
790.8 -64.49
791.2 -64.94
791.6 -64.73
792.0 -65.2
792.4 -64.7
792.8 -64.9
793.2 -64.3
793.6 -65.35
794.0 -64.63
794.4 -65.41
794.8 -66.59
795.2 -64.16
795.6 -64.59
796.0 -63.88
796.4 -63.85
796.8 -63.9
797.2 -64.14
797.6 -64.49
798.0 -64.25
798.4 -63.88
798.8 -64.43
799.2 -65.18
799.6 -64.29
800.0 -64.07
800.4 -64.85
800.8 -63.7
801.2 -63.44
801.6 -63.62
802.0 -64.71
802.4 -64.83
802.8 -64.04
803.2 -63.94
803.6 -64.69
804.0 -63.78
804.4 -64.45
804.8 -63.76
805.2 -63.55
805.6 -63.26
806.0 -62.91
806.4 -60.12
806.8 -57.41
807.2 -53.78
807.6 -49.65
808.0 -48.31
808.4 -49.26
808.8 -49.83
809.2 -53.71
809.6 -60.78
810.0 -63.0
810.4 -63.47
810.8 -63.18
811.2 -63.26
811.6 -63.78
812.0 -63.68
812.4 -64.16
812.8 -64.48
813.2 -63.98
813.6 -64.9
814.0 -64.21
814.4 -63.88
814.8 -63.77
815.2 -64.21
815.6 -63.76
816.0 -63.77
816.4 -63.51
816.8 -64.24
817.2 -63.79
817.6 -64.06
818.0 -64.08
818.4 -63.35
818.8 -64.46
819.2 -63.76
819.6 -63.92
820.0 -64.23
820.4 -63.75
820.8 -63.4
821.2 -63.8
821.6 -63.93
822.0 -63.65
822.4 -63.11
822.8 -63.27
823.2 -63.47
823.6 -63.61
824.0 -64.53
824.4 -63.45
824.8 -64.51
825.2 -64.08
825.6 -63.73
826.0 -64.38
826.4 -63.89
826.8 -63.32
827.2 -62.91
827.6 -62.95
828.0 -63.73
828.4 -63.75
828.8 -63.27
829.2 -63.87
829.6 -63.51
830.0 -63.7
830.4 -63.53
830.8 -63.14
831.2 -63.44
831.6 -63.07
832.0 -63.26
832.4 -63.32
832.8 -62.93
833.2 -63.14
833.6 -63.41
834.0 -63.79
834.4 -62.84
834.8 -62.93
835.2 -62.8
835.6 -63.27
836.0 -62.8
836.4 -63.35
836.8 -63.59
837.2 -63.28
837.6 -63.12
838.0 -63.39
838.4 -62.71
838.8 -63.29
839.2 -63.33
839.6 -63.12
840.0 -63.01
840.4 -63.08
840.8 -63.28
841.2 -62.99
841.6 -62.74
842.0 -62.92
842.4 -63.07
842.8 -62.69
843.2 -63.15
843.6 -63.13
844.0 -62.93
844.4 -63.04
844.8 -62.65
845.2 -63.14
845.6 -63.29
846.0 -63.14
846.4 -62.9
846.8 -62.6
847.2 -63.22
847.6 -62.65
848.0 -62.59
848.4 -62.85
848.8 -62.79
849.2 -62.59
849.6 -62.74
850.0 -62.87
850.4 -62.64
850.8 -62.95
851.2 -62.73
851.6 -62.81
852.0 -63.21
852.4 -62.55
852.8 -62.5
853.2 -62.85
853.6 -62.75
854.0 -62.92
854.4 -62.67
854.8 -63.26
855.2 -62.6
855.6 -62.84
856.0 -62.51
856.4 -62.44
856.8 -62.66
857.2 -62.76
857.6 -62.9
858.0 -62.28
858.4 -62.21
858.8 -62.54
859.2 -62.69
859.6 -62.32
860.0 -62.32
860.4 -62.3
860.8 -62.48
861.2 -62.31
861.6 -62.73
862.0 -62.69
862.4 -62.21
862.8 -62.2
863.2 -62.44
863.6 -62.93
864.0 -62.3
864.4 -62.29
864.8 -62.47
865.2 -62.78
865.6 -62.9
866.0 -62.25
866.4 -61.99
866.8 -62.05
867.2 -62.41
867.6 -62.27
868.0 -62.51
868.4 -62.39
868.8 -62.45
869.2 -62.12
869.6 -62.6
870.0 -61.94
870.4 -62.1
870.8 -62.17
871.2 -62.18
871.6 -62.47
872.0 -62.47
872.4 -62.3
872.8 -62.37
873.2 -62.04
873.6 -62.0
874.0 -62.32
874.4 -62.22
874.8 -61.81
875.2 -62.03
875.6 -62.12
876.0 -62.13
876.4 -61.94
876.8 -62.41
877.2 -61.95
877.6 -61.95
878.0 -61.76
878.4 -62.1
878.8 -62.0
879.2 -61.92
879.6 -61.84
880.0 -61.67
880.4 -62.26
880.8 -62.07
881.2 -61.87
881.6 -61.88
882.0 -61.65
882.4 -61.88
882.8 -62.19
883.2 -61.59
883.6 -61.81
884.0 -61.99
884.4 -61.7
884.8 -61.92
885.2 -62.12
885.6 -61.97
886.0 -61.67
886.4 -61.98
886.8 -61.88
887.2 -61.7
887.6 -61.57
888.0 -61.66
888.4 -61.77
888.8 -62.01
889.2 -61.81
889.6 -61.96
890.0 -61.83
890.4 -61.37
890.8 -61.96
891.2 -61.5
891.6 -61.68
892.0 -61.85
892.4 -61.76
892.8 -61.54
893.2 -61.86
893.6 -61.82
894.0 -61.3
894.4 -61.89
894.8 -61.49
895.2 -61.48
895.6 -61.45
896.0 -61.75
896.4 -61.52
896.8 -61.53
897.2 -61.72
897.6 -61.25
898.0 -61.66
898.4 -61.46
898.8 -61.62
899.2 -61.65
899.6 -61.6
900.0 -61.7
900.4 -61.62
900.8 -61.39
901.2 -61.69
901.6 -61.1
902.0 -61.37
902.4 -61.39
902.8 -61.37
903.2 -61.29
903.6 -61.72
904.0 -61.4
904.4 -61.42
904.8 -61.31
905.2 -61.56
905.6 -61.41
906.0 -61.4
906.4 -61.36
906.8 -61.11
907.2 -61.25
907.6 -61.33
908.0 -61.19
908.4 -61.06
908.8 -61.54
909.2 -61.39
909.6 -61.03
910.0 -61.03
910.4 -61.45
910.8 -61.1
911.2 -60.9
911.6 -60.88
912.0 -60.86
912.4 -60.79
912.8 -61.09
913.2 -60.95
913.6 -60.98
914.0 -61.16
914.4 -60.92
914.8 -60.89
915.2 -60.96
915.6 -60.91
916.0 -60.76
916.4 -60.48
916.8 -61.07
917.2 -61.11
917.6 -60.79
918.0 -60.61
918.4 -60.75
918.8 -60.66
919.2 -60.8
919.6 -60.5
920.0 -60.65
920.4 -60.73
920.8 -60.51
921.2 -60.49
921.6 -60.5
922.0 -60.49
922.4 -60.6
922.8 -60.51
923.2 -60.38
923.6 -60.4
924.0 -60.27
924.4 -60.38
924.8 -60.59
925.2 -60.32
925.6 -60.1
926.0 -60.53
926.4 -60.63
926.8 -60.46
927.2 -60.23
927.6 -60.45
928.0 -60.09
928.4 -60.18
928.8 -60.23
929.2 -60.1
929.6 -59.95
930.0 -60.14
930.4 -60.05
930.8 -60.16
931.2 -60.11
931.6 -60.19
932.0 -60.15
932.4 -60.16
932.8 -59.83
933.2 -60.31
933.6 -60.17
934.0 -60.17
934.4 -60.07
934.8 -60.1
935.2 -60.27
935.6 -60.09
936.0 -60.12
936.4 -60.04
936.8 -60.03
937.2 -60.17
937.6 -60.14
938.0 -60.03
938.4 -59.96
938.8 -59.92
939.2 -59.9
939.6 -59.95
940.0 -59.91
940.4 -59.77
940.8 -59.9
941.2 -59.85
941.6 -59.85
942.0 -59.79
942.4 -59.91
942.8 -59.92
943.2 -59.9
943.6 -59.83
944.0 -59.56
944.4 -59.85
944.8 -59.56
945.2 -59.63
945.6 -59.74
946.0 -59.63
946.4 -59.64
946.8 -59.51
947.2 -59.62
947.6 -59.63
948.0 -59.57
948.4 -59.45
948.8 -59.43
949.2 -59.5
949.6 -59.74
950.0 -59.54
950.4 -59.49
950.8 -59.46
951.2 -59.58
951.6 -59.41
952.0 -59.52
952.4 -59.44
952.8 -59.63
953.2 -59.53
953.6 -59.41
954.0 -59.39
954.4 -59.68
954.8 -59.4
955.2 -59.52
955.6 -59.44
956.0 -59.4
956.4 -59.42
956.8 -59.48
957.2 -59.39
957.6 -59.44
958.0 -59.48
958.4 -59.48
958.8 -59.53
959.2 -59.3
959.6 -59.3
960.0 -59.26
960.4 -59.29
960.8 -59.22
961.2 -59.25
961.6 -59.27
962.0 -59.17
962.4 -59.15
962.8 -59.15
963.2 -59.13
963.6 -59.24
964.0 -59.05
964.4 -59.1
964.8 -59.21
965.2 -59.18
965.6 -58.99
966.0 -58.91
966.4 -59.01
966.8 -59.05
967.2 -59.0
967.6 -58.95
968.0 -58.88
968.4 -59.08
968.8 -58.83
969.2 -58.82
969.6 -59.09
970.0 -58.99
970.4 -59.07
970.8 -59.07
971.2 -59.01
971.6 -58.91
972.0 -59.03
972.4 -59.04
972.8 -59.22
973.2 -59.1
973.6 -59.2
974.0 -59.06
974.4 -59.39
974.8 -59.15
975.2 -59.35
975.6 -59.18
976.0 -59.33
976.4 -59.38
976.8 -59.33
977.2 -59.29
977.6 -59.33
978.0 -59.46
978.4 -59.25
978.8 -59.33
979.2 -59.47
979.6 -59.38
980.0 -59.39
980.4 -59.41
980.8 -59.29
981.2 -59.26
981.6 -59.26
982.0 -59.1
982.4 -59.14
982.8 -59.15
983.2 -59.07
983.6 -58.97
984.0 -58.98
984.4 -58.85
984.8 -59.06
985.2 -58.93
985.6 -58.85
986.0 -59.04
986.4 -58.87
986.8 -58.72
987.2 -58.73
987.6 -58.59
988.0 -58.71
988.4 -58.61
988.8 -58.67
989.2 -58.62
989.6 -58.54
990.0 -58.51
990.4 -58.56
990.8 -58.5
991.2 -58.49
991.6 -58.48
992.0 -58.52
992.4 -58.69
992.8 -58.48
993.2 -58.41
993.6 -58.42
994.0 -58.41
994.4 -58.26
994.8 -58.57
995.2 -58.42
995.6 -58.6
996.0 -58.63
996.4 -58.64
996.8 -58.49
997.2 -58.64
997.6 -58.59
998.0 -58.77
998.4 -58.68
998.8 -58.71
999.2 -58.74
999.6 -58.59
1000.0 -58.77
