600.0 -74.14
600.4 -210.0
600.8 -67.2
601.2 -71.9
601.6 -69.46
602.0 -71.48
602.4 -72.82
602.8 -71.31
603.2 -79.56
603.6 -74.82
604.0 -210.0
604.4 -71.63
604.8 -74.03
605.2 -74.47
605.6 -210.0
606.0 -74.98
606.4 -76.09
606.8 -79.8
607.2 -71.17
607.6 -76.17
608.0 -68.97
608.4 -71.25
608.8 -70.9
609.2 -72.17
609.6 -210.0
610.0 -72.73
610.4 -69.62
610.8 -70.68
611.2 -210.0
611.6 -210.0
612.0 -75.86
612.4 -67.85
612.8 -76.49
613.2 -210.0
613.6 -210.0
614.0 -74.6
614.4 -73.57
614.8 -74.65
615.2 -73.04
615.6 -73.64
616.0 -210.0
616.4 -78.17
616.8 -77.39
617.2 -71.06
617.6 -73.46
618.0 -85.26
618.4 -82.27
618.8 -76.26
619.2 -74.19
619.6 -80.57
620.0 -71.22
620.4 -80.62
620.8 -69.97
621.2 -210.0
621.6 -70.28
622.0 -70.05
622.4 -73.47
622.8 -75.55
623.2 -71.59
623.6 -70.68
624.0 -69.59
624.4 -72.03
624.8 -70.1
625.2 -74.9
625.6 -71.09
626.0 -71.6
626.4 -70.2
626.8 -68.16
627.2 -70.37
627.6 -70.16
628.0 -71.24
628.4 -74.76
628.8 -74.45
629.2 -74.17
629.6 -75.97
630.0 -75.58
630.4 -76.48
630.8 -72.08
631.2 -76.54
631.6 -68.79
632.0 -70.12
632.4 -69.45
632.8 -70.64
633.2 -72.09
633.6 -70.57
634.0 -68.29
634.4 -72.17
634.8 -68.28
635.2 -71.19
635.6 -74.64
636.0 -70.99
636.4 -72.15
636.8 -69.17
637.2 -68.89
637.6 -69.83
638.0 -70.05
638.4 -70.38
638.8 -68.65
639.2 -70.55
639.6 -70.08
640.0 -69.18
640.4 -68.71
640.8 -72.34
641.2 -72.87
641.6 -68.25
642.0 -74.36
642.4 -69.71
642.8 -68.67
643.2 -68.83
643.6 -69.74
644.0 -69.77
644.4 -67.55
644.8 -68.6
645.2 -67.62
645.6 -68.38
646.0 -68.03
646.4 -68.23
646.8 -67.53
647.2 -67.8
647.6 -67.47
648.0 -68.76
648.4 -68.52
648.8 -67.9
649.2 -68.22
649.6 -68.8
650.0 -69.23
650.4 -68.81
650.8 -67.49
651.2 -68.04
651.6 -66.83
652.0 -67.29
652.4 -67.38
652.8 -68.19
653.2 -67.42
653.6 -68.67
654.0 -68.06
654.4 -67.43
654.8 -68.68
655.2 -67.16
655.6 -67.01
656.0 -67.02
656.4 -66.8
656.8 -67.58
657.2 -67.59
657.6 -66.34
658.0 -67.38
658.4 -67.55
658.8 -66.38
659.2 -67.64
659.6 -68.6
660.0 -66.98
660.4 -66.23
660.8 -67.57
661.2 -67.61
661.6 -68.06
662.0 -67.48
662.4 -66.39
662.8 -66.27
663.2 -67.36
663.6 -65.79
664.0 -66.94
664.4 -67.83
664.8 -66.69
665.2 -65.79
665.6 -66.62
666.0 -66.66
666.4 -66.69
666.8 -68.11
667.2 -67.24
667.6 -67.32
668.0 -66.87
668.4 -67.53
668.8 -67.53
669.2 -65.96
669.6 -66.94
670.0 -66.79
670.4 -68.05
670.8 -66.37
671.2 -66.0
671.6 -66.25
672.0 -65.96
672.4 -67.62
672.8 -66.07
673.2 -66.42
673.6 -67.53
674.0 -67.11
674.4 -66.37
674.8 -65.49
675.2 -66.24
675.6 -66.46
676.0 -66.59
676.4 -66.69
676.8 -66.9
677.2 -66.93
677.6 -66.72
678.0 -66.14
678.4 -66.57
678.8 -65.92
679.2 -67.55
679.6 -65.19
680.0 -66.19
680.4 -65.91
680.8 -66.11
681.2 -66.97
681.6 -65.34
682.0 -66.28
682.4 -66.42
682.8 -65.84
683.2 -66.37
683.6 -65.55
684.0 -66.85
684.4 -66.22
684.8 -66.52
685.2 -66.62
685.6 -66.83
686.0 -65.95
686.4 -65.95
686.8 -66.19
687.2 -66.46
687.6 -66.28
688.0 -66.45
688.4 -65.92
688.8 -65.95
689.2 -66.19
689.6 -66.29
690.0 -66.7
690.4 -65.57
690.8 -65.83
691.2 -65.53
691.6 -67.06
692.0 -66.6
692.4 -65.83
692.8 -65.74
693.2 -66.33
693.6 -66.33
694.0 -65.09
694.4 -66.18
694.8 -65.29
695.2 -66.37
695.6 -66.04
696.0 -65.04
696.4 -65.71
696.8 -66.28
697.2 -65.39
697.6 -65.73
698.0 -66.06
698.4 -65.68
698.8 -66.02
699.2 -66.28
699.6 -65.17
700.0 -65.52
700.4 -65.2
700.8 -65.74
701.2 -67.37
701.6 -65.82
702.0 -65.91
702.4 -66.13
702.8 -65.59
703.2 -65.44
703.6 -66.43
704.0 -64.99
704.4 -66.37
704.8 -64.93
705.2 -65.05
705.6 -65.95
706.0 -65.69
706.4 -65.42
706.8 -66.38
707.2 -65.96
707.6 -66.06
708.0 -65.95
708.4 -65.62
708.8 -66.31
709.2 -65.89
709.6 -65.52
710.0 -65.06
710.4 -65.14
710.8 -65.62
711.2 -64.76
711.6 -66.06
712.0 -65.46
712.4 -64.99
712.8 -65.34
713.2 -65.57
713.6 -66.32
714.0 -66.36
714.4 -66.5
714.8 -67.19
715.2 -66.68
715.6 -66.27
716.0 -65.96
716.4 -65.85
716.8 -65.91
717.2 -65.97
717.6 -65.9
718.0 -66.81
718.4 -65.22
718.8 -65.66
719.2 -66.76
719.6 -66.23
720.0 -65.14
720.4 -65.31
720.8 -65.73
721.2 -65.57
721.6 -65.9
722.0 -65.15
722.4 -65.26
722.8 -64.39
723.2 -66.97
723.6 -65.08
724.0 -66.4
724.4 -65.27
724.8 -65.6
725.2 -66.06
725.6 -65.44
726.0 -66.3
726.4 -65.52
726.8 -65.1
727.2 -65.7
727.6 -65.7
728.0 -66.17
728.4 -65.32
728.8 -65.75
729.2 -66.79
729.6 -65.08
730.0 -65.27
730.4 -66.12
730.8 -66.07
731.2 -65.97
731.6 -66.56
732.0 -65.75
732.4 -65.56
732.8 -66.03
733.2 -65.39
733.6 -65.58
734.0 -65.55
734.4 -65.97
734.8 -66.99
735.2 -66.61
735.6 -65.82
736.0 -65.93
736.4 -65.49
736.8 -65.99
737.2 -65.24
737.6 -65.51
738.0 -65.98
738.4 -65.87
738.8 -65.56
739.2 -65.56
739.6 -66.65
740.0 -65.01
740.4 -65.62
740.8 -65.92
741.2 -65.67
741.6 -66.63
742.0 -66.43
742.4 -65.11
742.8 -64.93
743.2 -64.79
743.6 -66.23
744.0 -66.41
744.4 -65.86
744.8 -64.89
745.2 -66.03
745.6 -66.44
746.0 -65.85
746.4 -66.86
746.8 -65.71
747.2 -66.12
747.6 -65.07
748.0 -65.5
748.4 -65.33
748.8 -64.75
749.2 -66.34
749.6 -66.63
750.0 -66.37
750.4 -66.57
750.8 -65.91
751.2 -65.74
751.6 -65.66
752.0 -65.86
752.4 -66.19
752.8 -65.54
753.2 -66.25
753.6 -64.97
754.0 -65.7
754.4 -64.82
754.8 -67.14
755.2 -65.38
755.6 -66.0
756.0 -65.12
756.4 -65.37
756.8 -64.44
757.2 -65.02
757.6 -65.04
758.0 -66.31
758.4 -65.92
758.8 -66.63
759.2 -65.49
759.6 -65.66
760.0 -66.7
760.4 -65.9
760.8 -65.06
761.2 -65.51
761.6 -65.51
762.0 -65.08
762.4 -65.92
762.8 -65.49
763.2 -65.35
763.6 -65.91
764.0 -66.01
764.4 -65.28
764.8 -66.07
765.2 -64.84
765.6 -65.14
766.0 -65.66
766.4 -65.01
766.8 -66.09
767.2 -65.28
767.6 -66.21
768.0 -64.76
768.4 -65.3
768.8 -64.89
769.2 -67.22
769.6 -65.36
770.0 -65.38
770.4 -65.62
770.8 -65.09
771.2 -64.74
771.6 -65.84
772.0 -65.24
772.4 -64.64
772.8 -65.54
773.2 -65.51
773.6 -65.37
774.0 -65.07
774.4 -64.75
774.8 -65.2
775.2 -65.26
775.6 -65.89
776.0 -65.35
776.4 -64.91
776.8 -65.66
777.2 -66.07
777.6 -65.13
778.0 -64.78
778.4 -66.52
778.8 -65.38
779.2 -65.28
779.6 -65.38
780.0 -64.49
780.4 -65.9
780.8 -65.71
781.2 -64.38
781.6 -64.91
782.0 -65.22
782.4 -64.91
782.8 -64.68
783.2 -65.92
783.6 -65.45
784.0 -64.96
784.4 -66.23
784.8 -65.27
785.2 -65.79
785.6 -65.24
786.0 -63.76
786.4 -65.64
786.8 -66.17
787.2 -66.01
787.6 -64.48
788.0 -64.04
788.4 -64.78
788.8 -64.72
789.2 -65.09
789.6 -64.99
790.0 -65.41
790.4 -63.87
790.8 -65.27
791.2 -65.36
791.6 -65.13
792.0 -64.91
792.4 -64.79
792.8 -64.87
793.2 -65.39
793.6 -64.69
794.0 -64.71
794.4 -64.16
794.8 -64.92
795.2 -65.21
795.6 -64.62
796.0 -65.23
796.4 -64.91
796.8 -64.62
797.2 -65.79
797.6 -64.17
798.0 -65.46
798.4 -64.62
798.8 -64.8
799.2 -64.11
799.6 -64.37
800.0 -64.44
800.4 -64.2
800.8 -63.59
801.2 -64.74
801.6 -63.93
802.0 -63.78
802.4 -64.24
802.8 -65.09
803.2 -64.17
803.6 -64.09
804.0 -64.98
804.4 -63.2
804.8 -64.47
805.2 -64.0
805.6 -62.97
806.0 -62.82
806.4 -60.93
806.8 -57.78
807.2 -53.89
807.6 -49.97
808.0 -48.64
808.4 -49.57
808.8 -50.42
809.2 -54.41
809.6 -61.01
810.0 -63.68
810.4 -64.0
810.8 -63.63
811.2 -63.72
811.6 -63.8
812.0 -64.13
812.4 -63.93
812.8 -64.09
813.2 -64.36
813.6 -63.82
814.0 -64.45
814.4 -63.97
814.8 -63.93
815.2 -64.36
815.6 -64.37
816.0 -64.0
816.4 -63.94
816.8 -63.18
817.2 -64.53
817.6 -63.58
818.0 -63.66
818.4 -64.81
818.8 -63.91
819.2 -64.11
819.6 -64.23
820.0 -64.38
820.4 -64.37
820.8 -63.86
821.2 -63.78
821.6 -63.66
822.0 -63.72
822.4 -63.5
822.8 -64.23
823.2 -64.01
823.6 -64.07
824.0 -64.02
824.4 -64.57
824.8 -64.19
825.2 -63.67
825.6 -63.62
826.0 -63.47
826.4 -64.2
826.8 -64.49
827.2 -64.26
827.6 -64.25
828.0 -64.79
828.4 -64.94
828.8 -64.13
829.2 -64.29
829.6 -64.14
830.0 -64.1
830.4 -64.16
830.8 -64.28
831.2 -65.02
831.6 -63.54
832.0 -64.16
832.4 -64.04
832.8 -63.76
833.2 -63.77
833.6 -64.13
834.0 -63.93
834.4 -64.67
834.8 -63.68
835.2 -64.1
835.6 -63.51
836.0 -63.43
836.4 -64.15
836.8 -64.75
837.2 -63.78
837.6 -64.31
838.0 -63.99
838.4 -63.87
838.8 -64.18
839.2 -63.8
839.6 -64.26
840.0 -64.41
840.4 -63.92
840.8 -64.45
841.2 -64.1
841.6 -64.12
842.0 -64.64
842.4 -64.44
842.8 -64.28
843.2 -64.94
843.6 -64.42
844.0 -64.28
844.4 -64.85
844.8 -64.82
845.2 -64.12
845.6 -64.77
846.0 -64.45
846.4 -64.68
846.8 -64.39
847.2 -64.61
847.6 -64.85
848.0 -64.65
848.4 -65.18
848.8 -64.85
849.2 -64.5
849.6 -64.92
850.0 -64.37
850.4 -64.51
850.8 -64.73
851.2 -64.11
851.6 -64.85
852.0 -64.63
852.4 -64.88
852.8 -64.56
853.2 -64.49
853.6 -64.52
854.0 -65.26
854.4 -64.53
854.8 -64.51
855.2 -65.26
855.6 -65.33
856.0 -65.33
856.4 -64.54
856.8 -64.62
857.2 -64.3
857.6 -64.4
858.0 -65.37
858.4 -64.67
858.8 -65.16
859.2 -65.03
859.6 -64.8
860.0 -64.75
860.4 -65.64
860.8 -64.99
861.2 -64.72
861.6 -65.7
862.0 -65.13
862.4 -64.8
862.8 -64.88
863.2 -64.52
863.6 -65.13
864.0 -65.68
864.4 -64.68
864.8 -64.81
865.2 -65.42
865.6 -65.31
866.0 -64.58
866.4 -64.72
866.8 -65.1
867.2 -65.34
867.6 -64.45
868.0 -65.63
868.4 -64.66
868.8 -64.72
869.2 -64.83
869.6 -64.69
870.0 -65.01
870.4 -65.66
870.8 -65.57
871.2 -65.04
871.6 -64.56
872.0 -64.84
872.4 -65.07
872.8 -64.49
873.2 -65.42
873.6 -64.88
874.0 -64.93
874.4 -64.92
874.8 -65.11
875.2 -64.49
875.6 -65.2
876.0 -64.96
876.4 -64.89
876.8 -65.31
877.2 -65.12
877.6 -65.75
878.0 -64.62
878.4 -65.8
878.8 -65.15
879.2 -64.53
879.6 -64.81
880.0 -64.61
880.4 -65.03
880.8 -65.29
881.2 -64.97
881.6 -64.68
882.0 -65.4
882.4 -65.33
882.8 -64.74
883.2 -64.23
883.6 -65.22
884.0 -64.92
884.4 -64.96
884.8 -64.81
885.2 -64.73
885.6 -65.21
886.0 -64.98
886.4 -65.13
886.8 -65.52
887.2 -65.48
887.6 -64.87
888.0 -65.51
888.4 -65.51
888.8 -64.68
889.2 -65.26
889.6 -65.02
890.0 -64.86
890.4 -65.53
890.8 -65.62
891.2 -65.99
891.6 -65.31
892.0 -64.95
892.4 -64.86
892.8 -66.21
893.2 -65.58
893.6 -65.82
894.0 -65.37
894.4 -65.08
894.8 -66.06
895.2 -65.35
895.6 -65.16
896.0 -66.34
896.4 -65.05
896.8 -65.24
897.2 -65.92
897.6 -65.54
898.0 -64.87
898.4 -65.17
898.8 -65.1
899.2 -65.62
899.6 -65.59
900.0 -64.89
900.4 -65.15
900.8 -65.31
901.2 -65.3
901.6 -65.66
902.0 -65.75
902.4 -64.72
902.8 -65.07
903.2 -65.08
903.6 -65.67
904.0 -65.32
904.4 -65.2
904.8 -65.45
905.2 -65.51
905.6 -66.56
906.0 -66.33
906.4 -65.61
906.8 -65.03
907.2 -66.33
907.6 -65.47
908.0 -65.73
908.4 -65.03
908.8 -66.26
909.2 -65.38
909.6 -65.59
910.0 -65.22
910.4 -66.28
910.8 -65.2
911.2 -65.8
911.6 -65.85
912.0 -65.97
912.4 -65.3
912.8 -65.42
913.2 -65.13
913.6 -65.47
914.0 -65.47
914.4 -65.76
914.8 -65.42
915.2 -65.62
915.6 -65.25
916.0 -65.47
916.4 -66.19
916.8 -65.65
917.2 -65.47
917.6 -65.09
918.0 -65.89
918.4 -66.07
918.8 -65.79
919.2 -65.6
919.6 -65.47
920.0 -65.72
920.4 -66.13
920.8 -65.51
921.2 -66.42
921.6 -65.69
922.0 -66.04
922.4 -66.25
922.8 -66.27
923.2 -65.33
923.6 -66.08
924.0 -65.7
924.4 -66.37
924.8 -66.53
925.2 -65.92
925.6 -65.94
926.0 -66.53
926.4 -66.6
926.8 -65.95
927.2 -66.9
927.6 -66.16
928.0 -66.64
928.4 -66.25
928.8 -65.92
929.2 -66.25
929.6 -65.85
930.0 -66.29
930.4 -66.37
930.8 -66.49
931.2 -66.85
931.6 -66.67
932.0 -66.43
932.4 -66.72
932.8 -66.44
933.2 -66.68
933.6 -67.01
934.0 -66.53
934.4 -68.12
934.8 -66.87
935.2 -66.26
935.6 -66.64
936.0 -66.11
936.4 -66.13
936.8 -66.78
937.2 -66.52
937.6 -66.88
938.0 -66.56
938.4 -66.55
938.8 -66.7
939.2 -66.5
939.6 -66.47
940.0 -66.66
940.4 -66.69
940.8 -66.79
941.2 -66.71
941.6 -66.64
942.0 -67.04
942.4 -66.69
942.8 -67.28
943.2 -66.89
943.6 -66.98
944.0 -66.83
944.4 -66.98
944.8 -67.08
945.2 -66.5
945.6 -66.57
946.0 -67.67
946.4 -66.69
946.8 -66.48
947.2 -67.33
947.6 -66.8
948.0 -67.17
948.4 -66.52
948.8 -67.02
949.2 -66.97
949.6 -67.02
950.0 -67.63
950.4 -67.06
950.8 -67.78
951.2 -66.87
951.6 -67.34
952.0 -67.14
952.4 -66.97
952.8 -66.99
953.2 -66.62
953.6 -67.44
954.0 -67.95
954.4 -67.15
954.8 -67.31
955.2 -67.36
955.6 -67.12
956.0 -66.52
956.4 -66.79
956.8 -67.56
957.2 -66.48
957.6 -66.74
958.0 -66.74
958.4 -66.95
958.8 -66.88
959.2 -66.56
959.6 -67.41
960.0 -66.94
960.4 -66.73
960.8 -66.71
961.2 -67.09
961.6 -66.64
962.0 -66.64
962.4 -66.95
962.8 -66.57
963.2 -66.3
963.6 -66.64
964.0 -66.74
964.4 -66.56
964.8 -66.6
965.2 -66.83
965.6 -66.18
966.0 -66.26
966.4 -66.87
966.8 -66.91
967.2 -66.48
967.6 -66.9
968.0 -67.07
968.4 -66.89
968.8 -66.87
969.2 -66.89
969.6 -67.03
970.0 -67.03
970.4 -66.79
970.8 -67.1
971.2 -66.52
971.6 -66.63
972.0 -66.65
972.4 -66.35
972.8 -66.51
973.2 -66.35
973.6 -65.97
974.0 -66.05
974.4 -66.62
974.8 -66.59
975.2 -65.92
975.6 -66.53
976.0 -66.43
976.4 -66.7
976.8 -66.56
977.2 -66.35
977.6 -65.91
978.0 -66.33
978.4 -66.33
978.8 -66.38
979.2 -66.07
979.6 -66.21
980.0 -66.13
980.4 -66.44
980.8 -66.19
981.2 -65.72
981.6 -66.2
982.0 -65.61
982.4 -65.69
982.8 -65.94
983.2 -65.91
983.6 -65.63
984.0 -65.85
984.4 -65.16
984.8 -65.42
985.2 -65.2
985.6 -65.25
986.0 -65.16
986.4 -64.97
986.8 -65.35
987.2 -65.13
987.6 -64.99
988.0 -64.72
988.4 -65.1
988.8 -65.1
989.2 -65.26
989.6 -64.73
990.0 -64.77
990.4 -65.4
990.8 -64.84
991.2 -64.83
991.6 -64.72
992.0 -64.83
992.4 -64.82
992.8 -64.97
993.2 -64.58
993.6 -64.67
994.0 -64.45
994.4 -64.63
994.8 -64.49
995.2 -64.54
995.6 -64.79
996.0 -64.56
996.4 -64.76
996.8 -64.53
997.2 -64.56
997.6 -64.46
998.0 -64.67
998.4 -64.7
998.8 -64.4
999.2 -64.67
999.6 -64.43
1000.0 -64.72
