600.0 -210.0
600.4 -71.37
600.8 -70.21
601.2 -210.0
601.6 -210.0
602.0 -70.46
602.4 -210.0
602.8 -69.4
603.2 -210.0
603.6 -75.91
604.0 -72.63
604.4 -75.96
604.8 -210.0
605.2 -70.85
605.6 -84.5
606.0 -210.0
606.4 -210.0
606.8 -70.96
607.2 -73.8
607.6 -210.0
608.0 -74.24
608.4 -70.36
608.8 -68.58
609.2 -78.7
609.6 -72.71
610.0 -76.32
610.4 -74.39
610.8 -71.82
611.2 -71.04
611.6 -72.83
612.0 -69.84
612.4 -75.89
612.8 -71.52
613.2 -76.51
613.6 -70.52
614.0 -69.96
614.4 -71.42
614.8 -73.02
615.2 -71.28
615.6 -72.1
616.0 -85.14
616.4 -74.74
616.8 -70.7
617.2 -74.41
617.6 -74.09
618.0 -69.94
618.4 -70.5
618.8 -77.51
619.2 -73.28
619.6 -210.0
620.0 -74.23
620.4 -72.61
620.8 -77.63
621.2 -67.74
621.6 -79.44
622.0 -72.71
622.4 -69.28
622.8 -75.55
623.2 -69.44
623.6 -80.82
624.0 -71.47
624.4 -70.08
624.8 -68.76
625.2 -73.93
625.6 -70.8
626.0 -73.44
626.4 -69.14
626.8 -69.67
627.2 -82.81
627.6 -72.23
628.0 -69.14
628.4 -69.46
628.8 -77.46
629.2 -70.02
629.6 -70.65
630.0 -77.54
630.4 -70.11
630.8 -72.63
631.2 -69.36
631.6 -70.2
632.0 -71.83
632.4 -67.72
632.8 -67.34
633.2 -69.7
633.6 -69.82
634.0 -70.6
634.4 -71.69
634.8 -74.88
635.2 -70.35
635.6 -71.35
636.0 -70.87
636.4 -68.34
636.8 -69.68
637.2 -71.75
637.6 -67.86
638.0 -70.56
638.4 -70.18
638.8 -69.09
639.2 -67.98
639.6 -68.32
640.0 -67.15
640.4 -68.85
640.8 -68.75
641.2 -70.61
641.6 -68.25
642.0 -71.23
642.4 -68.96
642.8 -68.48
643.2 -66.57
643.6 -69.43
644.0 -68.71
644.4 -69.89
644.8 -66.31
645.2 -69.21
645.6 -68.05
646.0 -70.65
646.4 -68.39
646.8 -69.23
647.2 -67.61
647.6 -67.84
648.0 -68.7
648.4 -68.46
648.8 -68.78
649.2 -69.93
649.6 -67.92
650.0 -67.88
650.4 -68.27
650.8 -68.27
651.2 -67.85
651.6 -68.87
652.0 -66.55
652.4 -69.57
652.8 -67.55
653.2 -66.5
653.6 -69.94
654.0 -66.18
654.4 -67.31
654.8 -67.88
655.2 -67.44
655.6 -67.01
656.0 -67.13
656.4 -67.45
656.8 -69.03
657.2 -67.22
657.6 -66.78
658.0 -66.4
658.4 -67.46
658.8 -67.95
659.2 -66.48
659.6 -66.58
660.0 -67.83
660.4 -66.98
660.8 -67.16
661.2 -66.17
661.6 -68.4
662.0 -67.09
662.4 -67.53
662.8 -66.62
663.2 -66.76
663.6 -66.36
664.0 -66.98
664.4 -67.09
664.8 -66.62
665.2 -66.46
665.6 -66.52
666.0 -66.98
666.4 -66.49
666.8 -66.3
667.2 -66.8
667.6 -66.76
668.0 -66.59
668.4 -65.63
668.8 -68.66
669.2 -66.66
669.6 -67.78
670.0 -66.61
670.4 -65.84
670.8 -66.09
671.2 -66.28
671.6 -66.81
672.0 -66.11
672.4 -66.05
672.8 -66.65
673.2 -66.29
673.6 -66.45
674.0 -66.61
674.4 -66.93
674.8 -66.24
675.2 -66.67
675.6 -67.07
676.0 -66.23
676.4 -68.38
676.8 -66.48
677.2 -66.0
677.6 -65.71
678.0 -65.84
678.4 -67.56
678.8 -66.39
679.2 -66.39
679.6 -66.59
680.0 -65.65
680.4 -66.09
680.8 -65.96
681.2 -66.15
681.6 -66.14
682.0 -66.13
682.4 -66.0
682.8 -66.34
683.2 -66.58
683.6 -67.37
684.0 -66.01
684.4 -65.57
684.8 -65.51
685.2 -66.31
685.6 -65.7
686.0 -65.98
686.4 -66.47
686.8 -65.19
687.2 -65.85
687.6 -65.87
688.0 -65.9
688.4 -66.47
688.8 -65.35
689.2 -66.16
689.6 -66.39
690.0 -65.78
690.4 -66.34
690.8 -65.92
691.2 -66.43
691.6 -65.18
692.0 -65.64
692.4 -66.31
692.8 -65.54
693.2 -65.34
693.6 -65.85
694.0 -65.55
694.4 -66.49
694.8 -66.63
695.2 -66.62
695.6 -64.92
696.0 -65.87
696.4 -65.8
696.8 -65.13
697.2 -65.82
697.6 -66.14
698.0 -66.33
698.4 -65.77
698.8 -65.96
699.2 -65.61
699.6 -65.82
700.0 -66.1
700.4 -66.84
700.8 -65.65
701.2 -65.19
701.6 -65.52
702.0 -66.04
702.4 -66.62
702.8 -65.48
703.2 -65.55
703.6 -66.22
704.0 -66.28
704.4 -65.5
704.8 -65.33
705.2 -65.13
705.6 -65.52
706.0 -65.15
706.4 -65.84
706.8 -66.52
707.2 -65.77
707.6 -65.26
708.0 -65.95
708.4 -65.08
708.8 -65.5
709.2 -65.77
709.6 -65.46
710.0 -65.85
710.4 -65.69
710.8 -66.18
711.2 -66.28
711.6 -65.96
712.0 -65.18
712.4 -65.67
712.8 -65.08
713.2 -65.19
713.6 -65.98
714.0 -65.81
714.4 -66.07
714.8 -67.19
715.2 -66.45
715.6 -66.3
716.0 -65.22
716.4 -66.22
716.8 -65.3
717.2 -65.65
717.6 -65.29
718.0 -65.96
718.4 -65.86
718.8 -65.01
719.2 -65.63
719.6 -66.16
720.0 -65.81
720.4 -65.62
720.8 -66.47
721.2 -65.73
721.6 -66.1
722.0 -66.2
722.4 -65.95
722.8 -65.25
723.2 -66.01
723.6 -65.4
724.0 -66.07
724.4 -65.61
724.8 -65.76
725.2 -65.69
725.6 -65.96
726.0 -65.52
726.4 -66.53
726.8 -65.04
727.2 -65.58
727.6 -66.52
728.0 -65.32
728.4 -66.17
728.8 -66.13
729.2 -65.59
729.6 -65.31
730.0 -65.3
730.4 -65.01
730.8 -65.8
731.2 -65.63
731.6 -65.03
732.0 -65.99
732.4 -65.85
732.8 -65.89
733.2 -65.78
733.6 -65.49
734.0 -65.55
734.4 -66.45
734.8 -64.78
735.2 -65.35
735.6 -65.62
736.0 -65.28
736.4 -65.58
736.8 -66.02
737.2 -65.85
737.6 -64.7
738.0 -66.62
738.4 -66.19
738.8 -65.79
739.2 -66.07
739.6 -65.59
740.0 -65.55
740.4 -66.99
740.8 -66.32
741.2 -66.93
741.6 -66.02
742.0 -65.51
742.4 -65.84
742.8 -65.66
743.2 -65.56
743.6 -66.23
744.0 -66.11
744.4 -65.46
744.8 -66.57
745.2 -66.37
745.6 -66.77
746.0 -65.92
746.4 -64.83
746.8 -66.65
747.2 -65.87
747.6 -65.34
748.0 -65.31
748.4 -65.79
748.8 -65.06
749.2 -65.79
749.6 -65.93
750.0 -66.79
750.4 -65.82
750.8 -65.7
751.2 -65.5
751.6 -66.51
752.0 -66.07
752.4 -65.17
752.8 -65.92
753.2 -66.33
753.6 -66.05
754.0 -66.02
754.4 -65.97
754.8 -65.39
755.2 -64.93
755.6 -66.22
756.0 -66.41
756.4 -65.84
756.8 -66.61
757.2 -65.69
757.6 -66.04
758.0 -65.41
758.4 -65.96
758.8 -64.94
759.2 -66.54
759.6 -65.49
760.0 -64.61
760.4 -65.97
760.8 -65.51
761.2 -65.37
761.6 -65.47
762.0 -65.43
762.4 -64.76
762.8 -66.5
763.2 -66.21
763.6 -66.71
764.0 -66.08
764.4 -66.4
764.8 -65.43
765.2 -65.3
765.6 -65.71
766.0 -64.61
766.4 -65.77
766.8 -66.13
767.2 -64.94
767.6 -66.63
768.0 -64.99
768.4 -66.01
768.8 -66.57
769.2 -64.78
769.6 -66.0
770.0 -65.35
770.4 -66.47
770.8 -66.1
771.2 -66.22
771.6 -64.88
772.0 -65.79
772.4 -65.98
772.8 -65.37
773.2 -65.24
773.6 -65.54
774.0 -65.64
774.4 -65.57
774.8 -65.01
775.2 -65.36
775.6 -65.2
776.0 -65.42
776.4 -64.91
776.8 -65.66
777.2 -65.39
777.6 -65.59
778.0 -66.22
778.4 -66.18
778.8 -66.18
779.2 -65.55
779.6 -65.8
780.0 -66.21
780.4 -65.54
780.8 -66.09
781.2 -65.08
781.6 -66.37
782.0 -64.07
782.4 -65.49
782.8 -66.41
783.2 -65.15
783.6 -65.35
784.0 -65.52
784.4 -66.03
784.8 -66.02
785.2 -65.87
785.6 -65.27
786.0 -65.51
786.4 -65.33
786.8 -65.04
787.2 -65.71
787.6 -64.76
788.0 -65.39
788.4 -64.2
788.8 -65.12
789.2 -65.81
789.6 -64.75
790.0 -65.44
790.4 -65.44
790.8 -64.98
791.2 -65.26
791.6 -64.45
792.0 -65.01
792.4 -64.18
792.8 -64.84
793.2 -64.44
793.6 -66.17
794.0 -65.7
794.4 -65.7
794.8 -64.19
795.2 -64.35
795.6 -64.98
796.0 -64.28
796.4 -64.05
796.8 -65.13
797.2 -64.07
797.6 -64.72
798.0 -64.87
798.4 -65.59
798.8 -64.51
799.2 -64.74
799.6 -64.92
800.0 -64.56
800.4 -65.01
800.8 -64.39
801.2 -65.63
801.6 -64.92
802.0 -64.48
802.4 -64.08
802.8 -64.12
803.2 -65.12
803.6 -63.72
804.0 -64.13
804.4 -64.34
804.8 -64.2
805.2 -64.02
805.6 -63.96
806.0 -62.93
806.4 -60.95
806.8 -57.64
807.2 -54.14
807.6 -50.16
808.0 -48.78
808.4 -49.85
808.8 -50.48
809.2 -54.14
809.6 -60.97
810.0 -62.75
810.4 -64.36
810.8 -63.68
811.2 -64.48
811.6 -64.54
812.0 -63.65
812.4 -64.34
812.8 -64.45
813.2 -63.95
813.6 -64.45
814.0 -64.16
814.4 -63.45
814.8 -64.01
815.2 -64.28
815.6 -64.93
816.0 -64.43
816.4 -64.61
816.8 -64.01
817.2 -64.45
817.6 -64.65
818.0 -64.03
818.4 -64.34
818.8 -64.22
819.2 -64.39
819.6 -64.6
820.0 -63.85
820.4 -63.72
820.8 -63.97
821.2 -64.77
821.6 -64.09
822.0 -63.85
822.4 -64.52
822.8 -64.46
823.2 -63.45
823.6 -64.12
824.0 -63.93
824.4 -63.61
824.8 -64.34
825.2 -63.9
825.6 -63.46
826.0 -63.76
826.4 -64.6
826.8 -64.09
827.2 -63.83
827.6 -63.87
828.0 -63.95
828.4 -64.28
828.8 -64.16
829.2 -63.41
829.6 -64.67
830.0 -64.13
830.4 -64.02
830.8 -64.01
831.2 -64.22
831.6 -64.13
832.0 -64.45
832.4 -64.45
832.8 -64.17
833.2 -63.95
833.6 -63.78
834.0 -63.85
834.4 -63.9
834.8 -63.85
835.2 -63.92
835.6 -63.93
836.0 -63.87
836.4 -63.62
836.8 -64.31
837.2 -64.12
837.6 -64.9
838.0 -64.28
838.4 -64.54
838.8 -64.81
839.2 -64.49
839.6 -64.38
840.0 -63.99
840.4 -64.39
840.8 -64.27
841.2 -64.51
841.6 -64.33
842.0 -65.28
842.4 -64.74
842.8 -64.76
843.2 -64.59
843.6 -64.8
844.0 -64.57
844.4 -64.54
844.8 -64.27
845.2 -64.31
845.6 -64.71
846.0 -64.79
846.4 -65.0
846.8 -65.14
847.2 -65.35
847.6 -64.85
848.0 -63.85
848.4 -64.52
848.8 -64.22
849.2 -64.46
849.6 -64.72
850.0 -64.64
850.4 -64.93
850.8 -65.19
851.2 -64.57
851.6 -64.99
852.0 -64.59
852.4 -64.61
852.8 -64.8
853.2 -64.78
853.6 -64.67
854.0 -65.06
854.4 -64.59
854.8 -64.92
855.2 -64.53
855.6 -64.37
856.0 -64.6
856.4 -64.6
856.8 -64.47
857.2 -64.9
857.6 -64.77
858.0 -65.63
858.4 -65.25
858.8 -65.06
859.2 -64.48
859.6 -64.5
860.0 -64.82
860.4 -65.0
860.8 -63.92
861.2 -65.01
861.6 -65.7
862.0 -64.64
862.4 -65.35
862.8 -65.86
863.2 -64.63
863.6 -64.66
864.0 -64.62
864.4 -65.1
864.8 -64.86
865.2 -64.47
865.6 -64.8
866.0 -65.55
866.4 -64.81
866.8 -65.23
867.2 -65.61
867.6 -64.36
868.0 -64.73
868.4 -64.57
868.8 -64.39
869.2 -64.69
869.6 -65.38
870.0 -65.37
870.4 -65.38
870.8 -64.58
871.2 -64.94
871.6 -64.93
872.0 -65.78
872.4 -65.35
872.8 -65.57
873.2 -64.79
873.6 -65.84
874.0 -64.81
874.4 -65.66
874.8 -64.47
875.2 -66.26
875.6 -65.04
876.0 -65.03
876.4 -65.19
876.8 -64.42
877.2 -65.33
877.6 -65.78
878.0 -66.31
878.4 -65.43
878.8 -65.59
879.2 -64.94
879.6 -66.26
880.0 -65.74
880.4 -65.42
880.8 -65.18
881.2 -65.34
881.6 -64.9
882.0 -65.57
882.4 -65.25
882.8 -65.02
883.2 -65.44
883.6 -64.92
884.0 -64.74
884.4 -65.41
884.8 -64.88
885.2 -65.38
885.6 -65.13
886.0 -65.38
886.4 -65.03
886.8 -66.51
887.2 -64.8
887.6 -65.02
888.0 -65.28
888.4 -65.8
888.8 -64.61
889.2 -65.39
889.6 -64.9
890.0 -65.67
890.4 -64.93
890.8 -65.42
891.2 -64.9
891.6 -65.86
892.0 -64.59
892.4 -64.83
892.8 -65.09
893.2 -65.47
893.6 -65.3
894.0 -65.0
894.4 -65.29
894.8 -65.35
895.2 -64.6
895.6 -65.41
896.0 -65.76
896.4 -65.25
896.8 -64.78
897.2 -65.62
897.6 -65.86
898.0 -65.93
898.4 -64.79
898.8 -65.42
899.2 -65.82
899.6 -65.31
900.0 -65.86
900.4 -65.84
900.8 -65.37
901.2 -64.99
901.6 -65.98
902.0 -65.75
902.4 -66.13
902.8 -67.02
903.2 -66.35
903.6 -65.96
904.0 -66.32
904.4 -66.04
904.8 -65.34
905.2 -66.25
905.6 -65.2
906.0 -65.77
906.4 -65.61
906.8 -65.15
907.2 -65.09
907.6 -65.75
908.0 -65.22
908.4 -64.94
908.8 -65.78
909.2 -65.67
909.6 -66.24
910.0 -64.47
910.4 -65.94
910.8 -65.38
911.2 -65.37
911.6 -65.74
912.0 -64.99
912.4 -65.47
912.8 -64.89
913.2 -65.97
913.6 -65.47
914.0 -66.18
914.4 -65.96
914.8 -64.93
915.2 -65.57
915.6 -66.58
916.0 -65.81
916.4 -65.77
916.8 -65.95
917.2 -65.47
917.6 -65.74
918.0 -66.25
918.4 -66.33
918.8 -66.06
919.2 -65.86
919.6 -67.02
920.0 -66.23
920.4 -65.81
920.8 -65.05
921.2 -65.77
921.6 -66.56
922.0 -66.93
922.4 -66.45
922.8 -65.53
923.2 -65.91
923.6 -65.88
924.0 -66.67
924.4 -66.31
924.8 -66.33
925.2 -66.46
925.6 -66.8
926.0 -66.25
926.4 -66.66
926.8 -67.32
927.2 -66.97
927.6 -66.43
928.0 -65.85
928.4 -66.87
928.8 -66.71
929.2 -66.47
929.6 -66.3
930.0 -67.0
930.4 -67.12
930.8 -66.83
931.2 -67.19
931.6 -67.5
932.0 -67.24
932.4 -67.76
932.8 -66.19
933.2 -66.19
933.6 -66.84
934.0 -66.25
934.4 -66.63
934.8 -67.13
935.2 -67.03
935.6 -66.85
936.0 -67.41
936.4 -66.84
936.8 -67.2
937.2 -67.11
937.6 -67.08
938.0 -66.74
938.4 -67.66
938.8 -66.75
939.2 -65.84
939.6 -66.87
940.0 -66.95
940.4 -66.77
940.8 -67.16
941.2 -67.11
941.6 -67.27
942.0 -66.66
942.4 -66.99
942.8 -67.2
943.2 -68.14
943.6 -67.39
944.0 -66.68
944.4 -66.83
944.8 -67.1
945.2 -66.93
945.6 -67.83
946.0 -66.75
946.4 -67.08
946.8 -67.28
947.2 -66.81
947.6 -66.58
948.0 -67.24
948.4 -67.07
948.8 -67.12
949.2 -67.15
949.6 -67.09
950.0 -67.74
950.4 -67.23
950.8 -67.75
951.2 -67.29
951.6 -67.22
952.0 -67.57
952.4 -67.04
952.8 -67.97
953.2 -67.35
953.6 -67.12
954.0 -67.08
954.4 -67.37
954.8 -67.22
955.2 -67.24
955.6 -67.63
956.0 -66.87
956.4 -66.76
956.8 -66.98
957.2 -67.04
957.6 -67.22
958.0 -67.19
958.4 -67.79
958.8 -66.97
959.2 -66.86
959.6 -66.99
960.0 -67.34
960.4 -66.91
960.8 -67.35
961.2 -66.86
961.6 -66.72
962.0 -66.29
962.4 -67.12
962.8 -67.37
963.2 -66.82
963.6 -66.93
964.0 -66.67
964.4 -67.41
964.8 -67.01
965.2 -66.27
965.6 -66.52
966.0 -66.56
966.4 -66.81
966.8 -67.03
967.2 -67.16
967.6 -66.9
968.0 -66.45
968.4 -66.42
968.8 -66.12
969.2 -66.59
969.6 -67.13
970.0 -67.38
970.4 -66.95
970.8 -66.65
971.2 -66.79
971.6 -67.48
972.0 -67.25
972.4 -66.62
972.8 -66.51
973.2 -67.15
973.6 -66.87
974.0 -67.4
974.4 -67.57
974.8 -67.1
975.2 -66.91
975.6 -66.91
976.0 -66.83
976.4 -66.89
976.8 -67.27
977.2 -66.92
977.6 -66.91
978.0 -66.9
978.4 -67.85
978.8 -66.94
979.2 -67.04
979.6 -66.94
980.0 -66.91
980.4 -67.04
980.8 -66.56
981.2 -66.68
981.6 -66.14
982.0 -67.03
982.4 -66.1
982.8 -66.24
983.2 -66.03
983.6 -66.59
984.0 -66.0
984.4 -66.05
984.8 -65.94
985.2 -66.28
985.6 -65.65
986.0 -65.54
986.4 -65.37
986.8 -65.79
987.2 -65.28
987.6 -65.64
988.0 -65.34
988.4 -65.32
988.8 -65.3
989.2 -64.94
989.6 -65.18
990.0 -65.23
990.4 -64.76
990.8 -65.17
991.2 -64.88
991.6 -65.26
992.0 -64.77
992.4 -64.86
992.8 -64.64
993.2 -64.57
993.6 -64.72
994.0 -64.37
994.4 -64.67
994.8 -64.41
995.2 -64.56
995.6 -64.39
996.0 -64.64
996.4 -64.68
996.8 -64.58
997.2 -64.43
997.6 -64.75
998.0 -64.42
998.4 -64.65
998.8 -64.64
999.2 -64.57
999.6 -64.55
1000.0 -64.25
