600.0 -210.0
600.4 -68.13
600.8 -79.41
601.2 -210.0
601.6 -210.0
602.0 -210.0
602.4 -71.28
602.8 -75.86
603.2 -78.31
603.6 -73.95
604.0 -81.39
604.4 -84.42
604.8 -210.0
605.2 -210.0
605.6 -73.36
606.0 -81.52
606.4 -67.64
606.8 -74.16
607.2 -210.0
607.6 -210.0
608.0 -71.04
608.4 -72.37
608.8 -84.71
609.2 -72.42
609.6 -74.76
610.0 -77.79
610.4 -75.26
610.8 -210.0
611.2 -74.85
611.6 -72.57
612.0 -210.0
612.4 -210.0
612.8 -71.72
613.2 -71.16
613.6 -73.23
614.0 -210.0
614.4 -72.73
614.8 -75.07
615.2 -210.0
615.6 -210.0
616.0 -210.0
616.4 -69.03
616.8 -210.0
617.2 -77.42
617.6 -69.91
618.0 -77.47
618.4 -79.25
618.8 -77.51
619.2 -74.19
619.6 -210.0
620.0 -210.0
620.4 -70.77
620.8 -70.36
621.2 -70.39
621.6 -74.0
622.0 -74.03
622.4 -69.49
622.8 -80.77
623.2 -71.09
623.6 -69.8
624.0 -71.14
624.4 -69.62
624.8 -210.0
625.2 -70.51
625.6 -77.26
626.0 -72.96
626.4 -71.14
626.8 -71.99
627.2 -70.63
627.6 -73.06
628.0 -69.95
628.4 -77.44
628.8 -69.01
629.2 -68.53
629.6 -70.28
630.0 -70.81
630.4 -70.97
630.8 -73.5
631.2 -70.52
631.6 -71.97
632.0 -72.53
632.4 -75.04
632.8 -69.05
633.2 -68.6
633.6 -72.45
634.0 -68.36
634.4 -75.52
634.8 -72.54
635.2 -70.58
635.6 -73.18
636.0 -69.81
636.4 -67.89
636.8 -70.47
637.2 -71.9
637.6 -74.79
638.0 -71.02
638.4 -71.3
638.8 -72.33
639.2 -68.55
639.6 -68.92
640.0 -70.01
640.4 -74.47
640.8 -70.48
641.2 -71.28
641.6 -69.48
642.0 -69.36
642.4 -70.14
642.8 -67.55
643.2 -69.54
643.6 -68.87
644.0 -71.53
644.4 -68.21
644.8 -69.47
645.2 -68.88
645.6 -71.12
646.0 -69.49
646.4 -68.51
646.8 -68.27
647.2 -69.39
647.6 -68.13
648.0 -68.16
648.4 -68.69
648.8 -69.75
649.2 -67.98
649.6 -69.68
650.0 -68.81
650.4 -68.22
650.8 -69.83
651.2 -67.71
651.6 -68.87
652.0 -66.42
652.4 -67.55
652.8 -67.68
653.2 -68.19
653.6 -67.31
654.0 -68.45
654.4 -69.58
654.8 -68.46
655.2 -67.74
655.6 -67.83
656.0 -68.63
656.4 -66.77
656.8 -68.32
657.2 -68.18
657.6 -67.22
658.0 -67.3
658.4 -67.46
658.8 -67.95
659.2 -66.93
659.6 -68.55
660.0 -66.76
660.4 -68.06
660.8 -68.3
661.2 -68.06
661.6 -67.36
662.0 -67.44
662.4 -67.2
662.8 -67.36
663.2 -67.32
663.6 -66.49
664.0 -66.9
664.4 -67.4
664.8 -66.8
665.2 -66.94
665.6 -66.27
666.0 -66.3
666.4 -67.36
666.8 -67.83
667.2 -66.62
667.6 -67.78
668.0 -67.53
668.4 -67.09
668.8 -67.48
669.2 -67.96
669.6 -67.83
670.0 -66.41
670.4 -66.61
670.8 -66.09
671.2 -67.14
671.6 -67.38
672.0 -66.49
672.4 -67.1
672.8 -66.48
673.2 -66.97
673.6 -66.26
674.0 -67.39
674.4 -67.04
674.8 -66.92
675.2 -66.84
675.6 -66.4
676.0 -66.29
676.4 -66.26
676.8 -66.54
677.2 -66.38
677.6 -66.09
678.0 -66.64
678.4 -66.24
678.8 -66.39
679.2 -66.66
679.6 -66.84
680.0 -66.09
680.4 -66.35
680.8 -67.01
681.2 -66.11
681.6 -66.23
682.0 -66.55
682.4 -66.66
682.8 -66.34
683.2 -67.25
683.6 -65.66
684.0 -66.5
684.4 -67.03
684.8 -66.06
685.2 -66.83
685.6 -67.43
686.0 -66.94
686.4 -66.47
686.8 -66.29
687.2 -65.29
687.6 -65.84
688.0 -66.09
688.4 -66.17
688.8 -65.33
689.2 -65.85
689.6 -65.82
690.0 -66.45
690.4 -65.49
690.8 -65.77
691.2 -66.3
691.6 -65.48
692.0 -65.75
692.4 -66.52
692.8 -66.41
693.2 -65.53
693.6 -66.01
694.0 -65.35
694.4 -66.63
694.8 -65.86
695.2 -65.98
695.6 -65.23
696.0 -65.55
696.4 -65.31
696.8 -66.46
697.2 -66.24
697.6 -66.41
698.0 -65.46
698.4 -65.99
698.8 -66.43
699.2 -66.01
699.6 -66.52
700.0 -66.41
700.4 -65.83
700.8 -66.19
701.2 -65.24
701.6 -65.89
702.0 -65.43
702.4 -65.22
702.8 -66.33
703.2 -67.52
703.6 -66.61
704.0 -65.94
704.4 -66.06
704.8 -66.03
705.2 -65.38
705.6 -66.26
706.0 -64.59
706.4 -66.07
706.8 -64.93
707.2 -65.8
707.6 -65.61
708.0 -66.29
708.4 -66.0
708.8 -66.76
709.2 -65.7
709.6 -66.3
710.0 -66.08
710.4 -65.79
710.8 -65.21
711.2 -65.94
711.6 -65.35
712.0 -65.86
712.4 -65.67
712.8 -66.26
713.2 -65.63
713.6 -65.81
714.0 -65.16
714.4 -65.55
714.8 -65.52
715.2 -65.6
715.6 -66.38
716.0 -66.09
716.4 -66.26
716.8 -66.12
717.2 -65.37
717.6 -66.32
718.0 -65.28
718.4 -66.06
718.8 -66.23
719.2 -65.01
719.6 -65.12
720.0 -65.65
720.4 -65.58
720.8 -66.17
721.2 -65.22
721.6 -65.36
722.0 -64.7
722.4 -66.65
722.8 -65.49
723.2 -65.68
723.6 -65.68
724.0 -65.9
724.4 -66.18
724.8 -66.17
725.2 -65.06
725.6 -65.35
726.0 -65.37
726.4 -66.16
726.8 -66.01
727.2 -66.22
727.6 -65.42
728.0 -66.4
728.4 -65.29
728.8 -66.42
729.2 -65.43
729.6 -66.13
730.0 -65.33
730.4 -65.98
730.8 -66.44
731.2 -66.04
731.6 -66.77
732.0 -65.96
732.4 -65.28
732.8 -66.55
733.2 -65.88
733.6 -66.66
734.0 -66.87
734.4 -65.94
734.8 -65.83
735.2 -65.8
735.6 -64.67
736.0 -65.25
736.4 -65.49
736.8 -65.95
737.2 -65.68
737.6 -65.87
738.0 -65.57
738.4 -65.67
738.8 -66.18
739.2 -65.59
739.6 -66.18
740.0 -66.25
740.4 -66.73
740.8 -65.85
741.2 -66.51
741.6 -65.45
742.0 -65.91
742.4 -65.95
742.8 -65.63
743.2 -66.34
743.6 -65.44
744.0 -66.18
744.4 -66.14
744.8 -66.29
745.2 -66.03
745.6 -65.95
746.0 -66.32
746.4 -66.82
746.8 -65.81
747.2 -65.53
747.6 -65.47
748.0 -65.02
748.4 -64.59
748.8 -65.86
749.2 -65.15
749.6 -64.89
750.0 -68.33
750.4 -65.78
750.8 -65.81
751.2 -66.32
751.6 -65.15
752.0 -66.3
752.4 -66.07
752.8 -65.57
753.2 -65.71
753.6 -66.52
754.0 -65.53
754.4 -66.27
754.8 -65.17
755.2 -65.25
755.6 -65.61
756.0 -65.37
756.4 -66.79
756.8 -65.98
757.2 -65.59
757.6 -65.93
758.0 -65.58
758.4 -65.21
758.8 -65.99
759.2 -66.54
759.6 -66.17
760.0 -66.12
760.4 -67.21
760.8 -67.01
761.2 -66.39
761.6 -65.03
762.0 -66.14
762.4 -66.81
762.8 -66.06
763.2 -65.98
763.6 -65.98
764.0 -65.41
764.4 -66.24
764.8 -65.3
765.2 -66.56
765.6 -66.69
766.0 -66.68
766.4 -66.86
766.8 -66.21
767.2 -66.37
767.6 -65.41
768.0 -66.66
768.4 -66.04
768.8 -65.88
769.2 -65.6
769.6 -67.17
770.0 -65.38
770.4 -65.76
770.8 -65.55
771.2 -66.18
771.6 -65.73
772.0 -66.05
772.4 -65.75
772.8 -66.96
773.2 -65.65
773.6 -66.13
774.0 -66.41
774.4 -65.36
774.8 -65.64
775.2 -66.41
775.6 -65.5
776.0 -65.81
776.4 -65.59
776.8 -66.53
777.2 -65.56
777.6 -65.52
778.0 -66.22
778.4 -65.41
778.8 -65.41
779.2 -66.88
779.6 -65.83
780.0 -65.94
780.4 -66.96
780.8 -66.51
781.2 -64.77
781.6 -65.85
782.0 -66.72
782.4 -65.13
782.8 -66.08
783.2 -65.06
783.6 -67.56
784.0 -65.55
784.4 -65.99
784.8 -65.76
785.2 -65.14
785.6 -65.87
786.0 -65.3
786.4 -65.26
786.8 -65.97
787.2 -66.21
787.6 -64.76
788.0 -65.9
788.4 -64.52
788.8 -66.04
789.2 -65.89
789.6 -66.12
790.0 -65.41
790.4 -65.24
790.8 -65.34
791.2 -65.83
791.6 -65.64
792.0 -64.85
792.4 -65.3
792.8 -66.38
793.2 -65.93
793.6 -65.42
794.0 -64.95
794.4 -65.34
794.8 -65.11
795.2 -64.8
795.6 -65.95
796.0 -65.01
796.4 -65.65
796.8 -65.76
797.2 -65.5
797.6 -65.22
798.0 -65.0
798.4 -65.25
798.8 -65.82
799.2 -65.59
799.6 -64.11
800.0 -65.1
800.4 -64.61
800.8 -65.37
801.2 -65.52
801.6 -64.43
802.0 -65.21
802.4 -64.86
802.8 -65.6
803.2 -64.63
803.6 -64.07
804.0 -64.56
804.4 -64.91
804.8 -64.39
805.2 -64.02
805.6 -63.79
806.0 -63.09
806.4 -61.47
806.8 -57.88
807.2 -54.54
807.6 -50.39
808.0 -49.21
808.4 -50.11
808.8 -50.7
809.2 -54.55
809.6 -61.56
810.0 -63.52
810.4 -63.76
810.8 -64.45
811.2 -64.88
811.6 -64.09
812.0 -65.18
812.4 -64.39
812.8 -64.97
813.2 -65.47
813.6 -64.26
814.0 -65.05
814.4 -64.02
814.8 -63.82
815.2 -64.58
815.6 -65.18
816.0 -64.62
816.4 -65.07
816.8 -64.36
817.2 -64.3
817.6 -64.85
818.0 -64.6
818.4 -65.26
818.8 -64.76
819.2 -64.57
819.6 -64.06
820.0 -65.6
820.4 -64.52
820.8 -64.14
821.2 -64.55
821.6 -64.74
822.0 -63.94
822.4 -64.6
822.8 -64.48
823.2 -64.01
823.6 -64.54
824.0 -64.56
824.4 -64.57
824.8 -65.48
825.2 -64.78
825.6 -64.49
826.0 -64.58
826.4 -65.29
826.8 -63.76
827.2 -64.65
827.6 -64.7
828.0 -64.73
828.4 -63.99
828.8 -64.0
829.2 -65.78
829.6 -64.47
830.0 -64.9
830.4 -64.16
830.8 -64.63
831.2 -63.91
831.6 -64.66
832.0 -65.32
832.4 -64.55
832.8 -64.28
833.2 -64.58
833.6 -64.52
834.0 -64.79
834.4 -64.67
834.8 -64.87
835.2 -64.27
835.6 -64.45
836.0 -64.39
836.4 -64.03
836.8 -64.15
837.2 -64.62
837.6 -64.13
838.0 -64.82
838.4 -64.63
838.8 -65.16
839.2 -64.86
839.6 -64.48
840.0 -64.62
840.4 -64.68
840.8 -64.33
841.2 -65.51
841.6 -64.04
842.0 -64.37
842.4 -64.32
842.8 -64.17
843.2 -65.25
843.6 -65.01
844.0 -65.37
844.4 -65.5
844.8 -64.41
845.2 -64.41
845.6 -64.95
846.0 -64.71
846.4 -64.39
846.8 -65.51
847.2 -64.5
847.6 -64.94
848.0 -65.06
848.4 -65.2
848.8 -64.87
849.2 -65.28
849.6 -65.25
850.0 -64.64
850.4 -65.55
850.8 -65.14
851.2 -64.74
851.6 -64.79
852.0 -64.4
852.4 -65.3
852.8 -65.05
853.2 -65.35
853.6 -64.98
854.0 -64.83
854.4 -64.63
854.8 -65.24
855.2 -64.92
855.6 -64.82
856.0 -65.38
856.4 -65.2
856.8 -65.38
857.2 -65.04
857.6 -65.42
858.0 -65.07
858.4 -65.33
858.8 -64.45
859.2 -65.65
859.6 -65.11
860.0 -64.98
860.4 -65.4
860.8 -65.36
861.2 -65.49
861.6 -65.51
862.0 -64.82
862.4 -65.56
862.8 -65.09
863.2 -65.86
863.6 -66.55
864.0 -65.71
864.4 -65.53
864.8 -65.73
865.2 -65.5
865.6 -65.5
866.0 -65.16
866.4 -65.41
866.8 -65.68
867.2 -66.18
867.6 -66.15
868.0 -65.98
868.4 -65.6
868.8 -65.71
869.2 -66.0
869.6 -65.85
870.0 -65.37
870.4 -65.03
870.8 -65.52
871.2 -65.22
871.6 -65.06
872.0 -64.7
872.4 -65.83
872.8 -65.41
873.2 -65.14
873.6 -65.33
874.0 -65.28
874.4 -65.3
874.8 -65.59
875.2 -65.39
875.6 -65.58
876.0 -65.09
876.4 -65.24
876.8 -65.23
877.2 -65.63
877.6 -65.49
878.0 -66.25
878.4 -66.05
878.8 -66.14
879.2 -65.52
879.6 -65.49
880.0 -65.93
880.4 -65.59
880.8 -66.02
881.2 -65.51
881.6 -65.1
882.0 -65.99
882.4 -65.85
882.8 -65.7
883.2 -66.04
883.6 -66.01
884.0 -65.61
884.4 -65.36
884.8 -65.52
885.2 -65.08
885.6 -65.08
886.0 -65.21
886.4 -65.81
886.8 -64.83
887.2 -65.62
887.6 -65.54
888.0 -65.86
888.4 -66.15
888.8 -65.77
889.2 -66.15
889.6 -65.18
890.0 -66.71
890.4 -65.36
890.8 -65.8
891.2 -65.39
891.6 -67.11
892.0 -66.13
892.4 -65.55
892.8 -65.98
893.2 -65.88
893.6 -65.09
894.0 -66.46
894.4 -66.86
894.8 -66.0
895.2 -65.97
895.6 -65.49
896.0 -65.73
896.4 -66.34
896.8 -66.02
897.2 -65.37
897.6 -65.03
898.0 -65.44
898.4 -65.69
898.8 -65.73
899.2 -65.56
899.6 -65.91
900.0 -66.34
900.4 -66.71
900.8 -65.31
901.2 -66.51
901.6 -65.6
902.0 -65.99
902.4 -66.46
902.8 -66.61
903.2 -66.48
903.6 -66.62
904.0 -66.53
904.4 -66.17
904.8 -66.24
905.2 -66.42
905.6 -66.81
906.0 -66.33
906.4 -66.08
906.8 -65.46
907.2 -66.85
907.6 -65.5
908.0 -66.78
908.4 -66.19
908.8 -66.29
909.2 -66.27
909.6 -66.5
910.0 -66.29
910.4 -66.89
910.8 -66.26
911.2 -66.71
911.6 -66.33
912.0 -65.77
912.4 -67.01
912.8 -66.54
913.2 -66.33
913.6 -65.68
914.0 -66.09
914.4 -66.6
914.8 -66.36
915.2 -67.35
915.6 -66.82
916.0 -66.67
916.4 -66.76
916.8 -67.57
917.2 -66.31
917.6 -67.34
918.0 -66.4
918.4 -66.77
918.8 -66.41
919.2 -65.86
919.6 -65.82
920.0 -66.68
920.4 -66.28
920.8 -66.91
921.2 -67.27
921.6 -66.81
922.0 -67.72
922.4 -66.22
922.8 -66.78
923.2 -66.79
923.6 -66.14
924.0 -67.47
924.4 -67.45
924.8 -66.48
925.2 -66.57
925.6 -66.2
926.0 -67.18
926.4 -66.4
926.8 -67.25
927.2 -67.76
927.6 -66.71
928.0 -66.91
928.4 -66.25
928.8 -66.92
929.2 -66.84
929.6 -66.95
930.0 -66.71
930.4 -66.5
930.8 -66.6
931.2 -67.66
931.6 -68.04
932.0 -67.53
932.4 -66.64
932.8 -67.93
933.2 -66.62
933.6 -67.01
934.0 -67.88
934.4 -66.96
934.8 -67.74
935.2 -67.46
935.6 -66.77
936.0 -66.45
936.4 -67.46
936.8 -68.63
937.2 -68.27
937.6 -66.91
938.0 -67.91
938.4 -67.32
938.8 -67.59
939.2 -67.61
939.6 -67.86
940.0 -67.71
940.4 -67.84
940.8 -67.79
941.2 -67.0
941.6 -66.56
942.0 -68.03
942.4 -67.7
942.8 -68.08
943.2 -67.31
943.6 -67.56
944.0 -68.69
944.4 -67.38
944.8 -68.0
945.2 -67.87
945.6 -68.32
946.0 -68.41
946.4 -67.13
946.8 -67.93
947.2 -67.47
947.6 -67.89
948.0 -68.13
948.4 -67.27
948.8 -67.81
949.2 -67.53
949.6 -67.37
950.0 -67.34
950.4 -67.57
950.8 -67.78
951.2 -67.74
951.6 -67.55
952.0 -67.39
952.4 -67.26
952.8 -68.29
953.2 -67.76
953.6 -67.95
954.0 -67.65
954.4 -67.67
954.8 -67.44
955.2 -67.36
955.6 -67.35
956.0 -68.02
956.4 -67.82
956.8 -67.71
957.2 -68.17
957.6 -66.72
958.0 -67.93
958.4 -68.14
958.8 -67.26
959.2 -67.25
959.6 -67.98
960.0 -67.29
960.4 -67.17
960.8 -67.28
961.2 -66.86
961.6 -67.26
962.0 -67.79
962.4 -67.45
962.8 -67.15
963.2 -67.41
963.6 -67.73
964.0 -67.0
964.4 -66.96
964.8 -66.49
965.2 -66.6
965.6 -66.78
966.0 -67.08
966.4 -66.81
966.8 -67.09
967.2 -67.0
967.6 -67.29
968.0 -67.19
968.4 -67.45
968.8 -67.46
969.2 -67.02
969.6 -67.69
970.0 -67.38
970.4 -68.03
970.8 -66.98
971.2 -67.25
971.6 -67.09
972.0 -67.57
972.4 -67.36
972.8 -67.8
973.2 -67.87
973.6 -67.69
974.0 -66.61
974.4 -67.16
974.8 -67.35
975.2 -67.06
975.6 -67.12
976.0 -67.57
976.4 -67.71
976.8 -67.35
977.2 -67.31
977.6 -66.97
978.0 -67.44
978.4 -67.26
978.8 -67.24
979.2 -67.02
979.6 -67.25
980.0 -67.3
980.4 -66.81
980.8 -66.77
981.2 -67.19
981.6 -66.95
982.0 -66.75
982.4 -66.88
982.8 -66.59
983.2 -67.55
983.6 -66.89
984.0 -66.25
984.4 -66.11
984.8 -66.02
985.2 -66.18
985.6 -65.97
986.0 -66.45
986.4 -66.03
986.8 -65.63
987.2 -65.69
987.6 -65.79
988.0 -65.48
988.4 -65.67
988.8 -65.48
989.2 -65.57
989.6 -65.3
990.0 -65.24
990.4 -65.11
990.8 -65.09
991.2 -65.13
991.6 -65.22
992.0 -64.76
992.4 -65.16
992.8 -65.2
993.2 -64.67
993.6 -64.86
994.0 -64.76
994.4 -64.78
994.8 -64.94
995.2 -64.77
995.6 -64.79
996.0 -64.74
996.4 -64.6
996.8 -64.78
997.2 -65.0
997.6 -64.55
998.0 -64.57
998.4 -64.74
998.8 -64.52
999.2 -64.38
999.6 -64.76
1000.0 -64.29
