600.0 -76.35
600.4 -73.36
600.8 -76.4
601.2 -73.07
601.6 -77.25
602.0 -210.0
602.4 -210.0
602.8 -76.53
603.2 -72.57
603.6 -81.36
604.0 -72.35
604.4 -78.39
604.8 -70.64
605.2 -210.0
605.6 -210.0
606.0 -70.38
606.4 -210.0
606.8 -84.58
607.2 -210.0
607.6 -73.49
608.0 -69.47
608.4 -81.67
608.8 -210.0
609.2 -210.0
609.6 -210.0
610.0 -73.01
610.4 -210.0
610.8 -210.0
611.2 -210.0
611.6 -74.08
612.0 -84.9
612.4 -73.79
612.8 -68.82
613.2 -72.18
613.6 -70.37
614.0 -71.4
614.4 -75.04
614.8 -69.88
615.2 -78.1
615.6 -71.3
616.0 -210.0
616.4 -210.0
616.8 -76.72
617.2 -69.64
617.6 -79.2
618.0 -210.0
618.4 -210.0
618.8 -70.82
619.2 -210.0
619.6 -70.87
620.0 -85.37
620.4 -210.0
620.8 -69.85
621.2 -79.42
621.6 -75.47
622.0 -210.0
622.4 -210.0
622.8 -77.09
623.2 -69.23
623.6 -210.0
624.0 -75.2
624.4 -74.18
624.8 -79.64
625.2 -210.0
625.6 -210.0
626.0 -72.96
626.4 -210.0
626.8 -77.34
627.2 -72.39
627.6 -74.38
628.0 -210.0
628.4 -210.0
628.8 -69.48
629.2 -77.48
629.6 -210.0
630.0 -79.97
630.4 -80.0
630.8 -71.58
631.2 -210.0
631.6 -210.0
632.0 -77.69
632.4 -210.0
632.8 -73.2
633.2 -70.67
633.6 -210.0
634.0 -70.49
634.4 -71.13
634.8 -77.89
635.2 -74.07
635.6 -74.36
636.0 -69.81
636.4 -76.47
636.8 -72.18
637.2 -72.72
637.6 -73.55
638.0 -71.81
638.4 -71.7
638.8 -74.6
639.2 -71.36
639.6 -72.08
640.0 -72.76
640.4 -74.47
640.8 -71.13
641.2 -73.23
641.6 -75.42
642.0 -69.67
642.4 -73.95
642.8 -73.38
643.2 -74.24
643.6 -70.94
644.0 -72.78
644.4 -74.13
644.8 -74.17
645.2 -73.23
645.6 -72.33
646.0 -71.59
646.4 -69.99
646.8 -69.95
647.2 -72.33
647.6 -71.98
648.0 -71.22
648.4 -72.05
648.8 -70.05
649.2 -69.24
649.6 -72.69
650.0 -71.38
650.4 -73.3
650.8 -70.37
651.2 -73.82
651.6 -71.5
652.0 -69.17
652.4 -68.94
652.8 -71.3
653.2 -69.31
653.6 -75.88
654.0 -72.73
654.4 -72.2
654.8 -70.75
655.2 -71.22
655.6 -68.85
656.0 -72.61
656.4 -71.64
656.8 -70.94
657.2 -74.25
657.6 -70.43
658.0 -70.19
658.4 -71.65
658.8 -69.42
659.2 -70.96
659.6 -70.36
660.0 -70.45
660.4 -71.57
660.8 -70.62
661.2 -69.57
661.6 -69.43
662.0 -72.13
662.4 -68.66
662.8 -69.91
663.2 -72.25
663.6 -69.63
664.0 -70.97
664.4 -69.12
664.8 -70.88
665.2 -69.57
665.6 -72.38
666.0 -69.57
666.4 -68.56
666.8 -69.24
667.2 -68.5
667.6 -70.29
668.0 -68.35
668.4 -69.24
668.8 -68.77
669.2 -70.14
669.6 -71.26
670.0 -69.49
670.4 -70.53
670.8 -69.41
671.2 -69.41
671.6 -69.41
672.0 -71.64
672.4 -68.91
672.8 -67.83
673.2 -70.17
673.6 -68.85
674.0 -69.07
674.4 -70.74
674.8 -68.71
675.2 -70.82
675.6 -70.0
676.0 -69.99
676.4 -69.77
676.8 -70.54
677.2 -69.29
677.6 -69.83
678.0 -69.15
678.4 -70.36
678.8 -68.73
679.2 -67.96
679.6 -70.52
680.0 -70.51
680.4 -69.88
680.8 -69.87
681.2 -70.09
681.6 -67.88
682.0 -70.74
682.4 -69.56
682.8 -69.48
683.2 -69.28
683.6 -68.73
684.0 -68.56
684.4 -67.84
684.8 -68.08
685.2 -69.45
685.6 -69.81
686.0 -68.93
686.4 -68.42
686.8 -66.93
687.2 -70.25
687.6 -70.16
688.0 -71.57
688.4 -68.18
688.8 -70.57
689.2 -68.95
689.6 -67.78
690.0 -69.26
690.4 -68.31
690.8 -68.93
691.2 -69.44
691.6 -68.51
692.0 -68.03
692.4 -68.17
692.8 -68.33
693.2 -67.77
693.6 -67.96
694.0 -68.15
694.4 -68.58
694.8 -68.19
695.2 -68.24
695.6 -69.59
696.0 -68.67
696.4 -66.56
696.8 -71.56
697.2 -67.09
697.6 -68.37
698.0 -69.14
698.4 -67.69
698.8 -67.55
699.2 -68.51
699.6 -68.51
700.0 -67.96
700.4 -67.13
700.8 -67.66
701.2 -67.12
701.6 -67.74
702.0 -67.54
702.4 -67.31
702.8 -67.49
703.2 -67.62
703.6 -68.74
704.0 -67.25
704.4 -67.74
704.8 -68.37
705.2 -67.49
705.6 -68.96
706.0 -67.58
706.4 -67.91
706.8 -66.64
707.2 -68.56
707.6 -69.79
708.0 -67.41
708.4 -70.27
708.8 -67.63
709.2 -67.58
709.6 -67.77
710.0 -68.58
710.4 -66.82
710.8 -67.95
711.2 -67.51
711.6 -68.21
712.0 -67.31
712.4 -68.0
712.8 -66.67
713.2 -67.68
713.6 -65.75
714.0 -68.14
714.4 -66.85
714.8 -66.73
715.2 -67.9
715.6 -67.27
716.0 -67.7
716.4 -66.79
716.8 -66.29
717.2 -68.38
717.6 -66.62
718.0 -68.14
718.4 -67.82
718.8 -67.86
719.2 -67.66
719.6 -66.89
720.0 -68.12
720.4 -67.27
720.8 -68.46
721.2 -68.58
721.6 -67.69
722.0 -67.39
722.4 -66.77
722.8 -67.77
723.2 -67.33
723.6 -67.82
724.0 -67.46
724.4 -67.05
724.8 -66.43
725.2 -68.07
725.6 -68.13
726.0 -66.02
726.4 -66.9
726.8 -67.43
727.2 -66.85
727.6 -67.34
728.0 -66.51
728.4 -66.92
728.8 -66.7
729.2 -67.04
729.6 -66.5
730.0 -67.17
730.4 -66.57
730.8 -66.22
731.2 -67.8
731.6 -66.48
732.0 -66.47
732.4 -66.17
732.8 -66.93
733.2 -67.09
733.6 -67.33
734.0 -67.23
734.4 -67.51
734.8 -67.87
735.2 -66.95
735.6 -66.68
736.0 -67.07
736.4 -67.8
736.8 -66.2
737.2 -66.06
737.6 -66.88
738.0 -66.96
738.4 -66.16
738.8 -67.94
739.2 -66.91
739.6 -65.86
740.0 -67.12
740.4 -66.99
740.8 -66.29
741.2 -66.55
741.6 -66.39
742.0 -68.15
742.4 -68.52
742.8 -66.27
743.2 -66.19
743.6 -66.79
744.0 -66.91
744.4 -65.72
744.8 -65.46
745.2 -66.91
745.6 -67.37
746.0 -66.69
746.4 -66.9
746.8 -67.47
747.2 -65.98
747.6 -66.68
748.0 -67.51
748.4 -66.93
748.8 -65.9
749.2 -67.71
749.6 -67.5
750.0 -65.78
750.4 -67.59
750.8 -66.21
751.2 -67.48
751.6 -65.66
752.0 -66.98
752.4 -65.72
752.8 -65.78
753.2 -66.49
753.6 -66.13
754.0 -66.65
754.4 -67.53
754.8 -68.03
755.2 -66.55
755.6 -66.07
756.0 -66.25
756.4 -66.06
756.8 -66.53
757.2 -66.32
757.6 -66.12
758.0 -65.48
758.4 -66.46
758.8 -66.46
759.2 -67.42
759.6 -65.36
760.0 -67.11
760.4 -66.28
760.8 -66.65
761.2 -67.01
761.6 -66.56
762.0 -66.81
762.4 -65.84
762.8 -66.25
763.2 -66.02
763.6 -68.43
764.0 -65.86
764.4 -66.62
764.8 -66.39
765.2 -66.04
765.6 -66.07
766.0 -65.77
766.4 -67.05
766.8 -66.37
767.2 -66.42
767.6 -65.58
768.0 -64.9
768.4 -66.66
768.8 -66.19
769.2 -66.11
769.6 -66.61
770.0 -65.84
770.4 -66.02
770.8 -65.28
771.2 -65.73
771.6 -64.62
772.0 -66.21
772.4 -66.25
772.8 -65.47
773.2 -66.86
773.6 -65.83
774.0 -66.0
774.4 -66.04
774.8 -66.49
775.2 -66.0
775.6 -66.12
776.0 -65.84
776.4 -65.45
776.8 -65.77
777.2 -66.48
777.6 -65.06
778.0 -66.3
778.4 -66.69
778.8 -66.26
779.2 -66.26
779.6 -66.35
780.0 -65.43
780.4 -65.04
780.8 -66.46
781.2 -65.23
781.6 -66.86
782.0 -65.26
782.4 -65.32
782.8 -65.74
783.2 -65.62
783.6 -65.88
784.0 -65.55
784.4 -66.11
784.8 -66.31
785.2 -65.01
785.6 -65.87
786.0 -65.17
786.4 -64.53
786.8 -65.86
787.2 -64.97
787.6 -65.5
788.0 -66.6
788.4 -64.69
788.8 -65.18
789.2 -65.77
789.6 -65.28
790.0 -65.48
790.4 -65.73
790.8 -65.55
791.2 -64.16
791.6 -64.97
792.0 -65.94
792.4 -65.3
792.8 -65.67
793.2 -65.56
793.6 -66.13
794.0 -65.7
794.4 -65.77
794.8 -64.74
795.2 -64.92
795.6 -66.91
796.0 -65.51
796.4 -66.32
796.8 -65.8
797.2 -65.46
797.6 -64.72
798.0 -65.16
798.4 -64.77
798.8 -66.05
799.2 -66.47
799.6 -64.29
800.0 -64.98
800.4 -65.01
800.8 -65.44
801.2 -65.15
801.6 -65.35
802.0 -64.96
802.4 -64.96
802.8 -66.31
803.2 -65.53
803.6 -64.3
804.0 -65.27
804.4 -64.2
804.8 -64.94
805.2 -64.76
805.6 -64.48
806.0 -63.43
806.4 -61.27
806.8 -57.95
807.2 -54.25
807.6 -50.25
808.0 -48.88
808.4 -49.87
808.8 -50.27
809.2 -53.96
809.6 -61.56
810.0 -64.27
810.4 -64.03
810.8 -64.91
811.2 -65.82
811.6 -64.69
812.0 -64.16
812.4 -64.81
812.8 -64.85
813.2 -64.52
813.6 -63.87
814.0 -64.16
814.4 -64.46
814.8 -65.17
815.2 -65.74
815.6 -65.02
816.0 -64.2
816.4 -64.36
816.8 -64.78
817.2 -64.37
817.6 -65.06
818.0 -64.63
818.4 -64.61
818.8 -64.73
819.2 -65.72
819.6 -64.31
820.0 -65.08
820.4 -65.03
820.8 -64.6
821.2 -64.35
821.6 -63.71
822.0 -65.99
822.4 -64.88
822.8 -63.97
823.2 -64.69
823.6 -64.86
824.0 -64.91
824.4 -64.78
824.8 -64.64
825.2 -64.5
825.6 -64.57
826.0 -64.65
826.4 -64.73
826.8 -64.13
827.2 -64.78
827.6 -64.5
828.0 -64.48
828.4 -65.19
828.8 -64.64
829.2 -64.66
829.6 -64.49
830.0 -64.17
830.4 -64.65
830.8 -64.86
831.2 -64.79
831.6 -64.24
832.0 -64.27
832.4 -64.27
832.8 -64.37
833.2 -64.73
833.6 -64.3
834.0 -64.24
834.4 -64.08
834.8 -63.54
835.2 -63.86
835.6 -63.71
836.0 -63.85
836.4 -63.78
836.8 -63.79
837.2 -64.47
837.6 -63.74
838.0 -63.68
838.4 -63.73
838.8 -64.28
839.2 -64.23
839.6 -64.07
840.0 -64.23
840.4 -64.16
840.8 -63.74
841.2 -63.72
841.6 -64.45
842.0 -63.83
842.4 -64.26
842.8 -64.3
843.2 -64.65
843.6 -63.69
844.0 -63.66
844.4 -64.17
844.8 -63.84
845.2 -63.82
845.6 -64.64
846.0 -63.37
846.4 -63.53
846.8 -63.45
847.2 -63.66
847.6 -63.94
848.0 -63.64
848.4 -63.52
848.8 -63.56
849.2 -63.07
849.6 -64.11
850.0 -63.35
850.4 -63.0
850.8 -63.01
851.2 -63.64
851.6 -63.97
852.0 -63.71
852.4 -63.28
852.8 -62.98
853.2 -62.88
853.6 -62.99
854.0 -63.7
854.4 -62.72
854.8 -63.26
855.2 -62.74
855.6 -63.44
856.0 -63.61
856.4 -62.91
856.8 -63.15
857.2 -63.02
857.6 -63.22
858.0 -62.99
858.4 -63.15
858.8 -63.16
859.2 -63.26
859.6 -63.15
860.0 -63.09
860.4 -62.83
860.8 -63.01
861.2 -62.84
861.6 -63.09
862.0 -63.13
862.4 -62.68
862.8 -62.97
863.2 -62.6
863.6 -62.7
864.0 -62.7
864.4 -62.52
864.8 -62.92
865.2 -62.85
865.6 -62.75
866.0 -63.02
866.4 -62.8
866.8 -63.02
867.2 -62.63
867.6 -62.65
868.0 -62.5
868.4 -62.57
868.8 -62.2
869.2 -62.57
869.6 -62.8
870.0 -63.06
870.4 -62.65
870.8 -62.55
871.2 -62.17
871.6 -62.49
872.0 -62.56
872.4 -62.37
872.8 -62.28
873.2 -62.55
873.6 -62.08
874.0 -62.35
874.4 -62.39
874.8 -62.52
875.2 -62.49
875.6 -62.65
876.0 -62.15
876.4 -62.56
876.8 -62.31
877.2 -62.48
877.6 -62.54
878.0 -62.15
878.4 -62.46
878.8 -62.58
879.2 -62.01
879.6 -62.13
880.0 -61.85
880.4 -62.02
880.8 -62.53
881.2 -62.1
881.6 -62.33
882.0 -62.37
882.4 -62.17
882.8 -62.53
883.2 -61.64
883.6 -62.07
884.0 -62.03
884.4 -62.11
884.8 -61.8
885.2 -61.83
885.6 -62.34
886.0 -62.19
886.4 -61.94
886.8 -61.91
887.2 -62.31
887.6 -62.17
888.0 -61.62
888.4 -62.0
888.8 -61.7
889.2 -61.84
889.6 -61.8
890.0 -61.76
890.4 -62.0
890.8 -61.8
891.2 -62.07
891.6 -62.19
892.0 -61.83
892.4 -61.67
892.8 -61.9
893.2 -61.66
893.6 -61.87
894.0 -61.66
894.4 -61.71
894.8 -61.8
895.2 -62.15
895.6 -61.5
896.0 -61.85
896.4 -61.72
896.8 -61.82
897.2 -61.97
897.6 -61.54
898.0 -61.5
898.4 -61.33
898.8 -61.82
899.2 -61.68
899.6 -61.64
900.0 -61.5
900.4 -61.3
900.8 -61.52
901.2 -61.62
901.6 -61.45
902.0 -61.62
902.4 -61.13
902.8 -61.56
903.2 -61.51
903.6 -61.39
904.0 -61.25
904.4 -61.62
904.8 -61.19
905.2 -61.45
905.6 -61.59
906.0 -61.58
906.4 -61.68
906.8 -61.34
907.2 -61.62
907.6 -61.49
908.0 -61.34
908.4 -61.37
908.8 -61.41
909.2 -60.95
909.6 -61.35
910.0 -61.36
910.4 -61.19
910.8 -61.33
911.2 -61.26
911.6 -60.96
912.0 -61.22
912.4 -61.04
912.8 -61.09
913.2 -60.83
913.6 -60.94
914.0 -60.95
914.4 -60.85
914.8 -60.97
915.2 -60.83
915.6 -60.88
916.0 -60.9
916.4 -60.91
916.8 -60.94
917.2 -60.97
917.6 -60.63
918.0 -60.77
918.4 -60.57
918.8 -60.68
919.2 -60.61
919.6 -60.82
920.0 -60.5
920.4 -60.58
920.8 -60.43
921.2 -60.56
921.6 -60.49
922.0 -60.51
922.4 -60.15
922.8 -60.57
923.2 -60.71
923.6 -60.55
924.0 -60.64
924.4 -60.46
924.8 -60.24
925.2 -60.43
925.6 -60.4
926.0 -60.17
926.4 -60.34
926.8 -60.36
927.2 -60.19
927.6 -60.12
928.0 -60.07
928.4 -60.36
928.8 -60.06
929.2 -60.16
929.6 -60.0
930.0 -60.03
930.4 -59.91
930.8 -60.21
931.2 -60.1
931.6 -60.1
932.0 -60.14
932.4 -60.14
932.8 -59.95
933.2 -59.95
933.6 -59.88
934.0 -60.02
934.4 -59.97
934.8 -59.89
935.2 -60.11
935.6 -59.94
936.0 -60.15
936.4 -59.63
936.8 -60.0
937.2 -59.85
937.6 -59.74
938.0 -59.96
938.4 -59.92
938.8 -59.99
939.2 -59.76
939.6 -59.77
940.0 -59.79
940.4 -59.75
940.8 -59.71
941.2 -59.75
941.6 -59.83
942.0 -59.69
942.4 -59.91
942.8 -59.86
943.2 -59.67
943.6 -59.62
944.0 -59.42
944.4 -59.56
944.8 -59.46
945.2 -59.42
945.6 -59.54
946.0 -59.47
946.4 -59.56
946.8 -59.38
947.2 -59.61
947.6 -59.24
948.0 -59.39
948.4 -59.44
948.8 -59.14
949.2 -59.42
949.6 -59.26
950.0 -59.28
950.4 -59.39
950.8 -59.33
951.2 -59.27
951.6 -59.25
952.0 -59.32
952.4 -59.36
952.8 -59.19
953.2 -59.36
953.6 -59.28
954.0 -59.31
954.4 -59.23
954.8 -59.17
955.2 -59.27
955.6 -59.24
956.0 -59.14
956.4 -59.19
956.8 -59.26
957.2 -59.15
957.6 -59.12
958.0 -59.26
958.4 -59.0
958.8 -59.34
959.2 -59.1
959.6 -59.35
960.0 -58.91
960.4 -59.13
960.8 -59.08
961.2 -58.96
961.6 -58.8
962.0 -58.93
962.4 -58.84
962.8 -58.79
963.2 -58.79
963.6 -58.62
964.0 -58.71
964.4 -58.73
964.8 -58.82
965.2 -58.67
965.6 -58.47
966.0 -58.41
966.4 -58.63
966.8 -58.6
967.2 -58.79
967.6 -58.64
968.0 -58.63
968.4 -58.67
968.8 -58.77
969.2 -58.69
969.6 -58.68
970.0 -58.78
970.4 -58.72
970.8 -58.63
971.2 -58.64
971.6 -58.75
972.0 -58.83
972.4 -58.7
972.8 -58.94
973.2 -58.79
973.6 -58.83
974.0 -58.97
974.4 -58.8
974.8 -58.84
975.2 -58.85
975.6 -58.87
976.0 -58.83
976.4 -58.88
976.8 -58.93
977.2 -59.01
977.6 -59.06
978.0 -58.97
978.4 -59.11
978.8 -59.06
979.2 -59.01
979.6 -59.08
980.0 -58.94
980.4 -58.93
980.8 -58.82
981.2 -58.83
981.6 -58.73
982.0 -58.73
982.4 -58.79
982.8 -58.69
983.2 -58.55
983.6 -58.59
984.0 -58.5
984.4 -58.33
984.8 -58.41
985.2 -58.48
985.6 -58.34
986.0 -58.33
986.4 -58.18
986.8 -58.26
987.2 -58.24
987.6 -58.19
988.0 -58.19
988.4 -58.17
988.8 -58.0
989.2 -58.24
989.6 -57.95
990.0 -57.95
990.4 -58.11
990.8 -57.95
991.2 -57.92
991.6 -57.98
992.0 -57.95
992.4 -57.98
992.8 -58.05
993.2 -58.01
993.6 -57.93
994.0 -57.92
994.4 -57.93
994.8 -58.05
995.2 -57.89
995.6 -57.77
996.0 -57.82
996.4 -57.8
996.8 -57.93
997.2 -57.96
997.6 -57.93
998.0 -58.07
998.4 -58.03
998.8 -58.06
999.2 -58.13
999.6 -58.03
1000.0 -58.13
