600.0 -73.72
600.4 -81.15
600.8 -78.16
601.2 -210.0
601.6 -84.24
602.0 -73.13
602.4 -210.0
602.8 -69.13
603.2 -210.0
603.6 -77.38
604.0 -71.39
604.4 -72.11
604.8 -210.0
605.2 -84.47
605.6 -76.04
606.0 -210.0
606.4 -69.1
606.8 -74.16
607.2 -79.82
607.6 -210.0
608.0 -210.0
608.4 -210.0
608.8 -210.0
609.2 -71.3
609.6 -73.62
610.0 -84.78
610.4 -210.0
610.8 -210.0
611.2 -71.84
611.6 -75.84
612.0 -210.0
612.4 -72.88
612.8 -78.92
613.2 -75.42
613.6 -72.44
614.0 -71.79
614.4 -73.27
614.8 -76.61
615.2 -210.0
615.6 -71.3
616.0 -210.0
616.4 -72.85
616.8 -70.26
617.2 -70.89
617.6 -210.0
618.0 -79.23
618.4 -210.0
618.8 -70.82
619.2 -71.35
619.6 -210.0
620.0 -210.0
620.4 -70.48
620.8 -73.65
621.2 -74.65
621.6 -76.43
622.0 -80.72
622.4 -75.52
622.8 -210.0
623.2 -71.95
623.6 -70.41
624.0 -70.05
624.4 -71.67
624.8 -210.0
625.2 -74.23
625.6 -78.73
626.0 -210.0
626.4 -75.35
626.8 -71.02
627.2 -78.03
627.6 -74.08
628.0 -78.88
628.4 -69.56
628.8 -74.45
629.2 -72.93
629.6 -73.18
630.0 -72.38
630.4 -81.25
630.8 -74.29
631.2 -71.94
631.6 -74.65
632.0 -74.1
632.4 -72.95
632.8 -70.64
633.2 -75.44
633.6 -210.0
634.0 -80.26
634.4 -72.7
634.8 -74.04
635.2 -71.6
635.6 -72.6
636.0 -73.88
636.4 -71.99
636.8 -69.34
637.2 -74.76
637.6 -79.57
638.0 -75.12
638.4 -210.0
638.8 -74.09
639.2 -75.54
639.6 -74.66
640.0 -77.19
640.4 -76.36
640.8 -70.09
641.2 -75.38
641.6 -73.66
642.0 -73.11
642.4 -73.15
642.8 -73.77
643.2 -72.25
643.6 -68.87
644.0 -70.37
644.4 -70.41
644.8 -69.11
645.2 -70.58
645.6 -71.12
646.0 -68.47
646.4 -74.09
646.8 -76.56
647.2 -70.85
647.6 -72.95
648.0 -75.15
648.4 -79.71
648.8 -71.3
649.2 -78.02
649.6 -71.81
650.0 -71.82
650.4 -69.23
650.8 -71.59
651.2 -69.84
651.6 -75.86
652.0 -75.58
652.4 -74.63
652.8 -73.83
653.2 -70.65
653.6 -72.33
654.0 -70.83
654.4 -72.33
654.8 -69.66
655.2 -71.03
655.6 -68.41
656.0 -69.88
656.4 -69.74
656.8 -69.15
657.2 -69.55
657.6 -71.14
658.0 -69.61
658.4 -70.43
658.8 -69.98
659.2 -68.82
659.6 -72.12
660.0 -69.37
660.4 -69.06
660.8 -70.37
661.2 -68.89
661.6 -70.45
662.0 -72.64
662.4 -71.57
662.8 -68.15
663.2 -71.26
663.6 -68.45
664.0 -72.13
664.4 -70.88
664.8 -68.89
665.2 -69.63
665.6 -70.21
666.0 -70.54
666.4 -71.16
666.8 -69.7
667.2 -69.43
667.6 -68.35
668.0 -68.72
668.4 -69.91
668.8 -69.63
669.2 -68.56
669.6 -69.57
670.0 -68.65
670.4 -69.42
670.8 -68.23
671.2 -69.35
671.6 -69.16
672.0 -70.68
672.4 -71.33
672.8 -71.53
673.2 -68.11
673.6 -68.85
674.0 -70.16
674.4 -70.09
674.8 -71.61
675.2 -68.6
675.6 -69.93
676.0 -69.77
676.4 -71.94
676.8 -68.92
677.2 -68.42
677.6 -68.86
678.0 -68.8
678.4 -68.41
678.8 -69.81
679.2 -68.79
679.6 -68.62
680.0 -70.96
680.4 -68.19
680.8 -68.88
681.2 -68.03
681.6 -68.87
682.0 -69.04
682.4 -67.87
682.8 -68.68
683.2 -69.69
683.6 -67.8
684.0 -68.29
684.4 -68.39
684.8 -68.55
685.2 -67.65
685.6 -68.48
686.0 -70.43
686.4 -70.88
686.8 -68.25
687.2 -68.2
687.6 -69.78
688.0 -68.19
688.4 -69.84
688.8 -68.44
689.2 -68.54
689.6 -70.31
690.0 -71.22
690.4 -68.1
690.8 -70.2
691.2 -69.37
691.6 -68.63
692.0 -68.62
692.4 -68.66
692.8 -68.49
693.2 -67.91
693.6 -67.11
694.0 -70.77
694.4 -68.52
694.8 -69.26
695.2 -68.57
695.6 -67.42
696.0 -68.33
696.4 -67.96
696.8 -67.36
697.2 -67.71
697.6 -66.89
698.0 -68.36
698.4 -68.69
698.8 -67.88
699.2 -67.63
699.6 -69.68
700.0 -68.38
700.4 -67.13
700.8 -66.54
701.2 -67.99
701.6 -67.65
702.0 -67.5
702.4 -66.85
702.8 -67.63
703.2 -67.76
703.6 -67.3
704.0 -67.08
704.4 -66.98
704.8 -66.37
705.2 -67.54
705.6 -68.96
706.0 -68.7
706.4 -67.71
706.8 -68.45
707.2 -67.61
707.6 -68.06
708.0 -68.8
708.4 -67.54
708.8 -67.54
709.2 -67.08
709.6 -66.3
710.0 -67.57
710.4 -68.58
710.8 -66.35
711.2 -68.17
711.6 -67.89
712.0 -67.79
712.4 -68.44
712.8 -66.48
713.2 -66.83
713.6 -67.03
714.0 -66.82
714.4 -67.56
714.8 -67.02
715.2 -67.01
715.6 -66.72
716.0 -67.1
716.4 -67.69
716.8 -67.54
717.2 -67.49
717.6 -68.38
718.0 -67.52
718.4 -69.21
718.8 -67.37
719.2 -66.52
719.6 -66.37
720.0 -67.18
720.4 -66.92
720.8 -66.43
721.2 -66.47
721.6 -66.54
722.0 -67.44
722.4 -67.11
722.8 -66.12
723.2 -66.12
723.6 -66.41
724.0 -68.2
724.4 -66.79
724.8 -66.28
725.2 -67.04
725.6 -66.62
726.0 -66.77
726.4 -67.59
726.8 -66.26
727.2 -67.78
727.6 -65.77
728.0 -66.71
728.4 -67.42
728.8 -67.18
729.2 -66.96
729.6 -67.56
730.0 -68.08
730.4 -66.45
730.8 -67.07
731.2 -66.94
731.6 -67.25
732.0 -66.39
732.4 -67.1
732.8 -67.38
733.2 -66.83
733.6 -66.23
734.0 -65.61
734.4 -67.61
734.8 -65.63
735.2 -67.41
735.6 -65.93
736.0 -67.16
736.4 -65.24
736.8 -67.06
737.2 -66.89
737.6 -66.71
738.0 -67.05
738.4 -66.75
738.8 -67.18
739.2 -66.15
739.6 -66.26
740.0 -66.29
740.4 -67.31
740.8 -67.51
741.2 -65.23
741.6 -66.16
742.0 -66.93
742.4 -66.31
742.8 -66.19
743.2 -66.75
743.6 -66.62
744.0 -66.18
744.4 -67.05
744.8 -66.7
745.2 -66.49
745.6 -67.04
746.0 -66.69
746.4 -67.37
746.8 -65.95
747.2 -67.26
747.6 -65.7
748.0 -67.07
748.4 -66.23
748.8 -68.28
749.2 -66.84
749.6 -67.11
750.0 -67.24
750.4 -66.25
750.8 -67.53
751.2 -65.35
751.6 -66.35
752.0 -65.93
752.4 -66.34
752.8 -66.25
753.2 -65.88
753.6 -66.69
754.0 -67.93
754.4 -66.95
754.8 -65.76
755.2 -67.42
755.6 -66.42
756.0 -66.37
756.4 -66.41
756.8 -65.62
757.2 -66.4
757.6 -65.89
758.0 -65.75
758.4 -65.71
758.8 -65.99
759.2 -66.06
759.6 -66.75
760.0 -65.38
760.4 -66.16
760.8 -65.89
761.2 -65.25
761.6 -65.68
762.0 -65.74
762.4 -66.14
762.8 -64.78
763.2 -65.76
763.6 -66.29
764.0 -65.68
764.4 -65.65
764.8 -64.99
765.2 -66.83
765.6 -66.15
766.0 -66.86
766.4 -66.6
766.8 -66.72
767.2 -66.02
767.6 -65.9
768.0 -65.93
768.4 -66.28
768.8 -66.74
769.2 -67.76
769.6 -66.03
770.0 -65.84
770.4 -64.91
770.8 -65.35
771.2 -67.36
771.6 -65.38
772.0 -65.86
772.4 -65.75
772.8 -65.75
773.2 -66.21
773.6 -65.51
774.0 -66.2
774.4 -65.26
774.8 -65.5
775.2 -64.49
775.6 -66.24
776.0 -65.32
776.4 -65.92
776.8 -65.13
777.2 -65.29
777.6 -67.28
778.0 -64.99
778.4 -65.41
778.8 -66.06
779.2 -65.05
779.6 -65.83
780.0 -64.77
780.4 -66.34
780.8 -65.17
781.2 -64.98
781.6 -65.63
782.0 -66.24
782.4 -65.19
782.8 -64.59
783.2 -65.35
783.6 -65.52
784.0 -65.66
784.4 -65.8
784.8 -66.14
785.2 -65.98
785.6 -66.31
786.0 -64.95
786.4 -65.36
786.8 -65.43
787.2 -66.05
787.6 -65.53
788.0 -66.05
788.4 -65.63
788.8 -65.74
789.2 -66.0
789.6 -65.35
790.0 -65.02
790.4 -65.14
790.8 -65.84
791.2 -65.68
791.6 -64.7
792.0 -65.36
792.4 -66.7
792.8 -65.19
793.2 -64.75
793.6 -65.74
794.0 -65.02
794.4 -65.59
794.8 -65.34
795.2 -64.27
795.6 -64.31
796.0 -65.72
796.4 -64.91
796.8 -64.7
797.2 -65.39
797.6 -65.22
798.0 -64.78
798.4 -64.96
798.8 -65.11
799.2 -65.49
799.6 -63.83
800.0 -65.24
800.4 -65.17
800.8 -65.66
801.2 -65.38
801.6 -64.99
802.0 -64.77
802.4 -65.38
802.8 -65.46
803.2 -64.41
803.6 -65.06
804.0 -63.8
804.4 -64.67
804.8 -65.13
805.2 -63.69
805.6 -63.61
806.0 -63.34
806.4 -61.45
806.8 -57.82
807.2 -54.19
807.6 -50.17
808.0 -48.7
808.4 -49.73
808.8 -50.29
809.2 -53.92
809.6 -61.42
810.0 -63.44
810.4 -64.03
810.8 -65.04
811.2 -65.19
811.6 -65.08
812.0 -65.18
812.4 -64.72
812.8 -64.71
813.2 -65.11
813.6 -65.12
814.0 -65.12
814.4 -65.42
814.8 -64.03
815.2 -65.11
815.6 -65.24
816.0 -65.16
816.4 -65.23
816.8 -65.04
817.2 -64.3
817.6 -64.08
818.0 -64.44
818.4 -64.07
818.8 -65.14
819.2 -64.71
819.6 -64.44
820.0 -64.06
820.4 -64.97
820.8 -64.68
821.2 -64.53
821.6 -65.23
822.0 -63.99
822.4 -64.6
822.8 -64.48
823.2 -64.48
823.6 -65.12
824.0 -64.85
824.4 -65.24
824.8 -64.88
825.2 -64.81
825.6 -64.46
826.0 -64.9
826.4 -64.23
826.8 -65.31
827.2 -64.26
827.6 -64.14
828.0 -63.65
828.4 -64.75
828.8 -64.76
829.2 -64.11
829.6 -64.37
830.0 -63.5
830.4 -64.25
830.8 -63.97
831.2 -64.42
831.6 -64.04
832.0 -64.05
832.4 -64.16
832.8 -64.35
833.2 -63.71
833.6 -63.86
834.0 -64.09
834.4 -63.47
834.8 -63.95
835.2 -64.1
835.6 -63.78
836.0 -64.12
836.4 -64.17
836.8 -63.9
837.2 -63.33
837.6 -63.51
838.0 -63.42
838.4 -63.94
838.8 -63.86
839.2 -63.72
839.6 -64.11
840.0 -64.45
840.4 -63.72
840.8 -63.64
841.2 -63.42
841.6 -64.18
842.0 -63.74
842.4 -63.73
842.8 -63.38
843.2 -63.83
843.6 -63.32
844.0 -63.96
844.4 -63.49
844.8 -63.77
845.2 -63.24
845.6 -63.81
846.0 -63.35
846.4 -63.57
846.8 -63.45
847.2 -63.49
847.6 -63.59
848.0 -63.34
848.4 -62.98
848.8 -63.23
849.2 -63.41
849.6 -63.05
850.0 -63.19
850.4 -63.37
850.8 -63.58
851.2 -63.26
851.6 -63.49
852.0 -63.52
852.4 -63.52
852.8 -63.39
853.2 -63.41
853.6 -63.27
854.0 -63.26
854.4 -62.89
854.8 -63.21
855.2 -63.48
855.6 -63.37
856.0 -63.36
856.4 -62.55
856.8 -63.06
857.2 -62.65
857.6 -63.68
858.0 -62.77
858.4 -63.19
858.8 -63.04
859.2 -62.94
859.6 -62.46
860.0 -63.2
860.4 -62.85
860.8 -62.79
861.2 -62.73
861.6 -62.85
862.0 -63.26
862.4 -62.79
862.8 -62.97
863.2 -62.78
863.6 -62.83
864.0 -63.11
864.4 -62.95
864.8 -62.63
865.2 -62.79
865.6 -63.05
866.0 -62.78
866.4 -62.34
866.8 -62.66
867.2 -62.67
867.6 -62.18
868.0 -62.58
868.4 -62.43
868.8 -62.71
869.2 -62.75
869.6 -62.56
870.0 -62.55
870.4 -62.66
870.8 -62.45
871.2 -62.44
871.6 -62.35
872.0 -62.57
872.4 -62.9
872.8 -62.25
873.2 -62.13
873.6 -62.24
874.0 -62.3
874.4 -62.5
874.8 -62.03
875.2 -62.38
875.6 -62.24
876.0 -62.13
876.4 -62.16
876.8 -62.31
877.2 -62.25
877.6 -62.5
878.0 -62.27
878.4 -62.24
878.8 -62.07
879.2 -61.84
879.6 -62.22
880.0 -62.14
880.4 -61.91
880.8 -62.03
881.2 -61.79
881.6 -62.13
882.0 -62.09
882.4 -62.24
882.8 -62.06
883.2 -61.97
883.6 -62.19
884.0 -62.74
884.4 -62.35
884.8 -62.0
885.2 -61.65
885.6 -61.61
886.0 -62.05
886.4 -61.81
886.8 -61.97
887.2 -61.9
887.6 -61.88
888.0 -61.7
888.4 -61.74
888.8 -61.97
889.2 -62.45
889.6 -61.61
890.0 -61.78
890.4 -61.81
890.8 -61.67
891.2 -61.66
891.6 -61.73
892.0 -61.6
892.4 -61.54
892.8 -61.54
893.2 -61.62
893.6 -61.5
894.0 -61.49
894.4 -61.57
894.8 -61.39
895.2 -61.6
895.6 -61.74
896.0 -61.79
896.4 -61.71
896.8 -61.61
897.2 -61.72
897.6 -61.45
898.0 -61.89
898.4 -61.57
898.8 -61.49
899.2 -61.57
899.6 -61.26
900.0 -61.22
900.4 -61.86
900.8 -61.32
901.2 -61.29
901.6 -61.65
902.0 -61.41
902.4 -61.59
902.8 -61.44
903.2 -61.01
903.6 -61.6
904.0 -61.61
904.4 -61.46
904.8 -61.33
905.2 -61.41
905.6 -61.74
906.0 -61.4
906.4 -61.19
906.8 -61.0
907.2 -61.24
907.6 -60.98
908.0 -61.24
908.4 -61.22
908.8 -61.0
909.2 -61.16
909.6 -61.24
910.0 -61.05
910.4 -61.12
910.8 -61.0
911.2 -61.0
911.6 -60.88
912.0 -60.79
912.4 -61.01
912.8 -60.85
913.2 -60.75
913.6 -60.87
914.0 -60.72
914.4 -61.16
914.8 -60.45
915.2 -60.86
915.6 -60.44
916.0 -60.83
916.4 -60.93
916.8 -60.84
917.2 -60.66
917.6 -60.58
918.0 -60.65
918.4 -60.46
918.8 -60.54
919.2 -60.27
919.6 -60.77
920.0 -60.49
920.4 -60.45
920.8 -60.31
921.2 -60.29
921.6 -60.41
922.0 -60.23
922.4 -60.2
922.8 -60.18
923.2 -60.32
923.6 -60.3
924.0 -60.26
924.4 -60.4
924.8 -60.2
925.2 -60.01
925.6 -60.26
926.0 -59.82
926.4 -60.48
926.8 -60.04
927.2 -60.03
927.6 -60.04
928.0 -60.06
928.4 -59.82
928.8 -60.2
929.2 -59.9
929.6 -59.76
930.0 -59.89
930.4 -59.94
930.8 -59.96
931.2 -59.91
931.6 -59.84
932.0 -59.62
932.4 -59.97
932.8 -59.64
933.2 -59.83
933.6 -59.67
934.0 -59.49
934.4 -59.89
934.8 -59.69
935.2 -59.77
935.6 -59.59
936.0 -59.46
936.4 -59.59
936.8 -59.6
937.2 -59.74
937.6 -59.7
938.0 -59.65
938.4 -59.47
938.8 -59.78
939.2 -59.54
939.6 -59.71
940.0 -59.69
940.4 -59.76
940.8 -59.65
941.2 -59.52
941.6 -59.69
942.0 -59.46
942.4 -59.56
942.8 -59.5
943.2 -59.53
943.6 -59.39
944.0 -59.47
944.4 -59.25
944.8 -59.07
945.2 -59.14
945.6 -59.49
946.0 -59.11
946.4 -59.33
946.8 -59.26
947.2 -59.11
947.6 -59.1
948.0 -59.13
948.4 -59.25
948.8 -59.08
949.2 -59.06
949.6 -59.08
950.0 -59.04
950.4 -58.94
950.8 -59.04
951.2 -59.06
951.6 -59.16
952.0 -59.11
952.4 -59.03
952.8 -59.11
953.2 -58.84
953.6 -58.95
954.0 -59.01
954.4 -58.96
954.8 -58.92
955.2 -58.86
955.6 -58.97
956.0 -58.95
956.4 -59.0
956.8 -58.99
957.2 -58.74
957.6 -58.9
958.0 -58.9
958.4 -58.84
958.8 -58.72
959.2 -58.82
959.6 -58.71
960.0 -58.76
960.4 -58.79
960.8 -58.8
961.2 -58.65
961.6 -58.67
962.0 -58.6
962.4 -58.59
962.8 -58.4
963.2 -58.47
963.6 -58.33
964.0 -58.39
964.4 -58.34
964.8 -58.51
965.2 -58.38
965.6 -58.25
966.0 -58.27
966.4 -58.58
966.8 -58.39
967.2 -58.52
967.6 -58.38
968.0 -58.44
968.4 -58.4
968.8 -58.42
969.2 -58.38
969.6 -58.36
970.0 -58.27
970.4 -58.45
970.8 -58.42
971.2 -58.49
971.6 -58.44
972.0 -58.34
972.4 -58.58
972.8 -58.52
973.2 -58.52
973.6 -58.57
974.0 -58.47
974.4 -58.65
974.8 -58.51
975.2 -58.73
975.6 -58.7
976.0 -58.74
976.4 -58.6
976.8 -58.68
977.2 -58.85
977.6 -58.77
978.0 -58.72
978.4 -58.84
978.8 -58.82
979.2 -58.73
979.6 -58.83
980.0 -58.75
980.4 -58.66
980.8 -58.74
981.2 -58.75
981.6 -58.65
982.0 -58.56
982.4 -58.52
982.8 -58.54
983.2 -58.33
983.6 -58.5
984.0 -58.32
984.4 -58.33
984.8 -58.19
985.2 -58.21
985.6 -58.21
986.0 -58.03
986.4 -58.02
986.8 -58.1
987.2 -57.93
987.6 -57.88
988.0 -57.9
988.4 -58.0
988.8 -57.9
989.2 -57.82
989.6 -57.85
990.0 -57.87
990.4 -57.8
990.8 -57.84
991.2 -57.74
991.6 -57.78
992.0 -57.76
992.4 -57.81
992.8 -57.76
993.2 -57.61
993.6 -57.65
994.0 -57.58
994.4 -57.6
994.8 -57.73
995.2 -57.59
995.6 -57.64
996.0 -57.69
996.4 -57.78
996.8 -57.78
997.2 -57.75
997.6 -57.83
998.0 -57.81
998.4 -57.91
998.8 -57.93
999.2 -57.87
999.6 -57.82
1000.0 -57.83
