600.0 -69.36
600.4 -210.0
600.8 -73.77
601.2 -81.2
601.6 -79.46
602.0 -77.28
602.4 -71.06
602.8 -76.53
603.2 -74.79
603.6 -78.34
604.0 -72.35
604.4 -69.94
604.8 -210.0
605.2 -70.32
605.6 -75.46
606.0 -78.5
606.4 -76.76
606.8 -68.78
607.2 -81.59
607.6 -84.63
608.0 -210.0
608.4 -71.06
608.8 -76.92
609.2 -210.0
609.6 -210.0
610.0 -70.3
610.4 -71.19
610.8 -71.02
611.2 -73.38
611.6 -210.0
612.0 -71.28
612.4 -73.46
612.8 -81.94
613.2 -210.0
613.6 -70.22
614.0 -71.79
614.4 -71.06
614.8 -68.34
615.2 -69.52
615.6 -73.34
616.0 -70.66
616.4 -72.15
616.8 -69.61
617.2 -71.23
617.6 -210.0
618.0 -210.0
618.4 -210.0
618.8 -72.29
619.2 -70.41
619.6 -70.57
620.0 -76.33
620.4 -72.39
620.8 -210.0
621.2 -210.0
621.6 -70.15
622.0 -80.72
622.4 -70.74
622.8 -72.32
623.2 -210.0
623.6 -75.18
624.0 -69.82
624.4 -76.1
624.8 -82.66
625.2 -73.65
625.6 -79.69
626.0 -210.0
626.4 -82.76
626.8 -73.01
627.2 -75.4
627.6 -78.86
628.0 -70.3
628.4 -72.09
628.8 -69.48
629.2 -68.15
629.6 -75.17
630.0 -70.81
630.4 -210.0
630.8 -72.63
631.2 -73.08
631.6 -73.11
632.0 -86.15
632.4 -71.4
632.8 -69.22
633.2 -73.68
633.6 -69.53
634.0 -70.16
634.4 -73.31
634.8 -72.37
635.2 -72.06
635.6 -74.64
636.0 -70.52
636.4 -69.48
636.8 -73.27
637.2 -70.96
637.6 -68.56
638.0 -71.81
638.4 -71.17
638.8 -69.4
639.2 -68.48
639.6 -71.79
640.0 -71.17
640.4 -72.63
640.8 -71.9
641.2 -70.22
641.6 -70.97
642.0 -71.73
642.4 -70.52
642.8 -70.66
643.2 -69.39
643.6 -68.87
644.0 -69.69
644.4 -72.08
644.8 -69.05
645.2 -69.88
645.6 -69.32
646.0 -68.14
646.4 -68.68
646.8 -68.32
647.2 -70.14
647.6 -69.16
648.0 -69.82
648.4 -70.77
648.8 -70.29
649.2 -70.58
649.6 -69.09
650.0 -69.42
650.4 -70.06
650.8 -68.17
651.2 -72.57
651.6 -70.3
652.0 -68.28
652.4 -69.44
652.8 -69.0
653.2 -68.83
653.6 -68.2
654.0 -69.07
654.4 -70.32
654.8 -69.08
655.2 -69.02
655.6 -69.2
656.0 -68.63
656.4 -68.53
656.8 -68.86
657.2 -69.55
657.6 -68.23
658.0 -67.38
658.4 -68.33
658.8 -68.99
659.2 -67.19
659.6 -70.96
660.0 -68.25
660.4 -68.72
660.8 -67.05
661.2 -72.64
661.6 -67.24
662.0 -68.35
662.4 -68.66
662.8 -68.2
663.2 -68.11
663.6 -67.05
664.0 -69.37
664.4 -68.77
664.8 -67.65
665.2 -68.83
665.6 -68.3
666.0 -68.56
666.4 -67.92
666.8 -67.53
667.2 -67.4
667.6 -68.15
668.0 -68.25
668.4 -67.4
668.8 -67.65
669.2 -67.65
669.6 -69.18
670.0 -68.19
670.4 -67.95
670.8 -69.1
671.2 -68.23
671.6 -67.11
672.0 -68.12
672.4 -69.15
672.8 -67.66
673.2 -68.02
673.6 -67.16
674.0 -69.58
674.4 -67.23
674.8 -67.72
675.2 -68.55
675.6 -67.64
676.0 -66.66
676.4 -66.83
676.8 -68.03
677.2 -67.88
677.6 -66.86
678.0 -67.19
678.4 -67.92
678.8 -67.38
679.2 -69.27
679.6 -67.22
680.0 -66.9
680.4 -67.81
680.8 -67.58
681.2 -67.36
681.6 -68.12
682.0 -67.39
682.4 -66.62
682.8 -66.75
683.2 -68.51
683.6 -67.08
684.0 -66.97
684.4 -67.44
684.8 -67.44
685.2 -67.02
685.6 -68.07
686.0 -66.64
686.4 -68.21
686.8 -66.96
687.2 -66.39
687.6 -67.32
688.0 -66.35
688.4 -66.94
688.8 -66.87
689.2 -67.42
689.6 -66.97
690.0 -66.32
690.4 -66.84
690.8 -67.23
691.2 -67.1
691.6 -66.87
692.0 -66.42
692.4 -66.81
692.8 -66.52
693.2 -66.72
693.6 -66.69
694.0 -68.15
694.4 -68.09
694.8 -67.7
695.2 -65.98
695.6 -66.3
696.0 -66.95
696.4 -67.19
696.8 -66.75
697.2 -67.01
697.6 -66.14
698.0 -66.13
698.4 -67.59
698.8 -66.79
699.2 -66.45
699.6 -66.78
700.0 -66.27
700.4 -65.34
700.8 -65.99
701.2 -66.25
701.6 -66.35
702.0 -66.31
702.4 -66.06
702.8 -66.37
703.2 -66.08
703.6 -66.25
704.0 -65.94
704.4 -66.48
704.8 -66.3
705.2 -67.1
705.6 -66.47
706.0 -67.58
706.4 -66.2
706.8 -66.38
707.2 -65.32
707.6 -66.55
708.0 -67.06
708.4 -65.59
708.8 -66.49
709.2 -65.64
709.6 -66.75
710.0 -65.6
710.4 -66.9
710.8 -66.14
711.2 -66.61
711.6 -67.05
712.0 -66.0
712.4 -66.13
712.8 -66.26
713.2 -66.02
713.6 -67.48
714.0 -66.11
714.4 -66.14
714.8 -66.24
715.2 -65.73
715.6 -65.28
716.0 -65.63
716.4 -66.19
716.8 -66.48
717.2 -66.7
717.6 -66.11
718.0 -65.64
718.4 -65.86
718.8 -65.92
719.2 -66.37
719.6 -66.45
720.0 -65.81
720.4 -65.77
720.8 -66.28
721.2 -66.43
721.6 -65.57
722.0 -65.56
722.4 -65.47
722.8 -65.88
723.2 -65.81
723.6 -66.19
724.0 -65.64
724.4 -65.97
724.8 -65.35
725.2 -65.29
725.6 -65.82
726.0 -66.45
726.4 -65.31
726.8 -66.04
727.2 -65.61
727.6 -65.77
728.0 -65.86
728.4 -66.14
728.8 -65.43
729.2 -66.58
729.6 -65.02
730.0 -65.18
730.4 -65.74
730.8 -66.18
731.2 -66.44
731.6 -66.68
732.0 -67.01
732.4 -67.15
732.8 -65.89
733.2 -66.75
733.6 -65.64
734.0 -67.78
734.4 -66.15
734.8 -66.37
735.2 -66.26
735.6 -66.6
736.0 -65.43
736.4 -66.35
736.8 -67.11
737.2 -65.15
737.6 -66.08
738.0 -65.98
738.4 -65.51
738.8 -64.82
739.2 -66.33
739.6 -66.0
740.0 -66.44
740.4 -65.72
740.8 -65.92
741.2 -65.91
741.6 -65.51
742.0 -65.32
742.4 -66.39
742.8 -65.7
743.2 -66.23
743.6 -65.73
744.0 -65.55
744.4 -64.84
744.8 -66.14
745.2 -66.07
745.6 -65.45
746.0 -64.88
746.4 -65.48
746.8 -65.51
747.2 -65.02
747.6 -64.9
748.0 -66.05
748.4 -66.46
748.8 -65.09
749.2 -65.62
749.6 -65.4
750.0 -66.37
750.4 -66.03
750.8 -65.47
751.2 -66.4
751.6 -66.39
752.0 -65.52
752.4 -65.11
752.8 -66.1
753.2 -66.97
753.6 -65.63
754.0 -65.34
754.4 -66.47
754.8 -66.12
755.2 -66.22
755.6 -65.71
756.0 -65.37
756.4 -64.75
756.8 -65.8
757.2 -65.76
757.6 -65.61
758.0 -65.55
758.4 -65.15
758.8 -67.04
759.2 -65.11
759.6 -65.8
760.0 -64.53
760.4 -65.76
760.8 -66.6
761.2 -66.31
761.6 -66.19
762.0 -65.17
762.4 -66.07
762.8 -65.39
763.2 -66.02
763.6 -65.8
764.0 -66.88
764.4 -65.58
764.8 -65.6
765.2 -65.71
765.6 -65.33
766.0 -65.56
766.4 -65.32
766.8 -65.31
767.2 -64.77
767.6 -65.72
768.0 -65.44
768.4 -66.04
768.8 -65.81
769.2 -66.19
769.6 -65.7
770.0 -65.99
770.4 -65.48
770.8 -66.3
771.2 -66.06
771.6 -64.97
772.0 -66.09
772.4 -65.44
772.8 -64.96
773.2 -65.37
773.6 -64.5
774.0 -65.33
774.4 -65.23
774.8 -66.08
775.2 -65.97
775.6 -64.77
776.0 -65.45
776.4 -65.13
776.8 -65.59
777.2 -65.32
777.6 -65.66
778.0 -64.67
778.4 -64.75
778.8 -65.31
779.2 -65.09
779.6 -64.99
780.0 -65.47
780.4 -65.5
780.8 -64.86
781.2 -64.95
781.6 -64.73
782.0 -64.94
782.4 -65.49
782.8 -66.24
783.2 -65.92
783.6 -65.31
784.0 -65.66
784.4 -65.59
784.8 -64.98
785.2 -64.54
785.6 -65.01
786.0 -66.31
786.4 -66.05
786.8 -64.97
787.2 -64.59
787.6 -65.16
788.0 -65.07
788.4 -64.61
788.8 -64.75
789.2 -65.03
789.6 -64.72
790.0 -64.4
790.4 -65.51
790.8 -65.11
791.2 -65.68
791.6 -65.83
792.0 -64.7
792.4 -65.23
792.8 -64.93
793.2 -64.66
793.6 -66.26
794.0 -64.54
794.4 -65.14
794.8 -64.8
795.2 -65.45
795.6 -64.82
796.0 -64.67
796.4 -64.64
796.8 -64.26
797.2 -65.06
797.6 -65.98
798.0 -65.03
798.4 -64.43
798.8 -64.92
799.2 -64.68
799.6 -64.43
800.0 -63.92
800.4 -64.5
800.8 -63.82
801.2 -65.21
801.6 -64.62
802.0 -64.57
802.4 -64.26
802.8 -64.19
803.2 -63.65
803.6 -64.55
804.0 -64.02
804.4 -64.7
804.8 -64.79
805.2 -64.5
805.6 -63.89
806.0 -62.8
806.4 -60.75
806.8 -57.59
807.2 -54.01
807.6 -49.89
808.0 -48.55
808.4 -49.5
808.8 -50.04
809.2 -54.11
809.6 -61.25
810.0 -63.31
810.4 -63.85
810.8 -64.14
811.2 -63.86
811.6 -63.95
812.0 -64.34
812.4 -64.67
812.8 -63.87
813.2 -63.79
813.6 -64.29
814.0 -64.42
814.4 -64.1
814.8 -64.75
815.2 -63.79
815.6 -63.78
816.0 -64.17
816.4 -64.09
816.8 -64.36
817.2 -64.17
817.6 -64.57
818.0 -65.22
818.4 -63.83
818.8 -63.4
819.2 -64.09
819.6 -63.78
820.0 -64.49
820.4 -64.07
820.8 -63.81
821.2 -64.47
821.6 -63.98
822.0 -63.36
822.4 -64.01
822.8 -63.79
823.2 -64.63
823.6 -64.12
824.0 -63.98
824.4 -64.05
824.8 -64.14
825.2 -63.88
825.6 -64.24
826.0 -64.5
826.4 -63.89
826.8 -63.67
827.2 -63.46
827.6 -63.62
828.0 -64.61
828.4 -63.9
828.8 -64.04
829.2 -63.41
829.6 -63.96
830.0 -63.97
830.4 -63.29
830.8 -63.45
831.2 -63.54
831.6 -63.19
832.0 -63.38
832.4 -63.48
832.8 -63.41
833.2 -63.64
833.6 -63.09
834.0 -63.5
834.4 -63.23
834.8 -63.31
835.2 -63.37
835.6 -63.07
836.0 -63.32
836.4 -62.95
836.8 -63.15
837.2 -63.36
837.6 -63.31
838.0 -62.89
838.4 -63.16
838.8 -63.45
839.2 -63.24
839.6 -63.51
840.0 -63.17
840.4 -63.42
840.8 -62.91
841.2 -63.17
841.6 -63.31
842.0 -63.62
842.4 -63.83
842.8 -63.19
843.2 -63.33
843.6 -62.87
844.0 -63.01
844.4 -63.69
844.8 -63.34
845.2 -63.4
845.6 -63.14
846.0 -63.45
846.4 -62.58
846.8 -63.52
847.2 -62.88
847.6 -63.34
848.0 -62.83
848.4 -63.69
848.8 -63.39
849.2 -62.78
849.6 -63.01
850.0 -63.03
850.4 -63.04
850.8 -63.24
851.2 -63.44
851.6 -62.5
852.0 -63.34
852.4 -63.24
852.8 -63.66
853.2 -63.05
853.6 -63.51
854.0 -62.84
854.4 -63.1
854.8 -63.22
855.2 -63.03
855.6 -63.21
856.0 -63.08
856.4 -62.88
856.8 -63.36
857.2 -63.08
857.6 -63.16
858.0 -63.16
858.4 -63.44
858.8 -63.73
859.2 -63.26
859.6 -63.39
860.0 -63.15
860.4 -62.73
860.8 -62.7
861.2 -63.3
861.6 -63.2
862.0 -62.95
862.4 -63.31
862.8 -63.02
863.2 -63.45
863.6 -63.18
864.0 -63.24
864.4 -62.86
864.8 -63.36
865.2 -62.79
865.6 -63.33
866.0 -63.14
866.4 -62.76
866.8 -63.29
867.2 -63.01
867.6 -62.92
868.0 -62.99
868.4 -62.84
868.8 -63.34
869.2 -63.33
869.6 -62.9
870.0 -63.04
870.4 -62.79
870.8 -63.1
871.2 -63.01
871.6 -62.91
872.0 -62.86
872.4 -62.85
872.8 -63.23
873.2 -62.83
873.6 -63.17
874.0 -63.11
874.4 -63.35
874.8 -62.74
875.2 -62.72
875.6 -62.65
876.0 -62.52
876.4 -63.3
876.8 -63.16
877.2 -62.92
877.6 -62.47
878.0 -62.57
878.4 -62.53
878.8 -62.97
879.2 -62.58
879.6 -62.35
880.0 -62.96
880.4 -62.72
880.8 -62.75
881.2 -62.98
881.6 -62.44
882.0 -62.56
882.4 -62.39
882.8 -62.78
883.2 -62.66
883.6 -62.38
884.0 -62.5
884.4 -62.53
884.8 -62.96
885.2 -62.44
885.6 -63.29
886.0 -62.68
886.4 -63.07
886.8 -62.37
887.2 -62.13
887.6 -62.82
888.0 -62.64
888.4 -62.34
888.8 -62.6
889.2 -62.61
889.6 -62.3
890.0 -62.95
890.4 -62.42
890.8 -62.88
891.2 -62.78
891.6 -62.9
892.0 -62.83
892.4 -62.52
892.8 -62.65
893.2 -62.32
893.6 -62.59
894.0 -62.39
894.4 -62.47
894.8 -62.47
895.2 -62.57
895.6 -62.33
896.0 -62.3
896.4 -62.9
896.8 -62.4
897.2 -63.12
897.6 -62.82
898.0 -62.95
898.4 -62.83
898.8 -62.1
899.2 -62.9
899.6 -62.78
900.0 -62.81
900.4 -62.82
900.8 -62.33
901.2 -62.7
901.6 -62.31
902.0 -62.24
902.4 -62.57
902.8 -62.28
903.2 -62.17
903.6 -62.52
904.0 -62.27
904.4 -62.48
904.8 -62.73
905.2 -62.58
905.6 -62.77
906.0 -62.32
906.4 -62.53
906.8 -62.34
907.2 -62.46
907.6 -62.51
908.0 -62.85
908.4 -62.56
908.8 -62.56
909.2 -62.38
909.6 -62.23
910.0 -62.41
910.4 -62.45
910.8 -62.55
911.2 -62.37
911.6 -62.58
912.0 -62.22
912.4 -62.21
912.8 -62.15
913.2 -62.19
913.6 -62.2
914.0 -62.29
914.4 -62.01
914.8 -62.31
915.2 -62.25
915.6 -62.45
916.0 -62.17
916.4 -62.3
916.8 -61.91
917.2 -62.06
917.6 -61.95
918.0 -62.23
918.4 -61.94
918.8 -62.14
919.2 -61.89
919.6 -62.05
920.0 -61.88
920.4 -61.93
920.8 -61.84
921.2 -62.17
921.6 -61.85
922.0 -61.92
922.4 -61.99
922.8 -61.87
923.2 -61.84
923.6 -61.74
924.0 -61.96
924.4 -61.56
924.8 -61.84
925.2 -61.59
925.6 -61.78
926.0 -61.73
926.4 -61.83
926.8 -61.73
927.2 -61.51
927.6 -61.72
928.0 -61.75
928.4 -61.55
928.8 -61.47
929.2 -61.83
929.6 -61.59
930.0 -61.45
930.4 -61.71
930.8 -61.52
931.2 -61.82
931.6 -61.64
932.0 -61.56
932.4 -61.71
932.8 -61.81
933.2 -61.87
933.6 -61.77
934.0 -61.85
934.4 -61.92
934.8 -61.8
935.2 -61.66
935.6 -61.77
936.0 -61.67
936.4 -61.73
936.8 -62.0
937.2 -61.8
937.6 -62.09
938.0 -61.7
938.4 -61.83
938.8 -61.97
939.2 -61.82
939.6 -61.69
940.0 -61.8
940.4 -61.8
940.8 -61.85
941.2 -61.51
941.6 -61.73
942.0 -61.69
942.4 -61.76
942.8 -61.68
943.2 -61.61
943.6 -61.62
944.0 -61.65
944.4 -61.76
944.8 -61.22
945.2 -61.58
945.6 -61.68
946.0 -61.5
946.4 -61.52
946.8 -61.57
947.2 -61.69
947.6 -61.67
948.0 -61.71
948.4 -61.64
948.8 -61.52
949.2 -61.57
949.6 -61.67
950.0 -61.64
950.4 -61.72
950.8 -61.4
951.2 -61.77
951.6 -61.51
952.0 -61.52
952.4 -61.32
952.8 -61.76
953.2 -61.58
953.6 -61.76
954.0 -61.83
954.4 -61.78
954.8 -61.61
955.2 -61.68
955.6 -61.64
956.0 -61.58
956.4 -61.66
956.8 -61.76
957.2 -61.78
957.6 -61.59
958.0 -61.46
958.4 -61.56
958.8 -61.68
959.2 -61.62
959.6 -61.65
960.0 -61.66
960.4 -61.6
960.8 -61.62
961.2 -61.33
961.6 -61.55
962.0 -61.3
962.4 -61.13
962.8 -61.23
963.2 -61.35
963.6 -61.42
964.0 -61.46
964.4 -61.25
964.8 -61.33
965.2 -61.32
965.6 -61.28
966.0 -61.15
966.4 -61.46
966.8 -61.36
967.2 -61.31
967.6 -61.47
968.0 -61.24
968.4 -61.33
968.8 -61.41
969.2 -61.31
969.6 -61.39
970.0 -61.46
970.4 -61.67
970.8 -61.48
971.2 -61.36
971.6 -61.41
972.0 -61.52
972.4 -61.57
972.8 -61.5
973.2 -61.57
973.6 -61.74
974.0 -61.67
974.4 -61.62
974.8 -61.67
975.2 -61.68
975.6 -61.82
976.0 -61.69
976.4 -61.91
976.8 -61.96
977.2 -61.84
977.6 -61.78
978.0 -61.93
978.4 -61.65
978.8 -61.75
979.2 -61.64
979.6 -61.83
980.0 -61.62
980.4 -61.7
980.8 -61.8
981.2 -61.5
981.6 -61.65
982.0 -61.4
982.4 -61.33
982.8 -61.1
983.2 -61.03
983.6 -61.19
984.0 -61.07
984.4 -61.13
984.8 -61.0
985.2 -60.91
985.6 -60.83
986.0 -60.88
986.4 -60.8
986.8 -60.49
987.2 -60.78
987.6 -60.67
988.0 -60.61
988.4 -60.57
988.8 -60.48
989.2 -60.48
989.6 -60.4
990.0 -60.4
990.4 -60.69
990.8 -60.42
991.2 -60.45
991.6 -60.45
992.0 -60.35
992.4 -60.45
992.8 -60.26
993.2 -60.37
993.6 -60.23
994.0 -60.23
994.4 -60.28
994.8 -60.31
995.2 -60.25
995.6 -60.08
996.0 -60.07
996.4 -60.13
996.8 -60.37
997.2 -60.2
997.6 -60.32
998.0 -60.33
998.4 -60.35
998.8 -60.37
999.2 -60.31
999.6 -60.37
1000.0 -60.41
