600.0 -210.0
600.4 -210.0
600.8 -71.88
601.2 -69.89
601.6 -210.0
602.0 -210.0
602.4 -210.0
602.8 -71.53
603.2 -78.31
603.6 -210.0
604.0 -72.09
604.4 -76.63
604.8 -79.67
605.2 -75.43
605.6 -72.19
606.0 -76.07
606.4 -74.55
606.8 -210.0
607.2 -210.0
607.6 -78.6
608.0 -71.43
608.4 -72.63
608.8 -210.0
609.2 -210.0
609.6 -210.0
610.0 -75.74
610.4 -210.0
610.8 -210.0
611.2 -80.07
611.6 -74.88
612.0 -70.27
612.4 -71.12
612.8 -71.52
613.2 -210.0
613.6 -210.0
614.0 -73.55
614.4 -71.06
614.8 -82.06
615.2 -76.63
615.6 -82.1
616.0 -210.0
616.4 -85.16
616.8 -70.4
617.2 -80.43
617.6 -210.0
618.0 -210.0
618.4 -70.65
618.8 -80.52
619.2 -210.0
619.6 -69.43
620.0 -210.0
620.4 -73.09
620.8 -70.94
621.2 -210.0
621.6 -80.69
622.0 -210.0
622.4 -72.29
622.8 -75.55
623.2 -73.52
623.6 -72.81
624.0 -210.0
624.4 -69.41
624.8 -71.69
625.2 -210.0
625.6 -74.92
626.0 -80.97
626.4 -210.0
626.8 -210.0
627.2 -82.81
627.6 -85.85
628.0 -81.09
628.4 -75.48
628.8 -77.46
629.2 -74.47
629.6 -210.0
630.0 -81.22
630.4 -210.0
630.8 -69.82
631.2 -70.64
631.6 -74.65
632.0 -210.0
632.4 -73.87
632.8 -75.07
633.2 -80.21
633.6 -71.07
634.0 -81.51
634.4 -77.28
634.8 -75.93
635.2 -74.61
635.6 -77.37
636.0 -76.44
636.4 -73.68
636.8 -77.46
637.2 -73.3
637.6 -76.14
638.0 -73.16
638.4 -70.59
638.8 -210.0
639.2 -72.36
639.6 -210.0
640.0 -83.73
640.4 -72.8
640.8 -79.03
641.2 -73.42
641.6 -77.34
642.0 -210.0
642.4 -77.41
642.8 -73.57
643.2 -72.55
643.6 -75.02
644.0 -75.05
644.4 -210.0
644.8 -72.26
645.2 -74.65
645.6 -71.93
646.0 -72.36
646.4 -72.84
646.8 -73.21
647.2 -79.6
647.6 -75.12
648.0 -84.45
648.4 -75.73
648.8 -72.35
649.2 -210.0
649.6 -76.47
650.0 -72.43
650.4 -75.57
650.8 -75.85
651.2 -75.32
651.6 -80.64
652.0 -75.58
652.4 -75.33
652.8 -73.83
653.2 -73.01
653.6 -71.73
654.0 -72.73
654.4 -210.0
654.8 -72.34
655.2 -72.74
655.6 -70.75
656.0 -72.22
656.4 -74.66
656.8 -75.9
657.2 -70.95
657.6 -77.68
658.0 -70.95
658.4 -80.69
658.8 -75.64
659.2 -71.89
659.6 -70.96
660.0 -76.23
660.4 -73.72
660.8 -74.91
661.2 -70.71
661.6 -75.14
662.0 -210.0
662.4 -71.26
662.8 -79.24
663.2 -75.39
663.6 -74.91
664.0 -76.56
664.4 -70.21
664.8 -78.66
665.2 -72.51
665.6 -79.24
666.0 -74.91
666.4 -81.67
666.8 -72.01
667.2 -73.22
667.6 -73.22
668.0 -72.78
668.4 -71.78
668.8 -79.24
669.2 -76.23
669.6 -76.9
670.0 -73.71
670.4 -72.63
670.8 -72.49
671.2 -75.12
671.6 -70.04
672.0 -73.19
672.4 -72.1
672.8 -72.21
673.2 -70.02
673.6 -71.86
674.0 -72.87
674.4 -78.61
674.8 -71.3
675.2 -71.2
675.6 -72.45
676.0 -71.94
676.4 -69.84
676.8 -210.0
677.2 -71.93
677.6 -70.37
678.0 -73.29
678.4 -71.81
678.8 -72.54
679.2 -68.9
679.6 -72.82
680.0 -73.61
680.4 -71.46
680.8 -70.5
681.2 -69.06
681.6 -70.32
682.0 -71.02
682.4 -70.74
682.8 -69.28
683.2 -210.0
683.6 -76.07
684.0 -76.4
684.4 -72.75
684.8 -72.21
685.2 -75.75
685.6 -71.72
686.0 -71.71
686.4 -69.24
686.8 -71.06
687.2 -71.06
687.6 -70.67
688.0 -70.41
688.4 -70.4
688.8 -76.68
689.2 -72.69
689.6 -73.32
690.0 -71.02
690.4 -72.0
690.8 -71.01
691.2 -72.38
691.6 -69.05
692.0 -71.19
692.4 -71.18
692.8 -72.94
693.2 -69.21
693.6 -70.59
694.0 -70.07
694.4 -70.48
694.8 -72.91
695.2 -74.37
695.6 -69.31
696.0 -71.34
696.4 -69.36
696.8 -71.79
697.2 -69.35
697.6 -74.79
698.0 -70.43
698.4 -77.78
698.8 -74.32
699.2 -70.69
699.6 -72.26
700.0 -69.24
700.4 -72.98
700.8 -71.61
701.2 -71.16
701.6 -70.3
702.0 -74.49
702.4 -71.35
702.8 -70.93
703.2 -69.55
703.6 -70.63
704.0 -73.63
704.4 -71.55
704.8 -70.08
705.2 -73.42
705.6 -70.15
706.0 -70.31
706.4 -70.13
706.8 -70.05
707.2 -68.93
707.6 -74.41
708.0 -71.5
708.4 -72.86
708.8 -69.25
709.2 -70.63
709.6 -72.69
710.0 -73.54
710.4 -75.11
710.8 -71.58
711.2 -73.72
711.6 -70.15
712.0 -73.52
712.4 -70.32
712.8 -68.93
713.2 -70.05
713.6 -70.39
714.0 -69.26
714.4 -71.31
714.8 -68.35
715.2 -68.83
715.6 -69.46
716.0 -72.62
716.4 -70.18
716.8 -72.17
717.2 -70.0
717.6 -70.74
718.0 -72.01
718.4 -69.0
718.8 -71.74
719.2 -71.26
719.6 -68.02
720.0 -210.0
720.4 -73.07
720.8 -68.58
721.2 -69.96
721.6 -69.33
722.0 -69.1
722.4 -71.97
722.8 -70.39
723.2 -69.77
723.6 -71.7
724.0 -68.68
724.4 -70.98
724.8 -71.43
725.2 -72.52
725.6 -71.31
726.0 -72.07
726.4 -70.96
726.8 -70.95
727.2 -68.59
727.6 -69.73
728.0 -69.41
728.4 -69.64
728.8 -69.03
729.2 -74.65
729.6 -69.8
730.0 -70.13
730.4 -69.96
730.8 -72.31
731.2 -70.6
731.6 -71.37
732.0 -69.22
732.4 -70.39
732.8 -72.01
733.2 -70.89
733.6 -70.68
734.0 -70.58
734.4 -74.35
734.8 -72.93
735.2 -70.09
735.6 -70.46
736.0 -74.11
736.4 -70.65
736.8 -68.69
737.2 -71.7
737.6 -69.02
738.0 -68.36
738.4 -70.06
738.8 -71.95
739.2 -67.94
739.6 -69.96
740.0 -70.13
740.4 -71.54
740.8 -70.32
741.2 -73.62
741.6 -69.29
742.0 -70.31
742.4 -69.86
742.8 -67.7
743.2 -71.92
743.6 -71.04
744.0 -68.9
744.4 -69.92
744.8 -68.19
745.2 -71.03
745.6 -69.57
746.0 -70.48
746.4 -69.83
746.8 -71.37
747.2 -71.75
747.6 -69.56
748.0 -68.81
748.4 -70.56
748.8 -69.31
749.2 -68.87
749.6 -74.49
750.0 -75.32
750.4 -72.98
750.8 -69.96
751.2 -70.05
751.6 -71.08
752.0 -72.78
752.4 -68.69
752.8 -69.19
753.2 -69.42
753.6 -67.81
754.0 -69.33
754.4 -68.53
754.8 -71.54
755.2 -69.9
755.6 -71.8
756.0 -69.15
756.4 -69.55
756.8 -69.71
757.2 -68.12
757.6 -72.88
758.0 -69.53
758.4 -70.88
758.8 -71.11
759.2 -69.85
759.6 -71.1
760.0 -69.17
760.4 -71.74
760.8 -68.94
761.2 -68.26
761.6 -70.62
762.0 -68.64
762.4 -70.2
762.8 -70.09
763.2 -72.0
763.6 -72.31
764.0 -67.92
764.4 -72.81
764.8 -67.91
765.2 -69.12
765.6 -68.97
766.0 -67.9
766.4 -69.04
766.8 -71.53
767.2 -70.05
767.6 -69.86
768.0 -72.96
768.4 -67.44
768.8 -71.0
769.2 -67.53
769.6 -71.94
770.0 -70.32
770.4 -69.4
770.8 -70.43
771.2 -69.65
771.6 -70.53
772.0 -71.77
772.4 -68.76
772.8 -68.42
773.2 -67.35
773.6 -69.56
774.0 -68.08
774.4 -75.07
774.8 -69.13
775.2 -71.48
775.6 -69.91
776.0 -67.77
776.4 -69.04
776.8 -67.6
777.2 -70.09
777.6 -69.37
778.0 -68.45
778.4 -70.18
778.8 -68.59
779.2 -68.39
779.6 -69.61
780.0 -68.72
780.4 -68.58
780.8 -67.93
781.2 -68.87
781.6 -68.57
782.0 -67.69
782.4 -67.25
782.8 -69.51
783.2 -69.67
783.6 -67.73
784.0 -70.46
784.4 -69.95
784.8 -71.56
785.2 -68.02
785.6 -70.56
786.0 -67.67
786.4 -68.83
786.8 -68.98
787.2 -68.68
787.6 -69.14
788.0 -68.4
788.4 -68.19
788.8 -70.33
789.2 -71.4
789.6 -68.0
790.0 -67.99
790.4 -66.86
790.8 -68.12
791.2 -71.25
791.6 -69.53
792.0 -67.51
792.4 -69.36
792.8 -68.1
793.2 -68.43
793.6 -67.23
794.0 -69.43
794.4 -68.22
794.8 -66.97
795.2 -66.59
795.6 -67.65
796.0 -68.41
796.4 -68.28
796.8 -69.68
797.2 -67.88
797.6 -69.49
798.0 -68.13
798.4 -70.36
798.8 -67.04
799.2 -68.68
799.6 -68.6
800.0 -67.92
800.4 -68.89
800.8 -67.8
801.2 -67.41
801.6 -67.75
802.0 -69.48
802.4 -67.52
802.8 -67.76
803.2 -67.15
803.6 -69.77
804.0 -66.96
804.4 -68.62
804.8 -67.27
805.2 -67.32
805.6 -66.2
806.0 -66.46
806.4 -64.21
806.8 -60.21
807.2 -56.43
807.6 -52.54
808.0 -51.03
808.4 -52.21
808.8 -52.6
809.2 -56.27
809.6 -64.23
810.0 -66.28
810.4 -67.06
810.8 -66.73
811.2 -68.91
811.6 -66.22
812.0 -68.29
812.4 -66.62
812.8 -68.23
813.2 -68.05
813.6 -66.83
814.0 -68.32
814.4 -66.7
814.8 -67.84
815.2 -67.73
815.6 -70.11
816.0 -67.8
816.4 -68.24
816.8 -68.24
817.2 -67.13
817.6 -67.34
818.0 -68.26
818.4 -66.34
818.8 -67.97
819.2 -67.42
819.6 -67.32
820.0 -69.0
820.4 -69.16
820.8 -68.03
821.2 -69.27
821.6 -68.91
822.0 -68.25
822.4 -67.92
822.8 -67.29
823.2 -66.42
823.6 -68.7
824.0 -66.96
824.4 -70.36
824.8 -69.26
825.2 -68.7
825.6 -68.04
826.0 -68.53
826.4 -67.95
826.8 -67.97
827.2 -67.82
827.6 -66.97
828.0 -68.61
828.4 -67.46
828.8 -67.62
829.2 -67.35
829.6 -67.26
830.0 -67.2
830.4 -69.9
830.8 -68.16
831.2 -68.6
831.6 -68.87
832.0 -66.95
832.4 -67.33
832.8 -68.71
833.2 -68.5
833.6 -67.99
834.0 -67.58
834.4 -69.22
834.8 -67.69
835.2 -66.8
835.6 -66.61
836.0 -67.09
836.4 -67.16
836.8 -67.74
837.2 -68.51
837.6 -67.62
838.0 -67.61
838.4 -67.51
838.8 -66.59
839.2 -68.11
839.6 -67.56
840.0 -66.43
840.4 -67.44
840.8 -66.84
841.2 -66.56
841.6 -66.84
842.0 -67.48
842.4 -67.95
842.8 -67.9
843.2 -67.01
843.6 -66.65
844.0 -66.45
844.4 -67.95
844.8 -67.38
845.2 -67.18
845.6 -67.72
846.0 -67.76
846.4 -67.07
846.8 -66.35
847.2 -67.14
847.6 -67.79
848.0 -66.24
848.4 -67.66
848.8 -66.7
849.2 -66.81
849.6 -67.06
850.0 -67.09
850.4 -67.65
850.8 -65.82
851.2 -66.97
851.6 -68.0
852.0 -66.82
852.4 -66.72
852.8 -66.67
853.2 -65.8
853.6 -66.34
854.0 -66.33
854.4 -66.17
854.8 -66.91
855.2 -66.39
855.6 -66.13
856.0 -66.9
856.4 -66.13
856.8 -65.75
857.2 -66.64
857.6 -66.18
858.0 -67.19
858.4 -66.67
858.8 -65.93
859.2 -66.02
859.6 -66.33
860.0 -66.23
860.4 -66.29
860.8 -66.03
861.2 -65.8
861.6 -66.21
862.0 -65.93
862.4 -66.21
862.8 -66.91
863.2 -66.23
863.6 -65.91
864.0 -66.03
864.4 -66.24
864.8 -65.56
865.2 -66.85
865.6 -65.95
866.0 -66.29
866.4 -66.16
866.8 -65.77
867.2 -65.61
867.6 -65.96
868.0 -64.84
868.4 -66.01
868.8 -65.97
869.2 -65.43
869.6 -65.57
870.0 -65.53
870.4 -66.68
870.8 -66.11
871.2 -65.17
871.6 -66.69
872.0 -65.84
872.4 -65.25
872.8 -65.22
873.2 -65.82
873.6 -65.93
874.0 -65.96
874.4 -65.49
874.8 -65.48
875.2 -65.62
875.6 -64.95
876.0 -65.24
876.4 -66.24
876.8 -65.2
877.2 -65.12
877.6 -66.79
878.0 -65.11
878.4 -65.45
878.8 -65.2
879.2 -65.32
879.6 -64.58
880.0 -65.77
880.4 -65.68
880.8 -65.54
881.2 -65.34
881.6 -65.8
882.0 -65.48
882.4 -65.5
882.8 -66.14
883.2 -66.14
883.6 -65.47
884.0 -65.14
884.4 -65.5
884.8 -65.08
885.2 -64.86
885.6 -64.73
886.0 -64.46
886.4 -65.32
886.8 -65.6
887.2 -65.74
887.6 -65.62
888.0 -65.9
888.4 -65.2
888.8 -66.19
889.2 -65.2
889.6 -65.2
890.0 -65.44
890.4 -65.01
890.8 -65.0
891.2 -65.45
891.6 -65.54
892.0 -65.29
892.4 -65.63
892.8 -65.56
893.2 -65.58
893.6 -65.95
894.0 -65.65
894.4 -64.97
894.8 -64.86
895.2 -64.94
895.6 -64.81
896.0 -65.53
896.4 -65.2
896.8 -65.43
897.2 -65.32
897.6 -65.0
898.0 -65.63
898.4 -65.41
898.8 -65.7
899.2 -66.17
899.6 -65.08
900.0 -65.86
900.4 -64.95
900.8 -66.47
901.2 -65.46
901.6 -66.11
902.0 -65.87
902.4 -65.59
902.8 -65.8
903.2 -65.53
903.6 -65.47
904.0 -65.14
904.4 -64.79
904.8 -64.91
905.2 -65.32
905.6 -65.88
906.0 -65.63
906.4 -65.48
906.8 -65.74
907.2 -65.26
907.6 -66.17
908.0 -65.51
908.4 -64.91
908.8 -65.72
909.2 -65.33
909.6 -65.0
910.0 -65.75
910.4 -65.44
910.8 -65.56
911.2 -65.77
911.6 -65.39
912.0 -65.1
912.4 -65.03
912.8 -64.3
913.2 -64.14
913.6 -64.79
914.0 -65.19
914.4 -66.02
914.8 -64.82
915.2 -64.79
915.6 -64.74
916.0 -65.7
916.4 -65.44
916.8 -65.19
917.2 -65.88
917.6 -65.62
918.0 -65.55
918.4 -65.75
918.8 -65.44
919.2 -65.55
919.6 -65.52
920.0 -64.97
920.4 -65.68
920.8 -65.3
921.2 -65.4
921.6 -65.69
922.0 -65.71
922.4 -65.17
922.8 -65.21
923.2 -65.18
923.6 -65.42
924.0 -65.22
924.4 -65.74
924.8 -65.23
925.2 -65.53
925.6 -65.31
926.0 -65.53
926.4 -65.3
926.8 -65.32
927.2 -66.01
927.6 -65.55
928.0 -65.62
928.4 -66.47
928.8 -66.06
929.2 -65.56
929.6 -65.87
930.0 -64.94
930.4 -65.8
930.8 -65.57
931.2 -65.57
931.6 -65.42
932.0 -65.91
932.4 -65.57
932.8 -65.68
933.2 -65.48
933.6 -65.18
934.0 -65.87
934.4 -65.87
934.8 -65.76
935.2 -65.73
935.6 -66.38
936.0 -66.23
936.4 -66.2
936.8 -65.3
937.2 -65.59
937.6 -66.34
938.0 -66.64
938.4 -66.33
938.8 -66.4
939.2 -65.38
939.6 -66.03
940.0 -66.05
940.4 -66.21
940.8 -66.01
941.2 -65.96
941.6 -66.26
942.0 -66.44
942.4 -66.03
942.8 -65.84
943.2 -65.81
943.6 -65.75
944.0 -65.68
944.4 -65.71
944.8 -65.96
945.2 -65.7
945.6 -65.63
946.0 -65.89
946.4 -66.64
946.8 -66.55
947.2 -65.76
947.6 -66.23
948.0 -65.8
948.4 -65.93
948.8 -66.14
949.2 -66.44
949.6 -65.87
950.0 -66.0
950.4 -66.35
950.8 -66.25
951.2 -66.04
951.6 -65.89
952.0 -66.02
952.4 -66.01
952.8 -65.74
953.2 -66.01
953.6 -66.61
954.0 -65.85
954.4 -66.52
954.8 -66.52
955.2 -66.96
955.6 -66.36
956.0 -66.77
956.4 -66.89
956.8 -66.85
957.2 -65.9
957.6 -66.29
958.0 -65.83
958.4 -66.62
958.8 -66.43
959.2 -66.04
959.6 -66.3
960.0 -66.8
960.4 -66.46
960.8 -65.89
961.2 -66.0
961.6 -66.49
962.0 -66.18
962.4 -66.07
962.8 -66.25
963.2 -66.32
963.6 -65.81
964.0 -66.1
964.4 -66.43
964.8 -66.16
965.2 -65.86
965.6 -65.41
966.0 -65.6
966.4 -66.04
966.8 -66.29
967.2 -65.57
967.6 -66.29
968.0 -66.07
968.4 -66.2
968.8 -66.4
969.2 -66.15
969.6 -66.15
970.0 -66.05
970.4 -66.0
970.8 -66.05
971.2 -66.16
971.6 -66.18
972.0 -65.98
972.4 -66.35
972.8 -66.36
973.2 -66.92
973.6 -66.44
974.0 -66.35
974.4 -66.27
974.8 -66.64
975.2 -66.5
975.6 -66.93
976.0 -66.46
976.4 -66.68
976.8 -66.47
977.2 -66.53
977.6 -66.57
978.0 -66.79
978.4 -67.18
978.8 -67.43
979.2 -66.32
979.6 -66.62
980.0 -66.63
980.4 -66.15
980.8 -66.27
981.2 -66.68
981.6 -66.38
982.0 -66.49
982.4 -66.8
982.8 -66.64
983.2 -66.35
983.6 -66.42
984.0 -66.54
984.4 -66.12
984.8 -66.36
985.2 -66.13
985.6 -66.12
986.0 -65.84
986.4 -65.88
986.8 -65.74
987.2 -66.07
987.6 -65.81
988.0 -65.85
988.4 -66.14
988.8 -65.57
989.2 -65.62
989.6 -65.54
990.0 -65.8
990.4 -65.66
990.8 -65.57
991.2 -65.43
991.6 -65.23
992.0 -65.22
992.4 -65.58
992.8 -65.33
993.2 -65.27
993.6 -64.88
994.0 -65.2
994.4 -65.18
994.8 -65.07
995.2 -65.17
995.6 -65.45
996.0 -65.39
996.4 -65.52
996.8 -65.45
997.2 -65.31
997.6 -64.8
998.0 -65.24
998.4 -65.58
998.8 -65.57
999.2 -65.04
999.6 -65.59
1000.0 -65.38
