600.0 -72.37
600.4 -71.6
600.8 -68.87
601.2 -71.9
601.6 -210.0
602.0 -81.26
602.4 -72.82
602.8 -71.31
603.2 -74.79
603.6 -210.0
604.0 -70.59
604.4 -70.1
604.8 -210.0
605.2 -74.47
605.6 -76.04
606.0 -210.0
606.4 -73.08
606.8 -73.44
607.2 -72.29
607.6 -72.07
608.0 -70.68
608.4 -70.87
608.8 -81.7
609.2 -69.41
609.6 -79.98
610.0 -80.0
610.4 -77.02
610.8 -210.0
611.2 -210.0
611.6 -210.0
612.0 -71.09
612.4 -210.0
612.8 -72.39
613.2 -72.41
613.6 -210.0
614.0 -210.0
614.4 -210.0
614.8 -72.06
615.2 -68.55
615.6 -75.11
616.0 -72.13
616.4 -72.15
616.8 -79.15
617.2 -82.2
617.6 -70.31
618.0 -73.49
618.4 -74.48
618.8 -71.49
619.2 -76.87
619.6 -73.58
620.0 -71.94
620.4 -210.0
620.8 -78.43
621.2 -72.66
621.6 -73.16
622.0 -210.0
622.4 -210.0
622.8 -72.32
623.2 -73.26
623.6 -69.57
624.0 -210.0
624.4 -210.0
624.8 -71.35
625.2 -73.14
625.6 -69.48
626.0 -71.27
626.4 -71.14
626.8 -76.76
627.2 -72.81
627.6 -76.3
628.0 -70.81
628.4 -76.35
628.8 -75.92
629.2 -71.16
629.6 -210.0
630.0 -69.97
630.4 -72.41
630.8 -71.58
631.2 -73.08
631.6 -70.32
632.0 -72.92
632.4 -72.03
632.8 -72.4
633.2 -72.62
633.6 -70.69
634.0 -70.37
634.4 -74.85
634.8 -210.0
635.2 -68.74
635.6 -70.96
636.0 -73.88
636.4 -72.85
636.8 -69.09
637.2 -68.4
637.6 -70.43
638.0 -68.66
638.4 -70.18
638.8 -73.86
639.2 -71.11
639.6 -69.38
640.0 -72.11
640.4 -71.72
640.8 -76.02
641.2 -70.82
641.6 -68.96
642.0 -70.38
642.4 -69.03
642.8 -73.38
643.2 -71.0
643.6 -70.25
644.0 -68.9
644.4 -70.15
644.8 -67.88
645.2 -68.69
645.6 -70.09
646.0 -69.42
646.4 -70.41
646.8 -69.43
647.2 -69.39
647.6 -69.79
648.0 -72.98
648.4 -68.92
648.8 -67.12
649.2 -71.54
649.6 -71.81
650.0 -69.42
650.4 -67.88
650.8 -68.22
651.2 -68.93
651.6 -68.93
652.0 -68.82
652.4 -69.57
652.8 -71.4
653.2 -69.78
653.6 -69.72
654.0 -68.1
654.4 -68.61
654.8 -68.02
655.2 -68.68
655.6 -68.73
656.0 -69.21
656.4 -69.4
656.8 -68.53
657.2 -68.64
657.6 -69.04
658.0 -68.43
658.4 -68.09
658.8 -68.71
659.2 -67.69
659.6 -69.17
660.0 -67.78
660.4 -67.65
660.8 -69.84
661.2 -67.44
661.6 -67.2
662.0 -68.35
662.4 -69.63
662.8 -68.61
663.2 -66.98
663.6 -68.35
664.0 -69.91
664.4 -67.61
664.8 -67.87
665.2 -67.24
665.6 -67.32
666.0 -67.09
666.4 -68.15
666.8 -66.56
667.2 -67.2
667.6 -67.92
668.0 -66.73
668.4 -67.61
668.8 -71.57
669.2 -68.89
669.6 -67.87
670.0 -67.64
670.4 -68.34
670.8 -66.85
671.2 -67.26
671.6 -69.1
672.0 -67.29
672.4 -67.89
672.8 -67.83
673.2 -67.83
673.6 -67.01
674.0 -66.68
674.4 -66.25
674.8 -67.77
675.2 -65.99
675.6 -67.68
676.0 -66.98
676.4 -66.8
676.8 -67.84
677.2 -68.32
677.6 -66.48
678.0 -68.16
678.4 -67.0
678.8 -67.6
679.2 -67.68
679.6 -66.88
680.0 -67.37
680.4 -67.63
680.8 -66.24
681.2 -67.04
681.6 -66.92
682.0 -66.91
682.4 -67.02
682.8 -68.1
683.2 -67.42
683.6 -67.58
684.0 -65.77
684.4 -67.19
684.8 -66.52
685.2 -65.93
685.6 -67.93
686.0 -67.46
686.4 -66.94
686.8 -66.67
687.2 -66.16
687.6 -66.15
688.0 -66.59
688.4 -66.65
688.8 -66.83
689.2 -67.05
689.6 -67.51
690.0 -66.28
690.4 -66.65
690.8 -66.31
691.2 -65.88
691.6 -67.02
692.0 -66.15
692.4 -66.81
692.8 -67.37
693.2 -66.27
693.6 -67.15
694.0 -66.32
694.4 -65.89
694.8 -66.93
695.2 -66.48
695.6 -66.27
696.0 -66.8
696.4 -66.64
696.8 -66.42
697.2 -66.24
697.6 -66.78
698.0 -65.66
698.4 -67.07
698.8 -66.99
699.2 -65.92
699.6 -66.38
700.0 -66.44
700.4 -66.02
700.8 -65.74
701.2 -66.53
701.6 -65.89
702.0 -66.63
702.4 -66.58
702.8 -66.09
703.2 -66.88
703.6 -66.88
704.0 -65.46
704.4 -65.47
704.8 -65.71
705.2 -65.86
705.6 -65.13
706.0 -66.01
706.4 -66.34
706.8 -66.13
707.2 -66.33
707.6 -65.99
708.0 -66.39
708.4 -66.49
708.8 -65.62
709.2 -66.03
709.6 -67.17
710.0 -65.51
710.4 -65.45
710.8 -65.59
711.2 -65.19
711.6 -65.01
712.0 -65.52
712.4 -65.46
712.8 -65.42
713.2 -65.31
713.6 -65.53
714.0 -66.58
714.4 -64.16
714.8 -66.39
715.2 -65.16
715.6 -66.09
716.0 -65.36
716.4 -65.78
716.8 -65.95
717.2 -66.14
717.6 -65.71
718.0 -65.67
718.4 -66.24
718.8 -65.38
719.2 -64.8
719.6 -65.92
720.0 -66.48
720.4 -65.49
720.8 -65.02
721.2 -65.08
721.6 -65.64
722.0 -65.82
722.4 -66.16
722.8 -66.37
723.2 -65.08
723.6 -66.19
724.0 -65.54
724.4 -65.97
724.8 -65.96
725.2 -65.06
725.6 -64.85
726.0 -65.56
726.4 -66.3
726.8 -65.77
727.2 -64.52
727.6 -65.39
728.0 -65.15
728.4 -65.5
728.8 -65.68
729.2 -65.82
729.6 -65.62
730.0 -65.77
730.4 -65.58
730.8 -65.8
731.2 -65.09
731.6 -65.6
732.0 -65.08
732.4 -66.06
732.8 -66.1
733.2 -66.23
733.6 -65.49
734.0 -65.1
734.4 -64.76
734.8 -65.63
735.2 -65.14
735.6 -65.56
736.0 -64.72
736.4 -65.42
736.8 -65.18
737.2 -65.68
737.6 -64.94
738.0 -64.73
738.4 -64.86
738.8 -64.96
739.2 -64.77
739.6 -64.66
740.0 -65.78
740.4 -65.52
740.8 -65.72
741.2 -65.48
741.6 -65.64
742.0 -64.94
742.4 -65.84
742.8 -64.9
743.2 -65.63
743.6 -65.1
744.0 -65.69
744.4 -64.44
744.8 -65.24
745.2 -64.98
745.6 -66.02
746.0 -65.51
746.4 -65.48
746.8 -64.94
747.2 -65.25
747.6 -66.01
748.0 -65.41
748.4 -66.0
748.8 -65.27
749.2 -65.97
749.6 -65.97
750.0 -64.64
750.4 -65.02
750.8 -66.24
751.2 -64.71
751.6 -64.72
752.0 -64.71
752.4 -66.26
752.8 -65.07
753.2 -64.6
753.6 -65.31
754.0 -64.51
754.4 -64.37
754.8 -64.94
755.2 -64.78
755.6 -64.57
756.0 -64.56
756.4 -64.25
756.8 -64.76
757.2 -64.07
757.6 -64.75
758.0 -65.41
758.4 -64.72
758.8 -64.53
759.2 -65.63
759.6 -64.73
760.0 -64.38
760.4 -64.56
760.8 -64.5
761.2 -65.12
761.6 -65.44
762.0 -64.49
762.4 -64.87
762.8 -64.35
763.2 -64.12
763.6 -64.42
764.0 -64.66
764.4 -64.83
764.8 -65.08
765.2 -64.1
765.6 -65.21
766.0 -64.34
766.4 -65.32
766.8 -64.31
767.2 -64.77
767.6 -64.82
768.0 -64.59
768.4 -64.73
768.8 -64.52
769.2 -64.61
769.6 -63.73
770.0 -64.91
770.4 -64.74
770.8 -63.98
771.2 -64.97
771.6 -64.46
772.0 -65.08
772.4 -64.53
772.8 -64.14
773.2 -64.42
773.6 -64.81
774.0 -64.77
774.4 -64.06
774.8 -64.52
775.2 -64.31
775.6 -64.63
776.0 -64.12
776.4 -64.51
776.8 -64.1
777.2 -64.17
777.6 -64.22
778.0 -64.87
778.4 -63.91
778.8 -64.04
779.2 -65.02
779.6 -63.75
780.0 -63.52
780.4 -64.36
780.8 -64.63
781.2 -64.36
781.6 -64.27
782.0 -64.71
782.4 -64.35
782.8 -63.89
783.2 -64.03
783.6 -64.16
784.0 -63.86
784.4 -63.77
784.8 -63.6
785.2 -63.67
785.6 -63.8
786.0 -64.74
786.4 -64.06
786.8 -64.37
787.2 -64.08
787.6 -64.7
788.0 -64.29
788.4 -64.5
788.8 -64.13
789.2 -64.39
789.6 -64.36
790.0 -63.46
790.4 -64.09
790.8 -64.02
791.2 -64.59
791.6 -63.67
792.0 -63.54
792.4 -65.13
792.8 -64.75
793.2 -63.37
793.6 -63.73
794.0 -64.24
794.4 -63.43
794.8 -63.91
795.2 -63.96
795.6 -64.23
796.0 -64.34
796.4 -63.53
796.8 -64.31
797.2 -63.7
797.6 -64.04
798.0 -64.12
798.4 -64.21
798.8 -63.62
799.2 -64.32
799.6 -63.74
800.0 -63.66
800.4 -63.48
800.8 -63.17
801.2 -63.62
801.6 -64.29
802.0 -64.37
802.4 -64.65
802.8 -64.25
803.2 -63.84
803.6 -63.79
804.0 -63.29
804.4 -63.04
804.8 -64.05
805.2 -63.2
805.6 -63.03
806.0 -62.1
806.4 -60.3
806.8 -57.0
807.2 -53.22
807.6 -49.25
808.0 -47.88
808.4 -48.86
808.8 -49.56
809.2 -53.53
809.6 -60.14
810.0 -62.64
810.4 -62.65
810.8 -63.22
811.2 -63.24
811.6 -62.93
812.0 -63.61
812.4 -63.1
812.8 -63.57
813.2 -63.16
813.6 -63.84
814.0 -63.59
814.4 -63.78
814.8 -64.44
815.2 -63.11
815.6 -63.39
816.0 -63.31
816.4 -63.06
816.8 -63.45
817.2 -62.86
817.6 -62.97
818.0 -63.58
818.4 -63.39
818.8 -63.16
819.2 -63.92
819.6 -63.35
820.0 -63.33
820.4 -63.66
820.8 -63.57
821.2 -63.6
821.6 -63.66
822.0 -63.38
822.4 -63.05
822.8 -62.99
823.2 -63.51
823.6 -63.52
824.0 -63.6
824.4 -63.87
824.8 -63.7
825.2 -63.93
825.6 -63.27
826.0 -63.28
826.4 -62.9
826.8 -63.35
827.2 -63.72
827.6 -63.05
828.0 -63.88
828.4 -63.15
828.8 -64.02
829.2 -62.9
829.6 -63.03
830.0 -62.51
830.4 -63.09
830.8 -62.97
831.2 -63.3
831.6 -62.62
832.0 -63.08
832.4 -63.0
832.8 -62.85
833.2 -63.53
833.6 -62.81
834.0 -62.68
834.4 -62.87
834.8 -62.77
835.2 -62.72
835.6 -62.66
836.0 -62.59
836.4 -62.39
836.8 -62.38
837.2 -62.85
837.6 -62.89
838.0 -62.47
838.4 -62.61
838.8 -62.74
839.2 -62.46
839.6 -62.67
840.0 -62.37
840.4 -62.42
840.8 -63.13
841.2 -62.72
841.6 -62.77
842.0 -62.56
842.4 -63.43
842.8 -62.54
843.2 -63.01
843.6 -62.11
844.0 -62.46
844.4 -62.37
844.8 -62.57
845.2 -62.19
845.6 -62.57
846.0 -62.31
846.4 -62.19
846.8 -62.52
847.2 -62.75
847.6 -62.52
848.0 -62.44
848.4 -62.37
848.8 -62.48
849.2 -62.37
849.6 -62.68
850.0 -62.51
850.4 -62.56
850.8 -62.58
851.2 -62.59
851.6 -62.47
852.0 -62.38
852.4 -62.12
852.8 -62.32
853.2 -62.37
853.6 -62.4
854.0 -62.56
854.4 -62.53
854.8 -62.26
855.2 -62.47
855.6 -62.47
856.0 -62.56
856.4 -62.39
856.8 -61.96
857.2 -62.37
857.6 -62.63
858.0 -61.92
858.4 -62.46
858.8 -62.24
859.2 -62.17
859.6 -61.75
860.0 -62.21
860.4 -61.94
860.8 -62.03
861.2 -61.62
861.6 -62.21
862.0 -62.04
862.4 -62.24
862.8 -62.04
863.2 -61.95
863.6 -61.87
864.0 -61.92
864.4 -61.8
864.8 -61.51
865.2 -61.9
865.6 -61.69
866.0 -61.83
866.4 -61.87
866.8 -62.09
867.2 -62.24
867.6 -61.85
868.0 -62.25
868.4 -62.28
868.8 -61.9
869.2 -61.73
869.6 -61.84
870.0 -61.73
870.4 -61.46
870.8 -61.71
871.2 -61.78
871.6 -61.89
872.0 -61.85
872.4 -62.0
872.8 -61.69
873.2 -61.58
873.6 -61.73
874.0 -61.98
874.4 -62.03
874.8 -62.08
875.2 -61.51
875.6 -61.73
876.0 -61.7
876.4 -61.72
876.8 -61.99
877.2 -61.51
877.6 -61.25
878.0 -61.9
878.4 -61.5
878.8 -61.34
879.2 -61.49
879.6 -61.51
880.0 -61.73
880.4 -61.3
880.8 -61.21
881.2 -61.46
881.6 -61.64
882.0 -61.43
882.4 -61.5
882.8 -61.32
883.2 -61.21
883.6 -61.45
884.0 -61.42
884.4 -61.56
884.8 -61.27
885.2 -61.31
885.6 -61.22
886.0 -61.29
886.4 -60.99
886.8 -61.25
887.2 -60.98
887.6 -61.18
888.0 -61.3
888.4 -61.34
888.8 -61.16
889.2 -61.61
889.6 -61.28
890.0 -61.02
890.4 -61.21
890.8 -61.12
891.2 -61.01
891.6 -61.14
892.0 -60.83
892.4 -60.65
892.8 -61.11
893.2 -61.25
893.6 -61.21
894.0 -61.13
894.4 -61.14
894.8 -60.95
895.2 -60.74
895.6 -60.6
896.0 -61.34
896.4 -61.05
896.8 -61.02
897.2 -60.76
897.6 -61.12
898.0 -60.82
898.4 -60.82
898.8 -60.64
899.2 -60.83
899.6 -60.74
900.0 -60.87
900.4 -61.19
900.8 -60.85
901.2 -60.67
901.6 -60.7
902.0 -60.71
902.4 -60.89
902.8 -60.92
903.2 -60.9
903.6 -60.8
904.0 -60.91
904.4 -60.83
904.8 -60.73
905.2 -60.7
905.6 -60.43
906.0 -60.6
906.4 -60.76
906.8 -60.5
907.2 -60.46
907.6 -60.34
908.0 -60.28
908.4 -60.32
908.8 -60.52
909.2 -60.32
909.6 -60.39
910.0 -60.25
910.4 -60.22
910.8 -60.43
911.2 -60.21
911.6 -60.13
912.0 -60.06
912.4 -60.14
912.8 -59.96
913.2 -60.24
913.6 -60.17
914.0 -60.06
914.4 -60.0
914.8 -59.96
915.2 -59.9
915.6 -60.09
916.0 -60.01
916.4 -59.99
916.8 -59.91
917.2 -60.03
917.6 -59.7
918.0 -59.96
918.4 -59.98
918.8 -59.7
919.2 -59.83
919.6 -59.81
920.0 -59.67
920.4 -59.79
920.8 -59.73
921.2 -59.43
921.6 -59.65
922.0 -59.6
922.4 -59.59
922.8 -59.6
923.2 -59.35
923.6 -59.4
924.0 -59.6
924.4 -59.41
924.8 -59.4
925.2 -59.52
925.6 -59.39
926.0 -59.54
926.4 -59.37
926.8 -59.32
927.2 -59.17
927.6 -59.3
928.0 -59.23
928.4 -59.28
928.8 -59.24
929.2 -58.88
929.6 -59.17
930.0 -59.04
930.4 -59.15
930.8 -59.03
931.2 -59.1
931.6 -59.24
932.0 -59.04
932.4 -59.17
932.8 -58.97
933.2 -58.9
933.6 -59.1
934.0 -59.0
934.4 -59.1
934.8 -58.86
935.2 -59.01
935.6 -58.86
936.0 -58.77
936.4 -58.77
936.8 -58.69
937.2 -58.73
937.6 -58.63
938.0 -58.66
938.4 -58.63
938.8 -58.53
939.2 -58.47
939.6 -58.6
940.0 -58.61
940.4 -58.41
940.8 -58.47
941.2 -58.47
941.6 -58.62
942.0 -58.39
942.4 -58.43
942.8 -58.5
943.2 -58.44
943.6 -58.47
944.0 -58.32
944.4 -58.39
944.8 -58.2
945.2 -58.36
945.6 -58.32
946.0 -58.2
946.4 -58.2
946.8 -58.29
947.2 -58.18
947.6 -58.25
948.0 -58.04
948.4 -58.1
948.8 -58.16
949.2 -58.14
949.6 -58.1
950.0 -57.98
950.4 -57.91
950.8 -57.84
951.2 -57.97
951.6 -57.84
952.0 -57.91
952.4 -57.72
952.8 -57.85
953.2 -57.92
953.6 -57.85
954.0 -58.04
954.4 -57.97
954.8 -57.7
955.2 -57.73
955.6 -57.95
956.0 -57.86
956.4 -57.8
956.8 -57.89
957.2 -57.77
957.6 -57.72
958.0 -57.81
958.4 -57.74
958.8 -57.6
959.2 -57.64
959.6 -57.69
960.0 -57.69
960.4 -57.51
960.8 -57.48
961.2 -57.48
961.6 -57.58
962.0 -57.47
962.4 -57.35
962.8 -57.48
963.2 -57.39
963.6 -57.52
964.0 -57.22
964.4 -57.36
964.8 -57.18
965.2 -57.13
965.6 -57.21
966.0 -57.27
966.4 -57.37
966.8 -57.35
967.2 -57.25
967.6 -57.36
968.0 -57.25
968.4 -57.17
968.8 -57.2
969.2 -57.31
969.6 -57.38
970.0 -57.23
970.4 -57.22
970.8 -57.26
971.2 -57.33
971.6 -57.2
972.0 -57.17
972.4 -57.39
972.8 -57.32
973.2 -57.31
973.6 -57.33
974.0 -57.3
974.4 -57.41
974.8 -57.44
975.2 -57.55
975.6 -57.53
976.0 -57.53
976.4 -57.46
976.8 -57.47
977.2 -57.62
977.6 -57.55
978.0 -57.45
978.4 -57.51
978.8 -57.75
979.2 -57.69
979.6 -57.53
980.0 -57.61
980.4 -57.54
980.8 -57.5
981.2 -57.64
981.6 -57.47
982.0 -57.5
982.4 -57.46
982.8 -57.28
983.2 -57.34
983.6 -57.23
984.0 -57.25
984.4 -57.13
984.8 -56.99
985.2 -57.03
985.6 -56.98
986.0 -56.89
986.4 -57.02
986.8 -56.97
987.2 -56.83
987.6 -56.95
988.0 -56.96
988.4 -56.83
988.8 -56.77
989.2 -56.74
989.6 -56.72
990.0 -56.66
990.4 -56.69
990.8 -56.52
991.2 -56.65
991.6 -56.62
992.0 -56.62
992.4 -56.41
992.8 -56.61
993.2 -56.6
993.6 -56.62
994.0 -56.5
994.4 -56.48
994.8 -56.52
995.2 -56.63
995.6 -56.67
996.0 -56.59
996.4 -56.64
996.8 -56.65
997.2 -56.79
997.6 -56.76
998.0 -56.93
998.4 -56.87
998.8 -56.86
999.2 -56.85
999.6 -56.81
1000.0 -56.79
