600.0 -210.0
600.4 -72.69
600.8 -67.95
601.2 -210.0
601.6 -210.0
602.0 -210.0
602.4 -75.83
602.8 -78.29
603.2 -210.0
603.6 -72.9
604.0 -210.0
604.4 -71.63
604.8 -69.0
605.2 -74.47
605.6 -210.0
606.0 -210.0
606.4 -68.52
606.8 -210.0
607.2 -71.59
607.6 -75.59
608.0 -210.0
608.4 -210.0
608.8 -79.93
609.2 -71.94
609.6 -70.28
610.0 -71.55
610.4 -73.34
610.8 -73.36
611.2 -69.05
611.6 -74.88
612.0 -75.35
612.4 -210.0
612.8 -75.91
613.2 -75.42
613.6 -71.38
614.0 -210.0
614.4 -69.12
614.8 -210.0
615.2 -210.0
615.6 -210.0
616.0 -210.0
616.4 -210.0
616.8 -76.72
617.2 -71.78
617.6 -70.91
618.0 -210.0
618.4 -71.85
618.8 -68.86
619.2 -70.85
619.6 -75.8
620.0 -68.93
620.4 -85.4
620.8 -72.63
621.2 -71.83
621.6 -210.0
622.0 -210.0
622.4 -75.1
622.8 -74.41
623.2 -210.0
623.6 -70.54
624.0 -74.82
624.4 -72.64
624.8 -72.44
625.2 -69.07
625.6 -75.72
626.0 -78.76
626.4 -79.74
626.8 -71.48
627.2 -70.13
627.6 -72.04
628.0 -210.0
628.4 -75.1
628.8 -73.61
629.2 -71.02
629.6 -74.83
630.0 -73.95
630.4 -80.0
630.8 -72.63
631.2 -70.52
631.6 -71.49
632.0 -72.53
632.4 -72.95
632.8 -70.89
633.2 -75.1
633.6 -210.0
634.0 -73.06
634.4 -71.0
634.8 -70.66
635.2 -81.6
635.6 -72.79
636.0 -74.13
636.4 -67.95
636.8 -72.02
637.2 -71.75
637.6 -71.93
638.0 -75.12
638.4 -72.14
638.8 -68.65
639.2 -69.95
639.6 -73.09
640.0 -70.82
640.4 -70.98
640.8 -73.2
641.2 -71.93
641.6 -72.26
642.0 -69.76
642.4 -69.32
642.8 -70.27
643.2 -71.84
643.6 -70.44
644.0 -73.48
644.4 -71.57
644.8 -71.61
645.2 -69.88
645.6 -71.68
646.0 -69.15
646.4 -70.24
646.8 -69.16
647.2 -70.31
647.6 -69.87
648.0 -68.94
648.4 -70.96
648.8 -69.61
649.2 -68.76
649.6 -68.91
650.0 -68.86
650.4 -68.48
650.8 -70.8
651.2 -70.64
651.6 -68.33
652.0 -68.08
652.4 -67.86
652.8 -68.71
653.2 -68.55
653.6 -67.27
654.0 -68.51
654.4 -68.61
654.8 -69.33
655.2 -69.08
655.6 -67.4
656.0 -68.08
656.4 -68.58
656.8 -68.86
657.2 -66.71
657.6 -69.16
658.0 -66.96
658.4 -69.55
658.8 -67.73
659.2 -68.6
659.6 -68.65
660.0 -68.56
660.4 -67.74
660.8 -67.96
661.2 -66.8
661.6 -66.94
662.0 -67.57
662.4 -66.8
662.8 -67.61
663.2 -67.61
663.6 -67.57
664.0 -67.57
664.4 -67.4
664.8 -67.7
665.2 -68.25
665.6 -67.36
666.0 -67.96
666.4 -66.94
666.8 -67.65
667.2 -67.09
667.6 -66.69
668.0 -66.94
668.4 -67.92
668.8 -69.12
669.2 -68.01
669.6 -67.05
670.0 -66.89
670.4 -67.27
670.8 -67.76
671.2 -67.18
671.6 -67.51
672.0 -66.14
672.4 -67.29
672.8 -67.61
673.2 -68.02
673.6 -66.65
674.0 -66.82
674.4 -67.15
674.8 -66.84
675.2 -67.22
675.6 -67.77
676.0 -67.85
676.4 -66.69
676.8 -66.93
677.2 -66.9
677.6 -67.2
678.0 -68.02
678.4 -67.31
678.8 -67.03
679.2 -67.77
679.6 -67.68
680.0 -67.63
680.4 -66.76
680.8 -67.16
681.2 -66.89
681.6 -66.43
682.0 -66.62
682.4 -67.73
682.8 -67.01
683.2 -66.51
683.6 -67.24
684.0 -66.33
684.4 -66.7
684.8 -65.71
685.2 -66.48
685.6 -66.69
686.0 -67.21
686.4 -66.71
686.8 -66.81
687.2 -67.58
687.6 -66.25
688.0 -66.88
688.4 -66.58
688.8 -67.31
689.2 -67.55
689.6 -66.64
690.0 -65.84
690.4 -67.45
690.8 -66.31
691.2 -66.75
691.6 -66.94
692.0 -66.67
692.4 -66.66
692.8 -66.52
693.2 -66.61
693.6 -67.32
694.0 -66.29
694.4 -65.62
694.8 -66.82
695.2 -66.1
695.6 -66.84
696.0 -65.78
696.4 -65.96
696.8 -66.02
697.2 -66.31
697.6 -66.14
698.0 -67.42
698.4 -65.74
698.8 -66.83
699.2 -66.52
699.6 -65.7
700.0 -65.88
700.4 -65.45
700.8 -66.84
701.2 -65.7
701.6 -65.35
702.0 -65.91
702.4 -66.13
702.8 -65.62
703.2 -66.43
703.6 -66.39
704.0 -67.03
704.4 -65.62
704.8 -65.93
705.2 -66.54
705.6 -66.47
706.0 -66.14
706.4 -65.87
706.8 -66.31
707.2 -65.35
707.6 -66.09
708.0 -66.36
708.4 -65.27
708.8 -65.71
709.2 -65.61
709.6 -66.48
710.0 -65.45
710.4 -66.22
710.8 -65.38
711.2 -65.27
711.6 -65.74
712.0 -65.55
712.4 -65.86
712.8 -66.3
713.2 -65.95
713.6 -66.08
714.0 -66.29
714.4 -65.46
714.8 -66.31
715.2 -65.19
715.6 -64.89
716.0 -65.48
716.4 -65.02
716.8 -66.01
717.2 -66.11
717.6 -66.39
718.0 -65.25
718.4 -65.89
718.8 -65.29
719.2 -66.84
719.6 -65.85
720.0 -65.2
720.4 -66.29
720.8 -65.76
721.2 -65.3
721.6 -66.03
722.0 -65.89
722.4 -65.6
722.8 -64.54
723.2 -65.11
723.6 -65.88
724.0 -65.07
724.4 -66.75
724.8 -65.32
725.2 -64.95
725.6 -64.61
726.0 -66.45
726.4 -65.91
726.8 -65.9
727.2 -65.9
727.6 -65.9
728.0 -65.03
728.4 -64.74
728.8 -65.19
729.2 -66.2
729.6 -65.37
730.0 -65.81
730.4 -65.87
730.8 -65.44
731.2 -65.51
731.6 -64.51
732.0 -64.67
732.4 -65.34
732.8 -64.67
733.2 -64.9
733.6 -64.96
734.0 -66.23
734.4 -65.48
734.8 -65.32
735.2 -65.35
735.6 -64.72
736.0 -65.43
736.4 -64.9
736.8 -64.9
737.2 -65.3
737.6 -65.48
738.0 -65.54
738.4 -64.55
738.8 -65.59
739.2 -65.47
739.6 -65.5
740.0 -66.25
740.4 -64.9
740.8 -65.46
741.2 -65.11
741.6 -65.45
742.0 -65.26
742.4 -65.45
742.8 -65.34
743.2 -65.73
743.6 -64.71
744.0 -66.0
744.4 -65.62
744.8 -65.46
745.2 -64.73
745.6 -65.39
746.0 -65.68
746.4 -65.23
746.8 -64.88
747.2 -65.53
747.6 -64.55
748.0 -65.31
748.4 -65.03
748.8 -64.57
749.2 -66.0
749.6 -65.03
750.0 -65.29
750.4 -65.32
750.8 -64.82
751.2 -65.28
751.6 -64.38
752.0 -65.58
752.4 -65.23
752.8 -66.45
753.2 -65.41
753.6 -64.21
754.0 -64.56
754.4 -64.77
754.8 -64.63
755.2 -65.1
755.6 -66.07
756.0 -64.56
756.4 -65.31
756.8 -65.11
757.2 -64.79
757.6 -64.46
758.0 -64.18
758.4 -65.09
758.8 -66.3
759.2 -64.6
759.6 -64.96
760.0 -64.67
760.4 -65.07
760.8 -64.39
761.2 -65.03
761.6 -64.71
762.0 -64.76
762.4 -64.73
762.8 -64.92
763.2 -64.17
763.6 -64.89
764.0 -64.83
764.4 -64.31
764.8 -65.3
765.2 -64.9
765.6 -65.4
766.0 -64.29
766.4 -64.53
766.8 -65.22
767.2 -64.97
767.6 -64.11
768.0 -64.25
768.4 -65.37
768.8 -64.58
769.2 -63.85
769.6 -64.63
770.0 -64.41
770.4 -64.33
770.8 -64.91
771.2 -64.35
771.6 -64.35
772.0 -64.78
772.4 -65.27
772.8 -64.9
773.2 -64.53
773.6 -64.29
774.0 -63.89
774.4 -64.33
774.8 -64.92
775.2 -64.66
775.6 -65.07
776.0 -64.07
776.4 -64.12
776.8 -64.25
777.2 -65.16
777.6 -64.62
778.0 -64.39
778.4 -64.37
778.8 -64.26
779.2 -64.26
779.6 -63.89
780.0 -64.63
780.4 -64.83
780.8 -64.6
781.2 -64.15
781.6 -64.11
782.0 -64.59
782.4 -64.09
782.8 -64.22
783.2 -64.18
783.6 -63.65
784.0 -64.44
784.4 -63.96
784.8 -63.78
785.2 -63.83
785.6 -64.35
786.0 -63.87
786.4 -63.96
786.8 -63.96
787.2 -63.91
787.6 -64.19
788.0 -64.11
788.4 -64.15
788.8 -64.78
789.2 -63.76
789.6 -64.41
790.0 -63.24
790.4 -64.14
790.8 -63.22
791.2 -64.01
791.6 -64.05
792.0 -63.91
792.4 -63.86
792.8 -64.87
793.2 -64.44
793.6 -64.0
794.0 -63.81
794.4 -64.74
794.8 -63.96
795.2 -63.07
795.6 -64.02
796.0 -64.59
796.4 -63.76
796.8 -64.08
797.2 -64.09
797.6 -63.59
798.0 -64.14
798.4 -64.65
798.8 -64.16
799.2 -64.06
799.6 -64.11
800.0 -64.25
800.4 -63.68
800.8 -63.11
801.2 -62.83
801.6 -63.08
802.0 -63.12
802.4 -64.16
802.8 -63.5
803.2 -63.79
803.6 -64.35
804.0 -63.2
804.4 -63.44
804.8 -63.53
805.2 -63.8
805.6 -62.76
806.0 -62.17
806.4 -60.19
806.8 -56.91
807.2 -53.19
807.6 -49.26
808.0 -47.9
808.4 -48.88
808.8 -49.46
809.2 -53.32
809.6 -60.67
810.0 -62.08
810.4 -62.99
810.8 -63.26
811.2 -63.1
811.6 -63.83
812.0 -63.68
812.4 -63.84
812.8 -63.8
813.2 -63.18
813.6 -63.71
814.0 -63.57
814.4 -63.12
814.8 -63.48
815.2 -63.11
815.6 -63.65
816.0 -63.61
816.4 -63.58
816.8 -62.91
817.2 -62.76
817.6 -63.89
818.0 -64.08
818.4 -63.56
818.8 -63.89
819.2 -63.29
819.6 -64.14
820.0 -63.8
820.4 -63.32
820.8 -63.34
821.2 -63.31
821.6 -63.14
822.0 -63.05
822.4 -63.34
822.8 -63.53
823.2 -63.7
823.6 -63.56
824.0 -63.67
824.4 -63.24
824.8 -63.37
825.2 -63.44
825.6 -63.1
826.0 -63.51
826.4 -63.2
826.8 -63.57
827.2 -63.81
827.6 -62.78
828.0 -63.24
828.4 -63.65
828.8 -63.89
829.2 -63.08
829.6 -62.65
830.0 -62.7
830.4 -63.15
830.8 -63.6
831.2 -62.9
831.6 -63.39
832.0 -62.69
832.4 -62.71
832.8 -62.93
833.2 -63.19
833.6 -63.22
834.0 -62.54
834.4 -63.06
834.8 -62.59
835.2 -62.52
835.6 -62.34
836.0 -62.52
836.4 -62.77
836.8 -62.88
837.2 -62.09
837.6 -62.83
838.0 -62.68
838.4 -62.65
838.8 -62.59
839.2 -62.58
839.6 -62.49
840.0 -62.51
840.4 -62.47
840.8 -62.18
841.2 -62.71
841.6 -63.2
842.0 -62.47
842.4 -62.09
842.8 -62.36
843.2 -62.54
843.6 -62.45
844.0 -62.35
844.4 -62.44
844.8 -62.61
845.2 -62.72
845.6 -62.05
846.0 -62.61
846.4 -62.57
846.8 -62.73
847.2 -62.45
847.6 -62.63
848.0 -62.37
848.4 -62.6
848.8 -62.65
849.2 -62.56
849.6 -62.19
850.0 -62.56
850.4 -62.39
850.8 -62.43
851.2 -62.89
851.6 -62.16
852.0 -62.2
852.4 -62.04
852.8 -62.57
853.2 -62.58
853.6 -62.15
854.0 -62.13
854.4 -62.34
854.8 -62.24
855.2 -61.95
855.6 -62.21
856.0 -62.5
856.4 -62.26
856.8 -62.25
857.2 -62.32
857.6 -62.05
858.0 -61.88
858.4 -62.19
858.8 -62.32
859.2 -61.87
859.6 -62.45
860.0 -61.92
860.4 -62.06
860.8 -62.06
861.2 -61.92
861.6 -61.92
862.0 -62.15
862.4 -61.9
862.8 -61.64
863.2 -61.8
863.6 -61.81
864.0 -62.14
864.4 -62.26
864.8 -62.04
865.2 -62.14
865.6 -62.05
866.0 -61.8
866.4 -62.19
866.8 -61.71
867.2 -61.67
867.6 -62.08
868.0 -61.48
868.4 -61.81
868.8 -61.5
869.2 -61.79
869.6 -61.84
870.0 -61.65
870.4 -61.77
870.8 -61.92
871.2 -61.7
871.6 -61.79
872.0 -61.64
872.4 -61.94
872.8 -61.77
873.2 -62.09
873.6 -61.8
874.0 -61.95
874.4 -61.85
874.8 -61.59
875.2 -61.74
875.6 -61.74
876.0 -61.7
876.4 -61.76
876.8 -61.55
877.2 -61.5
877.6 -61.47
878.0 -61.24
878.4 -61.62
878.8 -61.37
879.2 -61.5
879.6 -61.31
880.0 -61.53
880.4 -61.55
880.8 -61.17
881.2 -61.69
881.6 -61.64
882.0 -61.52
882.4 -61.3
882.8 -61.39
883.2 -61.46
883.6 -61.32
884.0 -61.34
884.4 -61.52
884.8 -61.34
885.2 -61.19
885.6 -61.45
886.0 -61.24
886.4 -61.28
886.8 -61.05
887.2 -61.35
887.6 -61.59
888.0 -61.05
888.4 -61.29
888.8 -61.56
889.2 -61.33
889.6 -61.5
890.0 -61.05
890.4 -61.17
890.8 -60.97
891.2 -61.06
891.6 -61.04
892.0 -61.19
892.4 -61.07
892.8 -61.11
893.2 -61.07
893.6 -60.94
894.0 -61.05
894.4 -60.68
894.8 -60.94
895.2 -61.26
895.6 -61.08
896.0 -61.0
896.4 -61.16
896.8 -61.24
897.2 -60.98
897.6 -60.82
898.0 -61.06
898.4 -60.5
898.8 -60.91
899.2 -60.83
899.6 -60.95
900.0 -60.99
900.4 -60.93
900.8 -60.86
901.2 -60.48
901.6 -60.75
902.0 -60.41
902.4 -60.85
902.8 -60.91
903.2 -60.49
903.6 -60.82
904.0 -60.72
904.4 -60.67
904.8 -60.72
905.2 -61.09
905.6 -60.73
906.0 -60.68
906.4 -60.63
906.8 -60.68
907.2 -60.67
907.6 -60.55
908.0 -60.5
908.4 -60.29
908.8 -60.46
909.2 -60.4
909.6 -60.15
910.0 -60.37
910.4 -60.42
910.8 -60.45
911.2 -60.27
911.6 -60.17
912.0 -60.07
912.4 -60.25
912.8 -60.05
913.2 -60.02
913.6 -60.17
914.0 -59.96
914.4 -60.15
914.8 -60.09
915.2 -59.95
915.6 -59.82
916.0 -60.17
916.4 -59.7
916.8 -59.79
917.2 -59.97
917.6 -59.7
918.0 -59.88
918.4 -59.52
918.8 -59.96
919.2 -60.06
919.6 -59.75
920.0 -59.82
920.4 -59.76
920.8 -59.53
921.2 -59.63
921.6 -59.82
922.0 -59.47
922.4 -59.21
922.8 -59.5
923.2 -59.38
923.6 -59.66
924.0 -59.52
924.4 -59.51
924.8 -59.6
925.2 -59.36
925.6 -59.39
926.0 -59.25
926.4 -59.34
926.8 -59.51
927.2 -59.35
927.6 -59.11
928.0 -59.13
928.4 -59.24
928.8 -59.24
929.2 -59.24
929.6 -59.03
930.0 -59.09
930.4 -59.06
930.8 -58.98
931.2 -58.97
931.6 -59.29
932.0 -58.83
932.4 -59.01
932.8 -58.89
933.2 -58.96
933.6 -58.66
934.0 -58.86
934.4 -58.8
934.8 -58.75
935.2 -59.03
935.6 -58.73
936.0 -58.71
936.4 -58.74
936.8 -58.77
937.2 -58.69
937.6 -58.83
938.0 -58.68
938.4 -58.68
938.8 -58.61
939.2 -58.62
939.6 -58.63
940.0 -58.65
940.4 -58.6
940.8 -58.64
941.2 -58.52
941.6 -58.4
942.0 -58.45
942.4 -58.54
942.8 -58.65
943.2 -58.51
943.6 -58.34
944.0 -58.45
944.4 -58.34
944.8 -58.4
945.2 -58.28
945.6 -58.28
946.0 -58.29
946.4 -58.17
946.8 -58.28
947.2 -58.07
947.6 -58.22
948.0 -58.24
948.4 -58.16
948.8 -58.17
949.2 -58.05
949.6 -57.93
950.0 -58.13
950.4 -58.02
950.8 -57.92
951.2 -58.12
951.6 -57.96
952.0 -58.09
952.4 -57.99
952.8 -57.95
953.2 -58.13
953.6 -57.92
954.0 -58.02
954.4 -57.93
954.8 -58.02
955.2 -58.02
955.6 -57.92
956.0 -57.98
956.4 -57.93
956.8 -57.93
957.2 -57.85
957.6 -57.82
958.0 -57.79
958.4 -57.82
958.8 -57.76
959.2 -57.73
959.6 -57.68
960.0 -57.64
960.4 -57.7
960.8 -57.68
961.2 -57.41
961.6 -57.64
962.0 -57.54
962.4 -57.49
962.8 -57.59
963.2 -57.41
963.6 -57.35
964.0 -57.33
964.4 -57.37
964.8 -57.38
965.2 -57.43
965.6 -57.35
966.0 -57.23
966.4 -57.31
966.8 -57.24
967.2 -57.22
967.6 -57.27
968.0 -57.29
968.4 -57.3
968.8 -57.28
969.2 -57.3
969.6 -57.22
970.0 -57.42
970.4 -57.39
970.8 -57.3
971.2 -57.4
971.6 -57.34
972.0 -57.26
972.4 -57.35
972.8 -57.33
973.2 -57.41
973.6 -57.38
974.0 -57.46
974.4 -57.56
974.8 -57.44
975.2 -57.57
975.6 -57.62
976.0 -57.56
976.4 -57.63
976.8 -57.46
977.2 -57.66
977.6 -57.63
978.0 -57.56
978.4 -57.66
978.8 -57.74
979.2 -57.74
979.6 -57.66
980.0 -57.68
980.4 -57.74
980.8 -57.83
981.2 -57.52
981.6 -57.58
982.0 -57.64
982.4 -57.4
982.8 -57.36
983.2 -57.45
983.6 -57.37
984.0 -57.35
984.4 -57.2
984.8 -57.13
985.2 -57.08
985.6 -57.1
986.0 -57.06
986.4 -57.03
986.8 -56.98
987.2 -56.96
987.6 -56.84
988.0 -56.86
988.4 -56.81
988.8 -56.82
989.2 -56.67
989.6 -56.75
990.0 -56.6
990.4 -56.75
990.8 -56.64
991.2 -56.77
991.6 -56.64
992.0 -56.52
992.4 -56.56
992.8 -56.5
993.2 -56.62
993.6 -56.7
994.0 -56.46
994.4 -56.7
994.8 -56.54
995.2 -56.6
995.6 -56.62
996.0 -56.63
996.4 -56.64
996.8 -56.69
997.2 -56.7
997.6 -56.8
998.0 -56.76
998.4 -56.82
998.8 -56.83
999.2 -56.77
999.6 -57.02
1000.0 -56.86
