600.0 -71.58
600.4 -78.13
600.8 -210.0
601.2 -71.9
601.6 -210.0
602.0 -74.72
602.4 -70.86
602.8 -210.0
603.2 -74.34
603.6 -210.0
604.0 -70.78
604.4 -210.0
604.8 -74.9
605.2 -210.0
605.6 -73.36
606.0 -210.0
606.4 -72.78
606.8 -75.54
607.2 -210.0
607.6 -210.0
608.0 -210.0
608.4 -210.0
608.8 -71.92
609.2 -73.93
609.6 -78.73
610.0 -70.97
610.4 -73.67
610.8 -74.03
611.2 -75.3
611.6 -210.0
612.0 -77.11
612.4 -210.0
612.8 -74.95
613.2 -210.0
613.6 -74.2
614.0 -210.0
614.4 -210.0
614.8 -85.07
615.2 -73.62
615.6 -75.11
616.0 -74.34
616.4 -72.15
616.8 -80.4
617.2 -210.0
617.6 -82.22
618.0 -210.0
618.4 -74.86
618.8 -71.68
619.2 -70.55
619.6 -82.34
620.0 -79.34
620.4 -210.0
620.8 -74.62
621.2 -73.98
621.6 -210.0
622.0 -70.44
622.4 -72.29
622.8 -210.0
623.2 -79.54
623.6 -69.06
624.0 -72.0
624.4 -72.86
624.8 -210.0
625.2 -85.7
625.6 -210.0
626.0 -210.0
626.4 -210.0
626.8 -72.18
627.2 -73.26
627.6 -73.8
628.0 -71.39
628.4 -73.11
628.8 -69.48
629.2 -70.75
629.6 -75.97
630.0 -69.66
630.4 -72.6
630.8 -210.0
631.2 -72.86
631.6 -74.07
632.0 -83.14
632.4 -210.0
632.8 -72.06
633.2 -70.21
633.6 -73.03
634.0 -75.49
634.4 -72.0
634.8 -72.73
635.2 -72.23
635.6 -70.61
636.0 -73.88
636.4 -210.0
636.8 -210.0
637.2 -73.52
637.6 -74.79
638.0 -75.79
638.4 -70.08
638.8 -71.59
639.2 -70.34
639.6 -71.39
640.0 -210.0
640.4 -73.77
640.8 -71.37
641.2 -71.53
641.6 -82.11
642.0 -73.69
642.4 -75.82
642.8 -72.68
643.2 -73.22
643.6 -69.36
644.0 -72.18
644.4 -73.33
644.8 -71.26
645.2 -71.76
645.6 -69.54
646.0 -70.55
646.4 -73.7
646.8 -69.57
647.2 -82.61
647.6 -70.27
648.0 -70.05
648.4 -69.71
648.8 -69.15
649.2 -70.01
649.6 -69.48
650.0 -69.83
650.4 -72.3
650.8 -69.76
651.2 -68.93
651.6 -70.14
652.0 -71.29
652.4 -69.51
652.8 -71.2
653.2 -70.48
653.6 -68.95
654.0 -68.78
654.4 -70.01
654.8 -70.41
655.2 -72.88
655.6 -69.95
656.0 -69.88
656.4 -71.64
656.8 -72.22
657.2 -69.75
657.6 -69.48
658.0 -70.77
658.4 -70.95
658.8 -69.3
659.2 -69.56
659.6 -69.98
660.0 -69.57
660.4 -68.4
660.8 -70.45
661.2 -69.06
661.6 -72.25
662.0 -71.07
662.4 -71.46
662.8 -69.57
663.2 -70.88
663.6 -70.62
664.0 -68.89
664.4 -69.18
664.8 -68.3
665.2 -73.22
665.6 -71.07
666.0 -70.29
666.4 -69.37
666.8 -69.37
667.2 -69.24
667.6 -70.88
668.0 -68.35
668.4 -70.14
668.8 -68.35
669.2 -69.57
669.6 -68.89
670.0 -68.44
670.4 -70.7
670.8 -68.48
671.2 -69.29
671.6 -68.81
672.0 -68.17
672.4 -67.89
672.8 -68.79
673.2 -68.11
673.6 -70.58
674.0 -68.84
674.4 -69.58
674.8 -70.23
675.2 -68.94
675.6 -69.37
676.0 -68.93
676.4 -70.22
676.8 -71.28
677.2 -70.21
677.6 -69.62
678.0 -67.23
678.4 -70.28
678.8 -69.02
679.2 -68.05
679.6 -69.08
680.0 -67.63
680.4 -70.51
680.8 -68.77
681.2 -68.33
681.6 -69.3
682.0 -69.43
682.4 -69.92
682.8 -67.96
683.2 -71.21
683.6 -68.56
684.0 -69.47
684.4 -69.01
684.8 -67.89
685.2 -67.78
685.6 -70.19
686.0 -68.37
686.4 -68.99
686.8 -67.58
687.2 -69.79
687.6 -67.8
688.0 -68.09
688.4 -69.21
688.8 -69.21
689.2 -67.83
689.6 -68.38
690.0 -68.65
690.4 -68.0
690.8 -68.93
691.2 -68.86
691.6 -68.24
692.0 -68.56
692.4 -68.44
692.8 -69.29
693.2 -67.49
693.6 -66.58
694.0 -67.23
694.4 -69.46
694.8 -69.32
695.2 -70.13
695.6 -70.05
696.0 -69.58
696.4 -66.67
696.8 -68.32
697.2 -67.9
697.6 -67.35
698.0 -66.73
698.4 -67.98
698.8 -67.88
699.2 -67.63
699.6 -67.68
700.0 -67.81
700.4 -67.71
700.8 -68.49
701.2 -67.55
701.6 -66.72
702.0 -67.88
702.4 -66.58
702.8 -66.97
703.2 -67.13
703.6 -67.62
704.0 -66.75
704.4 -66.7
704.8 -66.98
705.2 -67.18
705.6 -66.89
706.0 -68.76
706.4 -67.96
706.8 -67.12
707.2 -67.37
707.6 -67.2
708.0 -67.64
708.4 -67.26
708.8 -66.76
709.2 -67.43
709.6 -66.3
710.0 -66.05
710.4 -66.55
710.8 -68.01
711.2 -68.17
711.6 -66.97
712.0 -66.6
712.4 -66.88
712.8 -67.0
713.2 -66.33
713.6 -66.78
714.0 -66.36
714.4 -67.15
714.8 -66.98
715.2 -67.14
715.6 -66.8
716.0 -67.55
716.4 -65.91
716.8 -68.05
717.2 -66.39
717.6 -67.08
718.0 -67.07
718.4 -66.81
718.8 -66.26
719.2 -67.86
719.6 -67.1
720.0 -67.09
720.4 -65.97
720.8 -66.95
721.2 -67.12
721.6 -66.39
722.0 -67.78
722.4 -66.69
722.8 -67.24
723.2 -66.89
723.6 -66.22
724.0 -66.88
724.4 -66.47
724.8 -66.62
725.2 -67.65
725.6 -67.5
726.0 -66.82
726.4 -67.16
726.8 -66.76
727.2 -66.48
727.6 -67.39
728.0 -66.55
728.4 -65.41
728.8 -66.74
729.2 -66.79
729.6 -66.46
730.0 -67.31
730.4 -67.97
730.8 -66.44
731.2 -66.4
731.6 -66.56
732.0 -66.47
732.4 -66.06
732.8 -67.19
733.2 -66.66
733.6 -66.02
734.0 -66.16
734.4 -66.41
734.8 -66.41
735.2 -66.08
735.6 -66.36
736.0 -66.98
736.4 -66.24
736.8 -66.55
737.2 -67.11
737.6 -66.5
738.0 -67.01
738.4 -66.23
738.8 -64.96
739.2 -66.33
739.6 -66.82
740.0 -66.29
740.4 -67.03
740.8 -66.48
741.2 -65.45
741.6 -67.35
742.0 -66.8
742.4 -67.02
742.8 -65.5
743.2 -66.27
743.6 -65.63
744.0 -66.41
744.4 -66.37
744.8 -66.66
745.2 -66.18
745.6 -66.28
746.0 -67.08
746.4 -67.18
746.8 -66.02
747.2 -65.98
747.6 -65.91
748.0 -66.31
748.4 -67.55
748.8 -66.88
749.2 -66.11
749.6 -65.56
750.0 -66.79
750.4 -65.71
750.8 -66.24
751.2 -67.48
751.6 -66.77
752.0 -66.19
752.4 -66.84
752.8 -65.64
753.2 -65.92
753.6 -66.74
754.0 -66.61
754.4 -65.59
754.8 -66.77
755.2 -65.92
755.6 -65.92
756.0 -65.91
756.4 -65.67
756.8 -65.49
757.2 -66.05
757.6 -65.86
758.0 -66.35
758.4 -66.42
758.8 -65.81
759.2 -65.98
759.6 -67.58
760.0 -66.79
760.4 -65.83
760.8 -66.04
761.2 -67.01
761.6 -67.01
762.0 -66.18
762.4 -66.68
762.8 -65.83
763.2 -66.25
763.6 -65.69
764.0 -65.58
764.4 -66.45
764.8 -65.6
765.2 -65.89
765.6 -65.6
766.0 -66.55
766.4 -66.1
766.8 -65.72
767.2 -65.9
767.6 -65.72
768.0 -65.89
768.4 -66.49
768.8 -66.65
769.2 -66.44
769.6 -66.15
770.0 -65.73
770.4 -66.3
770.8 -64.97
771.2 -65.03
771.6 -64.94
772.0 -65.24
772.4 -65.75
772.8 -65.58
773.2 -65.21
773.6 -65.27
774.0 -65.57
774.4 -65.64
774.8 -65.33
775.2 -66.41
775.6 -64.8
776.0 -65.59
776.4 -65.66
776.8 -65.16
777.2 -65.73
777.6 -65.39
778.0 -65.76
778.4 -65.87
778.8 -65.31
779.2 -65.28
779.6 -65.09
780.0 -64.98
780.4 -64.89
780.8 -64.98
781.2 -64.8
781.6 -64.76
782.0 -65.46
782.4 -66.24
782.8 -66.2
783.2 -64.84
783.6 -65.28
784.0 -65.66
784.4 -64.67
784.8 -65.91
785.2 -64.92
785.6 -64.95
786.0 -64.3
786.4 -65.64
786.8 -65.36
787.2 -65.33
787.6 -64.94
788.0 -64.68
788.4 -65.35
788.8 -64.61
789.2 -65.49
789.6 -65.12
790.0 -66.58
790.4 -64.66
790.8 -65.02
791.2 -64.53
791.6 -65.04
792.0 -65.83
792.4 -64.82
792.8 -65.15
793.2 -64.72
793.6 -64.33
794.0 -64.77
794.4 -65.41
794.8 -65.41
795.2 -64.92
795.6 -64.08
796.0 -64.79
796.4 -64.98
796.8 -64.94
797.2 -65.32
797.6 -65.16
798.0 -64.78
798.4 -65.05
798.8 -65.67
799.2 -64.51
799.6 -65.25
800.0 -64.36
800.4 -66.12
800.8 -65.07
801.2 -64.83
801.6 -65.67
802.0 -64.71
802.4 -65.7
802.8 -64.72
803.2 -64.38
803.6 -64.75
804.0 -64.1
804.4 -64.94
804.8 -65.37
805.2 -64.59
805.6 -63.65
806.0 -62.54
806.4 -60.83
806.8 -57.6
807.2 -53.94
807.6 -50.0
808.0 -48.67
808.4 -49.6
808.8 -50.08
809.2 -53.8
809.6 -61.47
810.0 -63.18
810.4 -64.39
810.8 -64.62
811.2 -64.82
811.6 -64.17
812.0 -64.28
812.4 -64.21
812.8 -64.37
813.2 -64.44
813.6 -64.45
814.0 -64.11
814.4 -64.59
814.8 -64.6
815.2 -64.69
815.6 -64.64
816.0 -65.55
816.4 -64.78
816.8 -64.47
817.2 -64.43
817.6 -64.97
818.0 -64.71
818.4 -64.58
818.8 -64.3
819.2 -64.71
819.6 -64.36
820.0 -64.73
820.4 -63.72
820.8 -64.14
821.2 -64.12
821.6 -64.93
822.0 -63.87
822.4 -64.58
822.8 -64.75
823.2 -64.88
823.6 -63.96
824.0 -64.28
824.4 -64.49
824.8 -64.21
825.2 -64.35
825.6 -64.13
826.0 -64.65
826.4 -64.81
826.8 -64.39
827.2 -64.03
827.6 -63.72
828.0 -64.81
828.4 -64.81
828.8 -64.25
829.2 -63.48
829.6 -64.39
830.0 -64.17
830.4 -64.45
830.8 -63.7
831.2 -64.51
831.6 -65.52
832.0 -64.13
832.4 -63.75
832.8 -63.98
833.2 -64.56
833.6 -63.78
834.0 -63.57
834.4 -63.3
834.8 -63.28
835.2 -64.08
835.6 -63.78
836.0 -63.43
836.4 -63.48
836.8 -63.59
837.2 -63.78
837.6 -63.7
838.0 -63.71
838.4 -63.55
838.8 -63.94
839.2 -63.38
839.6 -63.69
840.0 -63.41
840.4 -63.41
840.8 -63.69
841.2 -64.27
841.6 -63.42
842.0 -63.95
842.4 -63.21
842.8 -63.73
843.2 -63.41
843.6 -63.46
844.0 -63.48
844.4 -64.03
844.8 -63.58
845.2 -63.63
845.6 -63.43
846.0 -63.18
846.4 -63.4
846.8 -63.15
847.2 -63.67
847.6 -63.42
848.0 -63.2
848.4 -63.08
848.8 -63.33
849.2 -63.8
849.6 -63.04
850.0 -63.04
850.4 -63.03
850.8 -63.43
851.2 -63.11
851.6 -63.08
852.0 -63.11
852.4 -63.03
852.8 -63.27
853.2 -63.35
853.6 -63.17
854.0 -63.07
854.4 -63.06
854.8 -62.77
855.2 -62.91
855.6 -62.76
856.0 -62.86
856.4 -62.83
856.8 -62.84
857.2 -62.85
857.6 -62.75
858.0 -62.66
858.4 -63.04
858.8 -62.76
859.2 -62.62
859.6 -62.68
860.0 -62.63
860.4 -62.83
860.8 -62.62
861.2 -62.65
861.6 -62.66
862.0 -63.01
862.4 -62.55
862.8 -62.5
863.2 -62.64
863.6 -62.92
864.0 -62.3
864.4 -62.46
864.8 -62.43
865.2 -62.97
865.6 -62.58
866.0 -62.79
866.4 -63.11
866.8 -62.59
867.2 -62.28
867.6 -62.59
868.0 -62.39
868.4 -62.48
868.8 -62.38
869.2 -62.11
869.6 -62.34
870.0 -62.11
870.4 -61.93
870.8 -61.91
871.2 -62.48
871.6 -62.18
872.0 -62.41
872.4 -62.17
872.8 -62.41
873.2 -62.31
873.6 -62.38
874.0 -62.38
874.4 -62.25
874.8 -62.44
875.2 -62.24
875.6 -62.03
876.0 -62.47
876.4 -62.26
876.8 -61.85
877.2 -62.07
877.6 -62.57
878.0 -62.1
878.4 -62.27
878.8 -61.68
879.2 -61.86
879.6 -62.34
880.0 -61.73
880.4 -61.77
880.8 -62.24
881.2 -61.85
881.6 -61.9
882.0 -61.8
882.4 -62.08
882.8 -62.25
883.2 -61.86
883.6 -61.38
884.0 -62.03
884.4 -61.84
884.8 -61.91
885.2 -61.64
885.6 -61.38
886.0 -62.05
886.4 -61.88
886.8 -61.81
887.2 -61.91
887.6 -61.4
888.0 -61.56
888.4 -62.09
888.8 -61.61
889.2 -61.75
889.6 -61.43
890.0 -61.79
890.4 -61.54
890.8 -61.66
891.2 -61.29
891.6 -61.4
892.0 -61.83
892.4 -61.68
892.8 -61.83
893.2 -61.56
893.6 -61.68
894.0 -61.99
894.4 -61.71
894.8 -61.38
895.2 -61.37
895.6 -62.13
896.0 -61.4
896.4 -61.26
896.8 -61.27
897.2 -61.58
897.6 -61.59
898.0 -61.42
898.4 -61.6
898.8 -61.68
899.2 -61.2
899.6 -61.74
900.0 -61.43
900.4 -61.38
900.8 -61.46
901.2 -61.56
901.6 -61.04
902.0 -61.54
902.4 -61.43
902.8 -61.54
903.2 -60.91
903.6 -61.4
904.0 -61.31
904.4 -61.42
904.8 -61.32
905.2 -61.15
905.6 -61.23
906.0 -61.19
906.4 -60.97
906.8 -60.86
907.2 -61.01
907.6 -61.12
908.0 -61.1
908.4 -60.9
908.8 -60.87
909.2 -61.41
909.6 -60.95
910.0 -61.07
910.4 -61.07
910.8 -60.82
911.2 -60.92
911.6 -60.89
912.0 -60.65
912.4 -60.75
912.8 -60.65
913.2 -60.65
913.6 -60.92
914.0 -60.5
914.4 -60.46
914.8 -60.82
915.2 -60.68
915.6 -60.82
916.0 -60.52
916.4 -60.55
916.8 -60.55
917.2 -60.54
917.6 -60.27
918.0 -60.47
918.4 -60.4
918.8 -60.49
919.2 -60.29
919.6 -60.14
920.0 -60.22
920.4 -60.41
920.8 -60.29
921.2 -60.35
921.6 -60.07
922.0 -60.49
922.4 -60.21
922.8 -60.42
923.2 -60.18
923.6 -60.11
924.0 -60.34
924.4 -59.98
924.8 -59.84
925.2 -60.21
925.6 -60.0
926.0 -59.85
926.4 -60.04
926.8 -59.89
927.2 -60.0
927.6 -59.9
928.0 -59.78
928.4 -59.75
928.8 -59.85
929.2 -59.84
929.6 -59.87
930.0 -59.64
930.4 -59.87
930.8 -59.78
931.2 -59.73
931.6 -59.64
932.0 -59.65
932.4 -59.86
932.8 -59.64
933.2 -59.68
933.6 -59.34
934.0 -59.62
934.4 -59.77
934.8 -59.54
935.2 -59.73
935.6 -59.71
936.0 -59.51
936.4 -59.57
936.8 -59.72
937.2 -59.6
937.6 -59.55
938.0 -59.56
938.4 -59.46
938.8 -59.28
939.2 -59.05
939.6 -58.91
940.0 -59.32
940.4 -59.21
940.8 -59.39
941.2 -59.44
941.6 -59.55
942.0 -59.4
942.4 -59.46
942.8 -59.34
943.2 -59.35
943.6 -59.25
944.0 -59.12
944.4 -59.11
944.8 -58.99
945.2 -59.17
945.6 -58.99
946.0 -59.01
946.4 -59.05
946.8 -58.99
947.2 -59.0
947.6 -59.08
948.0 -59.15
948.4 -58.83
948.8 -59.01
949.2 -58.98
949.6 -58.95
950.0 -59.05
950.4 -58.84
950.8 -59.09
951.2 -58.93
951.6 -58.88
952.0 -58.84
952.4 -59.01
952.8 -58.78
953.2 -58.89
953.6 -58.57
954.0 -58.83
954.4 -58.89
954.8 -58.74
955.2 -58.82
955.6 -58.81
956.0 -58.83
956.4 -58.82
956.8 -58.84
957.2 -58.61
957.6 -58.7
958.0 -58.74
958.4 -58.62
958.8 -58.76
959.2 -58.65
959.6 -58.54
960.0 -58.58
960.4 -58.6
960.8 -58.57
961.2 -58.68
961.6 -58.54
962.0 -58.64
962.4 -58.43
962.8 -58.37
963.2 -58.33
963.6 -58.37
964.0 -58.36
964.4 -58.37
964.8 -58.27
965.2 -58.16
965.6 -58.09
966.0 -58.3
966.4 -58.19
966.8 -58.35
967.2 -58.2
967.6 -58.3
968.0 -58.26
968.4 -58.2
968.8 -58.14
969.2 -58.25
969.6 -58.35
970.0 -58.16
970.4 -58.35
970.8 -58.13
971.2 -58.18
971.6 -58.26
972.0 -58.12
972.4 -58.27
972.8 -58.33
973.2 -58.42
973.6 -58.25
974.0 -58.43
974.4 -58.39
974.8 -58.33
975.2 -58.52
975.6 -58.53
976.0 -58.46
976.4 -58.65
976.8 -58.68
977.2 -58.63
977.6 -58.54
978.0 -58.53
978.4 -58.71
978.8 -58.71
979.2 -58.58
979.6 -58.65
980.0 -58.52
980.4 -58.55
980.8 -58.54
981.2 -58.64
981.6 -58.48
982.0 -58.44
982.4 -58.54
982.8 -58.28
983.2 -58.39
983.6 -58.19
984.0 -58.38
984.4 -58.13
984.8 -57.97
985.2 -57.95
985.6 -57.95
986.0 -58.14
986.4 -57.94
986.8 -57.98
987.2 -57.87
987.6 -57.8
988.0 -57.82
988.4 -57.68
988.8 -57.78
989.2 -57.79
989.6 -57.67
990.0 -57.61
990.4 -57.52
990.8 -57.79
991.2 -57.47
991.6 -57.51
992.0 -57.45
992.4 -57.52
992.8 -57.57
993.2 -57.63
993.6 -57.52
994.0 -57.48
994.4 -57.53
994.8 -57.49
995.2 -57.57
995.6 -57.6
996.0 -57.59
996.4 -57.6
996.8 -57.57
997.2 -57.62
997.6 -57.6
998.0 -57.68
998.4 -57.65
998.8 -57.68
999.2 -57.84
999.6 -57.79
1000.0 -57.57
