600.0 -210.0
600.4 -210.0
600.8 -210.0
601.2 -210.0
601.6 -76.45
602.0 -210.0
602.4 -210.0
602.8 -84.32
603.2 -210.0
603.6 -77.38
604.0 -74.4
604.4 -70.27
604.8 -72.14
605.2 -78.44
605.6 -210.0
606.0 -71.3
606.4 -73.75
606.8 -210.0
607.2 -210.0
607.6 -210.0
608.0 -210.0
608.4 -70.53
608.8 -210.0
609.2 -74.73
609.6 -210.0
610.0 -76.99
610.4 -73.04
610.8 -73.06
611.2 -77.06
611.6 -77.09
612.0 -73.76
612.4 -210.0
612.8 -73.81
613.2 -210.0
613.6 -210.0
614.0 -210.0
614.4 -210.0
614.8 -210.0
615.2 -210.0
615.6 -210.0
616.0 -210.0
616.4 -210.0
616.8 -210.0
617.2 -79.18
617.6 -76.19
618.0 -75.71
618.4 -210.0
618.8 -74.88
619.2 -210.0
619.6 -79.32
620.0 -75.82
620.4 -210.0
620.8 -210.0
621.2 -210.0
621.6 -210.0
622.0 -210.0
622.4 -210.0
622.8 -77.76
623.2 -210.0
623.6 -210.0
624.0 -210.0
624.4 -210.0
624.8 -72.05
625.2 -72.69
625.6 -73.41
626.0 -77.96
626.4 -210.0
626.8 -210.0
627.2 -210.0
627.6 -81.07
628.0 -210.0
628.4 -85.9
628.8 -72.69
629.2 -210.0
629.6 -210.0
630.0 -210.0
630.4 -72.8
630.8 -72.63
631.2 -75.29
631.6 -210.0
632.0 -210.0
632.4 -210.0
632.8 -210.0
633.2 -77.78
633.6 -79.27
634.0 -210.0
634.4 -70.87
634.8 -78.56
635.2 -73.59
635.6 -80.38
636.0 -71.96
636.4 -210.0
636.8 -210.0
637.2 -75.73
637.6 -74.51
638.0 -210.0
638.4 -69.8
638.8 -210.0
639.2 -80.65
639.6 -73.48
640.0 -71.05
640.4 -76.36
640.8 -78.36
641.2 -82.07
641.6 -71.44
642.0 -74.87
642.4 -210.0
642.8 -74.95
643.2 -74.72
643.6 -210.0
644.0 -82.32
644.4 -73.71
644.8 -84.17
645.2 -71.52
645.6 -210.0
646.0 -210.0
646.4 -81.29
646.8 -210.0
647.2 -210.0
647.6 -210.0
648.0 -87.46
648.4 -71.47
648.8 -77.99
649.2 -210.0
649.6 -73.29
650.0 -77.62
650.4 -71.82
650.8 -71.82
651.2 -74.4
651.6 -77.21
652.0 -76.16
652.4 -210.0
652.8 -75.59
653.2 -75.33
653.6 -210.0
654.0 -84.64
654.4 -77.65
654.8 -72.34
655.2 -79.87
655.6 -210.0
656.0 -77.25
656.4 -73.52
656.8 -210.0
657.2 -84.67
657.6 -210.0
658.0 -79.89
658.4 -72.62
658.8 -75.38
659.2 -74.46
659.6 -73.06
660.0 -71.9
660.4 -73.55
660.8 -73.22
661.2 -73.38
661.6 -70.79
662.0 -72.78
662.4 -210.0
662.8 -72.25
663.2 -75.65
663.6 -210.0
664.0 -70.97
664.4 -210.0
664.8 -72.64
665.2 -75.39
665.6 -73.72
666.0 -75.39
666.4 -71.67
666.8 -74.69
667.2 -78.66
667.6 -74.69
668.0 -71.9
668.4 -75.14
668.8 -74.47
669.2 -73.89
669.6 -71.07
670.0 -210.0
670.4 -77.27
670.8 -77.26
671.2 -210.0
671.6 -73.36
672.0 -71.87
672.4 -71.64
672.8 -72.6
673.2 -76.52
673.6 -79.87
674.0 -72.2
674.4 -70.92
674.8 -84.63
675.2 -71.95
675.6 -74.41
676.0 -71.71
676.4 -72.57
676.8 -210.0
677.2 -73.14
677.6 -77.2
678.0 -71.69
678.4 -74.6
678.8 -72.68
679.2 -73.12
679.6 -71.36
680.0 -71.46
680.4 -72.96
680.8 -210.0
681.2 -71.45
681.6 -74.34
682.0 -71.22
682.4 -76.09
682.8 -72.49
683.2 -75.78
683.6 -70.21
684.0 -71.51
684.4 -77.53
684.8 -69.74
685.2 -73.37
685.6 -72.74
686.0 -72.73
686.4 -73.03
686.8 -75.45
687.2 -81.47
687.6 -79.7
688.0 -79.03
688.4 -73.86
688.8 -73.86
689.2 -72.02
689.6 -70.48
690.0 -72.68
690.4 -71.21
690.8 -74.44
691.2 -71.31
691.6 -72.52
692.0 -73.81
692.4 -73.61
692.8 -71.85
693.2 -80.42
693.6 -73.09
694.0 -73.42
694.4 -77.84
694.8 -71.47
695.2 -76.96
695.6 -73.57
696.0 -70.55
696.4 -69.36
696.8 -71.44
697.2 -72.43
697.6 -71.78
698.0 -71.77
698.4 -72.27
698.8 -72.85
699.2 -71.08
699.6 -71.52
700.0 -71.51
700.4 -71.5
700.8 -71.17
701.2 -71.84
701.6 -71.16
702.0 -76.86
702.4 -68.94
702.8 -74.48
703.2 -70.35
703.6 -72.48
704.0 -71.8
704.4 -68.97
704.8 -71.44
705.2 -72.75
705.6 -73.8
706.0 -71.42
706.4 -73.98
706.8 -70.05
707.2 -71.07
707.6 -71.07
708.0 -70.56
708.4 -71.86
708.8 -69.32
709.2 -70.44
709.6 -72.11
710.0 -69.09
710.4 -69.09
710.8 -74.14
711.2 -70.71
711.6 -70.23
712.0 -70.7
712.4 -70.41
712.8 -72.65
713.2 -70.89
713.6 -70.04
714.0 -71.67
714.4 -72.48
714.8 -72.63
715.2 -69.46
715.6 -71.18
716.0 -76.3
716.4 -71.17
716.8 -76.29
717.2 -70.45
717.6 -80.09
718.0 -71.38
718.4 -69.91
718.8 -71.61
719.2 -72.58
719.6 -70.43
720.0 -71.36
720.4 -69.64
720.8 -73.42
721.2 -71.01
721.6 -73.23
722.0 -74.98
722.4 -72.88
722.8 -71.7
723.2 -73.59
723.6 -68.44
724.0 -69.93
724.4 -72.69
724.8 -70.56
725.2 -69.92
725.6 -75.23
726.0 -72.67
726.4 -70.26
726.8 -74.93
727.2 -72.35
727.6 -68.59
728.0 -74.92
728.4 -73.96
728.8 -75.19
729.2 -71.39
729.6 -69.25
730.0 -70.51
730.4 -75.18
730.8 -70.21
731.2 -69.45
731.6 -69.53
732.0 -71.74
732.4 -71.01
732.8 -76.93
733.2 -68.99
733.6 -69.43
734.0 -71.0
734.4 -70.28
734.8 -72.28
735.2 -74.6
735.6 -70.46
736.0 -70.27
736.4 -69.73
736.8 -69.81
737.2 -210.0
737.6 -76.88
738.0 -71.82
738.4 -72.4
738.8 -69.54
739.2 -71.18
739.6 -70.43
740.0 -73.24
740.4 -74.55
740.8 -71.94
741.2 -76.05
741.6 -67.87
742.0 -69.86
742.4 -69.77
742.8 -70.4
743.2 -71.15
743.6 -69.93
744.0 -68.7
744.4 -74.78
744.8 -68.76
745.2 -69.92
745.6 -70.48
746.0 -71.25
746.4 -69.18
746.8 -70.9
747.2 -69.73
747.6 -73.58
748.0 -71.24
748.4 -68.67
748.8 -71.0
749.2 -71.11
749.6 -69.16
750.0 -72.47
750.4 -73.78
750.8 -68.85
751.2 -70.24
751.6 -70.43
752.0 -71.31
752.4 -71.19
752.8 -71.56
753.2 -76.75
753.6 -74.18
754.0 -69.75
754.4 -69.82
754.8 -69.65
755.2 -71.66
755.6 -70.8
756.0 -70.91
756.4 -75.57
756.8 -68.91
757.2 -70.78
757.6 -73.9
758.0 -69.78
758.4 -69.43
758.8 -70.05
759.2 -71.48
759.6 -71.89
760.0 -71.09
760.4 -68.95
760.8 -69.01
761.2 -71.33
761.6 -69.92
762.0 -70.1
762.4 -69.23
762.8 -70.29
763.2 -70.6
763.6 -70.6
764.0 -74.31
764.4 -71.17
764.8 -70.37
765.2 -68.97
765.6 -72.8
766.0 -73.59
766.4 -72.79
766.8 -72.27
767.2 -71.14
767.6 -70.25
768.0 -69.95
768.4 -72.6
768.8 -70.77
769.2 -69.94
769.6 -69.75
770.0 -69.23
770.4 -70.53
770.8 -68.43
771.2 -71.37
771.6 -76.14
772.0 -71.49
772.4 -67.79
772.8 -71.63
773.2 -70.63
773.6 -71.92
774.0 -68.41
774.4 -70.51
774.8 -70.1
775.2 -71.48
775.6 -73.11
776.0 -70.84
776.4 -69.12
776.8 -69.8
777.2 -68.89
777.6 -71.08
778.0 -70.39
778.4 -67.12
778.8 -72.71
779.2 -68.45
779.6 -70.95
780.0 -67.58
780.4 -68.8
780.8 -69.52
781.2 -69.26
781.6 -69.34
782.0 -69.87
782.4 -67.36
782.8 -67.8
783.2 -69.95
783.6 -70.36
784.0 -70.25
784.4 -69.08
784.8 -67.39
785.2 -69.15
785.6 -71.56
786.0 -68.35
786.4 -71.15
786.8 -69.48
787.2 -69.65
787.6 -67.95
788.0 -68.61
788.4 -72.65
788.8 -68.26
789.2 -72.31
789.6 -69.13
790.0 -68.25
790.4 -71.82
790.8 -68.66
791.2 -68.51
791.6 -70.31
792.0 -69.81
792.4 -70.41
792.8 -69.52
793.2 -70.63
793.6 -68.79
794.0 -71.1
794.4 -68.71
794.8 -69.69
795.2 -67.49
795.6 -70.38
796.0 -72.26
796.4 -67.32
796.8 -69.59
797.2 -69.49
797.6 -70.6
798.0 -72.59
798.4 -67.63
798.8 -69.4
799.2 -68.9
799.6 -68.46
800.0 -70.93
800.4 -68.31
800.8 -67.86
801.2 -68.53
801.6 -73.6
802.0 -69.57
802.4 -68.32
802.8 -68.91
803.2 -68.84
803.6 -69.32
804.0 -69.08
804.4 -67.89
804.8 -67.83
805.2 -67.43
805.6 -67.22
806.0 -66.64
806.4 -64.99
806.8 -60.73
807.2 -56.99
807.6 -53.1
808.0 -51.57
808.4 -52.69
808.8 -53.25
809.2 -56.78
809.6 -64.08
810.0 -68.32
810.4 -69.13
810.8 -71.84
811.2 -71.28
811.6 -69.23
812.0 -69.76
812.4 -69.67
812.8 -68.57
813.2 -68.44
813.6 -68.0
814.0 -68.52
814.4 -68.82
814.8 -70.1
815.2 -69.72
815.6 -68.55
816.0 -70.53
816.4 -67.7
816.8 -68.86
817.2 -68.51
817.6 -68.59
818.0 -69.18
818.4 -69.87
818.8 -70.27
819.2 -70.38
819.6 -71.17
820.0 -68.51
820.4 -67.78
820.8 -70.33
821.2 -68.48
821.6 -68.37
822.0 -68.92
822.4 -68.94
822.8 -69.03
823.2 -67.72
823.6 -66.81
824.0 -68.86
824.4 -70.77
824.8 -66.73
825.2 -67.79
825.6 -68.85
826.0 -69.45
826.4 -68.36
826.8 -69.11
827.2 -68.21
827.6 -69.07
828.0 -67.74
828.4 -69.71
828.8 -68.97
829.2 -68.01
829.6 -69.59
830.0 -68.33
830.4 -67.92
830.8 -68.45
831.2 -68.42
831.6 -68.68
832.0 -69.38
832.4 -70.04
832.8 -68.9
833.2 -67.21
833.6 -67.37
834.0 -68.02
834.4 -67.35
834.8 -68.86
835.2 -67.41
835.6 -68.46
836.0 -68.17
836.4 -69.5
836.8 -68.27
837.2 -67.96
837.6 -66.82
838.0 -67.52
838.4 -67.22
838.8 -68.63
839.2 -67.48
839.6 -67.43
840.0 -69.95
840.4 -67.57
840.8 -66.98
841.2 -68.15
841.6 -67.32
842.0 -68.34
842.4 -68.38
842.8 -67.81
843.2 -68.69
843.6 -68.53
844.0 -67.56
844.4 -68.69
844.8 -69.93
845.2 -68.68
845.6 -68.42
846.0 -69.14
846.4 -68.13
846.8 -66.25
847.2 -66.77
847.6 -67.97
848.0 -68.16
848.4 -71.58
848.8 -67.88
849.2 -68.9
849.6 -67.21
850.0 -67.65
850.4 -69.06
850.8 -67.05
851.2 -67.23
851.6 -68.1
852.0 -66.58
852.4 -66.97
852.8 -66.99
853.2 -67.22
853.6 -68.98
854.0 -67.62
854.4 -67.33
854.8 -68.17
855.2 -66.33
855.6 -67.66
856.0 -67.09
856.4 -67.4
856.8 -66.48
857.2 -66.75
857.6 -66.61
858.0 -67.19
858.4 -67.07
858.8 -66.92
859.2 -68.14
859.6 -67.51
860.0 -66.69
860.4 -67.8
860.8 -67.4
861.2 -66.41
861.6 -66.4
862.0 -66.71
862.4 -66.92
862.8 -66.88
863.2 -66.91
863.6 -67.63
864.0 -66.72
864.4 -66.97
864.8 -66.18
865.2 -66.81
865.6 -66.17
866.0 -66.04
866.4 -66.55
866.8 -66.45
867.2 -66.9
867.6 -68.51
868.0 -67.04
868.4 -66.26
868.8 -66.06
869.2 -67.27
869.6 -66.59
870.0 -66.38
870.4 -67.09
870.8 -66.14
871.2 -66.85
871.6 -66.92
872.0 -66.31
872.4 -65.33
872.8 -68.23
873.2 -67.05
873.6 -66.52
874.0 -66.85
874.4 -66.44
874.8 -66.4
875.2 -66.23
875.6 -66.25
876.0 -65.8
876.4 -67.25
876.8 -65.7
877.2 -66.64
877.6 -66.53
878.0 -66.25
878.4 -66.45
878.8 -66.88
879.2 -66.33
879.6 -66.76
880.0 -65.74
880.4 -65.89
880.8 -65.65
881.2 -66.22
881.6 -67.06
882.0 -65.86
882.4 -66.01
882.8 -66.55
883.2 -67.52
883.6 -65.95
884.0 -67.26
884.4 -66.04
884.8 -65.11
885.2 -67.08
885.6 -66.51
886.0 -65.97
886.4 -66.06
886.8 -65.87
887.2 -66.09
887.6 -66.53
888.0 -66.32
888.4 -67.03
888.8 -66.68
889.2 -65.83
889.6 -65.8
890.0 -66.14
890.4 -66.82
890.8 -65.37
891.2 -66.32
891.6 -66.19
892.0 -65.84
892.4 -66.4
892.8 -65.98
893.2 -66.04
893.6 -66.24
894.0 -67.49
894.4 -65.99
894.8 -66.65
895.2 -65.69
895.6 -65.43
896.0 -66.3
896.4 -66.81
896.8 -65.86
897.2 -65.34
897.6 -65.86
898.0 -65.3
898.4 -66.0
898.8 -66.47
899.2 -65.98
899.6 -67.07
900.0 -65.21
900.4 -65.96
900.8 -66.4
901.2 -66.73
901.6 -66.11
902.0 -66.49
902.4 -66.78
902.8 -67.06
903.2 -66.69
903.6 -65.84
904.0 -66.36
904.4 -67.55
904.8 -66.44
905.2 -67.03
905.6 -65.88
906.0 -67.41
906.4 -66.68
906.8 -66.8
907.2 -67.0
907.6 -66.17
908.0 -66.34
908.4 -65.94
908.8 -67.34
909.2 -66.4
909.6 -66.11
910.0 -66.55
910.4 -65.69
910.8 -66.07
911.2 -66.34
911.6 -67.16
912.0 -66.18
912.4 -65.85
912.8 -66.01
913.2 -65.8
913.6 -66.31
914.0 -66.12
914.4 -66.47
914.8 -66.65
915.2 -66.84
915.6 -66.72
916.0 -66.87
916.4 -66.5
916.8 -67.15
917.2 -66.65
917.6 -66.91
918.0 -67.79
918.4 -66.58
918.8 -66.09
919.2 -67.0
919.6 -66.66
920.0 -66.49
920.4 -66.42
920.8 -66.91
921.2 -67.6
921.6 -66.62
922.0 -66.58
922.4 -66.11
922.8 -67.88
923.2 -67.43
923.6 -66.47
924.0 -66.89
924.4 -67.24
924.8 -67.26
925.2 -67.98
925.6 -67.58
926.0 -67.63
926.4 -66.29
926.8 -66.99
927.2 -66.49
927.6 -66.74
928.0 -67.33
928.4 -66.38
928.8 -66.74
929.2 -66.2
929.6 -66.86
930.0 -66.65
930.4 -66.93
930.8 -66.03
931.2 -66.68
931.6 -66.22
932.0 -66.87
932.4 -67.98
932.8 -66.5
933.2 -66.93
933.6 -67.75
934.0 -67.43
934.4 -67.52
934.8 -67.74
935.2 -67.53
935.6 -67.51
936.0 -67.98
936.4 -68.74
936.8 -67.71
937.2 -68.42
937.6 -66.8
938.0 -67.64
938.4 -67.2
938.8 -67.99
939.2 -66.59
939.6 -67.92
940.0 -68.45
940.4 -68.22
940.8 -68.46
941.2 -68.13
941.6 -67.1
942.0 -68.84
942.4 -68.37
942.8 -68.69
943.2 -67.94
943.6 -67.5
944.0 -68.02
944.4 -67.19
944.8 -67.54
945.2 -67.08
945.6 -67.51
946.0 -67.61
946.4 -68.23
946.8 -67.1
947.2 -68.15
947.6 -68.17
948.0 -67.59
948.4 -68.42
948.8 -69.01
949.2 -68.37
949.6 -68.2
950.0 -68.72
950.4 -68.02
950.8 -68.07
951.2 -67.86
951.6 -68.76
952.0 -68.38
952.4 -67.67
952.8 -68.14
953.2 -67.55
953.6 -68.01
954.0 -68.04
954.4 -67.86
954.8 -67.8
955.2 -68.61
955.6 -67.55
956.0 -68.75
956.4 -68.42
956.8 -68.06
957.2 -68.98
957.6 -68.02
958.0 -69.34
958.4 -68.06
958.8 -69.2
959.2 -67.61
959.6 -67.72
960.0 -68.95
960.4 -68.77
960.8 -68.01
961.2 -68.46
961.6 -67.33
962.0 -68.18
962.4 -67.57
962.8 -68.08
963.2 -67.89
963.6 -68.32
964.0 -68.42
964.4 -67.93
964.8 -67.07
965.2 -68.11
965.6 -67.47
966.0 -68.02
966.4 -66.91
966.8 -68.76
967.2 -67.83
967.6 -68.05
968.0 -67.61
968.4 -68.42
968.8 -67.89
969.2 -68.32
969.6 -68.52
970.0 -68.04
970.4 -68.74
970.8 -69.32
971.2 -67.82
971.6 -68.23
972.0 -68.32
972.4 -68.01
972.8 -68.46
973.2 -68.52
973.6 -68.16
974.0 -68.34
974.4 -68.39
974.8 -67.82
975.2 -68.44
975.6 -68.21
976.0 -68.12
976.4 -68.79
976.8 -68.28
977.2 -68.1
977.6 -68.51
978.0 -68.28
978.4 -68.46
978.8 -68.77
979.2 -69.15
979.6 -69.37
980.0 -68.25
980.4 -68.13
980.8 -68.21
981.2 -68.98
981.6 -68.21
982.0 -68.04
982.4 -68.18
982.8 -68.36
983.2 -68.21
983.6 -68.36
984.0 -67.94
984.4 -68.62
984.8 -67.65
985.2 -68.17
985.6 -68.47
986.0 -68.11
986.4 -67.64
986.8 -67.53
987.2 -68.19
987.6 -67.67
988.0 -67.33
988.4 -67.51
988.8 -67.41
989.2 -67.64
989.6 -67.18
990.0 -67.92
990.4 -67.17
990.8 -67.03
991.2 -67.65
991.6 -67.1
992.0 -66.86
992.4 -67.51
992.8 -67.07
993.2 -66.86
993.6 -67.19
994.0 -67.12
994.4 -66.87
994.8 -67.21
995.2 -67.13
995.6 -66.76
996.0 -67.37
996.4 -67.17
996.8 -67.05
997.2 -66.86
997.6 -66.94
998.0 -66.89
998.4 -66.85
998.8 -66.8
999.2 -66.92
999.6 -66.62
1000.0 -66.89
