600.0 -71.83
600.4 -210.0
600.8 -70.21
601.2 -76.42
601.6 -210.0
602.0 -210.0
602.4 -74.29
602.8 -210.0
603.2 -72.03
603.6 -70.39
604.0 -210.0
604.4 -84.42
604.8 -210.0
605.2 -74.47
605.6 -72.45
606.0 -210.0
606.4 -210.0
606.8 -73.78
607.2 -72.29
607.6 -84.63
608.0 -71.87
608.4 -210.0
608.8 -69.93
609.2 -73.59
609.6 -72.99
610.0 -76.32
610.4 -74.39
610.8 -210.0
611.2 -75.81
611.6 -77.09
612.0 -210.0
612.4 -74.93
612.8 -74.53
613.2 -69.05
613.6 -71.57
614.0 -75.98
614.4 -72.99
614.8 -69.62
615.2 -210.0
615.6 -210.0
616.0 -85.14
616.4 -82.15
616.8 -210.0
617.2 -71.59
617.6 -74.81
618.0 -75.26
618.4 -71.66
618.8 -71.15
619.2 -77.54
619.6 -77.56
620.0 -71.05
620.4 -70.92
620.8 -210.0
621.2 -69.88
621.6 -69.9
622.0 -79.47
622.4 -69.95
622.8 -69.21
623.2 -76.02
623.6 -75.6
624.0 -79.59
624.4 -73.09
624.8 -76.12
625.2 -71.38
625.6 -77.93
626.0 -75.75
626.4 -72.34
626.8 -71.99
627.2 -69.48
627.6 -74.08
628.0 -210.0
628.4 -68.65
628.8 -71.94
629.2 -70.02
629.6 -69.73
630.0 -69.09
630.4 -72.22
630.8 -74.59
631.2 -69.75
631.6 -73.33
632.0 -72.34
632.4 -72.56
632.8 -70.76
633.2 -70.67
633.6 -70.02
634.0 -71.97
634.4 -71.54
634.8 -210.0
635.2 -70.93
635.6 -72.79
636.0 -71.12
636.4 -71.02
636.8 -72.69
637.2 -69.45
637.6 -71.5
638.0 -70.35
638.4 -70.28
638.8 -73.03
639.2 -69.69
639.6 -69.3
640.0 -69.03
640.4 -68.78
640.8 -69.26
641.2 -69.52
641.6 -71.32
642.0 -70.29
642.4 -70.23
642.8 -70.46
643.2 -68.1
643.6 -70.08
644.0 -67.14
644.4 -68.16
644.8 -68.91
645.2 -67.38
645.6 -69.05
646.0 -68.08
646.4 -67.68
646.8 -68.78
647.2 -70.23
647.6 -68.03
648.0 -70.55
648.4 -68.36
648.8 -69.61
649.2 -68.99
649.6 -70.62
650.0 -69.35
650.4 -68.07
650.8 -66.93
651.2 -70.64
651.6 -68.43
652.0 -71.0
652.4 -69.85
652.8 -67.81
653.2 -70.08
653.6 -69.58
654.0 -67.48
654.4 -66.71
654.8 -68.52
655.2 -68.41
655.6 -67.7
656.0 -67.58
656.4 -67.98
656.8 -67.06
657.2 -67.38
657.6 -69.97
658.0 -67.85
658.4 -67.38
658.8 -69.17
659.2 -67.95
659.6 -66.82
660.0 -67.09
660.4 -67.57
660.8 -67.87
661.2 -67.13
661.6 -67.74
662.0 -67.2
662.4 -67.32
662.8 -67.65
663.2 -67.78
663.6 -67.44
664.0 -68.3
664.4 -68.2
664.8 -69.12
665.2 -68.4
665.6 -67.13
666.0 -68.15
666.4 -67.87
666.8 -66.87
667.2 -68.06
667.6 -67.7
668.0 -67.4
668.4 -66.98
668.8 -67.57
669.2 -67.57
669.6 -67.92
670.0 -68.71
670.4 -67.0
670.8 -67.26
671.2 -66.09
671.6 -68.13
672.0 -66.8
672.4 -67.41
672.8 -67.4
673.2 -67.61
673.6 -67.88
674.0 -68.72
674.4 -66.44
674.8 -66.33
675.2 -68.34
675.6 -66.5
676.0 -66.55
676.4 -67.41
676.8 -67.01
677.2 -66.9
677.6 -66.28
678.0 -65.84
678.4 -67.15
678.8 -67.22
679.2 -67.18
679.6 -67.18
680.0 -67.72
680.4 -67.33
680.8 -66.78
681.2 -66.89
681.6 -67.27
682.0 -67.3
682.4 -66.8
682.8 -67.33
683.2 -65.99
683.6 -65.58
684.0 -66.04
684.4 -66.56
684.8 -67.15
685.2 -67.18
685.6 -66.8
686.0 -66.47
686.4 -66.43
686.8 -66.26
687.2 -65.71
687.6 -66.92
688.0 -65.96
688.4 -66.44
688.8 -66.72
689.2 -66.82
689.6 -66.86
690.0 -67.16
690.4 -66.88
690.8 -65.22
691.2 -66.3
691.6 -66.04
692.0 -66.42
692.4 -66.88
692.8 -66.34
693.2 -66.51
693.6 -66.47
694.0 -65.25
694.4 -65.99
694.8 -66.42
695.2 -67.55
695.6 -65.95
696.0 -66.68
696.4 -66.22
696.8 -65.45
697.2 -67.18
697.6 -67.05
698.0 -65.91
698.4 -67.07
698.8 -67.37
699.2 -65.61
699.6 -66.94
700.0 -65.84
700.4 -66.36
700.8 -65.68
701.2 -65.95
701.6 -66.79
702.0 -66.34
702.4 -66.81
702.8 -65.87
703.2 -66.08
703.6 -66.18
704.0 -66.14
704.4 -66.67
704.8 -65.77
705.2 -66.43
705.6 -65.7
706.0 -66.14
706.4 -65.19
706.8 -66.27
707.2 -66.19
707.6 -65.13
708.0 -67.1
708.4 -66.72
708.8 -65.16
709.2 -65.23
709.6 -65.93
710.0 -66.29
710.4 -66.7
710.8 -65.72
711.2 -65.44
711.6 -66.2
712.0 -65.96
712.4 -66.13
712.8 -67.08
713.2 -66.33
713.6 -65.88
714.0 -66.04
714.4 -65.9
714.8 -65.64
715.2 -65.92
715.6 -65.57
716.0 -66.72
716.4 -65.72
716.8 -65.98
717.2 -65.55
717.6 -65.52
718.0 -65.89
718.4 -65.16
718.8 -66.23
719.2 -66.19
719.6 -66.97
720.0 -65.94
720.4 -65.91
720.8 -65.9
721.2 -65.39
721.6 -66.24
722.0 -66.2
722.4 -66.38
722.8 -64.87
723.2 -65.84
723.6 -65.65
724.0 -65.39
724.4 -66.75
724.8 -65.57
725.2 -65.89
725.6 -65.72
726.0 -66.57
726.4 -65.62
726.8 -65.7
727.2 -66.37
727.6 -66.04
728.0 -66.25
728.4 -66.28
728.8 -66.66
729.2 -66.27
729.6 -65.82
730.0 -66.99
730.4 -67.03
730.8 -65.86
731.2 -66.81
731.6 -66.0
732.0 -66.93
732.4 -65.5
732.8 -67.43
733.2 -66.27
733.6 -66.42
734.0 -66.66
734.4 -66.95
734.8 -65.77
735.2 -65.54
735.6 -65.4
736.0 -66.94
736.4 -66.02
736.8 -65.75
737.2 -65.95
737.6 -65.67
738.0 -66.75
738.4 -65.84
738.8 -66.7
739.2 -65.93
739.6 -66.15
740.0 -66.44
740.4 -65.78
740.8 -66.32
741.2 -66.8
741.6 -66.16
742.0 -65.26
742.4 -65.17
742.8 -66.38
743.2 -65.31
743.6 -66.34
744.0 -66.0
744.4 -65.65
744.8 -66.41
745.2 -66.66
745.6 -64.94
746.0 -66.65
746.4 -66.36
746.8 -66.77
747.2 -65.67
747.6 -65.63
748.0 -65.31
748.4 -65.9
748.8 -66.04
749.2 -65.52
749.6 -67.55
750.0 -66.37
750.4 -66.29
750.8 -65.5
751.2 -65.5
751.6 -66.55
752.0 -65.48
752.4 -66.54
752.8 -66.1
753.2 -65.78
753.6 -65.84
754.0 -66.05
754.4 -66.08
754.8 -64.99
755.2 -65.51
755.6 -65.96
756.0 -65.88
756.4 -66.21
756.8 -65.56
757.2 -66.44
757.6 -65.01
758.0 -66.27
758.4 -64.91
758.8 -65.06
759.2 -66.41
759.6 -65.49
760.0 -65.38
760.4 -66.01
760.8 -66.43
761.2 -65.34
761.6 -66.39
762.0 -65.27
762.4 -66.18
762.8 -66.46
763.2 -65.94
763.6 -65.98
764.0 -65.09
764.4 -65.54
764.8 -66.83
765.2 -67.16
765.6 -66.07
766.0 -65.73
766.4 -65.39
766.8 -65.65
767.2 -66.05
767.6 -66.05
768.0 -65.78
768.4 -65.93
768.8 -65.49
769.2 -65.39
769.6 -65.39
770.0 -65.87
770.4 -65.87
770.8 -65.32
771.2 -65.99
771.6 -65.99
772.0 -65.79
772.4 -64.64
772.8 -65.44
773.2 -65.21
773.6 -65.98
774.0 -66.12
774.4 -65.43
774.8 -66.71
775.2 -65.14
775.6 -65.14
776.0 -65.63
776.4 -65.56
776.8 -65.63
777.2 -66.19
777.6 -65.66
778.0 -65.51
778.4 -65.51
778.8 -66.1
779.2 -65.62
779.6 -65.72
780.0 -65.68
780.4 -65.37
780.8 -65.23
781.2 -67.21
781.6 -65.81
782.0 -66.58
782.4 -65.78
782.8 -66.58
783.2 -65.28
783.6 -65.35
784.0 -66.19
784.4 -65.38
784.8 -66.65
785.2 -64.71
785.6 -66.43
786.0 -65.01
786.4 -65.43
786.8 -64.73
787.2 -65.93
787.6 -65.29
788.0 -64.56
788.4 -64.99
788.8 -66.04
789.2 -64.96
789.6 -65.63
790.0 -65.48
790.4 -65.8
790.8 -64.83
791.2 -65.61
791.6 -66.57
792.0 -65.43
792.4 -65.1
792.8 -65.49
793.2 -66.21
793.6 -64.69
794.0 -65.59
794.4 -64.95
794.8 -65.21
795.2 -64.8
795.6 -65.84
796.0 -65.27
796.4 -65.07
796.8 -66.49
797.2 -64.75
797.6 -65.26
798.0 -65.16
798.4 -65.21
798.8 -64.96
799.2 -64.8
799.6 -64.86
800.0 -65.44
800.4 -65.48
800.8 -64.82
801.2 -64.57
801.6 -65.35
802.0 -64.48
802.4 -64.11
802.8 -64.69
803.2 -64.44
803.6 -64.66
804.0 -64.62
804.4 -64.0
804.8 -64.42
805.2 -63.6
805.6 -63.47
806.0 -63.07
806.4 -60.91
806.8 -58.02
807.2 -54.03
807.6 -49.95
808.0 -48.98
808.4 -49.67
808.8 -50.64
809.2 -54.86
809.6 -60.99
810.0 -63.24
810.4 -64.18
810.8 -63.14
811.2 -63.39
811.6 -64.46
812.0 -63.77
812.4 -64.47
812.8 -64.29
813.2 -64.49
813.6 -63.77
814.0 -64.61
814.4 -64.14
814.8 -64.03
815.2 -63.4
815.6 -64.42
816.0 -63.77
816.4 -64.5
816.8 -64.36
817.2 -63.29
817.6 -63.58
818.0 -64.2
818.4 -63.79
818.8 -64.84
819.2 -64.66
819.6 -63.74
820.0 -64.65
820.4 -64.14
820.8 -64.71
821.2 -64.2
821.6 -64.19
822.0 -64.92
822.4 -64.99
822.8 -64.64
823.2 -64.48
823.6 -64.75
824.0 -64.36
824.4 -64.19
824.8 -65.05
825.2 -64.68
825.6 -64.8
826.0 -64.33
826.4 -64.94
826.8 -65.28
827.2 -64.73
827.6 -64.6
828.0 -65.23
828.4 -64.45
828.8 -65.26
829.2 -64.13
829.6 -65.04
830.0 -65.5
830.4 -65.44
830.8 -64.41
831.2 -65.02
831.6 -65.35
832.0 -64.86
832.4 -64.69
832.8 -66.51
833.2 -64.27
833.6 -64.86
834.0 -64.96
834.4 -64.65
834.8 -64.85
835.2 -64.06
835.6 -64.86
836.0 -64.5
836.4 -64.49
836.8 -64.36
837.2 -65.96
837.6 -65.15
838.0 -64.22
838.4 -64.96
838.8 -66.02
839.2 -65.27
839.6 -64.57
840.0 -64.55
840.4 -65.51
840.8 -64.75
841.2 -65.16
841.6 -65.26
842.0 -65.04
842.4 -64.74
842.8 -66.49
843.2 -65.08
843.6 -64.44
844.0 -65.1
844.4 -65.05
844.8 -64.97
845.2 -64.95
845.6 -65.44
846.0 -64.79
846.4 -65.0
846.8 -64.71
847.2 -64.63
847.6 -65.06
848.0 -65.5
848.4 -64.87
848.8 -65.83
849.2 -65.45
849.6 -65.8
850.0 -64.91
850.4 -64.93
850.8 -65.68
851.2 -65.84
851.6 -64.81
852.0 -65.41
852.4 -65.3
852.8 -65.4
853.2 -65.91
853.6 -65.86
854.0 -64.72
854.4 -65.54
854.8 -65.76
855.2 -64.95
855.6 -65.18
856.0 -65.72
856.4 -66.52
856.8 -65.92
857.2 -65.47
857.6 -65.17
858.0 -65.24
858.4 -66.02
858.8 -65.65
859.2 -65.85
859.6 -65.21
860.0 -65.1
860.4 -65.3
860.8 -65.47
861.2 -65.91
861.6 -65.67
862.0 -65.62
862.4 -65.76
862.8 -66.07
863.2 -64.72
863.6 -65.8
864.0 -65.91
864.4 -65.25
864.8 -66.5
865.2 -65.86
865.6 -65.42
866.0 -66.39
866.4 -65.6
866.8 -65.79
867.2 -65.16
867.6 -65.53
868.0 -66.64
868.4 -65.55
868.8 -66.13
869.2 -66.73
869.6 -66.06
870.0 -66.02
870.4 -66.5
870.8 -65.6
871.2 -65.85
871.6 -64.91
872.0 -65.44
872.4 -67.02
872.8 -66.2
873.2 -66.1
873.6 -65.81
874.0 -65.99
874.4 -66.27
874.8 -66.43
875.2 -66.5
875.6 -65.3
876.0 -66.21
876.4 -65.54
876.8 -65.47
877.2 -66.12
877.6 -65.87
878.0 -66.89
878.4 -65.92
878.8 -66.66
879.2 -64.94
879.6 -65.58
880.0 -65.68
880.4 -65.71
880.8 -66.71
881.2 -66.35
881.6 -67.58
882.0 -64.78
882.4 -65.73
882.8 -65.79
883.2 -66.07
883.6 -65.82
884.0 -66.27
884.4 -66.63
884.8 -66.13
885.2 -66.16
885.6 -66.73
886.0 -67.21
886.4 -66.13
886.8 -66.88
887.2 -67.37
887.6 -65.68
888.0 -66.22
888.4 -65.8
888.8 -65.51
889.2 -66.53
889.6 -67.28
890.0 -67.36
890.4 -67.02
890.8 -65.74
891.2 -65.86
891.6 -65.9
892.0 -66.03
892.4 -66.3
892.8 -66.66
893.2 -67.18
893.6 -67.09
894.0 -65.93
894.4 -66.18
894.8 -66.29
895.2 -67.87
895.6 -65.35
896.0 -66.69
896.4 -66.66
896.8 -66.42
897.2 -66.49
897.6 -66.52
898.0 -66.26
898.4 -66.26
898.8 -67.07
899.2 -65.82
899.6 -66.04
900.0 -66.55
900.4 -67.6
900.8 -66.61
901.2 -66.31
901.6 -67.53
902.0 -65.61
902.4 -66.16
902.8 -67.48
903.2 -66.25
903.6 -66.55
904.0 -67.37
904.4 -67.17
904.8 -66.55
905.2 -66.42
905.6 -66.19
906.0 -66.67
906.4 -67.33
906.8 -65.91
907.2 -66.88
907.6 -66.14
908.0 -66.97
908.4 -67.37
908.8 -66.46
909.2 -66.24
909.6 -65.99
910.0 -66.76
910.4 -66.06
910.8 -66.35
911.2 -66.25
911.6 -65.93
912.0 -65.72
912.4 -67.08
912.8 -66.67
913.2 -66.05
913.6 -65.71
914.0 -66.79
914.4 -67.05
914.8 -66.62
915.2 -67.55
915.6 -66.82
916.0 -66.74
916.4 -67.07
916.8 -67.61
917.2 -66.96
917.6 -66.64
918.0 -66.92
918.4 -66.97
918.8 -67.5
919.2 -66.87
919.6 -67.34
920.0 -66.97
920.4 -67.94
920.8 -67.52
921.2 -66.76
921.6 -67.29
922.0 -66.93
922.4 -67.29
922.8 -67.35
923.2 -67.47
923.6 -66.93
924.0 -67.47
924.4 -66.91
924.8 -67.06
925.2 -66.57
925.6 -68.34
926.0 -66.85
926.4 -65.93
926.8 -66.65
927.2 -67.16
927.6 -66.13
928.0 -66.45
928.4 -67.71
928.8 -67.24
929.2 -66.9
929.6 -67.27
930.0 -67.6
930.4 -66.56
930.8 -67.82
931.2 -67.28
931.6 -66.93
932.0 -67.11
932.4 -67.2
932.8 -67.93
933.2 -67.11
933.6 -67.55
934.0 -66.94
934.4 -66.77
934.8 -66.52
935.2 -67.18
935.6 -67.48
936.0 -67.25
936.4 -68.14
936.8 -68.16
937.2 -66.89
937.6 -67.72
938.0 -68.09
938.4 -68.0
938.8 -66.63
939.2 -68.72
939.6 -67.63
940.0 -68.68
940.4 -67.84
940.8 -68.13
941.2 -67.79
941.6 -68.51
942.0 -68.06
942.4 -69.17
942.8 -67.4
943.2 -68.65
943.6 -68.74
944.0 -69.04
944.4 -67.41
944.8 -67.84
945.2 -67.6
945.6 -68.49
946.0 -69.33
946.4 -68.65
946.8 -68.35
947.2 -67.61
947.6 -68.4
948.0 -68.1
948.4 -67.91
948.8 -69.55
949.2 -68.54
949.6 -68.49
950.0 -68.31
950.4 -68.56
950.8 -69.05
951.2 -69.42
951.6 -68.66
952.0 -68.41
952.4 -67.69
952.8 -67.5
953.2 -69.82
953.6 -68.27
954.0 -67.95
954.4 -68.0
954.8 -69.07
955.2 -69.28
955.6 -68.44
956.0 -69.63
956.4 -69.49
956.8 -68.29
957.2 -67.48
957.6 -68.83
958.0 -68.92
958.4 -68.4
958.8 -68.22
959.2 -67.94
959.6 -68.29
960.0 -68.51
960.4 -68.8
960.8 -67.8
961.2 -67.94
961.6 -67.76
962.0 -67.74
962.4 -68.09
962.8 -67.84
963.2 -67.89
963.6 -67.14
964.0 -67.43
964.4 -67.68
964.8 -67.44
965.2 -66.76
965.6 -67.47
966.0 -67.51
966.4 -67.68
966.8 -67.01
967.2 -67.27
967.6 -67.66
968.0 -66.8
968.4 -68.11
968.8 -67.68
969.2 -68.01
969.6 -67.29
970.0 -67.73
970.4 -67.43
970.8 -67.2
971.2 -67.01
971.6 -68.2
972.0 -67.52
972.4 -67.87
972.8 -66.82
973.2 -67.13
973.6 -66.73
974.0 -67.26
974.4 -67.9
974.8 -67.12
975.2 -67.37
975.6 -67.19
976.0 -67.09
976.4 -67.4
976.8 -67.1
977.2 -67.14
977.6 -67.17
978.0 -67.91
978.4 -67.29
978.8 -66.89
979.2 -67.2
979.6 -67.14
980.0 -67.3
980.4 -67.06
980.8 -66.61
981.2 -67.55
981.6 -67.02
982.0 -66.97
982.4 -66.57
982.8 -67.02
983.2 -66.44
983.6 -66.48
984.0 -66.48
984.4 -66.43
984.8 -66.36
985.2 -66.6
985.6 -66.51
986.0 -66.45
986.4 -65.78
986.8 -65.71
987.2 -65.72
987.6 -65.61
988.0 -65.67
988.4 -65.59
988.8 -65.36
989.2 -65.07
989.6 -65.35
990.0 -65.38
990.4 -65.26
990.8 -64.81
991.2 -65.21
991.6 -65.09
992.0 -64.96
992.4 -64.89
992.8 -64.72
993.2 -64.87
993.6 -64.67
994.0 -64.78
994.4 -64.58
994.8 -64.74
995.2 -64.35
995.6 -64.75
996.0 -64.8
996.4 -64.44
996.8 -64.65
997.2 -64.39
997.6 -64.38
998.0 -64.69
998.4 -64.63
998.8 -64.71
999.2 -64.3
999.6 -64.35
1000.0 -64.39
