600.0 -68.45
600.4 -72.11
600.8 -70.96
601.2 -73.07
601.6 -77.25
602.0 -71.26
602.4 -210.0
602.8 -71.09
603.2 -210.0
603.6 -210.0
604.0 -210.0
604.4 -72.65
604.8 -71.44
605.2 -210.0
605.6 -210.0
606.0 -72.48
606.4 -74.13
606.8 -210.0
607.2 -74.18
607.6 -73.83
608.0 -74.24
608.4 -74.68
608.8 -210.0
609.2 -210.0
609.6 -73.96
610.0 -210.0
610.4 -73.04
610.8 -69.77
611.2 -73.08
611.6 -72.57
612.0 -84.9
612.4 -71.12
612.8 -68.92
613.2 -77.18
613.6 -71.38
614.0 -72.23
614.4 -210.0
614.8 -74.27
615.2 -85.09
615.6 -70.05
616.0 -74.72
616.4 -72.15
616.8 -72.39
617.2 -68.39
617.6 -76.19
618.0 -74.12
618.4 -67.64
618.8 -76.84
619.2 -210.0
619.6 -74.55
620.0 -74.95
620.4 -82.39
620.8 -71.8
621.2 -68.91
621.6 -71.66
622.0 -69.58
622.4 -72.96
622.8 -75.13
623.2 -72.78
623.6 -73.55
624.0 -71.14
624.4 -77.19
624.8 -80.89
625.2 -74.23
625.6 -82.71
626.0 -71.27
626.4 -76.73
626.8 -81.02
627.2 -75.4
627.6 -210.0
628.0 -73.56
628.4 -75.1
628.8 -75.12
629.2 -75.14
629.6 -75.97
630.0 -72.99
630.4 -210.0
630.8 -71.28
631.2 -78.3
631.6 -70.67
632.0 -70.7
632.4 -70.15
632.8 -71.15
633.2 -75.82
633.6 -75.46
634.0 -73.98
634.4 -69.78
634.8 -70.66
635.2 -69.47
635.6 -71.63
636.0 -69.53
636.4 -70.44
636.8 -68.94
637.2 -72.21
637.6 -68.77
638.0 -71.02
638.4 -71.17
638.8 -70.31
639.2 -68.61
639.6 -68.71
640.0 -75.6
640.4 -70.54
640.8 -68.36
641.2 -69.36
641.6 -71.09
642.0 -70.58
642.4 -71.39
642.8 -69.29
643.2 -71.0
643.6 -70.08
644.0 -70.37
644.4 -69.5
644.8 -68.91
645.2 -69.72
645.6 -69.46
646.0 -71.15
646.4 -68.86
646.8 -71.02
647.2 -72.91
647.6 -67.93
648.0 -70.13
648.4 -67.76
648.8 -69.68
649.2 -67.44
649.6 -70.36
650.0 -73.14
650.4 -69.83
650.8 -69.16
651.2 -70.3
651.6 -68.93
652.0 -68.49
652.4 -68.24
652.8 -68.83
653.2 -68.94
653.6 -69.58
654.0 -68.67
654.4 -69.07
654.8 -69.46
655.2 -68.31
655.6 -68.96
656.0 -69.34
656.4 -68.86
656.8 -70.85
657.2 -67.9
657.6 -71.05
658.0 -69.04
658.4 -67.94
658.8 -68.1
659.2 -68.65
659.6 -69.9
660.0 -69.57
660.4 -69.7
660.8 -70.14
661.2 -68.66
661.6 -69.18
662.0 -69.06
662.4 -68.3
662.8 -67.74
663.2 -70.06
663.6 -68.72
664.0 -67.65
664.4 -67.7
664.8 -69.06
665.2 -68.35
665.6 -68.4
666.0 -67.74
666.4 -68.61
666.8 -67.32
667.2 -68.94
667.6 -68.06
668.0 -68.89
668.4 -68.83
668.8 -67.48
669.2 -69.43
669.6 -68.89
670.0 -67.27
670.4 -67.86
670.8 -66.92
671.2 -66.99
671.6 -66.74
672.0 -68.8
672.4 -68.8
672.8 -68.26
673.2 -67.97
673.6 -67.7
674.0 -67.35
674.4 -67.15
674.8 -68.24
675.2 -67.42
675.6 -67.95
676.0 -67.41
676.4 -68.13
676.8 -67.45
677.2 -67.98
677.6 -67.53
678.0 -67.74
678.4 -69.41
678.8 -68.05
679.2 -67.51
679.6 -66.91
680.0 -66.94
680.4 -69.07
680.8 -67.99
681.2 -68.38
681.6 -68.64
682.0 -67.47
682.4 -67.56
682.8 -66.79
683.2 -66.98
683.6 -66.33
684.0 -67.2
684.4 -66.81
684.8 -66.39
685.2 -67.1
685.6 -67.22
686.0 -66.47
686.4 -68.01
686.8 -66.89
687.2 -67.81
687.6 -67.27
688.0 -66.95
688.4 -66.91
688.8 -67.22
689.2 -67.17
689.6 -66.64
690.0 -67.87
690.4 -67.71
690.8 -66.51
691.2 -66.68
691.6 -68.57
692.0 -68.03
692.4 -67.08
692.8 -66.34
693.2 -65.91
693.6 -67.54
694.0 -66.71
694.4 -66.56
694.8 -66.11
695.2 -67.38
695.6 -67.46
696.0 -66.54
696.4 -66.15
696.8 -68.9
697.2 -67.22
697.6 -66.66
698.0 -67.29
698.4 -67.03
698.8 -67.03
699.2 -66.08
699.6 -67.23
700.0 -66.2
700.4 -66.47
700.8 -66.61
701.2 -67.24
701.6 -66.87
702.0 -66.24
702.4 -67.05
702.8 -66.85
703.2 -66.57
703.6 -66.39
704.0 -66.24
704.4 -66.44
704.8 -67.6
705.2 -67.1
705.6 -66.69
706.0 -65.75
706.4 -66.03
706.8 -66.79
707.2 -67.37
707.6 -66.94
708.0 -66.22
708.4 -66.14
708.8 -67.18
709.2 -66.06
709.6 -66.09
710.0 -66.62
710.4 -66.22
710.8 -66.98
711.2 -66.35
711.6 -66.72
712.0 -66.2
712.4 -66.64
712.8 -66.59
713.2 -66.59
713.6 -66.11
714.0 -66.18
714.4 -65.8
714.8 -66.21
715.2 -66.41
715.6 -65.99
716.0 -66.53
716.4 -66.52
716.8 -66.37
717.2 -66.43
717.6 -66.47
718.0 -66.85
718.4 -65.64
718.8 -66.49
719.2 -66.16
719.6 -66.19
720.0 -65.65
720.4 -66.59
720.8 -65.8
721.2 -66.07
721.6 -66.03
722.0 -66.69
722.4 -65.89
722.8 -66.05
723.2 -65.43
723.6 -66.64
724.0 -65.7
724.4 -66.21
724.8 -65.96
725.2 -65.09
725.6 -65.96
726.0 -65.11
726.4 -66.16
726.8 -65.42
727.2 -65.8
727.6 -65.55
728.0 -64.66
728.4 -65.83
728.8 -65.75
729.2 -65.49
729.6 -66.09
730.0 -66.69
730.4 -65.18
730.8 -65.44
731.2 -65.93
731.6 -65.47
732.0 -65.65
732.4 -66.55
732.8 -65.72
733.2 -65.49
733.6 -66.42
734.0 -66.05
734.4 -65.32
734.8 -65.9
735.2 -65.67
735.6 -66.44
736.0 -66.44
736.4 -66.84
736.8 -65.49
737.2 -65.78
737.6 -65.23
738.0 -65.8
738.4 -64.75
738.8 -65.19
739.2 -66.0
739.6 -65.47
740.0 -65.75
740.4 -66.56
740.8 -65.33
741.2 -66.2
741.6 -66.28
742.0 -65.45
742.4 -65.38
742.8 -64.85
743.2 -64.99
743.6 -65.8
744.0 -66.18
744.4 -65.55
744.8 -65.43
745.2 -65.62
745.6 -66.65
746.0 -65.29
746.4 -65.03
746.8 -65.68
747.2 -65.91
747.6 -65.91
748.0 -65.31
748.4 -65.66
748.8 -65.46
749.2 -65.69
749.6 -65.46
750.0 -65.17
750.4 -65.32
750.8 -65.04
751.2 -66.17
751.6 -66.72
752.0 -65.68
752.4 -65.23
752.8 -67.5
753.2 -65.38
753.6 -64.95
754.0 -65.87
754.4 -66.16
754.8 -65.26
755.2 -66.03
755.6 -65.71
756.0 -65.81
756.4 -65.09
756.8 -64.49
757.2 -65.17
757.6 -65.72
758.0 -64.98
758.4 -65.25
758.8 -64.83
759.2 -64.62
759.6 -65.77
760.0 -65.69
760.4 -65.26
760.8 -65.85
761.2 -65.78
761.6 -65.34
762.0 -65.43
762.4 -64.96
762.8 -64.42
763.2 -64.78
763.6 -65.8
764.0 -65.03
764.4 -64.49
764.8 -64.93
765.2 -65.02
765.6 -64.59
766.0 -64.5
766.4 -64.83
766.8 -66.17
767.2 -65.22
767.6 -64.74
768.0 -64.99
768.4 -65.27
768.8 -65.88
769.2 -64.95
769.6 -63.96
770.0 -65.03
770.4 -64.91
770.8 -64.74
771.2 -66.47
771.6 -65.87
772.0 -65.21
772.4 -65.12
772.8 -64.96
773.2 -64.64
773.6 -64.76
774.0 -64.33
774.4 -65.17
774.8 -64.21
775.2 -64.92
775.6 -64.36
776.0 -64.85
776.4 -65.06
776.8 -64.79
777.2 -64.91
777.6 -65.22
778.0 -64.06
778.4 -64.58
778.8 -65.62
779.2 -64.21
779.6 -64.81
780.0 -65.14
780.4 -64.55
780.8 -64.63
781.2 -65.23
781.6 -65.07
782.0 -64.82
782.4 -64.27
782.8 -65.49
783.2 -64.5
783.6 -64.75
784.0 -64.31
784.4 -65.66
784.8 -64.8
785.2 -64.6
785.6 -64.07
786.0 -64.52
786.4 -64.29
786.8 -64.85
787.2 -65.07
787.6 -64.53
788.0 -64.53
788.4 -64.23
788.8 -65.52
789.2 -64.44
789.6 -64.05
790.0 -63.97
790.4 -64.38
790.8 -64.46
791.2 -63.93
791.6 -65.4
792.0 -64.85
792.4 -64.13
792.8 -63.9
793.2 -64.28
793.6 -64.38
794.0 -63.94
794.4 -64.89
794.8 -64.37
795.2 -63.94
795.6 -64.13
796.0 -63.98
796.4 -63.51
796.8 -64.31
797.2 -64.3
797.6 -63.79
798.0 -64.27
798.4 -64.57
798.8 -64.11
799.2 -64.0
799.6 -64.21
800.0 -63.97
800.4 -64.25
800.8 -63.82
801.2 -64.62
801.6 -63.88
802.0 -64.51
802.4 -63.78
802.8 -63.5
803.2 -64.3
803.6 -63.84
804.0 -63.46
804.4 -63.66
804.8 -63.33
805.2 -63.88
805.6 -63.61
806.0 -62.32
806.4 -60.29
806.8 -57.1
807.2 -53.48
807.6 -49.51
808.0 -48.15
808.4 -49.1
808.8 -49.77
809.2 -53.6
809.6 -60.5
810.0 -62.64
810.4 -63.74
810.8 -63.75
811.2 -63.89
811.6 -63.51
812.0 -64.01
812.4 -63.5
812.8 -64.45
813.2 -63.93
813.6 -63.77
814.0 -64.67
814.4 -64.3
814.8 -64.11
815.2 -64.72
815.6 -64.16
816.0 -63.46
816.4 -64.11
816.8 -64.24
817.2 -64.12
817.6 -64.08
818.0 -63.94
818.4 -63.48
818.8 -64.0
819.2 -64.26
819.6 -63.92
820.0 -63.71
820.4 -64.19
820.8 -64.36
821.2 -64.42
821.6 -63.93
822.0 -63.61
822.4 -63.44
822.8 -63.99
823.2 -64.25
823.6 -64.14
824.0 -64.16
824.4 -64.05
824.8 -63.41
825.2 -63.4
825.6 -63.5
826.0 -64.28
826.4 -64.4
826.8 -63.49
827.2 -64.05
827.6 -63.79
828.0 -63.24
828.4 -63.61
828.8 -63.56
829.2 -63.29
829.6 -63.3
830.0 -63.56
830.4 -64.02
830.8 -63.16
831.2 -63.71
831.6 -64.1
832.0 -63.62
832.4 -63.6
832.8 -63.82
833.2 -62.88
833.6 -63.22
834.0 -63.22
834.4 -63.3
834.8 -62.78
835.2 -63.26
835.6 -62.83
836.0 -62.55
836.4 -63.4
836.8 -63.0
837.2 -63.17
837.6 -62.75
838.0 -63.42
838.4 -63.67
838.8 -63.1
839.2 -63.38
839.6 -63.15
840.0 -63.07
840.4 -63.54
840.8 -63.08
841.2 -63.02
841.6 -62.78
842.0 -63.39
842.4 -63.33
842.8 -63.46
843.2 -63.25
843.6 -63.22
844.0 -63.44
844.4 -63.03
844.8 -62.92
845.2 -62.97
845.6 -63.2
846.0 -62.84
846.4 -63.12
846.8 -62.75
847.2 -62.6
847.6 -63.02
848.0 -62.95
848.4 -62.88
848.8 -63.17
849.2 -63.22
849.6 -62.96
850.0 -62.85
850.4 -62.52
850.8 -62.94
851.2 -62.38
851.6 -62.66
852.0 -62.63
852.4 -62.55
852.8 -62.26
853.2 -62.42
853.6 -63.08
854.0 -62.71
854.4 -62.77
854.8 -62.7
855.2 -62.7
855.6 -62.74
856.0 -63.12
856.4 -63.2
856.8 -62.12
857.2 -62.22
857.6 -62.31
858.0 -62.49
858.4 -62.41
858.8 -62.76
859.2 -62.79
859.6 -62.22
860.0 -62.15
860.4 -62.43
860.8 -62.21
861.2 -62.3
861.6 -62.08
862.0 -62.42
862.4 -62.14
862.8 -62.81
863.2 -62.4
863.6 -62.14
864.0 -62.16
864.4 -62.44
864.8 -62.47
865.2 -62.69
865.6 -62.31
866.0 -62.61
866.4 -62.4
866.8 -62.11
867.2 -62.17
867.6 -61.92
868.0 -62.23
868.4 -62.11
868.8 -62.38
869.2 -62.13
869.6 -62.12
870.0 -62.33
870.4 -62.39
870.8 -62.18
871.2 -62.09
871.6 -62.15
872.0 -62.02
872.4 -62.25
872.8 -62.06
873.2 -62.01
873.6 -61.95
874.0 -61.73
874.4 -62.12
874.8 -61.6
875.2 -61.98
875.6 -61.45
876.0 -62.23
876.4 -61.69
876.8 -62.04
877.2 -61.97
877.6 -61.6
878.0 -61.73
878.4 -62.03
878.8 -61.4
879.2 -61.79
879.6 -61.68
880.0 -62.13
880.4 -61.6
880.8 -61.51
881.2 -61.7
881.6 -61.65
882.0 -61.59
882.4 -61.55
882.8 -61.86
883.2 -61.43
883.6 -61.58
884.0 -61.52
884.4 -61.5
884.8 -61.88
885.2 -61.65
885.6 -61.71
886.0 -62.12
886.4 -61.5
886.8 -61.69
887.2 -61.68
887.6 -61.32
888.0 -61.73
888.4 -61.77
888.8 -61.41
889.2 -61.55
889.6 -61.38
890.0 -61.46
890.4 -61.48
890.8 -61.61
891.2 -61.75
891.6 -61.46
892.0 -61.23
892.4 -61.28
892.8 -61.36
893.2 -61.55
893.6 -61.62
894.0 -61.11
894.4 -61.38
894.8 -61.31
895.2 -61.33
895.6 -61.4
896.0 -61.1
896.4 -61.37
896.8 -61.13
897.2 -61.4
897.6 -61.34
898.0 -61.32
898.4 -61.28
898.8 -61.31
899.2 -61.3
899.6 -61.34
900.0 -61.1
900.4 -61.15
900.8 -61.06
901.2 -60.96
901.6 -61.31
902.0 -61.12
902.4 -61.27
902.8 -61.17
903.2 -61.23
903.6 -60.91
904.0 -60.78
904.4 -61.19
904.8 -60.85
905.2 -60.92
905.6 -61.06
906.0 -61.06
906.4 -60.99
906.8 -61.01
907.2 -61.0
907.6 -60.68
908.0 -60.66
908.4 -60.92
908.8 -61.01
909.2 -60.82
909.6 -60.72
910.0 -60.57
910.4 -60.52
910.8 -60.48
911.2 -60.7
911.6 -60.34
912.0 -60.73
912.4 -60.57
912.8 -60.44
913.2 -60.44
913.6 -60.42
914.0 -60.59
914.4 -60.41
914.8 -60.5
915.2 -60.31
915.6 -60.26
916.0 -60.23
916.4 -60.24
916.8 -60.32
917.2 -60.16
917.6 -60.11
918.0 -60.16
918.4 -60.27
918.8 -60.22
919.2 -60.37
919.6 -60.16
920.0 -60.05
920.4 -60.34
920.8 -59.89
921.2 -59.87
921.6 -59.96
922.0 -59.88
922.4 -60.07
922.8 -59.93
923.2 -60.02
923.6 -59.85
924.0 -59.83
924.4 -59.81
924.8 -59.83
925.2 -59.88
925.6 -59.81
926.0 -59.59
926.4 -59.66
926.8 -59.71
927.2 -59.63
927.6 -59.55
928.0 -59.59
928.4 -59.59
928.8 -59.55
929.2 -59.47
929.6 -59.53
930.0 -59.5
930.4 -59.4
930.8 -59.29
931.2 -59.33
931.6 -59.4
932.0 -59.43
932.4 -59.42
932.8 -59.23
933.2 -59.21
933.6 -59.47
934.0 -59.3
934.4 -59.24
934.8 -59.12
935.2 -59.08
935.6 -59.15
936.0 -59.12
936.4 -59.07
936.8 -59.16
937.2 -59.12
937.6 -59.3
938.0 -58.96
938.4 -59.14
938.8 -58.99
939.2 -58.96
939.6 -58.97
940.0 -58.97
940.4 -58.97
940.8 -58.85
941.2 -58.98
941.6 -58.77
942.0 -58.87
942.4 -58.93
942.8 -58.78
943.2 -58.83
943.6 -58.9
944.0 -58.77
944.4 -58.6
944.8 -58.69
945.2 -58.65
945.6 -58.7
946.0 -58.52
946.4 -58.56
946.8 -58.64
947.2 -58.63
947.6 -58.45
948.0 -58.77
948.4 -58.42
948.8 -58.38
949.2 -58.57
949.6 -58.62
950.0 -58.73
950.4 -58.54
950.8 -58.31
951.2 -58.54
951.6 -58.4
952.0 -58.46
952.4 -58.46
952.8 -58.16
953.2 -58.17
953.6 -58.27
954.0 -58.33
954.4 -58.24
954.8 -58.28
955.2 -58.22
955.6 -58.26
956.0 -58.28
956.4 -58.4
956.8 -58.34
957.2 -58.15
957.6 -58.03
958.0 -58.12
958.4 -58.13
958.8 -58.14
959.2 -58.12
959.6 -58.15
960.0 -58.08
960.4 -58.08
960.8 -58.0
961.2 -57.99
961.6 -58.03
962.0 -58.02
962.4 -57.88
962.8 -57.81
963.2 -57.99
963.6 -57.91
964.0 -57.65
964.4 -57.9
964.8 -57.73
965.2 -57.77
965.6 -57.67
966.0 -57.8
966.4 -57.73
966.8 -57.74
967.2 -57.62
967.6 -57.67
968.0 -57.83
968.4 -57.64
968.8 -57.79
969.2 -57.78
969.6 -57.78
970.0 -57.63
970.4 -57.78
970.8 -57.9
971.2 -57.84
971.6 -57.91
972.0 -57.8
972.4 -57.82
972.8 -57.83
973.2 -57.73
973.6 -57.82
974.0 -57.92
974.4 -57.82
974.8 -57.94
975.2 -57.94
975.6 -57.9
976.0 -58.11
976.4 -58.14
976.8 -58.07
977.2 -58.01
977.6 -58.19
978.0 -58.19
978.4 -58.19
978.8 -58.06
979.2 -58.27
979.6 -58.06
980.0 -58.15
980.4 -58.22
980.8 -58.01
981.2 -58.06
981.6 -58.13
982.0 -57.93
982.4 -57.84
982.8 -58.09
983.2 -57.75
983.6 -57.82
984.0 -57.69
984.4 -57.64
984.8 -57.71
985.2 -57.55
985.6 -57.5
986.0 -57.41
986.4 -57.42
986.8 -57.37
987.2 -57.47
987.6 -57.39
988.0 -57.31
988.4 -57.21
988.8 -57.27
989.2 -57.26
989.6 -57.35
990.0 -57.12
990.4 -57.13
990.8 -57.16
991.2 -56.91
991.6 -57.08
992.0 -57.01
992.4 -56.95
992.8 -56.93
993.2 -57.04
993.6 -57.01
994.0 -57.09
994.4 -57.06
994.8 -57.09
995.2 -56.93
995.6 -57.26
996.0 -57.06
996.4 -57.16
996.8 -57.11
997.2 -57.13
997.6 -57.06
998.0 -57.24
998.4 -57.36
998.8 -57.2
999.2 -57.18
999.6 -57.23
1000.0 -57.33
