600.0 -78.11
600.4 -81.15
600.8 -210.0
601.2 -210.0
601.6 -210.0
602.0 -210.0
602.4 -69.66
602.8 -210.0
603.2 -210.0
603.6 -210.0
604.0 -70.97
604.4 -79.64
604.8 -71.44
605.2 -71.68
605.6 -210.0
606.0 -74.11
606.4 -71.32
606.8 -79.8
607.2 -210.0
607.6 -210.0
608.0 -210.0
608.4 -70.2
608.8 -210.0
609.2 -210.0
609.6 -75.72
610.0 -80.0
610.4 -69.89
610.8 -75.28
611.2 -72.54
611.6 -210.0
612.0 -67.49
612.4 -210.0
612.8 -81.94
613.2 -76.51
613.6 -72.44
614.0 -68.99
614.4 -210.0
614.8 -79.04
615.2 -73.95
615.6 -210.0
616.0 -210.0
616.4 -76.7
616.8 -210.0
617.2 -73.44
617.6 -210.0
618.0 -82.25
618.4 -210.0
618.8 -72.74
619.2 -73.86
619.6 -210.0
620.0 -74.23
620.4 -73.63
620.8 -210.0
621.2 -210.0
621.6 -71.49
622.0 -76.46
622.4 -71.9
622.8 -77.76
623.2 -210.0
623.6 -72.59
624.0 -210.0
624.4 -71.84
624.8 -79.64
625.2 -210.0
625.6 -210.0
626.0 -70.69
626.4 -210.0
626.8 -72.37
627.2 -210.0
627.6 -71.37
628.0 -74.4
628.4 -210.0
628.8 -210.0
629.2 -210.0
629.6 -74.83
630.0 -210.0
630.4 -75.23
630.8 -86.06
631.2 -72.66
631.6 -79.13
632.0 -72.34
632.4 -71.26
632.8 -72.98
633.2 -210.0
633.6 -73.25
634.0 -210.0
634.4 -74.85
634.8 -76.35
635.2 -71.32
635.6 -70.17
636.0 -74.13
636.4 -81.69
636.8 -72.88
637.2 -73.97
637.6 -71.5
638.0 -86.59
638.4 -77.58
638.8 -70.21
639.2 -71.9
639.6 -72.9
640.0 -71.68
640.4 -210.0
640.8 -72.84
641.2 -70.41
641.6 -72.74
642.0 -72.44
642.4 -73.34
642.8 -71.55
643.2 -71.97
643.6 -72.92
644.0 -210.0
644.4 -72.36
644.8 -74.17
645.2 -69.57
645.6 -72.47
646.0 -72.36
646.4 -70.07
646.8 -71.56
647.2 -72.2
647.6 -70.61
648.0 -73.48
648.4 -73.02
648.8 -71.41
649.2 -71.44
649.6 -71.48
650.0 -70.99
650.4 -71.59
650.8 -71.08
651.2 -71.19
651.6 -70.38
652.0 -70.9
652.4 -73.01
652.8 -72.32
653.2 -74.85
653.6 -69.07
654.0 -70.83
654.4 -70.92
654.8 -70.75
655.2 -69.33
655.6 -72.47
656.0 -79.21
656.4 -70.94
656.8 -71.13
657.2 -72.36
657.6 -68.18
658.0 -71.44
658.4 -70.52
658.8 -70.44
659.2 -73.88
659.6 -69.83
660.0 -70.54
660.4 -71.07
660.8 -69.12
661.2 -70.88
661.6 -71.57
662.0 -70.79
662.4 -70.79
662.8 -69.43
663.2 -72.78
663.6 -70.45
664.0 -71.78
664.4 -70.21
664.8 -80.71
665.2 -70.54
665.6 -69.84
666.0 -73.22
666.4 -69.91
666.8 -68.89
667.2 -71.07
667.6 -69.63
668.0 -68.94
668.4 -71.78
668.8 -71.36
669.2 -70.88
669.6 -70.29
670.0 -69.62
670.4 -68.76
670.8 -70.86
671.2 -69.75
671.6 -70.69
672.0 -70.03
672.4 -70.51
672.8 -68.46
673.2 -69.87
673.6 -70.5
674.0 -70.16
674.4 -71.02
674.8 -71.4
675.2 -68.71
675.6 -70.56
676.0 -68.82
676.4 -69.84
676.8 -68.86
677.2 -69.35
677.6 -68.92
678.0 -69.28
678.4 -70.05
678.8 -70.27
679.2 -71.26
679.6 -68.84
680.0 -71.05
680.4 -68.14
680.8 -68.71
681.2 -69.94
681.6 -68.53
682.0 -70.07
682.4 -70.0
682.8 -69.03
683.2 -69.42
683.6 -68.61
684.0 -69.9
684.4 -67.44
684.8 -68.23
685.2 -68.32
685.6 -70.44
686.0 -70.78
686.4 -69.95
686.8 -69.04
687.2 -70.77
687.6 -67.8
688.0 -70.16
688.4 -68.84
688.8 -70.57
689.2 -67.69
689.6 -68.77
690.0 -67.91
690.4 -70.37
690.8 -68.47
691.2 -69.37
691.6 -69.65
692.0 -68.45
692.4 -69.78
692.8 -68.96
693.2 -68.11
693.6 -69.21
694.0 -68.64
694.4 -69.53
694.8 -70.23
695.2 -68.08
695.6 -69.89
696.0 -69.17
696.4 -68.66
696.8 -67.72
697.2 -67.8
697.6 -69.02
698.0 -67.7
698.4 -68.57
698.8 -69.54
699.2 -67.63
699.6 -68.39
700.0 -67.67
700.4 -67.43
700.8 -68.32
701.2 -69.8
701.6 -71.49
702.0 -69.42
702.4 -67.49
702.8 -70.19
703.2 -69.85
703.6 -68.33
704.0 -68.32
704.4 -67.37
704.8 -68.26
705.2 -68.59
705.6 -67.54
706.0 -70.88
706.4 -67.91
706.8 -69.14
707.2 -68.5
707.6 -69.0
708.0 -66.73
708.4 -66.92
708.8 -66.57
709.2 -67.3
709.6 -68.13
710.0 -68.83
710.4 -67.76
710.8 -68.11
711.2 -69.22
711.6 -69.35
712.0 -67.94
712.4 -67.31
712.8 -67.63
713.2 -67.13
713.6 -69.12
714.0 -67.34
714.4 -67.11
714.8 -68.59
715.2 -66.97
715.6 -67.1
716.0 -67.96
716.4 -68.28
716.8 -69.84
717.2 -67.58
717.6 -68.21
718.0 -68.2
718.4 -67.98
718.8 -67.51
719.2 -68.25
719.6 -67.14
720.0 -68.12
720.4 -69.8
720.8 -68.46
721.2 -68.28
721.6 -68.0
722.0 -67.11
722.4 -66.57
722.8 -67.1
723.2 -68.21
723.6 -68.26
724.0 -67.51
724.4 -67.76
724.8 -66.39
725.2 -66.74
725.6 -67.6
726.0 -66.77
726.4 -66.9
726.8 -66.68
727.2 -67.89
727.6 -66.33
728.0 -67.88
728.4 -66.55
728.8 -66.87
729.2 -67.09
729.6 -69.88
730.0 -66.41
730.4 -67.7
730.8 -68.61
731.2 -67.96
731.6 -67.44
732.0 -67.68
732.4 -66.84
732.8 -68.54
733.2 -66.87
733.6 -67.88
734.0 -67.18
734.4 -66.91
734.8 -67.77
735.2 -66.22
735.6 -67.07
736.0 -66.29
736.4 -67.06
736.8 -66.93
737.2 -66.63
737.6 -66.12
738.0 -69.17
738.4 -67.14
738.8 -68.94
739.2 -66.78
739.6 -67.37
740.0 -68.1
740.4 -68.1
740.8 -66.77
741.2 -66.85
741.6 -66.51
742.0 -67.5
742.4 -67.45
742.8 -66.54
743.2 -68.51
743.6 -67.59
744.0 -68.44
744.4 -66.53
744.8 -67.09
745.2 -66.57
745.6 -68.82
746.0 -68.12
746.4 -67.78
746.8 -66.77
747.2 -66.94
747.6 -67.17
748.0 -68.48
748.4 -67.21
748.8 -66.3
749.2 -67.93
749.6 -66.34
750.0 -66.1
750.4 -66.57
750.8 -66.95
751.2 -67.64
751.6 -66.51
752.0 -66.93
752.4 -66.76
752.8 -67.35
753.2 -66.45
753.6 -66.13
754.0 -65.94
754.4 -67.75
754.8 -67.14
755.2 -67.22
755.6 -65.48
756.0 -67.51
756.4 -66.88
756.8 -66.96
757.2 -66.05
757.6 -66.69
758.0 -67.14
758.4 -65.78
758.8 -66.03
759.2 -65.98
759.6 -67.63
760.0 -67.11
760.4 -67.73
760.8 -67.51
761.2 -66.08
761.6 -65.82
762.0 -65.43
762.4 -67.34
762.8 -67.7
763.2 -66.67
763.6 -67.28
764.0 -66.45
764.4 -67.17
764.8 -65.89
765.2 -66.15
765.6 -66.04
766.0 -65.84
766.4 -66.22
766.8 -67.0
767.2 -67.29
767.6 -65.45
768.0 -65.75
768.4 -66.41
768.8 -66.48
769.2 -66.93
769.6 -66.61
770.0 -67.26
770.4 -66.3
770.8 -66.78
771.2 -67.06
771.6 -66.78
772.0 -65.15
772.4 -66.01
772.8 -66.46
773.2 -65.9
773.6 -65.15
774.0 -66.04
774.4 -65.64
774.8 -65.64
775.2 -66.08
775.6 -66.08
776.0 -66.4
776.4 -65.99
776.8 -66.23
777.2 -65.81
777.6 -66.4
778.0 -66.56
778.4 -65.87
778.8 -66.88
779.2 -65.83
779.6 -65.91
780.0 -66.42
780.4 -65.94
780.8 -66.77
781.2 -66.05
781.6 -66.04
782.0 -66.76
782.4 -65.19
782.8 -65.6
783.2 -65.66
783.6 -67.35
784.0 -66.53
784.4 -67.56
784.8 -65.54
785.2 -66.43
785.6 -65.68
786.0 -64.92
786.4 -66.51
786.8 -66.42
787.2 -65.39
787.6 -66.25
788.0 -64.73
788.4 -66.87
788.8 -66.33
789.2 -66.29
789.6 -66.16
790.0 -66.9
790.4 -65.37
790.8 -66.07
791.2 -65.83
791.6 -66.18
792.0 -65.72
792.4 -65.1
792.8 -65.56
793.2 -65.35
793.6 -65.32
794.0 -65.21
794.4 -65.55
794.8 -65.21
795.2 -66.5
795.6 -65.4
796.0 -66.07
796.4 -65.3
796.8 -65.61
797.2 -66.35
797.6 -65.43
798.0 -65.5
798.4 -65.7
798.8 -64.48
799.2 -65.78
799.6 -65.67
800.0 -66.12
800.4 -65.1
800.8 -66.29
801.2 -64.37
801.6 -66.05
802.0 -64.8
802.4 -65.11
802.8 -65.12
803.2 -65.46
803.6 -65.64
804.0 -64.62
804.4 -65.17
804.8 -64.1
805.2 -65.87
805.6 -64.29
806.0 -63.15
806.4 -61.56
806.8 -58.14
807.2 -54.37
807.6 -50.49
808.0 -49.09
808.4 -50.13
808.8 -50.56
809.2 -54.11
809.6 -61.58
810.0 -63.97
810.4 -63.95
810.8 -64.21
811.2 -65.0
811.6 -65.3
812.0 -64.99
812.4 -65.45
812.8 -64.97
813.2 -65.3
813.6 -65.51
814.0 -65.02
814.4 -65.77
814.8 -64.86
815.2 -65.26
815.6 -65.98
816.0 -64.79
816.4 -64.29
816.8 -65.63
817.2 -65.86
817.6 -65.83
818.0 -65.16
818.4 -64.64
818.8 -65.47
819.2 -65.15
819.6 -64.63
820.0 -64.82
820.4 -64.26
820.8 -65.39
821.2 -65.31
821.6 -64.65
822.0 -66.84
822.4 -65.2
822.8 -64.89
823.2 -65.72
823.6 -64.92
824.0 -65.02
824.4 -64.44
824.8 -65.14
825.2 -65.62
825.6 -64.57
826.0 -65.12
826.4 -65.6
826.8 -63.89
827.2 -64.97
827.6 -65.56
828.0 -64.89
828.4 -65.08
828.8 -64.71
829.2 -65.05
829.6 -64.42
830.0 -65.12
830.4 -64.27
830.8 -63.95
831.2 -64.73
831.6 -64.51
832.0 -65.43
832.4 -65.13
832.8 -65.08
833.2 -64.83
833.6 -64.36
834.0 -64.26
834.4 -64.04
834.8 -64.77
835.2 -64.37
835.6 -63.78
836.0 -64.1
836.4 -64.42
836.8 -64.8
837.2 -64.49
837.6 -64.61
838.0 -64.38
838.4 -64.08
838.8 -64.66
839.2 -64.49
839.6 -64.01
840.0 -64.18
840.4 -64.55
840.8 -64.33
841.2 -64.1
841.6 -64.43
842.0 -64.75
842.4 -63.68
842.8 -64.34
843.2 -64.44
843.6 -64.65
844.0 -63.83
844.4 -64.28
844.8 -64.58
845.2 -64.08
845.6 -63.48
846.0 -63.82
846.4 -64.45
846.8 -64.04
847.2 -63.66
847.6 -64.13
848.0 -63.74
848.4 -63.76
848.8 -64.3
849.2 -64.09
849.6 -63.73
850.0 -64.31
850.4 -63.89
850.8 -63.95
851.2 -63.78
851.6 -63.79
852.0 -63.74
852.4 -63.9
852.8 -64.02
853.2 -63.36
853.6 -63.48
854.0 -63.58
854.4 -64.07
854.8 -63.77
855.2 -63.9
855.6 -63.71
856.0 -63.78
856.4 -63.75
856.8 -63.44
857.2 -64.07
857.6 -63.58
858.0 -63.1
858.4 -63.49
858.8 -63.37
859.2 -63.16
859.6 -62.94
860.0 -63.3
860.4 -62.97
860.8 -62.9
861.2 -63.02
861.6 -63.24
862.0 -63.29
862.4 -63.23
862.8 -63.45
863.2 -63.05
863.6 -63.13
864.0 -62.95
864.4 -63.26
864.8 -63.53
865.2 -62.77
865.6 -62.41
866.0 -62.93
866.4 -63.21
866.8 -62.8
867.2 -63.28
867.6 -63.4
868.0 -62.69
868.4 -63.09
868.8 -62.99
869.2 -62.74
869.6 -62.74
870.0 -62.59
870.4 -62.76
870.8 -63.1
871.2 -62.86
871.6 -62.91
872.0 -63.11
872.4 -62.55
872.8 -62.82
873.2 -62.51
873.6 -62.5
874.0 -62.8
874.4 -62.96
874.8 -62.62
875.2 -62.56
875.6 -62.33
876.0 -63.05
876.4 -62.73
876.8 -62.84
877.2 -61.92
877.6 -62.88
878.0 -62.16
878.4 -62.46
878.8 -62.56
879.2 -62.83
879.6 -62.54
880.0 -62.16
880.4 -62.21
880.8 -62.63
881.2 -62.64
881.6 -62.14
882.0 -62.2
882.4 -62.29
882.8 -62.17
883.2 -62.83
883.6 -62.08
884.0 -62.27
884.4 -62.21
884.8 -62.22
885.2 -62.64
885.6 -62.28
886.0 -62.37
886.4 -62.41
886.8 -62.41
887.2 -62.45
887.6 -62.02
888.0 -62.13
888.4 -61.97
888.8 -62.02
889.2 -62.23
889.6 -62.19
890.0 -62.36
890.4 -62.33
890.8 -62.17
891.2 -62.13
891.6 -62.4
892.0 -61.98
892.4 -62.14
892.8 -61.97
893.2 -62.11
893.6 -61.7
894.0 -62.12
894.4 -61.95
894.8 -62.15
895.2 -62.3
895.6 -62.05
896.0 -62.04
896.4 -61.84
896.8 -62.24
897.2 -61.7
897.6 -62.13
898.0 -62.24
898.4 -61.99
898.8 -62.26
899.2 -62.19
899.6 -62.08
900.0 -61.52
900.4 -62.0
900.8 -62.3
901.2 -62.09
901.6 -61.48
902.0 -61.81
902.4 -61.98
902.8 -61.7
903.2 -61.77
903.6 -61.45
904.0 -61.86
904.4 -61.65
904.8 -61.63
905.2 -61.3
905.6 -61.86
906.0 -61.65
906.4 -62.17
906.8 -61.48
907.2 -61.4
907.6 -61.93
908.0 -61.64
908.4 -61.81
908.8 -61.66
909.2 -61.84
909.6 -61.51
910.0 -61.9
910.4 -61.61
910.8 -61.56
911.2 -61.32
911.6 -61.58
912.0 -61.1
912.4 -61.59
912.8 -61.0
913.2 -60.77
913.6 -61.1
914.0 -61.06
914.4 -61.39
914.8 -61.41
915.2 -61.58
915.6 -61.39
916.0 -61.41
916.4 -61.23
916.8 -61.13
917.2 -61.36
917.6 -61.47
918.0 -61.27
918.4 -61.11
918.8 -61.35
919.2 -61.07
919.6 -60.95
920.0 -60.62
920.4 -61.19
920.8 -61.04
921.2 -61.05
921.6 -60.78
922.0 -60.73
922.4 -60.75
922.8 -60.72
923.2 -61.14
923.6 -60.7
924.0 -60.73
924.4 -60.66
924.8 -60.86
925.2 -60.7
925.6 -61.13
926.0 -60.68
926.4 -60.76
926.8 -60.66
927.2 -60.67
927.6 -60.74
928.0 -60.62
928.4 -60.62
928.8 -60.44
929.2 -60.46
929.6 -60.65
930.0 -60.45
930.4 -60.49
930.8 -60.59
931.2 -60.36
931.6 -60.64
932.0 -60.81
932.4 -60.58
932.8 -60.62
933.2 -60.52
933.6 -60.33
934.0 -60.26
934.4 -60.46
934.8 -60.38
935.2 -60.41
935.6 -60.37
936.0 -60.42
936.4 -60.42
936.8 -60.38
937.2 -60.34
937.6 -60.32
938.0 -60.35
938.4 -60.35
938.8 -60.3
939.2 -60.37
939.6 -60.27
940.0 -60.37
940.4 -60.4
940.8 -60.3
941.2 -60.32
941.6 -60.21
942.0 -60.22
942.4 -60.41
942.8 -60.34
943.2 -60.11
943.6 -60.03
944.0 -60.32
944.4 -59.85
944.8 -60.01
945.2 -60.12
945.6 -60.07
946.0 -60.22
946.4 -60.09
946.8 -60.29
947.2 -60.0
947.6 -60.09
948.0 -60.1
948.4 -60.13
948.8 -60.11
949.2 -60.09
949.6 -60.18
950.0 -60.06
950.4 -60.12
950.8 -59.89
951.2 -59.98
951.6 -59.92
952.0 -60.09
952.4 -60.03
952.8 -60.0
953.2 -60.2
953.6 -60.13
954.0 -60.04
954.4 -60.0
954.8 -59.93
955.2 -60.01
955.6 -60.0
956.0 -59.85
956.4 -60.07
956.8 -60.04
957.2 -60.01
957.6 -59.99
958.0 -59.87
958.4 -59.92
958.8 -59.84
959.2 -59.93
959.6 -59.87
960.0 -59.74
960.4 -59.79
960.8 -59.57
961.2 -59.57
961.6 -59.61
962.0 -59.51
962.4 -59.68
962.8 -59.49
963.2 -59.4
963.6 -59.4
964.0 -59.44
964.4 -59.41
964.8 -59.48
965.2 -59.36
965.6 -59.31
966.0 -59.22
966.4 -59.41
966.8 -59.61
967.2 -59.18
967.6 -59.39
968.0 -59.5
968.4 -59.45
968.8 -59.45
969.2 -59.56
969.6 -59.44
970.0 -59.47
970.4 -59.4
970.8 -59.53
971.2 -59.62
971.6 -59.51
972.0 -59.45
972.4 -59.48
972.8 -59.46
973.2 -59.68
973.6 -59.62
974.0 -59.69
974.4 -59.67
974.8 -59.61
975.2 -59.72
975.6 -59.74
976.0 -59.75
976.4 -59.67
976.8 -59.84
977.2 -59.74
977.6 -59.65
978.0 -59.95
978.4 -59.87
978.8 -59.77
979.2 -59.79
979.6 -59.87
980.0 -59.8
980.4 -59.76
980.8 -59.85
981.2 -59.66
981.6 -59.56
982.0 -59.7
982.4 -59.4
982.8 -59.55
983.2 -59.56
983.6 -59.46
984.0 -59.4
984.4 -59.31
984.8 -59.21
985.2 -59.24
985.6 -59.07
986.0 -59.14
986.4 -59.17
986.8 -59.07
987.2 -59.21
987.6 -59.15
988.0 -59.12
988.4 -58.97
988.8 -59.07
989.2 -59.07
989.6 -59.07
990.0 -58.95
990.4 -59.01
990.8 -59.03
991.2 -58.87
991.6 -58.8
992.0 -58.85
992.4 -58.73
992.8 -58.75
993.2 -58.73
993.6 -58.74
994.0 -58.68
994.4 -58.64
994.8 -58.75
995.2 -58.85
995.6 -58.72
996.0 -58.8
996.4 -58.77
996.8 -58.75
997.2 -58.76
997.6 -58.56
998.0 -58.72
998.4 -58.79
998.8 -58.86
999.2 -58.94
999.6 -58.77
1000.0 -58.82
