600.0 -72.67
600.4 -70.01
600.8 -74.19
601.2 -210.0
601.6 -74.69
602.0 -78.24
602.4 -210.0
602.8 -70.51
603.2 -210.0
603.6 -70.05
604.0 -210.0
604.4 -84.42
604.8 -79.67
605.2 -210.0
605.6 -210.0
606.0 -73.06
606.4 -71.99
606.8 -79.8
607.2 -210.0
607.6 -210.0
608.0 -78.63
608.4 -210.0
608.8 -72.15
609.2 -72.17
609.6 -71.97
610.0 -210.0
610.4 -78.78
610.8 -75.28
611.2 -210.0
611.6 -71.07
612.0 -70.42
612.4 -73.79
612.8 -69.89
613.2 -72.66
613.6 -76.54
614.0 -74.22
614.4 -210.0
614.8 -73.93
615.2 -72.53
615.6 -210.0
616.0 -77.35
616.4 -70.24
616.8 -210.0
617.2 -82.2
617.6 -69.2
618.0 -70.2
618.4 -74.48
618.8 -70.52
619.2 -74.91
619.6 -74.55
620.0 -74.95
620.4 -68.41
620.8 -68.79
621.2 -68.72
621.6 -70.28
622.0 -71.02
622.4 -72.09
622.8 -210.0
623.2 -80.79
623.6 -210.0
624.0 -72.83
624.4 -71.84
624.8 -210.0
625.2 -210.0
625.6 -68.9
626.0 -69.95
626.4 -69.85
626.8 -72.79
627.2 -69.9
627.6 -73.8
628.0 -70.18
628.4 -72.67
628.8 -77.46
629.2 -69.6
629.6 -72.96
630.0 -72.19
630.4 -68.7
630.8 -73.27
631.2 -72.28
631.6 -70.09
632.0 -73.14
632.4 -71.26
632.8 -72.23
633.2 -70.21
633.6 -69.44
634.0 -70.26
634.4 -69.78
634.8 -68.22
635.2 -73.37
635.6 -75.27
636.0 -71.81
636.4 -70.23
636.8 -69.59
637.2 -72.05
637.6 -69.4
638.0 -71.96
638.4 -69.21
638.8 -71.73
639.2 -67.64
639.6 -68.51
640.0 -69.66
640.4 -69.53
640.8 -73.01
641.2 -68.85
641.6 -68.82
642.0 -69.93
642.4 -69.25
642.8 -71.94
643.2 -68.76
643.6 -69.28
644.0 -68.34
644.4 -70.9
644.8 -68.42
645.2 -69.35
645.6 -68.61
646.0 -69.15
646.4 -68.99
646.8 -67.36
647.2 -68.93
647.6 -69.87
648.0 -69.26
648.4 -68.05
648.8 -68.9
649.2 -67.88
649.6 -68.8
650.0 -68.17
650.4 -70.71
650.8 -68.17
651.2 -68.23
651.6 -67.02
652.0 -68.28
652.4 -67.77
652.8 -67.38
653.2 -66.53
653.6 -67.43
654.0 -68.72
654.4 -69.01
654.8 -68.46
655.2 -68.79
655.6 -68.96
656.0 -67.17
656.4 -68.58
656.8 -68.63
657.2 -68.04
657.6 -67.94
658.0 -66.96
658.4 -68.43
658.8 -66.89
659.2 -68.49
659.6 -66.86
660.0 -66.87
660.4 -67.24
660.8 -66.9
661.2 -68.01
661.6 -67.32
662.0 -68.66
662.4 -66.69
662.8 -66.73
663.2 -68.89
663.6 -66.87
664.0 -68.94
664.4 -67.74
664.8 -66.33
665.2 -65.82
665.6 -68.06
666.0 -67.4
666.4 -67.7
666.8 -68.89
667.2 -66.62
667.6 -67.65
668.0 -68.11
668.4 -66.69
668.8 -67.74
669.2 -67.7
669.6 -67.2
670.0 -66.82
670.4 -68.65
670.8 -66.96
671.2 -66.81
671.6 -67.94
672.0 -66.27
672.4 -66.3
672.8 -66.23
673.2 -66.76
673.6 -66.45
674.0 -66.44
674.4 -66.28
674.8 -66.14
675.2 -66.43
675.6 -66.99
676.0 -66.8
676.4 -66.35
676.8 -66.65
677.2 -66.28
677.6 -66.51
678.0 -67.23
678.4 -66.64
678.8 -66.17
679.2 -66.46
679.6 -66.39
680.0 -66.51
680.4 -67.72
680.8 -65.9
681.2 -65.9
681.6 -66.39
682.0 -67.56
682.4 -66.25
682.8 -65.76
683.2 -67.33
683.6 -66.97
684.0 -66.14
684.4 -66.35
684.8 -66.73
685.2 -66.28
685.6 -66.05
686.0 -66.27
686.4 -65.33
686.8 -66.1
687.2 -66.6
687.6 -65.84
688.0 -65.5
688.4 -67.56
688.8 -66.17
689.2 -66.64
689.6 -66.46
690.0 -65.69
690.4 -65.57
690.8 -65.8
691.2 -66.87
691.6 -65.97
692.0 -66.22
692.4 -66.55
692.8 -65.8
693.2 -65.67
693.6 -66.27
694.0 -65.52
694.4 -65.92
694.8 -65.83
695.2 -66.58
695.6 -66.01
696.0 -65.81
696.4 -66.53
696.8 -65.1
697.2 -66.48
697.6 -66.14
698.0 -66.0
698.4 -65.96
698.8 -66.29
699.2 -66.56
699.6 -65.17
700.0 -65.84
700.4 -65.93
700.8 -65.96
701.2 -65.92
701.6 -65.61
702.0 -65.69
702.4 -66.26
702.8 -66.16
703.2 -66.08
703.6 -65.55
704.0 -65.31
704.4 -65.87
704.8 -66.06
705.2 -65.1
705.6 -65.46
706.0 -66.08
706.4 -65.39
706.8 -65.59
707.2 -65.55
707.6 -66.86
708.0 -66.58
708.4 -65.24
708.8 -65.44
709.2 -65.1
709.6 -65.26
710.0 -66.33
710.4 -65.34
710.8 -65.94
711.2 -65.84
711.6 -65.37
712.0 -65.04
712.4 -65.58
712.8 -65.6
713.2 -66.63
713.6 -65.94
714.0 -65.07
714.4 -64.93
714.8 -64.8
715.2 -65.73
715.6 -66.3
716.0 -65.11
716.4 -65.07
716.8 -65.47
717.2 -64.8
717.6 -65.61
718.0 -64.86
718.4 -65.64
718.8 -65.41
719.2 -65.69
719.6 -66.3
720.0 -64.98
720.4 -65.26
720.8 -65.9
721.2 -65.8
721.6 -65.16
722.0 -65.6
722.4 -65.72
722.8 -65.98
723.2 -65.28
723.6 -65.03
724.0 -64.7
724.4 -64.75
724.8 -66.5
725.2 -65.06
725.6 -65.69
726.0 -65.68
726.4 -65.22
726.8 -65.02
727.2 -65.58
727.6 -64.91
728.0 -65.69
728.4 -64.98
728.8 -65.17
729.2 -65.78
729.6 -65.92
730.0 -64.3
730.4 -65.42
730.8 -65.57
731.2 -65.86
731.6 -65.63
732.0 -66.13
732.4 -65.4
732.8 -64.97
733.2 -65.64
733.6 -65.98
734.0 -65.27
734.4 -66.22
734.8 -66.34
735.2 -65.57
735.6 -65.76
736.0 -66.07
736.4 -66.24
736.8 -66.09
737.2 -66.13
737.6 -66.01
738.0 -65.74
738.4 -65.17
738.8 -65.83
739.2 -65.16
739.6 -65.53
740.0 -65.96
740.4 -65.92
740.8 -65.43
741.2 -65.2
741.6 -64.62
742.0 -66.02
742.4 -64.52
742.8 -65.5
743.2 -66.19
743.6 -65.7
744.0 -65.46
744.4 -64.7
744.8 -64.76
745.2 -64.73
745.6 -66.02
746.0 -65.39
746.4 -66.21
746.8 -65.39
747.2 -65.87
747.6 -66.12
748.0 -66.05
748.4 -65.33
748.8 -66.11
749.2 -65.86
749.6 -64.73
750.0 -66.33
750.4 -65.26
750.8 -66.32
751.2 -64.93
751.6 -66.16
752.0 -65.29
752.4 -65.33
752.8 -65.57
753.2 -64.49
753.6 -65.66
754.0 -65.98
754.4 -65.26
754.8 -65.59
755.2 -64.62
755.6 -65.35
756.0 -65.57
756.4 -65.5
756.8 -65.62
757.2 -64.96
757.6 -65.58
758.0 -64.75
758.4 -64.83
758.8 -65.12
759.2 -64.73
759.6 -65.3
760.0 -65.38
760.4 -66.36
760.8 -66.35
761.2 -65.51
761.6 -65.12
762.0 -65.27
762.4 -64.93
762.8 -66.54
763.2 -65.76
763.6 -65.16
764.0 -65.68
764.4 -64.88
764.8 -65.47
765.2 -64.82
765.6 -65.33
766.0 -65.36
766.4 -64.58
766.8 -64.28
767.2 -64.97
767.6 -65.38
768.0 -64.84
768.4 -65.24
768.8 -64.72
769.2 -65.36
769.6 -65.26
770.0 -65.62
770.4 -64.79
770.8 -64.74
771.2 -65.19
771.6 -65.09
772.0 -65.27
772.4 -65.65
772.8 -65.08
773.2 -65.05
773.6 -64.29
774.0 -64.75
774.4 -65.82
774.8 -65.04
775.2 -65.01
775.6 -65.14
776.0 -65.25
776.4 -65.03
776.8 -64.14
777.2 -64.3
777.6 -64.88
778.0 -64.75
778.4 -64.67
778.8 -64.42
779.2 -63.84
779.6 -65.98
780.0 -65.2
780.4 -64.83
780.8 -64.74
781.2 -64.41
781.6 -64.32
782.0 -64.73
782.4 -65.29
782.8 -64.85
783.2 -65.38
783.6 -64.61
784.0 -63.96
784.4 -65.02
784.8 -64.95
785.2 -63.95
785.6 -64.8
786.0 -65.68
786.4 -65.39
786.8 -64.34
787.2 -63.96
787.6 -64.7
788.0 -64.85
788.4 -64.67
788.8 -65.18
789.2 -65.56
789.6 -64.93
790.0 -65.02
790.4 -64.92
790.8 -63.82
791.2 -64.79
791.6 -64.34
792.0 -65.79
792.4 -64.42
792.8 -65.22
793.2 -65.12
793.6 -64.87
794.0 -64.11
794.4 -64.92
794.8 -64.27
795.2 -64.29
795.6 -65.17
796.0 -64.13
796.4 -64.13
796.8 -64.79
797.2 -64.14
797.6 -64.35
798.0 -64.93
798.4 -64.03
798.8 -63.96
799.2 -64.03
799.6 -64.18
800.0 -64.95
800.4 -64.53
800.8 -63.92
801.2 -63.98
801.6 -63.98
802.0 -63.62
802.4 -64.54
802.8 -64.01
803.2 -63.54
803.6 -63.75
804.0 -64.28
804.4 -63.57
804.8 -63.27
805.2 -63.8
805.6 -63.11
806.0 -62.61
806.4 -60.18
806.8 -57.16
807.2 -53.49
807.6 -49.59
808.0 -48.17
808.4 -49.16
808.8 -50.02
809.2 -54.03
809.6 -60.58
810.0 -62.72
810.4 -62.74
810.8 -63.77
811.2 -63.43
811.6 -63.71
812.0 -63.68
812.4 -64.31
812.8 -63.75
813.2 -63.61
813.6 -64.19
814.0 -63.44
814.4 -63.49
814.8 -64.11
815.2 -63.7
815.6 -63.54
816.0 -64.3
816.4 -63.73
816.8 -64.21
817.2 -63.11
817.6 -63.47
818.0 -63.55
818.4 -64.04
818.8 -63.49
819.2 -63.76
819.6 -64.04
820.0 -63.52
820.4 -63.84
820.8 -63.74
821.2 -63.87
821.6 -63.8
822.0 -63.4
822.4 -63.44
822.8 -63.77
823.2 -63.31
823.6 -63.67
824.0 -64.07
824.4 -64.19
824.8 -64.17
825.2 -63.64
825.6 -63.3
826.0 -64.23
826.4 -64.0
826.8 -64.22
827.2 -63.12
827.6 -64.14
828.0 -63.45
828.4 -63.86
828.8 -63.96
829.2 -63.68
829.6 -63.92
830.0 -63.31
830.4 -63.48
830.8 -63.74
831.2 -64.0
831.6 -63.33
832.0 -63.55
832.4 -63.56
832.8 -64.13
833.2 -63.49
833.6 -63.74
834.0 -63.74
834.4 -63.63
834.8 -63.45
835.2 -63.41
835.6 -63.53
836.0 -63.28
836.4 -63.94
836.8 -63.9
837.2 -63.33
837.6 -63.74
838.0 -63.99
838.4 -63.83
838.8 -63.83
839.2 -64.04
839.6 -64.11
840.0 -64.12
840.4 -64.16
840.8 -65.02
841.2 -63.84
841.6 -63.79
842.0 -63.92
842.4 -64.15
842.8 -63.64
843.2 -64.54
843.6 -63.78
844.0 -64.11
844.4 -63.87
844.8 -64.39
845.2 -64.0
845.6 -63.82
846.0 -64.45
846.4 -63.79
846.8 -64.29
847.2 -64.13
847.6 -64.4
848.0 -64.24
848.4 -64.15
848.8 -63.57
849.2 -64.65
849.6 -63.66
850.0 -64.69
850.4 -64.75
850.8 -64.08
851.2 -64.07
851.6 -64.18
852.0 -64.44
852.4 -64.09
852.8 -64.31
853.2 -63.87
853.6 -63.86
854.0 -64.11
854.4 -64.24
854.8 -64.46
855.2 -64.92
855.6 -64.1
856.0 -64.33
856.4 -64.45
856.8 -64.45
857.2 -64.03
857.6 -64.14
858.0 -64.32
858.4 -64.29
858.8 -64.04
859.2 -64.48
859.6 -64.67
860.0 -64.26
860.4 -63.81
860.8 -64.27
861.2 -64.29
861.6 -64.22
862.0 -64.49
862.4 -64.03
862.8 -64.76
863.2 -64.35
863.6 -64.75
864.0 -64.73
864.4 -63.96
864.8 -65.1
865.2 -64.53
865.6 -64.34
866.0 -64.24
866.4 -64.13
866.8 -64.68
867.2 -64.04
867.6 -63.95
868.0 -64.33
868.4 -63.84
868.8 -64.6
869.2 -64.43
869.6 -64.67
870.0 -64.71
870.4 -64.32
870.8 -64.12
871.2 -63.88
871.6 -64.1
872.0 -64.33
872.4 -63.75
872.8 -64.64
873.2 -64.48
873.6 -64.13
874.0 -64.23
874.4 -64.52
874.8 -63.86
875.2 -63.82
875.6 -64.35
876.0 -64.63
876.4 -64.26
876.8 -63.94
877.2 -64.99
877.6 -64.36
878.0 -64.02
878.4 -64.78
878.8 -64.28
879.2 -64.47
879.6 -64.02
880.0 -64.17
880.4 -64.03
880.8 -63.72
881.2 -64.24
881.6 -64.39
882.0 -64.37
882.4 -64.45
882.8 -64.42
883.2 -63.6
883.6 -64.19
884.0 -63.96
884.4 -64.74
884.8 -64.26
885.2 -64.33
885.6 -64.01
886.0 -63.83
886.4 -63.64
886.8 -64.18
887.2 -64.32
887.6 -63.92
888.0 -63.77
888.4 -63.67
888.8 -64.08
889.2 -64.19
889.6 -64.63
890.0 -63.95
890.4 -63.89
890.8 -63.61
891.2 -64.45
891.6 -64.0
892.0 -63.68
892.4 -64.81
892.8 -63.77
893.2 -64.16
893.6 -63.71
894.0 -64.35
894.4 -63.76
894.8 -64.47
895.2 -64.96
895.6 -64.6
896.0 -63.8
896.4 -64.77
896.8 -64.38
897.2 -63.66
897.6 -64.81
898.0 -64.45
898.4 -64.39
898.8 -63.75
899.2 -64.04
899.6 -64.29
900.0 -64.09
900.4 -64.39
900.8 -64.21
901.2 -63.94
901.6 -63.63
902.0 -64.32
902.4 -64.48
902.8 -64.49
903.2 -63.65
903.6 -63.96
904.0 -63.92
904.4 -63.87
904.8 -63.5
905.2 -64.63
905.6 -64.3
906.0 -63.7
906.4 -65.12
906.8 -64.01
907.2 -64.2
907.6 -64.56
908.0 -64.25
908.4 -64.24
908.8 -63.9
909.2 -64.2
909.6 -64.51
910.0 -64.62
910.4 -64.3
910.8 -64.69
911.2 -65.03
911.6 -63.98
912.0 -64.28
912.4 -64.0
912.8 -64.26
913.2 -64.25
913.6 -63.54
914.0 -64.14
914.4 -64.25
914.8 -64.44
915.2 -64.25
915.6 -64.13
916.0 -64.55
916.4 -64.67
916.8 -63.91
917.2 -64.37
917.6 -64.4
918.0 -64.3
918.4 -64.07
918.8 -64.36
919.2 -64.89
919.6 -64.48
920.0 -64.07
920.4 -64.54
920.8 -64.7
921.2 -64.4
921.6 -64.5
922.0 -64.19
922.4 -64.01
922.8 -64.95
923.2 -64.29
923.6 -64.17
924.0 -63.93
924.4 -64.69
924.8 -64.36
925.2 -64.3
925.6 -64.7
926.0 -64.5
926.4 -65.41
926.8 -64.74
927.2 -64.65
927.6 -64.67
928.0 -64.64
928.4 -64.88
928.8 -65.0
929.2 -64.73
929.6 -64.5
930.0 -65.23
930.4 -64.9
930.8 -65.27
931.2 -64.37
931.6 -64.7
932.0 -65.38
932.4 -64.49
932.8 -64.84
933.2 -64.85
933.6 -64.76
934.0 -65.07
934.4 -65.01
934.8 -64.45
935.2 -64.5
935.6 -64.91
936.0 -64.9
936.4 -64.93
936.8 -65.15
937.2 -65.09
937.6 -64.93
938.0 -64.99
938.4 -64.8
938.8 -64.94
939.2 -64.63
939.6 -64.95
940.0 -64.92
940.4 -64.96
940.8 -65.14
941.2 -65.26
941.6 -65.65
942.0 -65.21
942.4 -64.9
942.8 -65.07
943.2 -65.07
943.6 -65.19
944.0 -65.16
944.4 -64.11
944.8 -64.96
945.2 -65.44
945.6 -65.14
946.0 -65.41
946.4 -65.12
946.8 -65.52
947.2 -65.46
947.6 -65.51
948.0 -65.17
948.4 -65.28
948.8 -65.62
949.2 -66.17
949.6 -65.92
950.0 -65.48
950.4 -65.45
950.8 -65.51
951.2 -65.98
951.6 -66.17
952.0 -65.48
952.4 -65.64
952.8 -65.71
953.2 -65.71
953.6 -65.58
954.0 -65.28
954.4 -65.8
954.8 -65.97
955.2 -65.54
955.6 -66.07
956.0 -65.66
956.4 -65.38
956.8 -66.44
957.2 -65.54
957.6 -65.53
958.0 -65.46
958.4 -65.33
958.8 -65.56
959.2 -65.24
959.6 -64.95
960.0 -65.44
960.4 -65.22
960.8 -65.13
961.2 -65.24
961.6 -65.34
962.0 -65.3
962.4 -65.53
962.8 -65.15
963.2 -64.84
963.6 -65.4
964.0 -65.12
964.4 -65.19
964.8 -65.58
965.2 -64.53
965.6 -64.84
966.0 -65.02
966.4 -64.83
966.8 -64.98
967.2 -64.99
967.6 -65.48
968.0 -65.05
968.4 -65.28
968.8 -65.13
969.2 -65.06
969.6 -65.16
970.0 -65.14
970.4 -65.31
970.8 -65.47
971.2 -65.27
971.6 -65.2
972.0 -64.7
972.4 -65.11
972.8 -65.27
973.2 -65.25
973.6 -65.07
974.0 -65.47
974.4 -64.95
974.8 -65.22
975.2 -65.63
975.6 -65.54
976.0 -65.16
976.4 -65.68
976.8 -65.19
977.2 -65.33
977.6 -65.68
978.0 -65.53
978.4 -65.74
978.8 -65.52
979.2 -65.32
979.6 -64.92
980.0 -65.05
980.4 -65.37
980.8 -65.31
981.2 -65.21
981.6 -65.0
982.0 -65.48
982.4 -64.95
982.8 -64.83
983.2 -64.91
983.6 -64.73
984.0 -64.76
984.4 -64.53
984.8 -64.71
985.2 -64.47
985.6 -64.52
986.0 -64.23
986.4 -64.32
986.8 -64.31
987.2 -64.2
987.6 -64.24
988.0 -64.16
988.4 -63.92
988.8 -63.86
989.2 -63.66
989.6 -63.85
990.0 -63.52
990.4 -63.49
990.8 -63.39
991.2 -63.35
991.6 -63.26
992.0 -63.25
992.4 -63.24
992.8 -63.08
993.2 -63.26
993.6 -63.26
994.0 -63.01
994.4 -63.03
994.8 -63.01
995.2 -63.05
995.6 -63.06
996.0 -63.05
996.4 -62.99
996.8 -63.18
997.2 -62.98
997.6 -63.01
998.0 -63.07
998.4 -63.38
998.8 -63.26
999.2 -63.37
999.6 -63.11
1000.0 -63.16
