600.0 -68.45
600.4 -210.0
600.8 -70.76
601.2 -79.43
601.6 -69.76
602.0 -210.0
602.4 -210.0
602.8 -72.55
603.2 -73.92
603.6 -84.37
604.0 -71.84
604.4 -71.41
604.8 -72.4
605.2 -69.84
605.6 -71.49
606.0 -70.55
606.4 -71.12
606.8 -76.12
607.2 -76.81
607.6 -70.15
608.0 -81.65
608.4 -81.67
608.8 -71.7
609.2 -79.95
609.6 -71.75
610.0 -210.0
610.4 -71.58
610.8 -72.52
611.2 -210.0
611.6 -84.88
612.0 -77.11
612.4 -210.0
612.8 -78.92
613.2 -78.94
613.6 -78.97
614.0 -210.0
614.4 -76.0
614.8 -80.29
615.2 -82.08
615.6 -73.34
616.0 -76.1
616.4 -76.7
616.8 -73.71
617.2 -73.74
617.6 -74.43
618.0 -72.25
618.4 -210.0
618.8 -68.76
619.2 -76.87
619.6 -80.57
620.0 -69.34
620.4 -210.0
620.8 -71.1
621.2 -72.66
621.6 -74.67
622.0 -74.36
622.4 -70.46
622.8 -71.07
623.2 -80.79
623.6 -69.36
624.0 -76.07
624.4 -71.5
624.8 -71.04
625.2 -210.0
625.6 -71.57
626.0 -210.0
626.4 -75.35
626.8 -69.36
627.2 -74.05
627.6 -74.71
628.0 -73.08
628.4 -70.58
628.8 -71.0
629.2 -73.89
629.6 -72.96
630.0 -71.68
630.4 -73.24
630.8 -72.25
631.2 -70.77
631.6 -67.31
632.0 -77.11
632.4 -69.84
632.8 -69.97
633.2 -72.26
633.6 -77.22
634.0 -72.67
634.4 -75.52
634.8 -74.04
635.2 -74.33
635.6 -69.59
636.0 -69.62
636.4 -70.34
636.8 -73.07
637.2 -210.0
637.6 -76.14
638.0 -69.03
638.4 -70.38
638.8 -74.88
639.2 -75.88
639.6 -74.4
640.0 -70.4
640.4 -75.64
640.8 -71.63
641.2 -70.51
641.6 -69.1
642.0 -70.79
642.4 -74.4
642.8 -72.37
643.2 -67.34
643.6 -70.44
644.0 -69.85
644.4 -72.66
644.8 -73.03
645.2 -68.69
645.6 -69.39
646.0 -67.59
646.4 -69.53
646.8 -70.2
647.2 -72.07
647.6 -70.1
648.0 -69.82
648.4 -72.18
648.8 -70.46
649.2 -68.76
649.6 -68.97
650.0 -69.69
650.4 -69.29
650.8 -69.42
651.2 -69.7
651.6 -68.28
652.0 -69.43
652.4 -67.81
652.8 -71.01
653.2 -70.15
653.6 -67.08
654.0 -69.38
654.4 -70.49
654.8 -67.61
655.2 -71.03
655.6 -68.96
656.0 -68.8
656.4 -68.74
656.8 -68.58
657.2 -70.27
657.6 -67.03
658.0 -69.55
658.4 -69.1
658.8 -68.0
659.2 -68.49
659.6 -68.44
660.0 -69.06
660.4 -68.66
660.8 -67.48
661.2 -68.2
661.6 -68.11
662.0 -68.4
662.4 -68.15
662.8 -67.87
663.2 -67.83
663.6 -69.12
664.0 -67.48
664.4 -68.83
664.8 -68.2
665.2 -70.06
665.6 -68.2
666.0 -67.61
666.4 -67.4
666.8 -68.15
667.2 -68.2
667.6 -68.25
668.0 -67.01
668.4 -67.2
668.8 -68.15
669.2 -68.2
669.6 -68.06
670.0 -68.24
670.4 -67.19
670.8 -68.33
671.2 -66.81
671.6 -69.97
672.0 -67.54
672.4 -66.84
672.8 -67.88
673.2 -68.07
673.6 -66.94
674.0 -68.1
674.4 -67.82
674.8 -67.81
675.2 -67.47
675.6 -67.86
676.0 -67.5
676.4 -68.08
676.8 -68.32
677.2 -67.2
677.6 -66.15
678.0 -67.15
678.4 -66.89
678.8 -66.77
679.2 -68.05
679.6 -67.34
680.0 -67.63
680.4 -66.87
680.8 -67.71
681.2 -67.71
681.6 -68.64
682.0 -66.62
682.4 -66.95
682.8 -67.25
683.2 -67.96
683.6 -68.09
684.0 -68.67
684.4 -68.66
684.8 -67.07
685.2 -66.38
685.6 -67.65
686.0 -65.66
686.4 -67.42
686.8 -67.86
687.2 -68.41
687.6 -66.8
688.0 -66.28
688.4 -66.4
688.8 -65.54
689.2 -68.71
689.6 -66.46
690.0 -66.96
690.4 -67.36
690.8 -66.62
691.2 -66.1
691.6 -66.83
692.0 -67.51
692.4 -66.62
692.8 -68.02
693.2 -66.84
693.6 -67.86
694.0 -67.44
694.4 -67.09
694.8 -66.35
695.2 -66.14
695.6 -66.62
696.0 -67.24
696.4 -66.71
696.8 -67.53
697.2 -66.34
697.6 -66.11
698.0 -67.38
698.4 -67.07
698.8 -66.36
699.2 -66.49
699.6 -66.31
700.0 -67.01
700.4 -66.88
700.8 -67.3
701.2 -65.7
701.6 -66.21
702.0 -66.17
702.4 -65.25
702.8 -66.4
703.2 -68.17
703.6 -66.61
704.0 -65.85
704.4 -66.48
704.8 -66.27
705.2 -66.22
705.6 -66.29
706.0 -66.18
706.4 -66.38
706.8 -66.03
707.2 -66.26
707.6 -66.16
708.0 -66.47
708.4 -66.61
708.8 -66.28
709.2 -65.38
709.6 -66.23
710.0 -65.98
710.4 -65.01
710.8 -65.24
711.2 -66.21
711.6 -66.6
712.0 -65.55
712.4 -66.24
712.8 -66.12
713.2 -65.82
713.6 -65.27
714.0 -65.41
714.4 -66.07
714.8 -65.8
715.2 -66.2
715.6 -65.76
716.0 -66.68
716.4 -66.19
716.8 -65.38
717.2 -65.14
717.6 -66.62
718.0 -66.17
718.4 -65.79
718.8 -66.26
719.2 -65.32
719.6 -65.63
720.0 -65.43
720.4 -65.84
720.8 -65.7
721.2 -65.64
721.6 -64.78
722.0 -65.47
722.4 -66.65
722.8 -65.52
723.2 -66.33
723.6 -65.59
724.0 -65.67
724.4 -66.04
724.8 -65.26
725.2 -65.53
725.6 -65.15
726.0 -65.91
726.4 -66.12
726.8 -65.84
727.2 -66.08
727.6 -66.04
728.0 -65.63
728.4 -65.03
728.8 -65.14
729.2 -65.68
729.6 -65.11
730.0 -66.19
730.4 -65.61
730.8 -65.44
731.2 -66.18
731.6 -65.6
732.0 -66.1
732.4 -66.63
732.8 -66.06
733.2 -65.18
733.6 -65.74
734.0 -65.68
734.4 -65.87
734.8 -65.2
735.2 -65.44
735.6 -65.47
736.0 -65.59
736.4 -65.78
736.8 -65.15
737.2 -65.33
737.6 -65.26
738.0 -65.87
738.4 -65.6
738.8 -64.88
739.2 -65.56
739.6 -65.76
740.0 -65.18
740.4 -65.99
740.8 -64.98
741.2 -64.62
741.6 -66.39
742.0 -65.95
742.4 -65.11
742.8 -65.94
743.2 -64.43
743.6 -65.97
744.0 -65.36
744.4 -65.65
744.8 -66.22
745.2 -65.59
745.6 -65.61
746.0 -64.61
746.4 -65.48
746.8 -65.85
747.2 -65.47
747.6 -65.87
748.0 -65.34
748.4 -64.92
748.8 -64.7
749.2 -66.3
749.6 -65.79
750.0 -65.92
750.4 -65.65
750.8 -65.1
751.2 -65.13
751.6 -65.63
752.0 -64.3
752.4 -65.29
752.8 -65.07
753.2 -65.64
753.6 -65.0
754.0 -65.18
754.4 -66.12
754.8 -67.59
755.2 -64.78
755.6 -65.92
756.0 -66.37
756.4 -65.18
756.8 -65.36
757.2 -64.74
757.6 -65.38
758.0 -65.26
758.4 -65.78
758.8 -64.63
759.2 -65.08
759.6 -64.96
760.0 -65.35
760.4 -65.32
760.8 -65.61
761.2 -65.89
761.6 -65.18
762.0 -64.79
762.4 -64.43
762.8 -66.25
763.2 -65.32
763.6 -65.29
764.0 -65.51
764.4 -65.09
764.8 -66.04
765.2 -65.24
765.6 -64.84
766.0 -65.52
766.4 -64.92
766.8 -64.46
767.2 -65.12
767.6 -66.02
768.0 -65.54
768.4 -65.08
768.8 -65.29
769.2 -65.2
769.6 -65.01
770.0 -64.82
770.4 -64.23
770.8 -65.35
771.2 -64.49
771.6 -65.13
772.0 -64.61
772.4 -64.78
772.8 -65.05
773.2 -65.12
773.6 -64.19
774.0 -64.55
774.4 -63.96
774.8 -64.44
775.2 -63.73
775.6 -63.91
776.0 -65.03
776.4 -64.57
776.8 -64.71
777.2 -65.1
777.6 -64.05
778.0 -64.7
778.4 -64.39
778.8 -64.21
779.2 -65.65
779.6 -64.16
780.0 -64.77
780.4 -64.6
780.8 -64.86
781.2 -64.33
781.6 -63.55
782.0 -63.73
782.4 -65.19
782.8 -63.87
783.2 -63.61
783.6 -64.06
784.0 -64.21
784.4 -64.5
784.8 -64.8
785.2 -64.2
785.6 -64.6
786.0 -64.49
786.4 -63.75
786.8 -64.34
787.2 -64.08
787.6 -64.14
788.0 -63.99
788.4 -64.23
788.8 -64.03
789.2 -63.93
789.6 -64.81
790.0 -64.3
790.4 -64.17
790.8 -63.99
791.2 -65.01
791.6 -64.08
792.0 -64.85
792.4 -64.73
792.8 -64.04
793.2 -63.8
793.6 -64.66
794.0 -64.21
794.4 -63.52
794.8 -63.49
795.2 -63.84
795.6 -63.93
796.0 -64.18
796.4 -64.62
796.8 -64.34
797.2 -63.75
797.6 -64.01
798.0 -63.84
798.4 -63.86
798.8 -63.91
799.2 -64.29
799.6 -64.21
800.0 -63.97
800.4 -63.82
800.8 -63.75
801.2 -63.31
801.6 -63.42
802.0 -63.64
802.4 -64.51
802.8 -64.46
803.2 -64.01
803.6 -64.25
804.0 -63.31
804.4 -63.51
804.8 -64.1
805.2 -63.27
805.6 -62.84
806.0 -62.65
806.4 -60.34
806.8 -57.08
807.2 -53.42
807.6 -49.42
808.0 -47.96
808.4 -48.9
808.8 -49.58
809.2 -53.36
809.6 -60.65
810.0 -62.59
810.4 -62.65
810.8 -63.22
811.2 -64.08
811.6 -63.25
812.0 -63.59
812.4 -63.33
812.8 -63.8
813.2 -63.76
813.6 -63.38
814.0 -63.46
814.4 -63.47
814.8 -64.26
815.2 -62.88
815.6 -64.24
816.0 -64.0
816.4 -64.26
816.8 -63.47
817.2 -63.17
817.6 -62.91
818.0 -63.87
818.4 -63.39
818.8 -63.68
819.2 -63.48
819.6 -63.41
820.0 -64.28
820.4 -63.61
820.8 -63.81
821.2 -63.21
821.6 -64.09
822.0 -63.63
822.4 -63.54
822.8 -63.64
823.2 -63.86
823.6 -63.69
824.0 -63.84
824.4 -63.45
824.8 -63.14
825.2 -63.67
825.6 -63.29
826.0 -63.33
826.4 -63.95
826.8 -62.81
827.2 -63.98
827.6 -62.83
828.0 -63.45
828.4 -63.73
828.8 -63.39
829.2 -62.77
829.6 -63.71
830.0 -63.22
830.4 -62.86
830.8 -63.21
831.2 -63.46
831.6 -63.59
832.0 -62.98
832.4 -63.08
832.8 -63.41
833.2 -63.11
833.6 -62.97
834.0 -62.49
834.4 -62.55
834.8 -62.84
835.2 -62.75
835.6 -62.87
836.0 -62.95
836.4 -62.9
836.8 -63.01
837.2 -63.01
837.6 -63.1
838.0 -63.03
838.4 -62.57
838.8 -62.82
839.2 -62.46
839.6 -62.83
840.0 -62.74
840.4 -63.01
840.8 -62.84
841.2 -63.11
841.6 -62.48
842.0 -62.27
842.4 -62.65
842.8 -62.27
843.2 -62.71
843.6 -62.77
844.0 -62.4
844.4 -62.9
844.8 -62.7
845.2 -62.53
845.6 -62.32
846.0 -63.24
846.4 -62.58
846.8 -62.66
847.2 -62.45
847.6 -62.93
848.0 -62.45
848.4 -62.72
848.8 -63.23
849.2 -62.39
849.6 -62.2
850.0 -62.47
850.4 -62.46
850.8 -62.48
851.2 -61.98
851.6 -63.05
852.0 -62.09
852.4 -62.63
852.8 -62.61
853.2 -62.45
853.6 -62.26
854.0 -62.02
854.4 -62.56
854.8 -62.59
855.2 -62.38
855.6 -62.13
856.0 -62.37
856.4 -62.23
856.8 -62.24
857.2 -61.93
857.6 -62.57
858.0 -62.22
858.4 -62.48
858.8 -62.16
859.2 -61.81
859.6 -62.46
860.0 -62.23
860.4 -62.22
860.8 -62.2
861.2 -61.99
861.6 -62.14
862.0 -62.12
862.4 -61.78
862.8 -62.12
863.2 -62.0
863.6 -61.93
864.0 -61.7
864.4 -61.95
864.8 -61.78
865.2 -62.03
865.6 -61.91
866.0 -62.29
866.4 -62.13
866.8 -62.24
867.2 -61.97
867.6 -62.01
868.0 -62.35
868.4 -61.81
868.8 -61.45
869.2 -61.97
869.6 -61.73
870.0 -61.73
870.4 -62.35
870.8 -61.52
871.2 -62.1
871.6 -61.91
872.0 -61.6
872.4 -61.75
872.8 -61.51
873.2 -61.84
873.6 -62.03
874.0 -61.66
874.4 -61.61
874.8 -61.68
875.2 -61.51
875.6 -61.73
876.0 -61.94
876.4 -61.55
876.8 -61.42
877.2 -61.66
877.6 -61.82
878.0 -61.5
878.4 -61.63
878.8 -61.4
879.2 -61.52
879.6 -61.68
880.0 -61.42
880.4 -61.79
880.8 -61.55
881.2 -61.59
881.6 -61.53
882.0 -61.35
882.4 -61.99
882.8 -61.37
883.2 -61.51
883.6 -61.22
884.0 -61.26
884.4 -61.37
884.8 -61.3
885.2 -61.15
885.6 -61.01
886.0 -61.11
886.4 -61.38
886.8 -61.28
887.2 -61.68
887.6 -61.11
888.0 -61.48
888.4 -61.05
888.8 -61.01
889.2 -61.24
889.6 -61.19
890.0 -61.28
890.4 -61.02
890.8 -60.99
891.2 -61.1
891.6 -61.3
892.0 -60.93
892.4 -61.27
892.8 -61.23
893.2 -61.31
893.6 -61.04
894.0 -61.11
894.4 -61.01
894.8 -61.2
895.2 -61.24
895.6 -61.04
896.0 -61.09
896.4 -61.35
896.8 -61.09
897.2 -60.98
897.6 -60.97
898.0 -60.67
898.4 -60.88
898.8 -61.06
899.2 -60.91
899.6 -61.04
900.0 -60.94
900.4 -60.65
900.8 -60.99
901.2 -60.79
901.6 -60.78
902.0 -60.79
902.4 -60.67
902.8 -60.73
903.2 -60.78
903.6 -60.85
904.0 -60.91
904.4 -60.64
904.8 -60.68
905.2 -60.48
905.6 -60.45
906.0 -60.5
906.4 -60.82
906.8 -60.72
907.2 -60.38
907.6 -60.69
908.0 -60.52
908.4 -60.32
908.8 -60.54
909.2 -60.58
909.6 -60.1
910.0 -60.3
910.4 -60.52
910.8 -60.23
911.2 -60.05
911.6 -60.45
912.0 -60.18
912.4 -60.08
912.8 -60.36
913.2 -60.06
913.6 -60.1
914.0 -60.42
914.4 -60.0
914.8 -60.05
915.2 -60.09
915.6 -60.21
916.0 -59.98
916.4 -59.93
916.8 -59.86
917.2 -59.79
917.6 -59.92
918.0 -60.02
918.4 -59.9
918.8 -59.86
919.2 -59.82
919.6 -59.99
920.0 -59.92
920.4 -59.65
920.8 -59.54
921.2 -59.8
921.6 -59.63
922.0 -59.61
922.4 -59.4
922.8 -59.57
923.2 -59.46
923.6 -59.61
924.0 -59.44
924.4 -59.31
924.8 -59.36
925.2 -59.32
925.6 -59.48
926.0 -59.36
926.4 -59.35
926.8 -59.29
927.2 -59.14
927.6 -59.28
928.0 -59.26
928.4 -59.18
928.8 -59.4
929.2 -58.94
929.6 -59.07
930.0 -59.0
930.4 -59.03
930.8 -59.22
931.2 -59.06
931.6 -58.98
932.0 -59.05
932.4 -59.06
932.8 -59.02
933.2 -58.84
933.6 -58.87
934.0 -59.03
934.4 -59.02
934.8 -58.75
935.2 -58.83
935.6 -58.76
936.0 -58.97
936.4 -58.95
936.8 -58.61
937.2 -58.76
937.6 -58.63
938.0 -58.61
938.4 -58.72
938.8 -58.54
939.2 -58.69
939.6 -58.69
940.0 -58.47
940.4 -58.7
940.8 -58.41
941.2 -58.51
941.6 -58.57
942.0 -58.36
942.4 -58.67
942.8 -58.32
943.2 -58.36
943.6 -58.43
944.0 -58.51
944.4 -58.41
944.8 -58.11
945.2 -58.17
945.6 -58.39
946.0 -58.35
946.4 -58.2
946.8 -58.17
947.2 -58.2
947.6 -58.12
948.0 -58.26
948.4 -58.19
948.8 -58.17
949.2 -58.13
949.6 -58.3
950.0 -58.01
950.4 -58.12
950.8 -58.02
951.2 -58.03
951.6 -58.05
952.0 -57.87
952.4 -58.18
952.8 -57.96
953.2 -58.03
953.6 -57.97
954.0 -58.02
954.4 -57.94
954.8 -58.0
955.2 -57.98
955.6 -58.03
956.0 -57.91
956.4 -57.96
956.8 -57.89
957.2 -57.86
957.6 -57.84
958.0 -57.88
958.4 -57.81
958.8 -57.93
959.2 -57.81
959.6 -57.84
960.0 -57.63
960.4 -57.76
960.8 -57.59
961.2 -57.58
961.6 -57.55
962.0 -57.46
962.4 -57.48
962.8 -57.41
963.2 -57.47
963.6 -57.43
964.0 -57.31
964.4 -57.33
964.8 -57.41
965.2 -57.32
965.6 -57.27
966.0 -57.35
966.4 -57.27
966.8 -57.37
967.2 -57.33
967.6 -57.24
968.0 -57.18
968.4 -57.31
968.8 -57.16
969.2 -57.21
969.6 -57.22
970.0 -57.34
970.4 -57.26
970.8 -57.26
971.2 -57.28
971.6 -57.38
972.0 -57.24
972.4 -57.44
972.8 -57.33
973.2 -57.37
973.6 -57.31
974.0 -57.46
974.4 -57.5
974.8 -57.45
975.2 -57.45
975.6 -57.57
976.0 -57.65
976.4 -57.58
976.8 -57.54
977.2 -57.55
977.6 -57.6
978.0 -57.6
978.4 -57.66
978.8 -57.72
979.2 -57.63
979.6 -57.76
980.0 -57.74
980.4 -57.79
980.8 -57.73
981.2 -57.76
981.6 -57.56
982.0 -57.46
982.4 -57.58
982.8 -57.48
983.2 -57.51
983.6 -57.34
984.0 -57.36
984.4 -57.26
984.8 -57.12
985.2 -57.16
985.6 -57.09
986.0 -57.12
986.4 -56.96
986.8 -56.88
987.2 -57.01
987.6 -56.91
988.0 -56.96
988.4 -56.85
988.8 -56.81
989.2 -56.79
989.6 -56.81
990.0 -56.75
990.4 -56.65
990.8 -56.66
991.2 -56.76
991.6 -56.61
992.0 -56.54
992.4 -56.71
992.8 -56.7
993.2 -56.64
993.6 -56.83
994.0 -56.79
994.4 -56.66
994.8 -56.75
995.2 -56.66
995.6 -56.71
996.0 -56.86
996.4 -56.85
996.8 -56.81
997.2 -56.69
997.6 -56.93
998.0 -56.86
998.4 -56.78
998.8 -56.9
999.2 -56.97
999.6 -56.86
1000.0 -56.83
