600.0 -210.0
600.4 -210.0
600.8 -210.0
601.2 -210.0
601.6 -74.24
602.0 -210.0
602.4 -72.24
602.8 -73.52
603.2 -210.0
603.6 -210.0
604.0 -210.0
604.4 -210.0
604.8 -71.66
605.2 -74.92
605.6 -73.03
606.0 -71.74
606.4 -210.0
606.8 -76.12
607.2 -74.18
607.6 -74.21
608.0 -81.65
608.4 -72.37
608.8 -84.71
609.2 -76.27
609.6 -69.57
610.0 -72.73
610.4 -210.0
610.8 -70.85
611.2 -72.54
611.6 -70.73
612.0 -210.0
612.4 -71.12
612.8 -72.39
613.2 -77.18
613.6 -210.0
614.0 -77.23
614.4 -70.56
614.8 -72.51
615.2 -75.54
615.6 -69.31
616.0 -73.67
616.4 -75.16
616.8 -71.37
617.2 -71.78
617.6 -210.0
618.0 -72.95
618.4 -75.73
618.8 -210.0
619.2 -76.87
619.6 -210.0
620.0 -210.0
620.4 -76.94
620.8 -73.95
621.2 -68.54
621.6 -68.65
622.0 -73.45
622.4 -69.72
622.8 -79.52
623.2 -71.59
623.6 -71.98
624.0 -73.06
624.4 -72.22
624.8 -210.0
625.2 -75.28
625.6 -210.0
626.0 -71.12
626.4 -210.0
626.8 -73.24
627.2 -72.39
627.6 -70.28
628.0 -70.07
628.4 -71.42
628.8 -68.28
629.2 -77.48
629.6 -75.55
630.0 -72.99
630.4 -71.88
630.8 -70.74
631.2 -77.05
631.6 -72.5
632.0 -70.35
632.4 -70.15
632.8 -69.13
633.2 -72.09
633.6 -71.48
634.0 -74.82
634.4 -69.41
634.8 -70.01
635.2 -68.52
635.6 -73.85
636.0 -72.29
636.4 -72.66
636.8 -68.17
637.2 -69.37
637.6 -78.1
638.0 -68.66
638.4 -71.99
638.8 -71.73
639.2 -70.14
639.6 -71.65
640.0 -70.4
640.4 -69.14
640.8 -69.18
641.2 -70.51
641.6 -72.91
642.0 -70.29
642.4 -69.25
642.8 -69.44
643.2 -70.12
643.6 -69.74
644.0 -69.54
644.4 -69.81
644.8 -68.42
645.2 -70.87
645.6 -70.91
646.0 -69.01
646.4 -69.39
646.8 -73.21
647.2 -68.87
647.6 -67.93
648.0 -68.32
648.4 -67.45
648.8 -69.27
649.2 -68.87
649.6 -69.68
650.0 -68.58
650.4 -67.88
650.8 -71.08
651.2 -68.49
651.6 -68.49
652.0 -70.07
652.4 -68.83
652.8 -70.56
653.2 -69.57
653.6 -68.72
654.0 -68.4
654.4 -67.91
654.8 -69.02
655.2 -67.7
655.6 -68.96
656.0 -68.58
656.4 -67.58
656.8 -68.08
657.2 -68.75
657.6 -66.92
658.0 -67.22
658.4 -67.76
658.8 -67.73
659.2 -67.77
659.6 -67.91
660.0 -66.98
660.4 -67.32
660.8 -67.48
661.2 -67.78
661.6 -68.4
662.0 -68.61
662.4 -67.57
662.8 -67.32
663.2 -69.91
663.6 -67.61
664.0 -67.01
664.4 -67.92
664.8 -67.01
665.2 -67.24
665.6 -69.24
666.0 -66.76
666.4 -65.88
666.8 -66.8
667.2 -68.06
667.6 -68.3
668.0 -65.82
668.4 -66.62
668.8 -68.83
669.2 -67.96
669.6 -67.96
670.0 -66.72
670.4 -67.15
670.8 -67.46
671.2 -67.81
671.6 -67.55
672.0 -66.84
672.4 -67.75
672.8 -67.12
673.2 -66.58
673.6 -67.2
674.0 -67.73
674.4 -66.22
674.8 -66.27
675.2 -66.84
675.6 -67.26
676.0 -67.06
676.4 -66.55
676.8 -66.68
677.2 -66.68
677.6 -67.62
678.0 -67.27
678.4 -66.92
678.8 -66.7
679.2 -66.59
679.6 -66.29
680.0 -66.98
680.4 -67.13
680.8 -66.24
681.2 -66.61
681.6 -66.2
682.0 -66.45
682.4 -67.22
682.8 -65.64
683.2 -65.96
683.6 -66.33
684.0 -66.26
684.4 -66.92
684.8 -67.07
685.2 -66.91
685.6 -67.56
686.0 -66.43
686.4 -66.64
686.8 -67.67
687.2 -67.04
687.6 -66.45
688.0 -66.52
688.4 -66.65
688.8 -66.58
689.2 -67.09
689.6 -66.67
690.0 -68.06
690.4 -66.51
690.8 -67.11
691.2 -66.43
691.6 -67.27
692.0 -67.34
692.4 -66.59
692.8 -66.7
693.2 -66.2
693.6 -66.44
694.0 -66.68
694.4 -66.67
694.8 -66.05
695.2 -67.29
695.6 -67.16
696.0 -65.63
696.4 -66.05
696.8 -67.02
697.2 -65.82
697.6 -66.41
698.0 -65.81
698.4 -66.32
698.8 -65.68
699.2 -68.51
699.6 -66.82
700.0 -66.51
700.4 -66.5
700.8 -67.04
701.2 -66.15
701.6 -66.21
702.0 -65.69
702.4 -66.47
702.8 -65.68
703.2 -66.25
703.6 -65.55
704.0 -65.88
704.4 -65.96
704.8 -65.93
705.2 -66.19
705.6 -66.51
706.0 -65.48
706.4 -66.56
706.8 -66.71
707.2 -65.99
707.6 -65.92
708.0 -65.76
708.4 -66.24
708.8 -65.59
709.2 -66.34
709.6 -65.26
710.0 -66.05
710.4 -66.29
710.8 -66.07
711.2 -66.21
711.6 -66.76
712.0 -66.49
712.4 -66.84
712.8 -65.7
713.2 -66.09
713.6 -65.65
714.0 -66.01
714.4 -66.46
714.8 -65.46
715.2 -65.73
715.6 -67.75
716.0 -66.3
716.4 -67.13
716.8 -66.52
717.2 -66.21
717.6 -66.18
718.0 -66.17
718.4 -65.6
718.8 -65.98
719.2 -66.37
719.6 -66.09
720.0 -65.52
720.4 -66.44
720.8 -66.24
721.2 -66.43
721.6 -65.27
722.0 -66.02
722.4 -66.09
722.8 -65.0
723.2 -66.19
723.6 -65.43
724.0 -67.05
724.4 -65.83
724.8 -66.06
725.2 -65.72
725.6 -65.26
726.0 -66.05
726.4 -65.71
726.8 -65.9
727.2 -65.33
727.6 -65.39
728.0 -66.07
728.4 -66.03
728.8 -66.96
729.2 -66.62
729.6 -65.88
730.0 -66.01
730.4 -65.21
730.8 -67.07
731.2 -67.44
731.6 -66.29
732.0 -66.97
732.4 -66.13
732.8 -65.4
733.2 -66.35
733.6 -65.91
734.0 -65.81
734.4 -66.65
734.8 -65.83
735.2 -65.77
735.6 -66.0
736.0 -67.76
736.4 -66.2
736.8 -66.59
737.2 -66.63
737.6 -65.8
738.0 -65.98
738.4 -66.08
738.8 -65.93
739.2 -65.79
739.6 -65.83
740.0 -65.85
740.4 -66.48
740.8 -67.93
741.2 -66.89
741.6 -66.02
742.0 -65.11
742.4 -65.81
742.8 -66.3
743.2 -67.2
743.6 -66.23
744.0 -66.49
744.4 -64.76
744.8 -66.91
745.2 -66.33
745.6 -67.18
746.0 -66.69
746.4 -66.1
746.8 -65.85
747.2 -65.67
747.6 -65.28
748.0 -65.94
748.4 -66.3
748.8 -65.59
749.2 -65.52
749.6 -67.76
750.0 -67.2
750.4 -65.32
750.8 -66.56
751.2 -65.98
751.6 -66.31
752.0 -65.65
752.4 -65.68
752.8 -66.21
753.2 -66.33
753.6 -65.6
754.0 -66.17
754.4 -66.47
754.8 -66.86
755.2 -66.5
755.6 -65.68
756.0 -65.81
756.4 -66.62
756.8 -66.16
757.2 -65.69
757.6 -66.04
758.0 -66.19
758.4 -65.74
758.8 -65.88
759.2 -65.46
759.6 -65.33
760.0 -65.83
760.4 -65.79
760.8 -65.96
761.2 -65.37
761.6 -66.48
762.0 -65.74
762.4 -66.86
762.8 -67.04
763.2 -66.99
763.6 -65.55
764.0 -65.68
764.4 -64.91
764.8 -64.84
765.2 -66.52
765.6 -66.11
766.0 -65.84
766.4 -65.56
766.8 -66.33
767.2 -65.48
767.6 -66.46
768.0 -66.16
768.4 -64.81
768.8 -67.07
769.2 -66.93
769.6 -66.03
770.0 -65.22
770.4 -65.13
770.8 -67.98
771.2 -65.48
771.6 -66.43
772.0 -65.51
772.4 -65.12
772.8 -65.54
773.2 -65.12
773.6 -65.08
774.0 -65.26
774.4 -65.71
774.8 -65.43
775.2 -65.85
775.6 -66.58
776.0 -65.84
776.4 -66.19
776.8 -65.16
777.2 -66.15
777.6 -66.48
778.0 -65.48
778.4 -64.9
778.8 -65.98
779.2 -65.65
779.6 -66.88
780.0 -64.72
780.4 -64.66
780.8 -64.8
781.2 -65.71
781.6 -65.13
782.0 -66.91
782.4 -64.91
782.8 -66.76
783.2 -65.48
783.6 -65.69
784.0 -65.12
784.4 -65.18
784.8 -65.54
785.2 -65.05
785.6 -65.65
786.0 -65.08
786.4 -65.64
786.8 -65.57
787.2 -65.57
787.6 -66.3
788.0 -64.94
788.4 -65.45
788.8 -65.49
789.2 -66.63
789.6 -64.9
790.0 -65.76
790.4 -65.02
790.8 -65.14
791.2 -65.04
791.6 -65.36
792.0 -64.91
792.4 -64.85
792.8 -66.09
793.2 -65.29
793.6 -66.51
794.0 -65.45
794.4 -65.08
794.8 -64.51
795.2 -65.38
795.6 -64.88
796.0 -65.47
796.4 -64.73
796.8 -65.4
797.2 -65.16
797.6 -65.19
798.0 -65.26
798.4 -65.63
798.8 -65.05
799.2 -64.43
799.6 -64.92
800.0 -64.7
800.4 -64.12
800.8 -64.79
801.2 -64.0
801.6 -64.83
802.0 -64.62
802.4 -64.6
802.8 -64.69
803.2 -64.81
803.6 -63.97
804.0 -64.47
804.4 -64.42
804.8 -64.88
805.2 -63.4
805.6 -63.28
806.0 -63.28
806.4 -61.49
806.8 -57.74
807.2 -54.07
807.6 -50.06
808.0 -48.72
808.4 -49.65
808.8 -50.38
809.2 -54.32
809.6 -60.96
810.0 -63.39
810.4 -63.74
810.8 -64.53
811.2 -63.12
811.6 -63.87
812.0 -63.72
812.4 -64.1
812.8 -64.04
813.2 -64.8
813.6 -64.04
814.0 -64.34
814.4 -64.14
814.8 -64.33
815.2 -65.11
815.6 -64.32
816.0 -65.0
816.4 -64.47
816.8 -64.26
817.2 -64.84
817.6 -64.44
818.0 -63.98
818.4 -64.81
818.8 -64.22
819.2 -64.52
819.6 -64.77
820.0 -64.87
820.4 -64.12
820.8 -64.24
821.2 -64.47
821.6 -64.65
822.0 -63.81
822.4 -64.34
822.8 -64.53
823.2 -64.2
823.6 -63.93
824.0 -64.48
824.4 -64.59
824.8 -63.94
825.2 -63.77
825.6 -64.24
826.0 -64.71
826.4 -63.82
826.8 -64.54
827.2 -64.03
827.6 -64.16
828.0 -64.46
828.4 -63.82
828.8 -64.09
829.2 -64.18
829.6 -63.59
830.0 -64.15
830.4 -64.22
830.8 -64.51
831.2 -64.59
831.6 -64.17
832.0 -64.31
832.4 -64.87
832.8 -64.13
833.2 -64.01
833.6 -63.82
834.0 -63.87
834.4 -64.72
834.8 -64.52
835.2 -64.14
835.6 -64.17
836.0 -63.85
836.4 -63.41
836.8 -64.21
837.2 -63.89
837.6 -64.17
838.0 -65.4
838.4 -64.41
838.8 -64.38
839.2 -64.43
839.6 -64.38
840.0 -65.04
840.4 -64.41
840.8 -64.08
841.2 -64.64
841.6 -64.49
842.0 -64.6
842.4 -64.57
842.8 -64.48
843.2 -64.61
843.6 -64.44
844.0 -64.59
844.4 -64.98
844.8 -64.71
845.2 -64.64
845.6 -64.88
846.0 -64.71
846.4 -64.39
846.8 -64.84
847.2 -65.06
847.6 -64.67
848.0 -64.09
848.4 -64.7
848.8 -65.01
849.2 -64.74
849.6 -64.78
850.0 -65.05
850.4 -64.35
850.8 -64.54
851.2 -64.94
851.6 -64.68
852.0 -64.72
852.4 -64.16
852.8 -64.52
853.2 -65.4
853.6 -65.07
854.0 -64.72
854.4 -65.11
854.8 -64.59
855.2 -64.57
855.6 -64.69
856.0 -65.1
856.4 -64.98
856.8 -65.27
857.2 -65.02
857.6 -64.9
858.0 -64.36
858.4 -64.85
858.8 -64.94
859.2 -65.08
859.6 -64.48
860.0 -64.82
860.4 -65.22
860.8 -65.04
861.2 -65.29
861.6 -65.3
862.0 -64.86
862.4 -65.48
862.8 -64.81
863.2 -65.34
863.6 -64.82
864.0 -65.65
864.4 -65.35
864.8 -65.56
865.2 -64.76
865.6 -64.8
866.0 -64.73
866.4 -65.1
866.8 -64.91
867.2 -64.78
867.6 -65.16
868.0 -64.77
868.4 -64.64
868.8 -64.74
869.2 -65.68
869.6 -65.48
870.0 -66.58
870.4 -66.01
870.8 -65.57
871.2 -64.92
871.6 -65.13
872.0 -65.1
872.4 -65.66
872.8 -65.07
873.2 -65.4
873.6 -64.65
874.0 -64.76
874.4 -64.55
874.8 -65.88
875.2 -65.39
875.6 -64.85
876.0 -65.24
876.4 -65.92
876.8 -65.5
877.2 -65.41
877.6 -65.81
878.0 -65.96
878.4 -65.48
878.8 -64.73
879.2 -65.63
879.6 -66.29
880.0 -65.83
880.4 -64.95
880.8 -65.68
881.2 -64.66
881.6 -65.4
882.0 -65.86
882.4 -65.98
882.8 -65.25
883.2 -66.34
883.6 -65.82
884.0 -65.82
884.4 -65.14
884.8 -65.01
885.2 -65.49
885.6 -65.06
886.0 -65.81
886.4 -66.0
886.8 -64.66
887.2 -65.34
887.6 -66.05
888.0 -66.02
888.4 -65.86
888.8 -64.75
889.2 -65.12
889.6 -65.86
890.0 -66.21
890.4 -65.09
890.8 -65.02
891.2 -64.27
891.6 -66.02
892.0 -64.66
892.4 -65.38
892.8 -65.25
893.2 -65.41
893.6 -66.14
894.0 -64.57
894.4 -65.51
894.8 -66.03
895.2 -65.09
895.6 -66.61
896.0 -65.59
896.4 -65.56
896.8 -64.86
897.2 -65.62
897.6 -65.57
898.0 -65.97
898.4 -66.29
898.8 -66.17
899.2 -65.64
899.6 -65.62
900.0 -65.51
900.4 -66.49
900.8 -66.07
901.2 -65.68
901.6 -65.86
902.0 -66.59
902.4 -66.07
902.8 -65.2
903.2 -65.84
903.6 -65.55
904.0 -66.1
904.4 -65.08
904.8 -66.05
905.2 -65.94
905.6 -65.71
906.0 -65.75
906.4 -65.48
906.8 -66.42
907.2 -65.63
907.6 -65.86
908.0 -65.27
908.4 -65.13
908.8 -65.69
909.2 -65.79
909.6 -64.86
910.0 -65.84
910.4 -65.8
910.8 -65.61
911.2 -66.4
911.6 -66.17
912.0 -65.94
912.4 -65.45
912.8 -65.81
913.2 -65.5
913.6 -65.37
914.0 -66.37
914.4 -65.82
914.8 -65.73
915.2 -66.17
915.6 -66.07
916.0 -65.09
916.4 -66.05
916.8 -65.86
917.2 -65.42
917.6 -65.74
918.0 -66.19
918.4 -65.67
918.8 -66.09
919.2 -66.19
919.6 -66.24
920.0 -66.34
920.4 -66.25
920.8 -65.81
921.2 -66.11
921.6 -65.86
922.0 -66.77
922.4 -65.73
922.8 -66.05
923.2 -65.2
923.6 -66.5
924.0 -66.35
924.4 -65.46
924.8 -65.76
925.2 -66.81
925.6 -65.84
926.0 -66.38
926.4 -66.49
926.8 -65.59
927.2 -65.67
927.6 -66.03
928.0 -66.64
928.4 -67.03
928.8 -66.4
929.2 -65.53
929.6 -66.35
930.0 -66.45
930.4 -66.21
930.8 -67.01
931.2 -66.85
931.6 -66.53
932.0 -67.14
932.4 -66.45
932.8 -65.66
933.2 -67.24
933.6 -66.54
934.0 -65.7
934.4 -66.63
934.8 -66.6
935.2 -67.73
935.6 -67.05
936.0 -66.85
936.4 -66.95
936.8 -66.42
937.2 -66.47
937.6 -66.39
938.0 -66.77
938.4 -67.66
938.8 -66.5
939.2 -67.1
939.6 -66.77
940.0 -67.14
940.4 -67.14
940.8 -66.76
941.2 -66.47
941.6 -67.05
942.0 -66.49
942.4 -66.56
942.8 -66.83
943.2 -67.37
943.6 -66.98
944.0 -66.33
944.4 -66.08
944.8 -66.47
945.2 -67.24
945.6 -66.28
946.0 -66.52
946.4 -66.66
946.8 -66.35
947.2 -67.2
947.6 -66.92
948.0 -66.64
948.4 -67.54
948.8 -66.49
949.2 -66.68
949.6 -66.13
950.0 -66.78
950.4 -66.85
950.8 -67.05
951.2 -66.75
951.6 -66.66
952.0 -67.04
952.4 -66.93
952.8 -66.77
953.2 -66.77
953.6 -66.45
954.0 -66.36
954.4 -66.77
954.8 -66.5
955.2 -66.34
955.6 -67.38
956.0 -67.21
956.4 -66.81
956.8 -67.0
957.2 -66.37
957.6 -67.17
958.0 -67.02
958.4 -66.66
958.8 -67.1
959.2 -66.72
959.6 -66.29
960.0 -66.32
960.4 -66.77
960.8 -66.3
961.2 -67.22
961.6 -65.94
962.0 -66.43
962.4 -66.45
962.8 -66.61
963.2 -66.48
963.6 -66.87
964.0 -66.78
964.4 -67.36
964.8 -67.05
965.2 -65.99
965.6 -66.26
966.0 -66.58
966.4 -66.7
966.8 -66.13
967.2 -66.44
967.6 -66.29
968.0 -65.78
968.4 -65.87
968.8 -66.5
969.2 -66.72
969.6 -66.33
970.0 -66.66
970.4 -66.05
970.8 -66.43
971.2 -66.39
971.6 -66.54
972.0 -66.25
972.4 -66.21
972.8 -66.52
973.2 -66.29
973.6 -66.35
974.0 -66.7
974.4 -66.62
974.8 -66.63
975.2 -66.33
975.6 -66.6
976.0 -66.07
976.4 -65.8
976.8 -66.44
977.2 -66.59
977.6 -66.13
978.0 -66.41
978.4 -65.85
978.8 -66.26
979.2 -66.16
979.6 -66.26
980.0 -66.12
980.4 -66.15
980.8 -65.99
981.2 -66.28
981.6 -66.41
982.0 -65.84
982.4 -66.05
982.8 -65.64
983.2 -65.96
983.6 -66.16
984.0 -65.29
984.4 -65.41
984.8 -65.73
985.2 -65.6
985.6 -65.38
986.0 -65.46
986.4 -65.12
986.8 -65.48
987.2 -65.2
987.6 -65.0
988.0 -65.14
988.4 -65.2
988.8 -64.92
989.2 -64.75
989.6 -64.63
990.0 -64.65
990.4 -64.46
990.8 -64.24
991.2 -64.4
991.6 -63.99
992.0 -64.5
992.4 -64.33
992.8 -64.05
993.2 -64.43
993.6 -64.11
994.0 -64.04
994.4 -63.95
994.8 -64.04
995.2 -63.85
995.6 -64.11
996.0 -63.93
996.4 -63.99
996.8 -63.91
997.2 -63.76
997.6 -63.82
998.0 -64.07
998.4 -63.87
998.8 -64.01
999.2 -63.91
999.6 -64.16
1000.0 -63.91
