600.0 -210.0
600.4 -210.0
600.8 -71.18
601.2 -69.15
601.6 -210.0
602.0 -74.72
602.4 -210.0
602.8 -77.33
603.2 -71.33
603.6 -210.0
604.0 -69.92
604.4 -210.0
604.8 -68.32
605.2 -77.48
605.6 -210.0
606.0 -78.5
606.4 -71.12
606.8 -210.0
607.2 -70.79
607.6 -75.59
608.0 -71.04
608.4 -210.0
608.8 -70.08
609.2 -73.59
609.6 -70.28
610.0 -75.23
610.4 -74.01
610.8 -69.38
611.2 -210.0
611.6 -73.74
612.0 -210.0
612.4 -78.9
612.8 -69.89
613.2 -77.98
613.6 -210.0
614.0 -66.95
614.4 -210.0
614.8 -210.0
615.2 -68.46
615.6 -74.69
616.0 -74.72
616.4 -76.7
616.8 -76.72
617.2 -72.65
617.6 -76.19
618.0 -78.27
618.4 -79.25
618.8 -70.38
619.2 -70.85
619.6 -75.35
620.0 -79.34
620.4 -75.85
620.8 -74.28
621.2 -70.39
621.6 -71.49
622.0 -210.0
622.4 -70.89
622.8 -74.75
623.2 -76.53
623.6 -74.46
624.0 -73.31
624.4 -72.86
624.8 -70.61
625.2 -71.72
625.6 -71.74
626.0 -77.96
626.4 -80.99
626.8 -70.88
627.2 -67.62
627.6 -68.94
628.0 -69.63
628.4 -70.98
628.8 -69.89
629.2 -68.69
629.6 -70.05
630.0 -70.94
630.4 -72.8
630.8 -74.59
631.2 -71.17
631.6 -74.07
632.0 -69.81
632.4 -70.99
632.8 -70.18
633.2 -72.26
633.6 -68.33
634.0 -68.36
634.4 -70.4
634.8 -70.32
635.2 -68.97
635.6 -70.38
636.0 -69.9
636.4 -70.34
636.8 -71.72
637.2 -76.53
637.6 -71.37
638.0 -72.11
638.4 -74.57
638.8 -68.52
639.2 -70.99
639.6 -70.79
640.0 -70.01
640.4 -69.14
640.8 -70.9
641.2 -70.82
641.6 -69.33
642.0 -70.38
642.4 -69.1
642.8 -68.19
643.2 -70.21
643.6 -68.49
644.0 -68.97
644.4 -69.21
644.8 -67.31
645.2 -68.28
645.6 -67.29
646.0 -68.14
646.4 -70.59
646.8 -68.43
647.2 -67.8
647.6 -69.36
648.0 -68.76
648.4 -70.42
648.8 -67.95
649.2 -67.57
649.6 -68.74
650.0 -67.01
650.4 -68.75
650.8 -69.69
651.2 -68.28
651.6 -68.54
652.0 -68.13
652.4 -68.6
652.8 -67.64
653.2 -67.3
653.6 -70.09
654.0 -68.3
654.4 -67.39
654.8 -67.79
655.2 -68.41
655.6 -67.16
656.0 -68.27
656.4 -67.54
656.8 -68.53
657.2 -67.63
657.6 -67.42
658.0 -67.55
658.4 -66.92
658.8 -66.72
659.2 -66.48
659.6 -67.12
660.0 -68.15
660.4 -67.78
660.8 -66.83
661.2 -67.09
661.6 -67.83
662.0 -67.28
662.4 -68.66
662.8 -66.94
663.2 -68.01
663.6 -67.01
664.0 -65.55
664.4 -66.39
664.8 -66.69
665.2 -66.94
665.6 -66.2
666.0 -66.69
666.4 -65.63
666.8 -66.52
667.2 -66.49
667.6 -66.52
668.0 -68.01
668.4 -67.78
668.8 -66.05
669.2 -65.88
669.6 -66.42
670.0 -65.98
670.4 -66.55
670.8 -66.5
671.2 -66.06
671.6 -67.14
672.0 -66.3
672.4 -67.29
672.8 -65.78
673.2 -67.12
673.6 -66.65
674.0 -66.82
674.4 -66.18
674.8 -66.17
675.2 -66.56
675.6 -65.99
676.0 -66.98
676.4 -67.71
676.8 -65.8
677.2 -66.65
677.6 -66.9
678.0 -66.71
678.4 -66.92
678.8 -66.91
679.2 -66.49
679.6 -66.56
680.0 -65.8
680.4 -66.87
680.8 -66.54
681.2 -66.11
681.6 -65.98
682.0 -66.09
682.4 -65.91
682.8 -66.18
683.2 -65.78
683.6 -66.04
684.0 -66.33
684.4 -66.19
684.8 -65.76
685.2 -65.34
685.6 -65.99
686.0 -66.3
686.4 -66.11
686.8 -66.07
687.2 -66.56
687.6 -66.69
688.0 -67.03
688.4 -66.44
688.8 -66.4
689.2 -66.19
689.6 -66.0
690.0 -66.12
690.4 -66.95
690.8 -65.32
691.2 -65.82
691.6 -65.94
692.0 -66.82
692.4 -65.99
692.8 -65.14
693.2 -67.28
693.6 -66.27
694.0 -66.03
694.4 -66.63
694.8 -66.52
695.2 -66.14
695.6 -66.51
696.0 -65.9
696.4 -65.34
696.8 -65.31
697.2 -65.95
697.6 -66.45
698.0 -65.35
698.4 -67.16
698.8 -65.62
699.2 -66.75
699.6 -66.56
700.0 -66.34
700.4 -66.92
700.8 -65.87
701.2 -66.32
701.6 -67.99
702.0 -65.91
702.4 -65.96
702.8 -65.62
703.2 -67.09
703.6 -65.67
704.0 -66.35
704.4 -65.65
704.8 -66.0
705.2 -66.19
705.6 -65.18
706.0 -65.91
706.4 -66.2
706.8 -65.97
707.2 -65.64
707.6 -65.05
708.0 -65.66
708.4 -66.31
708.8 -66.57
709.2 -66.23
709.6 -66.37
710.0 -65.76
710.4 -64.93
710.8 -66.32
711.2 -66.11
711.6 -65.64
712.0 -65.26
712.4 -65.61
712.8 -65.54
713.2 -65.92
713.6 -66.66
714.0 -65.35
714.4 -64.98
714.8 -65.12
715.2 -66.49
715.6 -67.36
716.0 -65.89
716.4 -66.29
716.8 -65.62
717.2 -65.49
717.6 -65.23
718.0 -65.96
718.4 -66.35
718.8 -66.37
719.2 -66.16
719.6 -66.09
720.0 -65.2
720.4 -66.71
720.8 -65.9
721.2 -65.96
721.6 -66.07
722.0 -64.8
722.4 -65.12
722.8 -65.0
723.2 -66.97
723.6 -64.76
724.0 -65.42
724.4 -64.91
724.8 -65.99
725.2 -65.6
725.6 -64.93
726.0 -65.68
726.4 -65.25
726.8 -65.36
727.2 -66.22
727.6 -66.29
728.0 -66.28
728.4 -65.69
728.8 -66.39
729.2 -65.14
729.6 -66.09
730.0 -65.42
730.4 -65.64
730.8 -65.73
731.2 -65.15
731.6 -65.17
732.0 -65.75
732.4 -65.96
732.8 -66.76
733.2 -65.91
733.6 -65.71
734.0 -64.87
734.4 -65.77
734.8 -65.2
735.2 -65.7
735.6 -66.36
736.0 -66.18
736.4 -66.47
736.8 -66.32
737.2 -66.17
737.6 -66.71
738.0 -65.48
738.4 -65.8
738.8 -65.73
739.2 -65.97
739.6 -65.28
740.0 -65.99
740.4 -64.5
740.8 -65.92
741.2 -65.91
741.6 -64.44
742.0 -65.14
742.4 -65.26
742.8 -65.5
743.2 -65.31
743.6 -65.8
744.0 -65.69
744.4 -64.92
744.8 -66.7
745.2 -66.14
745.6 -65.51
746.0 -66.82
746.4 -66.4
746.8 -65.26
747.2 -65.13
747.6 -65.63
748.0 -65.7
748.4 -65.03
748.8 -65.76
749.2 -64.75
749.6 -65.56
750.0 -65.29
750.4 -65.85
750.8 -66.02
751.2 -66.36
751.6 -66.81
752.0 -65.2
752.4 -65.14
752.8 -64.96
753.2 -65.32
753.6 -65.06
754.0 -65.4
754.4 -65.83
754.8 -65.14
755.2 -64.95
755.6 -67.13
756.0 -64.94
756.4 -65.6
756.8 -66.09
757.2 -66.4
757.6 -65.93
758.0 -65.68
758.4 -66.55
758.8 -64.35
759.2 -65.59
759.6 -65.08
760.0 -65.38
760.4 -65.52
760.8 -66.39
761.2 -65.44
761.6 -65.37
762.0 -64.73
762.4 -65.08
762.8 -65.2
763.2 -64.86
763.6 -66.54
764.0 -65.31
764.4 -65.06
764.8 -64.87
765.2 -65.71
765.6 -66.04
766.0 -66.47
766.4 -64.89
766.8 -65.76
767.2 -64.74
767.6 -65.94
768.0 -66.36
768.4 -64.99
768.8 -65.96
769.2 -64.95
769.6 -65.53
770.0 -67.01
770.4 -65.32
770.8 -66.6
771.2 -65.69
771.6 -65.19
772.0 -66.21
772.4 -64.29
772.8 -66.01
773.2 -65.83
773.6 -65.41
774.0 -65.53
774.4 -64.23
774.8 -65.85
775.2 -65.14
775.6 -65.5
776.0 -66.19
776.4 -64.85
776.8 -66.61
777.2 -65.29
777.6 -65.06
778.0 -65.31
778.4 -64.81
778.8 -65.12
779.2 -64.93
779.6 -65.44
780.0 -65.47
780.4 -64.57
780.8 -65.37
781.2 -64.55
781.6 -66.0
782.0 -65.16
782.4 -64.79
782.8 -64.94
783.2 -65.73
783.6 -64.42
784.0 -64.99
784.4 -64.03
784.8 -65.11
785.2 -64.25
785.6 -65.54
786.0 -65.01
786.4 -65.1
786.8 -66.21
787.2 -64.32
787.6 -64.4
788.0 -64.62
788.4 -65.45
788.8 -65.18
789.2 -64.84
789.6 -64.2
790.0 -64.66
790.4 -65.48
790.8 -65.24
791.2 -64.91
791.6 -64.91
792.0 -65.07
792.4 -64.85
792.8 -65.39
793.2 -64.61
793.6 -65.71
794.0 -65.73
794.4 -64.19
794.8 -65.21
795.2 -64.8
795.6 -64.98
796.0 -64.67
796.4 -65.33
796.8 -64.73
797.2 -64.46
797.6 -64.61
798.0 -64.75
798.4 -64.06
798.8 -64.68
799.2 -63.98
799.6 -64.68
800.0 -65.81
800.4 -64.79
800.8 -63.97
801.2 -64.13
801.6 -63.88
802.0 -64.96
802.4 -63.91
802.8 -64.27
803.2 -64.52
803.6 -64.49
804.0 -64.39
804.4 -63.71
804.8 -64.15
805.2 -62.83
805.6 -63.26
806.0 -62.67
806.4 -60.8
806.8 -56.91
807.2 -53.88
807.6 -49.72
808.0 -48.25
808.4 -49.34
808.8 -50.24
809.2 -54.59
809.6 -60.6
810.0 -63.57
810.4 -63.62
810.8 -64.32
811.2 -63.48
811.6 -64.02
812.0 -64.01
812.4 -63.74
812.8 -63.78
813.2 -63.61
813.6 -64.19
814.0 -63.77
814.4 -64.12
814.8 -63.84
815.2 -64.31
815.6 -64.04
816.0 -64.35
816.4 -63.8
816.8 -63.89
817.2 -63.5
817.6 -64.71
818.0 -64.2
818.4 -63.85
818.8 -63.89
819.2 -63.9
819.6 -63.58
820.0 -64.33
820.4 -64.12
820.8 -64.57
821.2 -63.75
821.6 -64.0
822.0 -63.9
822.4 -64.1
822.8 -63.81
823.2 -63.75
823.6 -63.44
824.0 -64.48
824.4 -63.22
824.8 -63.63
825.2 -64.27
825.6 -64.27
826.0 -63.18
826.4 -63.84
826.8 -63.76
827.2 -63.98
827.6 -63.5
828.0 -64.17
828.4 -63.21
828.8 -64.2
829.2 -64.0
829.6 -64.85
830.0 -63.76
830.4 -63.57
830.8 -64.08
831.2 -63.87
831.6 -63.77
832.0 -63.94
832.4 -63.58
832.8 -63.46
833.2 -63.56
833.6 -64.19
834.0 -63.95
834.4 -64.0
834.8 -64.03
835.2 -64.0
835.6 -63.84
836.0 -63.72
836.4 -63.86
836.8 -63.86
837.2 -64.39
837.6 -63.77
838.0 -64.2
838.4 -64.29
838.8 -64.99
839.2 -64.64
839.6 -64.42
840.0 -64.62
840.4 -64.39
840.8 -64.02
841.2 -63.92
841.6 -64.81
842.0 -64.31
842.4 -64.07
842.8 -64.26
843.2 -64.85
843.6 -64.32
844.0 -64.48
844.4 -63.92
844.8 -63.84
845.2 -64.04
845.6 -64.56
846.0 -64.45
846.4 -64.08
846.8 -64.73
847.2 -64.65
847.6 -64.5
848.0 -64.44
848.4 -64.67
848.8 -64.34
849.2 -64.28
849.6 -64.48
850.0 -64.54
850.4 -64.71
850.8 -65.22
851.2 -64.76
851.6 -64.68
852.0 -64.36
852.4 -64.14
852.8 -64.96
853.2 -64.54
853.6 -64.52
854.0 -64.32
854.4 -64.48
854.8 -64.66
855.2 -65.02
855.6 -64.45
856.0 -64.41
856.4 -64.6
856.8 -64.67
857.2 -64.38
857.6 -64.42
858.0 -65.07
858.4 -65.49
858.8 -65.16
859.2 -64.48
859.6 -64.41
860.0 -64.73
860.4 -64.64
860.8 -65.41
861.2 -64.65
861.6 -64.45
862.0 -64.6
862.4 -64.8
862.8 -64.9
863.2 -64.39
863.6 -64.6
864.0 -64.82
864.4 -64.7
864.8 -64.97
865.2 -64.06
865.6 -65.01
866.0 -64.56
866.4 -64.55
866.8 -64.55
867.2 -64.16
867.6 -64.97
868.0 -65.01
868.4 -65.31
868.8 -64.97
869.2 -64.72
869.6 -64.76
870.0 -64.33
870.4 -64.18
870.8 -64.83
871.2 -65.32
871.6 -64.33
872.0 -64.5
872.4 -64.62
872.8 -64.6
873.2 -64.5
873.6 -64.98
874.0 -64.67
874.4 -64.82
874.8 -64.74
875.2 -64.07
875.6 -64.95
876.0 -65.37
876.4 -64.43
876.8 -65.02
877.2 -64.65
877.6 -65.61
878.0 -64.64
878.4 -64.64
878.8 -65.15
879.2 -64.76
879.6 -64.79
880.0 -64.11
880.4 -64.66
880.8 -64.3
881.2 -64.57
881.6 -65.1
882.0 -64.75
882.4 -63.94
882.8 -64.51
883.2 -64.29
883.6 -64.27
884.0 -65.04
884.4 -64.65
884.8 -64.71
885.2 -64.73
885.6 -63.89
886.0 -64.71
886.4 -64.24
886.8 -64.62
887.2 -64.58
887.6 -65.0
888.0 -64.32
888.4 -64.63
888.8 -64.65
889.2 -64.94
889.6 -64.52
890.0 -64.55
890.4 -65.3
890.8 -65.05
891.2 -64.58
891.6 -64.92
892.0 -65.13
892.4 -64.64
892.8 -64.54
893.2 -64.84
893.6 -64.94
894.0 -64.71
894.4 -64.35
894.8 -64.84
895.2 -64.72
895.6 -64.49
896.0 -65.31
896.4 -64.26
896.8 -64.86
897.2 -64.86
897.6 -64.6
898.0 -64.84
898.4 -64.39
898.8 -64.8
899.2 -64.73
899.6 -65.2
900.0 -64.74
900.4 -65.64
900.8 -65.65
901.2 -65.54
901.6 -65.92
902.0 -65.75
902.4 -64.77
902.8 -64.64
903.2 -65.34
903.6 -65.61
904.0 -65.02
904.4 -65.15
904.8 -65.06
905.2 -65.27
905.6 -65.57
906.0 -64.93
906.4 -65.4
906.8 -65.65
907.2 -65.09
907.6 -65.01
908.0 -64.93
908.4 -64.78
908.8 -64.67
909.2 -65.7
909.6 -64.64
910.0 -65.48
910.4 -64.68
910.8 -65.53
911.2 -65.17
911.6 -64.93
912.0 -64.92
912.4 -64.63
912.8 -65.39
913.2 -65.55
913.6 -64.85
914.0 -65.22
914.4 -65.93
914.8 -64.93
915.2 -65.62
915.6 -65.5
916.0 -65.52
916.4 -65.27
916.8 -65.21
917.2 -64.89
917.6 -65.99
918.0 -65.15
918.4 -65.17
918.8 -66.29
919.2 -65.15
919.6 -65.31
920.0 -65.57
920.4 -65.06
920.8 -65.83
921.2 -65.62
921.6 -65.15
922.0 -64.65
922.4 -64.85
922.8 -65.21
923.2 -65.66
923.6 -65.22
924.0 -65.58
924.4 -65.74
924.8 -65.64
925.2 -65.2
925.6 -66.2
926.0 -65.44
926.4 -66.32
926.8 -65.46
927.2 -65.27
927.6 -65.2
928.0 -65.6
928.4 -66.17
928.8 -65.39
929.2 -65.49
929.6 -65.49
930.0 -65.46
930.4 -66.53
930.8 -65.53
931.2 -66.17
931.6 -66.27
932.0 -65.36
932.4 -65.42
932.8 -65.77
933.2 -65.74
933.6 -65.14
934.0 -65.67
934.4 -65.8
934.8 -66.0
935.2 -66.34
935.6 -65.24
936.0 -65.84
936.4 -66.44
936.8 -66.04
937.2 -65.87
937.6 -65.84
938.0 -65.73
938.4 -66.06
938.8 -65.69
939.2 -65.65
939.6 -65.73
940.0 -65.73
940.4 -65.28
940.8 -65.91
941.2 -65.29
941.6 -65.59
942.0 -65.73
942.4 -66.36
942.8 -66.31
943.2 -66.01
943.6 -66.31
944.0 -66.63
944.4 -65.54
944.8 -66.75
945.2 -66.24
945.6 -65.81
946.0 -66.52
946.4 -65.79
946.8 -66.62
947.2 -65.8
947.6 -66.03
948.0 -66.27
948.4 -66.58
948.8 -66.26
949.2 -66.07
949.6 -66.35
950.0 -66.76
950.4 -66.02
950.8 -66.23
951.2 -66.29
951.6 -66.14
952.0 -66.64
952.4 -66.66
952.8 -65.88
953.2 -66.18
953.6 -66.07
954.0 -66.04
954.4 -65.94
954.8 -67.77
955.2 -66.94
955.6 -66.54
956.0 -66.98
956.4 -66.81
956.8 -66.5
957.2 -66.48
957.6 -66.5
958.0 -66.66
958.4 -66.15
958.8 -66.86
959.2 -66.27
959.6 -65.86
960.0 -66.49
960.4 -66.69
960.8 -66.02
961.2 -66.29
961.6 -66.37
962.0 -66.45
962.4 -66.66
962.8 -66.33
963.2 -66.63
963.6 -65.83
964.0 -66.59
964.4 -65.96
964.8 -66.11
965.2 -66.12
965.6 -66.18
966.0 -65.72
966.4 -65.57
966.8 -65.81
967.2 -65.67
967.6 -66.0
968.0 -65.96
968.4 -66.04
968.8 -66.3
969.2 -65.84
969.6 -65.85
970.0 -66.5
970.4 -66.39
970.8 -66.04
971.2 -66.34
971.6 -65.86
972.0 -66.43
972.4 -66.21
972.8 -66.32
973.2 -66.78
973.6 -66.4
974.0 -65.87
974.4 -66.76
974.8 -66.68
975.2 -66.4
975.6 -66.43
976.0 -66.27
976.4 -66.91
976.8 -66.54
977.2 -65.83
977.6 -66.3
978.0 -66.09
978.4 -66.34
978.8 -66.33
979.2 -65.72
979.6 -65.79
980.0 -66.51
980.4 -65.97
980.8 -65.83
981.2 -65.96
981.6 -66.08
982.0 -65.79
982.4 -65.99
982.8 -65.64
983.2 -65.84
983.6 -65.95
984.0 -65.44
984.4 -65.47
984.8 -65.69
985.2 -64.96
985.6 -65.34
986.0 -65.35
986.4 -64.92
986.8 -65.3
987.2 -64.83
987.6 -64.6
988.0 -65.27
988.4 -64.97
988.8 -64.58
989.2 -65.09
989.6 -64.93
990.0 -64.5
990.4 -64.42
990.8 -64.78
991.2 -64.63
991.6 -64.49
992.0 -64.59
992.4 -64.4
992.8 -64.47
993.2 -64.56
993.6 -64.16
994.0 -64.32
994.4 -64.51
994.8 -64.25
995.2 -64.35
995.6 -64.09
996.0 -63.77
996.4 -64.15
996.8 -64.15
997.2 -63.98
997.6 -63.82
998.0 -64.09
998.4 -64.04
998.8 -64.07
999.2 -63.86
999.6 -64.12
1000.0 -63.87
