600.0 -75.68
600.4 -78.13
600.8 -210.0
601.2 -81.2
601.6 -210.0
602.0 -84.27
602.4 -210.0
602.8 -77.33
603.2 -76.55
603.6 -81.36
604.0 -69.34
604.4 -74.0
604.8 -78.42
605.2 -69.41
605.6 -76.71
606.0 -74.11
606.4 -71.76
606.8 -210.0
607.2 -72.55
607.6 -210.0
608.0 -67.58
608.4 -84.68
608.8 -74.71
609.2 -72.96
609.6 -68.52
610.0 -78.75
610.4 -72.5
610.8 -75.28
611.2 -73.08
611.6 -210.0
612.0 -73.13
612.4 -72.37
612.8 -77.96
613.2 -73.5
613.6 -210.0
614.0 -70.39
614.4 -68.6
614.8 -210.0
615.2 -72.3
615.6 -210.0
616.0 -77.35
616.4 -82.15
616.8 -71.37
617.2 -70.15
617.6 -79.2
618.0 -71.64
618.4 -69.96
618.8 -210.0
619.2 -70.85
619.6 -70.72
620.0 -82.36
620.4 -70.08
620.8 -79.39
621.2 -74.65
621.6 -80.69
622.0 -74.03
622.4 -69.83
622.8 -78.56
623.2 -210.0
623.6 -85.6
624.0 -71.81
624.4 -70.33
624.8 -70.35
625.2 -71.89
625.6 -73.67
626.0 -70.3
626.4 -69.74
626.8 -68.98
627.2 -70.25
627.6 -210.0
628.0 -68.88
628.4 -71.75
628.8 -73.87
629.2 -70.49
629.6 -72.74
630.0 -71.52
630.4 -74.26
630.8 -71.58
631.2 -69.27
631.6 -70.43
632.0 -70.58
632.4 -69.94
632.8 -74.74
633.2 -69.9
633.6 -71.34
634.0 -69.04
634.4 -72.17
634.8 -68.49
635.2 -68.52
635.6 -69.87
636.0 -70.1
636.4 -68.68
636.8 -69.34
637.2 -71.61
637.6 -70.64
638.0 -68.46
638.4 -68.1
638.8 -68.52
639.2 -68.89
639.6 -69.07
640.0 -69.18
640.4 -68.92
640.8 -70.9
641.2 -68.46
641.6 -68.76
642.0 -67.47
642.4 -69.4
642.8 -67.55
643.2 -67.25
643.6 -67.52
644.0 -69.03
644.4 -67.18
644.8 -68.48
645.2 -67.25
645.6 -67.61
646.0 -68.3
646.4 -66.71
646.8 -67.4
647.2 -68.09
647.6 -67.21
648.0 -68.59
648.4 -67.41
648.8 -67.8
649.2 -68.93
649.6 -67.52
650.0 -68.58
650.4 -67.84
650.8 -68.42
651.2 -68.18
651.6 -67.09
652.0 -67.37
652.4 -66.88
652.8 -67.18
653.2 -67.03
653.6 -67.15
654.0 -66.96
654.4 -66.82
654.8 -66.97
655.2 -67.24
655.6 -68.07
656.0 -67.67
656.4 -68.63
656.8 -67.75
657.2 -67.59
657.6 -66.78
658.0 -67.72
658.4 -66.44
658.8 -66.79
659.2 -68.05
659.6 -66.93
660.0 -66.98
660.4 -66.59
660.8 -66.36
661.2 -66.2
661.6 -66.73
662.0 -66.9
662.4 -66.2
662.8 -65.99
663.2 -66.56
663.6 -66.66
664.0 -65.6
664.4 -66.73
664.8 -66.23
665.2 -66.23
665.6 -65.63
666.0 -67.7
666.4 -66.39
666.8 -66.8
667.2 -66.23
667.6 -67.09
668.0 -66.56
668.4 -66.3
668.8 -66.05
669.2 -65.93
669.6 -66.46
670.0 -66.13
670.4 -65.95
670.8 -66.34
671.2 -66.0
671.6 -65.74
672.0 -66.53
672.4 -66.17
672.8 -66.97
673.2 -66.42
673.6 -66.01
674.0 -65.63
674.4 -65.66
674.8 -66.74
675.2 -65.59
675.6 -66.02
676.0 -65.22
676.4 -65.72
676.8 -65.91
677.2 -66.09
677.6 -66.41
678.0 -66.4
678.4 -66.47
678.8 -65.72
679.2 -65.34
679.6 -66.13
680.0 -65.94
680.4 -66.22
680.8 -65.05
681.2 -65.99
681.6 -65.58
682.0 -64.95
682.4 -65.38
682.8 -65.45
683.2 -65.56
683.6 -64.79
684.0 -65.28
684.4 -65.85
684.8 -65.22
685.2 -65.93
685.6 -65.78
686.0 -65.63
686.4 -64.83
686.8 -65.27
687.2 -65.17
687.6 -65.55
688.0 -64.79
688.4 -65.8
688.8 -66.47
689.2 -64.89
689.6 -65.45
690.0 -65.64
690.4 -65.38
690.8 -64.92
691.2 -65.23
691.6 -65.79
692.0 -65.22
692.4 -65.29
692.8 -65.54
693.2 -65.26
693.6 -65.76
694.0 -65.12
694.4 -65.57
694.8 -66.56
695.2 -64.97
695.6 -64.5
696.0 -64.94
696.4 -66.75
696.8 -65.77
697.2 -65.53
697.6 -64.87
698.0 -65.29
698.4 -65.1
698.8 -65.2
699.2 -65.04
699.6 -65.73
700.0 -65.16
700.4 -64.72
700.8 -65.34
701.2 -66.6
701.6 -65.61
702.0 -65.07
702.4 -65.25
702.8 -64.99
703.2 -65.0
703.6 -64.83
704.0 -65.23
704.4 -65.01
704.8 -65.59
705.2 -64.97
705.6 -65.05
706.0 -64.57
706.4 -64.4
706.8 -64.58
707.2 -64.84
707.6 -65.52
708.0 -65.2
708.4 -65.05
708.8 -65.33
709.2 -64.66
709.6 -64.61
710.0 -64.83
710.4 -65.57
710.8 -64.82
711.2 -64.79
711.6 -65.29
712.0 -65.12
712.4 -65.61
712.8 -65.42
713.2 -65.48
713.6 -64.69
714.0 -64.59
714.4 -64.7
714.8 -64.85
715.2 -64.67
715.6 -64.13
716.0 -65.05
716.4 -65.18
716.8 -64.86
717.2 -64.82
717.6 -65.97
718.0 -65.11
718.4 -64.81
718.8 -65.27
719.2 -64.73
719.6 -64.93
720.0 -64.92
720.4 -65.2
720.8 -65.19
721.2 -63.83
721.6 -64.94
722.0 -64.96
722.4 -64.31
722.8 -64.92
723.2 -64.27
723.6 -65.55
724.0 -65.22
724.4 -65.07
724.8 -64.52
725.2 -65.57
725.6 -64.47
726.0 -64.89
726.4 -65.37
726.8 -64.75
727.2 -64.59
727.6 -64.52
728.0 -64.87
728.4 -65.01
728.8 -64.5
729.2 -64.75
729.6 -64.75
730.0 -64.9
730.4 -64.96
730.8 -65.0
731.2 -65.29
731.6 -64.43
732.0 -64.75
732.4 -65.31
732.8 -65.08
733.2 -65.45
733.6 -64.85
734.0 -65.42
734.4 -64.19
734.8 -64.89
735.2 -64.14
735.6 -64.18
736.0 -64.75
736.4 -65.07
736.8 -65.12
737.2 -64.58
737.6 -64.89
738.0 -64.6
738.4 -64.65
738.8 -65.22
739.2 -64.51
739.6 -65.1
740.0 -64.43
740.4 -65.52
740.8 -65.09
741.2 -64.37
741.6 -64.59
742.0 -65.03
742.4 -63.99
742.8 -64.66
743.2 -64.77
743.6 -64.71
744.0 -64.68
744.4 -64.68
744.8 -64.95
745.2 -64.57
745.6 -65.45
746.0 -64.91
746.4 -66.02
746.8 -65.0
747.2 -65.16
747.6 -65.25
748.0 -66.05
748.4 -64.95
748.8 -65.69
749.2 -64.78
749.6 -65.56
750.0 -65.14
750.4 -65.58
750.8 -64.96
751.2 -64.6
751.6 -64.75
752.0 -64.25
752.4 -65.55
752.8 -64.24
753.2 -65.16
753.6 -65.94
754.0 -65.63
754.4 -64.88
754.8 -64.58
755.2 -64.76
755.6 -64.57
756.0 -64.5
756.4 -65.28
756.8 -65.17
757.2 -64.91
757.6 -64.75
758.0 -64.87
758.4 -64.37
758.8 -64.74
759.2 -65.59
759.6 -64.06
760.0 -65.65
760.4 -64.72
760.8 -64.97
761.2 -64.14
761.6 -65.28
762.0 -64.73
762.4 -64.62
762.8 -65.49
763.2 -64.4
763.6 -65.69
764.0 -65.68
764.4 -64.97
764.8 -65.81
765.2 -65.21
765.6 -65.33
766.0 -65.63
766.4 -65.95
766.8 -64.74
767.2 -65.58
767.6 -64.77
768.0 -64.79
768.4 -65.08
768.8 -63.73
769.2 -64.55
769.6 -64.75
770.0 -64.15
770.4 -64.03
770.8 -65.84
771.2 -65.59
771.6 -64.57
772.0 -64.78
772.4 -64.64
772.8 -64.64
773.2 -64.34
773.6 -64.37
774.0 -64.44
774.4 -63.91
774.8 -64.69
775.2 -65.53
775.6 -65.43
776.0 -65.06
776.4 -65.22
776.8 -65.19
777.2 -64.76
777.6 -64.76
778.0 -64.7
778.4 -64.47
778.8 -64.67
779.2 -64.7
779.6 -65.72
780.0 -65.01
780.4 -65.5
780.8 -64.46
781.2 -64.55
781.6 -65.26
782.0 -64.48
782.4 -64.48
782.8 -63.6
783.2 -64.1
783.6 -64.34
784.0 -65.31
784.4 -64.7
784.8 -64.63
785.2 -64.52
785.6 -65.17
786.0 -64.69
786.4 -64.34
786.8 -64.26
787.2 -64.32
787.6 -64.94
788.0 -64.59
788.4 -64.75
788.8 -64.87
789.2 -64.39
789.6 -65.49
790.0 -63.82
790.4 -64.35
790.8 -63.8
791.2 -63.65
791.6 -63.65
792.0 -64.62
792.4 -65.5
792.8 -63.5
793.2 -64.41
793.6 -64.22
794.0 -64.19
794.4 -63.43
794.8 -64.54
795.2 -63.81
795.6 -64.05
796.0 -64.39
796.4 -63.55
796.8 -63.98
797.2 -63.65
797.6 -63.63
798.0 -64.25
798.4 -63.98
798.8 -63.23
799.2 -63.76
799.6 -63.42
800.0 -63.87
800.4 -64.07
800.8 -63.92
801.2 -63.91
801.6 -63.58
802.0 -63.42
802.4 -63.71
802.8 -63.47
803.2 -63.3
803.6 -63.89
804.0 -63.31
804.4 -63.4
804.8 -63.62
805.2 -62.43
805.6 -62.78
806.0 -62.52
806.4 -60.64
806.8 -57.2
807.2 -53.27
807.6 -49.3
808.0 -48.03
808.4 -49.29
808.8 -50.02
809.2 -54.39
809.6 -60.24
810.0 -62.16
810.4 -62.86
810.8 -63.06
811.2 -63.16
811.6 -63.95
812.0 -62.7
812.4 -63.56
812.8 -63.21
813.2 -63.45
813.6 -64.26
814.0 -64.7
814.4 -63.9
814.8 -63.55
815.2 -63.25
815.6 -63.76
816.0 -63.72
816.4 -64.14
816.8 -63.67
817.2 -62.65
817.6 -62.87
818.0 -63.38
818.4 -63.41
818.8 -64.15
819.2 -62.67
819.6 -63.04
820.0 -63.31
820.4 -63.49
820.8 -63.57
821.2 -63.52
821.6 -63.08
822.0 -63.48
822.4 -63.96
822.8 -63.62
823.2 -63.29
823.6 -62.95
824.0 -63.34
824.4 -63.07
824.8 -63.98
825.2 -63.58
825.6 -62.76
826.0 -63.04
826.4 -63.76
826.8 -63.74
827.2 -63.62
827.6 -63.33
828.0 -63.41
828.4 -63.34
828.8 -63.48
829.2 -62.99
829.6 -63.1
830.0 -63.26
830.4 -63.44
830.8 -63.36
831.2 -63.63
831.6 -63.07
832.0 -63.86
832.4 -63.45
832.8 -63.39
833.2 -63.11
833.6 -62.62
834.0 -63.53
834.4 -63.54
834.8 -63.01
835.2 -63.0
835.6 -62.89
836.0 -63.4
836.4 -62.98
836.8 -62.89
837.2 -62.73
837.6 -63.38
838.0 -63.36
838.4 -63.19
838.8 -62.55
839.2 -62.98
839.6 -63.64
840.0 -63.74
840.4 -63.08
840.8 -63.23
841.2 -63.14
841.6 -64.29
842.0 -63.57
842.4 -63.41
842.8 -63.32
843.2 -63.32
843.6 -63.38
844.0 -63.12
844.4 -63.15
844.8 -63.77
845.2 -63.21
845.6 -63.18
846.0 -62.83
846.4 -63.39
846.8 -63.5
847.2 -63.76
847.6 -63.64
848.0 -64.03
848.4 -63.11
848.8 -62.88
849.2 -63.22
849.6 -63.89
850.0 -63.41
850.4 -63.53
850.8 -63.37
851.2 -63.21
851.6 -63.59
852.0 -63.34
852.4 -63.59
852.8 -63.14
853.2 -63.54
853.6 -63.66
854.0 -63.57
854.4 -63.37
854.8 -63.57
855.2 -63.32
855.6 -63.47
856.0 -63.41
856.4 -63.14
856.8 -62.8
857.2 -63.46
857.6 -62.93
858.0 -63.75
858.4 -63.4
858.8 -63.6
859.2 -62.84
859.6 -63.59
860.0 -63.39
860.4 -63.61
860.8 -63.53
861.2 -63.35
861.6 -63.39
862.0 -63.56
862.4 -63.29
862.8 -63.03
863.2 -63.69
863.6 -63.27
864.0 -63.49
864.4 -63.2
864.8 -63.44
865.2 -62.9
865.6 -63.43
866.0 -63.27
866.4 -63.34
866.8 -63.32
867.2 -63.07
867.6 -63.53
868.0 -63.24
868.4 -63.79
868.8 -63.34
869.2 -63.34
869.6 -63.38
870.0 -63.61
870.4 -63.22
870.8 -63.27
871.2 -62.87
871.6 -63.27
872.0 -63.59
872.4 -63.0
872.8 -63.39
873.2 -63.37
873.6 -63.51
874.0 -62.88
874.4 -63.33
874.8 -63.39
875.2 -63.29
875.6 -63.33
876.0 -63.28
876.4 -63.95
876.8 -63.26
877.2 -63.16
877.6 -63.89
878.0 -63.69
878.4 -63.88
878.8 -63.8
879.2 -63.49
879.6 -62.88
880.0 -62.99
880.4 -63.54
880.8 -63.89
881.2 -63.21
881.6 -63.48
882.0 -63.14
882.4 -62.72
882.8 -63.33
883.2 -63.21
883.6 -63.53
884.0 -63.98
884.4 -63.6
884.8 -63.25
885.2 -63.43
885.6 -63.39
886.0 -63.39
886.4 -63.48
886.8 -63.25
887.2 -63.33
887.6 -62.87
888.0 -63.24
888.4 -63.18
888.8 -63.11
889.2 -63.4
889.6 -63.35
890.0 -63.18
890.4 -62.92
890.8 -63.0
891.2 -63.21
891.6 -63.01
892.0 -62.8
892.4 -63.78
892.8 -63.05
893.2 -63.42
893.6 -63.08
894.0 -63.43
894.4 -62.54
894.8 -63.39
895.2 -63.04
895.6 -63.25
896.0 -63.28
896.4 -63.41
896.8 -63.55
897.2 -63.3
897.6 -62.28
898.0 -62.88
898.4 -63.21
898.8 -63.14
899.2 -62.96
899.6 -62.63
900.0 -62.9
900.4 -62.89
900.8 -62.89
901.2 -63.26
901.6 -62.79
902.0 -62.86
902.4 -63.33
902.8 -63.11
903.2 -63.3
903.6 -63.01
904.0 -63.66
904.4 -63.16
904.8 -63.12
905.2 -63.38
905.6 -62.93
906.0 -63.37
906.4 -62.89
906.8 -63.61
907.2 -63.14
907.6 -63.08
908.0 -62.54
908.4 -62.77
908.8 -62.75
909.2 -63.06
909.6 -63.26
910.0 -63.23
910.4 -62.93
910.8 -62.96
911.2 -62.76
911.6 -63.03
912.0 -62.89
912.4 -63.24
912.8 -63.37
913.2 -62.53
913.6 -63.4
914.0 -62.98
914.4 -63.59
914.8 -63.17
915.2 -63.1
915.6 -63.07
916.0 -62.61
916.4 -62.97
916.8 -63.19
917.2 -62.87
917.6 -63.1
918.0 -63.06
918.4 -63.02
918.8 -63.4
919.2 -62.78
919.6 -63.06
920.0 -63.17
920.4 -63.07
920.8 -63.2
921.2 -63.25
921.6 -63.22
922.0 -63.25
922.4 -63.16
922.8 -63.02
923.2 -63.03
923.6 -63.11
924.0 -62.75
924.4 -63.05
924.8 -63.11
925.2 -62.92
925.6 -62.77
926.0 -63.04
926.4 -62.85
926.8 -63.12
927.2 -62.92
927.6 -62.99
928.0 -62.63
928.4 -62.65
928.8 -63.03
929.2 -62.86
929.6 -63.22
930.0 -62.67
930.4 -62.94
930.8 -63.02
931.2 -62.73
931.6 -62.84
932.0 -63.12
932.4 -62.7
932.8 -62.48
933.2 -62.56
933.6 -62.65
934.0 -63.04
934.4 -63.26
934.8 -62.82
935.2 -62.78
935.6 -63.21
936.0 -62.89
936.4 -62.96
936.8 -62.96
937.2 -62.79
937.6 -62.71
938.0 -63.25
938.4 -63.42
938.8 -62.86
939.2 -63.03
939.6 -63.15
940.0 -62.94
940.4 -63.2
940.8 -62.92
941.2 -63.02
941.6 -63.12
942.0 -62.94
942.4 -62.89
942.8 -62.99
943.2 -62.82
943.6 -62.9
944.0 -62.88
944.4 -62.82
944.8 -62.78
945.2 -62.52
945.6 -63.15
946.0 -62.98
946.4 -62.93
946.8 -62.72
947.2 -62.97
947.6 -62.88
948.0 -63.0
948.4 -62.84
948.8 -62.85
949.2 -62.95
949.6 -62.76
950.0 -63.05
950.4 -62.97
950.8 -62.9
951.2 -62.99
951.6 -62.92
952.0 -63.11
952.4 -62.99
952.8 -63.01
953.2 -62.72
953.6 -63.01
954.0 -63.07
954.4 -63.2
954.8 -62.82
955.2 -63.19
955.6 -62.89
956.0 -63.26
956.4 -63.33
956.8 -63.08
957.2 -63.26
957.6 -63.21
958.0 -63.21
958.4 -62.88
958.8 -63.15
959.2 -63.07
959.6 -62.81
960.0 -63.13
960.4 -63.13
960.8 -63.0
961.2 -62.76
961.6 -62.79
962.0 -63.02
962.4 -62.83
962.8 -63.01
963.2 -62.71
963.6 -62.82
964.0 -62.56
964.4 -62.71
964.8 -62.56
965.2 -62.54
965.6 -62.62
966.0 -62.65
966.4 -62.5
966.8 -62.58
967.2 -62.8
967.6 -62.7
968.0 -62.93
968.4 -62.73
968.8 -62.93
969.2 -62.86
969.6 -63.12
970.0 -62.71
970.4 -62.83
970.8 -62.72
971.2 -62.97
971.6 -63.07
972.0 -62.66
972.4 -63.02
972.8 -62.89
973.2 -63.1
973.6 -63.08
974.0 -62.94
974.4 -62.95
974.8 -62.87
975.2 -63.16
975.6 -62.9
976.0 -63.03
976.4 -63.15
976.8 -63.27
977.2 -63.24
977.6 -63.39
978.0 -63.45
978.4 -63.27
978.8 -63.3
979.2 -63.08
979.6 -63.41
980.0 -63.17
980.4 -63.19
980.8 -63.53
981.2 -63.19
981.6 -62.88
982.0 -62.92
982.4 -62.95
982.8 -63.07
983.2 -62.91
983.6 -62.77
984.0 -62.97
984.4 -62.69
984.8 -62.5
985.2 -62.74
985.6 -62.6
986.0 -62.39
986.4 -62.55
986.8 -62.34
987.2 -62.27
987.6 -62.26
988.0 -62.13
988.4 -62.02
988.8 -61.96
989.2 -62.07
989.6 -62.03
990.0 -62.09
990.4 -61.86
990.8 -62.08
991.2 -61.77
991.6 -61.89
992.0 -61.81
992.4 -61.74
992.8 -61.67
993.2 -61.68
993.6 -61.76
994.0 -61.55
994.4 -61.57
994.8 -61.6
995.2 -61.47
995.6 -61.65
996.0 -61.88
996.4 -61.68
996.8 -61.49
997.2 -61.57
997.6 -61.59
998.0 -61.55
998.4 -61.55
998.8 -61.57
999.2 -61.65
999.6 -61.57
1000.0 -61.59
