600.0 -210.0
600.4 -73.36
600.8 -75.73
601.2 -74.21
601.6 -71.01
602.0 -210.0
602.4 -210.0
602.8 -210.0
603.2 -210.0
603.6 -72.9
604.0 -210.0
604.4 -210.0
604.8 -210.0
605.2 -210.0
605.6 -210.0
606.0 -210.0
606.4 -210.0
606.8 -210.0
607.2 -210.0
607.6 -74.21
608.0 -210.0
608.4 -210.0
608.8 -210.0
609.2 -84.73
609.6 -210.0
610.0 -210.0
610.4 -210.0
610.8 -210.0
611.2 -210.0
611.6 -73.11
612.0 -74.1
612.4 -210.0
612.8 -69.76
613.2 -210.0
613.6 -72.44
614.0 -70.87
614.4 -210.0
614.8 -210.0
615.2 -85.09
615.6 -210.0
616.0 -210.0
616.4 -72.85
616.8 -210.0
617.2 -72.65
617.6 -71.08
618.0 -210.0
618.4 -75.28
618.8 -210.0
619.2 -68.51
619.6 -210.0
620.0 -210.0
620.4 -210.0
620.8 -70.94
621.2 -70.13
621.6 -71.66
622.0 -74.7
622.4 -210.0
622.8 -210.0
623.2 -210.0
623.6 -72.59
624.0 -210.0
624.4 -210.0
624.8 -72.44
625.2 -210.0
625.6 -82.71
626.0 -68.67
626.4 -210.0
626.8 -76.76
627.2 -72.81
627.6 -78.06
628.0 -210.0
628.4 -210.0
628.8 -70.0
629.2 -210.0
629.6 -85.97
630.0 -79.01
630.4 -75.23
630.8 -210.0
631.2 -76.54
631.6 -80.09
632.0 -210.0
632.4 -210.0
632.8 -77.75
633.2 -77.2
633.6 -210.0
634.0 -210.0
634.4 -77.86
634.8 -210.0
635.2 -70.25
635.6 -210.0
636.0 -76.44
636.4 -76.05
636.8 -73.07
637.2 -72.91
637.6 -210.0
638.0 -210.0
638.4 -210.0
638.8 -81.87
639.2 -210.0
639.6 -210.0
640.0 -80.71
640.4 -80.75
640.8 -210.0
641.2 -77.81
641.6 -83.88
642.0 -72.77
642.4 -210.0
642.8 -76.58
643.2 -74.47
643.6 -69.99
644.0 -81.07
644.4 -74.58
644.8 -75.13
645.2 -210.0
645.6 -70.81
646.0 -72.36
646.4 -210.0
646.8 -74.8
647.2 -210.0
647.6 -210.0
648.0 -70.3
648.4 -74.49
648.8 -76.4
649.2 -72.79
649.6 -75.56
650.0 -76.48
650.4 -73.81
650.8 -74.19
651.2 -73.31
651.6 -75.07
652.0 -75.58
652.4 -210.0
652.8 -210.0
653.2 -73.49
653.6 -73.33
654.0 -78.61
654.4 -87.65
654.8 -78.62
655.2 -210.0
655.6 -72.74
656.0 -210.0
656.4 -79.21
656.8 -73.35
657.2 -210.0
657.6 -73.2
658.0 -210.0
658.4 -81.65
658.8 -74.46
659.2 -74.26
659.6 -210.0
660.0 -74.08
660.4 -74.08
660.8 -74.08
661.2 -80.71
661.6 -210.0
662.0 -75.65
662.4 -73.22
662.8 -210.0
663.2 -71.67
663.6 -210.0
664.0 -77.7
664.4 -75.93
664.8 -72.78
665.2 -72.78
665.6 -76.56
666.0 -72.01
666.4 -81.67
666.8 -73.38
667.2 -79.91
667.6 -74.27
668.0 -74.47
668.4 -70.88
668.8 -82.92
669.2 -81.67
669.6 -70.45
670.0 -79.9
670.4 -70.13
670.8 -74.06
671.2 -76.88
671.6 -210.0
672.0 -79.88
672.4 -71.87
672.8 -70.33
673.2 -77.66
673.6 -210.0
674.0 -80.66
674.4 -76.18
674.8 -210.0
675.2 -72.45
675.6 -74.02
676.0 -75.32
676.4 -82.85
676.8 -74.19
677.2 -72.17
677.6 -77.62
678.0 -74.82
678.4 -77.19
678.8 -73.45
679.2 -74.81
679.6 -76.13
680.0 -75.28
680.4 -210.0
680.8 -72.26
681.2 -71.55
681.6 -210.0
682.0 -210.0
682.4 -72.78
682.8 -76.08
683.2 -77.13
683.6 -79.75
684.0 -70.21
684.4 -77.11
684.8 -79.07
685.2 -78.48
685.6 -74.96
686.0 -72.88
686.4 -77.51
686.8 -76.36
687.2 -82.72
687.6 -79.7
688.0 -78.45
688.4 -76.34
688.8 -210.0
689.2 -73.32
689.6 -79.01
690.0 -72.83
690.4 -74.44
690.8 -73.83
691.2 -76.3
691.6 -66.94
692.0 -73.45
692.4 -71.62
692.8 -73.27
693.2 -75.36
693.6 -210.0
694.0 -75.63
694.4 -77.39
694.8 -81.36
695.2 -210.0
695.6 -71.35
696.0 -71.34
696.4 -75.05
696.8 -73.38
697.2 -72.87
697.6 -70.81
698.0 -71.89
698.4 -81.3
698.8 -82.55
699.2 -73.89
699.6 -74.31
700.0 -74.08
700.4 -72.82
700.8 -74.07
701.2 -71.97
701.6 -70.38
702.0 -72.96
702.4 -73.84
702.8 -70.02
703.2 -70.53
703.6 -71.02
704.0 -77.7
704.4 -70.25
704.8 -70.51
705.2 -75.18
705.6 -87.23
706.0 -76.8
706.4 -72.58
706.8 -78.17
707.2 -69.87
707.6 -81.17
708.0 -72.56
708.4 -81.15
708.8 -73.75
709.2 -70.26
709.6 -71.25
710.0 -70.25
710.4 -77.61
710.8 -72.09
711.2 -72.23
711.6 -72.66
712.0 -71.34
712.4 -73.52
712.8 -72.65
713.2 -75.36
713.6 -71.32
714.0 -210.0
714.4 -70.77
714.8 -73.88
715.2 -210.0
715.6 -73.87
716.0 -74.79
716.4 -73.66
716.8 -74.53
717.2 -70.54
717.6 -69.59
718.0 -79.28
718.4 -71.38
718.8 -72.0
719.2 -73.08
719.6 -72.91
720.0 -71.48
720.4 -73.24
720.8 -71.35
721.2 -71.72
721.6 -76.62
722.0 -76.23
722.4 -71.23
722.8 -72.24
723.2 -72.1
723.6 -70.11
724.0 -73.39
724.4 -71.56
724.8 -73.99
725.2 -78.54
725.6 -73.02
726.0 -73.56
726.4 -75.52
726.8 -71.41
727.2 -71.66
727.6 -79.19
728.0 -74.41
728.4 -76.55
728.8 -76.16
729.2 -72.48
729.6 -70.72
730.0 -72.63
730.4 -210.0
730.8 -210.0
731.2 -210.0
731.6 -73.32
732.0 -78.47
732.4 -77.89
732.8 -72.95
733.2 -74.13
733.6 -72.44
734.0 -74.36
734.4 -69.66
734.8 -74.86
735.2 -75.77
735.6 -70.17
736.0 -77.35
736.4 -69.48
736.8 -70.76
737.2 -73.46
737.6 -79.09
738.0 -74.57
738.4 -79.09
738.8 -70.74
739.2 -73.06
739.6 -70.43
740.0 -72.88
740.4 -74.55
740.8 -69.7
741.2 -75.71
741.6 -73.04
742.0 -72.37
742.4 -210.0
742.8 -79.05
743.2 -69.59
743.6 -72.36
744.0 -71.91
744.4 -72.2
744.8 -72.05
745.2 -77.28
745.6 -210.0
746.0 -71.5
746.4 -72.84
746.8 -210.0
747.2 -70.78
747.6 -71.89
748.0 -72.33
748.4 -71.74
748.8 -71.74
749.2 -72.48
749.6 -79.81
750.0 -72.16
750.4 -71.87
750.8 -71.86
751.2 -72.97
751.6 -72.45
752.0 -80.73
752.4 -75.96
752.8 -73.32
753.2 -75.61
753.6 -73.73
754.0 -72.59
754.4 -72.25
754.8 -210.0
755.2 -68.86
755.6 -72.91
756.0 -69.89
756.4 -68.92
756.8 -71.64
757.2 -70.78
757.6 -78.9
758.0 -70.45
758.4 -74.63
758.8 -72.36
759.2 -70.87
759.6 -70.87
760.0 -69.67
760.4 -77.62
760.8 -74.09
761.2 -70.41
761.6 -74.88
762.0 -70.01
762.4 -210.0
762.8 -76.21
763.2 -69.72
763.6 -71.85
764.0 -75.48
764.4 -73.0
764.8 -71.83
765.2 -70.58
765.6 -210.0
766.0 -80.57
766.4 -71.28
766.8 -71.53
767.2 -71.14
767.6 -210.0
768.0 -71.13
768.4 -210.0
768.8 -69.32
769.2 -71.12
769.6 -71.79
770.0 -71.78
770.4 -68.7
770.8 -86.56
771.2 -76.14
771.6 -72.08
772.0 -68.62
772.4 -68.84
772.8 -73.12
773.2 -71.77
773.6 -69.14
774.0 -210.0
774.4 -74.49
774.8 -74.77
775.2 -74.49
775.6 -70.3
776.0 -69.8
776.4 -71.75
776.8 -75.39
777.2 -73.52
777.6 -68.67
778.0 -71.33
778.4 -76.97
778.8 -71.2
779.2 -69.44
779.6 -68.45
780.0 -76.09
780.4 -72.53
780.8 -68.18
781.2 -70.71
781.6 -73.94
782.0 -71.05
782.4 -70.37
782.8 -83.49
783.2 -71.86
783.6 -71.57
784.0 -71.04
784.4 -76.07
784.8 -72.5
785.2 -71.29
785.6 -73.05
786.0 -72.0
786.4 -70.03
786.8 -83.46
787.2 -73.68
787.6 -69.48
788.0 -71.69
788.4 -72.65
788.8 -69.3
789.2 -70.66
789.6 -74.69
790.0 -73.44
790.4 -68.89
790.8 -71.67
791.2 -71.81
791.6 -72.46
792.0 -70.41
792.4 -71.52
792.8 -73.64
793.2 -70.63
793.6 -70.19
794.0 -69.51
794.4 -76.42
794.8 -72.61
795.2 -70.62
795.6 -69.08
796.0 -71.63
796.4 -69.08
796.8 -69.25
797.2 -70.37
797.6 -70.48
798.0 -69.15
798.4 -80.36
798.8 -70.26
799.2 -70.47
799.6 -72.07
800.0 -69.75
800.4 -75.24
800.8 -71.06
801.2 -71.07
801.6 -70.47
802.0 -69.76
802.4 -71.2
802.8 -69.67
803.2 -70.37
803.6 -71.92
804.0 -72.98
804.4 -72.6
804.8 -66.91
805.2 -66.32
805.6 -71.64
806.0 -67.96
806.4 -66.46
806.8 -61.88
807.2 -58.16
807.6 -54.26
808.0 -52.56
808.4 -53.72
808.8 -54.41
809.2 -57.91
809.6 -66.27
810.0 -69.82
810.4 -68.26
810.8 -68.76
811.2 -68.98
811.6 -70.04
812.0 -73.93
812.4 -71.3
812.8 -72.02
813.2 -76.51
813.6 -71.89
814.0 -71.6
814.4 -69.28
814.8 -72.39
815.2 -71.91
815.6 -68.99
816.0 -69.4
816.4 -69.94
816.8 -69.84
817.2 -72.43
817.6 -71.14
818.0 -68.46
818.4 -71.15
818.8 -70.07
819.2 -71.7
819.6 -68.91
820.0 -68.06
820.4 -72.02
820.8 -68.28
821.2 -70.55
821.6 -210.0
822.0 -71.39
822.4 -71.54
822.8 -69.25
823.2 -73.97
823.6 -69.78
824.0 -70.76
824.4 -70.26
824.8 -70.58
825.2 -69.42
825.6 -72.37
826.0 -71.17
826.4 -71.56
826.8 -69.49
827.2 -71.59
827.6 -69.07
828.0 -69.78
828.4 -71.51
828.8 -71.4
829.2 -68.35
829.6 -69.44
830.0 -69.62
830.4 -69.35
830.8 -69.16
831.2 -70.04
831.6 -71.34
832.0 -71.48
832.4 -69.56
832.8 -70.41
833.2 -69.77
833.6 -70.85
834.0 -70.98
834.4 -73.54
834.8 -70.47
835.2 -69.48
835.6 -68.35
836.0 -70.06
836.4 -69.79
836.8 -70.79
837.2 -68.97
837.6 -69.87
838.0 -69.48
838.4 -68.39
838.8 -69.34
839.2 -70.79
839.6 -70.4
840.0 -71.3
840.4 -68.65
840.8 -72.55
841.2 -69.41
841.6 -69.54
842.0 -69.28
842.4 -69.6
842.8 -69.46
843.2 -71.6
843.6 -71.19
844.0 -69.8
844.4 -69.4
844.8 -68.79
845.2 -69.93
845.6 -71.59
846.0 -70.23
846.4 -69.33
846.8 -68.27
847.2 -71.37
847.6 -68.36
848.0 -70.63
848.4 -68.41
848.8 -69.51
849.2 -70.98
849.6 -70.07
850.0 -68.01
850.4 -69.31
850.8 -70.62
851.2 -70.96
851.6 -69.23
852.0 -68.99
852.4 -68.34
852.8 -71.76
853.2 -69.35
853.6 -68.48
854.0 -67.93
854.4 -68.47
854.8 -68.27
855.2 -68.47
855.6 -68.21
856.0 -70.84
856.4 -68.85
856.8 -70.17
857.2 -69.65
857.6 -71.02
858.0 -68.61
858.4 -69.31
858.8 -69.0
859.2 -68.71
859.6 -69.57
860.0 -69.43
860.4 -69.84
860.8 -68.17
861.2 -69.91
861.6 -69.28
862.0 -70.45
862.4 -68.06
862.8 -67.43
863.2 -68.67
863.6 -70.68
864.0 -68.0
864.4 -68.28
864.8 -68.18
865.2 -68.17
865.6 -68.64
866.0 -68.43
866.4 -67.87
866.8 -70.07
867.2 -67.46
867.6 -68.85
868.0 -67.49
868.4 -67.71
868.8 -68.44
869.2 -68.13
869.6 -68.23
870.0 -67.65
870.4 -67.46
870.8 -68.53
871.2 -68.36
871.6 -68.04
872.0 -69.56
872.4 -68.55
872.8 -67.84
873.2 -67.01
873.6 -67.46
874.0 -67.96
874.4 -67.95
874.8 -68.35
875.2 -68.74
875.6 -68.91
876.0 -67.87
876.4 -68.78
876.8 -68.06
877.2 -68.42
877.6 -69.47
878.0 -68.35
878.4 -68.41
878.8 -67.29
879.2 -68.02
879.6 -67.97
880.0 -69.43
880.4 -67.14
880.8 -67.81
881.2 -67.44
881.6 -68.16
882.0 -68.11
882.4 -68.37
882.8 -67.71
883.2 -68.26
883.6 -69.02
884.0 -67.66
884.4 -67.85
884.8 -67.38
885.2 -68.3
885.6 -68.76
886.0 -68.2
886.4 -67.29
886.8 -68.58
887.2 -67.03
887.6 -67.69
888.0 -68.75
888.4 -69.54
888.8 -68.81
889.2 -66.76
889.6 -69.54
890.0 -68.34
890.4 -67.63
890.8 -67.78
891.2 -67.55
891.6 -67.88
892.0 -68.95
892.4 -69.63
892.8 -68.71
893.2 -70.81
893.6 -68.26
894.0 -67.4
894.4 -68.43
894.8 -67.92
895.2 -69.88
895.6 -68.85
896.0 -70.47
896.4 -67.98
896.8 -67.61
897.2 -68.09
897.6 -69.32
898.0 -67.81
898.4 -69.13
898.8 -66.2
899.2 -69.21
899.6 -67.96
900.0 -67.87
900.4 -67.98
900.8 -68.35
901.2 -67.45
901.6 -67.45
902.0 -69.67
902.4 -67.21
902.8 -68.03
903.2 -68.35
903.6 -68.85
904.0 -67.67
904.4 -67.09
904.8 -68.17
905.2 -68.28
905.6 -68.77
906.0 -68.5
906.4 -68.74
906.8 -69.36
907.2 -68.32
907.6 -68.37
908.0 -67.94
908.4 -67.46
908.8 -68.79
909.2 -68.36
909.6 -67.39
910.0 -70.55
910.4 -68.67
910.8 -69.08
911.2 -68.48
911.6 -68.89
912.0 -67.21
912.4 -67.81
912.8 -68.61
913.2 -67.3
913.6 -68.43
914.0 -66.46
914.4 -68.77
914.8 -69.83
915.2 -69.92
915.6 -69.4
916.0 -68.01
916.4 -68.07
916.8 -68.41
917.2 -68.06
917.6 -71.92
918.0 -69.09
918.4 -70.19
918.8 -69.36
919.2 -67.59
919.6 -70.03
920.0 -68.7
920.4 -68.02
920.8 -69.33
921.2 -68.36
921.6 -69.66
922.0 -67.97
922.4 -69.46
922.8 -68.26
923.2 -69.86
923.6 -68.21
924.0 -70.44
924.4 -69.98
924.8 -69.94
925.2 -68.93
925.6 -70.74
926.0 -70.53
926.4 -69.25
926.8 -69.43
927.2 -68.92
927.6 -68.7
928.0 -71.16
928.4 -69.62
928.8 -69.15
929.2 -69.16
929.6 -69.84
930.0 -69.3
930.4 -67.72
930.8 -68.49
931.2 -70.04
931.6 -69.77
932.0 -70.28
932.4 -70.3
932.8 -68.78
933.2 -69.12
933.6 -70.83
934.0 -69.07
934.4 -69.97
934.8 -70.05
935.2 -72.04
935.6 -69.54
936.0 -70.74
936.4 -71.19
936.8 -69.3
937.2 -71.09
937.6 -69.12
938.0 -69.94
938.4 -71.08
938.8 -70.03
939.2 -71.12
939.6 -73.43
940.0 -72.68
940.4 -71.12
940.8 -71.99
941.2 -70.52
941.6 -70.66
942.0 -71.5
942.4 -70.65
942.8 -71.94
943.2 -69.82
943.6 -69.89
944.0 -69.71
944.4 -71.02
944.8 -70.33
945.2 -71.01
945.6 -69.36
946.0 -70.86
946.4 -69.11
946.8 -73.4
947.2 -71.13
947.6 -70.96
948.0 -69.5
948.4 -70.6
948.8 -70.74
949.2 -70.18
949.6 -70.9
950.0 -71.91
950.4 -70.05
950.8 -70.02
951.2 -70.75
951.6 -72.88
952.0 -71.52
952.4 -71.54
952.8 -71.18
953.2 -70.69
953.6 -71.53
954.0 -71.83
954.4 -71.65
954.8 -70.42
955.2 -70.8
955.6 -70.22
956.0 -70.29
956.4 -69.73
956.8 -69.92
957.2 -70.74
957.6 -71.74
958.0 -70.94
958.4 -73.23
958.8 -74.88
959.2 -71.76
959.6 -72.11
960.0 -71.8
960.4 -73.51
960.8 -69.86
961.2 -73.73
961.6 -71.86
962.0 -71.16
962.4 -70.58
962.8 -71.71
963.2 -70.8
963.6 -71.28
964.0 -70.44
964.4 -70.79
964.8 -71.1
965.2 -70.58
965.6 -71.29
966.0 -69.78
966.4 -69.6
966.8 -70.88
967.2 -70.65
967.6 -70.41
968.0 -71.02
968.4 -70.48
968.8 -70.9
969.2 -71.43
969.6 -70.35
970.0 -70.81
970.4 -70.96
970.8 -72.07
971.2 -70.12
971.6 -70.47
972.0 -71.94
972.4 -71.89
972.8 -70.44
973.2 -70.7
973.6 -72.31
974.0 -71.25
974.4 -71.58
974.8 -70.59
975.2 -71.11
975.6 -71.58
976.0 -71.75
976.4 -71.35
976.8 -70.54
977.2 -71.48
977.6 -70.83
978.0 -70.98
978.4 -73.49
978.8 -71.86
979.2 -70.99
979.6 -70.07
980.0 -71.33
980.4 -72.57
980.8 -72.04
981.2 -71.33
981.6 -72.54
982.0 -72.24
982.4 -70.99
982.8 -71.88
983.2 -71.39
983.6 -70.53
984.0 -70.58
984.4 -70.88
984.8 -71.43
985.2 -71.11
985.6 -70.83
986.0 -71.66
986.4 -70.2
986.8 -71.3
987.2 -70.15
987.6 -71.05
988.0 -71.38
988.4 -70.23
988.8 -70.6
989.2 -70.85
989.6 -70.9
990.0 -70.63
990.4 -71.02
990.8 -70.4
991.2 -70.52
991.6 -70.35
992.0 -70.54
992.4 -69.03
992.8 -69.86
993.2 -70.03
993.6 -70.59
994.0 -69.98
994.4 -68.99
994.8 -70.27
995.2 -70.75
995.6 -70.33
996.0 -70.85
996.4 -69.83
996.8 -69.27
997.2 -69.28
997.6 -69.32
998.0 -70.4
998.4 -70.21
998.8 -70.53
999.2 -70.47
999.6 -70.21
1000.0 -70.12
