600.0 -210.0
600.4 -73.36
600.8 -69.13
601.2 -72.44
601.6 -210.0
602.0 -71.96
602.4 -75.83
602.8 -210.0
603.2 -76.55
603.6 -210.0
604.0 -210.0
604.4 -79.64
604.8 -210.0
605.2 -72.42
605.6 -72.73
606.0 -79.75
606.4 -210.0
606.8 -71.35
607.2 -72.29
607.6 -210.0
608.0 -74.66
608.4 -210.0
608.8 -210.0
609.2 -210.0
609.6 -73.96
610.0 -210.0
610.4 -210.0
610.8 -77.04
611.2 -77.06
611.6 -73.41
612.0 -210.0
612.4 -210.0
612.8 -74.15
613.2 -84.97
613.6 -210.0
614.0 -75.98
614.4 -70.72
614.8 -76.61
615.2 -210.0
615.6 -210.0
616.0 -69.34
616.4 -210.0
616.8 -210.0
617.2 -210.0
617.6 -210.0
618.0 -76.8
618.4 -210.0
618.8 -210.0
619.2 -77.54
619.6 -72.12
620.0 -71.39
620.4 -75.85
620.8 -85.42
621.2 -76.99
621.6 -70.55
622.0 -74.36
622.4 -73.21
622.8 -73.24
623.2 -210.0
623.6 -210.0
624.0 -210.0
624.4 -210.0
624.8 -210.0
625.2 -76.15
625.6 -75.3
626.0 -210.0
626.4 -73.21
626.8 -75.8
627.2 -210.0
627.6 -78.06
628.0 -79.84
628.4 -79.87
628.8 -210.0
629.2 -81.16
629.6 -85.97
630.0 -210.0
630.4 -76.48
630.8 -80.03
631.2 -210.0
631.6 -210.0
632.0 -77.69
632.4 -86.18
632.8 -210.0
633.2 -210.0
633.6 -81.48
634.0 -210.0
634.4 -72.17
634.8 -70.78
635.2 -72.95
635.6 -73.4
636.0 -75.3
636.4 -210.0
636.8 -79.51
637.2 -76.53
637.6 -72.24
638.0 -70.67
638.4 -73.83
638.8 -75.85
639.2 -75.21
639.6 -76.71
640.0 -210.0
640.4 -83.77
640.8 -71.63
641.2 -74.54
641.6 -69.48
642.0 -79.93
642.4 -210.0
642.8 -210.0
643.2 -76.23
643.6 -72.92
644.0 -210.0
644.4 -82.36
644.8 -73.37
645.2 -74.42
645.6 -210.0
646.0 -210.0
646.4 -81.29
646.8 -75.31
647.2 -78.35
647.6 -81.4
648.0 -210.0
648.4 -71.06
648.8 -73.22
649.2 -72.94
649.6 -73.8
650.0 -73.47
650.4 -82.84
650.8 -72.17
651.2 -210.0
651.6 -73.0
652.0 -74.84
652.4 -78.09
652.8 -79.85
653.2 -210.0
653.6 -74.64
654.0 -72.59
654.4 -79.19
654.8 -80.67
655.2 -78.62
655.6 -76.86
656.0 -78.12
656.4 -210.0
656.8 -74.24
657.2 -79.22
657.6 -210.0
658.0 -80.69
658.4 -79.89
658.8 -74.9
659.2 -74.26
659.6 -79.9
660.0 -210.0
660.4 -70.62
660.8 -210.0
661.2 -74.91
661.6 -72.92
662.0 -79.91
662.4 -79.91
662.8 -71.46
663.2 -79.91
663.6 -210.0
664.0 -210.0
664.4 -77.28
664.8 -77.7
665.2 -71.36
665.6 -81.67
666.0 -75.93
666.4 -77.28
666.8 -71.07
667.2 -71.57
667.6 -74.27
668.0 -72.25
668.4 -74.27
668.8 -75.14
669.2 -77.7
669.6 -72.01
670.0 -78.65
670.4 -74.68
670.8 -73.53
671.2 -77.68
671.6 -74.89
672.0 -78.63
672.4 -72.35
672.8 -74.43
673.2 -210.0
673.6 -84.65
674.0 -75.88
674.4 -74.03
674.8 -74.41
675.2 -210.0
675.6 -73.49
676.0 -72.85
676.4 -75.58
676.8 -76.15
677.2 -74.61
677.6 -77.62
678.0 -70.98
678.4 -73.13
678.8 -75.83
679.2 -76.46
679.6 -71.8
680.0 -73.78
680.4 -76.12
680.8 -210.0
681.2 -68.88
681.6 -79.11
682.0 -70.0
682.4 -71.76
682.8 -210.0
683.2 -77.55
683.6 -76.07
684.0 -72.76
684.4 -71.73
684.8 -74.3
685.2 -77.97
685.6 -77.1
686.0 -210.0
686.4 -73.53
686.8 -84.49
687.2 -72.72
687.6 -81.46
688.0 -78.45
688.4 -71.79
688.8 -210.0
689.2 -72.69
689.6 -84.46
690.0 -73.14
690.4 -76.31
690.8 -71.76
691.2 -73.82
691.6 -72.81
692.0 -71.51
692.4 -73.1
692.8 -81.39
693.2 -73.6
693.6 -72.78
694.0 -71.16
694.4 -76.59
694.8 -74.16
695.2 -76.96
695.6 -71.58
696.0 -71.34
696.4 -71.91
696.8 -77.36
697.2 -70.1
697.6 -73.37
698.0 -74.55
698.4 -71.64
698.8 -79.54
699.2 -210.0
699.6 -73.17
700.0 -73.5
700.4 -210.0
700.8 -74.74
701.2 -72.23
701.6 -70.38
702.0 -74.49
702.4 -72.79
702.8 -72.21
703.2 -70.27
703.6 -73.45
704.0 -71.33
704.4 -71.32
704.8 -72.46
705.2 -69.67
705.6 -76.43
706.0 -74.21
706.4 -75.74
706.8 -72.43
707.2 -76.06
707.6 -78.74
708.0 -71.74
708.4 -72.4
708.8 -71.15
709.2 -73.74
709.6 -71.98
710.0 -75.11
710.4 -71.59
710.8 -73.53
711.2 -80.16
711.6 -73.33
712.0 -75.67
712.4 -72.99
712.8 -70.89
713.2 -69.88
713.6 -69.63
714.0 -75.07
714.4 -69.55
714.8 -73.88
715.2 -71.53
715.6 -75.63
716.0 -71.78
716.4 -71.52
716.8 -71.29
717.2 -73.27
717.6 -70.84
718.0 -72.01
718.4 -69.43
718.8 -70.33
719.2 -70.93
719.6 -75.29
720.0 -73.62
720.4 -81.02
720.8 -74.25
721.2 -70.7
721.6 -74.25
722.0 -70.12
722.4 -73.05
722.8 -70.58
723.2 -69.09
723.6 -70.58
724.0 -71.44
724.4 -74.0
724.8 -71.31
725.2 -72.68
725.6 -75.53
726.0 -72.84
726.4 -71.67
726.8 -71.92
727.2 -70.25
727.6 -70.54
728.0 -73.74
728.4 -80.94
728.8 -76.96
729.2 -72.64
729.6 -72.64
730.0 -71.89
730.4 -73.33
730.8 -70.4
731.2 -70.7
731.6 -71.25
732.0 -71.61
732.4 -78.47
732.8 -76.93
733.2 -77.37
733.6 -71.23
734.0 -70.89
734.4 -70.09
734.8 -70.18
735.2 -76.11
735.6 -70.77
736.0 -75.76
736.4 -72.91
736.8 -76.09
737.2 -72.74
737.6 -69.97
738.0 -70.54
738.4 -70.75
738.8 -72.55
739.2 -73.64
739.6 -70.43
740.0 -72.38
740.4 -72.38
740.8 -73.24
741.2 -74.8
741.6 -69.86
742.0 -69.6
742.4 -73.42
742.8 -76.84
743.2 -69.59
743.6 -82.06
744.0 -76.83
744.4 -76.83
744.8 -69.12
745.2 -70.49
745.6 -74.26
746.0 -69.91
746.4 -71.9
746.8 -70.9
747.2 -71.01
747.6 -74.02
748.0 -70.68
748.4 -70.77
748.8 -76.38
749.2 -73.79
749.6 -75.03
750.0 -74.48
750.4 -71.73
750.8 -69.14
751.2 -71.86
751.6 -76.35
752.0 -73.75
752.4 -70.73
752.8 -75.95
753.2 -73.13
753.6 -74.97
754.0 -72.76
754.4 -72.41
754.8 -72.58
755.2 -72.24
755.6 -78.26
756.0 -72.73
756.4 -71.02
756.8 -71.78
757.2 -69.37
757.6 -72.71
758.0 -71.12
758.4 -73.89
758.8 -70.34
759.2 -74.62
759.6 -70.87
760.0 -81.88
760.4 -72.34
760.8 -69.74
761.2 -69.66
761.6 -75.18
762.0 -74.08
762.4 -74.87
762.8 -72.0
763.2 -69.3
763.6 -72.0
764.0 -71.05
764.4 -70.49
764.8 -76.61
765.2 -71.98
765.6 -72.46
766.0 -72.62
766.4 -71.28
766.8 -70.46
767.2 -69.1
767.6 -70.79
768.0 -75.11
768.4 -70.55
768.8 -73.14
769.2 -70.65
769.6 -74.26
770.0 -71.24
770.4 -69.31
770.8 -71.93
771.2 -69.0
771.6 -71.11
772.0 -73.54
772.4 -68.48
772.8 -73.12
773.2 -70.98
773.6 -77.51
774.0 -210.0
774.4 -69.38
774.8 -71.48
775.2 -69.63
775.6 -71.91
776.0 -71.47
776.4 -69.71
776.8 -69.62
777.2 -70.73
777.6 -70.19
778.0 -76.1
778.4 -70.18
778.8 -71.07
779.2 -71.2
779.6 -78.06
780.0 -74.46
780.4 -70.07
780.8 -69.6
781.2 -71.19
781.6 -70.16
782.0 -70.47
782.4 -70.16
782.8 -70.93
783.2 -73.26
783.6 -68.29
784.0 -71.17
784.4 -70.92
784.8 -74.17
785.2 -70.04
785.6 -69.4
786.0 -71.16
786.4 -71.99
786.8 -72.66
787.2 -72.49
787.6 -70.44
788.0 -71.99
788.4 -72.14
788.8 -73.45
789.2 -70.77
789.6 -70.54
790.0 -71.53
790.4 -74.68
790.8 -68.38
791.2 -70.41
791.6 -69.45
792.0 -71.96
792.4 -69.53
792.8 -70.74
793.2 -70.98
793.6 -69.89
794.0 -74.11
794.4 -74.95
794.8 -71.5
795.2 -69.01
795.6 -72.09
796.0 -71.49
796.4 -72.6
796.8 -75.61
797.2 -71.34
797.6 -70.48
798.0 -71.62
798.4 -69.76
798.8 -68.6
799.2 -70.82
799.6 -69.76
800.0 -68.97
800.4 -71.06
800.8 -70.69
801.2 -70.82
801.6 -70.59
802.0 -71.91
802.4 -74.08
802.8 -69.15
803.2 -73.84
803.6 -68.47
804.0 -70.84
804.4 -69.42
804.8 -71.09
805.2 -69.16
805.6 -68.03
806.0 -67.84
806.4 -65.38
806.8 -61.96
807.2 -57.74
807.6 -54.04
808.0 -52.39
808.4 -53.46
808.8 -54.14
809.2 -57.62
809.6 -65.94
810.0 -67.69
810.4 -68.67
810.8 -72.49
811.2 -72.85
811.6 -69.94
812.0 -69.67
812.4 -69.67
812.8 -74.45
813.2 -70.07
813.6 -68.25
814.0 -72.2
814.4 -71.08
814.8 -70.51
815.2 -70.2
815.6 -69.22
816.0 -69.07
816.4 -69.84
816.8 -71.79
817.2 -70.89
817.6 -68.52
818.0 -71.27
818.4 -68.96
818.8 -71.55
819.2 -69.54
819.6 -72.81
820.0 -69.15
820.4 -68.45
820.8 -71.61
821.2 -68.41
821.6 -72.07
822.0 -68.44
822.4 -72.41
822.8 -70.94
823.2 -70.52
823.6 -67.84
824.0 -69.46
824.4 -68.41
824.8 -68.12
825.2 -69.75
825.6 -69.6
826.0 -69.95
826.4 -72.4
826.8 -72.92
827.2 -69.2
827.6 -69.85
828.0 -69.15
828.4 -72.33
828.8 -69.33
829.2 -69.5
829.6 -68.61
830.0 -70.9
830.4 -70.15
830.8 -69.09
831.2 -73.14
831.6 -70.51
832.0 -71.14
832.4 -69.2
832.8 -68.71
833.2 -72.48
833.6 -68.96
834.0 -68.62
834.4 -69.35
834.8 -69.38
835.2 -68.83
835.6 -69.31
836.0 -68.83
836.4 -69.3
836.8 -69.0
837.2 -69.55
837.6 -68.82
838.0 -70.2
838.4 -68.24
838.8 -70.94
839.2 -70.29
839.6 -70.48
840.0 -67.91
840.4 -69.61
840.8 -70.41
841.2 -68.7
841.6 -69.67
842.0 -69.61
842.4 -69.21
842.8 -68.75
843.2 -69.27
843.6 -69.27
844.0 -69.6
844.4 -68.92
844.8 -68.58
845.2 -69.08
845.6 -67.98
846.0 -67.46
846.4 -69.93
846.8 -68.52
847.2 -69.38
847.6 -69.71
848.0 -68.51
848.4 -68.73
848.8 -70.07
849.2 -69.19
849.6 -68.9
850.0 -67.2
850.4 -70.79
850.8 -68.94
851.2 -68.99
851.6 -68.76
852.0 -68.82
852.4 -68.88
852.8 -68.23
853.2 -69.1
853.6 -68.75
854.0 -68.69
854.4 -70.34
854.8 -68.12
855.2 -70.76
855.6 -69.2
856.0 -68.11
856.4 -67.7
856.8 -66.9
857.2 -68.3
857.6 -68.45
858.0 -67.11
858.4 -67.1
858.8 -70.39
859.2 -69.44
859.6 -69.31
860.0 -68.18
860.4 -69.36
860.8 -67.98
861.2 -66.68
861.6 -68.26
862.0 -69.09
862.4 -67.31
862.8 -68.67
863.2 -67.96
863.6 -67.76
864.0 -66.9
864.4 -67.84
864.8 -67.94
865.2 -68.12
865.6 -69.64
866.0 -67.35
866.4 -68.21
866.8 -68.11
867.2 -68.0
867.6 -68.41
868.0 -66.97
868.4 -68.14
868.8 -69.2
869.2 -69.14
869.6 -67.36
870.0 -69.39
870.4 -67.64
870.8 -67.42
871.2 -67.0
871.6 -68.51
872.0 -67.53
872.4 -66.91
872.8 -68.67
873.2 -67.6
873.6 -68.82
874.0 -67.08
874.4 -67.07
874.8 -67.94
875.2 -67.22
875.6 -68.85
876.0 -68.17
876.4 -69.78
876.8 -69.21
877.2 -67.4
877.6 -67.53
878.0 -68.09
878.4 -67.01
878.8 -69.74
879.2 -68.91
879.6 -67.5
880.0 -68.11
880.4 -67.19
880.8 -69.16
881.2 -68.6
881.6 -67.77
882.0 -66.94
882.4 -67.39
882.8 -67.9
883.2 -68.54
883.6 -66.97
884.0 -67.26
884.4 -66.63
884.8 -68.7
885.2 -67.84
885.6 -67.04
886.0 -67.7
886.4 -66.69
886.8 -67.25
887.2 -68.52
887.6 -67.46
888.0 -68.08
888.4 -68.13
888.8 -67.33
889.2 -67.46
889.6 -69.06
890.0 -67.63
890.4 -67.49
890.8 -67.41
891.2 -68.08
891.6 -67.5
892.0 -67.65
892.4 -67.38
892.8 -66.59
893.2 -67.22
893.6 -67.39
894.0 -66.75
894.4 -67.81
894.8 -68.23
895.2 -68.61
895.6 -68.44
896.0 -67.04
896.4 -68.45
896.8 -66.49
897.2 -66.67
897.6 -67.61
898.0 -67.48
898.4 -67.62
898.8 -67.91
899.2 -67.86
899.6 -67.54
900.0 -67.55
900.4 -68.45
900.8 -67.61
901.2 -67.76
901.6 -68.47
902.0 -67.63
902.4 -69.76
902.8 -68.39
903.2 -66.59
903.6 -66.66
904.0 -68.69
904.4 -67.82
904.8 -69.25
905.2 -68.03
905.6 -67.44
906.0 -67.37
906.4 -68.62
906.8 -67.56
907.2 -67.48
907.6 -67.74
908.0 -68.18
908.4 -68.09
908.8 -66.56
909.2 -67.83
909.6 -69.9
910.0 -68.18
910.4 -68.56
910.8 -68.11
911.2 -68.64
911.6 -67.24
912.0 -66.91
912.4 -66.9
912.8 -66.47
913.2 -66.23
913.6 -67.95
914.0 -67.97
914.4 -67.51
914.8 -70.84
915.2 -70.77
915.6 -68.46
916.0 -67.66
916.4 -69.7
916.8 -69.58
917.2 -68.01
917.6 -68.81
918.0 -68.92
918.4 -68.48
918.8 -68.91
919.2 -70.22
919.6 -67.94
920.0 -68.8
920.4 -68.24
920.8 -68.22
921.2 -68.9
921.6 -69.54
922.0 -68.4
922.4 -69.83
922.8 -73.7
923.2 -69.26
923.6 -68.38
924.0 -67.93
924.4 -69.92
924.8 -69.94
925.2 -69.3
925.6 -67.02
926.0 -70.83
926.4 -69.2
926.8 -70.16
927.2 -70.24
927.6 -68.43
928.0 -69.06
928.4 -69.23
928.8 -69.2
929.2 -70.9
929.6 -71.07
930.0 -68.63
930.4 -68.43
930.8 -68.99
931.2 -67.99
931.6 -70.65
932.0 -69.02
932.4 -68.99
932.8 -69.51
933.2 -70.6
933.6 -68.47
934.0 -70.58
934.4 -70.53
934.8 -68.75
935.2 -68.81
935.6 -70.27
936.0 -69.51
936.4 -68.57
936.8 -69.6
937.2 -71.63
937.6 -68.85
938.0 -69.67
938.4 -68.72
938.8 -70.89
939.2 -70.46
939.6 -70.48
940.0 -69.67
940.4 -69.27
940.8 -69.82
941.2 -70.01
941.6 -69.98
942.0 -70.94
942.4 -69.53
942.8 -68.85
943.2 -68.88
943.6 -69.28
944.0 -69.21
944.4 -69.37
944.8 -69.01
945.2 -71.55
945.6 -69.44
946.0 -69.6
946.4 -69.77
946.8 -71.16
947.2 -70.42
947.6 -69.74
948.0 -70.25
948.4 -70.89
948.8 -69.25
949.2 -69.84
949.6 -70.01
950.0 -69.79
950.4 -69.86
950.8 -69.05
951.2 -72.35
951.6 -68.87
952.0 -69.94
952.4 -70.19
952.8 -69.3
953.2 -72.37
953.6 -69.71
954.0 -71.31
954.4 -68.88
954.8 -70.28
955.2 -70.3
955.6 -69.99
956.0 -70.29
956.4 -70.5
956.8 -69.0
957.2 -69.82
957.6 -70.46
958.0 -70.16
958.4 -70.41
958.8 -70.82
959.2 -70.89
959.6 -69.98
960.0 -71.61
960.4 -71.62
960.8 -69.59
961.2 -70.0
961.6 -71.8
962.0 -71.0
962.4 -69.08
962.8 -70.68
963.2 -70.66
963.6 -70.17
964.0 -70.18
964.4 -70.03
964.8 -69.58
965.2 -69.52
965.6 -69.36
966.0 -69.81
966.4 -69.46
966.8 -69.48
967.2 -68.57
967.6 -70.82
968.0 -69.88
968.4 -69.61
968.8 -70.58
969.2 -70.17
969.6 -70.14
970.0 -69.81
970.4 -70.87
970.8 -70.36
971.2 -70.58
971.6 -69.76
972.0 -71.28
972.4 -70.67
972.8 -70.52
973.2 -71.81
973.6 -71.83
974.0 -70.08
974.4 -70.75
974.8 -70.07
975.2 -70.4
975.6 -71.08
976.0 -70.68
976.4 -69.92
976.8 -72.12
977.2 -70.24
977.6 -70.83
978.0 -70.24
978.4 -70.77
978.8 -69.9
979.2 -70.64
979.6 -70.33
980.0 -69.91
980.4 -69.69
980.8 -69.6
981.2 -70.35
981.6 -70.06
982.0 -70.85
982.4 -69.87
982.8 -71.05
983.2 -70.44
983.6 -70.12
984.0 -70.78
984.4 -69.39
984.8 -69.55
985.2 -69.56
985.6 -70.25
986.0 -70.12
986.4 -69.7
986.8 -69.84
987.2 -70.01
987.6 -69.31
988.0 -69.88
988.4 -69.63
988.8 -70.8
989.2 -68.74
989.6 -69.51
990.0 -69.74
990.4 -70.22
990.8 -69.46
991.2 -68.9
991.6 -70.01
992.0 -68.82
992.4 -69.11
992.8 -69.49
993.2 -69.04
993.6 -68.53
994.0 -68.98
994.4 -68.84
994.8 -69.29
995.2 -69.53
995.6 -68.73
996.0 -69.47
996.4 -69.65
996.8 -69.6
997.2 -68.92
997.6 -69.57
998.0 -69.53
998.4 -69.03
998.8 -69.69
999.2 -69.45
999.6 -68.99
1000.0 -69.07
