600.0 -210.0
600.4 -70.73
600.8 -69.71
601.2 -73.79
601.6 -72.47
602.0 -81.26
602.4 -210.0
602.8 -210.0
603.2 -210.0
603.6 -210.0
604.0 -75.36
604.4 -210.0
604.8 -210.0
605.2 -78.44
605.6 -70.35
606.0 -210.0
606.4 -73.75
606.8 -79.8
607.2 -68.26
607.6 -210.0
608.0 -84.66
608.4 -210.0
608.8 -210.0
609.2 -73.26
609.6 -75.21
610.0 -210.0
610.4 -210.0
610.8 -71.82
611.2 -210.0
611.6 -80.1
612.0 -72.34
612.4 -74.93
612.8 -71.94
613.2 -74.17
613.6 -71.77
614.0 -210.0
614.4 -78.05
614.8 -76.03
615.2 -210.0
615.6 -73.64
616.0 -210.0
616.4 -210.0
616.8 -74.04
617.2 -210.0
617.6 -210.0
618.0 -75.26
618.4 -210.0
618.8 -210.0
619.2 -72.77
619.6 -210.0
620.0 -71.94
620.4 -79.37
620.8 -74.28
621.2 -210.0
621.6 -210.0
622.0 -210.0
622.4 -210.0
622.8 -210.0
623.2 -79.54
623.6 -210.0
624.0 -71.14
624.4 -210.0
624.8 -210.0
625.2 -71.89
625.6 -210.0
626.0 -210.0
626.4 -210.0
626.8 -71.48
627.2 -73.77
627.6 -210.0
628.0 -85.87
628.4 -72.47
628.8 -210.0
629.2 -210.0
629.6 -210.0
630.0 -210.0
630.4 -210.0
630.8 -76.06
631.2 -210.0
631.6 -77.66
632.0 -73.36
632.4 -210.0
632.8 -210.0
633.2 -73.23
633.6 -75.46
634.0 -76.74
634.4 -74.01
634.8 -71.87
635.2 -83.37
635.6 -73.62
636.0 -77.4
636.4 -71.41
636.8 -210.0
637.2 -75.73
637.6 -70.76
638.0 -75.79
638.4 -210.0
638.8 -73.86
639.2 -75.21
639.6 -210.0
640.0 -71.68
640.4 -210.0
640.8 -75.05
641.2 -74.06
641.6 -210.0
642.0 -70.48
642.4 -210.0
642.8 -73.02
643.2 -74.02
643.6 -75.02
644.0 -210.0
644.4 -75.67
644.8 -76.38
645.2 -75.16
645.6 -210.0
646.0 -210.0
646.4 -72.54
646.8 -76.94
647.2 -87.39
647.6 -81.4
648.0 -210.0
648.4 -87.5
648.8 -72.35
649.2 -73.95
649.6 -76.81
650.0 -71.38
650.4 -210.0
650.8 -76.15
651.2 -210.0
651.6 -210.0
652.0 -71.94
652.4 -210.0
652.8 -73.16
653.2 -81.61
653.6 -77.23
654.0 -81.62
654.4 -73.17
654.8 -74.87
655.2 -210.0
655.6 -79.87
656.0 -72.22
656.4 -210.0
656.8 -210.0
657.2 -72.36
657.6 -80.69
658.0 -75.12
658.4 -77.68
658.8 -80.7
659.2 -74.9
659.6 -76.22
660.0 -74.91
660.4 -76.56
660.8 -76.56
661.2 -73.22
661.6 -81.67
662.0 -210.0
662.4 -87.7
662.8 -73.55
663.2 -210.0
663.6 -75.14
664.0 -74.08
664.4 -210.0
664.8 -75.14
665.2 -73.89
665.6 -72.64
666.0 -71.46
666.4 -73.89
666.8 -74.47
667.2 -210.0
667.6 -77.28
668.0 -76.56
668.4 -75.93
668.8 -210.0
669.2 -210.0
669.6 -76.23
670.0 -79.9
670.4 -73.21
670.8 -210.0
671.2 -210.0
671.6 -73.05
672.0 -76.2
672.4 -210.0
672.8 -72.88
673.2 -84.65
673.6 -78.62
674.0 -70.01
674.4 -71.85
674.8 -76.17
675.2 -79.18
675.6 -72.58
676.0 -74.2
676.4 -210.0
676.8 -210.0
677.2 -210.0
677.6 -70.54
678.0 -74.6
678.4 -73.99
678.8 -71.91
679.2 -74.17
679.6 -79.81
680.0 -210.0
680.4 -75.03
680.8 -79.79
681.2 -210.0
681.6 -72.0
682.0 -75.25
682.4 -210.0
682.8 -71.63
683.2 -73.74
683.6 -71.51
684.0 -74.53
684.4 -73.91
684.8 -71.73
685.2 -70.7
685.6 -70.61
686.0 -73.53
686.4 -71.38
686.8 -74.07
687.2 -77.08
687.6 -75.72
688.0 -74.48
688.4 -77.93
688.8 -71.35
689.2 -73.85
689.6 -78.43
690.0 -71.12
690.4 -73.83
690.8 -74.44
691.2 -72.25
691.6 -75.67
692.0 -72.95
692.4 -75.11
692.8 -82.64
693.2 -71.17
693.6 -77.41
694.0 -74.17
694.4 -73.07
694.8 -73.58
695.2 -71.93
695.6 -72.6
696.0 -75.32
696.4 -71.56
696.8 -87.36
697.2 -73.54
697.6 -210.0
698.0 -73.02
698.4 -70.89
698.8 -71.2
699.2 -71.75
699.6 -82.54
700.0 -72.99
700.4 -72.24
700.8 -210.0
701.2 -70.3
701.6 -210.0
702.0 -76.86
702.4 -71.35
702.8 -71.03
703.2 -72.94
703.6 -82.48
704.0 -73.27
704.4 -72.46
704.8 -72.32
705.2 -75.76
705.6 -73.08
706.0 -73.79
706.4 -76.41
706.8 -78.75
707.2 -74.19
707.6 -69.87
708.0 -78.15
708.4 -71.15
708.8 -70.45
709.2 -78.13
709.6 -73.19
710.0 -70.72
710.4 -70.53
710.8 -75.1
711.2 -71.12
711.6 -73.52
712.0 -76.72
712.4 -73.52
712.8 -72.65
713.2 -77.13
713.6 -72.97
714.0 -71.8
714.4 -75.34
714.8 -75.34
715.2 -78.64
715.6 -75.05
716.0 -74.09
716.4 -75.04
716.8 -73.11
717.2 -74.07
717.6 -77.53
718.0 -210.0
718.4 -70.34
718.8 -69.81
719.2 -77.06
719.6 -78.02
720.0 -71.48
720.4 -70.71
720.8 -77.49
721.2 -71.98
721.6 -82.26
722.0 -75.26
722.4 -68.76
722.8 -69.69
723.2 -76.22
723.6 -74.97
724.0 -73.2
724.4 -210.0
724.8 -75.23
725.2 -77.96
725.6 -74.95
726.0 -70.96
726.4 -73.18
726.8 -75.51
727.2 -74.42
727.6 -74.93
728.0 -76.17
728.4 -72.99
728.8 -70.42
729.2 -72.98
729.6 -77.92
730.0 -73.33
730.4 -76.95
730.8 -69.78
731.2 -73.71
731.6 -71.62
732.0 -72.15
732.4 -76.13
732.8 -75.79
733.2 -69.84
733.6 -82.14
734.0 -69.67
734.4 -73.9
734.8 -71.34
735.2 -73.68
735.6 -71.33
736.0 -73.67
736.4 -71.32
736.8 -76.09
737.2 -71.57
737.6 -71.19
738.0 -69.17
738.4 -71.69
738.8 -210.0
739.2 -82.09
739.6 -71.07
740.0 -73.85
740.4 -76.06
740.8 -71.94
741.2 -71.93
741.6 -210.0
742.0 -73.04
742.4 -70.93
742.8 -73.83
743.2 -70.92
743.6 -70.81
744.0 -70.01
744.4 -72.35
744.8 -72.35
745.2 -72.68
745.6 -71.5
746.0 -210.0
746.4 -72.67
746.8 -74.03
747.2 -70.27
747.6 -71.36
748.0 -70.78
748.4 -210.0
748.8 -74.24
749.2 -71.48
749.6 -71.48
750.0 -74.23
750.4 -70.55
750.8 -74.47
751.2 -68.92
751.6 -75.63
752.0 -72.28
752.4 -83.75
752.8 -72.27
753.2 -75.61
753.6 -73.51
754.0 -72.42
754.4 -73.11
754.8 -70.29
755.2 -75.92
755.6 -70.92
756.0 -71.52
756.4 -72.9
756.8 -70.67
757.2 -73.69
757.6 -69.87
758.0 -86.69
758.4 -69.86
758.8 -74.91
759.2 -72.86
759.6 -210.0
760.0 -69.93
760.4 -73.87
760.8 -70.85
761.2 -77.61
761.6 -71.08
762.0 -70.2
762.4 -72.83
762.8 -75.83
763.2 -73.4
763.6 -77.08
764.0 -72.3
764.4 -74.06
764.8 -75.47
765.2 -74.3
765.6 -74.84
766.0 -69.35
766.4 -71.54
766.8 -70.35
767.2 -210.0
767.6 -77.55
768.0 -74.27
768.4 -75.78
768.8 -73.14
769.2 -71.94
769.6 -70.13
770.0 -69.31
770.4 -78.1
770.8 -71.64
771.2 -68.43
771.6 -70.99
772.0 -69.06
772.4 -70.42
772.8 -71.36
773.2 -73.99
773.6 -71.77
774.0 -78.75
774.4 -72.92
774.8 -71.62
775.2 -69.63
775.6 -70.0
776.0 -72.55
776.4 -77.49
776.8 -71.9
777.2 -68.89
777.6 -68.6
778.0 -78.06
778.4 -70.49
778.8 -76.52
779.2 -72.71
779.6 -70.49
780.0 -69.6
780.4 -69.18
780.8 -70.17
781.2 -78.05
781.6 -69.51
782.0 -73.49
782.4 -69.68
782.8 -70.06
783.2 -69.24
783.6 -69.76
784.0 -71.43
784.4 -70.92
784.8 -71.7
785.2 -70.79
785.6 -77.44
786.0 -69.75
786.4 -69.39
786.8 -70.55
787.2 -71.28
787.6 -70.23
788.0 -70.03
788.4 -74.15
788.8 -71.68
789.2 -72.84
789.6 -70.12
790.0 -71.0
790.4 -69.2
790.8 -72.13
791.2 -69.11
791.6 -70.1
792.0 -70.87
792.4 -73.65
792.8 -69.89
793.2 -75.63
793.6 -68.43
794.0 -69.43
794.4 -70.85
794.8 -69.69
795.2 -70.39
795.6 -74.64
796.0 -72.43
796.4 -71.35
796.8 -70.38
797.2 -71.92
797.6 -70.95
798.0 -77.36
798.4 -69.66
798.8 -69.4
799.2 -71.47
799.6 -73.83
800.0 -73.37
800.4 -68.31
800.8 -69.65
801.2 -69.66
801.6 -71.33
802.0 -74.34
802.4 -68.83
802.8 -68.07
803.2 -77.94
803.6 -68.2
804.0 -69.97
804.4 -75.61
804.8 -73.4
805.2 -75.61
805.6 -69.43
806.0 -67.96
806.4 -65.28
806.8 -62.12
807.2 -58.26
807.6 -54.4
808.0 -52.76
808.4 -53.8
808.8 -54.6
809.2 -58.05
809.6 -66.02
810.0 -69.37
810.4 -70.54
810.8 -69.31
811.2 -73.68
811.6 -69.66
812.0 -69.76
812.4 -71.57
812.8 -71.87
813.2 -73.95
813.6 -68.59
814.0 -68.59
814.4 -70.61
814.8 -71.22
815.2 -69.46
815.6 -72.4
816.0 -69.07
816.4 -71.25
816.8 -72.09
817.2 -78.12
817.6 -70.46
818.0 -72.44
818.4 -71.15
818.8 -71.98
819.2 -71.3
819.6 -70.49
820.0 -70.51
820.4 -69.83
820.8 -75.87
821.2 -69.6
821.6 -69.54
822.0 -69.55
822.4 -71.95
822.8 -69.92
823.2 -73.33
823.6 -68.44
824.0 -70.87
824.4 -69.47
824.8 -71.13
825.2 -70.39
825.6 -72.37
826.0 -70.04
826.4 -70.54
826.8 -72.12
827.2 -70.88
827.6 -70.11
828.0 -69.53
828.4 -69.32
828.8 -70.84
829.2 -68.99
829.6 -71.08
830.0 -69.7
830.4 -69.81
830.8 -71.06
831.2 -69.56
831.6 -69.35
832.0 -71.25
832.4 -68.81
832.8 -68.53
833.2 -70.01
833.6 -71.84
834.0 -70.16
834.4 -70.27
834.8 -70.22
835.2 -70.78
835.6 -68.8
836.0 -68.33
836.4 -69.86
836.8 -71.18
837.2 -70.3
837.6 -68.77
838.0 -70.88
838.4 -70.15
838.8 -69.6
839.2 -68.83
839.6 -70.74
840.0 -70.33
840.4 -70.25
840.8 -73.76
841.2 -73.59
841.6 -69.47
842.0 -72.29
842.4 -68.97
842.8 -69.4
843.2 -72.04
843.6 -68.59
844.0 -70.24
844.4 -70.09
844.8 -70.01
845.2 -69.14
845.6 -69.39
846.0 -68.52
846.4 -69.79
846.8 -70.81
847.2 -68.36
847.6 -70.15
848.0 -70.72
848.4 -69.64
848.8 -70.38
849.2 -68.9
849.6 -70.89
850.0 -69.0
850.4 -69.06
850.8 -68.89
851.2 -68.88
851.6 -70.13
852.0 -69.11
852.4 -69.17
852.8 -68.09
853.2 -68.98
853.6 -68.75
854.0 -67.58
854.4 -70.18
854.8 -68.8
855.2 -67.75
855.6 -68.36
856.0 -69.95
856.4 -67.7
856.8 -69.02
857.2 -71.41
857.6 -69.52
858.0 -69.45
858.4 -69.25
858.8 -68.5
859.2 -70.56
859.6 -69.06
860.0 -69.43
860.4 -67.5
860.8 -68.03
861.2 -68.22
861.6 -72.04
862.0 -69.97
862.4 -68.57
862.8 -69.27
863.2 -68.79
863.6 -67.85
864.0 -70.18
864.4 -68.13
864.8 -69.31
865.2 -69.78
865.6 -69.24
866.0 -68.48
866.4 -68.06
866.8 -68.36
867.2 -67.01
867.6 -69.48
868.0 -67.8
868.4 -68.5
868.8 -68.28
869.2 -68.28
869.6 -68.83
870.0 -69.81
870.4 -71.94
870.8 -67.55
871.2 -68.69
871.6 -67.94
872.0 -68.09
872.4 -68.72
872.8 -68.28
873.2 -69.4
873.6 -68.01
874.0 -67.46
874.4 -67.67
874.8 -67.99
875.2 -69.37
875.6 -67.38
876.0 -69.71
876.4 -68.72
876.8 -68.48
877.2 -69.61
877.6 -66.36
878.0 -68.52
878.4 -68.09
878.8 -68.45
879.2 -67.41
879.6 -67.37
880.0 -67.86
880.4 -67.44
880.8 -67.31
881.2 -67.1
881.6 -67.86
882.0 -68.49
882.4 -69.42
882.8 -67.43
883.2 -69.49
883.6 -68.65
884.0 -68.83
884.4 -68.48
884.8 -69.93
885.2 -68.53
885.6 -68.36
886.0 -69.27
886.4 -67.89
886.8 -69.21
887.2 -68.52
887.6 -67.69
888.0 -67.11
888.4 -67.59
888.8 -67.69
889.2 -68.29
889.6 -66.79
890.0 -68.93
890.4 -67.49
890.8 -69.77
891.2 -66.99
891.6 -68.4
892.0 -68.3
892.4 -68.2
892.8 -67.05
893.2 -67.76
893.6 -67.57
894.0 -66.98
894.4 -69.8
894.8 -68.12
895.2 -67.07
895.6 -69.17
896.0 -67.55
896.4 -68.62
896.8 -69.06
897.2 -67.75
897.6 -68.3
898.0 -67.31
898.4 -67.31
898.8 -68.16
899.2 -68.65
899.6 -68.48
900.0 -68.96
900.4 -67.47
900.8 -67.7
901.2 -68.99
901.6 -68.1
902.0 -68.06
902.4 -68.33
902.8 -68.18
903.2 -69.36
903.6 -68.45
904.0 -67.72
904.4 -67.68
904.8 -68.88
905.2 -68.6
905.6 -66.63
906.0 -67.41
906.4 -68.2
906.8 -68.86
907.2 -68.02
907.6 -68.02
908.0 -66.93
908.4 -68.89
908.8 -68.51
909.2 -70.12
909.6 -67.0
910.0 -69.3
910.4 -69.45
910.8 -68.16
911.2 -67.9
911.6 -67.87
912.0 -68.26
912.4 -67.86
912.8 -67.79
913.2 -68.31
913.6 -69.02
914.0 -67.67
914.4 -67.98
914.8 -68.53
915.2 -68.6
915.6 -69.05
916.0 -70.89
916.4 -69.32
916.8 -68.82
917.2 -69.12
917.6 -69.08
918.0 -69.15
918.4 -69.28
918.8 -68.45
919.2 -69.62
919.6 -70.39
920.0 -70.56
920.4 -69.09
920.8 -69.33
921.2 -68.6
921.6 -69.99
922.0 -72.57
922.4 -70.3
922.8 -68.54
923.2 -68.84
923.6 -68.38
924.0 -70.44
924.4 -70.18
924.8 -68.87
925.2 -69.08
925.6 -70.66
926.0 -68.19
926.4 -68.75
926.8 -70.03
927.2 -70.37
927.6 -69.58
928.0 -70.08
928.4 -69.29
928.8 -70.96
929.2 -69.88
929.6 -69.78
930.0 -69.3
930.4 -68.93
930.8 -70.54
931.2 -69.01
931.6 -69.6
932.0 -71.62
932.4 -69.18
932.8 -68.82
933.2 -68.98
933.6 -70.17
934.0 -69.62
934.4 -71.4
934.8 -69.71
935.2 -70.64
935.6 -71.0
936.0 -71.65
936.4 -70.9
936.8 -69.4
937.2 -70.81
937.6 -68.73
938.0 -70.22
938.4 -70.36
938.8 -71.4
939.2 -70.91
939.6 -69.91
940.0 -71.23
940.4 -70.98
940.8 -69.98
941.2 -72.47
941.6 -73.09
942.0 -70.62
942.4 -73.25
942.8 -70.61
943.2 -70.18
943.6 -70.48
944.0 -69.52
944.4 -68.79
944.8 -70.73
945.2 -69.7
945.6 -70.66
946.0 -70.08
946.4 -69.58
946.8 -72.27
947.2 -70.16
947.6 -69.79
948.0 -71.43
948.4 -70.95
948.8 -69.72
949.2 -73.04
949.6 -70.73
950.0 -69.7
950.4 -70.24
950.8 -71.87
951.2 -71.16
951.6 -71.12
952.0 -70.27
952.4 -69.61
952.8 -71.69
953.2 -68.77
953.6 -69.97
954.0 -70.38
954.4 -70.71
954.8 -70.23
955.2 -69.89
955.6 -70.87
956.0 -70.68
956.4 -70.81
956.8 -71.51
957.2 -70.69
957.6 -71.55
958.0 -72.03
958.4 -73.14
958.8 -70.33
959.2 -71.82
959.6 -70.91
960.0 -72.49
960.4 -71.21
960.8 -71.29
961.2 -70.39
961.6 -70.23
962.0 -71.5
962.4 -72.58
962.8 -70.06
963.2 -71.79
963.6 -70.57
964.0 -71.69
964.4 -71.2
964.8 -69.96
965.2 -70.4
965.6 -70.37
966.0 -71.05
966.4 -71.06
966.8 -72.59
967.2 -71.87
967.6 -71.32
968.0 -70.2
968.4 -71.04
968.8 -70.76
969.2 -70.64
969.6 -71.9
970.0 -70.54
970.4 -70.64
970.8 -71.6
971.2 -72.15
971.6 -69.95
972.0 -71.03
972.4 -71.5
972.8 -72.22
973.2 -71.69
973.6 -68.99
974.0 -72.26
974.4 -71.17
974.8 -72.68
975.2 -70.7
975.6 -74.09
976.0 -71.09
976.4 -71.16
976.8 -71.17
977.2 -71.85
977.6 -71.44
978.0 -71.94
978.4 -70.99
978.8 -71.86
979.2 -71.51
979.6 -70.45
980.0 -70.92
980.4 -71.03
980.8 -71.36
981.2 -70.92
981.6 -71.19
982.0 -71.02
982.4 -72.62
982.8 -71.42
983.2 -70.64
983.6 -70.94
984.0 -70.83
984.4 -71.14
984.8 -71.43
985.2 -71.44
985.6 -70.67
986.0 -71.56
986.4 -70.27
986.8 -71.12
987.2 -69.81
987.6 -71.18
988.0 -72.48
988.4 -69.6
988.8 -69.83
989.2 -70.07
989.6 -70.02
990.0 -70.63
990.4 -71.19
990.8 -69.52
991.2 -70.6
991.6 -71.53
992.0 -69.76
992.4 -69.74
992.8 -70.25
993.2 -70.58
993.6 -71.59
994.0 -69.67
994.4 -71.47
994.8 -70.55
995.2 -69.7
995.6 -69.6
996.0 -69.7
996.4 -70.32
996.8 -70.4
997.2 -69.73
997.6 -70.82
998.0 -69.73
998.4 -69.65
998.8 -70.39
999.2 -69.73
999.6 -69.27
1000.0 -70.25
