600.0 -76.35
600.4 -71.6
600.8 -78.16
601.2 -70.98
601.6 -71.68
602.0 -79.49
602.4 -210.0
602.8 -70.51
603.2 -75.88
603.6 -210.0
604.0 -71.61
604.4 -210.0
604.8 -210.0
605.2 -210.0
605.6 -210.0
606.0 -73.73
606.4 -66.99
606.8 -69.26
607.2 -75.56
607.6 -210.0
608.0 -72.61
608.4 -72.91
608.8 -73.24
609.2 -210.0
609.6 -84.76
610.0 -75.23
610.4 -70.83
610.8 -69.91
611.2 -210.0
611.6 -72.57
612.0 -72.11
612.4 -210.0
612.8 -81.94
613.2 -210.0
613.6 -69.43
614.0 -80.24
614.4 -71.23
614.8 -74.27
615.2 -74.67
615.6 -74.31
616.0 -72.13
616.4 -210.0
616.8 -70.4
617.2 -69.76
617.6 -210.0
618.0 -72.47
618.4 -210.0
618.8 -210.0
619.2 -210.0
619.6 -76.31
620.0 -72.81
620.4 -73.09
620.8 -210.0
621.2 -72.22
621.6 -210.0
622.0 -68.51
622.4 -73.75
622.8 -69.86
623.2 -77.11
623.6 -73.55
624.0 -76.07
624.4 -72.03
624.8 -74.2
625.2 -79.67
625.6 -74.25
626.0 -71.27
626.4 -210.0
626.8 -70.61
627.2 -70.63
627.6 -210.0
628.0 -79.84
628.4 -210.0
628.8 -71.29
629.2 -70.88
629.6 -72.35
630.0 -76.96
630.4 -77.57
630.8 -72.08
631.2 -69.1
631.6 -73.11
632.0 -72.53
632.4 -72.37
632.8 -71.73
633.2 -73.68
633.6 -70.94
634.0 -70.97
634.4 -71.69
634.8 -70.9
635.2 -78.59
635.6 -69.33
636.0 -72.46
636.4 -73.46
636.8 -70.81
637.2 -72.05
637.6 -71.64
638.0 -69.26
638.4 -72.47
638.8 -74.88
639.2 -72.2
639.6 -70.58
640.0 -71.29
640.4 -70.24
640.8 -70.0
641.2 -67.6
641.6 -69.98
642.0 -67.57
642.4 -68.89
642.8 -69.75
643.2 -70.4
643.6 -68.2
644.0 -68.77
644.4 -70.51
644.8 -70.45
645.2 -68.51
645.6 -70.91
646.0 -70.55
646.4 -68.07
646.8 -68.27
647.2 -67.89
647.6 -67.34
648.0 -69.26
648.4 -68.05
648.8 -69.75
649.2 -71.33
649.6 -68.97
650.0 -69.29
650.4 -70.54
650.8 -68.17
651.2 -70.07
651.6 -68.76
652.0 -68.33
652.4 -70.39
652.8 -67.14
653.2 -68.94
653.6 -68.01
654.0 -70.92
654.4 -67.82
654.8 -68.16
655.2 -69.95
655.6 -67.88
656.0 -66.91
656.4 -67.45
656.8 -68.8
657.2 -67.38
657.6 -68.09
658.0 -67.42
658.4 -67.26
658.8 -67.6
659.2 -68.14
659.6 -67.6
660.0 -68.01
660.4 -67.32
660.8 -67.09
661.2 -67.2
661.6 -67.96
662.0 -67.24
662.4 -67.83
662.8 -67.48
663.2 -67.01
663.6 -67.83
664.0 -66.98
664.4 -68.45
664.8 -68.06
665.2 -68.45
665.6 -67.57
666.0 -67.32
666.4 -67.96
666.8 -67.13
667.2 -67.48
667.6 -67.09
668.0 -67.53
668.4 -67.48
668.8 -66.52
669.2 -67.7
669.6 -67.48
670.0 -67.08
670.4 -67.86
670.8 -67.18
671.2 -66.96
671.6 -66.21
672.0 -66.87
672.4 -66.84
672.8 -67.16
673.2 -67.05
673.6 -66.58
674.0 -67.6
674.4 -66.61
674.8 -66.84
675.2 -66.56
675.6 -66.99
676.0 -67.8
676.4 -67.67
676.8 -66.38
677.2 -66.97
677.6 -67.16
678.0 -66.64
678.4 -67.15
678.8 -66.7
679.2 -66.73
679.6 -66.04
680.0 -67.42
680.4 -67.17
680.8 -67.99
681.2 -66.64
681.6 -67.7
682.0 -65.88
682.4 -66.8
682.8 -66.08
683.2 -66.65
683.6 -66.67
684.0 -66.53
684.4 -66.19
684.8 -65.97
685.2 -66.48
685.6 -66.83
686.0 -68.16
686.4 -66.57
686.8 -66.78
687.2 -66.74
687.6 -66.55
688.0 -67.4
688.4 -66.44
688.8 -67.26
689.2 -67.01
689.6 -66.6
690.0 -65.99
690.4 -66.55
690.8 -66.24
691.2 -66.23
691.6 -65.85
692.0 -65.75
692.4 -67.2
692.8 -66.48
693.2 -65.98
693.6 -66.76
694.0 -66.57
694.4 -66.08
694.8 -67.89
695.2 -66.48
695.6 -65.95
696.0 -65.75
696.4 -66.05
696.8 -65.96
697.2 -66.55
697.6 -65.5
698.0 -66.54
698.4 -66.76
698.8 -65.34
699.2 -65.3
699.6 -65.82
700.0 -66.13
700.4 -66.19
700.8 -66.12
701.2 -67.03
701.6 -65.79
702.0 -66.86
702.4 -67.31
702.8 -66.4
703.2 -66.84
703.6 -65.79
704.0 -65.85
704.4 -66.2
704.8 -66.3
705.2 -66.15
705.6 -66.09
706.0 -66.42
706.4 -66.64
706.8 -66.52
707.2 -65.99
707.6 -66.16
708.0 -65.85
708.4 -66.57
708.8 -65.33
709.2 -65.58
709.6 -66.34
710.0 -65.82
710.4 -65.98
710.8 -66.98
711.2 -66.85
711.6 -66.31
712.0 -65.2
712.4 -65.52
712.8 -66.75
713.2 -66.37
713.6 -65.91
714.0 -65.72
714.4 -66.21
714.8 -65.8
715.2 -65.96
715.6 -66.76
716.0 -65.22
716.4 -66.44
716.8 -65.81
717.2 -66.28
717.6 -65.46
718.0 -65.3
718.4 -67.15
718.8 -66.34
719.2 -66.52
719.6 -64.91
720.0 -65.14
720.4 -65.91
720.8 -65.96
721.2 -65.45
721.6 -65.7
722.0 -65.35
722.4 -67.34
722.8 -65.62
723.2 -66.01
723.6 -65.43
724.0 -65.36
724.4 -67.42
724.8 -65.63
725.2 -66.06
725.6 -65.82
726.0 -65.78
726.4 -66.27
726.8 -65.51
727.2 -65.58
727.6 -65.74
728.0 -65.35
728.4 -65.66
728.8 -65.85
729.2 -65.99
729.6 -66.54
730.0 -65.27
730.4 -66.19
730.8 -66.04
731.2 -66.11
731.6 -66.4
732.0 -66.43
732.4 -66.28
732.8 -66.17
733.2 -65.13
733.6 -66.12
734.0 -66.5
734.4 -66.57
734.8 -65.26
735.2 -66.11
735.6 -65.31
736.0 -65.05
736.4 -65.65
736.8 -65.12
737.2 -66.24
737.6 -65.41
738.0 -65.32
738.4 -65.98
738.8 -65.4
739.2 -66.04
739.6 -65.25
740.0 -66.14
740.4 -66.94
740.8 -65.96
741.2 -64.67
741.6 -66.35
742.0 -64.57
742.4 -65.77
742.8 -66.01
743.2 -65.56
743.6 -66.04
744.0 -65.21
744.4 -64.92
744.8 -65.96
745.2 -65.21
745.6 -65.48
746.0 -65.11
746.4 -65.45
746.8 -66.32
747.2 -65.91
747.6 -65.44
748.0 -64.76
748.4 -66.15
748.8 -65.52
749.2 -65.3
749.6 -65.21
750.0 -65.08
750.4 -64.88
750.8 -66.06
751.2 -65.88
751.6 -65.83
752.0 -65.72
752.4 -65.72
752.8 -65.22
753.2 -66.06
753.6 -65.53
754.0 -65.94
754.4 -65.23
754.8 -65.26
755.2 -66.3
755.6 -65.38
756.0 -65.18
756.4 -65.4
756.8 -65.08
757.2 -66.4
757.6 -64.81
758.0 -65.82
758.4 -65.37
758.8 -66.07
759.2 -64.62
759.6 -66.06
760.0 -65.72
760.4 -65.1
760.8 -65.68
761.2 -65.82
761.6 -65.82
762.0 -66.1
762.4 -65.95
762.8 -65.45
763.2 -65.32
763.6 -66.71
764.0 -65.61
764.4 -64.91
764.8 -66.19
765.2 -65.21
765.6 -66.15
766.0 -64.39
766.4 -65.63
766.8 -65.03
767.2 -65.28
767.6 -64.57
768.0 -66.71
768.4 -65.71
768.8 -64.89
769.2 -65.04
769.6 -66.07
770.0 -65.32
770.4 -65.0
770.8 -65.38
771.2 -65.76
771.6 -65.25
772.0 -65.79
772.4 -64.78
772.8 -64.84
773.2 -64.59
773.6 -65.72
774.0 -65.89
774.4 -65.23
774.8 -64.95
775.2 -65.71
775.6 -65.01
776.0 -65.84
776.4 -64.46
776.8 -65.25
777.2 -65.42
777.6 -64.48
778.0 -65.65
778.4 -64.93
778.8 -65.83
779.2 -66.18
779.6 -64.96
780.0 -65.68
780.4 -65.82
780.8 -65.64
781.2 -65.61
781.6 -64.62
782.0 -65.16
782.4 -65.6
782.8 -64.91
783.2 -64.53
783.6 -65.77
784.0 -65.45
784.4 -64.39
784.8 -64.57
785.2 -65.47
785.6 -66.06
786.0 -64.95
786.4 -65.43
786.8 -65.1
787.2 -64.73
787.6 -64.45
788.0 -65.04
788.4 -64.67
788.8 -64.1
789.2 -64.44
789.6 -64.75
790.0 -64.4
790.4 -64.83
790.8 -64.92
791.2 -64.91
791.6 -64.39
792.0 -64.7
792.4 -64.16
792.8 -65.71
793.2 -64.69
793.6 -66.69
794.0 -64.48
794.4 -65.24
794.8 -64.57
795.2 -65.02
795.6 -64.85
796.0 -64.94
796.4 -65.51
796.8 -65.04
797.2 -64.09
797.6 -64.17
798.0 -64.81
798.4 -64.06
798.8 -64.45
799.2 -64.62
799.6 -64.4
800.0 -65.01
800.4 -64.56
800.8 -64.25
801.2 -65.42
801.6 -64.71
802.0 -64.65
802.4 -64.71
802.8 -64.55
803.2 -63.47
803.6 -64.55
804.0 -64.64
804.4 -64.94
804.8 -64.91
805.2 -63.51
805.6 -63.94
806.0 -62.93
806.4 -60.99
806.8 -57.64
807.2 -54.1
807.6 -49.95
808.0 -48.66
808.4 -49.56
808.8 -50.11
809.2 -54.06
809.6 -61.34
810.0 -63.66
810.4 -64.07
810.8 -64.21
811.2 -64.37
811.6 -64.46
812.0 -63.86
812.4 -64.36
812.8 -64.22
813.2 -64.92
813.6 -64.26
814.0 -64.45
814.4 -64.07
814.8 -64.11
815.2 -64.47
815.6 -64.34
816.0 -64.79
816.4 -63.58
816.8 -64.78
817.2 -63.48
817.6 -63.87
818.0 -64.36
818.4 -63.85
818.8 -63.8
819.2 -64.09
819.6 -64.39
820.0 -64.99
820.4 -64.6
820.8 -64.16
821.2 -63.84
821.6 -64.09
822.0 -64.23
822.4 -63.59
822.8 -63.86
823.2 -63.95
823.6 -64.41
824.0 -65.0
824.4 -64.1
824.8 -64.54
825.2 -63.42
825.6 -63.73
826.0 -64.0
826.4 -63.91
826.8 -64.02
827.2 -64.05
827.6 -63.44
828.0 -63.53
828.4 -64.26
828.8 -64.84
829.2 -63.78
829.6 -64.12
830.0 -63.52
830.4 -63.85
830.8 -63.78
831.2 -63.87
831.6 -63.1
832.0 -64.4
832.4 -63.79
832.8 -63.63
833.2 -64.33
833.6 -63.9
834.0 -63.89
834.4 -63.56
834.8 -63.45
835.2 -63.85
835.6 -63.49
836.0 -63.63
836.4 -63.62
836.8 -62.89
837.2 -63.04
837.6 -63.25
838.0 -63.46
838.4 -63.87
838.8 -63.45
839.2 -63.46
839.6 -63.16
840.0 -63.49
840.4 -63.86
840.8 -63.36
841.2 -63.14
841.6 -63.5
842.0 -63.47
842.4 -64.28
842.8 -63.22
843.2 -62.98
843.6 -63.82
844.0 -63.24
844.4 -64.18
844.8 -63.82
845.2 -63.39
845.6 -62.92
846.0 -63.12
846.4 -63.52
846.8 -63.42
847.2 -63.01
847.6 -63.33
848.0 -63.46
848.4 -62.92
848.8 -63.8
849.2 -63.26
849.6 -63.34
850.0 -63.41
850.4 -63.12
850.8 -63.32
851.2 -63.34
851.6 -63.5
852.0 -63.44
852.4 -63.28
852.8 -63.11
853.2 -63.36
853.6 -63.48
854.0 -62.97
854.4 -62.92
854.8 -63.47
855.2 -63.15
855.6 -63.28
856.0 -62.99
856.4 -63.34
856.8 -63.39
857.2 -62.9
857.6 -63.16
858.0 -63.48
858.4 -62.94
858.8 -63.09
859.2 -63.26
859.6 -62.82
860.0 -62.8
860.4 -63.15
860.8 -63.3
861.2 -63.04
861.6 -62.82
862.0 -63.31
862.4 -63.12
862.8 -62.72
863.2 -62.78
863.6 -63.11
864.0 -63.34
864.4 -62.88
864.8 -63.34
865.2 -62.91
865.6 -62.97
866.0 -63.38
866.4 -62.83
866.8 -62.71
867.2 -63.12
867.6 -62.92
868.0 -63.13
868.4 -62.79
868.8 -62.64
869.2 -63.31
869.6 -63.23
870.0 -62.85
870.4 -62.94
870.8 -62.82
871.2 -63.28
871.6 -62.97
872.0 -63.34
872.4 -62.69
872.8 -63.16
873.2 -62.24
873.6 -62.76
874.0 -63.03
874.4 -62.55
874.8 -62.47
875.2 -62.87
875.6 -62.57
876.0 -62.88
876.4 -62.45
876.8 -63.03
877.2 -62.51
877.6 -62.73
878.0 -62.9
878.4 -62.94
878.8 -62.46
879.2 -63.25
879.6 -62.64
880.0 -62.66
880.4 -62.63
880.8 -62.79
881.2 -62.5
881.6 -62.95
882.0 -62.67
882.4 -62.5
882.8 -62.97
883.2 -63.16
883.6 -62.92
884.0 -63.02
884.4 -63.06
884.8 -62.58
885.2 -63.07
885.6 -62.76
886.0 -63.01
886.4 -62.54
886.8 -62.67
887.2 -63.04
887.6 -62.64
888.0 -62.81
888.4 -62.44
888.8 -62.47
889.2 -62.23
889.6 -62.51
890.0 -62.29
890.4 -62.54
890.8 -62.58
891.2 -62.64
891.6 -62.73
892.0 -62.46
892.4 -62.58
892.8 -62.71
893.2 -62.77
893.6 -63.02
894.0 -62.9
894.4 -62.6
894.8 -62.61
895.2 -63.05
895.6 -62.35
896.0 -62.6
896.4 -62.28
896.8 -62.78
897.2 -62.44
897.6 -62.6
898.0 -62.65
898.4 -62.47
898.8 -62.46
899.2 -62.31
899.6 -62.39
900.0 -62.45
900.4 -62.86
900.8 -62.47
901.2 -62.57
901.6 -62.57
902.0 -62.91
902.4 -62.44
902.8 -62.1
903.2 -62.47
903.6 -62.5
904.0 -62.39
904.4 -62.37
904.8 -62.44
905.2 -62.41
905.6 -62.51
906.0 -62.74
906.4 -62.41
906.8 -62.09
907.2 -62.21
907.6 -62.29
908.0 -62.54
908.4 -62.11
908.8 -62.63
909.2 -62.62
909.6 -62.28
910.0 -62.15
910.4 -62.17
910.8 -62.17
911.2 -62.11
911.6 -62.12
912.0 -61.98
912.4 -61.54
912.8 -61.72
913.2 -61.91
913.6 -62.0
914.0 -62.28
914.4 -62.25
914.8 -62.1
915.2 -62.28
915.6 -62.58
916.0 -61.91
916.4 -62.02
916.8 -62.29
917.2 -62.27
917.6 -61.98
918.0 -62.06
918.4 -62.25
918.8 -62.34
919.2 -62.31
919.6 -62.25
920.0 -62.26
920.4 -62.21
920.8 -61.85
921.2 -62.27
921.6 -62.16
922.0 -62.13
922.4 -62.26
922.8 -62.35
923.2 -61.71
923.6 -61.81
924.0 -61.9
924.4 -61.72
924.8 -61.82
925.2 -61.91
925.6 -61.66
926.0 -62.04
926.4 -62.07
926.8 -62.03
927.2 -62.21
927.6 -61.71
928.0 -61.55
928.4 -61.87
928.8 -61.73
929.2 -61.88
929.6 -61.49
930.0 -61.92
930.4 -61.57
930.8 -61.43
931.2 -61.81
931.6 -61.69
932.0 -61.54
932.4 -61.58
932.8 -61.62
933.2 -61.62
933.6 -61.34
934.0 -61.82
934.4 -61.32
934.8 -61.71
935.2 -61.74
935.6 -61.69
936.0 -61.54
936.4 -61.92
936.8 -61.72
937.2 -61.98
937.6 -61.84
938.0 -61.99
938.4 -62.01
938.8 -61.83
939.2 -61.7
939.6 -61.42
940.0 -61.61
940.4 -61.71
940.8 -61.71
941.2 -61.92
941.6 -61.99
942.0 -61.71
942.4 -61.87
942.8 -61.51
943.2 -61.69
943.6 -61.71
944.0 -61.51
944.4 -61.39
944.8 -61.54
945.2 -61.59
945.6 -61.64
946.0 -61.73
946.4 -61.73
946.8 -61.64
947.2 -61.59
947.6 -61.9
948.0 -61.88
948.4 -61.63
948.8 -61.89
949.2 -61.6
949.6 -61.83
950.0 -61.88
950.4 -61.83
950.8 -61.67
951.2 -61.74
951.6 -61.65
952.0 -62.0
952.4 -61.67
952.8 -61.67
953.2 -62.04
953.6 -61.66
954.0 -61.93
954.4 -61.78
954.8 -61.61
955.2 -61.59
955.6 -61.71
956.0 -61.78
956.4 -61.85
956.8 -61.76
957.2 -61.89
957.6 -61.94
958.0 -61.73
958.4 -61.73
958.8 -61.95
959.2 -61.53
959.6 -61.82
960.0 -61.64
960.4 -61.7
960.8 -61.49
961.2 -61.6
961.6 -61.64
962.0 -61.31
962.4 -61.3
962.8 -61.47
963.2 -61.35
963.6 -61.14
964.0 -61.14
964.4 -61.25
964.8 -61.15
965.2 -61.15
965.6 -61.21
966.0 -61.2
966.4 -60.92
966.8 -61.17
967.2 -61.09
967.6 -61.31
968.0 -61.18
968.4 -61.49
968.8 -61.49
969.2 -61.3
969.6 -61.4
970.0 -61.36
970.4 -61.42
970.8 -61.3
971.2 -61.43
971.6 -61.31
972.0 -61.55
972.4 -61.52
972.8 -61.34
973.2 -61.51
973.6 -61.56
974.0 -61.52
974.4 -61.52
974.8 -61.51
975.2 -61.59
975.6 -61.8
976.0 -61.75
976.4 -61.91
976.8 -61.48
977.2 -61.74
977.6 -61.78
978.0 -61.77
978.4 -61.57
978.8 -61.8
979.2 -61.74
979.6 -61.82
980.0 -61.84
980.4 -61.73
980.8 -61.6
981.2 -61.61
981.6 -61.51
982.0 -61.45
982.4 -61.53
982.8 -61.39
983.2 -61.35
983.6 -61.31
984.0 -61.34
984.4 -61.18
984.8 -61.04
985.2 -61.24
985.6 -60.95
986.0 -61.0
986.4 -60.89
986.8 -60.88
987.2 -60.86
987.6 -60.81
988.0 -60.85
988.4 -60.81
988.8 -60.75
989.2 -60.73
989.6 -60.63
990.0 -60.68
990.4 -60.5
990.8 -60.57
991.2 -60.63
991.6 -60.65
992.0 -60.44
992.4 -60.47
992.8 -60.51
993.2 -60.23
993.6 -60.37
994.0 -60.41
994.4 -60.26
994.8 -60.29
995.2 -60.27
995.6 -60.36
996.0 -60.26
996.4 -60.21
996.8 -60.22
997.2 -60.17
997.6 -60.27
998.0 -60.41
998.4 -60.43
998.8 -60.52
999.2 -60.36
999.6 -60.44
1000.0 -60.31
