600.0 -67.7
600.4 -72.69
600.8 -210.0
601.2 -71.42
601.6 -71.23
602.0 -84.27
602.4 -67.47
602.8 -210.0
603.2 -79.56
603.6 -210.0
604.0 -210.0
604.4 -69.94
604.8 -73.31
605.2 -69.99
605.6 -210.0
606.0 -210.0
606.4 -210.0
606.8 -67.76
607.2 -71.17
607.6 -79.85
608.0 -72.89
608.4 -76.89
608.8 -75.67
609.2 -74.73
609.6 -70.28
610.0 -73.31
610.4 -70.83
610.8 -70.05
611.2 -72.54
611.6 -210.0
612.0 -74.1
612.4 -76.47
612.8 -72.9
613.2 -75.42
613.6 -69.43
614.0 -68.89
614.4 -73.57
614.8 -210.0
615.2 -72.08
615.6 -72.55
616.0 -75.14
616.4 -75.61
616.8 -69.86
617.2 -74.41
617.6 -71.8
618.0 -72.47
618.4 -82.27
618.8 -68.96
619.2 -80.55
619.6 -73.88
620.0 -71.75
620.4 -70.21
620.8 -71.99
621.2 -73.98
621.6 -72.46
622.0 -75.08
622.4 -71.37
622.8 -72.76
623.2 -73.26
623.6 -69.06
624.0 -210.0
624.4 -71.67
624.8 -70.89
625.2 -76.15
625.6 -72.93
626.0 -71.77
626.4 -73.72
626.8 -69.67
627.2 -68.91
627.6 -70.05
628.0 -72.86
628.4 -71.58
628.8 -69.01
629.2 -71.02
629.6 -69.15
630.0 -68.92
630.4 -67.1
630.8 -71.58
631.2 -69.18
631.6 -68.05
632.0 -68.44
632.4 -71.86
632.8 -68.96
633.2 -72.81
633.6 -68.55
634.0 -74.52
634.4 -68.32
634.8 -70.01
635.2 -67.99
635.6 -70.61
636.0 -71.12
636.4 -71.99
636.8 -69.09
637.2 -68.89
637.6 -69.23
638.0 -66.85
638.4 -68.35
638.8 -67.84
639.2 -68.89
639.6 -70.47
640.0 -67.39
640.4 -68.85
640.8 -67.68
641.2 -70.61
641.6 -70.86
642.0 -67.42
642.4 -67.09
642.8 -70.01
643.2 -68.45
643.6 -67.72
644.0 -68.23
644.4 -68.21
644.8 -67.18
645.2 -68.01
645.6 -68.55
646.0 -68.89
646.4 -67.92
646.8 -68.43
647.2 -68.46
647.6 -69.23
648.0 -67.91
648.4 -68.41
648.8 -68.73
649.2 -68.17
649.6 -67.87
650.0 -67.88
650.4 -66.86
650.8 -67.62
651.2 -66.55
651.6 -67.41
652.0 -67.89
652.4 -66.81
652.8 -67.03
653.2 -67.03
653.6 -67.15
654.0 -68.67
654.4 -67.04
654.8 -66.65
655.2 -67.74
655.6 -66.32
656.0 -66.84
656.4 -67.1
656.8 -67.67
657.2 -66.57
657.6 -66.88
658.0 -66.47
658.4 -66.88
658.8 -66.93
659.2 -66.72
659.6 -66.32
660.0 -66.33
660.4 -67.01
660.8 -67.2
661.2 -66.94
661.6 -67.4
662.0 -66.49
662.4 -66.73
662.8 -66.42
663.2 -66.73
663.6 -66.94
664.0 -68.06
664.4 -65.85
664.8 -65.82
665.2 -65.44
665.6 -67.09
666.0 -65.93
666.4 -65.76
666.8 -65.76
667.2 -66.33
667.6 -66.08
668.0 -66.83
668.4 -66.33
668.8 -66.62
669.2 -67.01
669.6 -66.46
670.0 -65.75
670.4 -66.61
670.8 -66.28
671.2 -65.32
671.6 -66.06
672.0 -65.93
672.4 -66.46
672.8 -65.53
673.2 -66.65
673.6 -66.83
674.0 -64.93
674.4 -66.03
674.8 -65.54
675.2 -65.21
675.6 -65.9
676.0 -66.07
676.4 -66.2
676.8 -65.66
677.2 -66.06
677.6 -65.97
678.0 -65.93
678.4 -66.21
678.8 -65.32
679.2 -65.95
679.6 -65.58
680.0 -65.74
680.4 -65.54
680.8 -65.7
681.2 -65.56
681.6 -66.56
682.0 -66.42
682.4 -65.79
682.8 -65.93
683.2 -65.64
683.6 -65.89
684.0 -66.17
684.4 -65.3
684.8 -65.46
685.2 -65.99
685.6 -65.58
686.0 -65.0
686.4 -66.3
686.8 -65.54
687.2 -65.56
687.6 -65.44
688.0 -66.09
688.4 -65.6
688.8 -65.2
689.2 -65.62
689.6 -65.51
690.0 -64.6
690.4 -64.8
690.8 -65.68
691.2 -64.96
691.6 -66.01
692.0 -65.66
692.4 -65.01
692.8 -65.8
693.2 -65.62
693.6 -65.0
694.0 -65.97
694.4 -65.13
694.8 -65.13
695.2 -65.53
695.6 -65.15
696.0 -64.81
696.4 -64.9
696.8 -65.71
697.2 -64.96
697.6 -65.36
698.0 -65.38
698.4 -64.56
698.8 -64.68
699.2 -65.5
699.6 -64.79
700.0 -65.13
700.4 -65.65
700.8 -64.84
701.2 -65.47
701.6 -64.57
702.0 -65.32
702.4 -65.31
702.8 -65.53
703.2 -64.85
703.6 -65.03
704.0 -65.2
704.4 -64.93
704.8 -65.45
705.2 -65.73
705.6 -64.84
706.0 -65.2
706.4 -65.22
706.8 -65.25
707.2 -65.43
707.6 -65.05
708.0 -64.66
708.4 -64.92
708.8 -65.08
709.2 -64.76
709.6 -64.69
710.0 -65.11
710.4 -64.68
710.8 -64.62
711.2 -65.3
711.6 -64.08
712.0 -64.71
712.4 -64.86
712.8 -65.54
713.2 -65.57
713.6 -65.62
714.0 -65.1
714.4 -64.6
714.8 -65.55
715.2 -65.57
715.6 -64.84
716.0 -64.84
716.4 -65.56
716.8 -65.66
717.2 -64.55
717.6 -64.2
718.0 -64.89
718.4 -65.0
718.8 -64.93
719.2 -65.32
719.6 -64.83
720.0 -65.46
720.4 -64.84
720.8 -65.22
721.2 -64.94
721.6 -64.78
722.0 -65.69
722.4 -65.07
722.8 -64.97
723.2 -65.11
723.6 -65.0
724.0 -65.61
724.4 -65.07
724.8 -64.85
725.2 -64.79
725.6 -64.85
726.0 -65.56
726.4 -65.14
726.8 -65.07
727.2 -66.18
727.6 -66.08
728.0 -64.69
728.4 -65.15
728.8 -65.56
729.2 -65.49
729.6 -64.55
730.0 -65.18
730.4 -64.44
730.8 -64.53
731.2 -65.73
731.6 -65.2
732.0 -64.57
732.4 -64.62
732.8 -64.94
733.2 -65.61
733.6 -64.64
734.0 -64.85
734.4 -65.06
734.8 -64.95
735.2 -64.7
735.6 -65.37
736.0 -65.16
736.4 -64.84
736.8 -65.01
737.2 -65.78
737.6 -65.09
738.0 -65.11
738.4 -65.41
738.8 -65.4
739.2 -65.19
739.6 -64.46
740.0 -65.07
740.4 -65.96
740.8 -65.49
741.2 -64.34
741.6 -66.39
742.0 -64.83
742.4 -65.2
742.8 -64.51
743.2 -65.56
743.6 -65.5
744.0 -65.09
744.4 -65.3
744.8 -65.27
745.2 -64.7
745.6 -65.32
746.0 -65.61
746.4 -65.45
746.8 -65.05
747.2 -64.82
747.6 -65.22
748.0 -65.8
748.4 -64.89
748.8 -65.79
749.2 -65.12
749.6 -64.81
750.0 -66.07
750.4 -65.2
750.8 -64.87
751.2 -64.76
751.6 -65.0
752.0 -64.94
752.4 -65.52
752.8 -65.22
753.2 -64.24
753.6 -64.78
754.0 -65.27
754.4 -64.99
754.8 -64.99
755.2 -65.54
755.6 -64.87
756.0 -65.67
756.4 -64.86
756.8 -64.74
757.2 -65.05
757.6 -65.48
758.0 -64.62
758.4 -64.83
758.8 -64.77
759.2 -65.36
759.6 -65.53
760.0 -65.42
760.4 -64.15
760.8 -65.15
761.2 -65.85
761.6 -65.0
762.0 -64.85
762.4 -65.43
762.8 -65.39
763.2 -64.4
763.6 -65.94
764.0 -64.74
764.4 -64.85
764.8 -64.15
765.2 -64.62
765.6 -65.11
766.0 -65.04
766.4 -64.5
766.8 -65.06
767.2 -64.74
767.6 -65.09
768.0 -64.48
768.4 -65.44
768.8 -65.36
769.2 -65.2
769.6 -65.53
770.0 -65.19
770.4 -64.68
770.8 -66.34
771.2 -65.22
771.6 -64.65
772.0 -65.02
772.4 -64.9
772.8 -64.84
773.2 -64.56
773.6 -65.41
774.0 -64.47
774.4 -65.17
774.8 -64.41
775.2 -65.4
775.6 -65.2
776.0 -64.62
776.4 -65.32
776.8 -66.27
777.2 -65.19
777.6 -66.07
778.0 -64.7
778.4 -65.21
778.8 -64.45
779.2 -64.45
779.6 -65.28
780.0 -65.4
780.4 -65.23
780.8 -65.4
781.2 -65.5
781.6 -64.54
782.0 -65.26
782.4 -65.42
782.8 -63.99
783.2 -65.15
783.6 -63.96
784.0 -64.81
784.4 -64.13
784.8 -64.54
785.2 -64.38
785.6 -65.27
786.0 -64.63
786.4 -65.57
786.8 -64.53
787.2 -65.75
787.6 -65.13
788.0 -64.42
788.4 -64.96
788.8 -64.55
789.2 -64.99
789.6 -63.83
790.0 -64.89
790.4 -64.63
790.8 -63.99
791.2 -64.39
791.6 -64.11
792.0 -64.94
792.4 -64.34
792.8 -64.52
793.2 -64.52
793.6 -64.04
794.0 -63.72
794.4 -64.19
794.8 -65.38
795.2 -64.27
795.6 -65.4
796.0 -64.62
796.4 -63.93
796.8 -64.82
797.2 -64.93
797.6 -63.92
798.0 -63.7
798.4 -64.45
798.8 -63.69
799.2 -63.55
799.6 -64.77
800.0 -64.25
800.4 -63.52
800.8 -63.82
801.2 -63.78
801.6 -63.53
802.0 -64.4
802.4 -64.0
802.8 -63.34
803.2 -63.59
803.6 -63.24
804.0 -63.29
804.4 -63.9
804.8 -63.62
805.2 -63.2
805.6 -62.61
806.0 -62.58
806.4 -60.45
806.8 -57.31
807.2 -53.72
807.6 -49.53
808.0 -48.17
808.4 -48.95
808.8 -49.62
809.2 -54.03
809.6 -60.45
810.0 -62.83
810.4 -63.13
810.8 -63.43
811.2 -63.37
811.6 -63.6
812.0 -63.33
812.4 -64.03
812.8 -63.46
813.2 -63.43
813.6 -63.8
814.0 -64.06
814.4 -63.28
814.8 -64.01
815.2 -63.82
815.6 -63.39
816.0 -63.13
816.4 -63.73
816.8 -63.45
817.2 -63.59
817.6 -63.08
818.0 -63.04
818.4 -63.25
818.8 -63.8
819.2 -63.15
819.6 -63.81
820.0 -63.31
820.4 -62.9
820.8 -63.3
821.2 -63.73
821.6 -63.56
822.0 -63.65
822.4 -63.5
822.8 -63.81
823.2 -63.16
823.6 -64.0
824.0 -63.11
824.4 -62.9
824.8 -63.66
825.2 -63.15
825.6 -63.36
826.0 -63.13
826.4 -63.72
826.8 -63.35
827.2 -63.25
827.6 -63.79
828.0 -63.04
828.4 -63.63
828.8 -63.2
829.2 -63.89
829.6 -63.4
830.0 -63.39
830.4 -63.27
830.8 -63.32
831.2 -63.71
831.6 -63.23
832.0 -63.51
832.4 -63.71
832.8 -63.41
833.2 -63.71
833.6 -63.34
834.0 -63.28
834.4 -63.53
834.8 -63.28
835.2 -62.92
835.6 -63.58
836.0 -63.15
836.4 -63.71
836.8 -63.54
837.2 -63.65
837.6 -63.74
838.0 -63.2
838.4 -63.42
838.8 -63.76
839.2 -63.33
839.6 -64.07
840.0 -63.79
840.4 -63.5
840.8 -63.92
841.2 -63.49
841.6 -63.72
842.0 -63.41
842.4 -63.58
842.8 -63.61
843.2 -63.43
843.6 -63.54
844.0 -63.41
844.4 -63.71
844.8 -63.4
845.2 -63.29
845.6 -63.6
846.0 -63.65
846.4 -64.0
846.8 -63.77
847.2 -63.25
847.6 -63.44
848.0 -63.62
848.4 -63.83
848.8 -64.03
849.2 -63.69
849.6 -63.66
850.0 -63.8
850.4 -64.15
850.8 -63.53
851.2 -64.34
851.6 -63.49
852.0 -63.76
852.4 -63.4
852.8 -63.68
853.2 -63.56
853.6 -63.78
854.0 -63.63
854.4 -64.28
854.8 -64.38
855.2 -64.44
855.6 -63.89
856.0 -63.71
856.4 -63.41
856.8 -63.21
857.2 -63.81
857.6 -63.84
858.0 -63.63
858.4 -63.71
858.8 -64.15
859.2 -63.18
859.6 -63.5
860.0 -63.93
860.4 -63.65
860.8 -63.92
861.2 -64.09
861.6 -63.84
862.0 -63.93
862.4 -64.34
862.8 -63.85
863.2 -63.9
863.6 -63.86
864.0 -64.4
864.4 -64.02
864.8 -64.0
865.2 -63.87
865.6 -63.89
866.0 -64.62
866.4 -64.29
866.8 -64.15
867.2 -63.95
867.6 -63.95
868.0 -64.03
868.4 -63.49
868.8 -64.06
869.2 -63.85
869.6 -63.67
870.0 -63.99
870.4 -64.28
870.8 -63.7
871.2 -64.03
871.6 -63.76
872.0 -64.02
872.4 -63.92
872.8 -63.99
873.2 -63.91
873.6 -64.19
874.0 -63.93
874.4 -63.64
874.8 -64.11
875.2 -63.62
875.6 -63.43
876.0 -63.35
876.4 -64.36
876.8 -64.44
877.2 -63.8
877.6 -63.36
878.0 -64.1
878.4 -64.06
878.8 -63.93
879.2 -63.75
879.6 -64.36
880.0 -64.11
880.4 -64.3
880.8 -63.55
881.2 -64.09
881.6 -64.01
882.0 -63.78
882.4 -63.94
882.8 -63.65
883.2 -63.82
883.6 -63.53
884.0 -64.38
884.4 -63.88
884.8 -63.1
885.2 -63.14
885.6 -63.57
886.0 -64.09
886.4 -63.44
886.8 -63.37
887.2 -63.11
887.6 -63.23
888.0 -63.78
888.4 -63.28
888.8 -63.56
889.2 -63.4
889.6 -64.12
890.0 -63.57
890.4 -64.33
890.8 -63.67
891.2 -63.77
891.6 -64.14
892.0 -63.61
892.4 -63.52
892.8 -63.69
893.2 -63.67
893.6 -63.56
894.0 -64.11
894.4 -63.52
894.8 -63.37
895.2 -63.77
895.6 -64.06
896.0 -63.83
896.4 -63.4
896.8 -64.18
897.2 -63.48
897.6 -63.98
898.0 -63.7
898.4 -63.42
898.8 -64.1
899.2 -64.29
899.6 -63.85
900.0 -64.07
900.4 -62.88
900.8 -63.54
901.2 -63.87
901.6 -63.7
902.0 -63.9
902.4 -63.09
902.8 -63.73
903.2 -63.96
903.6 -63.06
904.0 -63.23
904.4 -63.6
904.8 -63.3
905.2 -63.6
905.6 -63.44
906.0 -63.54
906.4 -63.26
906.8 -63.44
907.2 -63.93
907.6 -63.78
908.0 -63.26
908.4 -63.27
908.8 -63.62
909.2 -63.73
909.6 -63.73
910.0 -63.84
910.4 -63.35
910.8 -63.76
911.2 -63.49
911.6 -64.27
912.0 -63.47
912.4 -63.33
912.8 -63.68
913.2 -63.19
913.6 -63.32
914.0 -63.28
914.4 -64.08
914.8 -63.76
915.2 -64.23
915.6 -63.64
916.0 -63.56
916.4 -64.0
916.8 -63.82
917.2 -63.83
917.6 -63.17
918.0 -64.01
918.4 -63.93
918.8 -63.63
919.2 -63.53
919.6 -63.91
920.0 -63.81
920.4 -63.64
920.8 -63.94
921.2 -63.98
921.6 -64.0
922.0 -63.81
922.4 -63.43
922.8 -63.63
923.2 -63.65
923.6 -63.66
924.0 -63.93
924.4 -63.82
924.8 -63.84
925.2 -63.93
925.6 -63.57
926.0 -63.89
926.4 -63.8
926.8 -63.73
927.2 -64.2
927.6 -64.01
928.0 -63.86
928.4 -63.79
928.8 -64.12
929.2 -63.94
929.6 -63.9
930.0 -64.25
930.4 -64.07
930.8 -64.13
931.2 -64.52
931.6 -64.58
932.0 -64.0
932.4 -63.47
932.8 -64.27
933.2 -64.06
933.6 -64.0
934.0 -64.3
934.4 -64.25
934.8 -63.87
935.2 -63.99
935.6 -64.03
936.0 -64.35
936.4 -64.61
936.8 -64.24
937.2 -64.19
937.6 -64.55
938.0 -64.6
938.4 -64.3
938.8 -64.13
939.2 -64.53
939.6 -64.12
940.0 -64.42
940.4 -64.44
940.8 -64.56
941.2 -64.41
941.6 -64.46
942.0 -64.22
942.4 -64.6
942.8 -64.58
943.2 -64.33
943.6 -64.55
944.0 -64.44
944.4 -64.46
944.8 -64.45
945.2 -64.68
945.6 -64.3
946.0 -64.27
946.4 -64.53
946.8 -64.58
947.2 -64.56
947.6 -64.38
948.0 -64.18
948.4 -64.25
948.8 -64.44
949.2 -64.63
949.6 -64.58
950.0 -64.58
950.4 -64.05
950.8 -64.5
951.2 -64.58
951.6 -64.25
952.0 -64.3
952.4 -64.16
952.8 -64.1
953.2 -64.3
953.6 -64.27
954.0 -64.17
954.4 -64.48
954.8 -64.42
955.2 -64.41
955.6 -64.08
956.0 -64.6
956.4 -64.24
956.8 -64.68
957.2 -64.56
957.6 -64.28
958.0 -64.25
958.4 -64.52
958.8 -64.12
959.2 -63.93
959.6 -64.18
960.0 -63.9
960.4 -64.35
960.8 -64.02
961.2 -63.75
961.6 -63.75
962.0 -64.19
962.4 -64.26
962.8 -63.71
963.2 -64.01
963.6 -63.91
964.0 -63.94
964.4 -63.77
964.8 -63.87
965.2 -64.13
965.6 -63.88
966.0 -63.72
966.4 -63.9
966.8 -63.95
967.2 -64.05
967.6 -64.15
968.0 -63.89
968.4 -64.06
968.8 -63.77
969.2 -64.0
969.6 -63.85
970.0 -63.94
970.4 -63.91
970.8 -63.61
971.2 -63.65
971.6 -64.17
972.0 -63.98
972.4 -63.92
972.8 -63.98
973.2 -63.77
973.6 -63.65
974.0 -63.87
974.4 -64.08
974.8 -63.89
975.2 -64.44
975.6 -64.05
976.0 -63.98
976.4 -64.08
976.8 -63.99
977.2 -64.26
977.6 -64.19
978.0 -64.04
978.4 -63.77
978.8 -63.81
979.2 -63.52
979.6 -63.55
980.0 -63.92
980.4 -63.85
980.8 -63.79
981.2 -63.5
981.6 -63.57
982.0 -63.52
982.4 -63.38
982.8 -63.39
983.2 -63.25
983.6 -63.31
984.0 -63.22
984.4 -63.12
984.8 -63.22
985.2 -63.13
985.6 -62.95
986.0 -62.87
986.4 -63.0
986.8 -63.01
987.2 -62.86
987.6 -62.69
988.0 -62.8
988.4 -62.56
988.8 -62.56
989.2 -62.74
989.6 -62.62
990.0 -62.71
990.4 -62.69
990.8 -62.54
991.2 -62.36
991.6 -62.45
992.0 -62.33
992.4 -62.39
992.8 -62.37
993.2 -62.18
993.6 -62.3
994.0 -62.28
994.4 -61.99
994.8 -62.07
995.2 -62.3
995.6 -62.22
996.0 -62.11
996.4 -62.03
996.8 -61.72
997.2 -62.08
997.6 -62.21
998.0 -62.04
998.4 -62.18
998.8 -61.99
999.2 -62.16
999.6 -61.92
1000.0 -62.03
