600.0 -75.68
600.4 -210.0
600.8 -72.72
601.2 -210.0
601.6 -210.0
602.0 -76.48
602.4 -74.29
602.8 -210.0
603.2 -78.31
603.6 -210.0
604.0 -73.26
604.4 -210.0
604.8 -210.0
605.2 -210.0
605.6 -210.0
606.0 -210.0
606.4 -72.5
606.8 -72.27
607.2 -77.61
607.6 -78.6
608.0 -76.87
608.4 -72.91
608.8 -72.4
609.2 -74.31
609.6 -210.0
610.0 -210.0
610.4 -210.0
610.8 -210.0
611.2 -74.85
611.6 -210.0
612.0 -73.43
612.4 -210.0
612.8 -72.39
613.2 -74.97
613.6 -78.97
614.0 -75.02
614.4 -75.49
614.8 -69.75
615.2 -210.0
615.6 -70.63
616.0 -210.0
616.4 -210.0
616.8 -210.0
617.2 -210.0
617.6 -75.23
618.0 -210.0
618.4 -210.0
618.8 -73.25
619.2 -71.52
619.6 -73.58
620.0 -210.0
620.4 -70.92
620.8 -210.0
621.2 -210.0
621.6 -77.68
622.0 -78.51
622.4 -71.54
622.8 -74.75
623.2 -70.12
623.6 -71.12
624.0 -76.58
624.4 -72.42
624.8 -210.0
625.2 -85.7
625.6 -74.58
626.0 -78.76
626.4 -80.99
626.8 -210.0
627.2 -210.0
627.6 -73.06
628.0 -74.73
628.4 -210.0
628.8 -210.0
629.2 -79.91
629.6 -78.18
630.0 -210.0
630.4 -210.0
630.8 -75.64
631.2 -83.08
631.6 -210.0
632.0 -77.11
632.4 -210.0
632.8 -79.22
633.2 -71.61
633.6 -74.49
634.0 -73.06
634.4 -73.53
634.8 -210.0
635.2 -81.6
635.6 -70.38
636.0 -72.12
636.4 -210.0
636.8 -71.31
637.2 -71.9
637.6 -81.78
638.0 -69.86
638.4 -81.84
638.8 -76.65
639.2 -73.45
639.6 -72.73
640.0 -72.42
640.4 -78.99
640.8 -74.77
641.2 -73.42
641.6 -71.57
642.0 -70.48
642.4 -210.0
642.8 -71.55
643.2 -69.24
643.6 -73.64
644.0 -73.48
644.4 -71.22
644.8 -73.56
645.2 -71.41
645.6 -72.62
646.0 -76.14
646.4 -71.08
646.8 -73.55
647.2 -70.4
647.6 -70.8
648.0 -72.01
648.4 -74.07
648.8 -68.73
649.2 -71.33
649.6 -69.82
650.0 -71.49
650.4 -70.46
650.8 -78.07
651.2 -74.62
651.6 -69.05
652.0 -71.29
652.4 -72.86
652.8 -76.5
653.2 -69.78
653.6 -70.49
654.0 -72.73
654.4 -69.86
654.8 -69.87
655.2 -70.02
655.6 -69.95
656.0 -70.59
656.4 -70.59
656.8 -71.04
657.2 -70.43
657.6 -70.69
658.0 -70.69
658.4 -70.86
658.8 -70.53
659.2 -72.12
659.6 -75.64
660.0 -70.37
660.4 -70.62
660.8 -69.91
661.2 -70.21
661.6 -69.5
662.0 -68.83
662.4 -70.88
662.8 -72.13
663.2 -70.62
663.6 -72.25
664.0 -69.37
664.4 -69.37
664.8 -71.36
665.2 -68.83
665.6 -69.91
666.0 -69.37
666.4 -71.46
666.8 -73.55
667.2 -70.62
667.6 -70.21
668.0 -70.06
668.4 -70.14
668.8 -69.91
669.2 -69.99
669.6 -68.2
670.0 -70.2
670.4 -69.98
670.8 -69.41
671.2 -70.95
671.6 -69.68
672.0 -68.63
672.4 -66.84
672.8 -69.02
673.2 -71.32
673.6 -68.46
674.0 -69.32
674.4 -69.45
674.8 -71.2
675.2 -68.83
675.6 -69.64
676.0 -69.3
676.4 -70.47
676.8 -69.23
677.2 -70.37
677.6 -70.99
678.0 -68.68
678.4 -69.75
678.8 -69.02
679.2 -69.74
679.6 -69.21
680.0 -69.66
680.4 -69.59
680.8 -70.42
681.2 -68.54
681.6 -69.18
682.0 -69.92
682.4 -69.92
682.8 -69.55
683.2 -69.91
683.6 -68.24
684.0 -69.47
684.4 -72.34
684.8 -68.72
685.2 -69.19
685.6 -69.73
686.0 -67.73
686.4 -69.72
686.8 -68.52
687.2 -71.16
687.6 -68.04
688.0 -71.25
688.4 -68.84
688.8 -67.56
689.2 -70.14
689.6 -70.93
690.0 -67.59
690.4 -68.64
690.8 -67.9
691.2 -70.36
691.6 -68.8
692.0 -69.04
692.4 -69.35
692.8 -69.63
693.2 -68.71
693.6 -67.32
694.0 -70.32
694.4 -68.63
694.8 -68.63
695.2 -69.38
695.6 -67.38
696.0 -68.61
696.4 -68.9
696.8 -67.53
697.2 -67.01
697.6 -68.42
698.0 -67.84
698.4 -67.59
698.8 -67.55
699.2 -69.05
699.6 -68.99
700.0 -68.5
700.4 -67.43
700.8 -67.85
701.2 -68.96
701.6 -67.16
702.0 -66.94
702.4 -67.82
702.8 -69.2
703.2 -67.91
703.6 -69.33
704.0 -69.32
704.4 -69.04
704.8 -68.2
705.2 -69.03
705.6 -68.25
706.0 -67.44
706.4 -66.95
706.8 -68.63
707.2 -69.56
707.6 -68.22
708.0 -69.4
708.4 -69.54
708.8 -67.31
709.2 -66.71
709.6 -66.91
710.0 -67.81
710.4 -68.23
710.8 -67.6
711.2 -67.9
711.6 -68.1
712.0 -67.14
712.4 -67.4
712.8 -67.88
713.2 -67.99
713.6 -66.51
714.0 -67.43
714.4 -66.94
714.8 -66.94
715.2 -67.8
715.6 -67.01
716.0 -68.71
716.4 -68.05
716.8 -66.63
717.2 -66.99
717.6 -68.1
718.0 -66.77
718.4 -67.57
718.8 -68.3
719.2 -67.1
719.6 -68.86
720.0 -68.98
720.4 -68.29
720.8 -66.78
721.2 -67.4
721.6 -66.17
722.0 -66.38
722.4 -66.94
722.8 -67.06
723.2 -67.19
723.6 -66.33
724.0 -67.76
724.4 -67.37
724.8 -68.02
725.2 -67.96
725.6 -68.42
726.0 -67.12
726.4 -68.29
726.8 -66.68
727.2 -67.39
727.6 -68.11
728.0 -68.58
728.4 -66.43
728.8 -66.58
729.2 -66.46
729.6 -68.15
730.0 -66.95
730.4 -67.31
730.8 -67.54
731.2 -67.44
731.6 -67.25
732.0 -67.15
732.4 -67.89
732.8 -66.03
733.2 -66.7
733.6 -68.22
734.0 -67.72
734.4 -66.86
734.8 -66.53
735.2 -66.74
735.6 -66.44
736.0 -68.09
736.4 -67.39
736.8 -66.55
737.2 -66.35
737.6 -67.43
738.0 -67.38
738.4 -67.68
738.8 -66.74
739.2 -65.53
739.6 -66.26
740.0 -66.29
740.4 -67.72
740.8 -66.94
741.2 -67.11
741.6 -67.16
742.0 -66.63
742.4 -67.07
742.8 -66.42
743.2 -68.45
743.6 -67.29
744.0 -66.91
744.4 -68.9
744.8 -65.96
745.2 -66.74
745.6 -66.4
746.0 -66.69
746.4 -68.43
746.8 -67.68
747.2 -67.46
747.6 -66.85
748.0 -66.51
748.4 -66.46
748.8 -67.25
749.2 -66.63
749.6 -65.93
750.0 -66.7
750.4 -66.96
750.8 -66.44
751.2 -67.28
751.6 -66.35
752.0 -66.5
752.4 -67.41
752.8 -66.88
753.2 -67.35
753.6 -66.57
754.0 -66.28
754.4 -66.43
754.8 -67.28
755.2 -66.3
755.6 -68.72
756.0 -66.1
756.4 -66.1
756.8 -68.06
757.2 -66.44
757.6 -66.12
758.0 -66.27
758.4 -67.13
758.8 -66.46
759.2 -66.25
759.6 -66.62
760.0 -66.66
760.4 -64.98
760.8 -68.38
761.2 -65.71
761.6 -66.31
762.0 -66.86
762.4 -66.51
762.8 -66.71
763.2 -67.54
763.6 -66.13
764.0 -67.69
764.4 -66.66
764.8 -65.74
765.2 -66.61
765.6 -65.5
766.0 -67.67
766.4 -66.18
766.8 -66.25
767.2 -66.25
767.6 -66.17
768.0 -66.94
768.4 -66.04
768.8 -66.31
769.2 -65.74
769.6 -65.33
770.0 -66.82
770.4 -66.26
770.8 -65.55
771.2 -65.69
771.6 -66.97
772.0 -65.27
772.4 -66.72
772.8 -65.58
773.2 -66.38
773.6 -65.24
774.0 -65.89
774.4 -66.67
774.8 -65.57
775.2 -65.89
775.6 -66.28
776.0 -66.66
776.4 -65.56
776.8 -67.49
777.2 -66.57
777.6 -65.25
778.0 -66.65
778.4 -65.58
778.8 -66.65
779.2 -67.07
779.6 -66.69
780.0 -66.13
780.4 -65.08
780.8 -66.25
781.2 -65.3
781.6 -66.2
782.0 -65.22
782.4 -66.2
782.8 -65.49
783.2 -65.35
783.6 -66.15
784.0 -65.88
784.4 -65.73
784.8 -65.76
785.2 -65.54
785.6 -65.61
786.0 -64.95
786.4 -66.13
786.8 -66.97
787.2 -66.09
787.6 -65.0
788.0 -65.86
788.4 -66.2
788.8 -67.26
789.2 -65.28
789.6 -65.32
790.0 -65.62
790.4 -65.91
790.8 -66.53
791.2 -66.66
791.6 -65.75
792.0 -65.5
792.4 -65.4
792.8 -65.71
793.2 -65.53
793.6 -65.49
794.0 -65.62
794.4 -65.24
794.8 -64.95
795.2 -65.24
795.6 -65.4
796.0 -65.84
796.4 -65.69
796.8 -66.32
797.2 -65.68
797.6 -64.87
798.0 -65.12
798.4 -66.01
798.8 -66.3
799.2 -65.93
799.6 -65.02
800.0 -65.14
800.4 -65.44
800.8 -65.81
801.2 -65.31
801.6 -64.6
802.0 -64.86
802.4 -64.6
802.8 -64.09
803.2 -63.97
803.6 -64.75
804.0 -65.23
804.4 -64.7
804.8 -65.3
805.2 -65.58
805.6 -64.14
806.0 -63.54
806.4 -61.62
806.8 -57.8
807.2 -54.23
807.6 -50.34
808.0 -48.95
808.4 -49.95
808.8 -50.41
809.2 -54.04
809.6 -61.51
810.0 -63.64
810.4 -65.28
810.8 -64.88
811.2 -65.19
811.6 -64.95
812.0 -64.61
812.4 -64.47
812.8 -64.65
813.2 -63.95
813.6 -65.05
814.0 -65.28
814.4 -65.39
814.8 -65.36
815.2 -65.17
815.6 -64.81
816.0 -64.62
816.4 -64.89
816.8 -64.75
817.2 -65.11
817.6 -65.0
818.0 -64.6
818.4 -65.49
818.8 -64.93
819.2 -66.62
819.6 -65.15
820.0 -65.11
820.4 -64.52
820.8 -65.63
821.2 -64.63
821.6 -64.82
822.0 -65.4
822.4 -64.42
822.8 -65.66
823.2 -64.69
823.6 -64.26
824.0 -65.29
824.4 -63.79
824.8 -64.64
825.2 -64.73
825.6 -65.14
826.0 -64.79
826.4 -64.49
826.8 -65.31
827.2 -64.05
827.6 -64.21
828.0 -64.53
828.4 -64.15
828.8 -64.76
829.2 -64.66
829.6 -64.1
830.0 -63.99
830.4 -65.5
830.8 -64.78
831.2 -64.59
831.6 -64.66
832.0 -63.61
832.4 -63.87
832.8 -64.92
833.2 -64.61
833.6 -64.41
834.0 -64.03
834.4 -63.98
834.8 -63.38
835.2 -64.29
835.6 -63.3
836.0 -63.57
836.4 -63.9
836.8 -63.84
837.2 -63.8
837.6 -63.34
838.0 -63.63
838.4 -64.09
838.8 -64.81
839.2 -63.89
839.6 -64.24
840.0 -64.02
840.4 -64.64
840.8 -63.88
841.2 -64.58
841.6 -63.92
842.0 -63.55
842.4 -64.07
842.8 -64.4
843.2 -63.92
843.6 -63.92
844.0 -64.24
844.4 -64.05
844.8 -64.06
845.2 -64.29
845.6 -64.29
846.0 -63.67
846.4 -63.52
846.8 -63.6
847.2 -63.59
847.6 -63.8
848.0 -63.69
848.4 -63.8
848.8 -63.76
849.2 -63.69
849.6 -63.81
850.0 -63.66
850.4 -63.84
850.8 -63.1
851.2 -63.17
851.6 -64.01
852.0 -63.55
852.4 -63.54
852.8 -63.43
853.2 -63.28
853.6 -63.02
854.0 -63.67
854.4 -63.19
854.8 -63.79
855.2 -63.55
855.6 -63.26
856.0 -63.25
856.4 -63.25
856.8 -63.34
857.2 -62.96
857.6 -63.27
858.0 -63.63
858.4 -63.45
858.8 -63.1
859.2 -63.0
859.6 -63.0
860.0 -63.17
860.4 -62.3
860.8 -62.8
861.2 -62.89
861.6 -63.15
862.0 -63.21
862.4 -62.98
862.8 -63.05
863.2 -63.27
863.6 -63.18
864.0 -63.05
864.4 -63.41
864.8 -62.69
865.2 -62.51
865.6 -62.65
866.0 -63.33
866.4 -63.13
866.8 -62.95
867.2 -63.03
867.6 -63.33
868.0 -62.52
868.4 -62.47
868.8 -62.87
869.2 -62.57
869.6 -62.63
870.0 -62.44
870.4 -62.99
870.8 -62.55
871.2 -62.61
871.6 -63.22
872.0 -62.59
872.4 -62.91
872.8 -62.63
873.2 -62.58
873.6 -62.63
874.0 -62.19
874.4 -62.25
874.8 -62.52
875.2 -62.83
875.6 -62.39
876.0 -62.62
876.4 -62.53
876.8 -62.31
877.2 -62.4
877.6 -62.41
878.0 -62.24
878.4 -62.32
878.8 -61.98
879.2 -62.25
879.6 -61.9
880.0 -62.05
880.4 -62.17
880.8 -62.43
881.2 -62.26
881.6 -61.84
882.0 -62.12
882.4 -62.21
882.8 -62.15
883.2 -62.25
883.6 -62.49
884.0 -62.78
884.4 -62.07
884.8 -61.97
885.2 -62.07
885.6 -61.6
886.0 -62.32
886.4 -62.1
886.8 -62.05
887.2 -62.01
887.6 -62.37
888.0 -61.91
888.4 -61.99
888.8 -62.11
889.2 -62.05
889.6 -61.96
890.0 -62.12
890.4 -61.99
890.8 -62.15
891.2 -61.77
891.6 -61.86
892.0 -62.46
892.4 -61.87
892.8 -62.09
893.2 -62.29
893.6 -61.32
894.0 -61.94
894.4 -61.72
894.8 -62.15
895.2 -61.67
895.6 -62.19
896.0 -61.81
896.4 -61.87
896.8 -61.79
897.2 -61.28
897.6 -61.5
898.0 -61.86
898.4 -62.03
898.8 -61.85
899.2 -61.7
899.6 -61.82
900.0 -61.43
900.4 -61.7
900.8 -61.57
901.2 -61.48
901.6 -61.79
902.0 -61.53
902.4 -61.46
902.8 -61.94
903.2 -61.85
903.6 -61.64
904.0 -61.67
904.4 -61.39
904.8 -61.43
905.2 -61.54
905.6 -61.3
906.0 -61.46
906.4 -61.23
906.8 -61.39
907.2 -61.54
907.6 -61.28
908.0 -61.43
908.4 -61.29
908.8 -61.07
909.2 -61.24
909.6 -61.16
910.0 -61.22
910.4 -61.29
910.8 -61.34
911.2 -61.17
911.6 -61.19
912.0 -61.28
912.4 -60.99
912.8 -60.99
913.2 -60.97
913.6 -61.02
914.0 -61.07
914.4 -60.97
914.8 -60.91
915.2 -60.95
915.6 -60.88
916.0 -60.94
916.4 -60.52
916.8 -60.9
917.2 -60.88
917.6 -60.66
918.0 -60.81
918.4 -60.76
918.8 -60.78
919.2 -60.92
919.6 -60.65
920.0 -60.72
920.4 -61.03
920.8 -60.75
921.2 -60.7
921.6 -60.7
922.0 -60.53
922.4 -60.67
922.8 -60.48
923.2 -60.6
923.6 -60.74
924.0 -60.62
924.4 -60.61
924.8 -60.84
925.2 -60.29
925.6 -60.43
926.0 -60.5
926.4 -60.25
926.8 -60.64
927.2 -60.41
927.6 -60.28
928.0 -60.43
928.4 -60.39
928.8 -60.22
929.2 -60.33
929.6 -60.11
930.0 -60.23
930.4 -60.32
930.8 -60.08
931.2 -60.14
931.6 -60.3
932.0 -60.17
932.4 -60.37
932.8 -59.9
933.2 -60.1
933.6 -60.22
934.0 -60.0
934.4 -60.26
934.8 -59.87
935.2 -59.97
935.6 -60.18
936.0 -59.88
936.4 -60.1
936.8 -60.0
937.2 -59.83
937.6 -60.16
938.0 -60.03
938.4 -59.99
938.8 -60.0
939.2 -59.97
939.6 -59.74
940.0 -59.88
940.4 -59.88
940.8 -60.01
941.2 -60.03
941.6 -59.63
942.0 -59.93
942.4 -59.82
942.8 -59.72
943.2 -59.84
943.6 -59.89
944.0 -59.93
944.4 -59.75
944.8 -59.44
945.2 -59.73
945.6 -59.8
946.0 -59.78
946.4 -59.58
946.8 -59.46
947.2 -59.63
947.6 -59.48
948.0 -59.67
948.4 -59.53
948.8 -59.49
949.2 -59.58
949.6 -59.56
950.0 -59.35
950.4 -59.43
950.8 -59.49
951.2 -59.47
951.6 -59.42
952.0 -59.56
952.4 -59.47
952.8 -59.38
953.2 -59.39
953.6 -59.41
954.0 -59.59
954.4 -59.4
954.8 -59.58
955.2 -59.41
955.6 -59.36
956.0 -59.38
956.4 -59.57
956.8 -59.38
957.2 -59.44
957.6 -59.52
958.0 -59.39
958.4 -59.52
958.8 -59.35
959.2 -59.25
959.6 -59.4
960.0 -59.21
960.4 -59.15
960.8 -59.35
961.2 -59.11
961.6 -59.11
962.0 -59.14
962.4 -59.21
962.8 -59.16
963.2 -59.01
963.6 -59.0
964.0 -59.13
964.4 -59.03
964.8 -58.88
965.2 -59.05
965.6 -58.96
966.0 -58.81
966.4 -58.94
966.8 -58.94
967.2 -58.89
967.6 -58.93
968.0 -59.01
968.4 -58.89
968.8 -58.94
969.2 -58.96
969.6 -59.11
970.0 -58.94
970.4 -58.9
970.8 -59.02
971.2 -59.01
971.6 -59.04
972.0 -58.91
972.4 -59.06
972.8 -58.97
973.2 -59.08
973.6 -59.11
974.0 -59.12
974.4 -59.1
974.8 -59.27
975.2 -59.07
975.6 -59.18
976.0 -59.25
976.4 -59.23
976.8 -59.26
977.2 -59.18
977.6 -59.29
978.0 -59.32
978.4 -59.14
978.8 -59.25
979.2 -59.32
979.6 -59.01
980.0 -59.18
980.4 -59.26
980.8 -59.19
981.2 -59.21
981.6 -59.14
982.0 -59.14
982.4 -59.03
982.8 -58.9
983.2 -59.0
983.6 -58.9
984.0 -58.9
984.4 -58.87
984.8 -58.74
985.2 -58.78
985.6 -58.62
986.0 -58.57
986.4 -58.72
986.8 -58.61
987.2 -58.42
987.6 -58.6
988.0 -58.56
988.4 -58.37
988.8 -58.33
989.2 -58.35
989.6 -58.11
990.0 -58.32
990.4 -58.37
990.8 -58.28
991.2 -58.21
991.6 -58.28
992.0 -58.26
992.4 -58.18
992.8 -58.32
993.2 -58.26
993.6 -58.3
994.0 -58.16
994.4 -58.19
994.8 -58.22
995.2 -58.07
995.6 -58.12
996.0 -58.18
996.4 -58.06
996.8 -58.33
997.2 -58.25
997.6 -58.19
998.0 -58.26
998.4 -58.25
998.8 -58.26
999.2 -58.29
999.6 -58.25
1000.0 -58.3
