600.0 -79.36
600.4 -69.24
600.8 -210.0
601.2 -210.0
601.6 -79.46
602.0 -75.81
602.4 -210.0
602.8 -210.0
603.2 -71.78
603.6 -79.59
604.0 -210.0
604.4 -210.0
604.8 -77.46
605.2 -210.0
605.6 -210.0
606.0 -73.06
606.4 -210.0
606.8 -74.58
607.2 -73.46
607.6 -210.0
608.0 -74.66
608.4 -210.0
608.8 -74.71
609.2 -210.0
609.6 -72.45
610.0 -72.22
610.4 -76.35
610.8 -72.27
611.2 -70.37
611.6 -73.41
612.0 -70.58
612.4 -210.0
612.8 -75.91
613.2 -78.94
613.6 -210.0
614.0 -69.96
614.4 -72.48
614.8 -72.76
615.2 -210.0
615.6 -73.64
616.0 -210.0
616.4 -75.16
616.8 -70.55
617.2 -210.0
617.6 -210.0
618.0 -210.0
618.4 -73.23
618.8 -72.29
619.2 -210.0
619.6 -210.0
620.0 -210.0
620.4 -210.0
620.8 -71.99
621.2 -210.0
621.6 -74.0
622.0 -210.0
622.4 -76.48
622.8 -210.0
623.2 -210.0
623.6 -82.59
624.0 -68.46
624.4 -70.2
624.8 -210.0
625.2 -210.0
625.6 -80.94
626.0 -78.76
626.4 -80.99
626.8 -71.82
627.2 -71.19
627.6 -79.82
628.0 -73.08
628.4 -210.0
628.8 -210.0
629.2 -71.16
629.6 -71.05
630.0 -71.68
630.4 -73.47
630.8 -71.74
631.2 -71.03
631.6 -210.0
632.0 -74.1
632.4 -81.4
632.8 -74.44
633.2 -73.01
633.6 -71.2
634.0 -69.3
634.4 -210.0
634.8 -72.03
635.2 -74.33
635.6 -210.0
636.0 -71.96
636.4 -210.0
636.8 -76.95
637.2 -77.49
637.6 -75.76
638.0 -79.6
638.4 -69.63
638.8 -73.03
639.2 -70.24
639.6 -75.24
640.0 -78.95
640.4 -70.34
640.8 -72.5
641.2 -75.38
641.6 -76.47
642.0 -76.5
642.4 -71.04
642.8 -71.55
643.2 -210.0
643.6 -82.29
644.0 -76.3
644.4 -69.98
644.8 -210.0
645.2 -70.87
645.6 -72.19
646.0 -210.0
646.4 -73.51
646.8 -70.82
647.2 -71.59
647.6 -73.28
648.0 -69.53
648.4 -74.71
648.8 -70.05
649.2 -74.14
649.6 -71.07
650.0 -72.99
650.4 -73.47
650.8 -72.84
651.2 -73.0
651.6 -75.07
652.0 -78.08
652.4 -71.95
652.8 -72.32
653.2 -71.01
653.6 -70.4
654.0 -73.17
654.4 -73.67
654.8 -70.84
655.2 -72.09
655.6 -70.75
656.0 -70.94
656.4 -72.48
656.8 -70.85
657.2 -69.35
657.6 -69.61
658.0 -72.9
658.4 -73.36
658.8 -72.12
659.2 -72.24
659.6 -71.35
660.0 -74.47
660.4 -70.62
660.8 -70.06
661.2 -72.25
661.6 -72.64
662.0 -70.62
662.4 -71.57
662.8 -68.61
663.2 -69.37
663.6 -71.36
664.0 -71.16
664.4 -71.16
664.8 -72.92
665.2 -71.16
665.6 -68.77
666.0 -70.79
666.4 -71.67
666.8 -72.13
667.2 -70.29
667.6 -70.88
668.0 -70.45
668.4 -69.43
668.8 -71.26
669.2 -73.89
669.6 -72.25
670.0 -72.12
670.4 -72.63
670.8 -69.41
671.2 -69.55
671.6 -68.7
672.0 -70.68
672.4 -70.68
672.8 -70.58
673.2 -70.5
673.6 -71.12
674.0 -71.21
674.4 -69.01
674.8 -69.93
675.2 -70.65
675.6 -70.0
676.0 -70.3
676.4 -71.71
676.8 -75.06
677.2 -68.69
677.6 -68.32
678.0 -71.07
678.4 -70.79
678.8 -70.78
679.2 -69.81
679.6 -72.15
680.0 -71.15
680.4 -71.25
680.8 -70.76
681.2 -70.17
681.6 -70.41
682.0 -68.26
682.4 -69.36
682.8 -69.03
683.2 -68.97
683.6 -71.85
684.0 -69.68
684.4 -70.99
684.8 -69.74
685.2 -69.0
685.6 -72.2
686.0 -69.65
686.4 -70.35
686.8 -71.58
687.2 -69.57
687.6 -70.24
688.0 -68.73
688.4 -68.34
688.8 -68.34
689.2 -70.48
689.6 -69.91
690.0 -68.48
690.4 -71.21
690.8 -69.74
691.2 -69.11
691.6 -68.86
692.0 -71.3
692.4 -68.49
692.8 -70.01
693.2 -69.14
693.6 -68.37
694.0 -69.07
694.4 -67.52
694.8 -69.6
695.2 -70.47
695.6 -68.51
696.0 -69.04
696.4 -69.43
696.8 -68.01
697.2 -68.31
697.6 -68.31
698.0 -68.88
698.4 -70.89
698.8 -69.0
699.2 -68.74
699.6 -68.68
700.0 -70.77
700.4 -68.66
700.8 -70.31
701.2 -68.36
701.6 -70.21
702.0 -68.14
702.4 -68.69
702.8 -70.93
703.2 -69.19
703.6 -70.18
704.0 -67.56
704.4 -68.31
704.8 -69.04
705.2 -67.93
705.6 -66.89
706.0 -68.24
706.4 -68.69
706.8 -69.35
707.2 -68.5
707.6 -69.56
708.0 -69.33
708.4 -69.47
708.8 -69.11
709.2 -67.25
709.6 -67.58
710.0 -67.29
710.4 -68.18
710.8 -68.57
711.2 -68.45
711.6 -67.74
712.0 -68.05
712.4 -68.38
712.8 -68.04
713.2 -67.04
713.6 -68.85
714.0 -68.25
714.4 -68.41
714.8 -67.81
715.2 -68.29
715.6 -68.97
716.0 -67.32
716.4 -68.76
716.8 -68.28
717.2 -67.34
717.6 -68.81
718.0 -68.55
718.4 -68.49
718.8 -68.48
719.2 -67.01
719.6 -66.84
720.0 -68.92
720.4 -67.27
720.8 -66.99
721.2 -68.17
721.6 -69.25
722.0 -68.05
722.4 -68.1
722.8 -68.89
723.2 -67.06
723.6 -67.38
724.0 -67.81
724.4 -67.56
724.8 -68.67
725.2 -68.13
725.6 -69.75
726.0 -68.23
726.4 -67.64
726.8 -67.11
727.2 -68.78
727.6 -68.78
728.0 -68.27
728.4 -67.88
728.8 -68.26
729.2 -68.15
729.6 -66.87
730.0 -69.02
730.4 -69.09
730.8 -67.44
731.2 -67.85
731.6 -67.39
732.0 -68.41
732.4 -67.34
732.8 -67.19
733.2 -67.14
733.6 -69.51
734.0 -67.78
734.4 -68.27
734.8 -65.9
735.2 -67.93
735.6 -67.03
736.0 -68.32
736.4 -67.54
736.8 -67.59
737.2 -67.64
737.6 -67.38
738.0 -69.24
738.4 -66.46
738.8 -68.17
739.2 -67.28
739.6 -66.53
740.0 -67.12
740.4 -67.72
740.8 -66.99
741.2 -67.21
741.6 -68.39
742.0 -66.31
742.4 -69.29
742.8 -67.44
743.2 -66.84
743.6 -67.86
744.0 -68.97
744.4 -68.02
744.8 -68.02
745.2 -67.79
745.6 -67.08
746.0 -66.44
746.4 -67.42
746.8 -66.77
747.2 -67.83
747.6 -68.48
748.0 -66.72
748.4 -67.3
748.8 -67.82
749.2 -67.4
749.6 -70.07
750.0 -65.99
750.4 -67.98
750.8 -68.2
751.2 -66.61
751.6 -68.31
752.0 -68.12
752.4 -67.26
752.8 -66.7
753.2 -68.42
753.6 -68.1
754.0 -67.24
754.4 -67.53
754.8 -66.08
755.2 -66.22
755.6 -67.91
756.0 -68.38
756.4 -66.62
756.8 -67.89
757.2 -66.96
757.6 -68.17
758.0 -67.71
758.4 -67.23
758.8 -68.35
759.2 -66.54
759.6 -67.47
760.0 -66.83
760.4 -66.97
760.8 -67.45
761.2 -67.01
761.6 -67.06
762.0 -66.81
762.4 -66.64
762.8 -66.5
763.2 -66.89
763.6 -66.89
764.0 -65.58
764.4 -67.69
764.8 -66.61
765.2 -67.63
765.6 -67.36
766.0 -67.67
766.4 -67.25
766.8 -66.05
767.2 -66.33
767.6 -66.09
768.0 -68.0
768.4 -66.58
768.8 -66.79
769.2 -67.12
769.6 -67.48
770.0 -66.22
770.4 -67.75
770.8 -66.18
771.2 -67.01
771.6 -66.97
772.0 -66.63
772.4 -66.38
772.8 -67.0
773.2 -67.97
773.6 -67.51
774.0 -65.82
774.4 -68.9
774.8 -66.41
775.2 -67.19
775.6 -65.67
776.0 -67.49
776.4 -65.81
776.8 -66.79
777.2 -66.15
777.6 -66.07
778.0 -66.39
778.4 -66.39
778.8 -65.41
779.2 -66.97
779.6 -66.26
780.0 -66.73
780.4 -66.46
780.8 -66.77
781.2 -67.93
781.6 -66.41
782.0 -65.67
782.4 -67.52
782.8 -67.0
783.2 -66.27
783.6 -67.62
784.0 -65.59
784.4 -67.09
784.8 -65.34
785.2 -65.72
785.6 -65.79
786.0 -66.02
786.4 -66.25
786.8 -67.54
787.2 -65.07
787.6 -65.53
788.0 -66.47
788.4 -65.96
788.8 -66.59
789.2 -66.87
789.6 -65.74
790.0 -65.65
790.4 -66.4
790.8 -66.15
791.2 -67.19
791.6 -66.1
792.0 -64.79
792.4 -66.94
792.8 -67.5
793.2 -66.47
793.6 -65.53
794.0 -67.07
794.4 -67.9
794.8 -66.12
795.2 -67.44
795.6 -66.54
796.0 -65.44
796.4 -66.24
796.8 -66.91
797.2 -65.64
797.6 -65.86
798.0 -65.36
798.4 -64.68
798.8 -66.34
799.2 -66.3
799.6 -66.3
800.0 -65.84
800.4 -66.16
800.8 -66.12
801.2 -64.96
801.6 -65.67
802.0 -65.85
802.4 -64.96
802.8 -65.36
803.2 -65.19
803.6 -65.71
804.0 -66.15
804.4 -65.58
804.8 -65.4
805.2 -65.65
805.6 -64.57
806.0 -64.35
806.4 -61.72
806.8 -58.48
807.2 -54.71
807.6 -50.78
808.0 -49.34
808.4 -50.4
808.8 -50.74
809.2 -54.33
809.6 -62.47
810.0 -64.3
810.4 -65.18
810.8 -64.68
811.2 -64.51
811.6 -65.94
812.0 -66.19
812.4 -65.35
812.8 -65.36
813.2 -65.61
813.6 -65.91
814.0 -66.26
814.4 -65.56
814.8 -65.97
815.2 -65.74
815.6 -66.38
816.0 -65.06
816.4 -65.96
816.8 -65.2
817.2 -65.5
817.6 -65.9
818.0 -65.06
818.4 -65.91
818.8 -65.96
819.2 -66.2
819.6 -65.79
820.0 -65.88
820.4 -65.18
820.8 -65.98
821.2 -65.28
821.6 -67.35
822.0 -65.91
822.4 -65.3
822.8 -65.63
823.2 -65.82
823.6 -65.63
824.0 -65.17
824.4 -65.76
824.8 -65.35
825.2 -65.75
825.6 -65.08
826.0 -64.63
826.4 -65.03
826.8 -64.96
827.2 -65.17
827.6 -64.99
828.0 -65.03
828.4 -65.37
828.8 -65.44
829.2 -65.85
829.6 -64.47
830.0 -65.53
830.4 -64.65
830.8 -64.94
831.2 -65.13
831.6 -64.83
832.0 -65.18
832.4 -65.21
832.8 -64.65
833.2 -64.93
833.6 -64.23
834.0 -65.09
834.4 -65.41
834.8 -64.87
835.2 -64.22
835.6 -63.89
836.0 -64.48
836.4 -64.49
836.8 -64.68
837.2 -64.83
837.6 -65.35
838.0 -63.86
838.4 -64.89
838.8 -65.21
839.2 -64.89
839.6 -64.87
840.0 -65.48
840.4 -65.26
840.8 -64.9
841.2 -64.64
841.6 -64.86
842.0 -64.51
842.4 -64.8
842.8 -64.26
843.2 -64.42
843.6 -64.69
844.0 -64.52
844.4 -64.44
844.8 -64.08
845.2 -63.9
845.6 -63.93
846.0 -64.66
846.4 -64.66
846.8 -64.73
847.2 -64.42
847.6 -63.92
848.0 -64.74
848.4 -64.24
848.8 -64.24
849.2 -64.57
849.6 -63.98
850.0 -65.19
850.4 -64.37
850.8 -63.91
851.2 -63.81
851.6 -64.34
852.0 -64.36
852.4 -64.34
852.8 -64.0
853.2 -64.93
853.6 -63.87
854.0 -64.59
854.4 -63.37
854.8 -64.68
855.2 -64.26
855.6 -64.37
856.0 -63.96
856.4 -64.11
856.8 -63.66
857.2 -63.97
857.6 -63.79
858.0 -63.58
858.4 -64.0
858.8 -63.62
859.2 -63.62
859.6 -63.57
860.0 -63.59
860.4 -64.05
860.8 -63.43
861.2 -63.29
861.6 -63.2
862.0 -63.2
862.4 -64.1
862.8 -63.41
863.2 -63.85
863.6 -63.87
864.0 -63.45
864.4 -63.48
864.8 -63.76
865.2 -64.02
865.6 -63.84
866.0 -63.43
866.4 -63.86
866.8 -63.49
867.2 -63.45
867.6 -63.07
868.0 -62.94
868.4 -63.4
868.8 -63.63
869.2 -63.21
869.6 -63.02
870.0 -64.19
870.4 -63.14
870.8 -62.97
871.2 -63.95
871.6 -63.11
872.0 -62.92
872.4 -63.05
872.8 -63.53
873.2 -63.59
873.6 -63.73
874.0 -63.09
874.4 -63.13
874.8 -62.98
875.2 -63.14
875.6 -63.36
876.0 -62.85
876.4 -62.67
876.8 -63.46
877.2 -62.25
877.6 -62.97
878.0 -63.29
878.4 -62.51
878.8 -62.62
879.2 -63.07
879.6 -63.15
880.0 -63.14
880.4 -63.16
880.8 -62.99
881.2 -62.46
881.6 -63.24
882.0 -62.66
882.4 -62.68
882.8 -62.63
883.2 -62.71
883.6 -62.9
884.0 -62.74
884.4 -63.1
884.8 -62.7
885.2 -62.7
885.6 -62.73
886.0 -62.45
886.4 -62.73
886.8 -62.51
887.2 -62.58
887.6 -62.54
888.0 -62.54
888.4 -62.25
888.8 -62.31
889.2 -62.27
889.6 -62.75
890.0 -62.49
890.4 -62.68
890.8 -62.66
891.2 -62.51
891.6 -62.92
892.0 -62.68
892.4 -62.56
892.8 -62.59
893.2 -62.25
893.6 -62.32
894.0 -62.14
894.4 -62.78
894.8 -62.22
895.2 -62.42
895.6 -62.35
896.0 -62.35
896.4 -62.3
896.8 -62.69
897.2 -62.24
897.6 -62.43
898.0 -62.25
898.4 -62.14
898.8 -62.59
899.2 -62.42
899.6 -62.38
900.0 -62.24
900.4 -62.02
900.8 -62.01
901.2 -62.46
901.6 -62.23
902.0 -62.03
902.4 -62.04
902.8 -62.03
903.2 -62.38
903.6 -61.9
904.0 -62.01
904.4 -61.89
904.8 -62.1
905.2 -62.29
905.6 -62.01
906.0 -62.12
906.4 -62.47
906.8 -62.22
907.2 -62.28
907.6 -62.01
908.0 -62.31
908.4 -61.92
908.8 -61.98
909.2 -62.08
909.6 -61.85
910.0 -61.99
910.4 -62.11
910.8 -61.86
911.2 -61.65
911.6 -62.01
912.0 -61.73
912.4 -61.65
912.8 -61.7
913.2 -61.19
913.6 -61.8
914.0 -61.8
914.4 -61.64
914.8 -61.53
915.2 -61.55
915.6 -61.93
916.0 -61.64
916.4 -61.75
916.8 -61.77
917.2 -62.05
917.6 -61.69
918.0 -61.72
918.4 -61.79
918.8 -62.1
919.2 -61.7
919.6 -61.92
920.0 -61.7
920.4 -61.58
920.8 -61.6
921.2 -61.67
921.6 -61.55
922.0 -61.75
922.4 -61.49
922.8 -61.55
923.2 -61.8
923.6 -61.6
924.0 -61.46
924.4 -61.41
924.8 -61.73
925.2 -61.48
925.6 -61.63
926.0 -61.64
926.4 -61.52
926.8 -61.15
927.2 -61.37
927.6 -61.36
928.0 -61.29
928.4 -61.29
928.8 -61.38
929.2 -61.11
929.6 -61.47
930.0 -61.03
930.4 -61.36
930.8 -61.48
931.2 -61.34
931.6 -61.23
932.0 -61.25
932.4 -61.1
932.8 -61.28
933.2 -61.19
933.6 -61.13
934.0 -61.2
934.4 -61.18
934.8 -61.27
935.2 -61.26
935.6 -61.12
936.0 -60.82
936.4 -61.21
936.8 -61.14
937.2 -61.07
937.6 -61.17
938.0 -60.96
938.4 -61.04
938.8 -61.1
939.2 -60.95
939.6 -61.0
940.0 -61.06
940.4 -61.06
940.8 -60.88
941.2 -61.12
941.6 -60.81
942.0 -60.97
942.4 -61.17
942.8 -61.1
943.2 -60.94
943.6 -60.81
944.0 -61.08
944.4 -61.0
944.8 -60.71
945.2 -60.77
945.6 -60.83
946.0 -60.68
946.4 -61.15
946.8 -60.93
947.2 -60.75
947.6 -60.71
948.0 -60.81
948.4 -60.75
948.8 -60.85
949.2 -60.81
949.6 -61.14
950.0 -61.02
950.4 -60.73
950.8 -60.86
951.2 -60.68
951.6 -60.64
952.0 -60.93
952.4 -60.93
952.8 -60.82
953.2 -60.95
953.6 -60.75
954.0 -60.85
954.4 -60.85
954.8 -60.79
955.2 -61.04
955.6 -60.84
956.0 -60.89
956.4 -60.89
956.8 -60.76
957.2 -60.76
957.6 -60.68
958.0 -60.92
958.4 -60.76
958.8 -60.68
959.2 -60.69
959.6 -60.56
960.0 -60.61
960.4 -60.74
960.8 -60.46
961.2 -60.46
961.6 -60.49
962.0 -60.37
962.4 -60.54
962.8 -60.32
963.2 -60.45
963.6 -60.29
964.0 -60.35
964.4 -60.25
964.8 -60.14
965.2 -60.15
965.6 -60.04
966.0 -59.99
966.4 -60.18
966.8 -60.28
967.2 -60.36
967.6 -60.29
968.0 -60.27
968.4 -60.19
968.8 -60.54
969.2 -60.47
969.6 -60.16
970.0 -60.21
970.4 -60.34
970.8 -60.27
971.2 -60.27
971.6 -60.45
972.0 -60.4
972.4 -60.43
972.8 -60.36
973.2 -60.5
973.6 -60.52
974.0 -60.5
974.4 -60.61
974.8 -60.64
975.2 -60.54
975.6 -60.73
976.0 -60.61
976.4 -60.66
976.8 -60.7
977.2 -60.65
977.6 -60.72
978.0 -60.62
978.4 -60.59
978.8 -60.99
979.2 -60.64
979.6 -60.59
980.0 -60.66
980.4 -60.73
980.8 -60.84
981.2 -60.75
981.6 -60.53
982.0 -60.57
982.4 -60.49
982.8 -60.49
983.2 -60.38
983.6 -60.3
984.0 -60.4
984.4 -60.25
984.8 -60.18
985.2 -60.08
985.6 -60.2
986.0 -60.16
986.4 -60.13
986.8 -59.95
987.2 -60.05
987.6 -60.03
988.0 -59.93
988.4 -59.92
988.8 -59.84
989.2 -59.9
989.6 -59.77
990.0 -59.76
990.4 -59.83
990.8 -59.81
991.2 -59.75
991.6 -59.73
992.0 -59.75
992.4 -59.68
992.8 -59.61
993.2 -59.65
993.6 -59.64
994.0 -59.55
994.4 -59.45
994.8 -59.46
995.2 -59.53
995.6 -59.55
996.0 -59.56
996.4 -59.72
996.8 -59.62
997.2 -59.68
997.6 -59.66
998.0 -59.73
998.4 -59.77
998.8 -59.78
999.2 -59.74
999.6 -59.68
1000.0 -59.85
