600.0 -74.14
600.4 -77.17
600.8 -210.0
601.2 -81.2
601.6 -71.93
602.0 -72.22
602.4 -210.0
602.8 -72.01
603.2 -210.0
603.6 -210.0
604.0 -210.0
604.4 -73.62
604.8 -210.0
605.2 -68.34
605.6 -84.5
606.0 -74.11
606.4 -210.0
606.8 -210.0
607.2 -210.0
607.6 -210.0
608.0 -210.0
608.4 -210.0
608.8 -210.0
609.2 -74.31
609.6 -69.7
610.0 -78.75
610.4 -210.0
610.8 -78.8
611.2 -210.0
611.6 -210.0
612.0 -80.12
612.4 -210.0
612.8 -210.0
613.2 -210.0
613.6 -210.0
614.0 -210.0
614.4 -75.04
614.8 -210.0
615.2 -72.78
615.6 -210.0
616.0 -210.0
616.4 -74.74
616.8 -210.0
617.2 -76.17
617.6 -210.0
618.0 -210.0
618.4 -210.0
618.8 -73.83
619.2 -210.0
619.6 -210.0
620.0 -210.0
620.4 -70.92
620.8 -210.0
621.2 -76.41
621.6 -77.68
622.0 -210.0
622.4 -210.0
622.8 -210.0
623.2 -75.15
623.6 -210.0
624.0 -210.0
624.4 -210.0
624.8 -210.0
625.2 -210.0
625.6 -82.71
626.0 -73.98
626.4 -210.0
626.8 -210.0
627.2 -76.27
627.6 -71.22
628.0 -71.09
628.4 -72.47
628.8 -73.61
629.2 -210.0
629.6 -73.41
630.0 -210.0
630.4 -70.71
630.8 -210.0
631.2 -210.0
631.6 -81.34
632.0 -86.15
632.4 -74.71
632.8 -75.41
633.2 -210.0
633.6 -75.12
634.0 -210.0
634.4 -210.0
634.8 -73.56
635.2 -74.33
635.6 -210.0
636.0 -210.0
636.4 -210.0
636.8 -73.94
637.2 -210.0
637.6 -74.0
638.0 -77.04
638.4 -210.0
638.8 -74.34
639.2 -210.0
639.6 -73.28
640.0 -210.0
640.4 -78.32
640.8 -72.5
641.2 -210.0
641.6 -73.88
642.0 -72.14
642.4 -76.16
642.8 -77.45
643.2 -79.24
643.6 -74.76
644.0 -79.31
644.4 -82.36
644.8 -72.86
645.2 -81.18
645.6 -75.78
646.0 -210.0
646.4 -77.77
646.8 -77.36
647.2 -72.33
647.6 -71.86
648.0 -81.43
648.4 -79.04
648.8 -74.75
649.2 -74.56
649.6 -73.99
650.0 -72.3
650.4 -72.3
650.8 -73.81
651.2 -210.0
651.6 -210.0
652.0 -80.64
652.4 -210.0
652.8 -74.63
653.2 -75.87
653.6 -74.03
654.0 -76.85
654.4 -73.02
654.8 -72.47
655.2 -73.03
655.6 -74.43
656.0 -210.0
656.4 -73.04
656.8 -78.12
657.2 -71.34
657.6 -74.67
658.0 -71.88
658.4 -74.06
658.8 -70.61
659.2 -73.37
659.6 -79.23
660.0 -79.24
660.4 -73.07
660.8 -75.39
661.2 -210.0
661.6 -210.0
662.0 -77.28
662.4 -79.91
662.8 -210.0
663.2 -210.0
663.6 -79.24
664.0 -75.14
664.4 -210.0
664.8 -73.22
665.2 -76.9
665.6 -74.08
666.0 -78.66
666.4 -210.0
666.8 -75.93
667.2 -77.7
667.6 -79.91
668.0 -74.91
668.4 -72.64
668.8 -80.71
669.2 -210.0
669.6 -74.08
670.0 -76.22
670.4 -76.89
670.8 -73.2
671.2 -74.45
671.6 -72.76
672.0 -74.66
672.4 -76.53
672.8 -79.87
673.2 -75.1
673.6 -75.35
674.0 -73.33
674.4 -70.83
674.8 -73.66
675.2 -210.0
675.6 -72.58
676.0 -78.59
676.4 -76.16
676.8 -71.82
677.2 -74.61
677.6 -72.84
678.0 -73.63
678.4 -74.6
678.8 -74.81
679.2 -76.13
679.6 -78.56
680.0 -76.79
680.4 -81.56
680.8 -210.0
681.2 -72.26
681.6 -72.25
682.0 -210.0
682.4 -70.83
682.8 -210.0
683.2 -72.92
683.6 -77.54
684.0 -74.75
684.4 -76.39
684.8 -74.1
685.2 -78.48
685.6 -71.95
686.0 -210.0
686.4 -72.45
686.8 -82.72
687.2 -74.94
687.6 -79.7
688.0 -71.46
688.4 -71.35
688.8 -76.01
689.2 -76.67
689.6 -73.15
690.0 -70.55
690.4 -77.9
690.8 -71.53
691.2 -87.44
691.6 -74.43
692.0 -75.38
692.4 -210.0
692.8 -78.96
693.2 -70.16
693.6 -70.68
694.0 -70.96
694.4 -78.93
694.8 -210.0
695.2 -72.6
695.6 -73.06
696.0 -70.64
696.4 -210.0
696.8 -74.13
697.2 -71.55
697.6 -73.73
698.0 -73.72
698.4 -72.85
698.8 -74.54
699.2 -72.69
699.6 -74.76
700.0 -74.08
700.4 -70.86
700.8 -72.11
701.2 -76.87
701.6 -73.67
702.0 -75.81
702.4 -70.83
702.8 -77.72
703.2 -70.18
703.6 -71.46
704.0 -73.63
704.4 -74.23
704.8 -71.55
705.2 -71.31
705.6 -72.17
706.0 -210.0
706.4 -72.43
706.8 -74.2
707.2 -210.0
707.6 -78.16
708.0 -73.76
708.4 -71.15
708.8 -70.02
709.2 -71.14
709.6 -71.85
710.0 -71.03
710.4 -75.69
710.8 -74.36
711.2 -72.09
711.6 -71.57
712.0 -75.09
712.4 -72.99
712.8 -77.58
713.2 -72.35
713.6 -72.06
714.0 -72.64
714.4 -70.48
714.8 -76.31
715.2 -71.18
715.6 -71.78
716.0 -71.3
716.4 -76.29
716.8 -72.31
717.2 -71.39
717.6 -69.75
718.0 -73.26
718.4 -75.6
718.8 -71.37
719.2 -71.26
719.6 -75.92
720.0 -70.81
720.4 -76.63
720.8 -70.41
721.2 -76.62
721.6 -74.03
722.0 -210.0
722.4 -71.97
722.8 -70.99
723.2 -75.25
723.6 -82.24
724.0 -73.39
724.4 -71.09
724.8 -71.94
725.2 -73.38
725.6 -72.22
726.0 -72.51
726.4 -74.68
726.8 -72.35
727.2 -72.66
727.6 -73.17
728.0 -74.41
728.4 -75.5
728.8 -68.44
729.2 -80.93
729.6 -75.19
730.0 -73.33
730.4 -69.7
730.8 -71.62
731.2 -210.0
731.6 -70.7
732.0 -71.61
732.4 -70.49
732.8 -76.13
733.2 -73.91
733.6 -72.29
734.0 -74.61
734.4 -80.88
734.8 -73.48
735.2 -69.5
735.6 -71.1
736.0 -70.36
736.4 -73.46
736.8 -71.09
737.2 -72.11
737.6 -73.87
738.0 -70.54
738.4 -73.26
738.8 -72.55
739.2 -78.41
739.6 -210.0
740.0 -71.29
740.4 -70.13
740.8 -75.72
741.2 -210.0
741.6 -75.71
742.0 -74.8
742.4 -73.04
742.8 -70.02
743.2 -83.83
743.6 -72.06
744.0 -210.0
744.4 -70.7
744.8 -71.77
745.2 -73.02
745.6 -74.51
746.0 -69.41
746.4 -73.59
746.8 -72.5
747.2 -74.25
747.6 -71.49
748.0 -69.56
748.4 -73.37
748.8 -79.01
749.2 -72.32
749.6 -72.82
750.0 -70.87
750.4 -210.0
750.8 -72.15
751.2 -71.09
751.6 -71.99
752.0 -73.14
752.4 -76.76
752.8 -73.32
753.2 -74.44
753.6 -73.12
754.0 -69.83
754.4 -76.31
754.8 -74.96
755.2 -75.25
755.6 -74.41
756.0 -73.09
756.4 -73.7
756.8 -77.15
757.2 -71.01
757.6 -210.0
758.0 -74.38
758.4 -71.49
758.8 -74.63
759.2 -71.22
759.6 -73.05
760.0 -72.18
760.4 -71.88
760.8 -72.17
761.2 -71.87
761.6 -71.2
762.0 -68.71
762.4 -68.93
762.8 -72.31
763.2 -76.63
763.6 -210.0
764.0 -76.2
764.4 -70.38
764.8 -69.79
765.2 -76.61
765.6 -71.04
766.0 -71.82
766.4 -71.68
766.8 -71.53
767.2 -73.8
767.6 -70.56
768.0 -75.78
768.4 -73.15
768.8 -69.84
769.2 -77.53
769.6 -76.57
770.0 -69.23
770.4 -68.85
770.8 -70.22
771.2 -74.51
771.6 -74.51
772.0 -70.75
772.4 -69.92
772.8 -70.98
773.2 -76.13
773.6 -68.28
774.0 -76.99
774.4 -73.11
774.8 -76.54
775.2 -72.06
775.6 -73.53
776.0 -71.9
776.4 -73.1
776.8 -71.61
777.2 -71.21
777.6 -210.0
778.0 -69.11
778.4 -70.28
778.8 -73.51
779.2 -71.89
779.6 -70.95
780.0 -69.26
780.4 -70.48
780.8 -70.27
781.2 -71.19
781.6 -71.72
782.0 -70.7
782.4 -73.94
782.8 -71.87
783.2 -80.46
783.6 -72.34
784.0 -69.24
784.4 -73.93
784.8 -72.5
785.2 -73.92
785.6 -70.45
786.0 -76.48
786.4 -71.84
786.8 -72.32
787.2 -70.34
787.6 -70.78
788.0 -69.56
788.4 -76.91
788.8 -79.47
789.2 -69.13
789.6 -72.65
790.0 -73.02
790.4 -75.65
790.8 -74.14
791.2 -70.99
791.6 -70.99
792.0 -71.52
792.4 -73.21
792.8 -70.74
793.2 -77.39
793.6 -73.0
794.0 -74.37
794.4 -73.63
794.8 -71.23
795.2 -71.23
795.6 -77.37
796.0 -70.96
796.4 -70.61
796.8 -71.63
797.2 -78.61
797.6 -74.35
798.0 -70.83
798.4 -72.41
798.8 -69.85
799.2 -70.59
799.6 -72.24
800.0 -69.13
800.4 -73.37
800.8 -69.56
801.2 -73.6
801.6 -78.6
802.0 -70.82
802.4 -70.05
802.8 -69.58
803.2 -70.37
803.6 -70.06
804.0 -71.35
804.4 -71.93
804.8 -70.38
805.2 -72.6
805.6 -69.17
806.0 -69.01
806.4 -64.74
806.8 -62.13
807.2 -58.09
807.6 -54.46
808.0 -52.74
808.4 -53.79
808.8 -54.47
809.2 -58.0
809.6 -67.4
810.0 -69.63
810.4 -69.47
810.8 -71.02
811.2 -68.2
811.6 -70.56
812.0 -80.46
812.4 -69.95
812.8 -70.93
813.2 -70.27
813.6 -72.2
814.0 -69.19
814.4 -72.05
814.8 -70.1
815.2 -70.41
815.6 -75.08
816.0 -71.64
816.4 -68.5
816.8 -69.75
817.2 -73.15
817.6 -70.46
818.0 -70.35
818.4 -69.44
818.8 -69.45
819.2 -70.08
819.6 -78.83
820.0 -73.41
820.4 -75.18
820.8 -73.66
821.2 -73.25
821.6 -80.67
822.0 -72.08
822.4 -69.48
822.8 -69.83
823.2 -71.84
823.6 -71.32
824.0 -67.75
824.4 -70.46
824.8 -82.04
825.2 -76.83
825.6 -68.27
826.0 -69.07
826.4 -68.68
826.8 -71.1
827.2 -70.28
827.6 -71.61
828.0 -71.25
828.4 -86.96
828.8 -71.78
829.2 -71.3
829.6 -70.76
830.0 -69.47
830.4 -69.13
830.8 -70.01
831.2 -71.93
831.6 -72.99
832.0 -68.47
832.4 -69.13
832.8 -69.67
833.2 -70.01
833.6 -69.09
834.0 -70.5
834.4 -73.03
834.8 -69.59
835.2 -70.33
835.6 -69.88
836.0 -70.06
836.4 -69.79
836.8 -70.27
837.2 -69.16
837.6 -70.59
838.0 -70.45
838.4 -72.45
838.8 -70.51
839.2 -68.4
839.6 -68.38
840.0 -72.05
840.4 -73.11
840.8 -68.87
841.2 -69.61
841.6 -69.04
842.0 -68.98
842.4 -71.0
842.8 -70.82
843.2 -71.49
843.6 -71.6
844.0 -68.97
844.4 -70.09
844.8 -71.69
845.2 -68.85
845.6 -70.31
846.0 -68.37
846.4 -69.72
846.8 -69.2
847.2 -70.38
847.6 -71.08
848.0 -69.78
848.4 -71.17
848.8 -68.84
849.2 -69.19
849.6 -69.01
850.0 -70.45
850.4 -69.91
850.8 -69.91
851.2 -67.43
851.6 -69.62
852.0 -68.88
852.4 -68.76
852.8 -72.49
853.2 -71.88
853.6 -67.76
854.0 -67.45
854.4 -71.75
854.8 -69.09
855.2 -69.21
855.6 -70.1
856.0 -70.33
856.4 -69.08
856.8 -70.33
857.2 -69.79
857.6 -69.65
858.0 -68.84
858.4 -68.09
858.8 -69.0
859.2 -69.12
859.6 -70.08
860.0 -68.99
860.4 -69.05
860.8 -68.98
861.2 -66.82
861.6 -67.74
862.0 -68.8
862.4 -70.28
862.8 -67.43
863.2 -68.79
863.6 -69.32
864.0 -70.96
864.4 -69.31
864.8 -69.58
865.2 -68.93
865.6 -67.65
866.0 -68.22
866.4 -68.63
866.8 -68.31
867.2 -67.81
867.6 -69.09
868.0 -70.21
868.4 -69.34
868.8 -69.07
869.2 -69.67
869.6 -68.49
870.0 -67.78
870.4 -69.05
870.8 -68.01
871.2 -67.63
871.6 -68.62
872.0 -67.85
872.4 -69.15
872.8 -67.18
873.2 -69.54
873.6 -69.67
874.0 -71.02
874.4 -69.45
874.8 -68.63
875.2 -68.04
875.6 -68.18
876.0 -68.22
876.4 -68.96
876.8 -67.49
877.2 -67.23
877.6 -68.59
878.0 -69.12
878.4 -68.14
878.8 -68.4
879.2 -68.91
879.6 -66.5
880.0 -68.66
880.4 -68.9
880.8 -67.77
881.2 -68.55
881.6 -69.03
882.0 -68.55
882.4 -68.83
882.8 -67.9
883.2 -67.61
883.6 -67.43
884.0 -70.62
884.4 -67.76
884.8 -69.21
885.2 -68.3
885.6 -67.75
886.0 -66.96
886.4 -68.09
886.8 -67.51
887.2 -67.98
887.6 -68.81
888.0 -69.84
888.4 -69.0
888.8 -68.35
889.2 -69.33
889.6 -68.24
890.0 -67.45
890.4 -69.25
890.8 -67.59
891.2 -67.69
891.6 -68.4
892.0 -68.14
892.4 -69.14
892.8 -67.8
893.2 -68.05
893.6 -68.48
894.0 -69.29
894.4 -69.57
894.8 -67.68
895.2 -69.17
895.6 -69.04
896.0 -67.0
896.4 -69.25
896.8 -68.35
897.2 -71.15
897.6 -67.84
898.0 -69.27
898.4 -67.48
898.8 -68.89
899.2 -68.83
899.6 -68.37
900.0 -69.15
900.4 -68.56
900.8 -69.24
901.2 -67.62
901.6 -68.36
902.0 -69.19
902.4 -68.89
902.8 -68.9
903.2 -67.49
903.6 -68.09
904.0 -68.41
904.4 -68.99
904.8 -69.73
905.2 -72.08
905.6 -68.66
906.0 -67.85
906.4 -67.72
906.8 -68.31
907.2 -68.93
907.6 -68.37
908.0 -68.13
908.4 -69.26
908.8 -67.68
909.2 -67.74
909.6 -69.28
910.0 -69.36
910.4 -69.38
910.8 -68.52
911.2 -69.35
911.6 -70.54
912.0 -67.14
912.4 -66.52
912.8 -67.37
913.2 -67.71
913.6 -68.19
914.0 -69.16
914.4 -69.42
914.8 -67.74
915.2 -68.35
915.6 -70.45
916.0 -68.24
916.4 -69.32
916.8 -69.21
917.2 -70.0
917.6 -67.9
918.0 -70.17
918.4 -69.28
918.8 -69.48
919.2 -68.92
919.6 -70.95
920.0 -70.56
920.4 -68.62
920.8 -67.63
921.2 -68.18
921.6 -70.79
922.0 -70.14
922.4 -69.02
922.8 -68.4
923.2 -68.79
923.6 -68.38
924.0 -68.54
924.4 -68.75
924.8 -68.4
925.2 -69.95
925.6 -69.49
926.0 -71.88
926.4 -70.85
926.8 -70.03
927.2 -69.5
927.6 -69.52
928.0 -68.86
928.4 -69.45
928.8 -70.38
929.2 -67.89
929.6 -68.84
930.0 -69.25
930.4 -69.27
930.8 -69.78
931.2 -69.47
931.6 -69.88
932.0 -69.91
932.4 -69.18
932.8 -68.73
933.2 -69.08
933.6 -69.55
934.0 -71.15
934.4 -71.09
934.8 -70.29
935.2 -72.33
935.6 -68.62
936.0 -70.68
936.4 -70.76
936.8 -69.98
937.2 -69.63
937.6 -71.57
938.0 -70.4
938.4 -71.15
938.8 -69.51
939.2 -70.71
939.6 -70.3
940.0 -71.94
940.4 -68.4
940.8 -69.87
941.2 -69.9
941.6 -70.42
942.0 -70.33
942.4 -70.41
942.8 -71.78
943.2 -70.7
943.6 -69.84
944.0 -70.74
944.4 -70.53
944.8 -69.53
945.2 -70.36
945.6 -70.84
946.0 -70.8
946.4 -70.37
946.8 -70.85
947.2 -69.16
947.6 -71.02
948.0 -71.3
948.4 -73.73
948.8 -70.35
949.2 -70.77
949.6 -71.4
950.0 -70.69
950.4 -71.25
950.8 -71.08
951.2 -70.98
951.6 -70.3
952.0 -71.08
952.4 -69.87
952.8 -73.13
953.2 -71.45
953.6 -69.8
954.0 -69.41
954.4 -70.3
954.8 -70.52
955.2 -70.69
955.6 -71.04
956.0 -69.21
956.4 -70.21
956.8 -72.56
957.2 -71.01
957.6 -72.68
958.0 -71.45
958.4 -72.56
958.8 -73.16
959.2 -70.35
959.6 -71.53
960.0 -71.32
960.4 -72.21
960.8 -71.58
961.2 -74.14
961.6 -70.55
962.0 -71.06
962.4 -70.72
962.8 -70.06
963.2 -71.79
963.6 -72.7
964.0 -70.92
964.4 -71.71
964.8 -70.43
965.2 -70.97
965.6 -70.37
966.0 -71.31
966.4 -70.36
966.8 -70.93
967.2 -71.3
967.6 -71.37
968.0 -70.46
968.4 -70.1
968.8 -71.31
969.2 -72.2
969.6 -72.55
970.0 -71.92
970.4 -72.58
970.8 -69.63
971.2 -71.73
971.6 -72.29
972.0 -70.41
972.4 -71.55
972.8 -70.87
973.2 -71.03
973.6 -74.1
974.0 -71.78
974.4 -71.86
974.8 -70.81
975.2 -71.61
975.6 -71.52
976.0 -70.56
976.4 -70.37
976.8 -73.12
977.2 -71.8
977.6 -72.21
978.0 -71.46
978.4 -71.62
978.8 -71.34
979.2 -71.03
979.6 -71.28
980.0 -71.1
980.4 -71.5
980.8 -72.1
981.2 -74.48
981.6 -72.66
982.0 -70.52
982.4 -72.25
982.8 -71.52
983.2 -71.78
983.6 -72.12
984.0 -71.6
984.4 -70.07
984.8 -71.77
985.2 -70.34
985.6 -71.31
986.0 -69.78
986.4 -69.86
986.8 -71.44
987.2 -71.4
987.6 -70.23
988.0 -71.2
988.4 -70.41
988.8 -71.31
989.2 -72.76
989.6 -71.03
990.0 -70.03
990.4 -71.32
990.8 -70.33
991.2 -70.03
991.6 -70.8
992.0 -69.8
992.4 -69.28
992.8 -71.26
993.2 -71.01
993.6 -69.46
994.0 -70.15
994.4 -69.77
994.8 -69.69
995.2 -69.79
995.6 -70.06
996.0 -70.31
996.4 -69.08
996.8 -70.16
997.2 -70.17
997.6 -70.49
998.0 -70.01
998.4 -69.43
998.8 -69.49
999.2 -70.57
999.6 -70.95
1000.0 -70.92
