600.0 -81.13
600.4 -210.0
600.8 -210.0
601.2 -210.0
601.6 -210.0
602.0 -210.0
602.4 -210.0
602.8 -210.0
603.2 -210.0
603.6 -210.0
604.0 -210.0
604.4 -74.87
604.8 -71.89
605.2 -84.47
605.6 -210.0
606.0 -71.97
606.4 -210.0
606.8 -210.0
607.2 -69.97
607.6 -210.0
608.0 -210.0
608.4 -72.12
608.8 -210.0
609.2 -75.18
609.6 -210.0
610.0 -210.0
610.4 -74.81
610.8 -210.0
611.2 -210.0
611.6 -210.0
612.0 -77.11
612.4 -76.47
612.8 -70.97
613.2 -75.42
613.6 -210.0
614.0 -210.0
614.4 -210.0
614.8 -210.0
615.2 -210.0
615.6 -210.0
616.0 -73.37
616.4 -210.0
616.8 -72.62
617.2 -210.0
617.6 -77.44
618.0 -210.0
618.4 -79.25
618.8 -69.98
619.2 -210.0
619.6 -210.0
620.0 -72.36
620.4 -77.61
620.8 -76.38
621.2 -210.0
621.6 -73.42
622.0 -210.0
622.4 -73.47
622.8 -82.54
623.2 -210.0
623.6 -69.06
624.0 -210.0
624.4 -82.64
624.8 -76.12
625.2 -210.0
625.6 -210.0
626.0 -82.74
626.4 -210.0
626.8 -74.66
627.2 -76.27
627.6 -210.0
628.0 -210.0
628.4 -78.91
628.8 -210.0
629.2 -210.0
629.6 -78.18
630.0 -76.0
630.4 -210.0
630.8 -71.43
631.2 -210.0
631.6 -210.0
632.0 -74.68
632.4 -80.15
632.8 -210.0
633.2 -75.44
633.6 -77.22
634.0 -210.0
634.4 -210.0
634.8 -73.79
635.2 -81.6
635.6 -72.43
636.0 -210.0
636.4 -72.85
636.8 -76.95
637.2 -210.0
637.6 -74.79
638.0 -77.04
638.4 -72.64
638.8 -210.0
639.2 -210.0
639.6 -210.0
640.0 -86.74
640.4 -71.46
640.8 -80.79
641.2 -73.84
641.6 -70.16
642.0 -71.73
642.4 -210.0
642.8 -73.57
643.2 -77.03
643.6 -75.02
644.0 -210.0
644.4 -210.0
644.8 -74.62
645.2 -74.2
645.6 -74.02
646.0 -210.0
646.4 -72.26
646.8 -210.0
647.2 -210.0
647.6 -210.0
648.0 -76.32
648.4 -81.47
648.8 -79.08
649.2 -210.0
649.6 -210.0
650.0 -210.0
650.4 -72.05
650.8 -81.59
651.2 -75.07
651.6 -74.62
652.0 -210.0
652.4 -210.0
652.8 -210.0
653.2 -210.0
653.6 -78.1
654.0 -72.87
654.4 -80.66
654.8 -73.68
655.2 -79.2
655.6 -73.85
656.0 -79.88
656.4 -76.53
656.8 -77.67
657.2 -210.0
657.6 -73.87
658.0 -77.26
658.4 -210.0
658.8 -82.91
659.2 -74.46
659.6 -72.91
660.0 -77.7
660.4 -74.91
660.8 -71.9
661.2 -72.51
661.6 -73.89
662.0 -77.28
662.4 -210.0
662.8 -74.27
663.2 -71.78
663.6 -74.69
664.0 -76.56
664.4 -210.0
664.8 -210.0
665.2 -74.27
665.6 -73.89
666.0 -76.23
666.4 -79.91
666.8 -78.66
667.2 -72.13
667.6 -210.0
668.0 -74.69
668.4 -71.67
668.8 -76.23
669.2 -73.89
669.6 -210.0
670.0 -75.64
670.4 -78.65
670.8 -79.22
671.2 -75.12
671.6 -76.88
672.0 -78.63
672.4 -73.69
672.8 -76.86
673.2 -73.18
673.6 -71.42
674.0 -73.5
674.4 -73.84
674.8 -81.61
675.2 -87.64
675.6 -78.09
676.0 -79.17
676.4 -79.17
676.8 -75.06
677.2 -79.83
677.6 -82.84
678.0 -76.81
678.4 -210.0
678.8 -210.0
679.2 -69.96
679.6 -74.59
680.0 -79.13
680.4 -210.0
680.8 -75.53
681.2 -75.27
681.6 -76.43
682.0 -210.0
682.4 -87.56
682.8 -210.0
683.2 -210.0
683.6 -73.39
684.0 -210.0
684.4 -210.0
684.8 -210.0
685.2 -210.0
685.6 -72.07
686.0 -210.0
686.4 -210.0
686.8 -72.72
687.2 -79.04
687.6 -70.08
688.0 -75.72
688.4 -78.44
688.8 -79.02
689.2 -74.91
689.6 -210.0
690.0 -80.47
690.4 -73.64
690.8 -87.45
691.2 -72.96
691.6 -75.39
692.0 -70.99
692.4 -74.41
692.8 -210.0
693.2 -72.09
693.6 -74.18
694.0 -70.32
694.4 -78.93
694.8 -76.59
695.2 -73.23
695.6 -77.38
696.0 -76.57
696.4 -75.31
696.8 -74.35
697.2 -84.34
697.6 -73.37
698.0 -72.71
698.4 -72.27
698.8 -76.19
699.2 -73.89
699.6 -210.0
700.0 -75.84
700.4 -72.98
700.8 -73.49
701.2 -77.74
701.6 -73.48
702.0 -72.96
702.4 -76.13
702.8 -70.45
703.2 -72.94
703.6 -84.25
704.0 -72.77
704.4 -73.09
704.8 -72.18
705.2 -74.0
705.6 -75.46
706.0 -210.0
706.4 -72.02
706.8 -78.75
707.2 -74.41
707.6 -81.17
708.0 -73.38
708.4 -73.37
708.8 -71.15
709.2 -75.12
709.6 -210.0
710.0 -73.01
710.4 -210.0
710.8 -73.17
711.2 -71.23
711.6 -71.95
712.0 -72.08
712.4 -72.82
712.8 -72.65
713.2 -73.7
713.6 -74.33
714.0 -73.89
714.4 -72.63
714.8 -72.19
715.2 -73.67
715.6 -71.78
716.0 -74.31
716.4 -74.3
716.8 -74.08
717.2 -72.93
717.6 -71.28
718.0 -71.88
718.4 -78.61
718.8 -75.59
719.2 -79.27
719.6 -74.27
720.0 -72.9
720.4 -78.01
720.8 -73.42
721.2 -73.61
721.6 -73.81
722.0 -73.6
722.4 -72.4
722.8 -70.68
723.2 -73.59
723.6 -72.1
724.0 -74.45
724.4 -73.2
724.8 -69.51
725.2 -76.58
725.6 -71.2
726.0 -73.01
726.4 -72.07
726.8 -74.42
727.2 -72.35
727.6 -70.54
728.0 -70.94
728.4 -78.51
728.8 -210.0
729.2 -71.77
729.6 -75.49
730.0 -71.5
730.4 -70.82
730.8 -70.21
731.2 -70.31
731.6 -72.96
732.0 -73.92
732.4 -210.0
732.8 -75.16
733.2 -70.48
733.6 -75.45
734.0 -73.49
734.4 -76.49
734.8 -76.11
735.2 -70.67
735.6 -73.89
736.0 -71.1
736.4 -75.42
736.8 -75.42
737.2 -71.7
737.6 -210.0
738.0 -210.0
738.4 -69.39
738.8 -72.55
739.2 -72.09
739.6 -72.55
740.0 -77.82
740.4 -69.87
740.8 -77.31
741.2 -77.3
741.6 -72.87
742.0 -73.42
742.4 -70.03
742.8 -75.7
743.2 -82.06
743.6 -74.53
744.0 -74.78
744.4 -74.52
744.8 -74.27
745.2 -73.02
745.6 -80.79
746.0 -70.0
746.4 -79.03
746.8 -73.2
747.2 -82.03
747.6 -79.02
748.0 -72.03
748.4 -72.65
748.8 -71.48
749.2 -73.37
749.6 -73.37
750.0 -72.01
750.4 -74.23
750.8 -74.47
751.2 -70.86
751.6 -71.08
752.0 -72.61
752.4 -210.0
752.8 -71.97
753.2 -210.0
753.6 -76.74
754.0 -72.26
754.4 -69.4
754.8 -74.42
755.2 -69.99
755.6 -74.95
756.0 -76.71
756.4 -72.08
756.8 -71.92
757.2 -70.46
757.6 -70.06
758.0 -72.21
758.4 -76.26
758.8 -74.91
759.2 -73.66
759.6 -71.1
760.0 -69.17
760.4 -71.88
760.8 -71.87
761.2 -69.74
761.6 -86.65
762.0 -70.61
762.4 -73.02
762.8 -86.63
763.2 -75.16
763.6 -75.16
764.0 -71.05
764.4 -71.99
764.8 -71.42
765.2 -69.12
765.6 -72.46
766.0 -71.68
766.4 -70.91
766.8 -210.0
767.2 -69.77
767.6 -72.11
768.0 -74.27
768.4 -69.95
768.8 -72.59
769.2 -72.42
769.6 -72.42
770.0 -72.75
770.4 -81.78
770.8 -70.76
771.2 -71.37
771.6 -70.32
772.0 -210.0
772.4 -73.12
772.8 -68.09
773.2 -72.07
773.6 -70.75
774.0 -75.74
774.4 -70.51
774.8 -71.91
775.2 -70.41
775.6 -73.75
776.0 -74.48
776.4 -70.19
776.8 -70.5
777.2 -71.34
777.6 -67.6
778.0 -72.9
778.4 -72.04
778.8 -69.44
779.2 -210.0
779.6 -70.95
780.0 -69.69
780.4 -73.5
780.8 -71.19
781.2 -74.46
781.6 -74.19
782.0 -69.17
782.4 -70.26
782.8 -76.95
783.2 -73.7
783.6 -69.76
784.0 -72.87
784.4 -74.72
784.8 -71.42
785.2 -70.35
785.6 -75.68
786.0 -69.85
786.4 -70.67
786.8 -69.84
787.2 -71.41
787.6 -69.74
788.0 -73.91
788.4 -71.83
788.8 -70.43
789.2 -69.47
789.6 -70.33
790.0 -69.2
790.4 -68.74
790.8 -86.45
791.2 -76.44
791.6 -69.11
792.0 -70.41
792.4 -74.67
792.8 -70.63
793.2 -68.94
793.6 -69.27
794.0 -69.98
794.4 -69.79
794.8 -70.08
795.2 -68.35
795.6 -71.09
796.0 -72.43
796.4 -69.97
796.8 -71.63
797.2 -70.83
797.6 -69.15
798.0 -72.59
798.4 -70.36
798.8 -70.7
799.2 -74.34
799.6 -69.66
800.0 -68.45
800.4 -70.81
800.8 -70.04
801.2 -69.23
801.6 -71.33
802.0 -70.94
802.4 -72.96
802.8 -69.96
803.2 -68.47
803.6 -71.62
804.0 -73.62
804.4 -70.96
804.8 -69.78
805.2 -69.59
805.6 -72.61
806.0 -68.86
806.4 -65.41
806.8 -62.07
807.2 -58.04
807.6 -54.17
808.0 -52.52
808.4 -53.6
808.8 -54.44
809.2 -57.77
809.6 -65.87
810.0 -71.0
810.4 -73.03
810.8 -69.06
811.2 -70.13
811.6 -73.92
812.0 -75.35
812.4 -71.57
812.8 -69.09
813.2 -73.5
813.6 -71.33
814.0 -74.47
814.4 -72.55
814.8 -72.92
815.2 -69.63
815.6 -68.55
816.0 -68.63
816.4 -77.53
816.8 -68.18
817.2 -70.24
817.6 -69.51
818.0 -73.8
818.4 -68.81
818.8 -70.92
819.2 -71.05
819.6 -74.85
820.0 -70.3
820.4 -75.85
820.8 -69.76
821.2 -68.97
821.6 -71.38
822.0 -68.78
822.4 -71.95
822.8 -69.1
823.2 -72.13
823.6 -70.74
824.0 -70.76
824.4 -68.67
824.8 -69.33
825.2 -68.5
825.6 -67.45
826.0 -69.37
826.4 -69.89
826.8 -69.19
827.2 -74.35
827.6 -68.93
828.0 -72.62
828.4 -71.04
828.8 -70.63
829.2 -70.0
829.6 -68.67
830.0 -71.71
830.4 -68.86
830.8 -69.02
831.2 -69.12
831.6 -73.33
832.0 -69.53
832.4 -68.81
832.8 -70.69
833.2 -69.06
833.6 -68.77
834.0 -68.86
834.4 -68.59
834.8 -69.38
835.2 -70.78
835.6 -68.68
836.0 -69.91
836.4 -70.42
836.8 -69.06
837.2 -70.56
837.6 -69.45
838.0 -67.56
838.4 -69.12
838.8 -69.81
839.2 -70.97
839.6 -69.94
840.0 -69.74
840.4 -69.88
840.8 -71.2
841.2 -68.76
841.6 -73.11
842.0 -69.67
842.4 -69.03
842.8 -70.17
843.2 -68.43
843.6 -70.4
844.0 -70.32
844.4 -69.09
844.8 -68.96
845.2 -68.47
845.6 -67.98
846.0 -68.22
846.4 -72.27
846.8 -68.08
847.2 -69.01
847.6 -69.19
848.0 -69.13
848.4 -69.64
848.8 -70.38
849.2 -69.32
849.6 -69.71
850.0 -69.57
850.4 -69.37
850.8 -69.06
851.2 -70.2
851.6 -69.69
852.0 -68.71
852.4 -70.44
852.8 -68.59
853.2 -68.87
853.6 -68.43
854.0 -67.8
854.4 -70.94
854.8 -68.17
855.2 -67.84
855.6 -68.96
856.0 -67.2
856.4 -68.31
856.8 -69.14
857.2 -68.72
857.6 -69.79
858.0 -68.95
858.4 -68.14
858.8 -68.24
859.2 -68.44
859.6 -68.34
860.0 -68.43
860.4 -67.09
860.8 -68.64
861.2 -68.07
861.6 -67.74
862.0 -69.48
862.4 -68.8
862.8 -69.4
863.2 -68.25
863.6 -69.26
864.0 -68.72
864.4 -68.65
864.8 -69.06
865.2 -67.4
865.6 -68.53
866.0 -68.22
866.4 -68.98
866.8 -68.75
867.2 -67.91
867.6 -69.69
868.0 -67.8
868.4 -68.73
868.8 -68.49
869.2 -67.79
869.6 -68.28
870.0 -68.82
870.4 -68.47
870.8 -67.87
871.2 -67.54
871.6 -68.91
872.0 -67.8
872.4 -68.72
872.8 -67.61
873.2 -67.69
873.6 -68.94
874.0 -67.91
874.4 -66.48
874.8 -68.74
875.2 -68.09
875.6 -67.01
876.0 -67.68
876.4 -68.84
876.8 -68.21
877.2 -69.01
877.6 -68.47
878.0 -67.61
878.4 -68.46
878.8 -67.83
879.2 -67.45
879.6 -67.37
880.0 -67.31
880.4 -67.27
880.8 -67.67
881.2 -66.46
881.6 -68.49
882.0 -67.14
882.4 -67.22
882.8 -68.21
883.2 -68.59
883.6 -68.42
884.0 -67.8
884.4 -68.05
884.8 -69.14
885.2 -69.7
885.6 -68.14
886.0 -66.44
886.4 -67.08
886.8 -68.09
887.2 -66.64
887.6 -68.94
888.0 -68.87
888.4 -67.37
888.8 -66.57
889.2 -67.2
889.6 -68.35
890.0 -66.82
890.4 -67.92
890.8 -68.63
891.2 -67.69
891.6 -66.61
892.0 -67.75
892.4 -69.85
892.8 -67.9
893.2 -67.8
893.6 -67.9
894.0 -67.86
894.4 -67.27
894.8 -67.87
895.2 -67.37
895.6 -68.73
896.0 -69.25
896.4 -67.6
896.8 -67.43
897.2 -67.05
897.6 -66.52
898.0 -67.95
898.4 -68.31
898.8 -67.96
899.2 -67.63
899.6 -67.41
900.0 -68.02
900.4 -67.47
900.8 -67.44
901.2 -68.64
901.6 -66.88
902.0 -67.63
902.4 -68.17
902.8 -67.7
903.2 -69.36
903.6 -69.85
904.0 -67.95
904.4 -67.73
904.8 -66.8
905.2 -68.08
905.6 -69.14
906.0 -68.29
906.4 -67.21
906.8 -67.51
907.2 -67.35
907.6 -67.31
908.0 -67.75
908.4 -67.42
908.8 -67.22
909.2 -67.74
909.6 -68.57
910.0 -69.56
910.4 -72.59
910.8 -70.33
911.2 -67.85
911.6 -69.18
912.0 -67.97
912.4 -66.97
912.8 -66.51
913.2 -66.89
913.6 -66.6
914.0 -68.45
914.4 -69.11
914.8 -68.9
915.2 -69.21
915.6 -67.86
916.0 -67.54
916.4 -68.4
916.8 -68.36
917.2 -67.93
917.6 -68.03
918.0 -67.54
918.4 -68.34
918.8 -68.55
919.2 -67.84
919.6 -68.2
920.0 -69.92
920.4 -69.26
920.8 -66.95
921.2 -68.51
921.6 -69.14
922.0 -67.8
922.4 -68.61
922.8 -68.98
923.2 -67.36
923.6 -69.12
924.0 -68.98
924.4 -68.61
924.8 -69.51
925.2 -68.73
925.6 -68.25
926.0 -67.94
926.4 -68.29
926.8 -68.4
927.2 -68.68
927.6 -68.89
928.0 -68.41
928.4 -67.67
928.8 -69.31
929.2 -68.0
929.6 -68.43
930.0 -69.3
930.4 -68.22
930.8 -69.34
931.2 -68.97
931.6 -69.13
932.0 -69.16
932.4 -68.8
932.8 -68.0
933.2 -68.71
933.6 -69.0
934.0 -69.21
934.4 -68.23
934.8 -67.92
935.2 -69.32
935.6 -71.0
936.0 -69.12
936.4 -69.9
936.8 -69.65
937.2 -69.58
937.6 -70.26
938.0 -68.87
938.4 -69.35
938.8 -69.61
939.2 -70.98
939.6 -69.96
940.0 -68.33
940.4 -68.79
940.8 -71.36
941.2 -68.88
941.6 -71.19
942.0 -69.36
942.4 -68.91
942.8 -70.05
943.2 -69.82
943.6 -69.74
944.0 -69.34
944.4 -69.84
944.8 -69.72
945.2 -70.58
945.6 -69.67
946.0 -70.29
946.4 -67.88
946.8 -70.73
947.2 -69.2
947.6 -70.96
948.0 -70.15
948.4 -70.49
948.8 -70.05
949.2 -70.88
949.6 -69.1
950.0 -69.57
950.4 -69.81
950.8 -70.46
951.2 -70.81
951.6 -70.01
952.0 -70.85
952.4 -70.1
952.8 -69.84
953.2 -70.04
953.6 -71.1
954.0 -69.37
954.4 -69.2
954.8 -69.57
955.2 -69.67
955.6 -70.13
956.0 -69.8
956.4 -70.21
956.8 -70.99
957.2 -71.47
957.6 -69.36
958.0 -69.9
958.4 -68.87
958.8 -71.2
959.2 -69.96
959.6 -69.42
960.0 -69.75
960.4 -69.97
960.8 -69.08
961.2 -70.04
961.6 -70.6
962.0 -69.44
962.4 -70.22
962.8 -69.54
963.2 -70.12
963.6 -71.28
964.0 -69.93
964.4 -70.33
964.8 -69.58
965.2 -69.6
965.6 -68.15
966.0 -69.97
966.4 -70.14
966.8 -69.07
967.2 -69.97
967.6 -69.87
968.0 -69.55
968.4 -69.9
968.8 -70.32
969.2 -69.67
969.6 -69.24
970.0 -69.7
970.4 -71.16
970.8 -70.48
971.2 -70.45
971.6 -68.91
972.0 -70.49
972.4 -70.72
972.8 -69.64
973.2 -69.58
973.6 -70.14
974.0 -70.6
974.4 -71.32
974.8 -70.42
975.2 -70.05
975.6 -70.8
976.0 -71.69
976.4 -70.37
976.8 -70.26
977.2 -71.58
977.6 -70.62
978.0 -71.22
978.4 -71.08
978.8 -70.62
979.2 -71.51
979.6 -71.28
980.0 -71.63
980.4 -69.79
980.8 -69.97
981.2 -69.98
981.6 -70.06
982.0 -70.11
982.4 -69.84
982.8 -70.43
983.2 -71.48
983.6 -69.4
984.0 -70.54
984.4 -70.75
984.8 -71.52
985.2 -69.85
985.6 -70.48
986.0 -69.82
986.4 -69.48
986.8 -70.86
987.2 -70.4
987.6 -70.34
988.0 -68.54
988.4 -69.85
988.8 -69.46
989.2 -69.75
989.6 -69.31
990.0 -69.89
990.4 -69.4
990.8 -69.18
991.2 -68.78
991.6 -69.79
992.0 -69.61
992.4 -69.47
992.8 -69.95
993.2 -69.36
993.6 -69.23
994.0 -70.42
994.4 -68.82
994.8 -69.78
995.2 -69.06
995.6 -69.72
996.0 -69.82
996.4 -69.18
996.8 -69.41
997.2 -69.53
997.6 -69.29
998.0 -68.9
998.4 -69.27
998.8 -69.25
999.2 -68.56
999.6 -69.6
1000.0 -69.39
