600.0 -74.59
600.4 -210.0
600.8 -210.0
601.2 -210.0
601.6 -71.23
602.0 -71.26
602.4 -81.28
602.8 -72.85
603.2 -75.3
603.6 -210.0
604.0 -69.77
604.4 -210.0
604.8 -210.0
605.2 -68.55
605.6 -69.44
606.0 -70.91
606.4 -210.0
606.8 -210.0
607.2 -71.59
607.6 -210.0
608.0 -72.35
608.4 -75.64
608.8 -210.0
609.2 -79.95
609.6 -72.2
610.0 -73.01
610.4 -210.0
610.8 -75.28
611.2 -70.22
611.6 -75.33
612.0 -69.98
612.4 -68.11
612.8 -73.81
613.2 -74.97
613.6 -210.0
614.0 -73.88
614.4 -73.57
614.8 -73.02
615.2 -70.61
615.6 -210.0
616.0 -71.16
616.4 -77.37
616.8 -210.0
617.2 -78.22
617.6 -75.68
618.0 -210.0
618.4 -69.36
618.8 -210.0
619.2 -210.0
619.6 -75.35
620.0 -210.0
620.4 -210.0
620.8 -75.42
621.2 -82.44
621.6 -210.0
622.0 -210.0
622.4 -75.97
622.8 -71.4
623.2 -70.79
623.6 -82.59
624.0 -77.16
624.4 -79.62
624.8 -75.25
625.2 -210.0
625.6 -75.72
626.0 -210.0
626.4 -76.22
626.8 -72.18
627.2 -210.0
627.6 -73.54
628.0 -72.06
628.4 -75.1
628.8 -73.87
629.2 -82.93
629.6 -71.65
630.0 -72.77
630.4 -73.47
630.8 -86.06
631.2 -72.47
631.6 -69.88
632.0 -72.0
632.4 -70.49
632.8 -72.98
633.2 -76.24
633.6 -71.94
634.0 -73.98
634.4 -70.19
634.8 -74.88
635.2 -74.91
635.6 -70.72
636.0 -78.65
636.4 -72.32
636.8 -71.58
637.2 -70.84
637.6 -71.5
638.0 -72.27
638.4 -76.2
638.8 -69.32
639.2 -71.9
639.6 -71.79
640.0 -77.19
640.4 -73.77
640.8 -70.09
641.2 -69.6
641.6 -69.03
642.0 -70.68
642.4 -77.92
642.8 -68.87
643.2 -69.95
643.6 -69.74
644.0 -71.53
644.4 -69.81
644.8 -70.19
645.2 -69.57
645.6 -72.19
646.0 -68.52
646.4 -72.26
646.8 -69.8
647.2 -69.68
647.6 -70.52
648.0 -70.47
648.4 -69.86
648.8 -69.54
649.2 -71.88
649.6 -68.36
650.0 -69.55
650.4 -69.76
650.8 -68.81
651.2 -68.49
651.6 -69.3
652.0 -68.7
652.4 -69.12
652.8 -68.66
653.2 -70.65
653.6 -69.07
654.0 -67.39
654.4 -68.56
654.8 -71.12
655.2 -69.46
655.6 -69.73
656.0 -67.62
656.4 -67.98
656.8 -68.42
657.2 -69.35
657.6 -68.59
658.0 -68.43
658.4 -69.16
658.8 -67.91
659.2 -68.49
659.6 -69.11
660.0 -69.7
660.4 -67.83
660.8 -69.24
661.2 -68.83
661.6 -68.89
662.0 -69.12
662.4 -68.89
662.8 -68.3
663.2 -68.3
663.6 -68.4
664.0 -68.11
664.4 -66.94
664.8 -67.87
665.2 -67.57
665.6 -68.4
666.0 -67.92
666.4 -68.35
666.8 -67.87
667.2 -67.57
667.6 -66.87
668.0 -67.61
668.4 -67.28
668.8 -68.3
669.2 -68.45
669.6 -66.39
670.0 -67.77
670.4 -67.47
670.8 -67.85
671.2 -68.04
671.6 -67.81
672.0 -69.4
672.4 -68.47
672.8 -66.9
673.2 -67.88
673.6 -67.74
674.0 -67.82
674.4 -68.45
674.8 -68.77
675.2 -69.06
675.6 -66.84
676.0 -67.89
676.4 -66.73
676.8 -67.98
677.2 -67.88
677.6 -67.32
678.0 -68.85
678.4 -68.85
678.8 -67.03
679.2 -67.3
679.6 -67.22
680.0 -67.13
680.4 -67.25
680.8 -66.97
681.2 -66.57
681.6 -65.58
682.0 -67.34
682.4 -67.92
682.8 -67.29
683.2 -67.77
683.6 -66.82
684.0 -66.82
684.4 -67.84
684.8 -66.63
685.2 -68.48
685.6 -67.83
686.0 -65.72
686.4 -66.75
686.8 -67.12
687.2 -66.53
687.6 -66.95
688.0 -68.04
688.4 -67.31
688.8 -67.93
689.2 -67.17
689.6 -67.55
690.0 -67.54
690.4 -66.48
690.8 -67.28
691.2 -66.94
691.6 -66.4
692.0 -66.56
692.4 -67.25
692.8 -66.73
693.2 -66.61
693.6 -67.24
694.0 -69.27
694.4 -67.3
694.8 -65.96
695.2 -66.55
695.6 -66.96
696.0 -67.68
696.4 -66.49
696.8 -66.75
697.2 -66.66
697.6 -66.07
698.0 -66.2
698.4 -66.72
698.8 -66.22
699.2 -66.56
699.6 -66.78
700.0 -66.37
700.4 -66.76
700.8 -67.04
701.2 -65.64
701.6 -65.86
702.0 -66.56
702.4 -67.63
702.8 -66.23
703.2 -66.61
703.6 -66.18
704.0 -66.75
704.4 -66.06
704.8 -66.34
705.2 -65.7
705.6 -66.36
706.0 -65.82
706.4 -66.38
706.8 -66.03
707.2 -65.55
707.6 -65.8
708.0 -66.58
708.4 -65.22
708.8 -66.1
709.2 -66.16
709.6 -67.25
710.0 -65.85
710.4 -66.36
710.8 -67.7
711.2 -65.84
711.6 -65.93
712.0 -66.06
712.4 -66.76
712.8 -65.63
713.2 -65.63
713.6 -65.69
714.0 -66.74
714.4 -66.24
714.8 -66.31
715.2 -67.7
715.6 -65.63
716.0 -65.57
716.4 -65.44
716.8 -65.75
717.2 -65.31
717.6 -65.06
718.0 -66.9
718.4 -66.03
718.8 -66.3
719.2 -66.52
719.6 -65.56
720.0 -66.51
720.4 -66.01
720.8 -65.08
721.2 -65.48
721.6 -66.32
722.0 -65.12
722.4 -65.32
722.8 -65.81
723.2 -65.52
723.6 -66.41
724.0 -65.58
724.4 -65.77
724.8 -65.29
725.2 -65.69
725.6 -65.96
726.0 -65.52
726.4 -65.43
726.8 -66.56
727.2 -66.11
727.6 -66.56
728.0 -65.69
728.4 -65.83
728.8 -65.05
729.2 -64.86
729.6 -66.24
730.0 -65.3
730.4 -65.81
730.8 -65.86
731.2 -65.73
731.6 -65.47
732.0 -65.08
732.4 -65.53
732.8 -65.4
733.2 -66.38
733.6 -65.07
734.0 -65.74
734.4 -65.2
734.8 -65.67
735.2 -65.57
735.6 -64.83
736.0 -65.19
736.4 -64.93
736.8 -66.72
737.2 -65.81
737.6 -66.05
738.0 -65.98
738.4 -65.77
738.8 -65.53
739.2 -65.31
739.6 -65.47
740.0 -65.62
740.4 -66.56
740.8 -65.15
741.2 -66.68
741.6 -65.14
742.0 -65.26
742.4 -65.38
742.8 -65.66
743.2 -64.45
743.6 -65.94
744.0 -66.61
744.4 -66.53
744.8 -65.04
745.2 -64.98
745.6 -66.02
746.0 -65.54
746.4 -65.05
746.8 -65.78
747.2 -65.34
747.6 -65.34
748.0 -65.38
748.4 -66.08
748.8 -65.43
749.2 -65.27
749.6 -65.37
750.0 -66.1
750.4 -65.05
750.8 -65.31
751.2 -66.06
751.6 -64.75
752.0 -65.58
752.4 -65.23
752.8 -64.9
753.2 -65.16
753.6 -65.6
754.0 -65.87
754.4 -65.52
754.8 -65.39
755.2 -65.19
755.6 -64.7
756.0 -65.6
756.4 -65.5
756.8 -64.71
757.2 -64.79
757.6 -65.41
758.0 -64.75
758.4 -65.34
758.8 -65.88
759.2 -65.11
759.6 -64.99
760.0 -64.98
760.4 -66.24
760.8 -64.86
761.2 -65.47
761.6 -65.51
762.0 -65.21
762.4 -65.63
762.8 -65.59
763.2 -64.84
763.6 -64.95
764.0 -65.72
764.4 -64.85
764.8 -64.1
765.2 -64.46
765.6 -64.65
766.0 -64.53
766.4 -64.5
766.8 -64.44
767.2 -64.71
767.6 -65.03
768.0 -65.57
768.4 -64.76
768.8 -64.92
769.2 -64.16
769.6 -64.8
770.0 -64.85
770.4 -64.68
770.8 -64.85
771.2 -64.49
771.6 -64.23
772.0 -64.84
772.4 -64.84
772.8 -65.58
773.2 -64.34
773.6 -65.05
774.0 -64.63
774.4 -63.91
774.8 -64.6
775.2 -63.68
775.6 -64.03
776.0 -65.32
776.4 -64.59
776.8 -64.74
777.2 -64.71
777.6 -64.94
778.0 -64.47
778.4 -64.87
778.8 -64.39
779.2 -64.9
779.6 -64.84
780.0 -64.38
780.4 -64.46
780.8 -63.83
781.2 -64.0
781.6 -63.97
782.0 -64.76
782.4 -64.11
782.8 -65.0
783.2 -65.12
783.6 -64.72
784.0 -64.06
784.4 -64.18
784.8 -64.63
785.2 -63.9
785.6 -64.43
786.0 -63.71
786.4 -64.45
786.8 -64.08
787.2 -63.99
787.6 -63.96
788.0 -64.42
788.4 -64.61
788.8 -64.2
789.2 -63.98
789.6 -64.61
790.0 -64.3
790.4 -64.43
790.8 -64.04
791.2 -64.42
791.6 -64.45
792.0 -64.59
792.4 -64.37
792.8 -64.12
793.2 -64.04
793.6 -63.78
794.0 -63.96
794.4 -64.01
794.8 -63.58
795.2 -64.14
795.6 -63.8
796.0 -65.17
796.4 -64.02
796.8 -63.48
797.2 -65.22
797.6 -64.52
798.0 -63.68
798.4 -64.4
798.8 -63.93
799.2 -64.26
799.6 -64.11
800.0 -63.41
800.4 -64.47
800.8 -63.8
801.2 -63.81
801.6 -64.18
802.0 -63.25
802.4 -63.76
802.8 -63.82
803.2 -63.07
803.6 -63.97
804.0 -63.71
804.4 -63.53
804.8 -63.22
805.2 -63.62
805.6 -62.86
806.0 -62.42
806.4 -60.68
806.8 -57.04
807.2 -53.38
807.6 -49.46
808.0 -47.99
808.4 -48.98
808.8 -49.7
809.2 -53.57
809.6 -60.57
810.0 -62.73
810.4 -62.93
810.8 -63.18
811.2 -63.46
811.6 -63.6
812.0 -63.35
812.4 -63.96
812.8 -64.59
813.2 -63.54
813.6 -63.36
814.0 -63.27
814.4 -64.43
814.8 -64.33
815.2 -64.15
815.6 -63.51
816.0 -63.44
816.4 -63.6
816.8 -63.51
817.2 -63.37
817.6 -64.11
818.0 -63.3
818.4 -63.9
818.8 -63.71
819.2 -64.36
819.6 -63.31
820.0 -63.35
820.4 -63.66
820.8 -64.34
821.2 -63.67
821.6 -64.19
822.0 -64.25
822.4 -63.46
822.8 -63.31
823.2 -63.83
823.6 -63.15
824.0 -63.21
824.4 -63.31
824.8 -63.2
825.2 -63.44
825.6 -63.77
826.0 -63.26
826.4 -63.41
826.8 -63.57
827.2 -63.1
827.6 -63.07
828.0 -63.12
828.4 -63.14
828.8 -63.72
829.2 -63.37
829.6 -63.36
830.0 -64.06
830.4 -62.66
830.8 -62.9
831.2 -63.26
831.6 -63.32
832.0 -63.45
832.4 -63.62
832.8 -62.91
833.2 -62.85
833.6 -62.97
834.0 -63.05
834.4 -62.87
834.8 -62.68
835.2 -62.55
835.6 -62.34
836.0 -63.12
836.4 -63.04
836.8 -62.7
837.2 -63.38
837.6 -62.98
838.0 -62.78
838.4 -62.92
838.8 -62.61
839.2 -62.91
839.6 -63.09
840.0 -62.79
840.4 -62.6
840.8 -62.86
841.2 -62.28
841.6 -62.4
842.0 -62.66
842.4 -62.67
842.8 -62.77
843.2 -62.84
843.6 -62.9
844.0 -62.8
844.4 -62.73
844.8 -62.86
845.2 -62.5
845.6 -62.82
846.0 -63.18
846.4 -62.58
846.8 -62.69
847.2 -62.29
847.6 -62.85
848.0 -62.88
848.4 -62.2
848.8 -62.51
849.2 -62.42
849.6 -62.42
850.0 -62.85
850.4 -62.78
850.8 -62.34
851.2 -62.49
851.6 -62.15
852.0 -62.57
852.4 -62.45
852.8 -62.45
853.2 -62.86
853.6 -62.42
854.0 -62.13
854.4 -62.02
854.8 -62.87
855.2 -62.75
855.6 -62.62
856.0 -62.29
856.4 -62.71
856.8 -61.93
857.2 -62.38
857.6 -62.16
858.0 -62.62
858.4 -62.08
858.8 -62.54
859.2 -62.27
859.6 -62.1
860.0 -62.01
860.4 -62.03
860.8 -61.97
861.2 -62.15
861.6 -62.28
862.0 -62.04
862.4 -62.21
862.8 -62.19
863.2 -62.17
863.6 -62.48
864.0 -62.13
864.4 -61.79
864.8 -61.72
865.2 -62.08
865.6 -62.0
866.0 -62.16
866.4 -62.14
866.8 -61.87
867.2 -62.06
867.6 -62.1
868.0 -62.14
868.4 -61.94
868.8 -62.13
869.2 -61.91
869.6 -62.05
870.0 -61.59
870.4 -62.25
870.8 -61.99
871.2 -61.7
871.6 -61.68
872.0 -62.02
872.4 -61.53
872.8 -62.02
873.2 -62.1
873.6 -61.81
874.0 -61.87
874.4 -61.86
874.8 -61.82
875.2 -61.49
875.6 -61.74
876.0 -61.52
876.4 -61.77
876.8 -61.65
877.2 -61.88
877.6 -61.63
878.0 -61.99
878.4 -61.74
878.8 -61.49
879.2 -61.28
879.6 -61.4
880.0 -61.71
880.4 -61.62
880.8 -61.76
881.2 -61.44
881.6 -61.36
882.0 -61.71
882.4 -61.24
882.8 -61.41
883.2 -61.59
883.6 -61.08
884.0 -61.25
884.4 -61.36
884.8 -61.45
885.2 -61.33
885.6 -61.49
886.0 -61.33
886.4 -61.81
886.8 -61.25
887.2 -61.63
887.6 -61.36
888.0 -61.39
888.4 -61.27
888.8 -61.35
889.2 -61.08
889.6 -61.29
890.0 -61.17
890.4 -61.08
890.8 -61.25
891.2 -61.0
891.6 -61.17
892.0 -61.22
892.4 -61.07
892.8 -61.13
893.2 -61.14
893.6 -61.24
894.0 -61.0
894.4 -61.01
894.8 -61.24
895.2 -61.16
895.6 -61.27
896.0 -60.98
896.4 -60.86
896.8 -61.38
897.2 -61.03
897.6 -60.74
898.0 -61.28
898.4 -61.01
898.8 -60.8
899.2 -61.08
899.6 -61.08
900.0 -60.94
900.4 -60.94
900.8 -60.94
901.2 -60.9
901.6 -60.87
902.0 -61.11
902.4 -60.87
902.8 -60.64
903.2 -61.1
903.6 -60.69
904.0 -60.86
904.4 -60.59
904.8 -60.77
905.2 -60.82
905.6 -60.91
906.0 -60.73
906.4 -60.62
906.8 -60.69
907.2 -60.62
907.6 -60.5
908.0 -60.62
908.4 -60.48
908.8 -60.42
909.2 -60.41
909.6 -60.22
910.0 -60.53
910.4 -60.29
910.8 -60.24
911.2 -60.3
911.6 -60.41
912.0 -60.3
912.4 -60.37
912.8 -60.16
913.2 -60.17
913.6 -60.11
914.0 -60.38
914.4 -59.82
914.8 -60.07
915.2 -60.01
915.6 -60.02
916.0 -60.15
916.4 -60.16
916.8 -60.25
917.2 -59.8
917.6 -59.92
918.0 -60.07
918.4 -59.85
918.8 -59.82
919.2 -59.88
919.6 -59.61
920.0 -59.77
920.4 -59.69
920.8 -59.73
921.2 -59.65
921.6 -59.51
922.0 -59.57
922.4 -59.57
922.8 -59.58
923.2 -59.42
923.6 -59.79
924.0 -59.3
924.4 -59.38
924.8 -59.45
925.2 -59.62
925.6 -59.45
926.0 -59.55
926.4 -59.35
926.8 -59.31
927.2 -59.12
927.6 -59.4
928.0 -59.26
928.4 -59.19
928.8 -59.39
929.2 -59.24
929.6 -59.25
930.0 -59.15
930.4 -59.07
930.8 -59.13
931.2 -59.0
931.6 -59.18
932.0 -59.04
932.4 -59.15
932.8 -58.96
933.2 -58.99
933.6 -58.98
934.0 -59.13
934.4 -58.91
934.8 -58.83
935.2 -58.8
935.6 -58.92
936.0 -58.73
936.4 -58.9
936.8 -58.71
937.2 -58.86
937.6 -58.87
938.0 -58.74
938.4 -58.77
938.8 -58.59
939.2 -58.53
939.6 -58.58
940.0 -58.67
940.4 -58.57
940.8 -58.44
941.2 -58.61
941.6 -58.55
942.0 -58.48
942.4 -58.54
942.8 -58.51
943.2 -58.57
943.6 -58.7
944.0 -58.49
944.4 -58.34
944.8 -58.29
945.2 -58.26
945.6 -58.57
946.0 -58.38
946.4 -58.42
946.8 -58.11
947.2 -58.2
947.6 -58.47
948.0 -58.48
948.4 -58.25
948.8 -58.22
949.2 -58.17
949.6 -58.26
950.0 -58.03
950.4 -58.25
950.8 -58.18
951.2 -58.13
951.6 -58.03
952.0 -58.37
952.4 -58.07
952.8 -58.13
953.2 -58.18
953.6 -58.35
954.0 -58.15
954.4 -58.19
954.8 -58.05
955.2 -58.24
955.6 -58.3
956.0 -58.14
956.4 -58.06
956.8 -58.01
957.2 -58.05
957.6 -57.93
958.0 -58.05
958.4 -58.02
958.8 -57.93
959.2 -57.83
959.6 -57.91
960.0 -57.91
960.4 -57.87
960.8 -57.93
961.2 -57.62
961.6 -57.64
962.0 -57.65
962.4 -57.54
962.8 -57.58
963.2 -57.48
963.6 -57.61
964.0 -57.5
964.4 -57.55
964.8 -57.46
965.2 -57.51
965.6 -57.34
966.0 -57.49
966.4 -57.42
966.8 -57.57
967.2 -57.5
967.6 -57.42
968.0 -57.42
968.4 -57.39
968.8 -57.4
969.2 -57.4
969.6 -57.47
970.0 -57.49
970.4 -57.45
970.8 -57.41
971.2 -57.59
971.6 -57.4
972.0 -57.45
972.4 -57.4
972.8 -57.56
973.2 -57.5
973.6 -57.75
974.0 -57.56
974.4 -57.46
974.8 -57.52
975.2 -57.67
975.6 -57.69
976.0 -57.68
976.4 -57.79
976.8 -57.72
977.2 -57.75
977.6 -57.83
978.0 -57.87
978.4 -57.92
978.8 -57.92
979.2 -57.9
979.6 -57.77
980.0 -57.82
980.4 -57.95
980.8 -57.85
981.2 -57.73
981.6 -57.54
982.0 -57.61
982.4 -57.59
982.8 -57.54
983.2 -57.62
983.6 -57.38
984.0 -57.41
984.4 -57.3
984.8 -57.35
985.2 -57.21
985.6 -57.2
986.0 -57.11
986.4 -57.17
986.8 -57.07
987.2 -57.02
987.6 -56.94
988.0 -57.01
988.4 -56.95
988.8 -57.09
989.2 -56.76
989.6 -56.85
990.0 -56.79
990.4 -56.82
990.8 -56.79
991.2 -56.65
991.6 -56.73
992.0 -56.72
992.4 -56.59
992.8 -56.85
993.2 -56.7
993.6 -56.8
994.0 -56.66
994.4 -56.82
994.8 -56.82
995.2 -56.7
995.6 -56.83
996.0 -56.73
996.4 -56.9
996.8 -56.88
997.2 -56.87
997.6 -56.86
998.0 -56.94
998.4 -56.87
998.8 -56.98
999.2 -57.02
999.6 -57.06
1000.0 -57.04
