600.0 -210.0
600.4 -70.01
600.8 -210.0
601.2 -72.44
601.6 -210.0
602.0 -210.0
602.4 -73.87
602.8 -210.0
603.2 -72.57
603.6 -70.05
604.0 -75.94
604.4 -73.62
604.8 -71.02
605.2 -77.48
605.6 -69.05
606.0 -70.05
606.4 -72.24
606.8 -72.02
607.2 -210.0
607.6 -69.57
608.0 -210.0
608.4 -73.21
608.8 -72.66
609.2 -74.73
609.6 -75.72
610.0 -210.0
610.4 -210.0
610.8 -73.69
611.2 -73.08
611.6 -73.74
612.0 -71.89
612.4 -70.95
612.8 -72.64
613.2 -210.0
613.6 -71.99
614.0 -72.46
614.4 -72.25
614.8 -85.07
615.2 -210.0
615.6 -72.1
616.0 -77.35
616.4 -210.0
616.8 -72.39
617.2 -74.41
617.6 -69.66
618.0 -72.47
618.4 -70.65
618.8 -70.38
619.2 -71.9
619.6 -70.43
620.0 -74.23
620.4 -210.0
620.8 -210.0
621.2 -72.22
621.6 -71.15
622.0 -77.71
622.4 -80.74
622.8 -70.77
623.2 -71.59
623.6 -72.59
624.0 -69.18
624.4 -68.92
624.8 -210.0
625.2 -70.92
625.6 -76.17
626.0 -73.7
626.4 -68.36
626.8 -69.56
627.2 -69.48
627.6 -70.66
628.0 -72.86
628.4 -70.98
628.8 -69.68
629.2 -73.15
629.6 -70.28
630.0 -70.94
630.4 -210.0
630.8 -71.43
631.2 -71.77
631.6 -71.2
632.0 -71.67
632.4 -69.74
632.8 -71.89
633.2 -68.68
633.6 -70.34
634.0 -67.77
634.4 -71.4
634.8 -68.15
635.2 -74.33
635.6 -79.42
636.0 -71.81
636.4 -70.03
636.8 -70.81
637.2 -69.8
637.6 -73.55
638.0 -69.18
638.4 -69.99
638.8 -72.02
639.2 -67.92
639.6 -69.98
640.0 -69.1
640.4 -69.7
640.8 -70.19
641.2 -70.93
641.6 -70.76
642.0 -71.23
642.4 -69.17
642.8 -68.36
643.2 -69.78
643.6 -71.5
644.0 -69.31
644.4 -68.81
644.8 -67.44
645.2 -70.39
645.6 -68.11
646.0 -70.12
646.4 -67.63
646.8 -66.86
647.2 -67.84
647.6 -67.05
648.0 -68.16
648.4 -69.23
648.8 -70.46
649.2 -68.76
649.6 -68.16
650.0 -68.86
650.4 -68.37
650.8 -68.32
651.2 -68.04
651.6 -67.02
652.0 -67.99
652.4 -68.29
652.8 -69.0
653.2 -67.64
653.6 -68.61
654.0 -67.56
654.4 -69.01
654.8 -67.61
655.2 -68.41
655.6 -67.2
656.0 -68.08
656.4 -67.58
656.8 -67.67
657.2 -68.23
657.6 -68.09
658.0 -67.55
658.4 -67.9
658.8 -68.34
659.2 -67.43
659.6 -69.69
660.0 -67.2
660.4 -67.53
660.8 -66.83
661.2 -67.48
661.6 -66.42
662.0 -67.53
662.4 -67.24
662.8 -66.83
663.2 -66.11
663.6 -67.24
664.0 -66.94
664.4 -66.33
664.8 -68.2
665.2 -66.3
665.6 -67.32
666.0 -68.25
666.4 -67.05
666.8 -68.25
667.2 -67.57
667.6 -67.92
668.0 -66.94
668.4 -67.65
668.8 -67.65
669.2 -66.27
669.6 -67.05
670.0 -67.69
670.4 -67.31
670.8 -67.22
671.2 -67.34
671.6 -66.54
672.0 -67.1
672.4 -66.36
672.8 -66.65
673.2 -66.55
673.6 -65.67
674.0 -66.34
674.4 -66.41
674.8 -66.81
675.2 -66.24
675.6 -66.5
676.0 -66.35
676.4 -65.75
676.8 -66.15
677.2 -66.51
677.6 -66.65
678.0 -65.9
678.4 -66.81
678.8 -65.92
679.2 -67.38
679.6 -66.88
680.0 -66.94
680.4 -66.98
680.8 -67.08
681.2 -66.61
681.6 -66.74
682.0 -66.32
682.4 -66.03
682.8 -66.61
683.2 -66.94
683.6 -65.86
684.0 -65.69
684.4 -66.84
684.8 -66.32
685.2 -66.18
685.6 -66.76
686.0 -66.17
686.4 -65.15
686.8 -66.63
687.2 -66.93
687.6 -65.78
688.0 -66.09
688.4 -66.2
688.8 -65.57
689.2 -66.33
689.6 -66.86
690.0 -66.09
690.4 -66.41
690.8 -66.11
691.2 -66.2
691.6 -66.79
692.0 -65.64
692.4 -66.73
692.8 -65.99
693.2 -67.67
693.6 -65.94
694.0 -66.06
694.4 -66.25
694.8 -65.8
695.2 -65.5
695.6 -66.51
696.0 -66.23
696.4 -65.96
696.8 -66.39
697.2 -67.26
697.6 -65.53
698.0 -66.23
698.4 -65.39
698.8 -66.32
699.2 -66.18
699.6 -66.18
700.0 -66.44
700.4 -65.45
700.8 -65.74
701.2 -65.95
701.6 -65.58
702.0 -65.57
702.4 -65.93
702.8 -66.3
703.2 -67.0
703.6 -65.47
704.0 -65.18
704.4 -65.68
704.8 -65.56
705.2 -66.15
705.6 -65.7
706.0 -66.72
706.4 -66.95
706.8 -66.0
707.2 -66.37
707.6 -66.23
708.0 -66.01
708.4 -65.27
708.8 -65.94
709.2 -65.74
709.6 -66.23
710.0 -65.17
710.4 -65.03
710.8 -66.43
711.2 -65.59
711.6 -65.9
712.0 -66.2
712.4 -67.01
712.8 -66.67
713.2 -65.45
713.6 -66.55
714.0 -66.25
714.4 -65.2
714.8 -66.14
715.2 -65.33
715.6 -65.82
716.0 -66.93
716.4 -66.05
716.8 -67.35
717.2 -65.61
717.6 -66.36
718.0 -65.79
718.4 -65.67
718.8 -65.5
719.2 -66.19
719.6 -65.66
720.0 -65.65
720.4 -66.36
720.8 -65.45
721.2 -66.24
721.6 -65.42
722.0 -65.66
722.4 -65.92
722.8 -66.15
723.2 -65.81
723.6 -66.89
724.0 -66.25
724.4 -66.25
724.8 -66.58
725.2 -65.29
725.6 -65.47
726.0 -65.98
726.4 -65.14
726.8 -66.08
727.2 -65.84
727.6 -65.84
728.0 -67.38
728.4 -65.44
728.8 -65.28
729.2 -66.13
729.6 -65.37
730.0 -65.77
730.4 -65.94
730.8 -66.72
731.2 -65.63
731.6 -65.97
732.0 -66.55
732.4 -65.14
732.8 -66.59
733.2 -65.81
733.6 -66.38
734.0 -66.35
734.4 -65.57
734.8 -66.19
735.2 -65.12
735.6 -65.37
736.0 -65.76
736.4 -65.58
736.8 -66.84
737.2 -64.93
737.6 -66.38
738.0 -65.32
738.4 -66.31
738.8 -66.07
739.2 -66.61
739.6 -65.02
740.0 -66.81
740.4 -66.14
740.8 -66.03
741.2 -65.67
741.6 -65.54
742.0 -67.11
742.4 -65.38
742.8 -66.42
743.2 -65.07
743.6 -66.12
744.0 -66.66
744.4 -65.3
744.8 -65.82
745.2 -65.4
745.6 -66.52
746.0 -65.99
746.4 -66.99
746.8 -65.29
747.2 -65.94
747.6 -67.46
748.0 -65.63
748.4 -66.04
748.8 -66.34
749.2 -65.79
749.6 -66.3
750.0 -66.79
750.4 -65.85
750.8 -66.82
751.2 -65.84
751.6 -66.35
752.0 -65.86
752.4 -66.19
752.8 -65.61
753.2 -65.85
753.6 -66.57
754.0 -66.57
754.4 -65.2
754.8 -65.69
755.2 -65.78
755.6 -66.46
756.0 -66.06
756.4 -65.37
756.8 -66.01
757.2 -66.61
757.6 -67.71
758.0 -66.64
758.4 -65.99
758.8 -66.46
759.2 -66.54
759.6 -65.39
760.0 -65.86
760.4 -64.92
760.8 -65.75
761.2 -65.93
761.6 -65.47
762.0 -66.47
762.4 -66.07
762.8 -67.13
763.2 -64.32
763.6 -65.42
764.0 -66.53
764.4 -65.44
764.8 -66.39
765.2 -66.65
765.6 -65.64
766.0 -65.73
766.4 -64.86
766.8 -65.62
767.2 -66.17
767.6 -65.48
768.0 -65.82
768.4 -65.71
768.8 -65.88
769.2 -65.92
769.6 -66.27
770.0 -65.22
770.4 -66.87
770.8 -66.39
771.2 -66.06
771.6 -65.84
772.0 -65.72
772.4 -65.75
772.8 -64.93
773.2 -65.86
773.6 -65.47
774.0 -66.45
774.4 -64.72
774.8 -65.4
775.2 -65.85
775.6 -65.5
776.0 -67.6
776.4 -65.1
776.8 -65.22
777.2 -65.73
777.6 -66.98
778.0 -64.26
778.4 -67.12
778.8 -65.48
779.2 -66.93
779.6 -65.58
780.0 -66.09
780.4 -66.29
780.8 -65.17
781.2 -65.3
781.6 -65.56
782.0 -66.5
782.4 -65.78
782.8 -65.81
783.2 -64.99
783.6 -66.27
784.0 -64.53
784.4 -66.15
784.8 -65.98
785.2 -65.79
785.6 -65.54
786.0 -65.37
786.4 -65.78
786.8 -66.73
787.2 -65.86
787.6 -65.5
788.0 -65.6
788.4 -64.93
788.8 -65.66
789.2 -65.63
789.6 -65.96
790.0 -65.65
790.4 -65.55
790.8 -65.65
791.2 -65.5
791.6 -65.98
792.0 -66.89
792.4 -65.54
792.8 -65.53
793.2 -65.42
793.6 -65.39
794.0 -66.29
794.4 -65.02
794.8 -65.62
795.2 -65.31
795.6 -64.85
796.0 -64.64
796.4 -64.7
796.8 -65.8
797.2 -65.22
797.6 -65.19
798.0 -65.39
798.4 -64.99
798.8 -65.45
799.2 -65.93
799.6 -65.97
800.0 -65.48
800.4 -64.31
800.8 -65.1
801.2 -64.51
801.6 -64.68
802.0 -64.62
802.4 -64.57
802.8 -65.36
803.2 -65.86
803.6 -64.44
804.0 -63.98
804.4 -64.56
804.8 -64.53
805.2 -64.18
805.6 -64.51
806.0 -63.47
806.4 -60.99
806.8 -57.86
807.2 -54.26
807.6 -50.32
808.0 -48.83
808.4 -49.95
808.8 -50.63
809.2 -54.48
809.6 -61.32
810.0 -63.75
810.4 -63.42
810.8 -64.68
811.2 -63.96
811.6 -64.33
812.0 -64.61
812.4 -64.13
812.8 -64.54
813.2 -65.14
813.6 -65.24
814.0 -64.21
814.4 -64.79
814.8 -64.83
815.2 -64.15
815.6 -64.7
816.0 -64.57
816.4 -64.36
816.8 -64.75
817.2 -64.37
817.6 -63.6
818.0 -64.54
818.4 -64.21
818.8 -63.86
819.2 -64.21
819.6 -64.57
820.0 -64.59
820.4 -64.6
820.8 -64.73
821.2 -64.45
821.6 -64.57
822.0 -64.32
822.4 -64.2
822.8 -64.33
823.2 -64.25
823.6 -64.16
824.0 -63.75
824.4 -64.39
824.8 -64.64
825.2 -64.81
825.6 -64.39
826.0 -65.15
826.4 -64.67
826.8 -65.13
827.2 -64.6
827.6 -64.94
828.0 -64.87
828.4 -64.55
828.8 -63.68
829.2 -64.36
829.6 -64.25
830.0 -64.5
830.4 -64.78
830.8 -64.68
831.2 -64.97
831.6 -64.96
832.0 -64.56
832.4 -64.52
832.8 -64.87
833.2 -65.27
833.6 -64.48
834.0 -64.64
834.4 -63.71
834.8 -64.34
835.2 -64.4
835.6 -65.08
836.0 -64.59
836.4 -64.42
836.8 -64.44
837.2 -65.59
837.6 -64.46
838.0 -65.15
838.4 -64.92
838.8 -65.06
839.2 -64.6
839.6 -64.98
840.0 -64.45
840.4 -64.86
840.8 -65.38
841.2 -65.16
841.6 -65.13
842.0 -64.77
842.4 -65.15
842.8 -64.48
843.2 -66.14
843.6 -65.03
844.0 -65.55
844.4 -65.05
844.8 -64.39
845.2 -65.57
845.6 -65.09
846.0 -65.09
846.4 -64.93
846.8 -65.16
847.2 -64.87
847.6 -65.18
848.0 -64.78
848.4 -64.96
848.8 -65.58
849.2 -65.56
849.6 -64.9
850.0 -65.49
850.4 -64.64
850.8 -64.73
851.2 -65.84
851.6 -65.56
852.0 -64.9
852.4 -64.97
852.8 -65.53
853.2 -65.05
853.6 -65.74
854.0 -65.36
854.4 -66.43
854.8 -66.11
855.2 -65.04
855.6 -64.91
856.0 -65.45
856.4 -66.45
856.8 -66.35
857.2 -65.5
857.6 -65.37
858.0 -65.74
858.4 -65.13
858.8 -65.43
859.2 -65.9
859.6 -65.11
860.0 -64.98
860.4 -65.35
860.8 -65.23
861.2 -64.94
861.6 -65.99
862.0 -65.13
862.4 -66.4
862.8 -65.5
863.2 -65.07
863.6 -65.49
864.0 -65.63
864.4 -66.37
864.8 -66.44
865.2 -65.95
865.6 -66.26
866.0 -65.89
866.4 -65.74
866.8 -65.97
867.2 -65.7
867.6 -65.32
868.0 -66.5
868.4 -66.23
868.8 -66.06
869.2 -65.76
869.6 -66.06
870.0 -66.65
870.4 -66.17
870.8 -66.04
871.2 -66.19
871.6 -66.38
872.0 -66.52
872.4 -66.37
872.8 -65.05
873.2 -65.56
873.6 -65.9
874.0 -66.66
874.4 -65.6
874.8 -66.23
875.2 -65.03
875.6 -65.93
876.0 -66.62
876.4 -66.55
876.8 -65.42
877.2 -66.98
877.6 -66.26
878.0 -65.77
878.4 -66.7
878.8 -66.04
879.2 -65.81
879.6 -65.69
880.0 -66.82
880.4 -65.89
880.8 -66.02
881.2 -65.34
881.6 -66.39
882.0 -65.86
882.4 -66.24
882.8 -66.04
883.2 -66.04
883.6 -65.82
884.0 -66.34
884.4 -66.48
884.8 -66.0
885.2 -65.03
885.6 -65.91
886.0 -65.63
886.4 -65.66
886.8 -66.33
887.2 -66.72
887.6 -66.79
888.0 -66.09
888.4 -67.07
888.8 -66.02
889.2 -66.39
889.6 -67.03
890.0 -66.04
890.4 -65.98
890.8 -66.22
891.2 -67.69
891.6 -66.22
892.0 -65.81
892.4 -65.84
892.8 -66.59
893.2 -65.53
893.6 -66.93
894.0 -66.71
894.4 -66.49
894.8 -67.68
895.2 -66.29
895.6 -66.57
896.0 -66.88
896.4 -66.58
896.8 -68.14
897.2 -66.18
897.6 -67.8
898.0 -67.71
898.4 -67.1
898.8 -66.65
899.2 -66.99
899.6 -66.58
900.0 -66.85
900.4 -68.23
900.8 -66.47
901.2 -67.49
901.6 -67.86
902.0 -67.12
902.4 -68.43
902.8 -65.77
903.2 -67.57
903.6 -66.09
904.0 -66.78
904.4 -67.38
904.8 -67.69
905.2 -69.2
905.6 -66.1
906.0 -67.08
906.4 -66.79
906.8 -68.11
907.2 -66.96
907.6 -66.85
908.0 -67.58
908.4 -66.79
908.8 -66.7
909.2 -67.83
909.6 -67.56
910.0 -67.17
910.4 -68.2
910.8 -66.9
911.2 -67.22
911.6 -67.74
912.0 -66.95
912.4 -66.97
912.8 -67.03
913.2 -66.52
913.6 -66.6
914.0 -66.27
914.4 -67.68
914.8 -66.96
915.2 -66.88
915.6 -67.86
916.0 -67.54
916.4 -66.31
916.8 -67.34
917.2 -66.43
917.6 -67.26
918.0 -67.54
918.4 -67.56
918.8 -68.26
919.2 -67.4
919.6 -67.42
920.0 -66.87
920.4 -67.81
920.8 -69.11
921.2 -67.53
921.6 -67.51
922.0 -67.8
922.4 -68.16
922.8 -67.61
923.2 -67.5
923.6 -67.45
924.0 -67.51
924.4 -68.29
924.8 -68.27
925.2 -67.38
925.6 -68.13
926.0 -68.32
926.4 -67.62
926.8 -67.98
927.2 -68.32
927.6 -69.46
928.0 -68.11
928.4 -68.56
928.8 -68.23
929.2 -68.77
929.6 -68.02
930.0 -68.37
930.4 -69.07
930.8 -68.16
931.2 -67.87
931.6 -69.33
932.0 -68.92
932.4 -68.54
932.8 -68.35
933.2 -68.37
933.6 -67.79
934.0 -68.54
934.4 -67.62
934.8 -67.81
935.2 -68.94
935.6 -68.41
936.0 -67.98
936.4 -68.66
936.8 -68.09
937.2 -68.66
937.6 -69.5
938.0 -69.42
938.4 -69.2
938.8 -67.82
939.2 -67.97
939.6 -69.04
940.0 -68.56
940.4 -68.51
940.8 -70.43
941.2 -68.3
941.6 -68.82
942.0 -68.6
942.4 -68.87
942.8 -67.85
943.2 -69.87
943.6 -69.28
944.0 -68.32
944.4 -68.15
944.8 -69.67
945.2 -68.62
945.6 -68.64
946.0 -69.12
946.4 -68.87
946.8 -68.74
947.2 -69.0
947.6 -68.79
948.0 -68.16
948.4 -68.66
948.8 -68.9
949.2 -68.61
949.6 -68.91
950.0 -68.48
950.4 -69.03
950.8 -68.86
951.2 -68.4
951.6 -68.76
952.0 -67.78
952.4 -68.37
952.8 -69.3
953.2 -69.06
953.6 -68.37
954.0 -68.65
954.4 -68.54
954.8 -69.74
955.2 -69.39
955.6 -68.14
956.0 -68.99
956.4 -68.94
956.8 -68.57
957.2 -68.49
957.6 -69.63
958.0 -67.88
958.4 -69.75
958.8 -68.33
959.2 -68.59
959.6 -68.68
960.0 -68.17
960.4 -68.49
960.8 -68.34
961.2 -68.23
961.6 -68.6
962.0 -68.13
962.4 -68.82
962.8 -69.05
963.2 -67.82
963.6 -68.13
964.0 -67.48
964.4 -67.76
964.8 -68.12
965.2 -67.86
965.6 -67.8
966.0 -68.39
966.4 -67.64
966.8 -68.07
967.2 -67.6
967.6 -67.71
968.0 -68.65
968.4 -68.05
968.8 -67.87
969.2 -68.01
969.6 -68.05
970.0 -68.54
970.4 -67.79
970.8 -68.12
971.2 -68.11
971.6 -68.15
972.0 -68.67
972.4 -67.94
972.8 -68.03
973.2 -68.16
973.6 -67.67
974.0 -67.77
974.4 -68.41
974.8 -67.89
975.2 -68.29
975.6 -68.49
976.0 -67.89
976.4 -68.1
976.8 -67.57
977.2 -67.88
977.6 -68.43
978.0 -68.42
978.4 -67.96
978.8 -68.33
979.2 -68.05
979.6 -68.39
980.0 -67.8
980.4 -68.09
980.8 -67.98
981.2 -68.64
981.6 -67.54
982.0 -68.06
982.4 -67.66
982.8 -67.54
983.2 -67.19
983.6 -67.58
984.0 -67.55
984.4 -67.46
984.8 -67.79
985.2 -67.24
985.6 -67.05
986.0 -67.01
986.4 -67.23
986.8 -67.04
987.2 -66.61
987.6 -67.12
988.0 -66.98
988.4 -66.46
988.8 -66.57
989.2 -66.7
989.6 -66.01
990.0 -66.41
990.4 -66.53
990.8 -66.23
991.2 -66.09
991.6 -66.33
992.0 -66.26
992.4 -66.2
992.8 -65.84
993.2 -66.55
993.6 -65.92
994.0 -65.71
994.4 -65.85
994.8 -65.62
995.2 -65.47
995.6 -65.57
996.0 -65.16
996.4 -65.62
996.8 -65.33
997.2 -65.16
997.6 -65.2
998.0 -65.52
998.4 -65.25
998.8 -65.47
999.2 -65.22
999.6 -65.13
1000.0 -65.3
