600.0 -72.67
600.4 -76.37
600.8 -210.0
601.2 -210.0
601.6 -69.76
602.0 -74.27
602.4 -210.0
602.8 -81.31
603.2 -72.87
603.6 -210.0
604.0 -210.0
604.4 -210.0
604.8 -75.41
605.2 -210.0
605.6 -76.71
606.0 -81.52
606.4 -81.54
606.8 -210.0
607.2 -210.0
607.6 -76.84
608.0 -210.0
608.4 -72.63
608.8 -78.68
609.2 -76.94
609.6 -210.0
610.0 -210.0
610.4 -210.0
610.8 -210.0
611.2 -210.0
611.6 -84.88
612.0 -81.89
612.4 -210.0
612.8 -80.17
613.2 -210.0
613.6 -81.99
614.0 -210.0
614.4 -79.01
614.8 -210.0
615.2 -210.0
615.6 -75.11
616.0 -72.83
616.4 -210.0
616.8 -75.18
617.2 -76.75
617.6 -74.43
618.0 -71.45
618.4 -72.72
618.8 -75.75
619.2 -210.0
619.6 -210.0
620.0 -70.45
620.4 -74.6
620.8 -210.0
621.2 -210.0
621.6 -71.66
622.0 -77.71
622.4 -72.96
622.8 -72.76
623.2 -210.0
623.6 -210.0
624.0 -210.0
624.4 -210.0
624.8 -78.68
625.2 -76.15
625.6 -85.72
626.0 -79.72
626.4 -210.0
626.8 -210.0
627.2 -210.0
627.6 -210.0
628.0 -210.0
628.4 -210.0
628.8 -73.13
629.2 -72.93
629.6 -210.0
630.0 -210.0
630.4 -74.26
630.8 -74.29
631.2 -76.54
631.6 -71.64
632.0 -210.0
632.4 -210.0
632.8 -210.0
633.2 -210.0
633.6 -74.21
634.0 -80.26
634.4 -210.0
634.8 -74.58
635.2 -210.0
635.6 -210.0
636.0 -81.66
636.4 -73.46
636.8 -80.47
637.2 -80.5
637.6 -71.24
638.0 -210.0
638.4 -74.31
638.8 -210.0
639.2 -76.26
639.6 -74.15
640.0 -210.0
640.4 -72.0
640.8 -76.82
641.2 -82.07
641.6 -73.08
642.0 -78.46
642.4 -73.34
642.8 -80.97
643.2 -73.05
643.6 -75.02
644.0 -70.37
644.4 -71.95
644.8 -72.7
645.2 -76.07
645.6 -75.2
646.0 -76.14
646.4 -72.26
646.8 -210.0
647.2 -72.47
647.6 -210.0
648.0 -72.98
648.4 -79.71
648.8 -74.31
649.2 -72.25
649.6 -71.37
650.0 -73.14
650.4 -72.84
650.8 -74.0
651.2 -72.71
651.6 -76.16
652.0 -75.86
652.4 -75.87
652.8 -72.45
653.2 -73.66
653.6 -72.46
654.0 -70.4
654.4 -75.09
654.8 -71.97
655.2 -75.89
655.6 -70.41
656.0 -73.19
656.4 -71.13
656.8 -71.13
657.2 -71.99
657.6 -75.12
658.0 -72.49
658.4 -79.22
658.8 -71.89
659.2 -70.61
659.6 -72.91
660.0 -71.57
660.4 -71.9
660.8 -73.89
661.2 -75.65
661.6 -77.28
662.0 -72.78
662.4 -78.15
662.8 -76.23
663.2 -72.51
663.6 -70.97
664.0 -79.24
664.4 -210.0
664.8 -75.39
665.2 -71.26
665.6 -72.92
666.0 -75.39
666.4 -74.47
666.8 -70.62
667.2 -78.66
667.6 -74.91
668.0 -73.38
668.4 -81.67
668.8 -75.93
669.2 -71.78
669.6 -72.01
670.0 -71.15
670.4 -70.87
670.8 -72.9
671.2 -74.67
671.6 -210.0
672.0 -210.0
672.4 -70.68
672.8 -71.03
673.2 -70.25
673.6 -70.84
674.0 -74.64
674.4 -74.03
674.8 -71.2
675.2 -73.32
675.6 -72.19
676.0 -71.5
676.4 -72.85
676.8 -210.0
677.2 -82.84
677.6 -73.64
678.0 -73.63
678.4 -78.06
678.8 -76.13
679.2 -70.78
679.6 -71.57
680.0 -72.14
680.4 -71.35
680.8 -84.57
681.2 -75.81
681.6 -74.14
682.0 -71.87
682.4 -77.14
682.8 -71.86
683.2 -72.63
683.6 -74.98
684.0 -75.49
684.4 -73.05
684.8 -74.97
685.2 -70.7
685.6 -70.7
686.0 -69.24
686.4 -71.27
686.8 -73.02
687.2 -70.42
687.6 -71.25
688.0 -75.44
688.4 -210.0
688.8 -74.47
689.2 -72.99
689.6 -76.67
690.0 -84.45
690.4 -71.53
690.8 -72.0
691.2 -74.43
691.6 -74.01
692.0 -71.86
692.4 -73.8
692.8 -74.41
693.2 -71.38
693.6 -71.38
694.0 -74.84
694.4 -72.91
694.8 -70.95
695.2 -72.75
695.6 -73.57
696.0 -72.31
696.4 -68.55
696.8 -72.58
697.2 -75.3
697.6 -70.36
698.0 -71.65
698.4 -69.4
698.8 -68.81
699.2 -68.18
699.6 -69.83
700.0 -71.39
700.4 -70.48
700.8 -73.49
701.2 -71.16
701.6 -71.97
702.0 -78.24
702.4 -72.79
702.8 -76.13
703.2 -68.93
703.6 -70.63
704.0 -72.77
704.4 -76.44
704.8 -72.61
705.2 -70.07
705.6 -69.82
706.0 -72.9
706.4 -71.52
706.8 -69.65
707.2 -71.4
707.6 -71.07
708.0 -71.74
708.4 -69.05
708.8 -74.17
709.2 -74.86
709.6 -70.73
710.0 -76.36
710.4 -74.15
710.8 -71.58
711.2 -72.67
711.6 -69.07
712.0 -69.98
712.4 -70.9
712.8 -72.35
713.2 -74.57
713.6 -75.35
714.0 -73.14
714.4 -71.31
714.8 -70.29
715.2 -69.85
715.6 -71.07
716.0 -71.3
716.4 -69.09
716.8 -75.04
717.2 -69.75
717.6 -72.6
718.0 -73.26
718.4 -70.25
718.8 -71.49
719.2 -73.44
719.6 -70.62
720.0 -71.48
720.4 -75.58
720.8 -69.04
721.2 -71.01
721.6 -71.47
722.0 -69.39
722.4 -70.04
722.8 -71.7
723.2 -69.94
723.6 -71.45
724.0 -71.21
724.4 -69.76
724.8 -71.31
725.2 -68.8
725.6 -80.97
726.0 -71.3
726.4 -75.85
726.8 -71.66
727.2 -70.95
727.6 -69.73
728.0 -69.33
728.4 -72.99
728.8 -71.9
729.2 -70.52
729.6 -79.97
730.0 -70.82
730.4 -70.71
730.8 -69.86
731.2 -73.71
731.6 -73.93
732.0 -68.29
732.4 -71.24
732.8 -72.01
733.2 -70.29
733.6 -73.69
734.0 -69.67
734.4 -69.35
734.8 -68.58
735.2 -69.66
735.6 -69.74
736.0 -74.11
736.4 -70.07
736.8 -72.41
737.2 -71.83
737.6 -69.24
738.0 -70.44
738.4 -70.06
738.8 -70.74
739.2 -68.94
739.6 -71.3
740.0 -71.41
740.4 -70.62
740.8 -69.07
741.2 -70.93
741.6 -73.04
742.0 -71.93
742.4 -69.94
742.8 -70.4
743.2 -72.69
743.6 -73.61
744.0 -71.26
744.4 -70.49
744.8 -71.51
745.2 -70.29
745.6 -70.69
746.0 -77.27
746.4 -73.2
746.8 -71.25
747.2 -68.74
747.6 -71.12
748.0 -71.36
748.4 -74.24
748.8 -68.16
749.2 -71.35
749.6 -72.99
750.0 -69.23
750.4 -71.73
750.8 -78.32
751.2 -71.09
751.6 -69.61
752.0 -71.31
752.4 -70.73
752.8 -69.11
753.2 -71.06
753.6 -70.5
754.0 -69.58
754.4 -69.82
754.8 -70.29
755.2 -68.08
755.6 -70.69
756.0 -70.58
756.4 -69.0
756.8 -72.07
757.2 -67.2
757.6 -70.45
758.0 -73.26
758.4 -69.43
758.8 -70.34
759.2 -70.87
759.6 -70.75
760.0 -72.03
760.4 -70.86
760.8 -69.57
761.2 -71.2
761.6 -68.72
762.0 -70.4
762.4 -69.15
762.8 -70.5
763.2 -71.18
763.6 -71.06
764.0 -71.05
764.4 -70.7
764.8 -70.17
765.2 -69.88
765.6 -69.88
766.0 -68.08
766.4 -69.44
766.8 -69.1
767.2 -69.68
767.6 -69.86
768.0 -71.66
768.4 -68.38
768.8 -71.0
769.2 -70.54
769.6 -69.41
770.0 -68.56
770.4 -69.0
770.8 -74.79
771.2 -68.36
771.6 -70.32
772.0 -68.76
772.4 -69.73
772.8 -72.4
773.2 -71.49
773.6 -73.54
774.0 -68.9
774.4 -69.13
774.8 -76.99
775.2 -72.06
775.6 -68.47
776.0 -70.09
776.4 -68.6
776.8 -70.61
777.2 -75.73
777.6 -69.45
778.0 -68.73
778.4 -67.94
778.8 -71.89
779.2 -71.07
779.6 -71.6
780.0 -70.27
780.4 -70.27
780.8 -67.93
781.2 -71.45
781.6 -69.17
782.0 -69.77
782.4 -72.69
782.8 -69.68
783.2 -70.25
783.6 -70.25
784.0 -68.29
784.4 -69.76
784.8 -69.75
785.2 -69.32
785.6 -70.45
786.0 -70.14
786.4 -70.03
786.8 -70.67
787.2 -68.34
787.6 -68.08
788.0 -72.66
788.4 -72.48
788.8 -70.02
789.2 -68.6
789.6 -67.42
790.0 -68.96
790.4 -69.37
790.8 -68.66
791.2 -69.53
791.6 -70.1
792.0 -67.57
792.4 -67.09
792.8 -67.62
793.2 -68.16
793.6 -71.24
794.0 -70.85
794.4 -68.71
794.8 -69.6
795.2 -74.37
795.6 -68.28
796.0 -69.0
796.4 -68.7
796.8 -68.48
797.2 -69.41
797.6 -69.41
798.0 -68.33
798.4 -67.58
798.8 -69.76
799.2 -68.26
799.6 -69.31
800.0 -69.75
800.4 -69.47
800.8 -67.08
801.2 -68.19
801.6 -67.3
802.0 -69.14
802.4 -68.46
802.8 -68.76
803.2 -69.67
803.6 -67.82
804.0 -69.16
804.4 -67.54
804.8 -69.5
805.2 -68.48
805.6 -70.85
806.0 -66.42
806.4 -64.54
806.8 -60.73
807.2 -56.94
807.6 -52.8
808.0 -51.32
808.4 -52.42
808.8 -53.03
809.2 -56.46
809.6 -65.47
810.0 -66.4
810.4 -69.21
810.8 -69.31
811.2 -68.68
811.6 -71.16
812.0 -72.51
812.4 -69.0
812.8 -70.7
813.2 -69.02
813.6 -70.08
814.0 -67.27
814.4 -68.33
814.8 -67.73
815.2 -68.27
815.6 -67.74
816.0 -67.8
816.4 -70.13
816.8 -70.44
817.2 -68.72
817.6 -69.6
818.0 -68.88
818.4 -69.61
818.8 -67.8
819.2 -70.18
819.6 -68.98
820.0 -67.29
820.4 -68.38
820.8 -68.03
821.2 -68.97
821.6 -66.78
822.0 -67.21
822.4 -66.99
822.8 -67.93
823.2 -68.43
823.6 -69.69
824.0 -69.3
824.4 -69.39
824.8 -68.24
825.2 -69.34
825.6 -69.6
826.0 -68.22
826.4 -69.24
826.8 -68.83
827.2 -67.56
827.6 -66.17
828.0 -70.7
828.4 -67.22
828.8 -68.27
829.2 -69.5
829.6 -67.0
830.0 -68.33
830.4 -66.97
830.8 -68.33
831.2 -67.16
831.6 -68.81
832.0 -68.13
832.4 -66.55
832.8 -67.78
833.2 -68.22
833.6 -68.09
834.0 -66.98
834.4 -67.61
834.8 -67.46
835.2 -68.43
835.6 -68.46
836.0 -68.83
836.4 -68.8
836.8 -67.6
837.2 -68.25
837.6 -67.94
838.0 -67.56
838.4 -68.24
838.8 -68.53
839.2 -69.12
839.6 -67.95
840.0 -67.61
840.4 -67.36
840.8 -68.15
841.2 -66.94
841.6 -68.1
842.0 -68.1
842.4 -66.65
842.8 -67.35
843.2 -67.19
843.6 -67.12
844.0 -67.43
844.4 -67.56
844.8 -67.0
845.2 -68.17
845.6 -68.32
846.0 -67.98
846.4 -66.78
846.8 -68.22
847.2 -67.93
847.6 -67.97
848.0 -67.21
848.4 -67.14
848.8 -68.16
849.2 -67.29
849.6 -66.81
850.0 -67.2
850.4 -67.7
850.8 -66.42
851.2 -67.82
851.6 -66.86
852.0 -67.04
852.4 -68.39
852.8 -67.18
853.2 -66.54
853.6 -67.51
854.0 -66.02
854.4 -66.87
854.8 -67.98
855.2 -66.63
855.6 -66.55
856.0 -66.97
856.4 -66.62
856.8 -66.38
857.2 -67.04
857.6 -66.47
858.0 -66.34
858.4 -66.17
858.8 -67.59
859.2 -66.21
859.6 -67.14
860.0 -66.69
860.4 -66.69
860.8 -66.68
861.2 -66.12
861.6 -68.26
862.0 -66.47
862.4 -66.96
862.8 -67.3
863.2 -66.42
863.6 -66.55
864.0 -66.16
864.4 -66.57
864.8 -66.5
865.2 -66.56
865.6 -65.34
866.0 -66.33
866.4 -66.8
866.8 -66.73
867.2 -65.96
867.6 -66.34
868.0 -65.6
868.4 -66.46
868.8 -65.88
869.2 -65.91
869.6 -66.39
870.0 -65.75
870.4 -65.63
870.8 -67.17
871.2 -65.17
871.6 -66.52
872.0 -66.95
872.4 -66.87
872.8 -65.77
873.2 -65.85
873.6 -65.58
874.0 -65.67
874.4 -66.31
874.8 -66.57
875.2 -66.47
875.6 -65.47
876.0 -65.43
876.4 -66.08
876.8 -65.76
877.2 -65.93
877.6 -65.07
878.0 -65.37
878.4 -65.34
878.8 -65.85
879.2 -65.75
879.6 -65.55
880.0 -65.59
880.4 -66.35
880.8 -66.42
881.2 -65.71
881.6 -65.51
882.0 -64.88
882.4 -65.41
882.8 -65.64
883.2 -65.73
883.6 -67.35
884.0 -65.44
884.4 -65.12
884.8 -64.95
885.2 -66.0
885.6 -65.84
886.0 -65.72
886.4 -66.51
886.8 -66.62
887.2 -65.48
887.6 -66.72
888.0 -65.51
888.4 -66.15
888.8 -65.51
889.2 -68.24
889.6 -65.45
890.0 -66.28
890.4 -64.35
890.8 -66.19
891.2 -65.65
891.6 -66.09
892.0 -65.52
892.4 -65.75
892.8 -65.95
893.2 -66.24
893.6 -66.01
894.0 -66.98
894.4 -65.54
894.8 -66.03
895.2 -65.69
895.6 -66.61
896.0 -65.28
896.4 -66.37
896.8 -65.65
897.2 -65.48
897.6 -65.77
898.0 -65.75
898.4 -65.9
898.8 -64.71
899.2 -66.1
899.6 -66.01
900.0 -66.48
900.4 -67.13
900.8 -65.7
901.2 -65.6
901.6 -65.8
902.0 -65.39
902.4 -65.37
902.8 -66.08
903.2 -66.09
903.6 -65.16
904.0 -65.85
904.4 -65.15
904.8 -65.7
905.2 -65.94
905.6 -66.49
906.0 -66.23
906.4 -65.53
906.8 -65.38
907.2 -66.67
907.6 -66.07
908.0 -65.27
908.4 -65.46
908.8 -65.37
909.2 -66.14
909.6 -65.76
910.0 -66.01
910.4 -66.34
910.8 -66.13
911.2 -65.29
911.6 -65.65
912.0 -65.97
912.4 -65.74
912.8 -65.14
913.2 -65.13
913.6 -65.71
914.0 -65.67
914.4 -66.53
914.8 -65.84
915.2 -65.75
915.6 -66.75
916.0 -66.67
916.4 -65.75
916.8 -66.7
917.2 -66.16
917.6 -66.81
918.0 -66.05
918.4 -66.07
918.8 -66.38
919.2 -65.8
919.6 -65.98
920.0 -66.0
920.4 -65.92
920.8 -65.96
921.2 -66.33
921.6 -66.05
922.0 -65.88
922.4 -65.93
922.8 -65.87
923.2 -66.12
923.6 -65.85
924.0 -66.0
924.4 -66.34
924.8 -66.39
925.2 -65.85
925.6 -66.17
926.0 -67.14
926.4 -66.32
926.8 -67.18
927.2 -66.41
927.6 -66.57
928.0 -67.23
928.4 -66.36
928.8 -65.48
929.2 -66.23
929.6 -66.33
930.0 -66.32
930.4 -65.8
930.8 -66.41
931.2 -66.82
931.6 -66.25
932.0 -66.84
932.4 -67.39
932.8 -65.95
933.2 -66.79
933.6 -67.1
934.0 -66.15
934.4 -66.82
934.8 -66.47
935.2 -66.86
935.6 -66.02
936.0 -66.82
936.4 -66.68
936.8 -66.64
937.2 -67.6
937.6 -66.94
938.0 -67.04
938.4 -65.93
938.8 -67.0
939.2 -66.83
939.6 -66.49
940.0 -66.87
940.4 -67.0
940.8 -67.19
941.2 -66.84
941.6 -66.73
942.0 -67.2
942.4 -66.24
942.8 -66.86
943.2 -66.74
943.6 -66.56
944.0 -67.03
944.4 -66.28
944.8 -66.5
945.2 -67.16
945.6 -66.35
946.0 -66.85
946.4 -66.69
946.8 -66.44
947.2 -67.61
947.6 -66.92
948.0 -68.1
948.4 -67.05
948.8 -66.6
949.2 -66.33
949.6 -67.24
950.0 -67.01
950.4 -67.08
950.8 -66.87
951.2 -67.45
951.6 -67.0
952.0 -67.49
952.4 -67.38
952.8 -67.23
953.2 -67.17
953.6 -67.49
954.0 -67.95
954.4 -66.92
954.8 -66.73
955.2 -66.81
955.6 -67.23
956.0 -67.25
956.4 -67.09
956.8 -67.16
957.2 -66.76
957.6 -67.43
958.0 -68.07
958.4 -67.15
958.8 -67.1
959.2 -67.58
959.6 -67.1
960.0 -68.14
960.4 -66.98
960.8 -66.89
961.2 -67.07
961.6 -66.8
962.0 -67.3
962.4 -67.12
962.8 -66.98
963.2 -67.64
963.6 -66.81
964.0 -66.84
964.4 -67.57
964.8 -67.18
965.2 -67.24
965.6 -66.77
966.0 -67.08
966.4 -67.32
966.8 -66.99
967.2 -67.25
967.6 -67.12
968.0 -67.49
968.4 -67.11
968.8 -67.35
969.2 -66.94
969.6 -67.47
970.0 -67.23
970.4 -67.45
970.8 -67.06
971.2 -67.27
971.6 -67.63
972.0 -67.77
972.4 -67.12
972.8 -67.34
973.2 -67.63
973.6 -67.04
974.0 -67.49
974.4 -67.28
974.8 -67.43
975.2 -66.8
975.6 -67.14
976.0 -67.42
976.4 -67.44
976.8 -67.33
977.2 -67.18
977.6 -67.63
978.0 -67.67
978.4 -67.39
978.8 -67.7
979.2 -67.57
979.6 -66.72
980.0 -67.55
980.4 -67.22
980.8 -68.03
981.2 -67.34
981.6 -67.54
982.0 -67.36
982.4 -67.5
982.8 -67.15
983.2 -66.76
983.6 -66.7
984.0 -67.14
984.4 -66.86
984.8 -67.32
985.2 -66.99
985.6 -66.8
986.0 -67.22
986.4 -66.87
986.8 -66.2
987.2 -66.3
987.6 -66.69
988.0 -66.63
988.4 -66.4
988.8 -66.22
989.2 -66.48
989.6 -66.59
990.0 -66.63
990.4 -66.5
990.8 -66.44
991.2 -66.49
991.6 -66.34
992.0 -66.35
992.4 -66.18
992.8 -66.66
993.2 -65.89
993.6 -65.87
994.0 -66.3
994.4 -66.02
994.8 -66.39
995.2 -66.1
995.6 -66.12
996.0 -66.13
996.4 -66.16
996.8 -66.89
997.2 -65.92
997.6 -66.24
998.0 -66.45
998.4 -66.16
998.8 -66.54
999.2 -66.58
999.6 -66.26
1000.0 -66.22
