600.0 -81.13
600.4 -74.61
600.8 -210.0
601.2 -79.43
601.6 -75.2
602.0 -210.0
602.4 -75.25
602.8 -210.0
603.2 -70.19
603.6 -84.37
604.0 -79.62
604.4 -210.0
604.8 -210.0
605.2 -71.68
605.6 -68.93
606.0 -67.71
606.4 -210.0
606.8 -210.0
607.2 -210.0
607.6 -210.0
608.0 -74.66
608.4 -71.25
608.8 -73.91
609.2 -210.0
609.6 -73.62
610.0 -68.98
610.4 -71.0
610.8 -74.83
611.2 -84.85
611.6 -210.0
612.0 -210.0
612.4 -68.3
612.8 -72.9
613.2 -75.42
613.6 -210.0
614.0 -85.02
614.4 -76.0
614.8 -74.27
615.2 -76.63
615.6 -70.63
616.0 -71.16
616.4 -69.84
616.8 -210.0
617.2 -71.23
617.6 -210.0
618.0 -72.95
618.4 -72.97
618.8 -210.0
619.2 -78.34
619.6 -210.0
620.0 -210.0
620.4 -73.93
620.8 -78.43
621.2 -76.99
621.6 -73.42
622.0 -71.35
622.4 -70.46
622.8 -70.49
623.2 -74.77
623.6 -69.91
624.0 -69.38
624.4 -210.0
624.8 -72.44
625.2 -72.08
625.6 -72.1
626.0 -75.75
626.4 -71.79
626.8 -74.33
627.2 -73.77
627.6 -72.23
628.0 -210.0
628.4 -75.48
628.8 -72.91
629.2 -85.94
629.6 -70.52
630.0 -76.96
630.4 -76.48
630.8 -73.75
631.2 -72.66
631.6 -77.08
632.0 -72.0
632.4 -74.41
632.8 -210.0
633.2 -72.62
633.6 -75.12
634.0 -69.85
634.4 -210.0
634.8 -210.0
635.2 -77.34
635.6 -70.61
636.0 -76.02
636.4 -210.0
636.8 -71.44
637.2 -70.73
637.6 -74.25
638.0 -68.66
638.4 -70.08
638.8 -70.41
639.2 -76.68
639.6 -70.17
640.0 -74.43
640.4 -74.47
640.8 -72.19
641.2 -72.37
641.6 -70.97
642.0 -71.86
642.4 -75.19
642.8 -74.44
643.2 -73.6
643.6 -70.25
644.0 -70.02
644.4 -71.95
644.8 -70.27
645.2 -72.89
645.6 -71.22
646.0 -69.01
646.4 -70.41
646.8 -72.44
647.2 -70.23
647.6 -70.27
648.0 -72.4
648.4 -70.68
648.8 -73.22
649.2 -69.86
649.6 -74.6
650.0 -70.13
650.4 -71.49
650.8 -72.05
651.2 -71.19
651.6 -74.62
652.0 -72.44
652.4 -70.15
652.8 -72.32
653.2 -70.48
653.6 -70.4
654.0 -69.86
654.4 -70.24
654.8 -71.74
655.2 -70.58
655.6 -72.88
656.0 -69.47
656.4 -69.74
656.8 -71.87
657.2 -70.69
657.6 -70.35
658.0 -69.97
658.4 -73.05
658.8 -68.93
659.2 -69.36
659.6 -69.42
660.0 -72.51
660.4 -69.37
660.8 -67.7
661.2 -69.37
661.6 -67.7
662.0 -69.43
662.4 -69.7
662.8 -73.72
663.2 -68.89
663.6 -69.77
664.0 -70.45
664.4 -72.38
664.8 -68.35
665.2 -69.91
665.6 -68.56
666.0 -69.5
666.4 -69.37
666.8 -69.57
667.2 -70.62
667.6 -68.94
668.0 -68.35
668.4 -69.18
668.8 -69.31
669.2 -70.06
669.6 -68.89
670.0 -69.9
670.4 -69.98
670.8 -69.82
671.2 -67.99
671.6 -69.97
672.0 -68.42
672.4 -68.32
672.8 -67.92
673.2 -73.03
673.6 -68.62
674.0 -67.48
674.4 -69.26
674.8 -69.06
675.2 -67.95
675.6 -68.24
676.0 -69.43
676.4 -69.11
676.8 -68.03
677.2 -68.03
677.6 -68.22
678.0 -68.74
678.4 -67.48
678.8 -69.27
679.2 -68.9
679.6 -68.25
680.0 -68.0
680.4 -71.67
680.8 -68.33
681.2 -69.31
681.6 -68.59
682.0 -67.69
682.4 -69.77
682.8 -68.74
683.2 -68.41
683.6 -67.62
684.0 -67.95
684.4 -69.67
684.8 -67.98
685.2 -68.54
685.6 -68.82
686.0 -70.26
686.4 -68.58
686.8 -69.17
687.2 -67.16
687.6 -68.73
688.0 -68.45
688.4 -67.84
688.8 -69.48
689.2 -68.54
689.6 -69.68
690.0 -68.88
690.4 -70.72
690.8 -69.59
691.2 -70.36
691.6 -70.19
692.0 -68.56
692.4 -68.78
692.8 -68.28
693.2 -69.08
693.6 -67.54
694.0 -68.1
694.4 -67.99
694.8 -66.93
695.2 -67.6
695.6 -68.08
696.0 -67.11
696.4 -66.9
696.8 -67.58
697.2 -67.3
697.6 -67.35
698.0 -67.51
698.4 -68.19
698.8 -67.93
699.2 -67.02
699.6 -68.07
700.0 -67.96
700.4 -66.65
700.8 -67.04
701.2 -68.15
701.6 -68.59
702.0 -67.5
702.4 -67.68
702.8 -67.1
703.2 -68.22
703.6 -66.88
704.0 -67.2
704.4 -67.46
704.8 -67.02
705.2 -66.36
705.6 -67.45
706.0 -67.22
706.4 -67.62
706.8 -67.25
707.2 -67.11
707.6 -66.74
708.0 -66.97
708.4 -67.13
708.8 -67.18
709.2 -67.77
709.6 -67.43
710.0 -67.16
710.4 -67.03
710.8 -66.77
711.2 -66.58
711.6 -67.64
712.0 -67.59
712.4 -66.72
712.8 -67.58
713.2 -68.15
713.6 -66.51
714.0 -67.92
714.4 -67.11
714.8 -66.94
715.2 -67.65
715.6 -66.97
716.0 -67.32
716.4 -66.79
716.8 -67.13
717.2 -67.83
717.6 -68.27
718.0 -66.81
718.4 -67.38
718.8 -68.13
719.2 -66.3
719.6 -67.28
720.0 -66.33
720.4 -66.18
720.8 -67.17
721.2 -66.99
721.6 -65.36
722.0 -65.53
722.4 -67.58
722.8 -67.62
723.2 -68.04
723.6 -66.76
724.0 -67.05
724.4 -66.79
724.8 -66.58
725.2 -67.45
725.6 -66.06
726.0 -66.42
726.4 -66.27
726.8 -66.72
727.2 -66.18
727.6 -66.81
728.0 -67.01
728.4 -65.76
728.8 -66.91
729.2 -66.35
729.6 -66.46
730.0 -66.19
730.4 -66.78
730.8 -65.93
731.2 -66.68
731.6 -67.8
732.0 -66.36
732.4 -65.43
732.8 -66.17
733.2 -66.75
733.6 -66.58
734.0 -66.92
734.4 -66.91
734.8 -67.71
735.2 -66.65
735.6 -65.62
736.0 -65.72
736.4 -66.06
736.8 -67.2
737.2 -66.28
737.6 -67.58
738.0 -67.38
738.4 -65.8
738.8 -66.87
739.2 -66.87
739.6 -66.65
740.0 -66.86
740.4 -65.52
740.8 -66.52
741.2 -67.07
741.6 -65.98
742.0 -66.02
742.4 -67.4
742.8 -66.75
743.2 -67.86
743.6 -66.01
744.0 -66.57
744.4 -66.14
744.8 -67.05
745.2 -65.01
745.6 -67.18
746.0 -65.95
746.4 -67.08
746.8 -66.44
747.2 -66.01
747.6 -66.64
748.0 -65.87
748.4 -66.38
748.8 -65.86
749.2 -64.98
749.6 -65.97
750.0 -66.25
750.4 -65.82
750.8 -66.02
751.2 -66.21
751.6 -67.13
752.0 -65.82
752.4 -66.04
752.8 -66.41
753.2 -65.95
753.6 -66.96
754.0 -65.53
754.4 -65.76
754.8 -66.27
755.2 -66.0
755.6 -65.58
756.0 -66.02
756.4 -65.91
756.8 -66.48
757.2 -66.01
757.6 -65.75
758.0 -66.08
758.4 -66.76
758.8 -65.88
759.2 -65.53
759.6 -65.46
760.0 -65.38
760.4 -65.69
760.8 -65.51
761.2 -65.22
761.6 -66.96
762.0 -65.74
762.4 -65.67
762.8 -66.09
763.2 -65.29
763.6 -65.73
764.0 -66.4
764.4 -66.32
764.8 -67.91
765.2 -65.78
765.6 -66.48
766.0 -65.99
766.4 -66.1
766.8 -66.63
767.2 -65.55
767.6 -65.79
768.0 -66.32
768.4 -65.44
768.8 -65.92
769.2 -65.63
769.6 -66.35
770.0 -65.32
770.4 -65.76
770.8 -66.47
771.2 -65.91
771.6 -65.55
772.0 -65.47
772.4 -65.47
772.8 -65.02
773.2 -65.72
773.6 -64.9
774.0 -65.82
774.4 -65.6
774.8 -66.62
775.2 -64.92
775.6 -65.82
776.0 -64.57
776.4 -64.76
776.8 -65.73
777.2 -65.13
777.6 -65.56
778.0 -64.93
778.4 -65.31
778.8 -66.1
779.2 -64.67
779.6 -65.24
780.0 -65.94
780.4 -65.37
780.8 -65.27
781.2 -66.25
781.6 -65.63
782.0 -64.82
782.4 -64.82
782.8 -65.07
783.2 -64.87
783.6 -66.03
784.0 -64.81
784.4 -64.58
784.8 -65.08
785.2 -65.01
785.6 -64.95
786.0 -65.61
786.4 -64.4
786.8 -64.48
787.2 -65.36
787.6 -65.16
788.0 -64.48
788.4 -64.44
788.8 -65.25
789.2 -65.74
789.6 -64.39
790.0 -64.54
790.4 -66.03
790.8 -65.84
791.2 -64.73
791.6 -65.5
792.0 -65.07
792.4 -64.65
792.8 -64.64
793.2 -66.38
793.6 -64.41
794.0 -65.24
794.4 -64.99
794.8 -65.08
795.2 -64.19
795.6 -64.59
796.0 -64.39
796.4 -65.07
796.8 -65.44
797.2 -64.3
797.6 -64.78
798.0 -65.26
798.4 -64.74
798.8 -64.92
799.2 -64.37
799.6 -65.05
800.0 -64.47
800.4 -64.91
800.8 -64.47
801.2 -64.83
801.6 -64.51
802.0 -64.99
802.4 -64.74
802.8 -64.17
803.2 -64.93
803.6 -63.7
804.0 -64.34
804.4 -65.37
804.8 -64.7
805.2 -64.28
805.6 -63.47
806.0 -63.05
806.4 -60.99
806.8 -57.58
807.2 -53.92
807.6 -50.0
808.0 -48.72
808.4 -49.59
808.8 -49.99
809.2 -53.77
809.6 -61.41
810.0 -62.92
810.4 -64.67
810.8 -64.65
811.2 -64.7
811.6 -64.07
812.0 -64.84
812.4 -64.7
812.8 -64.4
813.2 -64.86
813.6 -64.39
814.0 -64.87
814.4 -65.25
814.8 -64.21
815.2 -64.21
815.6 -64.14
816.0 -64.77
816.4 -64.78
816.8 -64.21
817.2 -65.4
817.6 -65.0
818.0 -64.44
818.4 -64.98
818.8 -64.67
819.2 -64.66
819.6 -64.34
820.0 -64.99
820.4 -64.29
820.8 -64.62
821.2 -64.22
821.6 -65.05
822.0 -64.75
822.4 -64.27
822.8 -63.97
823.2 -64.77
823.6 -64.36
824.0 -63.78
824.4 -64.05
824.8 -64.12
825.2 -64.6
825.6 -64.7
826.0 -65.09
826.4 -63.95
826.8 -64.39
827.2 -64.78
827.6 -64.97
828.0 -64.79
828.4 -64.63
828.8 -63.83
829.2 -64.04
829.6 -63.81
830.0 -64.75
830.4 -65.15
830.8 -63.8
831.2 -63.85
831.6 -63.73
832.0 -63.84
832.4 -64.52
832.8 -64.13
833.2 -63.85
833.6 -64.21
834.0 -63.93
834.4 -64.21
834.8 -64.01
835.2 -64.08
835.6 -63.32
836.0 -63.81
836.4 -63.9
836.8 -64.05
837.2 -63.36
837.6 -63.46
838.0 -63.16
838.4 -63.6
838.8 -63.6
839.2 -63.89
839.6 -63.69
840.0 -64.06
840.4 -63.54
840.8 -63.55
841.2 -63.86
841.6 -63.72
842.0 -63.57
842.4 -63.91
842.8 -63.48
843.2 -63.48
843.6 -63.33
844.0 -63.59
844.4 -63.96
844.8 -63.4
845.2 -63.75
845.6 -63.74
846.0 -62.79
846.4 -63.39
846.8 -63.27
847.2 -63.41
847.6 -63.47
848.0 -63.71
848.4 -63.26
848.8 -63.73
849.2 -63.54
849.6 -63.39
850.0 -63.24
850.4 -64.21
850.8 -62.97
851.2 -63.23
851.6 -63.06
852.0 -63.67
852.4 -63.31
852.8 -63.46
853.2 -63.19
853.6 -63.41
854.0 -63.22
854.4 -63.07
854.8 -62.89
855.2 -62.77
855.6 -62.69
856.0 -63.61
856.4 -62.9
856.8 -62.99
857.2 -63.08
857.6 -62.8
858.0 -62.95
858.4 -62.98
858.8 -62.49
859.2 -62.79
859.6 -62.53
860.0 -63.14
860.4 -62.74
860.8 -62.48
861.2 -62.5
861.6 -62.42
862.0 -62.64
862.4 -62.58
862.8 -62.52
863.2 -62.78
863.6 -63.11
864.0 -62.84
864.4 -62.73
864.8 -62.56
865.2 -62.42
865.6 -62.28
866.0 -62.39
866.4 -62.11
866.8 -62.77
867.2 -62.17
867.6 -62.13
868.0 -62.81
868.4 -62.12
868.8 -62.53
869.2 -62.47
869.6 -62.2
870.0 -62.19
870.4 -62.25
870.8 -62.24
871.2 -62.08
871.6 -62.47
872.0 -62.45
872.4 -62.48
872.8 -62.46
873.2 -62.24
873.6 -61.98
874.0 -62.17
874.4 -62.37
874.8 -62.4
875.2 -62.08
875.6 -62.51
876.0 -62.31
876.4 -62.06
876.8 -62.33
877.2 -62.3
877.6 -62.24
878.0 -61.86
878.4 -61.97
878.8 -62.32
879.2 -62.0
879.6 -61.85
880.0 -62.02
880.4 -61.95
880.8 -61.9
881.2 -62.0
881.6 -61.93
882.0 -62.0
882.4 -61.72
882.8 -61.95
883.2 -61.84
883.6 -61.57
884.0 -62.2
884.4 -62.33
884.8 -61.88
885.2 -61.83
885.6 -61.86
886.0 -61.86
886.4 -61.91
886.8 -61.68
887.2 -61.97
887.6 -62.0
888.0 -62.09
888.4 -61.86
888.8 -62.22
889.2 -61.69
889.6 -61.88
890.0 -61.66
890.4 -61.95
890.8 -61.61
891.2 -61.43
891.6 -61.5
892.0 -61.54
892.4 -61.97
892.8 -62.11
893.2 -61.5
893.6 -61.99
894.0 -61.37
894.4 -61.91
894.8 -61.53
895.2 -61.73
895.6 -61.48
896.0 -61.68
896.4 -61.49
896.8 -61.66
897.2 -61.54
897.6 -61.41
898.0 -61.68
898.4 -61.36
898.8 -61.35
899.2 -61.6
899.6 -61.85
900.0 -61.71
900.4 -61.32
900.8 -61.41
901.2 -61.3
901.6 -61.51
902.0 -61.23
902.4 -61.4
902.8 -61.2
903.2 -61.48
903.6 -61.46
904.0 -61.47
904.4 -61.81
904.8 -61.25
905.2 -61.16
905.6 -61.3
906.0 -61.47
906.4 -61.16
906.8 -61.35
907.2 -61.59
907.6 -61.36
908.0 -61.07
908.4 -61.13
908.8 -60.96
909.2 -60.92
909.6 -60.79
910.0 -61.04
910.4 -60.88
910.8 -61.08
911.2 -61.05
911.6 -60.71
912.0 -60.87
912.4 -60.81
912.8 -60.67
913.2 -60.65
913.6 -60.52
914.0 -60.8
914.4 -60.47
914.8 -60.71
915.2 -60.5
915.6 -60.92
916.0 -60.29
916.4 -60.64
916.8 -60.55
917.2 -60.47
917.6 -60.76
918.0 -60.6
918.4 -60.2
918.8 -60.48
919.2 -60.23
919.6 -60.37
920.0 -60.35
920.4 -60.51
920.8 -60.06
921.2 -60.45
921.6 -60.23
922.0 -60.31
922.4 -60.12
922.8 -60.11
923.2 -60.03
923.6 -60.42
924.0 -60.03
924.4 -60.2
924.8 -60.04
925.2 -60.15
925.6 -60.11
926.0 -60.09
926.4 -59.99
926.8 -60.08
927.2 -59.86
927.6 -60.03
928.0 -59.95
928.4 -59.87
928.8 -60.07
929.2 -59.76
929.6 -59.87
930.0 -59.77
930.4 -59.64
930.8 -59.9
931.2 -59.68
931.6 -59.98
932.0 -59.65
932.4 -59.94
932.8 -59.76
933.2 -59.77
933.6 -59.76
934.0 -59.81
934.4 -59.74
934.8 -59.72
935.2 -59.47
935.6 -59.51
936.0 -59.48
936.4 -59.54
936.8 -59.57
937.2 -59.5
937.6 -59.55
938.0 -59.55
938.4 -59.28
938.8 -59.22
939.2 -59.23
939.6 -59.35
940.0 -59.34
940.4 -59.3
940.8 -59.22
941.2 -59.15
941.6 -59.05
942.0 -59.28
942.4 -59.35
942.8 -59.3
943.2 -59.16
943.6 -59.31
944.0 -59.06
944.4 -58.9
944.8 -59.04
945.2 -59.16
945.6 -59.17
946.0 -58.99
946.4 -59.23
946.8 -59.03
947.2 -59.11
947.6 -58.94
948.0 -58.91
948.4 -59.0
948.8 -58.84
949.2 -58.89
949.6 -58.93
950.0 -59.12
950.4 -58.7
950.8 -58.9
951.2 -58.87
951.6 -58.97
952.0 -58.91
952.4 -58.9
952.8 -58.9
953.2 -58.85
953.6 -58.76
954.0 -58.82
954.4 -58.82
954.8 -58.81
955.2 -58.84
955.6 -58.9
956.0 -58.95
956.4 -58.95
956.8 -58.7
957.2 -58.77
957.6 -58.77
958.0 -58.67
958.4 -58.74
958.8 -58.68
959.2 -58.68
959.6 -58.58
960.0 -58.58
960.4 -58.59
960.8 -58.52
961.2 -58.49
961.6 -58.49
962.0 -58.67
962.4 -58.56
962.8 -58.23
963.2 -58.39
963.6 -58.34
964.0 -58.6
964.4 -58.28
964.8 -58.29
965.2 -58.34
965.6 -58.1
966.0 -58.17
966.4 -58.33
966.8 -58.25
967.2 -58.16
967.6 -58.2
968.0 -58.32
968.4 -58.18
968.8 -58.15
969.2 -58.17
969.6 -58.22
970.0 -58.29
970.4 -58.24
970.8 -58.37
971.2 -58.16
971.6 -58.27
972.0 -58.23
972.4 -58.32
972.8 -58.32
973.2 -58.2
973.6 -58.44
974.0 -58.4
974.4 -58.44
974.8 -58.56
975.2 -58.47
975.6 -58.61
976.0 -58.55
976.4 -58.65
976.8 -58.62
977.2 -58.77
977.6 -58.69
978.0 -58.81
978.4 -58.68
978.8 -58.93
979.2 -58.75
979.6 -58.67
980.0 -58.71
980.4 -58.85
980.8 -58.66
981.2 -58.68
981.6 -58.59
982.0 -58.64
982.4 -58.66
982.8 -58.53
983.2 -58.41
983.6 -58.28
984.0 -58.39
984.4 -58.25
984.8 -58.12
985.2 -58.26
985.6 -58.1
986.0 -58.04
986.4 -58.22
986.8 -57.86
987.2 -57.85
987.6 -57.89
988.0 -57.79
988.4 -57.72
988.8 -57.75
989.2 -57.8
989.6 -57.77
990.0 -57.74
990.4 -57.58
990.8 -57.55
991.2 -57.52
991.6 -57.48
992.0 -57.6
992.4 -57.47
992.8 -57.57
993.2 -57.62
993.6 -57.58
994.0 -57.43
994.4 -57.5
994.8 -57.57
995.2 -57.63
995.6 -57.51
996.0 -57.48
996.4 -57.67
996.8 -57.55
997.2 -57.62
997.6 -57.59
998.0 -57.71
998.4 -57.73
998.8 -57.74
999.2 -57.84
999.6 -57.79
1000.0 -57.75
