600.0 -76.35
600.4 -210.0
600.8 -210.0
601.2 -210.0
601.6 -73.44
602.0 -71.26
602.4 -210.0
602.8 -210.0
603.2 -210.0
603.6 -210.0
604.0 -210.0
604.4 -210.0
604.8 -210.0
605.2 -70.32
605.6 -79.72
606.0 -69.47
606.4 -210.0
606.8 -210.0
607.2 -79.82
607.6 -79.85
608.0 -210.0
608.4 -210.0
608.8 -210.0
609.2 -210.0
609.6 -210.0
610.0 -74.78
610.4 -210.0
610.8 -210.0
611.2 -210.0
611.6 -75.33
612.0 -71.89
612.4 -69.74
612.8 -75.91
613.2 -73.83
613.6 -71.38
614.0 -69.96
614.4 -210.0
614.8 -210.0
615.2 -76.63
615.6 -77.32
616.0 -70.08
616.4 -210.0
616.8 -210.0
617.2 -210.0
617.6 -79.2
618.0 -82.25
618.4 -210.0
618.8 -74.16
619.2 -210.0
619.6 -210.0
620.0 -80.59
620.4 -75.4
620.8 -71.8
621.2 -210.0
621.6 -77.68
622.0 -210.0
622.4 -77.73
622.8 -85.55
623.2 -210.0
623.6 -85.6
624.0 -76.58
624.4 -73.88
624.8 -210.0
625.2 -80.92
625.6 -210.0
626.0 -74.61
626.4 -71.96
626.8 -210.0
627.2 -210.0
627.6 -210.0
628.0 -73.31
628.4 -210.0
628.8 -79.89
629.2 -76.39
629.6 -75.97
630.0 -210.0
630.4 -210.0
630.8 -76.06
631.2 -73.78
631.6 -210.0
632.0 -210.0
632.4 -73.62
632.8 -210.0
633.2 -73.23
633.6 -210.0
634.0 -76.29
634.4 -75.52
634.8 -210.0
635.2 -72.57
635.6 -210.0
636.0 -210.0
636.4 -73.46
636.8 -76.08
637.2 -210.0
637.6 -210.0
638.0 -80.56
638.4 -210.0
638.8 -210.0
639.2 -78.89
639.6 -210.0
640.0 -73.73
640.4 -80.75
640.8 -80.79
641.2 -74.06
641.6 -71.83
642.0 -210.0
642.4 -75.82
642.8 -80.01
643.2 -210.0
643.6 -82.29
644.0 -79.31
644.4 -75.37
644.8 -210.0
645.2 -210.0
645.6 -76.83
646.0 -81.25
646.4 -78.28
646.8 -210.0
647.2 -210.0
647.6 -80.44
648.0 -77.46
648.4 -210.0
648.8 -74.98
649.2 -73.76
649.6 -77.19
650.0 -210.0
650.4 -72.7
650.8 -80.63
651.2 -210.0
651.6 -210.0
652.0 -73.31
652.4 -75.33
652.8 -72.19
653.2 -77.22
653.6 -210.0
654.0 -75.34
654.4 -210.0
654.8 -79.2
655.2 -79.87
655.6 -73.34
656.0 -73.86
656.4 -78.12
656.8 -210.0
657.2 -77.26
657.6 -79.89
658.0 -76.21
658.4 -75.37
658.8 -77.69
659.2 -77.69
659.6 -79.9
660.0 -78.66
660.4 -79.91
660.8 -70.97
661.2 -210.0
661.6 -81.67
662.0 -72.25
662.4 -75.65
662.8 -210.0
663.2 -210.0
663.6 -74.91
664.0 -76.23
664.4 -210.0
664.8 -75.93
665.2 -210.0
665.6 -76.23
666.0 -210.0
666.4 -73.55
666.8 -87.7
667.2 -77.28
667.6 -80.71
668.0 -210.0
668.4 -210.0
668.8 -74.69
669.2 -73.55
669.6 -77.7
670.0 -78.65
670.4 -76.22
670.8 -78.64
671.2 -210.0
671.6 -79.22
672.0 -71.33
672.4 -76.87
672.8 -76.19
673.2 -73.18
673.6 -72.6
674.0 -87.65
674.4 -73.33
674.8 -79.85
675.2 -75.59
675.6 -71.2
676.0 -77.21
676.4 -76.49
676.8 -74.83
677.2 -73.64
677.6 -74.83
678.0 -76.14
678.4 -72.83
678.8 -79.14
679.2 -72.68
679.6 -74.59
680.0 -73.78
680.4 -84.58
680.8 -79.79
681.2 -73.6
681.6 -75.01
682.0 -78.01
682.4 -73.75
682.8 -79.76
683.2 -210.0
683.6 -77.12
684.0 -74.53
684.4 -70.54
684.8 -210.0
685.2 -77.97
685.6 -76.05
686.0 -210.0
686.4 -74.72
686.8 -77.08
687.2 -82.72
687.6 -75.72
688.0 -80.5
688.4 -81.45
688.8 -82.7
689.2 -210.0
689.6 -72.28
690.0 -73.65
690.4 -73.3
690.8 -72.26
691.2 -75.13
691.6 -73.12
692.0 -73.45
692.4 -74.41
692.8 -210.0
693.2 -78.95
693.6 -75.1
694.0 -79.61
694.4 -78.35
694.8 -210.0
695.2 -73.57
695.6 -74.59
696.0 -72.45
696.4 -84.35
696.8 -70.63
697.2 -82.57
697.6 -210.0
698.0 -74.78
698.4 -73.52
698.8 -71.64
699.2 -210.0
699.6 -76.9
700.0 -76.89
700.4 -76.16
700.8 -73.49
701.2 -75.24
701.6 -81.26
702.0 -72.22
702.4 -76.85
702.8 -70.93
703.2 -75.79
703.6 -76.46
704.0 -71.8
704.4 -75.47
704.8 -75.19
705.2 -76.81
705.6 -73.61
706.0 -75.45
706.4 -81.18
706.8 -210.0
707.2 -210.0
707.6 -75.15
708.0 -71.74
708.4 -82.4
708.8 -74.62
709.2 -72.11
709.6 -210.0
710.0 -77.16
710.4 -76.02
710.8 -72.83
711.2 -73.34
711.6 -71.22
712.0 -210.0
712.4 -72.36
712.8 -74.12
713.2 -70.69
713.6 -77.12
714.0 -77.57
714.4 -71.66
714.8 -79.32
715.2 -75.05
715.6 -79.31
716.0 -74.54
716.4 -71.77
716.8 -73.47
717.2 -70.84
717.6 -74.07
718.0 -73.84
718.4 -72.29
718.8 -71.49
719.2 -73.63
719.6 -71.74
720.0 -210.0
720.4 -75.91
720.8 -72.26
721.2 -72.72
721.6 -74.48
722.0 -76.23
722.4 -70.59
722.8 -75.88
723.2 -72.7
723.6 -74.97
724.0 -71.56
724.4 -74.96
724.8 -77.45
725.2 -72.08
725.6 -76.2
726.0 -70.65
726.4 -83.98
726.8 -80.95
727.2 -78.52
727.6 -76.56
728.0 -71.65
728.4 -70.63
728.8 -74.91
729.2 -71.51
729.6 -77.92
730.0 -79.16
730.4 -74.16
730.8 -71.88
731.2 -75.17
731.6 -80.91
732.0 -71.48
732.4 -73.92
732.8 -71.48
733.2 -71.35
733.6 -72.77
734.0 -76.12
734.4 -75.14
734.8 -71.72
735.2 -70.09
735.6 -72.58
736.0 -78.44
736.4 -70.16
736.8 -73.88
737.2 -82.11
737.6 -210.0
738.0 -71.96
738.4 -70.25
738.8 -74.56
739.2 -73.25
739.6 -71.55
740.0 -74.3
740.4 -72.71
740.8 -71.8
741.2 -70.22
741.6 -70.93
742.0 -73.04
742.4 -77.3
742.8 -75.07
743.2 -69.2
743.6 -71.92
744.0 -78.37
744.4 -72.2
744.8 -72.85
745.2 -73.4
745.6 -72.5
746.0 -70.69
746.4 -86.82
746.8 -71.02
747.2 -72.66
747.6 -69.1
748.0 -70.89
748.4 -69.47
748.8 -69.39
749.2 -86.8
749.6 -73.37
750.0 -72.81
750.4 -71.73
750.8 -86.78
751.2 -71.46
751.6 -69.86
752.0 -73.33
752.4 -70.84
752.8 -70.83
753.2 -72.77
753.6 -70.61
754.0 -74.18
754.4 -86.73
754.8 -76.73
755.2 -80.69
755.6 -71.15
756.0 -210.0
756.4 -72.9
756.8 -73.27
757.2 -71.38
757.6 -71.77
758.0 -210.0
758.4 -75.88
758.8 -73.89
759.2 -69.59
759.6 -72.35
760.0 -70.42
760.4 -72.85
760.8 -74.34
761.2 -71.73
761.6 -73.22
762.0 -83.63
762.4 -73.85
762.8 -83.62
763.2 -73.62
763.6 -72.65
764.0 -77.07
764.4 -74.57
764.8 -69.12
765.2 -73.82
765.6 -70.07
766.0 -72.45
766.4 -71.97
766.8 -72.61
767.2 -69.43
767.6 -210.0
768.0 -210.0
768.4 -73.79
768.8 -76.57
769.2 -70.65
769.6 -71.94
770.0 -78.1
770.4 -70.64
770.8 -72.58
771.2 -73.55
771.6 -74.0
772.0 -81.77
772.4 -75.75
772.8 -70.86
773.2 -78.76
773.6 -70.63
774.0 -71.91
774.4 -68.54
774.8 -73.53
775.2 -71.62
775.6 -72.73
776.0 -75.06
776.4 -71.34
776.8 -72.21
777.2 -70.96
777.6 -69.99
778.0 -72.2
778.4 -72.37
778.8 -69.19
779.2 -68.96
779.6 -69.7
780.0 -73.95
780.4 -72.89
780.8 -73.72
781.2 -71.88
781.6 -71.05
782.0 -72.02
782.4 -74.45
782.8 -70.37
783.2 -71.57
783.6 -73.48
784.0 -70.15
784.4 -70.92
784.8 -69.4
785.2 -72.33
785.6 -68.55
786.0 -70.14
786.4 -70.55
786.8 -71.41
787.2 -68.27
787.6 -69.84
788.0 -72.15
788.4 -69.3
788.8 -73.9
789.2 -72.14
789.6 -70.54
790.0 -71.53
790.4 -76.03
790.8 -69.2
791.2 -71.81
791.6 -210.0
792.0 -79.45
792.4 -69.81
792.8 -71.8
793.2 -73.87
793.6 -72.45
794.0 -71.79
794.4 -69.79
794.8 -71.79
795.2 -210.0
795.6 -70.84
796.0 -75.99
796.4 -70.61
796.8 -69.97
797.2 -70.16
797.6 -69.58
798.0 -70.95
798.4 -69.76
798.8 -68.68
799.2 -74.08
799.6 -71.33
800.0 -74.91
800.4 -70.35
800.8 -69.65
801.2 -70.36
801.6 -72.24
802.0 -74.62
802.4 -71.91
802.8 -71.62
803.2 -69.24
803.6 -70.95
804.0 -68.7
804.4 -69.59
804.8 -71.93
805.2 -71.93
805.6 -68.15
806.0 -67.02
806.4 -67.22
806.8 -61.59
807.2 -57.96
807.6 -54.18
808.0 -52.52
808.4 -53.47
808.8 -54.29
809.2 -57.93
809.6 -66.57
810.0 -68.32
810.4 -68.97
810.8 -70.55
811.2 -70.34
811.6 -68.21
812.0 -67.79
812.4 -69.08
812.8 -210.0
813.2 -72.89
813.6 -72.37
814.0 -68.52
814.4 -73.1
814.8 -70.2
815.2 -76.12
815.6 -69.73
816.0 -72.24
816.4 -72.09
816.8 -68.64
817.2 -67.71
817.6 -73.16
818.0 -70.67
818.4 -70.68
818.8 -68.97
819.2 -69.63
819.6 -74.06
820.0 -69.48
820.4 -71.59
820.8 -69.42
821.2 -69.27
821.6 -67.89
822.0 -69.46
822.4 -68.46
822.8 -69.92
823.2 -69.43
823.6 -69.36
824.0 -69.23
824.4 -72.82
824.8 -80.79
825.2 -69.58
825.6 -69.69
826.0 -73.85
826.4 -67.95
826.8 -72.27
827.2 -70.28
827.6 -69.85
828.0 -68.18
828.4 -69.71
828.8 -69.04
829.2 -71.19
829.6 -67.65
830.0 -69.17
830.4 -69.27
830.8 -69.02
831.2 -71.55
831.6 -71.82
832.0 -72.69
832.4 -70.04
832.8 -68.3
833.2 -70.1
833.6 -70.75
834.0 -69.61
834.4 -70.27
834.8 -69.89
835.2 -71.28
835.6 -68.86
836.0 -69.27
836.4 -70.87
836.8 -70.79
837.2 -70.64
837.6 -67.89
838.0 -69.09
838.4 -70.73
838.8 -68.86
839.2 -71.36
839.6 -69.87
840.0 -71.3
840.4 -68.98
840.8 -69.95
841.2 -70.66
841.6 -70.33
842.0 -69.54
842.4 -73.41
842.8 -71.7
843.2 -69.09
843.6 -70.74
844.0 -68.33
844.4 -68.33
844.8 -67.72
845.2 -68.08
845.6 -69.08
846.0 -68.47
846.4 -68.79
846.8 -67.89
847.2 -68.46
847.6 -69.71
848.0 -70.22
848.4 -69.92
848.8 -68.95
849.2 -67.62
849.6 -70.15
850.0 -69.18
850.4 -69.77
850.8 -70.37
851.2 -69.23
851.6 -69.69
852.0 -69.05
852.4 -70.87
852.8 -69.68
853.2 -68.48
853.6 -68.18
854.0 -70.94
854.4 -70.59
854.8 -68.63
855.2 -68.63
855.6 -68.62
856.0 -68.11
856.4 -68.52
856.8 -68.73
857.2 -67.35
857.6 -68.4
858.0 -67.78
858.4 -67.34
858.8 -68.19
859.2 -66.99
859.6 -69.85
860.0 -68.54
860.4 -67.09
860.8 -67.57
861.2 -68.58
861.6 -67.92
862.0 -67.19
862.4 -67.74
862.8 -67.91
863.2 -67.73
863.6 -67.54
864.0 -68.5
864.4 -67.84
864.8 -68.6
865.2 -67.31
865.6 -68.22
866.0 -67.98
866.4 -67.18
866.8 -66.52
867.2 -66.86
867.6 -69.09
868.0 -66.71
868.4 -66.67
868.8 -68.66
869.2 -69.53
869.6 -68.28
870.0 -68.17
870.4 -67.77
870.8 -68.87
871.2 -67.67
871.6 -67.4
872.0 -67.32
872.4 -68.08
872.8 -68.08
873.2 -67.88
873.6 -68.59
874.0 -68.16
874.4 -67.53
874.8 -67.27
875.2 -67.75
875.6 -68.97
876.0 -68.66
876.4 -67.87
876.8 -67.28
877.2 -70.07
877.6 -66.53
878.0 -68.87
878.4 -68.46
878.8 -67.74
879.2 -66.8
879.6 -68.61
880.0 -67.58
880.4 -67.53
880.8 -66.56
881.2 -67.4
881.6 -68.16
882.0 -66.79
882.4 -67.09
882.8 -68.89
883.2 -66.85
883.6 -68.0
884.0 -68.0
884.4 -67.48
884.8 -66.92
885.2 -67.7
885.6 -67.34
886.0 -67.42
886.4 -67.94
886.8 -66.92
887.2 -67.59
887.6 -67.88
888.0 -68.24
888.4 -67.98
888.8 -69.84
889.2 -66.95
889.6 -68.4
890.0 -66.56
890.4 -67.68
890.8 -66.83
891.2 -66.95
891.6 -68.35
892.0 -67.7
892.4 -67.99
892.8 -67.26
893.2 -67.43
893.6 -67.05
894.0 -67.81
894.4 -67.4
894.8 -66.91
895.2 -66.5
895.6 -66.83
896.0 -66.2
896.4 -68.08
896.8 -66.67
897.2 -67.47
897.6 -67.56
898.0 -67.81
898.4 -66.64
898.8 -68.11
899.2 -68.27
899.6 -69.08
900.0 -67.37
900.4 -67.98
900.8 -67.22
901.2 -67.9
901.6 -67.07
902.0 -66.56
902.4 -68.89
902.8 -67.65
903.2 -67.23
903.6 -67.15
904.0 -66.85
904.4 -67.82
904.8 -68.32
905.2 -68.18
905.6 -67.61
906.0 -67.12
906.4 -66.94
906.8 -67.26
907.2 -67.74
907.6 -67.35
908.0 -67.53
908.4 -68.24
908.8 -68.1
909.2 -66.6
909.6 -68.41
910.0 -68.38
910.4 -67.96
910.8 -69.02
911.2 -66.92
911.6 -67.28
912.0 -68.21
912.4 -66.9
912.8 -66.99
913.2 -66.82
913.6 -67.32
914.0 -67.54
914.4 -67.64
914.8 -69.25
915.2 -67.51
915.6 -67.14
916.0 -68.33
916.4 -67.6
916.8 -69.39
917.2 -68.1
917.6 -68.08
918.0 -68.92
918.4 -67.72
918.8 -67.5
919.2 -68.56
919.6 -67.94
920.0 -67.92
920.4 -68.52
920.8 -68.17
921.2 -67.6
921.6 -68.72
922.0 -68.05
922.4 -67.29
922.8 -68.35
923.2 -68.5
923.6 -67.79
924.0 -69.03
924.4 -67.71
924.8 -68.82
925.2 -68.36
925.6 -67.29
926.0 -67.6
926.4 -67.51
926.8 -67.75
927.2 -67.47
927.6 -68.65
928.0 -68.72
928.4 -68.01
928.8 -70.45
929.2 -68.46
929.6 -67.68
930.0 -67.53
930.4 -67.65
930.8 -67.43
931.2 -67.66
931.6 -68.8
932.0 -68.56
932.4 -67.23
932.8 -68.91
933.2 -68.37
933.6 -69.1
934.0 -68.66
934.4 -68.01
934.8 -67.92
935.2 -69.27
935.6 -68.29
936.0 -68.35
936.4 -68.41
936.8 -68.43
937.2 -69.74
937.6 -68.21
938.0 -70.11
938.4 -68.44
938.8 -69.13
939.2 -68.15
939.6 -70.73
940.0 -68.48
940.4 -68.22
940.8 -68.27
941.2 -68.27
941.6 -68.32
942.0 -68.38
942.4 -69.43
942.8 -68.62
943.2 -71.43
943.6 -69.11
944.0 -68.29
944.4 -69.07
944.8 -68.85
945.2 -68.73
945.6 -68.32
946.0 -69.12
946.4 -69.24
946.8 -68.86
947.2 -68.45
947.6 -69.06
948.0 -70.1
948.4 -68.84
948.8 -69.38
949.2 -69.24
949.6 -69.1
950.0 -69.53
950.4 -70.0
950.8 -70.68
951.2 -70.04
951.6 -69.09
952.0 -70.52
952.4 -68.0
952.8 -70.17
953.2 -69.36
953.6 -69.38
954.0 -70.43
954.4 -70.98
954.8 -68.22
955.2 -68.92
955.6 -70.32
956.0 -69.84
956.4 -69.34
956.8 -70.14
957.2 -69.73
957.6 -71.03
958.0 -70.44
958.4 -69.36
958.8 -69.57
959.2 -69.71
959.6 -68.68
960.0 -70.17
960.4 -69.97
960.8 -70.61
961.2 -70.0
961.6 -70.14
962.0 -70.9
962.4 -68.79
962.8 -70.1
963.2 -68.4
963.6 -69.65
964.0 -69.09
964.4 -68.95
964.8 -69.92
965.2 -69.35
965.6 -69.25
966.0 -68.33
966.4 -68.54
966.8 -69.41
967.2 -69.31
967.6 -69.65
968.0 -68.99
968.4 -69.47
968.8 -68.27
969.2 -69.93
969.6 -70.02
970.0 -69.7
970.4 -69.11
970.8 -69.88
971.2 -68.92
971.6 -69.95
972.0 -69.05
972.4 -69.45
972.8 -69.3
973.2 -69.54
973.6 -69.17
974.0 -69.64
974.4 -69.59
974.8 -69.74
975.2 -68.76
975.6 -70.18
976.0 -70.47
976.4 -70.21
976.8 -69.14
977.2 -69.98
977.6 -70.03
978.0 -69.77
978.4 -71.08
978.8 -69.8
979.2 -70.1
979.6 -69.53
980.0 -70.12
980.4 -70.52
980.8 -69.41
981.2 -69.74
981.6 -69.56
982.0 -70.25
982.4 -70.26
982.8 -70.0
983.2 -70.93
983.6 -68.89
984.0 -69.29
984.4 -70.4
984.8 -69.37
985.2 -68.82
985.6 -69.55
986.0 -69.04
986.4 -69.96
986.8 -69.52
987.2 -69.15
987.6 -69.0
988.0 -68.56
988.4 -69.03
988.8 -68.93
989.2 -69.38
989.6 -67.89
990.0 -68.84
990.4 -69.31
990.8 -68.77
991.2 -68.63
991.6 -68.29
992.0 -68.48
992.4 -68.52
992.8 -68.75
993.2 -68.88
993.6 -68.82
994.0 -68.71
994.4 -69.04
994.8 -68.08
995.2 -68.37
995.6 -68.66
996.0 -68.02
996.4 -69.29
996.8 -68.12
997.2 -68.13
997.6 -67.96
998.0 -68.22
998.4 -68.72
998.8 -69.07
999.2 -68.47
999.6 -68.33
1000.0 -68.13
