600.0 -69.99
600.4 -210.0
600.8 -210.0
601.2 -210.0
601.6 -77.25
602.0 -71.26
602.4 -210.0
602.8 -210.0
603.2 -75.3
603.6 -71.81
604.0 -73.6
604.4 -210.0
604.8 -210.0
605.2 -73.33
605.6 -210.0
606.0 -210.0
606.4 -210.0
606.8 -72.53
607.2 -210.0
607.6 -69.31
608.0 -210.0
608.4 -71.06
608.8 -74.71
609.2 -74.31
609.6 -76.3
610.0 -210.0
610.4 -210.0
610.8 -68.8
611.2 -210.0
611.6 -71.87
612.0 -71.09
612.4 -76.47
612.8 -210.0
613.2 -74.17
613.6 -78.97
614.0 -71.21
614.4 -210.0
614.8 -75.07
615.2 -210.0
615.6 -73.34
616.0 -210.0
616.4 -210.0
616.8 -73.41
617.2 -76.75
617.6 -210.0
618.0 -73.79
618.4 -76.82
618.8 -210.0
619.2 -210.0
619.6 -82.34
620.0 -210.0
620.4 -210.0
620.8 -73.95
621.2 -79.42
621.6 -69.67
622.0 -80.72
622.4 -70.07
622.8 -73.24
623.2 -72.14
623.6 -70.97
624.0 -71.64
624.4 -210.0
624.8 -210.0
625.2 -80.92
625.6 -210.0
626.0 -210.0
626.4 -210.0
626.8 -73.24
627.2 -210.0
627.6 -72.42
628.0 -210.0
628.4 -72.28
628.8 -74.15
629.2 -210.0
629.6 -76.93
630.0 -70.43
630.4 -71.71
630.8 -76.06
631.2 -76.09
631.6 -74.65
632.0 -70.58
632.4 -73.39
632.8 -74.44
633.2 -71.32
633.6 -80.23
634.0 -73.98
634.4 -73.09
634.8 -80.32
635.2 -71.19
635.6 -210.0
636.0 -80.41
636.4 -72.85
636.8 -75.7
637.2 -81.75
637.6 -73.77
638.0 -70.9
638.4 -70.18
638.8 -74.09
639.2 -73.45
639.6 -72.56
640.0 -71.17
640.4 -74.73
640.8 -76.82
641.2 -71.28
641.6 -210.0
642.0 -73.3
642.4 -70.23
642.8 -70.27
643.2 -69.95
643.6 -72.92
644.0 -71.18
644.4 -72.22
644.8 -74.17
645.2 -71.41
645.6 -71.93
646.0 -73.3
646.4 -70.78
646.8 -72.88
647.2 -69.83
647.6 -72.95
648.0 -68.88
648.4 -72.05
648.8 -71.1
649.2 -72.94
649.6 -71.48
650.0 -76.48
650.4 -71.93
650.8 -69.83
651.2 -70.81
651.6 -69.63
652.0 -69.84
652.4 -71.4
652.8 -69.06
653.2 -69.44
653.6 -69.72
654.0 -72.46
654.4 -71.02
654.8 -71.86
655.2 -72.09
655.6 -73.68
656.0 -71.75
656.4 -70.59
656.8 -68.86
657.2 -72.11
657.6 -70.69
658.0 -71.44
658.4 -71.44
658.8 -71.89
659.2 -70.2
659.6 -69.9
660.0 -71.07
660.4 -70.29
660.8 -70.71
661.2 -69.06
661.6 -70.14
662.0 -69.18
662.4 -69.12
662.8 -69.31
663.2 -69.43
663.6 -69.91
664.0 -70.14
664.4 -69.5
664.8 -70.79
665.2 -68.66
665.6 -69.99
666.0 -69.99
666.4 -69.12
666.8 -71.26
667.2 -68.66
667.6 -69.63
668.0 -72.13
668.4 -70.29
668.8 -68.25
669.2 -69.99
669.6 -71.9
670.0 -70.36
670.4 -69.3
670.8 -68.59
671.2 -67.63
671.6 -69.35
672.0 -70.85
672.4 -70.34
672.8 -70.17
673.2 -70.1
673.6 -69.66
674.0 -69.32
674.4 -70.09
674.8 -69.51
675.2 -70.39
675.6 -69.64
676.0 -69.92
676.4 -68.28
676.8 -69.35
677.2 -70.8
677.6 -70.46
678.0 -67.78
678.4 -70.36
678.8 -70.35
679.2 -69.6
679.6 -68.2
680.0 -69.26
680.4 -67.76
680.8 -69.87
681.2 -69.0
681.6 -69.57
682.0 -68.98
682.4 -69.23
682.8 -68.15
683.2 -70.14
683.6 -67.9
684.0 -66.82
684.4 -68.08
684.8 -67.7
685.2 -68.12
685.6 -69.45
686.0 -70.35
686.4 -67.42
686.8 -69.71
687.2 -68.05
687.6 -69.7
688.0 -68.73
688.4 -67.48
688.8 -69.69
689.2 -68.27
689.6 -68.71
690.0 -67.59
690.4 -70.72
690.8 -69.74
691.2 -69.37
691.6 -68.68
692.0 -68.18
692.4 -68.02
692.8 -69.56
693.2 -69.85
693.6 -68.11
694.0 -67.1
694.4 -67.43
694.8 -67.61
695.2 -68.08
695.6 -68.86
696.0 -69.3
696.4 -69.23
696.8 -68.38
697.2 -69.08
697.6 -68.65
698.0 -67.38
698.4 -68.63
698.8 -67.88
699.2 -67.06
699.6 -69.46
700.0 -67.35
700.4 -67.75
700.8 -68.05
701.2 -67.37
701.6 -68.96
702.0 -67.06
702.4 -67.27
702.8 -67.53
703.2 -67.81
703.6 -67.43
704.0 -67.8
704.4 -66.86
704.8 -68.66
705.2 -66.66
705.6 -68.3
706.0 -69.58
706.4 -65.84
706.8 -67.34
707.2 -68.27
707.6 -66.66
708.0 -67.64
708.4 -67.22
708.8 -67.49
709.2 -67.39
709.6 -67.92
710.0 -67.66
710.4 -67.11
710.8 -67.75
711.2 -66.69
711.6 -68.27
712.0 -66.45
712.4 -66.2
712.8 -67.0
713.2 -66.87
713.6 -67.29
714.0 -68.66
714.4 -66.98
714.8 -66.54
715.2 -67.27
715.6 -67.8
716.0 -67.65
716.4 -67.0
716.8 -67.31
717.2 -68.32
717.6 -66.58
718.0 -67.07
718.4 -68.55
718.8 -66.8
719.2 -66.02
719.6 -67.71
720.0 -67.85
720.4 -67.75
720.8 -67.79
721.2 -65.57
721.6 -67.74
722.0 -66.69
722.4 -67.58
722.8 -67.06
723.2 -67.57
723.6 -66.52
724.0 -66.84
724.4 -67.46
724.8 -67.96
725.2 -66.17
725.6 -67.65
726.0 -67.59
726.4 -66.19
726.8 -66.48
727.2 -66.76
727.6 -67.34
728.0 -67.99
728.4 -66.92
728.8 -67.92
729.2 -67.32
729.6 -67.04
730.0 -65.98
730.4 -67.12
730.8 -67.25
731.2 -69.61
731.6 -66.77
732.0 -68.23
732.4 -66.03
732.8 -66.24
733.2 -65.98
733.6 -66.12
734.0 -67.18
734.4 -66.45
734.8 -66.69
735.2 -66.65
735.6 -66.48
736.0 -66.44
736.4 -66.76
736.8 -68.13
737.2 -67.06
737.6 -66.42
738.0 -66.42
738.4 -66.54
738.8 -67.23
739.2 -68.54
739.6 -65.9
740.0 -66.14
740.4 -65.39
740.8 -66.77
741.2 -65.91
741.6 -66.51
742.0 -66.35
742.4 -66.63
742.8 -66.58
743.2 -68.77
743.6 -66.27
744.0 -66.49
744.4 -67.38
744.8 -66.87
745.2 -68.19
745.6 -67.32
746.0 -66.48
746.4 -66.1
746.8 -67.04
747.2 -67.03
747.6 -66.76
748.0 -66.12
748.4 -65.93
748.8 -65.69
749.2 -65.49
749.6 -66.3
750.0 -66.07
750.4 -65.26
750.8 -67.0
751.2 -65.81
751.6 -67.96
752.0 -66.76
752.4 -66.0
752.8 -66.97
753.2 -67.25
753.6 -65.98
754.0 -66.44
754.4 -65.97
754.8 -66.47
755.2 -66.89
755.6 -66.38
756.0 -66.75
756.4 -65.74
756.8 -66.28
757.2 -66.65
757.6 -65.68
758.0 -65.61
758.4 -67.04
758.8 -67.09
759.2 -65.8
759.6 -66.45
760.0 -66.83
760.4 -66.05
760.8 -67.84
761.2 -66.0
761.6 -66.82
762.0 -65.7
762.4 -66.1
762.8 -65.94
763.2 -66.02
763.6 -65.91
764.0 -66.01
764.4 -66.05
764.8 -65.37
765.2 -66.19
765.6 -66.23
766.0 -66.26
766.4 -67.2
766.8 -67.66
767.2 -65.38
767.6 -66.63
768.0 -66.41
768.4 -65.64
768.8 -65.56
769.2 -66.35
769.6 -65.49
770.0 -65.59
770.4 -66.39
770.8 -67.11
771.2 -66.51
771.6 -65.22
772.0 -65.94
772.4 -66.29
772.8 -66.33
773.2 -65.61
773.6 -66.46
774.0 -65.07
774.4 -65.43
774.8 -65.4
775.2 -64.77
775.6 -65.64
776.0 -65.45
776.4 -65.35
776.8 -66.11
777.2 -65.88
777.6 -65.99
778.0 -67.54
778.4 -65.15
778.8 -65.31
779.2 -64.87
779.6 -65.98
780.0 -65.3
780.4 -65.61
780.8 -65.04
781.2 -65.97
781.6 -65.7
782.0 -65.19
782.4 -65.93
782.8 -65.19
783.2 -64.55
783.6 -66.03
784.0 -65.8
784.4 -66.11
784.8 -65.68
785.2 -64.92
785.6 -65.24
786.0 -65.98
786.4 -65.36
786.8 -65.78
787.2 -65.43
787.6 -65.71
788.0 -66.38
788.4 -65.81
788.8 -65.49
789.2 -65.59
789.6 -66.29
790.0 -66.45
790.4 -64.95
790.8 -64.98
791.2 -65.9
791.6 -65.13
792.0 -65.87
792.4 -65.2
792.8 -66.38
793.2 -65.35
793.6 -65.71
794.0 -64.63
794.4 -64.65
794.8 -64.8
795.2 -65.88
795.6 -65.04
796.0 -66.11
796.4 -64.73
796.8 -65.37
797.2 -65.16
797.6 -64.69
798.0 -64.75
798.4 -65.05
798.8 -65.08
799.2 -65.18
799.6 -65.02
800.0 -64.73
800.4 -64.61
800.8 -64.61
801.2 -65.05
801.6 -66.09
802.0 -64.8
802.4 -65.67
802.8 -64.78
803.2 -64.17
803.6 -64.63
804.0 -64.7
804.4 -64.26
804.8 -64.62
805.2 -63.71
805.6 -63.45
806.0 -63.72
806.4 -61.43
806.8 -57.71
807.2 -54.11
807.6 -50.12
808.0 -48.8
808.4 -49.76
808.8 -50.24
809.2 -53.88
809.6 -61.66
810.0 -63.26
810.4 -63.69
810.8 -64.65
811.2 -65.19
811.6 -64.8
812.0 -65.48
812.4 -65.15
812.8 -64.4
813.2 -64.8
813.6 -64.19
814.0 -64.96
814.4 -65.0
814.8 -63.75
815.2 -64.44
815.6 -65.68
816.0 -65.09
816.4 -64.47
816.8 -65.36
817.2 -64.93
817.6 -66.63
818.0 -64.6
818.4 -64.64
818.8 -64.76
819.2 -64.23
819.6 -64.44
820.0 -64.96
820.4 -65.51
820.8 -64.6
821.2 -65.18
821.6 -64.71
822.0 -64.92
822.4 -65.08
822.8 -65.0
823.2 -64.08
823.6 -64.51
824.0 -64.69
824.4 -64.75
824.8 -64.54
825.2 -64.55
825.6 -64.86
826.0 -64.28
826.4 -64.13
826.8 -64.67
827.2 -64.76
827.6 -64.5
828.0 -64.51
828.4 -65.22
828.8 -64.74
829.2 -64.6
829.6 -65.04
830.0 -63.89
830.4 -64.67
830.8 -64.3
831.2 -64.02
831.6 -63.98
832.0 -64.52
832.4 -64.27
832.8 -64.13
833.2 -63.75
833.6 -64.1
834.0 -63.76
834.4 -64.25
834.8 -63.68
835.2 -63.6
835.6 -63.97
836.0 -63.91
836.4 -63.43
836.8 -63.9
837.2 -63.85
837.6 -63.68
838.0 -64.47
838.4 -63.59
838.8 -64.4
839.2 -64.08
839.6 -64.4
840.0 -64.04
840.4 -63.55
840.8 -63.88
841.2 -63.74
841.6 -63.65
842.0 -64.58
842.4 -63.49
842.8 -64.89
843.2 -64.09
843.6 -64.32
844.0 -63.4
844.4 -63.68
844.8 -64.33
845.2 -64.31
845.6 -63.47
846.0 -63.5
846.4 -63.75
846.8 -64.08
847.2 -64.07
847.6 -63.04
848.0 -63.36
848.4 -63.74
848.8 -63.67
849.2 -63.87
849.6 -63.52
850.0 -63.65
850.4 -63.73
850.8 -63.45
851.2 -63.85
851.6 -63.42
852.0 -63.59
852.4 -63.28
852.8 -63.36
853.2 -63.46
853.6 -63.49
854.0 -63.52
854.4 -63.18
854.8 -62.98
855.2 -63.01
855.6 -62.64
856.0 -63.56
856.4 -63.42
856.8 -63.31
857.2 -63.4
857.6 -62.96
858.0 -62.79
858.4 -63.01
858.8 -63.06
859.2 -62.84
859.6 -62.75
860.0 -63.09
860.4 -63.34
860.8 -62.99
861.2 -62.87
861.6 -63.26
862.0 -62.69
862.4 -62.65
862.8 -62.58
863.2 -62.54
863.6 -62.84
864.0 -63.01
864.4 -62.55
864.8 -62.73
865.2 -62.5
865.6 -62.62
866.0 -62.81
866.4 -62.68
866.8 -62.32
867.2 -62.82
867.6 -62.63
868.0 -62.64
868.4 -62.85
868.8 -62.37
869.2 -63.23
869.6 -62.87
870.0 -62.66
870.4 -62.44
870.8 -62.72
871.2 -62.84
871.6 -62.31
872.0 -62.71
872.4 -62.44
872.8 -62.42
873.2 -62.37
873.6 -61.92
874.0 -62.53
874.4 -62.37
874.8 -62.16
875.2 -62.33
875.6 -62.25
876.0 -62.38
876.4 -62.1
876.8 -62.09
877.2 -62.67
877.6 -62.28
878.0 -62.02
878.4 -62.7
878.8 -62.26
879.2 -62.68
879.6 -62.65
880.0 -62.24
880.4 -62.14
880.8 -62.2
881.2 -61.84
881.6 -62.41
882.0 -62.67
882.4 -62.07
882.8 -61.58
883.2 -62.01
883.6 -61.93
884.0 -61.87
884.4 -61.93
884.8 -61.93
885.2 -62.06
885.6 -61.7
886.0 -61.88
886.4 -62.26
886.8 -61.83
887.2 -61.92
887.6 -61.96
888.0 -61.91
888.4 -61.99
888.8 -62.0
889.2 -61.96
889.6 -61.57
890.0 -61.98
890.4 -61.83
890.8 -62.04
891.2 -61.52
891.6 -61.71
892.0 -61.94
892.4 -61.69
892.8 -61.75
893.2 -61.69
893.6 -61.82
894.0 -61.66
894.4 -61.7
894.8 -61.63
895.2 -61.77
895.6 -61.48
896.0 -61.66
896.4 -61.72
896.8 -61.7
897.2 -61.59
897.6 -61.32
898.0 -61.55
898.4 -62.04
898.8 -61.44
899.2 -61.83
899.6 -61.72
900.0 -61.77
900.4 -61.36
900.8 -61.88
901.2 -61.48
901.6 -61.4
902.0 -61.39
902.4 -61.19
902.8 -61.42
903.2 -61.69
903.6 -61.66
904.0 -61.64
904.4 -61.61
904.8 -61.88
905.2 -61.53
905.6 -61.42
906.0 -61.31
906.4 -61.59
906.8 -61.31
907.2 -61.45
907.6 -61.1
908.0 -61.11
908.4 -61.27
908.8 -61.3
909.2 -61.22
909.6 -61.21
910.0 -61.25
910.4 -61.04
910.8 -61.16
911.2 -61.01
911.6 -60.76
912.0 -61.02
912.4 -60.97
912.8 -60.84
913.2 -60.85
913.6 -61.09
914.0 -60.87
914.4 -61.04
914.8 -60.88
915.2 -61.1
915.6 -60.76
916.0 -60.58
916.4 -60.53
916.8 -60.81
917.2 -60.78
917.6 -60.5
918.0 -60.46
918.4 -60.62
918.8 -60.63
919.2 -60.65
919.6 -60.73
920.0 -60.71
920.4 -60.48
920.8 -60.6
921.2 -60.48
921.6 -60.44
922.0 -60.58
922.4 -60.48
922.8 -60.36
923.2 -60.4
923.6 -60.33
924.0 -60.55
924.4 -60.39
924.8 -60.3
925.2 -60.32
925.6 -60.23
926.0 -60.3
926.4 -60.25
926.8 -60.22
927.2 -60.24
927.6 -60.07
928.0 -60.13
928.4 -60.18
928.8 -60.17
929.2 -60.08
929.6 -59.94
930.0 -59.83
930.4 -60.03
930.8 -59.79
931.2 -59.8
931.6 -59.92
932.0 -59.71
932.4 -60.02
932.8 -59.79
933.2 -60.03
933.6 -59.8
934.0 -60.16
934.4 -59.74
934.8 -59.94
935.2 -59.93
935.6 -59.85
936.0 -59.8
936.4 -60.05
936.8 -59.86
937.2 -59.72
937.6 -59.61
938.0 -59.71
938.4 -59.73
938.8 -59.59
939.2 -59.57
939.6 -59.61
940.0 -59.86
940.4 -59.72
940.8 -59.57
941.2 -59.66
941.6 -59.66
942.0 -59.49
942.4 -59.63
942.8 -59.54
943.2 -59.37
943.6 -59.84
944.0 -59.53
944.4 -59.32
944.8 -59.48
945.2 -59.52
945.6 -59.62
946.0 -59.48
946.4 -59.46
946.8 -59.38
947.2 -59.35
947.6 -59.19
948.0 -59.35
948.4 -59.39
948.8 -59.36
949.2 -59.4
949.6 -59.43
950.0 -59.47
950.4 -59.19
950.8 -59.24
951.2 -59.49
951.6 -59.43
952.0 -59.42
952.4 -59.22
952.8 -59.28
953.2 -59.28
953.6 -59.22
954.0 -59.3
954.4 -59.37
954.8 -59.25
955.2 -59.27
955.6 -59.36
956.0 -59.26
956.4 -59.11
956.8 -59.29
957.2 -59.2
957.6 -59.38
958.0 -59.14
958.4 -59.08
958.8 -59.04
959.2 -59.07
959.6 -58.9
960.0 -59.05
960.4 -58.89
960.8 -58.98
961.2 -58.79
961.6 -59.05
962.0 -58.76
962.4 -58.79
962.8 -58.62
963.2 -58.64
963.6 -58.83
964.0 -58.69
964.4 -58.62
964.8 -58.59
965.2 -58.7
965.6 -58.46
966.0 -58.51
966.4 -58.65
966.8 -58.72
967.2 -58.6
967.6 -58.76
968.0 -58.72
968.4 -58.68
968.8 -58.52
969.2 -58.63
969.6 -58.64
970.0 -58.75
970.4 -58.59
970.8 -58.5
971.2 -58.69
971.6 -58.82
972.0 -58.73
972.4 -58.8
972.8 -58.89
973.2 -58.74
973.6 -58.71
974.0 -58.85
974.4 -58.95
974.8 -58.92
975.2 -59.01
975.6 -58.95
976.0 -58.88
976.4 -58.93
976.8 -58.91
977.2 -58.93
977.6 -58.93
978.0 -59.1
978.4 -58.93
978.8 -59.03
979.2 -59.17
979.6 -59.03
980.0 -59.06
980.4 -58.79
980.8 -58.93
981.2 -58.89
981.6 -59.08
982.0 -58.9
982.4 -58.77
982.8 -58.79
983.2 -58.7
983.6 -58.76
984.0 -58.62
984.4 -58.65
984.8 -58.5
985.2 -58.54
985.6 -58.53
986.0 -58.36
986.4 -58.35
986.8 -58.39
987.2 -58.18
987.6 -58.25
988.0 -58.26
988.4 -58.11
988.8 -58.15
989.2 -58.15
989.6 -58.29
990.0 -57.99
990.4 -58.14
990.8 -57.78
991.2 -58.07
991.6 -58.0
992.0 -57.91
992.4 -58.08
992.8 -57.93
993.2 -57.81
993.6 -57.85
994.0 -57.93
994.4 -57.96
994.8 -57.83
995.2 -57.84
995.6 -57.92
996.0 -57.96
996.4 -57.97
996.8 -57.85
997.2 -57.88
997.6 -58.0
998.0 -58.01
998.4 -57.95
998.8 -58.07
999.2 -58.03
999.6 -58.06
1000.0 -57.99
