600.0 -81.13
600.4 -210.0
600.8 -210.0
601.2 -84.21
601.6 -210.0
602.0 -76.48
602.4 -210.0
602.8 -210.0
603.2 -81.33
603.6 -71.14
604.0 -210.0
604.4 -210.0
604.8 -69.67
605.2 -72.7
605.6 -71.07
606.0 -71.52
606.4 -210.0
606.8 -84.58
607.2 -72.29
607.6 -72.86
608.0 -72.89
608.4 -72.12
608.8 -210.0
609.2 -75.69
609.6 -71.97
610.0 -72.73
610.4 -210.0
610.8 -71.82
611.2 -210.0
611.6 -74.08
612.0 -210.0
612.4 -78.9
612.8 -80.17
613.2 -73.2
613.6 -73.86
614.0 -73.88
614.4 -77.25
614.8 -77.28
615.2 -75.54
615.6 -210.0
616.0 -73.09
616.4 -71.18
616.8 -69.73
617.2 -79.18
617.6 -74.09
618.0 -71.64
618.4 -210.0
618.8 -76.26
619.2 -210.0
619.6 -210.0
620.0 -210.0
620.4 -68.32
620.8 -210.0
621.2 -210.0
621.6 -74.67
622.0 -210.0
622.4 -210.0
622.8 -210.0
623.2 -71.76
623.6 -210.0
624.0 -71.81
624.4 -77.19
624.8 -210.0
625.2 -210.0
625.6 -72.29
626.0 -71.27
626.4 -210.0
626.8 -210.0
627.2 -75.4
627.6 -78.06
628.0 -210.0
628.4 -79.87
628.8 -210.0
629.2 -210.0
629.6 -71.34
630.0 -72.38
630.4 -74.26
630.8 -73.5
631.2 -210.0
631.6 -210.0
632.0 -70.02
632.4 -73.62
632.8 -74.74
633.2 -210.0
633.6 -75.84
634.0 -70.16
634.4 -74.01
634.8 -210.0
635.2 -210.0
635.6 -76.86
636.0 -70.75
636.4 -77.43
636.8 -70.93
637.2 -78.07
637.6 -210.0
638.0 -72.44
638.4 -70.93
638.8 -74.88
639.2 -210.0
639.6 -74.66
640.0 -210.0
640.4 -210.0
640.8 -75.35
641.2 -210.0
641.6 -73.08
642.0 -210.0
642.4 -73.53
642.8 -72.52
643.2 -72.25
643.6 -71.15
644.0 -69.94
644.4 -210.0
644.8 -74.62
645.2 -71.89
645.6 -82.47
646.0 -210.0
646.4 -210.0
646.8 -74.8
647.2 -75.62
647.6 -73.28
648.0 -72.14
648.4 -77.95
648.8 -210.0
649.2 -73.95
649.6 -77.61
650.0 -82.84
650.4 -210.0
650.8 -210.0
651.2 -73.48
651.6 -82.85
652.0 -73.82
652.4 -72.19
652.8 -75.08
653.2 -72.32
653.6 -71.73
654.0 -71.73
654.4 -210.0
654.8 -72.47
655.2 -75.89
655.6 -73.18
656.0 -74.05
656.4 -71.87
656.8 -71.43
657.2 -71.44
657.6 -72.11
658.0 -70.86
658.4 -70.77
658.8 -76.89
659.2 -78.65
659.6 -71.25
660.0 -71.16
660.4 -73.55
660.8 -72.13
661.2 -73.89
661.6 -72.01
662.0 -72.25
662.4 -78.66
662.8 -210.0
663.2 -70.21
663.6 -71.16
664.0 -80.71
664.4 -73.38
664.8 -77.7
665.2 -74.08
665.6 -81.67
666.0 -210.0
666.4 -87.7
666.8 -71.67
667.2 -72.01
667.6 -71.9
668.0 -74.69
668.4 -210.0
668.8 -76.56
669.2 -72.64
669.6 -71.36
670.0 -74.26
670.4 -72.77
670.8 -71.55
671.2 -71.14
671.6 -72.23
672.0 -73.35
672.4 -72.48
672.8 -71.12
673.2 -74.04
673.6 -71.22
674.0 -71.96
674.4 -74.86
674.8 -70.23
675.2 -72.72
675.6 -73.16
676.0 -74.2
676.4 -72.57
676.8 -70.29
677.2 -210.0
677.6 -71.38
678.0 -72.42
678.4 -72.83
678.8 -71.36
679.2 -70.78
679.6 -72.68
680.0 -75.03
680.4 -70.51
680.8 -73.6
681.2 -79.79
681.6 -72.65
682.0 -71.22
682.4 -72.24
682.8 -69.22
683.2 -72.23
683.6 -71.1
684.0 -70.91
684.4 -72.34
684.8 -70.71
685.2 -70.53
685.6 -71.72
686.0 -69.05
686.4 -72.19
686.8 -78.46
687.2 -72.05
687.6 -70.5
688.0 -70.58
688.4 -76.01
688.8 -71.79
689.2 -73.49
689.6 -70.39
690.0 -74.03
690.4 -74.02
690.8 -72.53
691.2 -210.0
691.6 -71.52
692.0 -73.45
692.4 -70.34
692.8 -70.6
693.2 -69.55
693.6 -70.78
694.0 -70.77
694.4 -72.76
694.8 -70.95
695.2 -69.89
695.6 -72.6
696.0 -72.59
696.4 -75.31
696.8 -73.38
697.2 -70.19
697.6 -70.53
698.0 -75.87
698.4 -72.27
698.8 -70.08
699.2 -72.26
699.6 -74.31
700.0 -70.49
700.4 -71.5
700.8 -69.51
701.2 -71.97
701.6 -73.31
702.0 -70.29
702.4 -78.23
702.8 -70.36
703.2 -75.49
703.6 -72.07
704.0 -71.01
704.4 -74.68
704.8 -71.67
705.2 -68.59
705.6 -72.91
706.0 -71.19
706.4 -69.21
706.8 -70.58
707.2 -71.17
707.6 -69.49
708.0 -69.48
708.4 -69.39
708.8 -72.86
709.2 -70.63
709.6 -72.69
710.0 -70.43
710.4 -70.17
710.8 -70.52
711.2 -69.59
711.6 -70.06
712.0 -73.52
712.4 -70.41
712.8 -76.71
713.2 -76.33
713.6 -70.88
714.0 -69.71
714.4 -68.78
714.8 -70.29
715.2 -69.1
715.6 -69.94
716.0 -74.54
716.4 -70.27
716.8 -69.16
717.2 -71.39
717.6 -79.29
718.0 -70.16
718.4 -71.5
718.8 -75.29
719.2 -71.49
719.6 -69.27
720.0 -69.12
720.4 -72.13
720.8 -71.24
721.2 -69.79
721.6 -72.41
722.0 -71.71
722.4 -71.11
722.8 -70.03
723.2 -70.68
723.6 -73.04
724.0 -69.6
724.4 -71.44
724.8 -71.81
725.2 -72.52
725.6 -68.24
726.0 -70.45
726.4 -69.66
726.8 -70.25
727.2 -69.49
727.6 -69.12
728.0 -68.33
728.4 -70.73
728.8 -73.34
729.2 -70.62
729.6 -70.14
730.0 -69.16
730.4 -70.61
730.8 -70.31
731.2 -69.15
731.6 -70.03
732.0 -69.85
732.4 -68.66
732.8 -71.61
733.2 -69.21
733.6 -74.36
734.0 -70.48
734.4 -75.44
734.8 -72.76
735.2 -70.09
735.6 -68.83
736.0 -69.11
736.4 -73.66
736.8 -69.98
737.2 -73.27
737.6 -68.18
738.0 -71.69
738.4 -69.89
738.8 -70.24
739.2 -68.87
739.6 -69.08
740.0 -69.37
740.4 -70.04
740.8 -68.47
741.2 -70.22
741.6 -69.86
742.0 -67.65
742.4 -70.31
742.8 -71.92
743.2 -72.21
743.6 -70.81
744.0 -71.77
744.4 -71.91
744.8 -69.75
745.2 -69.5
745.6 -72.67
746.0 -69.11
746.4 -69.11
746.8 -70.79
747.2 -68.88
747.6 -71.62
748.0 -76.81
748.4 -68.22
748.8 -70.26
749.2 -68.47
749.6 -71.11
750.0 -68.46
750.4 -68.59
750.8 -68.58
751.2 -68.58
751.6 -68.5
752.0 -69.77
752.4 -71.19
752.8 -69.93
753.2 -70.72
753.6 -69.58
754.0 -69.83
754.4 -68.46
754.8 -72.41
755.2 -69.99
755.6 -71.03
756.0 -69.98
756.4 -70.58
756.8 -69.79
757.2 -70.36
757.6 -70.77
758.0 -68.9
758.4 -70.76
758.8 -69.69
759.2 -69.85
759.6 -70.13
760.0 -69.93
760.4 -68.46
760.8 -70.62
761.2 -70.02
761.6 -70.41
762.0 -71.32
762.4 -70.84
762.8 -68.84
763.2 -70.19
763.6 -68.84
764.0 -71.7
764.4 -69.37
764.8 -67.21
765.2 -68.97
765.6 -70.58
766.0 -69.97
766.4 -68.81
766.8 -68.95
767.2 -68.26
767.6 -69.68
768.0 -69.76
768.4 -68.87
768.8 -70.33
769.2 -68.78
769.6 -72.25
770.0 -71.24
770.4 -69.83
770.8 -68.23
771.2 -68.36
771.6 -68.77
772.0 -71.63
772.4 -68.09
772.8 -71.23
773.2 -70.98
773.6 -72.57
774.0 -70.62
774.4 -70.97
774.8 -69.72
775.2 -70.1
775.6 -68.08
776.0 -68.26
776.4 -68.97
776.8 -69.12
777.2 -68.74
777.6 -72.05
778.0 -69.7
778.4 -67.59
778.8 -68.88
779.2 -68.96
779.6 -68.06
780.0 -72.19
780.4 -67.93
780.8 -69.52
781.2 -68.05
781.6 -68.04
782.0 -69.42
782.4 -69.77
782.8 -66.81
783.2 -67.68
783.6 -68.56
784.0 -71.57
784.4 -68.7
784.8 -69.49
785.2 -68.69
785.6 -68.92
786.0 -68.77
786.4 -69.65
786.8 -70.03
787.2 -69.74
787.6 -67.54
788.0 -68.68
788.4 -68.53
788.8 -68.07
789.2 -68.39
789.6 -69.38
790.0 -67.58
790.4 -68.25
790.8 -69.04
791.2 -71.12
791.6 -68.37
792.0 -67.35
792.4 -68.24
792.8 -68.87
793.2 -68.94
793.6 -68.64
794.0 -67.78
794.4 -67.84
794.8 -67.66
795.2 -69.51
795.6 -67.77
796.0 -68.55
796.4 -67.77
796.8 -66.77
797.2 -69.49
797.6 -72.97
798.0 -66.23
798.4 -70.05
798.8 -68.06
799.2 -69.48
799.6 -67.58
800.0 -68.45
800.4 -68.89
800.8 -69.39
801.2 -71.47
801.6 -67.04
802.0 -67.3
802.4 -68.83
802.8 -68.27
803.2 -68.91
803.6 -69.07
804.0 -71.09
804.4 -67.6
804.8 -67.16
805.2 -67.21
805.6 -66.55
806.0 -66.04
806.4 -64.21
806.8 -60.04
807.2 -56.39
807.6 -52.52
808.0 -51.03
808.4 -52.14
808.8 -52.51
809.2 -56.09
809.6 -63.86
810.0 -66.58
810.4 -67.76
810.8 -67.17
811.2 -66.88
811.6 -67.55
812.0 -67.19
812.4 -68.42
812.8 -67.74
813.2 -70.94
813.6 -68.32
814.0 -69.89
814.4 -68.01
814.8 -69.05
815.2 -67.56
815.6 -67.2
816.0 -67.42
816.4 -69.49
816.8 -67.02
817.2 -68.0
817.6 -69.03
818.0 -70.05
818.4 -68.47
818.8 -66.74
819.2 -67.75
819.6 -67.86
820.0 -67.39
820.4 -67.84
820.8 -68.67
821.2 -68.29
821.6 -67.77
822.0 -68.32
822.4 -67.28
822.8 -66.87
823.2 -67.51
823.6 -67.22
824.0 -68.72
824.4 -68.1
824.8 -67.78
825.2 -68.9
825.6 -68.78
826.0 -67.46
826.4 -66.46
826.8 -69.41
827.2 -66.69
827.6 -67.58
828.0 -66.68
828.4 -68.38
828.8 -67.01
829.2 -68.06
829.6 -67.5
830.0 -68.22
830.4 -67.23
830.8 -67.74
831.2 -68.85
831.6 -66.72
832.0 -68.13
832.4 -67.24
832.8 -67.31
833.2 -67.21
833.6 -66.95
834.0 -67.15
834.4 -67.18
834.8 -67.79
835.2 -68.37
835.6 -66.54
836.0 -67.38
836.4 -67.54
836.8 -67.35
837.2 -68.46
837.6 -66.18
838.0 -66.89
838.4 -67.51
838.8 -66.98
839.2 -67.78
839.6 -67.16
840.0 -66.77
840.4 -67.65
840.8 -66.77
841.2 -66.7
841.6 -66.34
842.0 -67.69
842.4 -68.28
842.8 -67.31
843.2 -66.83
843.6 -67.12
844.0 -68.48
844.4 -66.33
844.8 -66.61
845.2 -67.07
845.6 -67.18
846.0 -66.61
846.4 -67.03
846.8 -67.67
847.2 -68.73
847.6 -67.71
848.0 -66.84
848.4 -67.66
848.8 -65.83
849.2 -66.28
849.6 -66.81
850.0 -67.48
850.4 -67.4
850.8 -66.49
851.2 -66.48
851.6 -66.93
852.0 -66.89
852.4 -66.13
852.8 -67.3
853.2 -65.91
853.6 -65.89
854.0 -66.8
854.4 -66.49
854.8 -66.3
855.2 -65.82
855.6 -65.59
856.0 -66.45
856.4 -66.72
856.8 -66.83
857.2 -66.34
857.6 -66.93
858.0 -65.71
858.4 -66.36
858.8 -66.43
859.2 -66.88
859.6 -65.73
860.0 -66.2
860.4 -66.87
860.8 -65.94
861.2 -66.19
861.6 -66.64
862.0 -66.02
862.4 -65.43
862.8 -65.39
863.2 -65.39
863.6 -67.02
864.0 -65.94
864.4 -65.96
864.8 -67.08
865.2 -66.74
865.6 -65.58
866.0 -66.46
866.4 -65.71
866.8 -65.65
867.2 -65.04
867.6 -66.08
868.0 -65.77
868.4 -65.75
868.8 -65.57
869.2 -65.17
869.6 -66.0
870.0 -65.67
870.4 -65.49
870.8 -65.05
871.2 -65.54
871.6 -66.02
872.0 -66.28
872.4 -65.49
872.8 -66.08
873.2 -66.23
873.6 -65.87
874.0 -65.78
874.4 -66.31
874.8 -65.65
875.2 -65.37
875.6 -65.22
876.0 -65.6
876.4 -65.11
876.8 -65.47
877.2 -65.04
877.6 -65.63
878.0 -64.76
878.4 -65.26
878.8 -64.87
879.2 -66.19
879.6 -66.09
880.0 -65.1
880.4 -65.05
880.8 -65.1
881.2 -65.37
881.6 -65.45
882.0 -65.31
882.4 -65.28
882.8 -65.12
883.2 -65.53
883.6 -66.07
884.0 -64.6
884.4 -65.25
884.8 -65.63
885.2 -65.91
885.6 -64.81
886.0 -65.03
886.4 -65.4
886.8 -64.73
887.2 -66.05
887.6 -64.85
888.0 -65.8
888.4 -65.86
888.8 -64.92
889.2 -65.02
889.6 -64.77
890.0 -65.3
890.4 -65.47
890.8 -64.65
891.2 -64.45
891.6 -65.1
892.0 -64.91
892.4 -64.71
892.8 -65.25
893.2 -66.52
893.6 -65.39
894.0 -65.29
894.4 -65.08
894.8 -65.69
895.2 -64.47
895.6 -64.91
896.0 -64.85
896.4 -66.1
896.8 -65.21
897.2 -64.98
897.6 -65.06
898.0 -65.25
898.4 -65.33
898.8 -65.36
899.2 -65.5
899.6 -65.02
900.0 -65.19
900.4 -65.47
900.8 -64.86
901.2 -65.35
901.6 -65.17
902.0 -65.07
902.4 -65.45
902.8 -65.12
903.2 -64.96
903.6 -64.86
904.0 -65.62
904.4 -65.83
904.8 -64.27
905.2 -65.0
905.6 -65.48
906.0 -65.49
906.4 -66.05
906.8 -64.98
907.2 -65.34
907.6 -65.58
908.0 -65.81
908.4 -64.89
908.8 -64.97
909.2 -65.03
909.6 -64.4
910.0 -65.58
910.4 -65.42
910.8 -66.42
911.2 -65.25
911.6 -65.47
912.0 -65.18
912.4 -65.01
912.8 -64.74
913.2 -64.81
913.6 -64.47
914.0 -65.34
914.4 -65.06
914.8 -65.4
915.2 -65.86
915.6 -64.8
916.0 -65.16
916.4 -64.67
916.8 -65.33
917.2 -66.11
917.6 -65.2
918.0 -65.75
918.4 -65.77
918.8 -65.87
919.2 -65.53
919.6 -65.9
920.0 -65.17
920.4 -65.61
920.8 -66.1
921.2 -65.47
921.6 -65.61
922.0 -64.77
922.4 -65.73
922.8 -65.43
923.2 -65.47
923.6 -65.49
924.0 -65.53
924.4 -65.44
924.8 -66.48
925.2 -65.77
925.6 -65.53
926.0 -65.96
926.4 -65.37
926.8 -66.03
927.2 -65.29
927.6 -65.71
928.0 -65.55
928.4 -66.04
928.8 -65.73
929.2 -65.6
929.6 -65.76
930.0 -65.34
930.4 -65.82
930.8 -65.48
931.2 -65.25
931.6 -65.77
932.0 -65.73
932.4 -66.5
932.8 -65.95
933.2 -66.04
933.6 -65.83
934.0 -66.08
934.4 -66.03
934.8 -65.85
935.2 -65.67
935.6 -65.86
936.0 -65.71
936.4 -65.82
936.8 -66.17
937.2 -65.91
937.6 -65.35
938.0 -66.29
938.4 -65.45
938.8 -66.28
939.2 -66.14
939.6 -65.51
940.0 -66.16
940.4 -65.91
940.8 -66.44
941.2 -65.59
941.6 -66.0
942.0 -66.42
942.4 -66.11
942.8 -65.92
943.2 -65.25
943.6 -65.66
944.0 -66.65
944.4 -65.52
944.8 -65.41
945.2 -66.24
945.6 -65.93
946.0 -65.89
946.4 -65.92
946.8 -66.37
947.2 -66.07
947.6 -66.11
948.0 -66.51
948.4 -66.49
948.8 -66.41
949.2 -65.85
949.6 -66.88
950.0 -66.19
950.4 -66.13
950.8 -66.02
951.2 -66.47
951.6 -66.98
952.0 -66.37
952.4 -66.29
952.8 -66.04
953.2 -66.18
953.6 -66.51
954.0 -66.44
954.4 -66.29
954.8 -65.94
955.2 -66.23
955.6 -66.42
956.0 -65.86
956.4 -66.64
956.8 -66.72
957.2 -66.74
957.6 -66.03
958.0 -66.22
958.4 -66.72
958.8 -66.84
959.2 -65.94
959.6 -65.94
960.0 -66.41
960.4 -66.33
960.8 -66.01
961.2 -66.64
961.6 -66.04
962.0 -65.88
962.4 -65.87
962.8 -66.3
963.2 -65.95
963.6 -66.26
964.0 -66.18
964.4 -65.74
964.8 -66.18
965.2 -65.84
965.6 -65.37
966.0 -65.35
966.4 -66.07
966.8 -65.71
967.2 -66.12
967.6 -66.48
968.0 -66.23
968.4 -65.98
968.8 -66.07
969.2 -65.9
969.6 -66.58
970.0 -65.98
970.4 -66.21
970.8 -66.87
971.2 -66.05
971.6 -66.04
972.0 -66.54
972.4 -66.22
972.8 -66.66
973.2 -67.11
973.6 -66.76
974.0 -66.75
974.4 -66.57
974.8 -66.68
975.2 -66.91
975.6 -66.77
976.0 -66.82
976.4 -67.0
976.8 -66.27
977.2 -66.8
977.6 -66.54
978.0 -66.15
978.4 -66.77
978.8 -66.65
979.2 -66.64
979.6 -66.8
980.0 -66.86
980.4 -66.88
980.8 -66.67
981.2 -66.37
981.6 -66.3
982.0 -66.82
982.4 -66.55
982.8 -66.39
983.2 -66.31
983.6 -66.35
984.0 -66.49
984.4 -66.72
984.8 -66.48
985.2 -66.39
985.6 -66.12
986.0 -65.88
986.4 -65.89
986.8 -66.08
987.2 -66.05
987.6 -66.1
988.0 -65.96
988.4 -65.44
988.8 -65.87
989.2 -65.66
989.6 -65.6
990.0 -66.02
990.4 -65.66
990.8 -65.89
991.2 -65.17
991.6 -65.88
992.0 -65.49
992.4 -65.58
992.8 -65.16
993.2 -65.29
993.6 -65.71
994.0 -65.39
994.4 -65.24
994.8 -65.62
995.2 -65.46
995.6 -65.2
996.0 -65.49
996.4 -65.4
996.8 -65.4
997.2 -65.42
997.6 -65.43
998.0 -65.55
998.4 -65.42
998.8 -65.38
999.2 -65.35
999.6 -65.51
1000.0 -65.3
