600.0 -210.0
600.4 -75.7
600.8 -74.19
601.2 -72.16
601.6 -210.0
602.0 -72.8
602.4 -210.0
602.8 -69.0
603.2 -81.33
603.6 -210.0
604.0 -210.0
604.4 -210.0
604.8 -75.41
605.2 -210.0
605.6 -74.08
606.0 -73.73
606.4 -210.0
606.8 -74.58
607.2 -69.54
607.6 -78.6
608.0 -71.04
608.4 -210.0
608.8 -210.0
609.2 -71.11
609.6 -70.13
610.0 -72.47
610.4 -73.34
610.8 -76.37
611.2 -69.79
611.6 -81.87
612.0 -73.13
612.4 -72.37
612.8 -210.0
613.2 -74.17
613.6 -78.01
614.0 -74.22
614.4 -75.04
614.8 -210.0
615.2 -74.67
615.6 -76.65
616.0 -79.11
616.4 -70.53
616.8 -79.15
617.2 -210.0
617.6 -72.44
618.0 -76.8
618.4 -210.0
618.8 -210.0
619.2 -74.91
619.6 -78.36
620.0 -210.0
620.4 -73.63
620.8 -210.0
621.2 -210.0
621.6 -210.0
622.0 -71.02
622.4 -210.0
622.8 -75.55
623.2 -73.52
623.6 -70.82
624.0 -70.43
624.4 -73.6
624.8 -210.0
625.2 -210.0
625.6 -76.68
626.0 -74.95
626.4 -85.77
626.8 -85.8
627.2 -210.0
627.6 -210.0
628.0 -72.44
628.4 -76.35
628.8 -69.01
629.2 -69.4
629.6 -73.18
630.0 -79.97
630.4 -76.03
630.8 -210.0
631.2 -69.1
631.6 -81.34
632.0 -75.73
632.4 -74.41
632.8 -73.65
633.2 -77.2
633.6 -72.11
634.0 -72.48
634.4 -210.0
634.8 -210.0
635.2 -80.35
635.6 -210.0
636.0 -78.65
636.4 -73.04
636.8 -71.87
637.2 -78.74
637.6 -75.09
638.0 -210.0
638.4 -75.48
638.8 -74.88
639.2 -210.0
639.6 -210.0
640.0 -210.0
640.4 -83.77
640.8 -74.03
641.2 -75.08
641.6 -73.46
642.0 -76.92
642.4 -77.92
642.8 -82.22
643.2 -75.26
643.6 -73.64
644.0 -71.53
644.4 -74.58
644.8 -76.04
645.2 -78.17
645.6 -71.22
646.0 -75.23
646.4 -74.09
646.8 -72.44
647.2 -73.58
647.6 -73.11
648.0 -210.0
648.4 -81.47
648.8 -73.06
649.2 -72.38
649.6 -69.9
650.0 -74.61
650.4 -87.62
650.8 -73.64
651.2 -75.32
651.6 -74.84
652.0 -79.84
652.4 -73.49
652.8 -73.66
653.2 -70.08
653.6 -75.6
654.0 -72.2
654.4 -73.33
654.8 -72.74
655.2 -70.75
655.6 -72.74
656.0 -70.68
656.4 -78.63
656.8 -87.67
657.2 -72.11
657.6 -73.53
658.0 -74.25
658.4 -73.7
658.8 -69.98
659.2 -73.37
659.6 -79.23
660.0 -69.63
660.4 -73.38
660.8 -74.91
661.2 -73.07
661.6 -73.38
662.0 -70.71
662.4 -73.22
662.8 -78.66
663.2 -70.71
663.6 -84.69
664.0 -70.71
664.4 -72.78
664.8 -70.45
665.2 -70.54
665.6 -72.51
666.0 -72.78
666.4 -72.38
666.8 -75.65
667.2 -71.78
667.6 -70.79
668.0 -70.29
668.4 -76.56
668.8 -72.64
669.2 -70.45
669.6 -70.45
670.0 -71.56
670.4 -70.7
670.8 -73.05
671.2 -69.97
671.6 -69.55
672.0 -70.42
672.4 -73.52
672.8 -70.75
673.2 -69.87
673.6 -70.41
674.0 -70.49
674.4 -75.09
674.8 -70.31
675.2 -73.01
675.6 -70.73
676.0 -72.85
676.4 -75.58
676.8 -68.69
677.2 -76.15
677.6 -72.05
678.0 -69.97
678.4 -72.04
678.8 -70.35
679.2 -70.61
679.6 -70.78
680.0 -68.55
680.4 -72.27
680.8 -73.43
681.2 -75.53
681.6 -73.25
682.0 -71.43
682.4 -73.75
682.8 -70.06
683.2 -72.23
683.6 -70.91
684.0 -72.91
684.4 -71.61
684.8 -70.54
685.2 -71.39
685.6 -70.98
686.0 -69.51
686.4 -71.38
686.8 -71.7
687.2 -69.11
687.6 -71.15
688.0 -72.43
688.4 -70.57
688.8 -71.04
689.2 -68.33
689.6 -77.92
690.0 -73.14
690.4 -73.83
690.8 -74.44
691.2 -74.01
691.6 -73.63
692.0 -70.1
692.4 -70.79
692.8 -71.18
693.2 -74.4
693.6 -77.41
694.0 -70.86
694.4 -71.7
694.8 -75.92
695.2 -72.9
695.6 -70.22
696.0 -70.04
696.4 -71.79
696.8 -71.33
697.2 -69.02
697.6 -72.57
698.0 -71.0
698.4 -69.69
698.8 -72.14
699.2 -71.08
699.6 -72.54
700.0 -71.28
700.4 -70.14
700.8 -70.39
701.2 -73.86
701.6 -69.22
702.0 -70.12
702.4 -72.49
702.8 -69.78
703.2 -68.99
703.6 -70.01
704.0 -210.0
704.4 -71.92
704.8 -67.15
705.2 -68.42
705.6 -71.54
706.0 -69.02
706.4 -71.89
706.8 -70.3
707.2 -69.27
707.6 -72.57
708.0 -72.56
708.4 -69.69
708.8 -72.7
709.2 -71.85
709.6 -71.14
710.0 -70.82
710.4 -68.96
710.8 -70.07
711.2 -71.46
711.6 -69.07
712.0 -72.66
712.4 -68.87
712.8 -71.0
713.2 -68.43
713.6 -68.03
714.0 -70.21
714.4 -69.62
714.8 -68.59
715.2 -68.9
715.6 -69.31
716.0 -71.65
716.4 -75.62
716.8 -70.36
717.2 -70.0
717.6 -69.83
718.0 -69.28
718.4 -69.36
718.8 -71.37
719.2 -70.15
719.6 -73.63
720.0 -69.72
720.4 -69.34
720.8 -68.4
721.2 -68.77
721.6 -70.8
722.0 -69.32
722.4 -71.71
722.8 -70.58
723.2 -68.32
723.6 -70.89
724.0 -68.94
724.4 -70.38
724.8 -69.75
725.2 -70.46
725.6 -69.14
726.0 -70.26
726.4 -68.92
726.8 -68.17
727.2 -71.06
727.6 -68.52
728.0 -70.53
728.4 -69.04
728.8 -69.88
729.2 -70.33
729.6 -72.81
730.0 -68.37
730.4 -69.7
730.8 -69.45
731.2 -69.86
731.6 -72.02
732.0 -67.95
732.4 -69.14
732.8 -68.06
733.2 -70.01
733.6 -70.48
734.0 -68.65
734.4 -68.91
734.8 -68.1
735.2 -70.88
735.6 -70.08
736.0 -69.91
736.4 -71.57
736.8 -69.73
737.2 -72.41
737.6 -70.06
738.0 -71.31
738.4 -68.75
738.8 -68.67
739.2 -68.6
739.6 -69.01
740.0 -68.28
740.4 -68.86
740.8 -69.87
741.2 -69.77
741.6 -69.6
742.0 -71.66
742.4 -72.53
742.8 -67.91
743.2 -67.86
743.6 -68.26
744.0 -71.14
744.4 -67.85
744.8 -68.44
745.2 -68.56
745.6 -69.49
746.0 -68.69
746.4 -68.55
746.8 -69.03
747.2 -71.12
747.6 -70.68
748.0 -70.27
748.4 -70.56
748.8 -68.73
749.2 -70.67
749.6 -68.28
750.0 -69.54
750.4 -75.32
750.8 -66.78
751.2 -69.22
751.6 -68.01
752.0 -70.13
752.4 -69.43
752.8 -71.18
753.2 -69.76
753.6 -68.81
754.0 -68.28
754.4 -69.24
754.8 -68.8
755.2 -68.14
755.6 -69.01
756.0 -70.91
756.4 -75.24
756.8 -68.99
757.2 -69.06
757.6 -69.05
758.0 -69.05
758.4 -70.24
758.8 -70.34
759.2 -68.28
759.6 -69.59
760.0 -68.14
760.4 -68.2
760.8 -67.67
761.2 -70.85
761.6 -70.96
762.0 -68.93
762.4 -71.58
762.8 -68.92
763.2 -68.63
763.6 -68.11
764.0 -71.3
764.4 -69.29
764.8 -69.05
765.2 -67.31
765.6 -69.05
766.0 -67.67
766.4 -69.27
766.8 -69.68
767.2 -68.88
767.6 -68.59
768.0 -69.67
768.4 -67.44
768.8 -68.64
769.2 -67.99
769.6 -68.71
770.0 -68.7
770.4 -69.23
770.8 -68.49
771.2 -67.98
771.6 -68.23
772.0 -67.79
772.4 -68.28
772.8 -68.76
773.2 -70.21
773.6 -68.35
774.0 -68.61
774.4 -68.54
774.8 -67.67
775.2 -70.1
775.6 -68.68
776.0 -68.33
776.4 -67.39
776.8 -68.4
777.2 -70.61
777.6 -69.28
778.0 -68.59
778.4 -68.73
778.8 -67.43
779.2 -68.19
779.6 -68.06
780.0 -69.52
780.4 -67.37
780.8 -68.05
781.2 -69.78
781.6 -66.28
782.0 -67.74
782.4 -66.76
782.8 -68.23
783.2 -67.62
783.6 -67.79
784.0 -68.85
784.4 -67.91
784.8 -67.5
785.2 -68.48
785.6 -69.4
786.0 -68.21
786.4 -66.47
786.8 -68.54
787.2 -68.76
787.6 -69.39
788.0 -68.01
788.4 -68.9
788.8 -70.02
789.2 -67.7
789.6 -66.91
790.0 -68.66
790.4 -67.2
790.8 -69.37
791.2 -68.73
791.6 -70.52
792.0 -67.3
792.4 -67.98
792.8 -67.91
793.2 -69.35
793.6 -68.64
794.0 -68.15
794.4 -67.38
794.8 -67.66
795.2 -69.6
795.6 -68.48
796.0 -68.48
796.4 -67.43
796.8 -69.25
797.2 -67.2
797.6 -70.16
798.0 -67.05
798.4 -68.9
798.8 -67.19
799.2 -67.75
799.6 -68.06
800.0 -66.16
800.4 -68.05
800.8 -68.89
801.2 -69.4
801.6 -68.06
802.0 -68.06
802.4 -67.19
802.8 -67.76
803.2 -69.96
803.6 -67.0
804.0 -68.7
804.4 -67.16
804.8 -66.77
805.2 -66.96
805.6 -65.73
806.0 -65.08
806.4 -63.74
806.8 -59.58
807.2 -55.87
807.6 -51.82
808.0 -50.43
808.4 -51.52
808.8 -51.93
809.2 -55.56
809.6 -63.03
810.0 -66.07
810.4 -66.87
810.8 -66.73
811.2 -66.69
811.6 -66.56
812.0 -67.68
812.4 -67.09
812.8 -67.8
813.2 -66.68
813.6 -67.48
814.0 -67.76
814.4 -69.04
814.8 -66.9
815.2 -68.98
815.6 -67.51
816.0 -67.01
816.4 -67.12
816.8 -67.22
817.2 -66.71
817.6 -67.04
818.0 -66.21
818.4 -67.01
818.8 -67.06
819.2 -65.48
819.6 -67.17
820.0 -66.55
820.4 -66.27
820.8 -67.03
821.2 -66.42
821.6 -66.96
822.0 -68.01
822.4 -67.09
822.8 -67.44
823.2 -67.89
823.6 -66.77
824.0 -66.96
824.4 -67.45
824.8 -68.96
825.2 -66.66
825.6 -66.8
826.0 -69.95
826.4 -67.68
826.8 -66.56
827.2 -66.37
827.6 -66.39
828.0 -66.85
828.4 -66.62
828.8 -67.05
829.2 -68.35
829.6 -67.45
830.0 -67.25
830.4 -66.93
830.8 -66.44
831.2 -66.82
831.6 -65.8
832.0 -66.87
832.4 -66.06
832.8 -66.81
833.2 -66.8
833.6 -68.04
834.0 -67.36
834.4 -66.48
834.8 -66.84
835.2 -66.65
835.6 -65.53
836.0 -67.34
836.4 -66.07
836.8 -65.39
837.2 -67.09
837.6 -66.5
838.0 -66.27
838.4 -66.53
838.8 -66.43
839.2 -66.36
839.6 -66.45
840.0 -66.18
840.4 -66.18
840.8 -66.21
841.2 -66.77
841.6 -66.09
842.0 -68.54
842.4 -66.83
842.8 -66.69
843.2 -66.83
843.6 -66.59
844.0 -66.17
844.4 -66.55
844.8 -66.71
845.2 -67.67
845.6 -66.71
846.0 -65.73
846.4 -65.54
846.8 -65.93
847.2 -65.69
847.6 -66.31
848.0 -66.6
848.4 -66.63
848.8 -66.43
849.2 -65.86
849.6 -66.18
850.0 -65.65
850.4 -65.55
850.8 -65.99
851.2 -66.29
851.6 -65.87
852.0 -65.92
852.4 -66.04
852.8 -65.55
853.2 -65.45
853.6 -65.22
854.0 -65.76
854.4 -66.05
854.8 -65.88
855.2 -66.02
855.6 -65.81
856.0 -65.89
856.4 -65.61
856.8 -66.58
857.2 -65.66
857.6 -66.03
858.0 -65.55
858.4 -65.36
858.8 -65.79
859.2 -64.85
859.6 -65.08
860.0 -65.0
860.4 -64.73
860.8 -65.49
861.2 -65.16
861.6 -64.96
862.0 -64.96
862.4 -65.13
862.8 -65.21
863.2 -65.47
863.6 -65.68
864.0 -65.46
864.4 -65.67
864.8 -65.9
865.2 -64.69
865.6 -65.34
866.0 -65.63
866.4 -65.33
866.8 -64.93
867.2 -66.21
867.6 -64.67
868.0 -64.98
868.4 -65.28
868.8 -65.57
869.2 -64.67
869.6 -64.41
870.0 -65.16
870.4 -65.12
870.8 -64.58
871.2 -65.09
871.6 -65.13
872.0 -64.74
872.4 -65.0
872.8 -65.6
873.2 -64.82
873.6 -65.23
874.0 -64.58
874.4 -64.77
874.8 -64.88
875.2 -64.88
875.6 -63.75
876.0 -63.87
876.4 -64.49
876.8 -64.25
877.2 -64.94
877.6 -64.97
878.0 -64.93
878.4 -65.29
878.8 -64.39
879.2 -64.81
879.6 -64.14
880.0 -64.85
880.4 -64.43
880.8 -64.85
881.2 -64.28
881.6 -63.97
882.0 -65.15
882.4 -65.02
882.8 -64.42
883.2 -64.49
883.6 -64.56
884.0 -64.89
884.4 -64.56
884.8 -65.06
885.2 -64.13
885.6 -64.44
886.0 -64.48
886.4 -65.01
886.8 -64.37
887.2 -64.47
887.6 -64.54
888.0 -64.82
888.4 -64.08
888.8 -64.56
889.2 -64.56
889.6 -65.02
890.0 -63.97
890.4 -64.6
890.8 -64.68
891.2 -64.72
891.6 -64.38
892.0 -64.03
892.4 -64.41
892.8 -64.29
893.2 -64.56
893.6 -64.82
894.0 -64.52
894.4 -64.5
894.8 -64.44
895.2 -64.1
895.6 -63.64
896.0 -64.73
896.4 -64.8
896.8 -65.11
897.2 -64.53
897.6 -64.42
898.0 -64.34
898.4 -64.24
898.8 -64.31
899.2 -64.16
899.6 -64.37
900.0 -63.99
900.4 -64.33
900.8 -65.01
901.2 -64.66
901.6 -64.18
902.0 -63.93
902.4 -64.06
902.8 -64.25
903.2 -64.52
903.6 -64.33
904.0 -65.02
904.4 -64.18
904.8 -64.55
905.2 -64.65
905.6 -63.95
906.0 -64.55
906.4 -64.43
906.8 -64.17
907.2 -64.26
907.6 -64.18
908.0 -64.39
908.4 -63.89
908.8 -64.39
909.2 -64.98
909.6 -64.57
910.0 -64.79
910.4 -64.59
910.8 -64.04
911.2 -64.8
911.6 -64.43
912.0 -64.03
912.4 -63.85
912.8 -64.11
913.2 -62.79
913.6 -63.68
914.0 -64.31
914.4 -63.97
914.8 -64.48
915.2 -65.04
915.6 -64.04
916.0 -64.02
916.4 -64.37
916.8 -64.0
917.2 -64.74
917.6 -64.18
918.0 -64.03
918.4 -64.19
918.8 -64.51
919.2 -63.55
919.6 -64.03
920.0 -65.15
920.4 -64.03
920.8 -64.34
921.2 -64.29
921.6 -64.1
922.0 -64.44
922.4 -64.46
922.8 -64.6
923.2 -64.22
923.6 -64.35
924.0 -64.21
924.4 -64.35
924.8 -63.89
925.2 -63.91
925.6 -63.81
926.0 -63.97
926.4 -63.94
926.8 -64.32
927.2 -63.91
927.6 -64.55
928.0 -64.5
928.4 -64.23
928.8 -64.26
929.2 -64.39
929.6 -64.02
930.0 -64.17
930.4 -63.91
930.8 -63.99
931.2 -63.99
931.6 -64.21
932.0 -64.49
932.4 -64.12
932.8 -63.95
933.2 -64.3
933.6 -64.23
934.0 -64.56
934.4 -64.76
934.8 -63.95
935.2 -64.6
935.6 -64.44
936.0 -63.81
936.4 -64.29
936.8 -64.63
937.2 -64.81
937.6 -64.7
938.0 -64.82
938.4 -64.82
938.8 -64.51
939.2 -64.89
939.6 -64.08
940.0 -64.65
940.4 -64.33
940.8 -64.85
941.2 -63.82
941.6 -64.13
942.0 -64.6
942.4 -64.35
942.8 -64.59
943.2 -64.42
943.6 -64.52
944.0 -64.94
944.4 -64.33
944.8 -64.28
945.2 -64.0
945.6 -64.26
946.0 -64.71
946.4 -64.46
946.8 -64.01
947.2 -64.71
947.6 -64.72
948.0 -64.47
948.4 -64.56
948.8 -64.6
949.2 -64.73
949.6 -64.64
950.0 -64.58
950.4 -64.52
950.8 -64.58
951.2 -64.4
951.6 -64.77
952.0 -64.53
952.4 -64.68
952.8 -64.4
953.2 -64.92
953.6 -64.22
954.0 -64.67
954.4 -64.31
954.8 -64.88
955.2 -64.25
955.6 -64.46
956.0 -64.59
956.4 -64.31
956.8 -64.61
957.2 -64.59
957.6 -64.69
958.0 -64.32
958.4 -64.28
958.8 -64.66
959.2 -64.57
959.6 -64.28
960.0 -64.2
960.4 -64.44
960.8 -64.04
961.2 -64.44
961.6 -64.08
962.0 -64.48
962.4 -64.13
962.8 -64.16
963.2 -63.95
963.6 -64.06
964.0 -64.06
964.4 -64.02
964.8 -64.36
965.2 -64.11
965.6 -63.55
966.0 -63.65
966.4 -64.1
966.8 -64.26
967.2 -64.03
967.6 -63.99
968.0 -64.27
968.4 -64.17
968.8 -63.78
969.2 -64.41
969.6 -64.45
970.0 -64.33
970.4 -64.44
970.8 -64.2
971.2 -64.67
971.6 -64.82
972.0 -64.65
972.4 -64.21
972.8 -64.47
973.2 -64.41
973.6 -64.49
974.0 -64.56
974.4 -64.34
974.8 -64.4
975.2 -64.53
975.6 -64.91
976.0 -64.47
976.4 -64.78
976.8 -64.68
977.2 -64.58
977.6 -64.66
978.0 -64.86
978.4 -64.63
978.8 -64.87
979.2 -64.79
979.6 -64.79
980.0 -65.11
980.4 -64.54
980.8 -64.81
981.2 -64.52
981.6 -64.72
982.0 -64.64
982.4 -64.75
982.8 -64.78
983.2 -64.55
983.6 -64.55
984.0 -64.53
984.4 -64.11
984.8 -64.15
985.2 -64.39
985.6 -64.46
986.0 -64.13
986.4 -64.33
986.8 -64.16
987.2 -64.24
987.6 -63.99
988.0 -63.94
988.4 -63.99
988.8 -63.72
989.2 -63.99
989.6 -63.64
990.0 -63.75
990.4 -63.59
990.8 -63.74
991.2 -63.5
991.6 -63.76
992.0 -63.84
992.4 -63.93
992.8 -63.87
993.2 -63.6
993.6 -63.54
994.0 -63.66
994.4 -63.64
994.8 -63.76
995.2 -63.38
995.6 -63.88
996.0 -63.43
996.4 -63.51
996.8 -63.48
997.2 -63.5
997.6 -63.43
998.0 -63.41
998.4 -63.54
998.8 -63.54
999.2 -63.53
999.6 -63.79
1000.0 -63.56
