600.0 -210.0
600.4 -71.6
600.8 -70.57
601.2 -210.0
601.6 -210.0
602.0 -78.24
602.4 -66.65
602.8 -73.9
603.2 -71.33
603.6 -81.36
604.0 -70.25
604.4 -72.65
604.8 -84.45
605.2 -210.0
605.6 -75.46
606.0 -69.21
606.4 -68.31
606.8 -73.11
607.2 -77.61
607.6 -78.6
608.0 -75.11
608.4 -73.88
608.8 -210.0
609.2 -210.0
609.6 -74.34
610.0 -69.86
610.4 -73.04
610.8 -71.82
611.2 -210.0
611.6 -70.1
612.0 -73.13
612.4 -70.45
612.8 -210.0
613.2 -72.66
613.6 -70.68
614.0 -78.03
614.4 -77.25
614.8 -74.65
615.2 -72.08
615.6 -71.13
616.0 -71.52
616.4 -69.97
616.8 -75.63
617.2 -72.2
617.6 -69.31
618.0 -68.92
618.4 -71.47
618.8 -80.52
619.2 -210.0
619.6 -69.55
620.0 -71.56
620.4 -210.0
620.8 -75.42
621.2 -68.54
621.6 -71.66
622.0 -71.02
622.4 -70.46
622.8 -73.78
623.2 -68.16
623.6 -70.41
624.0 -67.76
624.4 -210.0
624.8 -71.04
625.2 -210.0
625.6 -74.58
626.0 -70.97
626.4 -70.08
626.8 -210.0
627.2 -68.74
627.6 -68.52
628.0 -73.56
628.4 -73.59
628.8 -71.0
629.2 -70.14
629.6 -68.89
630.0 -72.57
630.4 -69.9
630.8 -70.26
631.2 -68.45
631.6 -75.32
632.0 -69.61
632.4 -68.32
632.8 -72.23
633.2 -70.0
633.6 -67.99
634.0 -76.74
634.4 -70.4
634.8 -69.1
635.2 -68.11
635.6 -68.77
636.0 -68.24
636.4 -68.76
636.8 -69.68
637.2 -71.9
637.6 -69.83
638.0 -73.16
638.4 -68.35
638.8 -68.65
639.2 -72.36
639.6 -70.79
640.0 -70.5
640.4 -68.65
640.8 -68.18
641.2 -71.05
641.6 -68.08
642.0 -69.93
642.4 -70.42
642.8 -68.3
643.2 -68.05
643.6 -69.58
644.0 -67.36
644.4 -67.09
644.8 -66.46
645.2 -68.07
645.6 -68.0
646.0 -67.36
646.4 -69.83
646.8 -68.11
647.2 -66.49
647.6 -67.21
648.0 -66.74
648.4 -66.89
648.8 -68.84
649.2 -67.4
649.6 -67.92
650.0 -67.16
650.4 -68.12
650.8 -67.57
651.2 -67.41
651.6 -66.39
652.0 -67.06
652.4 -67.07
652.8 -67.18
653.2 -68.6
653.6 -66.18
654.0 -68.4
654.4 -66.75
654.8 -67.74
655.2 -66.76
655.6 -66.38
656.0 -66.77
656.4 -67.13
656.8 -65.96
657.2 -66.18
657.6 -66.81
658.0 -66.4
658.4 -66.88
658.8 -66.58
659.2 -67.0
659.6 -67.39
660.0 -66.33
660.4 -68.4
660.8 -65.74
661.2 -66.42
661.6 -66.52
662.0 -66.11
662.4 -66.49
662.8 -67.4
663.2 -65.55
663.6 -67.09
664.0 -65.93
664.4 -66.05
664.8 -66.08
665.2 -66.14
665.6 -66.39
666.0 -67.32
666.4 -66.39
666.8 -65.44
667.2 -67.09
667.6 -65.85
668.0 -66.62
668.4 -66.2
668.8 -65.55
669.2 -65.82
669.6 -66.73
670.0 -65.84
670.4 -65.62
670.8 -66.15
671.2 -65.97
671.6 -66.44
672.0 -66.46
672.4 -65.65
672.8 -65.84
673.2 -66.26
673.6 -65.87
674.0 -66.03
674.4 -66.41
674.8 -65.38
675.2 -65.73
675.6 -66.11
676.0 -66.39
676.4 -65.5
676.8 -65.09
677.2 -65.91
677.6 -66.28
678.0 -65.59
678.4 -65.9
678.8 -65.81
679.2 -66.04
679.6 -65.39
680.0 -66.12
680.4 -65.71
680.8 -65.84
681.2 -66.27
681.6 -65.29
682.0 -65.54
682.4 -65.46
682.8 -66.27
683.2 -66.08
683.6 -65.77
684.0 -65.26
684.4 -65.68
684.8 -65.2
685.2 -65.37
685.6 -65.19
686.0 -65.46
686.4 -66.11
686.8 -65.65
687.2 -65.14
687.6 -65.36
688.0 -65.16
688.4 -65.49
688.8 -65.38
689.2 -65.4
689.6 -64.63
690.0 -65.41
690.4 -65.57
690.8 -65.27
691.2 -65.13
691.6 -65.29
692.0 -64.87
692.4 -64.79
692.8 -65.16
693.2 -64.88
693.6 -65.47
694.0 -65.33
694.4 -64.16
694.8 -66.35
695.2 -65.7
695.6 -65.36
696.0 -64.67
696.4 -65.13
696.8 -64.75
697.2 -63.96
697.6 -64.56
698.0 -64.83
698.4 -65.48
698.8 -65.39
699.2 -65.01
699.6 -66.11
700.0 -65.69
700.4 -65.07
700.8 -64.99
701.2 -64.93
701.6 -65.08
702.0 -65.85
702.4 -64.81
702.8 -64.23
703.2 -65.08
703.6 -65.0
704.0 -64.84
704.4 -64.38
704.8 -65.09
705.2 -64.3
705.6 -64.82
706.0 -64.18
706.4 -65.44
706.8 -64.88
707.2 -64.67
707.6 -64.84
708.0 -65.28
708.4 -65.03
708.8 -64.97
709.2 -64.36
709.6 -65.21
710.0 -66.36
710.4 -64.65
710.8 -65.3
711.2 -65.27
711.6 -64.63
712.0 -64.66
712.4 -64.68
712.8 -64.67
713.2 -64.82
713.6 -64.15
714.0 -65.07
714.4 -64.3
714.8 -64.46
715.2 -65.14
715.6 -65.19
716.0 -65.03
716.4 -65.13
716.8 -65.53
717.2 -64.55
717.6 -64.85
718.0 -65.57
718.4 -65.86
718.8 -65.63
719.2 -64.43
719.6 -65.78
720.0 -64.98
720.4 -64.66
720.8 -64.71
721.2 -65.05
721.6 -64.09
722.0 -64.77
722.4 -64.55
722.8 -64.54
723.2 -65.34
723.6 -64.97
724.0 -65.93
724.4 -64.88
724.8 -65.12
725.2 -64.03
725.6 -64.35
726.0 -64.51
726.4 -64.76
726.8 -64.93
727.2 -65.3
727.6 -65.45
728.0 -64.54
728.4 -65.01
728.8 -64.97
729.2 -64.73
729.6 -65.43
730.0 -64.42
730.4 -65.21
730.8 -64.84
731.2 -65.32
731.6 -64.84
732.0 -64.7
732.4 -65.16
732.8 -64.99
733.2 -64.82
733.6 -64.98
734.0 -64.9
734.4 -64.68
734.8 -64.92
735.2 -65.9
735.6 -64.37
736.0 -65.59
736.4 -65.46
736.8 -65.01
737.2 -65.68
737.6 -65.09
738.0 -64.45
738.4 -66.34
738.8 -64.29
739.2 -65.4
739.6 -64.44
740.0 -65.21
740.4 -65.04
740.8 -64.65
741.2 -64.97
741.6 -64.52
742.0 -65.17
742.4 -65.51
742.8 -65.9
743.2 -65.1
743.6 -64.69
744.0 -64.44
744.4 -66.03
744.8 -65.89
745.2 -65.06
745.6 -65.74
746.0 -65.29
746.4 -64.59
746.8 -65.42
747.2 -66.01
747.6 -65.73
748.0 -64.76
748.4 -65.01
748.8 -64.39
749.2 -65.4
749.6 -65.12
750.0 -64.58
750.4 -64.26
750.8 -64.27
751.2 -64.79
751.6 -65.3
752.0 -64.77
752.4 -64.97
752.8 -64.52
753.2 -65.07
753.6 -65.63
754.0 -66.36
754.4 -64.99
754.8 -64.5
755.2 -65.01
755.6 -64.21
756.0 -65.06
756.4 -65.84
756.8 -64.07
757.2 -65.9
757.6 -65.55
758.0 -64.3
758.4 -65.15
758.8 -64.63
759.2 -64.82
759.6 -65.39
760.0 -64.84
760.4 -65.94
760.8 -64.55
761.2 -65.0
761.6 -64.74
762.0 -64.59
762.4 -65.5
762.8 -65.91
763.2 -64.53
763.6 -65.49
764.0 -64.83
764.4 -65.19
764.8 -65.18
765.2 -64.87
765.6 -64.43
766.0 -65.32
766.4 -64.37
766.8 -65.06
767.2 -66.21
767.6 -64.71
768.0 -65.34
768.4 -64.87
768.8 -64.78
769.2 -64.69
769.6 -66.0
770.0 -65.73
770.4 -65.95
770.8 -64.08
771.2 -65.38
771.6 -65.45
772.0 -64.9
772.4 -64.99
772.8 -65.65
773.2 -64.56
773.6 -64.59
774.0 -65.67
774.4 -64.55
774.8 -64.69
775.2 -63.98
775.6 -65.46
776.0 -65.25
776.4 -63.83
776.8 -64.4
777.2 -64.46
777.6 -64.3
778.0 -65.05
778.4 -64.61
778.8 -64.26
779.2 -64.42
779.6 -64.81
780.0 -63.61
780.4 -65.17
780.8 -64.63
781.2 -63.81
781.6 -64.65
782.0 -65.6
782.4 -64.85
782.8 -64.91
783.2 -64.26
783.6 -64.01
784.0 -65.62
784.4 -64.28
784.8 -65.24
785.2 -65.65
785.6 -64.22
786.0 -64.38
786.4 -66.01
786.8 -63.89
787.2 -64.82
787.6 -64.68
788.0 -63.57
788.4 -64.1
788.8 -65.42
789.2 -63.07
789.6 -65.59
790.0 -63.94
790.4 -63.1
790.8 -65.31
791.2 -64.62
791.6 -63.11
792.0 -65.75
792.4 -63.58
792.8 -63.87
793.2 -65.78
793.6 -63.04
794.0 -63.28
794.4 -65.59
794.8 -63.89
795.2 -64.03
795.6 -65.1
796.0 -63.2
796.4 -63.25
796.8 -65.61
797.2 -63.01
797.6 -64.63
798.0 -65.64
798.4 -63.25
798.8 -64.16
799.2 -64.83
799.6 -62.84
800.0 -63.97
800.4 -65.01
800.8 -62.85
801.2 -64.43
801.6 -65.15
802.0 -62.12
802.4 -64.8
802.8 -65.0
803.2 -62.2
803.6 -64.9
804.0 -64.7
804.4 -62.19
804.8 -64.02
805.2 -64.23
805.6 -61.46
806.0 -63.11
806.4 -60.55
806.8 -55.86
807.2 -54.88
807.6 -49.65
808.0 -46.7
808.4 -49.39
808.8 -50.81
809.2 -52.79
809.6 -60.35
810.0 -63.02
810.4 -61.1
810.8 -62.79
811.2 -64.4
811.6 -61.66
812.0 -64.01
812.4 -65.15
812.8 -61.77
813.2 -63.81
813.6 -64.56
814.0 -61.79
814.4 -63.47
814.8 -66.08
815.2 -62.0
815.6 -62.91
816.0 -66.02
816.4 -61.72
816.8 -62.73
817.2 -65.4
817.6 -62.52
818.0 -62.11
818.4 -65.73
818.8 -62.13
819.2 -62.4
819.6 -65.25
820.0 -63.17
820.4 -61.87
820.8 -66.21
821.2 -63.29
821.6 -61.7
822.0 -65.57
822.4 -63.69
822.8 -61.96
823.2 -64.28
823.6 -63.09
824.0 -61.89
824.4 -63.81
824.8 -64.26
825.2 -62.14
825.6 -63.69
826.0 -64.95
826.4 -61.74
826.8 -63.32
827.2 -65.77
827.6 -61.85
828.0 -63.1
828.4 -64.89
828.8 -61.73
829.2 -62.42
829.6 -66.06
830.0 -63.12
830.4 -61.98
830.8 -65.24
831.2 -63.24
831.6 -61.94
832.0 -65.04
832.4 -63.47
832.8 -61.51
833.2 -64.33
833.6 -64.23
834.0 -61.8
834.4 -63.47
834.8 -64.41
835.2 -61.7
835.6 -62.49
836.0 -64.7
836.4 -62.27
836.8 -62.21
837.2 -64.69
837.6 -62.91
838.0 -61.78
838.4 -65.31
838.8 -62.98
839.2 -61.87
839.6 -65.05
840.0 -63.77
840.4 -62.34
840.8 -63.95
841.2 -64.88
841.6 -62.08
842.0 -63.33
842.4 -65.6
842.8 -62.41
843.2 -62.7
843.6 -64.89
844.0 -62.97
844.4 -61.97
844.8 -64.86
845.2 -63.63
845.6 -62.29
846.0 -64.29
846.4 -64.14
846.8 -62.54
847.2 -63.98
847.6 -65.08
848.0 -62.56
848.4 -63.05
848.8 -64.59
849.2 -63.13
849.6 -62.71
850.0 -65.52
850.4 -63.55
850.8 -62.37
851.2 -64.48
851.6 -64.05
852.0 -62.59
852.4 -63.94
852.8 -64.6
853.2 -62.41
853.6 -63.75
854.0 -64.79
854.4 -62.84
854.8 -63.53
855.2 -65.41
855.6 -62.86
856.0 -62.52
856.4 -64.87
856.8 -63.41
857.2 -62.73
857.6 -64.26
858.0 -64.26
858.4 -62.19
858.8 -63.07
859.2 -65.03
859.6 -63.07
860.0 -62.93
860.4 -64.75
860.8 -63.35
861.2 -63.11
861.6 -64.2
862.0 -64.01
862.4 -62.51
862.8 -63.6
863.2 -63.76
863.6 -62.73
864.0 -63.32
864.4 -64.48
864.8 -63.41
865.2 -63.76
865.6 -64.51
866.0 -63.59
866.4 -62.57
866.8 -63.98
867.2 -64.22
867.6 -62.7
868.0 -63.13
868.4 -63.84
868.8 -63.05
869.2 -63.16
869.6 -64.08
870.0 -63.73
870.4 -62.73
870.8 -63.78
871.2 -63.95
871.6 -62.89
872.0 -63.24
872.4 -64.21
872.8 -63.13
873.2 -63.91
873.6 -64.25
874.0 -63.06
874.4 -63.15
874.8 -63.95
875.2 -63.76
875.6 -62.64
876.0 -63.44
876.4 -63.56
876.8 -63.34
877.2 -63.95
877.6 -63.45
878.0 -62.87
878.4 -63.17
878.8 -64.28
879.2 -63.02
879.6 -63.25
880.0 -63.27
880.4 -63.52
880.8 -62.91
881.2 -63.32
881.6 -63.54
882.0 -63.21
882.4 -63.58
882.8 -63.88
883.2 -63.45
883.6 -62.81
884.0 -63.38
884.4 -63.05
884.8 -62.73
885.2 -63.36
885.6 -63.61
886.0 -62.49
886.4 -63.2
886.8 -63.14
887.2 -62.75
887.6 -62.82
888.0 -62.78
888.4 -62.78
888.8 -62.84
889.2 -62.93
889.6 -63.06
890.0 -62.74
890.4 -62.99
890.8 -63.23
891.2 -62.82
891.6 -62.69
892.0 -62.99
892.4 -62.48
892.8 -62.74
893.2 -63.69
893.6 -63.28
894.0 -63.11
894.4 -63.11
894.8 -63.1
895.2 -62.71
895.6 -62.85
896.0 -63.14
896.4 -62.97
896.8 -62.9
897.2 -63.02
897.6 -63.07
898.0 -62.7
898.4 -62.73
898.8 -63.51
899.2 -62.41
899.6 -62.68
900.0 -62.7
900.4 -62.98
900.8 -63.51
901.2 -62.9
901.6 -63.16
902.0 -63.01
902.4 -62.71
902.8 -62.72
903.2 -62.8
903.6 -62.63
904.0 -62.93
904.4 -63.08
904.8 -63.0
905.2 -62.95
905.6 -62.74
906.0 -62.9
906.4 -62.49
906.8 -63.18
907.2 -62.87
907.6 -62.38
908.0 -62.94
908.4 -62.81
908.8 -62.61
909.2 -62.61
909.6 -62.88
910.0 -62.78
910.4 -62.86
910.8 -62.88
911.2 -62.75
911.6 -62.98
912.0 -63.01
912.4 -63.48
912.8 -62.48
913.2 -62.73
913.6 -62.85
914.0 -62.9
914.4 -62.85
914.8 -63.2
915.2 -62.65
915.6 -62.86
916.0 -63.21
916.4 -63.0
916.8 -63.37
917.2 -62.85
917.6 -63.23
918.0 -63.13
918.4 -63.13
918.8 -63.22
919.2 -62.72
919.6 -63.18
920.0 -63.3
920.4 -63.03
920.8 -63.06
921.2 -62.98
921.6 -62.69
922.0 -63.56
922.4 -63.1
922.8 -62.71
923.2 -63.27
923.6 -63.51
924.0 -63.12
924.4 -63.1
924.8 -63.05
925.2 -63.18
925.6 -62.81
926.0 -63.26
926.4 -63.7
926.8 -62.98
927.2 -63.11
927.6 -63.17
928.0 -62.6
928.4 -63.06
928.8 -62.86
929.2 -63.46
929.6 -63.21
930.0 -63.54
930.4 -62.92
930.8 -62.76
931.2 -63.13
931.6 -63.17
932.0 -63.13
932.4 -63.16
932.8 -62.93
933.2 -63.13
933.6 -63.1
934.0 -63.14
934.4 -63.17
934.8 -63.16
935.2 -63.18
935.6 -63.15
936.0 -63.19
936.4 -62.89
936.8 -63.06
937.2 -63.28
937.6 -62.95
938.0 -62.84
938.4 -63.1
938.8 -63.04
939.2 -63.18
939.6 -63.28
940.0 -63.39
940.4 -63.41
940.8 -63.11
941.2 -63.2
941.6 -63.49
942.0 -62.82
942.4 -63.52
942.8 -63.02
943.2 -63.24
943.6 -63.11
944.0 -63.12
944.4 -62.94
944.8 -62.93
945.2 -63.45
945.6 -63.23
946.0 -63.04
946.4 -63.17
946.8 -63.19
947.2 -62.98
947.6 -63.31
948.0 -63.47
948.4 -63.29
948.8 -63.34
949.2 -63.33
949.6 -63.31
950.0 -63.5
950.4 -63.45
950.8 -63.19
951.2 -63.13
951.6 -63.47
952.0 -63.27
952.4 -63.38
952.8 -63.4
953.2 -63.45
953.6 -63.45
954.0 -63.43
954.4 -63.52
954.8 -63.42
955.2 -63.26
955.6 -63.49
956.0 -63.81
956.4 -63.22
956.8 -63.62
957.2 -63.57
957.6 -63.28
958.0 -63.34
958.4 -63.46
958.8 -63.19
959.2 -63.0
959.6 -63.18
960.0 -63.35
960.4 -63.14
960.8 -63.18
961.2 -63.14
961.6 -63.34
962.0 -62.98
962.4 -63.12
962.8 -63.03
963.2 -63.16
963.6 -63.05
964.0 -62.79
964.4 -62.91
964.8 -63.01
965.2 -62.67
965.6 -62.82
966.0 -62.89
966.4 -63.19
966.8 -63.23
967.2 -63.23
967.6 -63.24
968.0 -63.22
968.4 -63.11
968.8 -63.04
969.2 -63.11
969.6 -63.38
970.0 -63.34
970.4 -63.48
970.8 -63.33
971.2 -63.2
971.6 -63.25
972.0 -63.44
972.4 -63.48
972.8 -63.45
973.2 -63.46
973.6 -63.43
974.0 -63.51
974.4 -63.36
974.8 -63.37
975.2 -63.4
975.6 -63.52
976.0 -63.54
976.4 -63.54
976.8 -63.66
977.2 -63.6
977.6 -63.32
978.0 -63.38
978.4 -63.5
978.8 -63.49
979.2 -63.4
979.6 -63.34
980.0 -63.35
980.4 -63.42
980.8 -63.26
981.2 -63.34
981.6 -63.31
982.0 -63.32
982.4 -63.12
982.8 -63.1
983.2 -62.85
983.6 -62.84
984.0 -62.83
984.4 -62.83
984.8 -62.61
985.2 -62.75
985.6 -62.63
986.0 -62.67
986.4 -62.55
986.8 -62.45
987.2 -62.39
987.6 -62.42
988.0 -62.17
988.4 -62.37
988.8 -62.35
989.2 -62.27
989.6 -62.12
990.0 -62.25
990.4 -62.08
990.8 -61.97
991.2 -62.15
991.6 -62.17
992.0 -62.15
992.4 -62.07
992.8 -62.02
993.2 -62.03
993.6 -61.83
994.0 -61.8
994.4 -61.92
994.8 -61.85
995.2 -61.83
995.6 -61.9
996.0 -61.68
996.4 -61.74
996.8 -61.75
997.2 -61.8
997.6 -61.75
998.0 -61.78
998.4 -61.99
998.8 -61.93
999.2 -61.88
999.6 -61.86
1000.0 -61.71
