600.0 -69.08
600.4 -210.0
600.8 -71.18
601.2 -210.0
601.6 -210.0
602.0 -210.0
602.4 -210.0
602.8 -210.0
603.2 -76.55
603.6 -74.37
604.0 -71.39
604.4 -69.23
604.8 -71.22
605.2 -68.34
605.6 -210.0
606.0 -210.0
606.4 -73.08
606.8 -76.79
607.2 -210.0
607.6 -79.85
608.0 -210.0
608.4 -68.99
608.8 -81.7
609.2 -69.54
609.6 -72.71
610.0 -70.97
610.4 -210.0
610.8 -210.0
611.2 -210.0
611.6 -80.1
612.0 -210.0
612.4 -210.0
612.8 -210.0
613.2 -72.41
613.6 -71.99
614.0 -75.98
614.4 -76.58
614.8 -210.0
615.2 -73.32
615.6 -71.68
616.0 -82.13
616.4 -82.15
616.8 -82.17
617.2 -80.43
617.6 -82.22
618.0 -210.0
618.4 -85.28
618.8 -80.52
619.2 -210.0
619.6 -210.0
620.0 -74.23
620.4 -210.0
620.8 -75.87
621.2 -210.0
621.6 -78.48
622.0 -74.36
622.4 -210.0
622.8 -210.0
623.2 -70.38
623.6 -210.0
624.0 -72.83
624.4 -210.0
624.8 -74.53
625.2 -71.07
625.6 -74.58
626.0 -78.76
626.4 -210.0
626.8 -78.01
627.2 -75.02
627.6 -210.0
628.0 -210.0
628.4 -68.34
628.8 -72.3
629.2 -72.32
629.6 -74.5
630.0 -77.54
630.4 -74.56
630.8 -80.03
631.2 -210.0
631.6 -72.5
632.0 -71.67
632.4 -75.76
632.8 -75.07
633.2 -210.0
633.6 -74.79
634.0 -69.85
634.4 -75.9
634.8 -210.0
635.2 -75.24
635.6 -75.61
636.0 -75.64
636.4 -74.7
636.8 -77.46
637.2 -76.11
637.6 -78.1
638.0 -86.59
638.4 -69.89
638.8 -210.0
639.2 -74.12
639.6 -210.0
640.0 -210.0
640.4 -72.46
640.8 -76.02
641.2 -75.38
641.6 -210.0
642.0 -210.0
642.4 -76.16
642.8 -72.85
643.2 -75.89
643.6 -210.0
644.0 -87.1
644.4 -210.0
644.8 -71.61
645.2 -210.0
645.6 -70.62
646.0 -210.0
646.4 -79.53
646.8 -73.93
647.2 -210.0
647.6 -72.24
648.0 -74.03
648.4 -87.5
648.8 -82.76
649.2 -73.59
649.6 -87.61
650.0 -75.31
650.4 -210.0
650.8 -77.2
651.2 -72.71
651.6 -210.0
652.0 -210.0
652.4 -74.63
652.8 -72.86
653.2 -71.4
653.6 -73.17
654.0 -81.62
654.4 -76.85
654.8 -73.51
655.2 -71.63
655.6 -210.0
656.0 -72.75
656.4 -79.88
656.8 -74.88
657.2 -72.36
657.6 -70.77
658.0 -76.21
658.4 -77.26
658.8 -73.71
659.2 -73.37
659.6 -72.91
660.0 -72.38
660.4 -73.89
660.8 -71.36
661.2 -78.15
661.6 -76.56
662.0 -73.72
662.4 -81.67
662.8 -76.9
663.2 -210.0
663.6 -74.91
664.0 -74.47
664.4 -74.91
664.8 -73.72
665.2 -73.22
665.6 -72.51
666.0 -74.27
666.4 -71.26
666.8 -71.26
667.2 -73.38
667.6 -74.47
668.0 -210.0
668.4 -79.24
668.8 -75.65
669.2 -75.14
669.6 -74.69
670.0 -73.06
670.4 -78.65
670.8 -72.76
671.2 -210.0
671.6 -78.64
672.0 -75.36
672.4 -72.48
672.8 -74.87
673.2 -72.09
673.6 -210.0
674.0 -70.74
674.4 -71.62
674.8 -75.33
675.2 -210.0
675.6 -73.83
676.0 -71.5
676.4 -76.83
676.8 -73.64
677.2 -77.2
677.6 -73.47
678.0 -71.27
678.4 -72.69
678.8 -210.0
679.2 -74.37
679.6 -71.26
680.0 -75.03
680.4 -76.79
680.8 -77.16
681.2 -77.16
681.6 -75.8
682.0 -72.5
682.4 -79.1
682.8 -75.24
683.2 -69.62
683.6 -73.92
684.0 -77.99
684.4 -73.38
684.8 -74.97
685.2 -70.11
685.6 -75.75
686.0 -70.97
686.4 -84.5
686.8 -77.5
687.2 -72.18
687.6 -81.46
688.0 -78.45
688.4 -73.67
688.8 -72.7
689.2 -79.01
689.6 -73.49
690.0 -72.68
690.4 -72.82
690.8 -70.82
691.2 -75.13
691.6 -71.52
692.0 -73.62
692.4 -73.44
692.8 -77.0
693.2 -210.0
693.6 -74.4
694.0 -75.09
694.4 -72.91
694.8 -75.08
695.2 -72.19
695.6 -82.6
696.0 -73.56
696.4 -73.74
696.8 -75.89
697.2 -70.91
697.6 -71.22
698.0 -73.91
698.4 -70.79
698.8 -210.0
699.2 -72.69
699.6 -71.29
700.0 -72.25
700.4 -210.0
700.8 -73.49
701.2 -73.86
701.6 -73.48
702.0 -72.22
702.4 -75.22
702.8 -75.8
703.2 -74.25
703.6 -74.25
704.0 -73.27
704.4 -73.09
704.8 -75.19
705.2 -71.78
705.6 -71.1
706.0 -68.89
706.4 -75.74
706.8 -210.0
707.2 -70.66
707.6 -75.15
708.0 -71.5
708.4 -72.12
708.8 -73.56
709.2 -70.26
709.6 -75.4
710.0 -68.7
710.4 -73.01
710.8 -71.83
711.2 -84.14
711.6 -70.15
712.0 -210.0
712.4 -72.66
712.8 -72.35
713.2 -80.14
713.6 -74.11
714.0 -82.34
714.4 -72.79
714.8 -77.11
715.2 -71.3
715.6 -82.32
716.0 -70.86
716.4 -71.4
716.8 -72.46
717.2 -72.02
717.6 -75.03
718.0 -73.26
718.4 -75.02
718.8 -74.05
719.2 -74.05
719.6 -72.74
720.0 -72.9
720.4 -69.89
720.8 -71.35
721.2 -74.73
721.6 -71.01
722.0 -71.0
722.4 -74.72
722.8 -71.57
723.2 -72.39
723.6 -74.97
724.0 -210.0
724.4 -79.22
724.8 -76.2
725.2 -70.09
725.6 -74.95
726.0 -70.45
726.4 -76.57
726.8 -71.06
727.2 -75.21
727.6 -71.66
728.0 -73.54
728.4 -73.74
728.8 -72.04
729.2 -69.71
729.6 -72.18
730.0 -73.14
730.4 -80.92
730.8 -72.31
731.2 -70.91
731.6 -69.15
732.0 -78.47
732.4 -76.93
732.8 -210.0
733.2 -69.21
733.6 -74.87
734.0 -71.6
734.4 -69.83
734.8 -70.57
735.2 -78.45
735.6 -70.27
736.0 -72.12
736.4 -70.86
736.8 -80.86
737.2 -75.12
737.6 -72.73
738.0 -70.75
738.4 -69.17
738.8 -70.95
739.2 -76.87
739.6 -74.31
740.0 -77.82
740.4 -68.66
740.8 -70.62
741.2 -72.87
741.6 -72.07
742.0 -69.94
742.4 -71.16
742.8 -73.22
743.2 -70.02
743.6 -76.84
744.0 -72.05
744.4 -71.64
744.8 -75.06
745.2 -68.31
745.6 -68.96
746.0 -74.77
746.4 -72.19
746.8 -74.03
747.2 -71.62
747.6 -73.58
748.0 -70.68
748.4 -71.61
748.8 -74.01
749.2 -71.74
749.6 -73.79
750.0 -71.34
750.4 -68.59
750.8 -72.8
751.2 -74.73
751.6 -80.74
752.0 -70.96
752.4 -75.29
752.8 -76.33
753.2 -71.69
753.6 -71.55
754.0 -71.17
754.4 -73.94
754.8 -72.92
755.2 -77.68
755.6 -71.4
756.0 -69.46
756.4 -75.57
756.8 -70.78
757.2 -75.9
757.6 -71.12
758.0 -68.83
758.4 -69.95
758.8 -71.36
759.2 -69.18
759.6 -70.43
760.0 -71.09
760.4 -70.97
760.8 -73.03
761.2 -72.17
761.6 -73.64
762.0 -71.45
762.4 -69.73
762.8 -71.71
763.2 -67.7
763.6 -69.81
764.0 -69.63
764.4 -78.16
764.8 -74.84
765.2 -69.98
765.6 -72.99
766.0 -72.45
766.4 -73.37
766.8 -71.96
767.2 -71.4
767.6 -70.56
768.0 -72.43
768.4 -68.58
768.8 -71.25
769.2 -70.23
769.6 -69.49
770.0 -83.55
770.4 -71.24
770.8 -71.24
771.2 -70.64
771.6 -71.5
772.0 -73.99
772.4 -72.57
772.8 -70.21
773.2 -72.07
773.6 -71.77
774.0 -69.29
774.4 -70.97
774.8 -69.21
775.2 -70.1
775.6 -72.73
776.0 -72.05
776.4 -70.61
776.8 -70.4
777.2 -68.97
777.6 -68.26
778.0 -210.0
778.4 -68.0
778.8 -69.7
779.2 -71.74
779.6 -70.49
780.0 -72.03
780.4 -70.27
780.8 -70.27
781.2 -73.5
781.6 -69.34
782.0 -69.34
782.4 -72.88
782.8 -72.18
783.2 -67.56
783.6 -71.86
784.0 -70.05
784.4 -70.46
784.8 -70.56
785.2 -69.23
785.6 -71.03
786.0 -67.84
786.4 -72.32
786.8 -73.46
787.2 -76.92
787.6 -68.4
788.0 -69.14
788.4 -70.33
788.8 -69.05
789.2 -68.75
789.6 -69.21
790.0 -73.66
790.4 -70.88
790.8 -69.2
791.2 -68.31
791.6 -68.65
792.0 -70.0
792.4 -70.0
792.8 -68.5
793.2 -68.94
793.6 -71.95
794.0 -68.78
794.4 -210.0
794.8 -70.39
795.2 -69.43
795.6 -71.22
796.0 -73.4
796.4 -67.48
796.8 -71.22
797.2 -73.61
797.6 -73.61
798.0 -69.86
798.4 -69.66
798.8 -75.97
799.2 -67.81
799.6 -80.36
800.0 -70.58
800.4 -67.74
800.8 -68.52
801.2 -69.14
801.6 -72.24
802.0 -67.63
802.4 -72.41
802.8 -68.84
803.2 -70.95
803.6 -68.84
804.0 -74.94
804.4 -70.07
804.8 -70.07
805.2 -70.96
805.6 -69.88
806.0 -67.28
806.4 -65.66
806.8 -61.13
807.2 -57.82
807.6 -54.0
808.0 -52.44
808.4 -53.65
808.8 -54.17
809.2 -57.63
809.6 -65.98
810.0 -67.87
810.4 -83.45
810.8 -69.48
811.2 -68.91
811.6 -210.0
812.0 -69.16
812.4 -67.79
812.8 -69.68
813.2 -69.69
813.6 -69.44
814.0 -74.21
814.4 -69.28
814.8 -70.0
815.2 -70.0
815.6 -69.73
816.0 -71.64
816.4 -71.94
816.8 -70.23
817.2 -73.79
817.6 -68.66
818.0 -72.44
818.4 -71.15
818.8 -70.58
819.2 -69.89
819.6 -68.76
820.0 -70.01
820.4 -69.01
820.8 -72.52
821.2 -74.37
821.6 -67.66
822.0 -68.78
822.4 -67.28
822.8 -69.58
823.2 -70.22
823.6 -69.86
824.0 -69.54
824.4 -72.32
824.8 -69.66
825.2 -68.5
825.6 -70.22
826.0 -71.17
826.4 -69.02
826.8 -69.57
827.2 -71.11
827.6 -71.87
828.0 -69.08
828.4 -68.96
828.8 -69.64
829.2 -70.96
829.6 -68.73
830.0 -69.03
830.4 -70.72
830.8 -67.74
831.2 -70.13
831.6 -72.51
832.0 -72.69
832.4 -70.57
832.8 -68.53
833.2 -68.22
833.6 -68.04
834.0 -69.53
834.4 -70.36
834.8 -69.05
835.2 -68.71
835.6 -71.1
836.0 -70.84
836.4 -68.69
836.8 -68.48
837.2 -69.48
837.6 -70.85
838.0 -71.81
838.4 -68.6
838.8 -68.8
839.2 -69.12
839.6 -70.02
840.0 -69.16
840.4 -68.81
840.8 -70.49
841.2 -70.41
841.6 -67.74
842.0 -69.67
842.4 -68.48
842.8 -68.8
843.2 -68.38
843.6 -68.59
844.0 -69.15
844.4 -67.6
844.8 -69.26
845.2 -68.68
845.6 -71.48
846.0 -69.45
846.4 -68.63
846.8 -69.65
847.2 -70.55
847.6 -68.46
848.0 -69.13
848.4 -68.57
848.8 -69.13
849.2 -68.9
849.6 -69.44
850.0 -68.72
850.4 -68.94
850.8 -69.37
851.2 -67.77
851.6 -68.99
852.0 -68.24
852.4 -67.56
852.8 -70.6
853.2 -67.99
853.6 -68.09
854.0 -69.54
854.4 -69.6
854.8 -68.08
855.2 -68.08
855.6 -69.39
856.0 -70.5
856.4 -69.73
856.8 -69.95
857.2 -68.4
857.6 -67.43
858.0 -67.78
858.4 -68.55
858.8 -67.68
859.2 -68.09
859.6 -68.19
860.0 -68.23
860.4 -68.49
860.8 -69.16
861.2 -67.66
861.6 -67.48
862.0 -67.11
862.4 -67.69
862.8 -67.18
863.2 -69.81
863.6 -68.89
864.0 -68.83
864.4 -68.18
864.8 -68.94
865.2 -68.59
865.6 -67.7
866.0 -67.88
866.4 -67.06
866.8 -67.34
867.2 -67.68
867.6 -68.62
868.0 -69.54
868.4 -67.16
868.8 -68.03
869.2 -68.6
869.6 -69.97
870.0 -69.0
870.4 -68.47
870.8 -67.17
871.2 -67.04
871.6 -68.56
872.0 -67.62
872.4 -69.55
872.8 -69.35
873.2 -67.13
873.6 -66.66
874.0 -67.54
874.4 -66.95
874.8 -67.89
875.2 -67.35
875.6 -67.3
876.0 -67.87
876.4 -66.88
876.8 -68.32
877.2 -69.27
877.6 -67.81
878.0 -66.59
878.4 -67.47
878.8 -67.83
879.2 -67.15
879.6 -68.56
880.0 -67.58
880.4 -67.44
880.8 -66.39
881.2 -66.56
881.6 -66.28
882.0 -68.06
882.4 -67.52
882.8 -67.26
883.2 -68.26
883.6 -67.22
884.0 -67.22
884.4 -68.05
884.8 -67.42
885.2 -67.79
885.6 -68.3
886.0 -68.14
886.4 -67.38
886.8 -68.82
887.2 -68.29
887.6 -67.59
888.0 -66.83
888.4 -67.59
888.8 -69.62
889.2 -67.33
889.6 -66.99
890.0 -66.63
890.4 -67.4
890.8 -66.87
891.2 -67.33
891.6 -68.08
892.0 -70.35
892.4 -67.75
892.8 -67.48
893.2 -67.61
893.6 -67.85
894.0 -68.11
894.4 -66.9
894.8 -68.33
895.2 -67.15
895.6 -67.92
896.0 -67.25
896.4 -67.6
896.8 -68.25
897.2 -68.04
897.6 -68.19
898.0 -67.85
898.4 -68.31
898.8 -67.91
899.2 -68.6
899.6 -68.01
900.0 -69.49
900.4 -68.67
900.8 -68.57
901.2 -67.19
901.6 -69.12
902.0 -68.7
902.4 -67.13
902.8 -67.98
903.2 -67.44
903.6 -67.8
904.0 -67.54
904.4 -68.47
904.8 -67.65
905.2 -67.84
905.6 -67.03
906.0 -67.99
906.4 -68.35
906.8 -67.26
907.2 -67.79
907.6 -68.17
908.0 -67.36
908.4 -68.14
908.8 -67.6
909.2 -69.97
909.6 -68.02
910.0 -68.59
910.4 -67.87
910.8 -68.73
911.2 -67.34
911.6 -68.15
912.0 -68.84
912.4 -68.28
912.8 -67.62
913.2 -67.54
913.6 -67.52
914.0 -70.64
914.4 -67.72
914.8 -69.76
915.2 -68.45
915.6 -68.46
916.0 -69.95
916.4 -69.14
916.8 -68.71
917.2 -68.53
917.6 -68.31
918.0 -69.26
918.4 -68.39
918.8 -68.26
919.2 -68.37
919.6 -68.68
920.0 -69.78
920.4 -68.77
920.8 -67.87
921.2 -68.46
921.6 -68.16
922.0 -68.84
922.4 -68.61
922.8 -68.63
923.2 -68.69
923.6 -68.86
924.0 -69.47
924.4 -69.05
924.8 -69.34
925.2 -68.32
925.6 -68.43
926.0 -68.23
926.4 -70.85
926.8 -68.27
927.2 -69.39
927.6 -69.46
928.0 -70.02
928.4 -69.13
928.8 -69.75
929.2 -70.75
929.6 -69.18
930.0 -68.81
930.4 -68.69
930.8 -68.85
931.2 -68.97
931.6 -68.62
932.0 -69.85
932.4 -69.93
932.8 -69.45
933.2 -69.37
933.6 -70.17
934.0 -69.73
934.4 -69.64
934.8 -70.42
935.2 -71.95
935.6 -71.0
936.0 -70.61
936.4 -70.07
936.8 -70.72
937.2 -70.24
937.6 -69.92
938.0 -69.99
938.4 -72.12
938.8 -69.41
939.2 -70.98
939.6 -69.75
940.0 -68.85
940.4 -70.78
940.8 -72.73
941.2 -70.4
941.6 -70.85
942.0 -72.06
942.4 -69.87
942.8 -69.23
943.2 -70.58
943.6 -69.46
944.0 -69.96
944.4 -69.07
944.8 -68.59
945.2 -68.8
945.6 -69.44
946.0 -70.8
946.4 -70.16
946.8 -69.88
947.2 -70.48
947.6 -70.78
948.0 -71.17
948.4 -69.79
948.8 -72.06
949.2 -71.94
949.6 -69.34
950.0 -72.21
950.4 -70.39
950.8 -70.46
951.2 -70.23
951.6 -70.35
952.0 -70.27
952.4 -70.76
952.8 -70.26
953.2 -71.65
953.6 -71.47
954.0 -70.96
954.4 -73.31
954.8 -70.37
955.2 -71.43
955.6 -70.51
956.0 -69.97
956.4 -70.45
956.8 -71.27
957.2 -71.35
957.6 -69.88
958.0 -70.48
958.4 -69.15
958.8 -71.49
959.2 -69.92
959.6 -70.37
960.0 -70.04
960.4 -71.21
960.8 -70.47
961.2 -69.48
961.6 -71.26
962.0 -70.2
962.4 -70.92
962.8 -70.64
963.2 -70.7
963.6 -71.87
964.0 -69.66
964.4 -71.36
964.8 -69.5
965.2 -69.35
965.6 -69.57
966.0 -70.35
966.4 -70.27
966.8 -70.79
967.2 -69.02
967.6 -69.72
968.0 -71.66
968.4 -70.75
968.8 -71.25
969.2 -70.09
969.6 -71.61
970.0 -70.04
970.4 -70.38
970.8 -70.79
971.2 -71.73
971.6 -69.62
972.0 -70.01
972.4 -71.14
972.8 -69.96
973.2 -70.2
973.6 -72.85
974.0 -69.71
974.4 -70.29
974.8 -69.4
975.2 -69.87
975.6 -70.72
976.0 -70.73
976.4 -71.16
976.8 -70.26
977.2 -70.17
977.6 -71.98
978.0 -70.72
978.4 -73.33
978.8 -69.7
979.2 -70.52
979.6 -70.57
980.0 -70.71
980.4 -70.68
980.8 -70.91
981.2 -70.42
981.6 -71.06
982.0 -70.89
982.4 -71.08
982.8 -71.01
983.2 -71.84
983.6 -69.59
984.0 -70.95
984.4 -69.42
984.8 -70.41
985.2 -70.98
985.6 -70.51
986.0 -71.61
986.4 -70.2
986.8 -70.51
987.2 -70.29
987.6 -69.73
988.0 -69.72
988.4 -69.95
988.8 -69.58
989.2 -70.01
989.6 -69.69
990.0 -69.07
990.4 -69.25
990.8 -69.8
991.2 -70.07
991.6 -70.35
992.0 -69.55
992.4 -70.06
992.8 -69.05
993.2 -69.74
993.6 -70.2
994.0 -69.03
994.4 -69.28
994.8 -69.52
995.2 -69.25
995.6 -70.1
996.0 -69.56
996.4 -68.59
996.8 -68.65
997.2 -69.67
997.6 -69.34
998.0 -69.67
998.4 -69.8
998.8 -69.61
999.2 -69.26
999.6 -69.98
1000.0 -69.23
