600.0 -68.45
600.4 -210.0
600.8 -72.72
601.2 -72.44
601.6 -210.0
602.0 -74.27
602.4 -210.0
602.8 -210.0
603.2 -210.0
603.6 -79.59
604.0 -210.0
604.4 -74.87
604.8 -70.47
605.2 -210.0
605.6 -78.47
606.0 -210.0
606.4 -74.55
606.8 -210.0
607.2 -67.78
607.6 -210.0
608.0 -74.66
608.4 -72.63
608.8 -70.23
609.2 -81.72
609.6 -210.0
610.0 -70.3
610.4 -210.0
610.8 -77.84
611.2 -70.37
611.6 -81.87
612.0 -74.48
612.4 -210.0
612.8 -77.16
613.2 -81.96
613.6 -72.21
614.0 -210.0
614.4 -74.24
614.8 -210.0
615.2 -210.0
615.6 -210.0
616.0 -72.35
616.4 -70.53
616.8 -74.38
617.2 -76.17
617.6 -79.2
618.0 -73.49
618.4 -71.85
618.8 -73.83
619.2 -82.32
619.6 -77.56
620.0 -75.82
620.4 -77.61
620.8 -72.41
621.2 -76.99
621.6 -70.41
622.0 -71.35
622.4 -85.52
622.8 -78.56
623.2 -72.14
623.6 -210.0
624.0 -72.0
624.4 -85.65
624.8 -71.52
625.2 -73.39
625.6 -77.93
626.0 -71.94
626.4 -79.74
626.8 -210.0
627.2 -73.26
627.6 -70.16
628.0 -71.09
628.4 -75.48
628.8 -210.0
629.2 -72.51
629.6 -72.96
630.0 -71.52
630.4 -75.61
630.8 -210.0
631.2 -73.08
631.6 -74.35
632.0 -70.35
632.4 -80.15
632.8 -75.41
633.2 -75.44
633.6 -75.84
634.0 -74.82
634.4 -75.18
634.8 -80.32
635.2 -72.57
635.6 -72.98
636.0 -74.97
636.4 -74.42
636.8 -70.81
637.2 -72.55
637.6 -69.93
638.0 -72.61
638.4 -210.0
638.8 -71.08
639.2 -71.23
639.6 -78.92
640.0 -81.96
640.4 -78.32
640.8 -73.01
641.2 -74.06
641.6 -69.25
642.0 -78.46
642.4 -79.17
642.8 -77.96
643.2 -73.8
643.6 -72.01
644.0 -70.47
644.4 -71.11
644.8 -71.73
645.2 -70.22
645.6 -72.19
646.0 -71.15
646.4 -71.19
646.8 -71.44
647.2 -74.38
647.6 -72.24
648.0 -77.04
648.4 -74.71
648.8 -72.76
649.2 -73.95
649.6 -75.3
650.0 -72.17
650.4 -76.48
650.8 -73.14
651.2 -73.0
651.6 -71.6
652.0 -75.86
652.4 -70.56
652.8 -69.12
653.2 -71.95
653.6 -71.96
654.0 -74.86
654.4 -71.41
654.8 -71.03
655.2 -73.03
655.6 -73.18
656.0 -71.64
656.4 -70.42
656.8 -70.11
657.2 -68.87
657.6 -73.87
658.0 -70.69
658.4 -69.68
658.8 -71.89
659.2 -70.96
659.6 -71.45
660.0 -73.22
660.4 -71.07
660.8 -69.06
661.2 -73.72
661.6 -71.78
662.0 -71.36
662.4 -72.78
662.8 -72.51
663.2 -71.36
663.6 -69.63
664.0 -79.91
664.4 -71.26
664.8 -69.99
665.2 -70.45
665.6 -71.07
666.0 -74.91
666.4 -69.57
666.8 -71.9
667.2 -68.66
667.6 -69.37
668.0 -70.54
668.4 -71.16
668.8 -71.26
669.2 -76.23
669.6 -69.99
670.0 -74.68
670.4 -70.53
670.8 -70.27
671.2 -69.75
671.6 -72.11
672.0 -71.64
672.4 -70.42
672.8 -68.73
673.2 -70.84
673.6 -71.22
674.0 -74.86
674.4 -71.31
674.8 -69.25
675.2 -69.44
675.6 -73.49
676.0 -70.47
676.4 -70.81
676.8 -69.55
677.2 -71.28
677.6 -68.98
678.0 -69.9
678.4 -70.88
678.8 -68.15
679.2 -70.11
679.6 -71.8
680.0 -71.46
680.4 -68.83
680.8 -69.65
681.2 -69.51
681.6 -69.37
682.0 -70.93
682.4 -68.98
682.8 -71.01
683.2 -68.2
683.6 -68.5
684.0 -69.27
684.4 -71.19
684.8 -69.97
685.2 -68.71
685.6 -72.2
686.0 -70.18
686.4 -69.72
686.8 -72.44
687.2 -68.57
687.6 -72.04
688.0 -69.7
688.4 -68.9
688.8 -72.03
689.2 -68.71
689.6 -71.23
690.0 -69.19
690.4 -68.99
690.8 -68.69
691.2 -68.4
691.6 -69.37
692.0 -69.43
692.4 -69.49
692.8 -70.43
693.2 -70.59
693.6 -68.83
694.0 -69.33
694.4 -71.05
694.8 -69.75
695.2 -68.13
695.6 -70.22
696.0 -71.8
696.4 -67.58
696.8 -68.9
697.2 -72.29
697.6 -68.31
698.0 -70.43
698.4 -67.93
698.8 -68.87
699.2 -69.76
699.6 -70.24
700.0 -67.26
700.4 -68.78
700.8 -69.81
701.2 -68.77
701.6 -69.65
702.0 -68.03
702.4 -68.75
702.8 -69.0
703.2 -68.68
703.6 -68.93
704.0 -68.92
704.4 -70.51
704.8 -69.04
705.2 -69.16
705.6 -70.6
706.0 -67.58
706.4 -70.77
706.8 -68.4
707.2 -69.41
707.6 -69.56
708.0 -67.79
708.4 -67.93
708.8 -67.54
709.2 -68.59
709.6 -67.72
710.0 -69.52
710.4 -67.86
710.8 -68.88
711.2 -69.36
711.6 -68.94
712.0 -68.94
712.4 -68.5
712.8 -69.42
713.2 -69.2
713.6 -69.71
714.0 -67.92
714.4 -68.13
714.8 -67.91
715.2 -67.32
715.6 -68.64
716.0 -68.17
716.4 -67.95
716.8 -67.45
717.2 -69.59
717.6 -68.15
718.0 -69.28
718.4 -68.87
718.8 -68.93
719.2 -68.79
719.6 -68.42
720.0 -66.75
720.4 -69.26
720.8 -69.55
721.2 -66.54
721.6 -68.17
722.0 -67.2
722.4 -69.03
722.8 -68.04
723.2 -68.26
723.6 -69.02
724.0 -66.96
724.4 -68.49
724.8 -67.7
725.2 -68.61
725.6 -67.96
726.0 -66.73
726.4 -68.66
726.8 -66.56
727.2 -68.65
727.6 -69.05
728.0 -69.64
728.4 -68.04
728.8 -66.42
729.2 -66.91
729.6 -67.61
730.0 -66.3
730.4 -66.99
730.8 -67.25
731.2 -69.38
731.6 -67.96
732.0 -69.52
732.4 -67.34
732.8 -68.0
733.2 -67.42
733.6 -67.28
734.0 -67.72
734.4 -67.32
734.8 -68.84
735.2 -67.82
735.6 -67.92
736.0 -68.44
736.4 -67.85
736.8 -67.44
737.2 -67.69
737.6 -69.02
738.0 -67.29
738.4 -68.12
738.8 -67.57
739.2 -67.42
739.6 -69.23
740.0 -68.28
740.4 -67.99
740.8 -67.82
741.2 -67.16
741.6 -67.16
742.0 -68.52
742.4 -68.72
742.8 -66.01
743.2 -67.1
743.6 -68.84
744.0 -66.74
744.4 -68.31
744.8 -67.58
745.2 -68.56
745.6 -66.28
746.0 -67.84
746.4 -67.04
746.8 -68.01
747.2 -68.05
747.6 -67.94
748.0 -68.61
748.4 -68.94
748.8 -66.63
749.2 -66.5
749.6 -67.4
750.0 -68.03
750.4 -67.34
750.8 -67.64
751.2 -67.64
751.6 -66.6
752.0 -67.62
752.4 -67.51
752.8 -69.04
753.2 -66.79
753.6 -66.32
754.0 -66.13
754.4 -66.99
754.8 -67.38
755.2 -68.39
755.6 -67.22
756.0 -67.36
756.4 -67.07
756.8 -67.66
757.2 -68.12
757.6 -67.71
758.0 -66.08
758.4 -67.38
758.8 -66.63
759.2 -68.34
759.6 -67.32
760.0 -66.83
760.4 -66.79
760.8 -66.35
761.2 -69.74
761.6 -66.31
762.0 -66.77
762.4 -68.31
762.8 -67.65
763.2 -68.17
763.6 -67.33
764.0 -66.66
764.4 -66.53
764.8 -66.52
765.2 -67.36
765.6 -67.26
766.0 -68.27
766.4 -67.73
766.8 -66.95
767.2 -67.89
767.6 -68.39
768.0 -66.12
768.4 -67.23
768.8 -66.48
769.2 -68.37
769.6 -66.57
770.0 -65.52
770.4 -66.64
770.8 -67.26
771.2 -68.63
771.6 -67.36
772.0 -65.86
772.4 -66.01
772.8 -66.29
773.2 -66.21
773.6 -68.69
774.0 -66.28
774.4 -67.5
774.8 -66.0
775.2 -66.12
775.6 -65.93
776.0 -66.27
776.4 -66.75
776.8 -65.92
777.2 -65.56
777.6 -67.33
778.0 -66.88
778.4 -65.83
778.8 -66.88
779.2 -65.87
779.6 -66.18
780.0 -66.77
780.4 -67.26
780.8 -65.97
781.2 -65.86
781.6 -66.33
782.0 -67.15
782.4 -66.76
782.8 -67.74
783.2 -66.71
783.6 -66.11
784.0 -67.68
784.4 -66.23
784.8 -66.89
785.2 -65.2
785.6 -66.02
786.0 -66.02
786.4 -65.67
786.8 -66.6
787.2 -65.86
787.6 -66.05
788.0 -66.01
788.4 -67.01
788.8 -65.45
789.2 -66.41
789.6 -67.48
790.0 -66.32
790.4 -65.91
790.8 -66.76
791.2 -66.31
791.6 -65.47
792.0 -66.14
792.4 -65.87
792.8 -66.51
793.2 -66.79
793.6 -66.26
794.0 -67.61
794.4 -68.49
794.8 -66.16
795.2 -66.73
795.6 -66.96
796.0 -67.01
796.4 -67.48
796.8 -67.37
797.2 -66.44
797.6 -66.14
798.0 -66.02
798.4 -66.39
798.8 -65.52
799.2 -66.3
799.6 -66.26
800.0 -65.37
800.4 -66.29
800.8 -66.08
801.2 -66.61
801.6 -65.89
802.0 -66.99
802.4 -65.7
802.8 -65.94
803.2 -65.94
803.6 -65.71
804.0 -65.1
804.4 -65.8
804.8 -65.4
805.2 -65.44
805.6 -65.05
806.0 -64.54
806.4 -62.1
806.8 -58.78
807.2 -54.76
807.6 -50.82
808.0 -49.45
808.4 -50.52
808.8 -50.89
809.2 -54.45
809.6 -61.84
810.0 -64.8
810.4 -63.74
810.8 -64.56
811.2 -65.43
811.6 -65.14
812.0 -65.09
812.4 -64.99
812.8 -67.3
813.2 -65.47
813.6 -66.43
814.0 -67.07
814.4 -65.84
814.8 -65.6
815.2 -65.89
815.6 -66.05
816.0 -65.52
816.4 -66.61
816.8 -67.37
817.2 -65.71
817.6 -65.51
818.0 -66.25
818.4 -65.26
818.8 -65.18
819.2 -65.75
819.6 -66.28
820.0 -65.24
820.4 -65.71
820.8 -66.71
821.2 -64.83
821.6 -64.88
822.0 -65.28
822.4 -66.12
822.8 -65.77
823.2 -65.62
823.6 -65.4
824.0 -65.0
824.4 -66.19
824.8 -65.48
825.2 -65.49
825.6 -65.29
826.0 -64.81
826.4 -65.09
826.8 -65.5
827.2 -64.65
827.6 -65.22
828.0 -65.51
828.4 -64.45
828.8 -65.12
829.2 -64.38
829.6 -65.21
830.0 -65.47
830.4 -64.96
830.8 -65.13
831.2 -64.84
831.6 -65.83
832.0 -65.07
832.4 -65.52
832.8 -65.18
833.2 -64.83
833.6 -65.03
834.0 -64.64
834.4 -65.36
834.8 -64.48
835.2 -64.62
835.6 -64.43
836.0 -64.75
836.4 -64.17
836.8 -65.01
837.2 -64.69
837.6 -64.68
838.0 -65.03
838.4 -64.89
838.8 -64.36
839.2 -64.91
839.6 -65.5
840.0 -65.16
840.4 -65.13
840.8 -65.13
841.2 -64.9
841.6 -64.19
842.0 -64.31
842.4 -64.52
842.8 -64.83
843.2 -65.3
843.6 -64.83
844.0 -65.2
844.4 -64.59
844.8 -64.88
845.2 -64.37
845.6 -64.64
846.0 -64.16
846.4 -64.97
846.8 -64.79
847.2 -64.61
847.6 -64.28
848.0 -64.78
848.4 -63.9
848.8 -63.94
849.2 -64.4
849.6 -63.51
850.0 -63.95
850.4 -65.09
850.8 -64.08
851.2 -63.78
851.6 -64.18
852.0 -63.74
852.4 -64.3
852.8 -64.49
853.2 -64.35
853.6 -64.62
854.0 -64.24
854.4 -63.69
854.8 -64.4
855.2 -64.32
855.6 -64.71
856.0 -63.76
856.4 -63.57
856.8 -64.41
857.2 -63.6
857.6 -63.41
858.0 -64.44
858.4 -63.82
858.8 -64.06
859.2 -63.85
859.6 -63.78
860.0 -64.12
860.4 -63.75
860.8 -63.8
861.2 -63.25
861.6 -63.42
862.0 -63.63
862.4 -64.08
862.8 -63.55
863.2 -63.46
863.6 -63.82
864.0 -64.03
864.4 -63.67
864.8 -63.18
865.2 -63.66
865.6 -63.55
866.0 -63.17
866.4 -63.58
866.8 -63.49
867.2 -64.3
867.6 -63.36
868.0 -63.64
868.4 -63.35
868.8 -63.08
869.2 -63.16
869.6 -63.65
870.0 -63.28
870.4 -63.06
870.8 -63.53
871.2 -63.02
871.6 -63.49
872.0 -63.17
872.4 -63.57
872.8 -63.31
873.2 -63.74
873.6 -62.67
874.0 -62.76
874.4 -62.99
874.8 -63.2
875.2 -62.65
875.6 -63.18
876.0 -62.9
876.4 -63.2
876.8 -63.32
877.2 -62.86
877.6 -62.92
878.0 -63.17
878.4 -62.96
878.8 -62.72
879.2 -62.77
879.6 -62.71
880.0 -63.52
880.4 -62.6
880.8 -62.7
881.2 -63.16
881.6 -63.21
882.0 -63.07
882.4 -63.3
882.8 -63.2
883.2 -62.92
883.6 -62.71
884.0 -62.97
884.4 -62.5
884.8 -63.04
885.2 -62.68
885.6 -62.64
886.0 -62.32
886.4 -62.56
886.8 -63.19
887.2 -62.75
887.6 -63.13
888.0 -62.75
888.4 -62.38
888.8 -63.11
889.2 -62.87
889.6 -62.82
890.0 -62.21
890.4 -62.69
890.8 -62.44
891.2 -62.36
891.6 -62.45
892.0 -63.01
892.4 -62.45
892.8 -63.03
893.2 -62.21
893.6 -62.6
894.0 -62.79
894.4 -62.43
894.8 -62.83
895.2 -62.73
895.6 -62.73
896.0 -62.19
896.4 -62.81
896.8 -62.24
897.2 -62.1
897.6 -62.6
898.0 -62.88
898.4 -63.07
898.8 -62.65
899.2 -62.55
899.6 -62.21
900.0 -62.69
900.4 -62.21
900.8 -62.42
901.2 -62.45
901.6 -62.42
902.0 -62.42
902.4 -62.54
902.8 -62.41
903.2 -62.38
903.6 -62.8
904.0 -62.44
904.4 -62.75
904.8 -62.16
905.2 -62.46
905.6 -62.45
906.0 -62.44
906.4 -62.41
906.8 -62.54
907.2 -62.24
907.6 -62.85
908.0 -62.39
908.4 -62.56
908.8 -62.26
909.2 -62.1
909.6 -62.04
910.0 -62.73
910.4 -61.99
910.8 -62.3
911.2 -62.2
911.6 -62.16
912.0 -62.01
912.4 -61.84
912.8 -62.09
913.2 -61.7
913.6 -61.67
914.0 -61.87
914.4 -62.15
914.8 -62.07
915.2 -62.05
915.6 -62.15
916.0 -62.16
916.4 -61.81
916.8 -62.4
917.2 -61.95
917.6 -62.19
918.0 -62.02
918.4 -61.9
918.8 -62.04
919.2 -62.28
919.6 -62.36
920.0 -61.89
920.4 -61.82
920.8 -61.52
921.2 -61.64
921.6 -61.98
922.0 -61.59
922.4 -61.74
922.8 -61.78
923.2 -61.53
923.6 -61.66
924.0 -61.54
924.4 -61.48
924.8 -61.9
925.2 -61.7
925.6 -61.61
926.0 -61.53
926.4 -61.65
926.8 -61.71
927.2 -61.82
927.6 -61.44
928.0 -61.7
928.4 -61.46
928.8 -61.73
929.2 -61.55
929.6 -61.25
930.0 -61.49
930.4 -61.13
930.8 -61.37
931.2 -61.54
931.6 -61.51
932.0 -61.44
932.4 -61.43
932.8 -61.59
933.2 -61.39
933.6 -61.53
934.0 -61.46
934.4 -61.08
934.8 -61.24
935.2 -61.25
935.6 -61.47
936.0 -61.12
936.4 -60.99
936.8 -61.56
937.2 -61.41
937.6 -61.19
938.0 -61.29
938.4 -61.4
938.8 -61.37
939.2 -61.35
939.6 -61.29
940.0 -61.16
940.4 -61.23
940.8 -61.36
941.2 -61.19
941.6 -61.21
942.0 -61.02
942.4 -61.06
942.8 -61.09
943.2 -61.2
943.6 -61.2
944.0 -61.15
944.4 -60.99
944.8 -61.19
945.2 -60.94
945.6 -61.2
946.0 -61.04
946.4 -60.98
946.8 -60.94
947.2 -61.09
947.6 -61.45
948.0 -61.35
948.4 -61.07
948.8 -61.13
949.2 -61.21
949.6 -61.14
950.0 -61.2
950.4 -61.14
950.8 -61.02
951.2 -60.87
951.6 -60.89
952.0 -60.97
952.4 -60.99
952.8 -60.77
953.2 -61.14
953.6 -61.1
954.0 -61.21
954.4 -61.06
954.8 -61.11
955.2 -61.13
955.6 -60.9
956.0 -60.97
956.4 -61.02
956.8 -60.92
957.2 -60.99
957.6 -60.98
958.0 -60.86
958.4 -60.96
958.8 -60.51
959.2 -60.74
959.6 -60.81
960.0 -60.76
960.4 -60.6
960.8 -60.67
961.2 -60.59
961.6 -60.6
962.0 -60.61
962.4 -60.41
962.8 -60.46
963.2 -60.66
963.6 -60.48
964.0 -60.57
964.4 -60.45
964.8 -60.37
965.2 -60.27
965.6 -60.11
966.0 -60.16
966.4 -60.54
966.8 -60.4
967.2 -60.58
967.6 -60.52
968.0 -60.17
968.4 -60.47
968.8 -60.41
969.2 -60.58
969.6 -60.55
970.0 -60.68
970.4 -60.67
970.8 -60.42
971.2 -60.58
971.6 -60.41
972.0 -60.57
972.4 -60.88
972.8 -60.58
973.2 -60.74
973.6 -60.57
974.0 -60.63
974.4 -60.84
974.8 -60.7
975.2 -60.8
975.6 -60.95
976.0 -60.84
976.4 -60.79
976.8 -61.02
977.2 -61.0
977.6 -61.19
978.0 -60.96
978.4 -61.06
978.8 -61.18
979.2 -61.02
979.6 -61.18
980.0 -60.95
980.4 -60.97
980.8 -60.93
981.2 -60.91
981.6 -60.67
982.0 -60.51
982.4 -60.58
982.8 -60.71
983.2 -60.49
983.6 -60.36
984.0 -60.4
984.4 -60.27
984.8 -60.36
985.2 -60.28
985.6 -60.42
986.0 -60.16
986.4 -60.25
986.8 -60.09
987.2 -60.12
987.6 -60.09
988.0 -60.01
988.4 -60.01
988.8 -60.06
989.2 -59.95
989.6 -59.99
990.0 -60.08
990.4 -59.78
990.8 -59.84
991.2 -59.73
991.6 -59.9
992.0 -59.83
992.4 -60.02
992.8 -59.95
993.2 -59.83
993.6 -59.84
994.0 -60.0
994.4 -59.81
994.8 -59.74
995.2 -59.89
995.6 -59.87
996.0 -59.62
996.4 -59.89
996.8 -59.67
997.2 -59.9
997.6 -59.72
998.0 -59.9
998.4 -59.93
998.8 -59.75
999.2 -59.94
999.6 -59.71
1000.0 -59.79
