600.0 -68.82
600.4 -81.15
600.8 -210.0
601.2 -73.07
601.6 -76.45
602.0 -70.46
602.4 -73.49
602.8 -210.0
603.2 -74.79
603.6 -73.57
604.0 -72.35
604.4 -70.8
604.8 -75.99
605.2 -74.92
605.6 -69.72
606.0 -210.0
606.4 -70.57
606.8 -70.26
607.2 -70.98
607.6 -73.16
608.0 -210.0
608.4 -69.49
608.8 -70.08
609.2 -73.93
609.6 -210.0
610.0 -210.0
610.4 -74.01
610.8 -210.0
611.2 -210.0
611.6 -210.0
612.0 -78.87
612.4 -81.92
612.8 -210.0
613.2 -68.84
613.6 -70.37
614.0 -80.24
614.4 -69.12
614.8 -77.28
615.2 -210.0
615.6 -71.88
616.0 -210.0
616.4 -210.0
616.8 -75.63
617.2 -85.21
617.6 -69.66
618.0 -72.7
618.4 -74.48
618.8 -73.53
619.2 -75.78
619.6 -72.56
620.0 -210.0
620.4 -82.39
620.8 -68.01
621.2 -75.9
621.6 -72.68
622.0 -82.49
622.4 -72.51
622.8 -75.13
623.2 -77.11
623.6 -78.61
624.0 -70.17
624.4 -76.1
624.8 -75.25
625.2 -210.0
625.6 -72.93
626.0 -74.28
626.4 -68.78
626.8 -73.75
627.2 -210.0
627.6 -73.29
628.0 -210.0
628.4 -74.13
628.8 -75.12
629.2 -72.71
629.6 -72.35
630.0 -72.02
630.4 -69.9
630.8 -71.58
631.2 -71.46
631.6 -77.08
632.0 -69.16
632.4 -75.38
632.8 -72.23
633.2 -73.45
633.6 -70.46
634.0 -71.81
634.4 -71.69
634.8 -73.34
635.2 -71.06
635.6 -70.49
636.0 -70.0
636.4 -70.55
636.8 -72.35
637.2 -75.39
637.6 -78.1
638.0 -73.36
638.4 -74.57
638.8 -68.58
639.2 -70.24
639.6 -71.39
640.0 -69.49
640.4 -71.21
640.8 -71.9
641.2 -70.03
641.6 -71.57
642.0 -68.85
642.4 -72.48
642.8 -69.36
643.2 -69.95
643.6 -69.14
644.0 -68.77
644.4 -72.82
644.8 -69.54
645.2 -68.63
645.6 -68.67
646.0 -67.11
646.4 -71.63
646.8 -68.06
647.2 -68.87
647.6 -69.36
648.0 -68.53
648.4 -70.87
648.8 -68.5
649.2 -69.24
649.6 -68.57
650.0 -69.42
650.4 -68.86
650.8 -68.37
651.2 -68.38
651.6 -69.84
652.0 -70.81
652.4 -67.38
652.8 -70.0
653.2 -70.56
653.6 -67.43
654.0 -68.89
654.4 -67.91
654.8 -68.73
655.2 -68.85
655.6 -67.83
656.0 -67.5
656.4 -69.54
656.8 -68.63
657.2 -67.72
657.6 -68.59
658.0 -67.42
658.4 -67.34
658.8 -67.6
659.2 -67.64
659.6 -67.73
660.0 -67.09
660.4 -67.53
660.8 -67.78
661.2 -69.77
661.6 -67.96
662.0 -67.32
662.4 -67.36
662.8 -68.01
663.2 -67.96
663.6 -67.53
664.0 -68.83
664.4 -67.32
664.8 -67.78
665.2 -68.06
665.6 -66.94
666.0 -67.7
666.4 -68.25
666.8 -67.24
667.2 -66.27
667.6 -67.01
668.0 -67.7
668.4 -67.36
668.8 -68.4
669.2 -68.25
669.6 -66.94
670.0 -66.29
670.4 -67.86
670.8 -67.14
671.2 -67.68
671.6 -66.81
672.0 -67.33
672.4 -67.58
672.8 -67.97
673.2 -66.65
673.6 -68.96
674.0 -67.78
674.4 -66.82
674.8 -66.92
675.2 -67.9
675.6 -67.22
676.0 -66.83
676.4 -68.28
676.8 -66.61
677.2 -66.93
677.6 -65.94
678.0 -66.71
678.4 -67.07
678.8 -66.39
679.2 -67.03
679.6 -66.26
680.0 -67.21
680.4 -66.65
680.8 -66.61
681.2 -65.99
681.6 -66.53
682.0 -66.87
682.4 -66.91
682.8 -66.12
683.2 -65.93
683.6 -67.54
684.0 -65.06
684.4 -66.13
684.8 -66.66
685.2 -67.02
685.6 -65.73
686.0 -66.79
686.4 -67.64
686.8 -66.16
687.2 -65.91
687.6 -66.8
688.0 -66.8
688.4 -66.47
688.8 -66.65
689.2 -66.26
689.6 -67.34
690.0 -67.2
690.4 -66.08
690.8 -65.95
691.2 -66.26
691.6 -65.29
692.0 -66.03
692.4 -67.37
692.8 -66.21
693.2 -65.85
693.6 -65.91
694.0 -67.4
694.4 -66.74
694.8 -66.21
695.2 -65.59
695.6 -65.82
696.0 -65.97
696.4 -65.57
696.8 -65.51
697.2 -65.79
697.6 -66.41
698.0 -66.33
698.4 -65.77
698.8 -66.99
699.2 -66.35
699.6 -66.18
700.0 -65.91
700.4 -67.43
700.8 -66.26
701.2 -65.86
701.6 -66.01
702.0 -66.24
702.4 -65.99
702.8 -65.77
703.2 -65.73
703.6 -65.73
704.0 -66.35
704.4 -67.07
704.8 -65.47
705.2 -65.41
705.6 -66.15
706.0 -66.88
706.4 -66.2
706.8 -66.0
707.2 -65.92
707.6 -66.12
708.0 -65.34
708.4 -66.38
708.8 -65.22
709.2 -65.77
709.6 -65.77
710.0 -65.25
710.4 -66.62
710.8 -66.25
711.2 -65.75
711.6 -65.8
712.0 -65.46
712.4 -66.1
712.8 -65.95
713.2 -66.02
713.6 -66.32
714.0 -66.66
714.4 -65.29
714.8 -65.32
715.2 -65.7
715.6 -66.02
716.0 -65.96
716.4 -66.01
716.8 -65.75
717.2 -66.62
717.6 -66.25
718.0 -66.46
718.4 -65.76
718.8 -66.02
719.2 -64.96
719.6 -66.68
720.0 -66.22
720.4 -64.92
720.8 -66.14
721.2 -64.76
721.6 -65.25
722.0 -66.98
722.4 -65.69
722.8 -66.01
723.2 -66.72
723.6 -66.72
724.0 -66.92
724.4 -66.14
724.8 -66.7
725.2 -66.5
725.6 -65.41
726.0 -65.37
726.4 -64.68
726.8 -65.8
727.2 -66.48
727.6 -64.91
728.0 -66.14
728.4 -65.93
728.8 -65.88
729.2 -66.62
729.6 -66.39
730.0 -66.12
730.4 -65.48
730.8 -65.51
731.2 -65.57
731.6 -64.87
732.0 -64.67
732.4 -65.59
732.8 -66.55
733.2 -65.49
733.6 -65.04
734.0 -66.2
734.4 -65.87
734.8 -65.51
735.2 -66.45
735.6 -65.34
736.0 -66.77
736.4 -65.24
736.8 -65.99
737.2 -65.65
737.6 -65.32
738.0 -66.31
738.4 -66.42
738.8 -65.86
739.2 -65.76
739.6 -65.63
740.0 -65.85
740.4 -66.36
740.8 -65.43
741.2 -65.81
741.6 -65.77
742.0 -64.42
742.4 -65.71
742.8 -65.34
743.2 -65.87
743.6 -65.6
744.0 -65.49
744.4 -66.45
744.8 -66.07
745.2 -65.82
745.6 -65.48
746.0 -65.68
746.4 -65.85
746.8 -66.02
747.2 -65.7
747.6 -65.6
748.0 -65.44
748.4 -65.01
748.8 -65.69
749.2 -64.73
749.6 -66.23
750.0 -65.68
750.4 -65.45
750.8 -66.73
751.2 -66.73
751.6 -65.63
752.0 -65.96
752.4 -64.43
752.8 -65.81
753.2 -66.03
753.6 -65.06
754.0 -65.8
754.4 -65.49
754.8 -66.16
755.2 -65.82
755.6 -64.76
756.0 -66.29
756.4 -65.28
756.8 -65.76
757.2 -65.49
757.6 -64.78
758.0 -65.55
758.4 -65.5
758.8 -65.81
759.2 -65.87
759.6 -65.27
760.0 -65.65
760.4 -65.58
760.8 -65.31
761.2 -65.15
761.6 -65.41
762.0 -65.7
762.4 -65.53
762.8 -65.35
763.2 -65.16
763.6 -64.86
764.0 -65.93
764.4 -66.62
764.8 -65.33
765.2 -65.89
765.6 -64.79
766.0 -64.89
766.4 -65.91
766.8 -65.12
767.2 -65.38
767.6 -64.91
768.0 -65.34
768.4 -65.93
768.8 -66.03
769.2 -65.92
769.6 -65.14
770.0 -65.25
770.4 -65.28
770.8 -66.14
771.2 -64.68
771.6 -65.16
772.0 -64.53
772.4 -65.47
772.8 -65.24
773.2 -64.96
773.6 -65.37
774.0 -66.67
774.4 -66.28
774.8 -65.78
775.2 -65.67
775.6 -64.8
776.0 -64.74
776.4 -65.0
776.8 -65.0
777.2 -65.92
777.6 -65.13
778.0 -65.41
778.4 -66.74
778.8 -64.37
779.2 -65.05
779.6 -65.34
780.0 -65.37
780.4 -65.11
780.8 -64.74
781.2 -64.83
781.6 -64.85
782.0 -65.67
782.4 -66.45
782.8 -64.56
783.2 -65.59
783.6 -64.55
784.0 -64.9
784.4 -64.75
784.8 -65.37
785.2 -66.1
785.6 -65.58
786.0 -64.77
786.4 -64.91
786.8 -64.79
787.2 -65.19
787.6 -64.94
788.0 -65.16
788.4 -64.72
788.8 -64.5
789.2 -64.72
789.6 -65.74
790.0 -64.92
790.4 -64.12
790.8 -64.98
791.2 -64.88
791.6 -65.13
792.0 -64.42
792.4 -64.79
792.8 -65.06
793.2 -65.78
793.6 -64.93
794.0 -64.32
794.4 -65.02
794.8 -63.72
795.2 -64.92
795.6 -64.91
796.0 -63.95
796.4 -64.88
796.8 -64.67
797.2 -64.9
797.6 -64.75
798.0 -64.61
798.4 -64.65
798.8 -64.51
799.2 -65.15
799.6 -65.25
800.0 -64.67
800.4 -65.07
800.8 -64.44
801.2 -64.13
801.6 -64.13
802.0 -63.91
802.4 -64.18
802.8 -64.17
803.2 -64.9
803.6 -64.75
804.0 -64.79
804.4 -64.1
804.8 -63.37
805.2 -64.0
805.6 -63.38
806.0 -63.17
806.4 -60.79
806.8 -57.56
807.2 -53.95
807.6 -50.01
808.0 -48.69
808.4 -49.53
808.8 -50.03
809.2 -54.04
809.6 -61.66
810.0 -63.31
810.4 -64.03
810.8 -64.11
811.2 -64.29
811.6 -64.49
812.0 -64.47
812.4 -64.58
812.8 -64.37
813.2 -63.7
813.6 -64.73
814.0 -64.81
814.4 -64.25
814.8 -64.63
815.2 -64.31
815.6 -64.99
816.0 -64.03
816.4 -64.24
816.8 -64.5
817.2 -64.27
817.6 -63.58
818.0 -63.3
818.4 -63.65
818.8 -63.96
819.2 -64.06
819.6 -63.81
820.0 -64.25
820.4 -65.28
820.8 -64.44
821.2 -63.54
821.6 -64.71
822.0 -65.18
822.4 -64.5
822.8 -64.11
823.2 -64.77
823.6 -63.98
824.0 -64.36
824.4 -63.87
824.8 -64.01
825.2 -64.3
825.6 -64.27
826.0 -64.02
826.4 -64.2
826.8 -64.02
827.2 -63.68
827.6 -64.35
828.0 -64.01
828.4 -63.86
828.8 -63.83
829.2 -63.62
829.6 -63.86
830.0 -63.99
830.4 -64.25
830.8 -63.95
831.2 -63.35
831.6 -64.1
832.0 -64.11
832.4 -63.39
832.8 -63.68
833.2 -63.35
833.6 -63.94
834.0 -63.35
834.4 -63.69
834.8 -63.5
835.2 -63.21
835.6 -62.86
836.0 -63.15
836.4 -63.21
836.8 -63.57
837.2 -63.71
837.6 -63.92
838.0 -63.44
838.4 -63.34
838.8 -63.62
839.2 -63.84
839.6 -63.69
840.0 -63.88
840.4 -63.29
840.8 -63.25
841.2 -63.57
841.6 -63.76
842.0 -63.79
842.4 -63.69
842.8 -63.41
843.2 -63.87
843.6 -63.73
844.0 -63.21
844.4 -63.06
844.8 -63.81
845.2 -62.87
845.6 -63.23
846.0 -63.4
846.4 -63.21
846.8 -63.09
847.2 -63.46
847.6 -63.57
848.0 -63.19
848.4 -63.89
848.8 -63.22
849.2 -63.47
849.6 -63.3
850.0 -63.22
850.4 -63.41
850.8 -63.1
851.2 -63.29
851.6 -63.14
852.0 -63.11
852.4 -62.99
852.8 -63.04
853.2 -63.14
853.6 -63.14
854.0 -62.68
854.4 -62.94
854.8 -63.16
855.2 -63.09
855.6 -62.9
856.0 -63.23
856.4 -63.28
856.8 -63.11
857.2 -63.07
857.6 -62.86
858.0 -63.2
858.4 -62.74
858.8 -62.69
859.2 -63.18
859.6 -63.4
860.0 -63.23
860.4 -63.18
860.8 -62.66
861.2 -62.96
861.6 -62.75
862.0 -62.61
862.4 -62.83
862.8 -63.15
863.2 -62.96
863.6 -62.69
864.0 -62.93
864.4 -62.97
864.8 -63.21
865.2 -63.0
865.6 -63.24
866.0 -62.42
866.4 -62.6
866.8 -62.61
867.2 -62.77
867.6 -62.92
868.0 -63.03
868.4 -62.74
868.8 -62.78
869.2 -63.05
869.6 -62.84
870.0 -62.73
870.4 -62.9
870.8 -63.0
871.2 -63.09
871.6 -63.08
872.0 -62.49
872.4 -62.51
872.8 -62.46
873.2 -62.67
873.6 -62.47
874.0 -62.85
874.4 -62.41
874.8 -62.61
875.2 -62.61
875.6 -62.98
876.0 -62.79
876.4 -63.02
876.8 -62.61
877.2 -62.3
877.6 -62.83
878.0 -62.39
878.4 -62.56
878.8 -62.93
879.2 -62.35
879.6 -62.42
880.0 -62.44
880.4 -62.75
880.8 -62.3
881.2 -62.1
881.6 -62.37
882.0 -62.78
882.4 -62.57
882.8 -62.39
883.2 -62.06
883.6 -62.62
884.0 -62.8
884.4 -62.08
884.8 -62.11
885.2 -62.34
885.6 -62.59
886.0 -62.74
886.4 -62.41
886.8 -62.06
887.2 -62.69
887.6 -62.66
888.0 -62.02
888.4 -62.04
888.8 -62.18
889.2 -62.31
889.6 -62.45
890.0 -62.28
890.4 -62.66
890.8 -62.05
891.2 -62.76
891.6 -62.53
892.0 -62.28
892.4 -62.28
892.8 -62.09
893.2 -62.6
893.6 -62.13
894.0 -62.25
894.4 -62.47
894.8 -62.13
895.2 -62.68
895.6 -62.62
896.0 -62.75
896.4 -62.3
896.8 -62.02
897.2 -62.02
897.6 -62.33
898.0 -62.03
898.4 -62.52
898.8 -62.33
899.2 -62.61
899.6 -62.25
900.0 -62.53
900.4 -62.32
900.8 -62.26
901.2 -62.07
901.6 -62.49
902.0 -62.51
902.4 -62.61
902.8 -62.26
903.2 -62.21
903.6 -62.15
904.0 -62.26
904.4 -62.13
904.8 -62.21
905.2 -62.9
905.6 -62.37
906.0 -62.47
906.4 -62.39
906.8 -61.9
907.2 -61.8
907.6 -62.1
908.0 -61.96
908.4 -62.14
908.8 -62.22
909.2 -62.2
909.6 -62.18
910.0 -62.06
910.4 -62.13
910.8 -62.34
911.2 -62.16
911.6 -62.38
912.0 -62.11
912.4 -62.7
912.8 -61.87
913.2 -62.07
913.6 -61.75
914.0 -61.75
914.4 -61.92
914.8 -61.93
915.2 -62.04
915.6 -61.66
916.0 -62.11
916.4 -61.78
916.8 -61.96
917.2 -61.8
917.6 -61.74
918.0 -62.08
918.4 -61.89
918.8 -62.31
919.2 -61.85
919.6 -62.1
920.0 -61.92
920.4 -61.99
920.8 -61.87
921.2 -61.88
921.6 -61.53
922.0 -61.75
922.4 -61.74
922.8 -61.51
923.2 -61.67
923.6 -61.71
924.0 -61.7
924.4 -61.77
924.8 -61.62
925.2 -61.52
925.6 -61.85
926.0 -61.63
926.4 -61.58
926.8 -61.57
927.2 -61.76
927.6 -61.34
928.0 -61.45
928.4 -61.86
928.8 -61.55
929.2 -61.36
929.6 -61.47
930.0 -61.38
930.4 -61.39
930.8 -61.66
931.2 -61.66
931.6 -61.53
932.0 -61.41
932.4 -61.55
932.8 -61.32
933.2 -61.51
933.6 -61.5
934.0 -61.53
934.4 -61.31
934.8 -61.7
935.2 -61.78
935.6 -61.54
936.0 -61.4
936.4 -61.49
936.8 -61.54
937.2 -61.51
937.6 -61.56
938.0 -61.45
938.4 -61.55
938.8 -61.39
939.2 -61.39
939.6 -61.37
940.0 -61.5
940.4 -61.14
940.8 -61.21
941.2 -61.16
941.6 -61.13
942.0 -61.46
942.4 -61.39
942.8 -61.3
943.2 -61.2
943.6 -61.4
944.0 -61.3
944.4 -61.02
944.8 -61.11
945.2 -61.14
945.6 -61.17
946.0 -61.41
946.4 -61.02
946.8 -61.12
947.2 -61.36
947.6 -61.22
948.0 -61.2
948.4 -61.36
948.8 -61.23
949.2 -61.01
949.6 -61.44
950.0 -61.16
950.4 -61.23
950.8 -61.16
951.2 -61.46
951.6 -61.1
952.0 -61.22
952.4 -61.32
952.8 -61.15
953.2 -61.21
953.6 -61.2
954.0 -61.22
954.4 -61.34
954.8 -61.22
955.2 -61.18
955.6 -61.12
956.0 -61.26
956.4 -61.1
956.8 -61.28
957.2 -61.18
957.6 -61.2
958.0 -61.14
958.4 -61.29
958.8 -61.11
959.2 -61.08
959.6 -60.77
960.0 -61.02
960.4 -61.0
960.8 -60.82
961.2 -61.06
961.6 -60.76
962.0 -61.02
962.4 -60.78
962.8 -60.78
963.2 -60.67
963.6 -60.79
964.0 -60.73
964.4 -60.7
964.8 -60.95
965.2 -60.76
965.6 -60.75
966.0 -60.87
966.4 -60.78
966.8 -60.81
967.2 -60.8
967.6 -60.79
968.0 -60.99
968.4 -60.9
968.8 -60.94
969.2 -60.86
969.6 -60.76
970.0 -60.96
970.4 -60.96
970.8 -60.83
971.2 -60.91
971.6 -61.04
972.0 -60.85
972.4 -61.03
972.8 -61.08
973.2 -61.06
973.6 -61.13
974.0 -60.87
974.4 -60.86
974.8 -61.13
975.2 -61.15
975.6 -61.21
976.0 -61.01
976.4 -61.23
976.8 -61.22
977.2 -61.3
977.6 -61.34
978.0 -61.46
978.4 -61.35
978.8 -61.28
979.2 -61.54
979.6 -61.58
980.0 -61.42
980.4 -61.24
980.8 -61.34
981.2 -61.65
981.6 -61.34
982.0 -61.32
982.4 -61.27
982.8 -61.16
983.2 -61.02
983.6 -61.19
984.0 -61.01
984.4 -61.01
984.8 -60.96
985.2 -60.86
985.6 -60.9
986.0 -60.77
986.4 -60.9
986.8 -60.65
987.2 -60.59
987.6 -60.6
988.0 -60.54
988.4 -60.64
988.8 -60.55
989.2 -60.53
989.6 -60.47
990.0 -60.38
990.4 -60.39
990.8 -60.27
991.2 -60.18
991.6 -60.32
992.0 -60.19
992.4 -60.22
992.8 -60.2
993.2 -60.13
993.6 -60.18
994.0 -60.15
994.4 -60.15
994.8 -60.2
995.2 -60.13
995.6 -60.1
996.0 -60.15
996.4 -60.14
996.8 -60.25
997.2 -60.06
997.6 -60.26
998.0 -60.08
998.4 -60.31
998.8 -60.32
999.2 -60.19
999.6 -60.26
1000.0 -60.03
