600.0 -68.57
600.4 -78.13
600.8 -210.0
601.2 -71.65
601.6 -210.0
602.0 -72.22
602.4 -210.0
602.8 -210.0
603.2 -73.92
603.6 -210.0
604.0 -210.0
604.4 -70.1
604.8 -75.41
605.2 -70.85
605.6 -73.7
606.0 -210.0
606.4 -72.5
606.8 -69.52
607.2 -210.0
607.6 -70.48
608.0 -210.0
608.4 -78.65
608.8 -81.7
609.2 -71.11
609.6 -75.72
610.0 -78.75
610.4 -69.24
610.8 -70.68
611.2 -76.39
611.6 -210.0
612.0 -75.35
612.4 -74.13
612.8 -74.95
613.2 -69.65
613.6 -68.87
614.0 -69.96
614.4 -77.25
614.8 -67.51
615.2 -69.64
615.6 -210.0
616.0 -82.13
616.4 -68.62
616.8 -69.49
617.2 -72.2
617.6 -71.25
618.0 -210.0
618.4 -77.49
618.8 -72.99
619.2 -71.71
619.6 -71.54
620.0 -69.57
620.4 -70.21
620.8 -79.39
621.2 -71.64
621.6 -74.33
622.0 -74.7
622.4 -70.74
622.8 -77.09
623.2 -70.65
623.6 -76.05
624.0 -70.3
624.4 -68.32
624.8 -74.87
625.2 -70.51
625.6 -72.29
626.0 -70.43
626.4 -77.31
626.8 -71.82
627.2 -72.01
627.6 -73.06
628.0 -68.23
628.4 -69.98
628.8 -75.12
629.2 -76.9
629.6 -70.78
630.0 -70.2
630.4 -72.05
630.8 -68.65
631.2 -77.63
631.6 -72.69
632.0 -69.71
632.4 -69.19
632.8 -69.22
633.2 -67.2
633.6 -70.94
634.0 -69.75
634.4 -70.08
634.8 -72.73
635.2 -68.82
635.6 -69.42
636.0 -70.52
636.4 -69.22
636.8 -68.79
637.2 -68.46
637.6 -69.65
638.0 -70.25
638.4 -71.84
638.8 -70.11
639.2 -68.16
639.6 -67.9
640.0 -68.81
640.4 -67.43
640.8 -69.74
641.2 -68.27
641.6 -69.25
642.0 -68.53
642.4 -68.63
642.8 -69.44
643.2 -70.3
643.6 -68.2
644.0 -69.77
644.4 -68.68
644.8 -68.37
645.2 -68.07
645.6 -68.61
646.0 -67.78
646.4 -69.19
646.8 -67.58
647.2 -67.84
647.6 -68.45
648.0 -67.82
648.4 -67.0
648.8 -67.32
649.2 -67.31
649.6 -68.52
650.0 -68.03
650.4 -68.92
650.8 -68.58
651.2 -67.76
651.6 -68.08
652.0 -67.94
652.4 -66.14
652.8 -67.3
653.2 -66.84
653.6 -67.73
654.0 -67.35
654.4 -67.65
654.8 -66.9
655.2 -67.57
655.6 -67.09
656.0 -66.59
656.4 -67.25
656.8 -66.77
657.2 -67.76
657.6 -67.76
658.0 -68.18
658.4 -67.85
658.8 -67.23
659.2 -66.29
659.6 -67.23
660.0 -66.17
660.4 -67.32
660.8 -65.99
661.2 -67.32
661.6 -68.06
662.0 -67.36
662.4 -66.94
662.8 -66.83
663.2 -66.8
663.6 -67.92
664.0 -66.98
664.4 -66.8
664.8 -67.74
665.2 -66.87
665.6 -65.85
666.0 -65.99
666.4 -67.24
666.8 -66.69
667.2 -65.91
667.6 -67.7
668.0 -66.59
668.4 -67.61
668.8 -66.56
669.2 -66.94
669.6 -66.98
670.0 -66.35
670.4 -66.61
670.8 -65.97
671.2 -67.03
671.6 -66.67
672.0 -66.36
672.4 -66.24
672.8 -66.58
673.2 -66.83
673.6 -67.01
674.0 -66.34
674.4 -65.94
674.8 -65.73
675.2 -66.02
675.6 -65.9
676.0 -66.91
676.4 -66.59
676.8 -67.62
677.2 -65.91
677.6 -65.57
678.0 -66.74
678.4 -66.85
678.8 -67.6
679.2 -66.73
679.6 -65.92
680.0 -66.48
680.4 -66.83
680.8 -65.45
681.2 -65.87
681.6 -65.78
682.0 -66.62
682.4 -66.45
682.8 -66.83
683.2 -66.24
683.6 -66.6
684.0 -66.93
684.4 -67.15
684.8 -65.97
685.2 -66.34
685.6 -66.38
686.0 -65.52
686.4 -66.94
686.8 -66.49
687.2 -66.46
687.6 -66.45
688.0 -66.92
688.4 -65.8
688.8 -66.05
689.2 -66.46
689.6 -66.16
690.0 -66.42
690.4 -65.8
690.8 -65.83
691.2 -66.33
691.6 -66.3
692.0 -65.15
692.4 -66.85
692.8 -66.73
693.2 -66.44
693.6 -67.03
694.0 -65.44
694.4 -65.99
694.8 -65.16
695.2 -66.24
695.6 -66.48
696.0 -65.43
696.4 -65.65
696.8 -65.51
697.2 -65.47
697.6 -65.85
698.0 -65.63
698.4 -65.54
698.8 -66.46
699.2 -66.38
699.6 -65.73
700.0 -66.48
700.4 -65.56
700.8 -65.51
701.2 -65.08
701.6 -65.73
702.0 -65.34
702.4 -65.99
702.8 -65.68
703.2 -65.08
703.6 -66.05
704.0 -65.63
704.4 -65.47
704.8 -66.06
705.2 -66.15
705.6 -66.43
706.0 -65.57
706.4 -65.87
706.8 -65.47
707.2 -65.89
707.6 -65.41
708.0 -64.83
708.4 -65.0
708.8 -65.5
709.2 -65.02
709.6 -65.8
710.0 -65.57
710.4 -66.02
710.8 -65.13
711.2 -65.27
711.6 -65.71
712.0 -66.68
712.4 -64.78
712.8 -64.92
713.2 -65.66
713.6 -65.65
714.0 -65.59
714.4 -65.49
714.8 -65.97
715.2 -66.16
715.6 -65.57
716.0 -65.54
716.4 -65.21
716.8 -65.07
717.2 -65.58
717.6 -65.8
718.0 -66.5
718.4 -65.96
718.8 -65.29
719.2 -64.93
719.6 -65.92
720.0 -65.74
720.4 -66.33
720.8 -65.57
721.2 -66.07
721.6 -65.42
722.0 -65.75
722.4 -65.21
722.8 -65.46
723.2 -66.33
723.6 -65.94
724.0 -65.24
724.4 -65.48
724.8 -65.01
725.2 -65.21
725.6 -66.62
726.0 -65.68
726.4 -65.71
726.8 -65.84
727.2 -65.33
727.6 -64.83
728.0 -66.07
728.4 -65.76
728.8 -65.0
729.2 -65.88
729.6 -66.02
730.0 -65.36
730.4 -67.21
730.8 -65.09
731.2 -65.83
731.6 -66.11
732.0 -64.88
732.4 -65.19
732.8 -66.03
733.2 -65.61
733.6 -66.58
734.0 -66.66
734.4 -66.11
734.8 -66.08
735.2 -65.44
735.6 -65.72
736.0 -64.94
736.4 -66.47
736.8 -66.72
737.2 -66.02
737.6 -65.45
738.0 -64.97
738.4 -65.77
738.8 -64.85
739.2 -66.07
739.6 -65.66
740.0 -65.58
740.4 -66.21
740.8 -65.82
741.2 -66.31
741.6 -65.91
742.0 -65.71
742.4 -65.17
742.8 -66.42
743.2 -65.83
743.6 -65.5
744.0 -65.18
744.4 -65.06
744.8 -67.09
745.2 -66.07
745.6 -66.06
746.0 -65.99
746.4 -65.54
746.8 -66.13
747.2 -64.66
747.6 -66.24
748.0 -65.44
748.4 -65.62
748.8 -66.84
749.2 -65.76
749.6 -67.4
750.0 -66.45
750.4 -66.37
750.8 -65.35
751.2 -65.74
751.6 -66.31
752.0 -65.17
752.4 -66.11
752.8 -66.1
753.2 -65.54
753.6 -65.7
754.0 -66.17
754.4 -65.86
754.8 -66.35
755.2 -66.11
755.6 -64.95
756.0 -66.21
756.4 -66.02
756.8 -66.7
757.2 -64.85
757.6 -65.51
758.0 -65.65
758.4 -65.37
758.8 -65.99
759.2 -65.91
759.6 -66.13
760.0 -66.83
760.4 -65.76
760.8 -65.44
761.2 -65.22
761.6 -65.93
762.0 -66.95
762.4 -65.43
762.8 -64.35
763.2 -65.45
763.6 -65.66
764.0 -65.68
764.4 -66.49
764.8 -66.31
765.2 -64.46
765.6 -66.19
766.0 -65.46
766.4 -65.46
766.8 -65.25
767.2 -65.76
767.6 -64.94
768.0 -66.2
768.4 -66.45
768.8 -65.96
769.2 -65.29
769.6 -65.77
770.0 -65.99
770.4 -65.76
770.8 -65.25
771.2 -65.95
771.6 -65.55
772.0 -65.08
772.4 -65.98
772.8 -65.27
773.2 -66.21
773.6 -65.47
774.0 -66.37
774.4 -65.11
774.8 -65.89
775.2 -64.83
775.6 -65.2
776.0 -65.96
776.4 -65.52
776.8 -64.74
777.2 -65.42
777.6 -65.32
778.0 -65.98
778.4 -65.44
778.8 -65.72
779.2 -64.9
779.6 -65.38
780.0 -65.64
780.4 -65.23
780.8 -65.23
781.2 -65.08
781.6 -66.0
782.0 -64.82
782.4 -65.03
782.8 -64.82
783.2 -65.59
783.6 -64.9
784.0 -66.07
784.4 -65.88
784.8 -64.89
785.2 -65.44
785.6 -65.54
786.0 -65.34
786.4 -64.04
786.8 -64.62
787.2 -65.97
787.6 -64.82
788.0 -65.46
788.4 -64.72
788.8 -65.28
789.2 -66.46
789.6 -65.15
790.0 -65.99
790.4 -65.76
790.8 -64.6
791.2 -65.75
791.6 -66.22
792.0 -65.01
792.4 -64.5
792.8 -65.0
793.2 -65.6
793.6 -64.55
794.0 -64.48
794.4 -65.55
794.8 -65.08
795.2 -64.83
795.6 -64.53
796.0 -64.1
796.4 -65.69
796.8 -64.73
797.2 -64.63
797.6 -65.68
798.0 -64.75
798.4 -64.57
798.8 -65.18
799.2 -64.29
799.6 -64.57
800.0 -64.64
800.4 -65.2
800.8 -64.61
801.2 -64.03
801.6 -64.71
802.0 -64.8
802.4 -64.83
802.8 -64.14
803.2 -64.33
803.6 -63.92
804.0 -64.02
804.4 -64.82
804.8 -64.73
805.2 -64.2
805.6 -63.56
806.0 -62.84
806.4 -61.24
806.8 -57.95
807.2 -54.08
807.6 -50.13
808.0 -48.89
808.4 -49.73
808.8 -50.43
809.2 -54.44
809.6 -60.96
810.0 -63.24
810.4 -63.76
810.8 -63.77
811.2 -64.48
811.6 -64.57
812.0 -64.1
812.4 -64.44
812.8 -64.11
813.2 -63.54
813.6 -64.45
814.0 -64.96
814.4 -64.05
814.8 -64.47
815.2 -64.36
815.6 -64.42
816.0 -65.03
816.4 -64.8
816.8 -63.71
817.2 -64.4
817.6 -63.8
818.0 -64.2
818.4 -63.92
818.8 -64.7
819.2 -64.16
819.6 -64.55
820.0 -64.59
820.4 -63.88
820.8 -64.71
821.2 -64.32
821.6 -64.27
822.0 -63.96
822.4 -64.25
822.8 -64.31
823.2 -64.53
823.6 -64.59
824.0 -64.23
824.4 -64.49
824.8 -64.56
825.2 -64.13
825.6 -63.73
826.0 -64.79
826.4 -64.04
826.8 -64.91
827.2 -64.01
827.6 -64.21
828.0 -63.45
828.4 -64.48
828.8 -63.93
829.2 -64.0
829.6 -64.12
830.0 -63.95
830.4 -63.79
830.8 -63.72
831.2 -63.91
831.6 -63.65
832.0 -63.8
832.4 -64.87
832.8 -64.13
833.2 -64.4
833.6 -64.19
834.0 -63.66
834.4 -64.21
834.8 -63.99
835.2 -63.94
835.6 -64.6
836.0 -63.61
836.4 -64.19
836.8 -64.21
837.2 -63.97
837.6 -64.52
838.0 -64.22
838.4 -64.65
838.8 -64.44
839.2 -64.43
839.6 -65.01
840.0 -64.16
840.4 -65.72
840.8 -64.06
841.2 -64.16
841.6 -63.99
842.0 -64.58
842.4 -64.24
842.8 -64.59
843.2 -65.45
843.6 -64.09
844.0 -64.76
844.4 -64.8
844.8 -64.19
845.2 -64.71
845.6 -64.77
846.0 -65.14
846.4 -64.86
846.8 -64.75
847.2 -64.36
847.6 -64.94
848.0 -64.48
848.4 -64.48
848.8 -64.81
849.2 -64.65
849.6 -64.48
850.0 -64.82
850.4 -64.71
850.8 -65.19
851.2 -64.97
851.6 -65.41
852.0 -64.76
852.4 -64.65
852.8 -64.52
853.2 -65.17
853.6 -65.2
854.0 -64.79
854.4 -65.16
854.8 -64.77
855.2 -65.6
855.6 -64.78
856.0 -64.15
856.4 -65.15
856.8 -65.15
857.2 -64.66
857.6 -64.93
858.0 -65.19
858.4 -65.79
858.8 -64.99
859.2 -64.83
859.6 -64.99
860.0 -65.05
860.4 -64.62
860.8 -65.23
861.2 -64.58
861.6 -64.73
862.0 -64.82
862.4 -64.71
862.8 -65.27
863.2 -64.46
863.6 -65.06
864.0 -64.73
864.4 -65.67
864.8 -65.32
865.2 -64.99
865.6 -65.16
866.0 -64.89
866.4 -65.77
866.8 -65.35
867.2 -65.4
867.6 -65.02
868.0 -64.33
868.4 -65.21
868.8 -65.05
869.2 -65.51
869.6 -65.94
870.0 -66.28
870.4 -65.77
870.8 -65.52
871.2 -65.04
871.6 -64.77
872.0 -64.98
872.4 -65.71
872.8 -66.05
873.2 -65.37
873.6 -65.69
874.0 -66.28
874.4 -65.3
874.8 -65.97
875.2 -65.62
875.6 -64.85
876.0 -64.99
876.4 -64.32
876.8 -65.36
877.2 -65.14
877.6 -65.72
878.0 -65.48
878.4 -65.57
878.8 -64.66
879.2 -65.04
879.6 -65.32
880.0 -65.54
880.4 -64.93
880.8 -65.42
881.2 -64.97
881.6 -65.26
882.0 -65.29
882.4 -64.7
882.8 -64.82
883.2 -65.36
883.6 -64.6
884.0 -65.79
884.4 -64.72
884.8 -65.29
885.2 -66.03
885.6 -65.94
886.0 -65.78
886.4 -64.76
886.8 -65.21
887.2 -65.74
887.6 -65.54
888.0 -65.34
888.4 -65.42
888.8 -65.96
889.2 -65.45
889.6 -65.99
890.0 -65.09
890.4 -65.76
890.8 -65.74
891.2 -65.39
891.6 -65.99
892.0 -65.19
892.4 -65.55
892.8 -65.58
893.2 -65.22
893.6 -65.3
894.0 -65.59
894.4 -66.12
894.8 -65.16
895.2 -65.84
895.6 -65.16
896.0 -65.5
896.4 -65.59
896.8 -65.43
897.2 -66.31
897.6 -66.25
898.0 -65.19
898.4 -65.55
898.8 -65.76
899.2 -66.99
899.6 -65.47
900.0 -65.6
900.4 -66.53
900.8 -65.82
901.2 -65.24
901.6 -66.11
902.0 -66.03
902.4 -65.85
902.8 -65.33
903.2 -65.78
903.6 -65.9
904.0 -66.36
904.4 -65.89
904.8 -65.93
905.2 -66.25
905.6 -66.96
906.0 -64.93
906.4 -65.9
906.8 -66.03
907.2 -65.63
907.6 -65.09
908.0 -66.68
908.4 -65.65
908.8 -65.29
909.2 -66.4
909.6 -65.43
910.0 -66.2
910.4 -65.47
910.8 -66.23
911.2 -65.37
911.6 -65.99
912.0 -65.77
912.4 -65.96
912.8 -66.19
913.2 -65.69
913.6 -66.19
914.0 -65.65
914.4 -65.79
914.8 -65.22
915.2 -65.94
915.6 -67.03
916.0 -65.75
916.4 -66.37
916.8 -66.12
917.2 -66.5
917.6 -66.33
918.0 -66.37
918.4 -66.67
918.8 -65.67
919.2 -67.11
919.6 -66.26
920.0 -66.68
920.4 -65.66
920.8 -65.61
921.2 -66.28
921.6 -66.27
922.0 -66.74
922.4 -67.15
922.8 -65.87
923.2 -67.81
923.6 -66.81
924.0 -65.75
924.4 -66.66
924.8 -66.74
925.2 -66.69
925.6 -66.42
926.0 -66.38
926.4 -66.13
926.8 -65.9
927.2 -67.29
927.6 -66.83
928.0 -66.39
928.4 -67.19
928.8 -66.71
929.2 -66.33
929.6 -66.8
930.0 -66.68
930.4 -66.37
930.8 -65.7
931.2 -67.06
931.6 -66.59
932.0 -66.87
932.4 -67.32
932.8 -67.09
933.2 -66.99
933.6 -68.82
934.0 -67.09
934.4 -67.2
934.8 -67.07
935.2 -66.83
935.6 -66.28
936.0 -66.93
936.4 -66.76
936.8 -67.67
937.2 -66.67
937.6 -66.47
938.0 -67.98
938.4 -67.41
938.8 -67.62
939.2 -67.51
939.6 -67.44
940.0 -66.84
940.4 -68.25
940.8 -66.64
941.2 -67.7
941.6 -67.33
942.0 -67.15
942.4 -66.99
942.8 -66.98
943.2 -68.35
943.6 -67.03
944.0 -67.3
944.4 -68.21
944.8 -66.92
945.2 -66.53
945.6 -67.62
946.0 -66.85
946.4 -67.34
946.8 -67.84
947.2 -67.15
947.6 -67.77
948.0 -67.79
948.4 -67.94
948.8 -68.31
949.2 -67.37
949.6 -66.76
950.0 -67.44
950.4 -67.7
950.8 -67.4
951.2 -67.35
951.6 -67.65
952.0 -67.59
952.4 -67.67
952.8 -66.68
953.2 -67.82
953.6 -67.59
954.0 -67.62
954.4 -67.37
954.8 -67.56
955.2 -67.58
955.6 -66.92
956.0 -67.78
956.4 -67.74
956.8 -67.25
957.2 -67.43
957.6 -67.29
958.0 -67.64
958.4 -66.97
958.8 -67.66
959.2 -66.56
959.6 -66.92
960.0 -67.55
960.4 -67.49
960.8 -66.54
961.2 -67.47
961.6 -68.63
962.0 -67.5
962.4 -67.32
962.8 -66.57
963.2 -67.26
963.6 -66.87
964.0 -66.41
964.4 -66.45
964.8 -66.66
965.2 -66.99
965.6 -66.96
966.0 -66.79
966.4 -66.83
966.8 -67.07
967.2 -67.04
967.6 -66.64
968.0 -66.6
968.4 -66.58
968.8 -66.66
969.2 -67.16
969.6 -67.19
970.0 -66.48
970.4 -67.5
970.8 -66.53
971.2 -66.68
971.6 -66.92
972.0 -66.43
972.4 -67.24
972.8 -66.79
973.2 -66.85
973.6 -66.74
974.0 -66.99
974.4 -67.12
974.8 -67.27
975.2 -66.38
975.6 -66.99
976.0 -67.05
976.4 -66.58
976.8 -66.95
977.2 -67.47
977.6 -66.84
978.0 -66.62
978.4 -66.8
978.8 -66.32
979.2 -66.51
979.6 -66.35
980.0 -66.5
980.4 -66.83
980.8 -66.56
981.2 -67.02
981.6 -66.58
982.0 -66.69
982.4 -66.9
982.8 -66.7
983.2 -66.22
983.6 -66.53
984.0 -66.3
984.4 -66.34
984.8 -66.0
985.2 -65.92
985.6 -65.58
986.0 -65.98
986.4 -65.91
986.8 -65.9
987.2 -65.93
987.6 -65.81
988.0 -65.94
988.4 -65.85
988.8 -65.78
989.2 -65.56
989.6 -65.62
990.0 -65.74
990.4 -65.38
990.8 -65.35
991.2 -65.28
991.6 -65.19
992.0 -65.72
992.4 -65.25
992.8 -65.15
993.2 -65.21
993.6 -65.17
994.0 -64.7
994.4 -65.19
994.8 -64.92
995.2 -64.78
995.6 -64.8
996.0 -65.02
996.4 -64.95
996.8 -65.03
997.2 -65.01
997.6 -64.92
998.0 -64.89
998.4 -64.7
998.8 -65.12
999.2 -64.95
999.6 -64.97
1000.0 -64.59
