600.0 -70.52
600.4 -210.0
600.8 -72.42
601.2 -71.42
601.6 -71.45
602.0 -210.0
602.4 -69.81
602.8 -210.0
603.2 -75.88
603.6 -210.0
604.0 -76.61
604.4 -72.95
604.8 -73.31
605.2 -69.99
605.6 -74.95
606.0 -210.0
606.4 -210.0
606.8 -78.55
607.2 -210.0
607.6 -210.0
608.0 -210.0
608.4 -76.89
608.8 -72.15
609.2 -210.0
609.6 -84.76
610.0 -210.0
610.4 -78.78
610.8 -210.0
611.2 -210.0
611.6 -210.0
612.0 -72.34
612.4 -210.0
612.8 -71.33
613.2 -74.55
613.6 -69.94
614.0 -70.87
614.4 -210.0
614.8 -85.07
615.2 -74.67
615.6 -70.63
616.0 -75.14
616.4 -74.02
616.8 -70.12
617.2 -210.0
617.6 -72.67
618.0 -71.64
618.4 -210.0
618.8 -69.85
619.2 -74.19
619.6 -74.55
620.0 -72.81
620.4 -210.0
620.8 -79.39
621.2 -82.44
621.6 -68.65
622.0 -210.0
622.4 -71.37
622.8 -71.23
623.2 -77.78
623.6 -73.04
624.0 -69.18
624.4 -73.09
624.8 -210.0
625.2 -210.0
625.6 -210.0
626.0 -71.27
626.4 -76.22
626.8 -85.8
627.2 -72.39
627.6 -73.54
628.0 -78.08
628.4 -82.89
628.8 -70.47
629.2 -210.0
629.6 -74.5
630.0 -73.95
630.4 -76.99
630.8 -210.0
631.2 -73.3
631.6 -210.0
632.0 -71.23
632.4 -80.15
632.8 -210.0
633.2 -71.92
633.6 -73.95
634.0 -70.05
634.4 -75.18
634.8 -77.89
635.2 -69.65
635.6 -74.64
636.0 -70.41
636.4 -70.03
636.8 -74.45
637.2 -73.52
637.6 -210.0
638.0 -73.16
638.4 -210.0
638.8 -86.65
639.2 -210.0
639.6 -72.9
640.0 -71.29
640.4 -71.09
640.8 -74.77
641.2 -74.8
641.6 -70.97
642.0 -71.86
642.4 -69.97
642.8 -72.85
643.2 -74.72
643.6 -73.09
644.0 -71.41
644.4 -73.71
644.8 -72.7
645.2 -78.17
645.6 -73.27
646.0 -74.05
646.4 -72.4
646.8 -71.12
647.2 -73.77
647.6 -77.01
648.0 -71.89
648.4 -70.59
648.8 -73.92
649.2 -72.79
649.6 -72.04
650.0 -72.84
650.4 -70.29
650.8 -71.49
651.2 -68.93
651.6 -70.55
652.0 -71.19
652.4 -71.84
652.8 -71.84
653.2 -73.83
653.6 -71.31
654.0 -72.2
654.4 -71.52
654.8 -74.65
655.2 -71.03
655.6 -71.53
656.0 -74.05
656.4 -71.13
656.8 -72.61
657.2 -72.9
657.6 -71.99
658.0 -71.14
658.4 -73.87
658.8 -75.92
659.2 -73.71
659.6 -72.0
660.0 -72.51
660.4 -70.71
660.8 -73.22
661.2 -71.46
661.6 -71.36
662.0 -74.08
662.4 -70.62
662.8 -72.25
663.2 -75.65
663.6 -72.64
664.0 -74.69
664.4 -75.39
664.8 -71.46
665.2 -70.79
665.6 -71.46
666.0 -71.46
666.4 -72.25
666.8 -72.64
667.2 -76.56
667.6 -70.62
668.0 -71.57
668.4 -70.21
668.8 -72.78
669.2 -73.07
669.6 -74.27
670.0 -76.22
670.4 -72.0
670.8 -69.48
671.2 -70.19
671.6 -71.65
672.0 -71.33
672.4 -72.22
672.8 -73.51
673.2 -70.67
673.6 -70.84
674.0 -70.32
674.4 -69.45
674.8 -72.45
675.2 -70.91
675.6 -69.85
676.0 -71.5
676.4 -72.06
676.8 -72.3
677.2 -71.28
677.6 -69.62
678.0 -72.04
678.4 -71.37
678.8 -69.02
679.2 -76.46
679.6 -70.35
680.0 -69.39
680.4 -70.18
680.8 -71.78
681.2 -68.6
681.6 -70.32
682.0 -74.55
682.4 -69.17
682.8 -72.77
683.2 -71.75
683.6 -72.09
684.0 -69.98
684.4 -68.28
684.8 -69.33
685.2 -68.65
685.6 -70.53
686.0 -70.35
686.4 -68.81
686.8 -69.94
687.2 -68.98
687.6 -70.08
688.0 -69.03
688.4 -72.03
688.8 -68.67
689.2 -70.74
689.6 -71.67
690.0 -69.97
690.4 -69.66
690.8 -70.72
691.2 -70.19
691.6 -69.65
692.0 -71.3
692.4 -70.51
692.8 -69.22
693.2 -70.25
693.6 -68.6
694.0 -71.27
694.4 -70.85
694.8 -70.66
695.2 -68.8
695.6 -70.56
696.0 -69.73
696.4 -72.3
696.8 -69.43
697.2 -70.44
697.6 -70.02
698.0 -70.35
698.4 -70.99
698.8 -69.62
699.2 -70.5
699.6 -68.99
700.0 -70.77
700.4 -69.44
700.8 -69.97
701.2 -68.77
701.6 -68.9
702.0 -71.83
702.4 -68.29
702.8 -70.28
703.2 -68.33
703.6 -68.99
704.0 -69.76
704.4 -68.66
704.8 -70.61
705.2 -72.91
705.6 -68.96
706.0 -68.7
706.4 -71.29
706.8 -69.8
707.2 -69.56
707.6 -71.88
708.0 -71.87
708.4 -69.11
708.8 -72.7
709.2 -68.9
709.6 -67.92
710.0 -69.91
710.4 -68.07
710.8 -68.88
711.2 -67.51
711.6 -68.16
712.0 -70.15
712.4 -70.23
712.8 -69.13
713.2 -68.37
713.6 -69.33
714.0 -69.63
714.4 -68.3
714.8 -67.86
715.2 -67.41
715.6 -69.94
716.0 -67.46
716.4 -70.46
716.8 -69.93
717.2 -68.81
717.6 -68.38
718.0 -69.58
718.4 -70.94
718.8 -72.28
719.2 -71.61
719.6 -68.67
720.0 -70.42
720.4 -68.29
720.8 -70.7
721.2 -69.48
721.6 -70.31
722.0 -66.94
722.4 -68.1
722.8 -69.86
723.2 -69.86
723.6 -67.88
724.0 -69.85
724.4 -70.88
724.8 -70.56
725.2 -70.87
725.6 -69.84
726.0 -67.3
726.4 -68.66
726.8 -68.52
727.2 -67.34
727.6 -68.52
728.0 -69.64
728.4 -69.89
728.8 -69.97
729.2 -68.03
729.6 -68.26
730.0 -71.15
730.4 -68.31
730.8 -67.59
731.2 -69.45
731.6 -66.81
732.0 -66.67
732.4 -68.73
732.8 -68.93
733.2 -69.36
733.6 -67.52
734.0 -68.16
734.4 -69.12
734.8 -68.39
735.2 -68.91
735.6 -68.32
736.0 -69.49
736.4 -71.57
736.8 -68.69
737.2 -68.19
737.6 -71.31
738.0 -68.75
738.4 -68.07
738.8 -70.14
739.2 -68.29
739.6 -71.07
740.0 -69.0
740.4 -68.05
740.8 -69.07
741.2 -67.71
741.6 -69.44
742.0 -69.21
742.4 -68.65
742.8 -68.03
743.2 -70.5
743.6 -68.45
744.0 -70.59
744.4 -68.31
744.8 -67.85
745.2 -67.05
745.6 -67.47
746.0 -66.56
746.4 -68.06
746.8 -69.03
747.2 -68.48
747.6 -66.85
748.0 -67.94
748.4 -67.66
748.8 -68.73
749.2 -68.04
749.6 -72.32
750.0 -70.06
750.4 -69.54
750.8 -68.26
751.2 -66.82
751.6 -68.13
752.0 -67.95
752.4 -68.76
752.8 -69.59
753.2 -68.96
753.6 -70.2
754.0 -67.93
754.4 -69.57
754.8 -68.53
755.2 -68.79
755.6 -68.14
756.0 -69.8
756.4 -67.02
756.8 -67.72
757.2 -67.66
757.6 -67.88
758.0 -70.35
758.4 -67.43
758.8 -67.18
759.2 -67.08
759.6 -68.96
760.0 -67.31
760.4 -68.53
760.8 -68.19
761.2 -70.73
761.6 -68.58
762.0 -66.64
762.4 -68.31
762.8 -70.0
763.2 -68.36
763.6 -67.93
764.0 -67.37
764.4 -68.1
764.8 -68.41
765.2 -67.26
765.6 -66.92
766.0 -67.73
766.4 -69.19
766.8 -68.26
767.2 -68.39
767.6 -68.39
768.0 -68.65
768.4 -68.51
768.8 -69.24
769.2 -67.32
769.6 -67.27
770.0 -66.69
770.4 -67.42
770.8 -66.6
771.2 -67.58
771.6 -69.15
772.0 -67.68
772.4 -67.25
772.8 -69.22
773.2 -69.06
773.6 -69.56
774.0 -67.67
774.4 -67.4
774.8 -66.28
775.2 -70.1
775.6 -67.34
776.0 -67.55
776.4 -67.6
776.8 -67.72
777.2 -68.53
777.6 -68.01
778.0 -67.54
778.4 -68.0
778.8 -69.44
779.2 -66.56
779.6 -67.48
780.0 -67.06
780.4 -67.53
780.8 -66.46
781.2 -67.01
781.6 -67.25
782.0 -66.81
782.4 -67.8
782.8 -68.43
783.2 -67.29
783.6 -66.27
784.0 -66.53
784.4 -68.7
784.8 -67.5
785.2 -67.23
785.6 -68.15
786.0 -66.89
786.4 -68.14
786.8 -67.71
787.2 -67.02
787.6 -66.17
788.0 -66.69
788.4 -67.11
788.8 -66.08
789.2 -68.39
789.6 -66.82
790.0 -67.93
790.4 -66.58
790.8 -67.47
791.2 -66.66
791.6 -67.74
792.0 -66.39
792.4 -67.19
792.8 -67.08
793.2 -66.65
793.6 -66.51
794.0 -66.2
794.4 -67.07
794.8 -66.87
795.2 -67.38
795.6 -67.6
796.0 -68.08
796.4 -68.08
796.8 -67.6
797.2 -67.53
797.6 -68.4
798.0 -67.88
798.4 -67.41
798.8 -66.56
799.2 -67.46
799.6 -66.43
800.0 -66.6
800.4 -67.13
800.8 -66.0
801.2 -68.75
801.6 -65.97
802.0 -65.93
802.4 -66.61
802.8 -65.06
803.2 -66.27
803.6 -66.57
804.0 -66.49
804.4 -67.01
804.8 -65.8
805.2 -67.16
805.6 -65.92
806.0 -64.32
806.4 -62.76
806.8 -58.86
807.2 -55.33
807.6 -51.38
808.0 -49.98
808.4 -51.07
808.8 -51.41
809.2 -54.95
809.6 -62.93
810.0 -65.11
810.4 -66.2
810.8 -66.78
811.2 -66.83
811.6 -66.35
812.0 -65.55
812.4 -68.36
812.8 -67.36
813.2 -67.7
813.6 -66.06
814.0 -65.8
814.4 -66.36
814.8 -66.71
815.2 -66.0
815.6 -67.51
816.0 -66.22
816.4 -66.98
816.8 -66.48
817.2 -66.58
817.6 -66.59
818.0 -66.37
818.4 -66.77
818.8 -66.44
819.2 -66.88
819.6 -67.22
820.0 -65.77
820.4 -65.96
820.8 -65.87
821.2 -66.46
821.6 -67.4
822.0 -66.33
822.4 -65.65
822.8 -67.87
823.2 -66.98
823.6 -65.56
824.0 -66.37
824.4 -66.58
824.8 -67.37
825.2 -66.41
825.6 -66.72
826.0 -65.92
826.4 -66.88
826.8 -66.07
827.2 -65.94
827.6 -67.53
828.0 -66.56
828.4 -66.27
828.8 -65.86
829.2 -65.46
829.6 -65.99
830.0 -66.23
830.4 -66.12
830.8 -66.12
831.2 -65.44
831.6 -67.14
832.0 -66.71
832.4 -66.12
832.8 -66.19
833.2 -66.36
833.6 -66.21
834.0 -66.49
834.4 -66.24
834.8 -65.56
835.2 -65.67
835.6 -65.16
836.0 -65.19
836.4 -64.87
836.8 -65.24
837.2 -65.12
837.6 -65.7
838.0 -65.15
838.4 -67.18
838.8 -65.24
839.2 -65.31
839.6 -65.15
840.0 -65.86
840.4 -65.23
840.8 -66.66
841.2 -65.53
841.6 -66.46
842.0 -65.51
842.4 -65.88
842.8 -66.08
843.2 -65.15
843.6 -65.94
844.0 -65.27
844.4 -64.98
844.8 -65.95
845.2 -65.46
845.6 -65.36
846.0 -65.19
846.4 -65.19
846.8 -64.97
847.2 -64.85
847.6 -66.0
848.0 -65.38
848.4 -65.94
848.8 -64.61
849.2 -65.06
849.6 -65.13
850.0 -64.73
850.4 -65.74
850.8 -64.98
851.2 -64.97
851.6 -65.62
852.0 -65.11
852.4 -65.13
852.8 -64.45
853.2 -65.17
853.6 -64.78
854.0 -65.36
854.4 -64.63
854.8 -65.11
855.2 -65.21
855.6 -64.73
856.0 -65.1
856.4 -64.87
856.8 -65.1
857.2 -64.32
857.6 -65.12
858.0 -64.57
858.4 -64.04
858.8 -64.85
859.2 -64.67
859.6 -64.8
860.0 -64.75
860.4 -64.82
860.8 -64.46
861.2 -64.87
861.6 -64.24
862.0 -64.55
862.4 -64.4
862.8 -64.92
863.2 -63.78
863.6 -64.62
864.0 -64.55
864.4 -64.5
864.8 -64.52
865.2 -64.76
865.6 -63.93
866.0 -64.62
866.4 -64.57
866.8 -64.33
867.2 -64.18
867.6 -64.1
868.0 -63.94
868.4 -63.88
868.8 -64.43
869.2 -63.97
869.6 -64.69
870.0 -63.9
870.4 -64.3
870.8 -64.28
871.2 -64.89
871.6 -64.39
872.0 -63.93
872.4 -63.78
872.8 -64.15
873.2 -63.94
873.6 -64.21
874.0 -63.78
874.4 -64.1
874.8 -63.51
875.2 -63.76
875.6 -63.46
876.0 -63.97
876.4 -63.65
876.8 -63.66
877.2 -63.74
877.6 -63.82
878.0 -63.79
878.4 -63.86
878.8 -63.65
879.2 -63.49
879.6 -63.65
880.0 -63.81
880.4 -63.76
880.8 -63.76
881.2 -63.99
881.6 -63.48
882.0 -64.11
882.4 -63.69
882.8 -63.45
883.2 -63.67
883.6 -63.6
884.0 -63.69
884.4 -63.47
884.8 -63.17
885.2 -63.62
885.6 -63.62
886.0 -63.76
886.4 -63.22
886.8 -63.46
887.2 -64.38
887.6 -64.19
888.0 -63.21
888.4 -63.31
888.8 -63.28
889.2 -64.04
889.6 -63.8
890.0 -63.55
890.4 -63.13
890.8 -63.43
891.2 -63.71
891.6 -63.69
892.0 -63.78
892.4 -63.29
892.8 -63.62
893.2 -63.56
893.6 -63.2
894.0 -63.83
894.4 -63.22
894.8 -63.56
895.2 -62.97
895.6 -63.37
896.0 -62.8
896.4 -63.57
896.8 -63.37
897.2 -63.32
897.6 -63.49
898.0 -63.63
898.4 -63.65
898.8 -63.11
899.2 -63.41
899.6 -63.29
900.0 -63.87
900.4 -63.64
900.8 -63.11
901.2 -63.64
901.6 -63.4
902.0 -63.56
902.4 -62.8
902.8 -63.26
903.2 -63.52
903.6 -63.11
904.0 -63.59
904.4 -63.61
904.8 -63.28
905.2 -63.15
905.6 -63.83
906.0 -63.4
906.4 -63.09
906.8 -62.78
907.2 -63.25
907.6 -62.72
908.0 -63.07
908.4 -63.3
908.8 -63.06
909.2 -63.24
909.6 -63.46
910.0 -63.26
910.4 -63.77
910.8 -63.21
911.2 -63.16
911.6 -63.16
912.0 -62.76
912.4 -62.62
912.8 -62.79
913.2 -62.7
913.6 -62.7
914.0 -62.94
914.4 -63.24
914.8 -63.17
915.2 -63.03
915.6 -63.32
916.0 -63.03
916.4 -63.02
916.8 -63.19
917.2 -62.98
917.6 -62.88
918.0 -63.13
918.4 -62.99
918.8 -62.74
919.2 -62.91
919.6 -62.97
920.0 -63.05
920.4 -63.25
920.8 -63.24
921.2 -62.96
921.6 -63.13
922.0 -63.17
922.4 -63.08
922.8 -62.71
923.2 -62.81
923.6 -63.13
924.0 -63.13
924.4 -62.83
924.8 -62.85
925.2 -62.71
925.6 -62.96
926.0 -63.16
926.4 -62.96
926.8 -62.91
927.2 -62.72
927.6 -62.88
928.0 -62.92
928.4 -62.64
928.8 -62.99
929.2 -63.1
929.6 -62.84
930.0 -62.52
930.4 -62.64
930.8 -62.49
931.2 -62.98
931.6 -62.84
932.0 -62.56
932.4 -62.65
932.8 -62.71
933.2 -62.78
933.6 -62.61
934.0 -62.49
934.4 -62.74
934.8 -63.02
935.2 -62.57
935.6 -62.66
936.0 -62.49
936.4 -62.28
936.8 -62.74
937.2 -62.75
937.6 -62.82
938.0 -62.66
938.4 -63.01
938.8 -62.64
939.2 -62.68
939.6 -62.7
940.0 -62.89
940.4 -62.58
940.8 -62.51
941.2 -62.54
941.6 -62.73
942.0 -62.51
942.4 -62.7
942.8 -62.79
943.2 -62.49
943.6 -62.43
944.0 -62.3
944.4 -62.62
944.8 -62.5
945.2 -62.56
945.6 -62.21
946.0 -62.38
946.4 -62.73
946.8 -62.45
947.2 -62.25
947.6 -62.45
948.0 -62.45
948.4 -62.4
948.8 -62.42
949.2 -62.31
949.6 -62.36
950.0 -62.66
950.4 -62.34
950.8 -62.69
951.2 -62.46
951.6 -62.52
952.0 -62.45
952.4 -62.64
952.8 -62.64
953.2 -62.44
953.6 -62.38
954.0 -62.63
954.4 -62.62
954.8 -63.01
955.2 -62.47
955.6 -62.65
956.0 -62.62
956.4 -62.83
956.8 -62.59
957.2 -62.35
957.6 -62.85
958.0 -62.56
958.4 -62.6
958.8 -62.73
959.2 -62.56
959.6 -62.4
960.0 -62.45
960.4 -62.65
960.8 -62.36
961.2 -62.38
961.6 -62.3
962.0 -62.07
962.4 -62.41
962.8 -61.98
963.2 -62.12
963.6 -62.19
964.0 -62.25
964.4 -62.2
964.8 -62.38
965.2 -62.15
965.6 -61.7
966.0 -62.09
966.4 -62.42
966.8 -62.22
967.2 -62.44
967.6 -62.26
968.0 -62.33
968.4 -62.55
968.8 -62.36
969.2 -62.44
969.6 -62.59
970.0 -62.64
970.4 -62.58
970.8 -62.29
971.2 -62.41
971.6 -62.31
972.0 -62.8
972.4 -62.76
972.8 -62.48
973.2 -62.55
973.6 -62.49
974.0 -62.71
974.4 -62.7
974.8 -62.66
975.2 -62.55
975.6 -62.64
976.0 -62.9
976.4 -62.84
976.8 -62.71
977.2 -62.63
977.6 -62.9
978.0 -62.99
978.4 -63.08
978.8 -62.86
979.2 -62.94
979.6 -62.87
980.0 -62.77
980.4 -62.55
980.8 -62.68
981.2 -62.53
981.6 -62.64
982.0 -62.56
982.4 -62.46
982.8 -62.45
983.2 -62.36
983.6 -62.45
984.0 -62.31
984.4 -62.2
984.8 -62.33
985.2 -62.0
985.6 -62.23
986.0 -62.28
986.4 -62.03
986.8 -62.24
987.2 -62.03
987.6 -61.95
988.0 -62.01
988.4 -61.86
988.8 -61.8
989.2 -61.83
989.6 -61.81
990.0 -61.89
990.4 -61.74
990.8 -61.66
991.2 -61.63
991.6 -61.71
992.0 -61.51
992.4 -61.69
992.8 -61.6
993.2 -61.68
993.6 -61.49
994.0 -61.57
994.4 -61.47
994.8 -61.47
995.2 -61.45
995.6 -61.58
996.0 -61.67
996.4 -61.6
996.8 -61.51
997.2 -61.46
997.6 -61.46
998.0 -61.58
998.4 -61.55
998.8 -61.58
999.2 -61.55
999.6 -61.74
1000.0 -61.66
