600.0 -69.08
600.4 -73.36
600.8 -75.15
601.2 -70.59
601.6 -71.45
602.0 -210.0
602.4 -69.51
602.8 -210.0
603.2 -77.35
603.6 -210.0
604.0 -73.98
604.4 -210.0
604.8 -74.9
605.2 -210.0
605.6 -76.71
606.0 -76.07
606.4 -210.0
606.8 -210.0
607.2 -70.62
607.6 -210.0
608.0 -75.11
608.4 -73.21
608.8 -68.68
609.2 -76.27
609.6 -210.0
610.0 -68.75
610.4 -70.18
610.8 -77.04
611.2 -210.0
611.6 -210.0
612.0 -77.91
612.4 -210.0
612.8 -210.0
613.2 -210.0
613.6 -73.23
614.0 -72.46
614.4 -79.01
614.8 -210.0
615.2 -76.63
615.6 -70.48
616.0 -75.14
616.4 -210.0
616.8 -70.4
617.2 -75.66
617.6 -210.0
618.0 -210.0
618.4 -210.0
618.8 -72.29
619.2 -76.29
619.6 -72.34
620.0 -210.0
620.4 -74.26
620.8 -73.65
621.2 -210.0
621.6 -76.43
622.0 -75.08
622.4 -210.0
622.8 -210.0
623.2 -210.0
623.6 -72.59
624.0 -210.0
624.4 -76.61
624.8 -75.67
625.2 -79.67
625.6 -210.0
626.0 -210.0
626.4 -72.98
626.8 -77.34
627.2 -70.9
627.6 -74.38
628.0 -78.08
628.4 -77.44
628.8 -210.0
629.2 -210.0
629.6 -210.0
630.0 -71.85
630.4 -74.89
630.8 -78.27
631.2 -210.0
631.6 -210.0
632.0 -210.0
632.4 -83.17
632.8 -73.42
633.2 -210.0
633.6 -72.11
634.0 -73.28
634.4 -73.76
634.8 -210.0
635.2 -77.34
635.6 -86.41
636.0 -80.41
636.4 -79.48
636.8 -73.49
637.2 -210.0
637.6 -210.0
638.0 -210.0
638.4 -74.85
638.8 -81.87
639.2 -210.0
639.6 -210.0
640.0 -210.0
640.4 -72.15
640.8 -77.78
641.2 -72.22
641.6 -210.0
642.0 -72.44
642.4 -210.0
642.8 -73.77
643.2 -82.25
643.6 -72.92
644.0 -78.06
644.4 -81.11
644.8 -76.38
645.2 -210.0
645.6 -210.0
646.0 -76.48
646.4 -210.0
646.8 -77.36
647.2 -75.34
647.6 -210.0
648.0 -70.73
648.4 -210.0
648.8 -73.56
649.2 -77.57
649.6 -70.88
650.0 -76.15
650.4 -75.57
650.8 -73.64
651.2 -79.84
651.6 -80.64
652.0 -80.64
652.4 -75.59
652.8 -75.08
653.2 -80.65
653.6 -75.34
654.0 -74.64
654.4 -84.64
654.8 -76.86
655.2 -76.52
655.6 -80.67
656.0 -73.35
656.4 -73.52
656.8 -210.0
657.2 -76.21
657.6 -74.25
658.0 -210.0
658.4 -79.89
658.8 -76.89
659.2 -72.24
659.6 -75.64
660.0 -78.15
660.4 -72.78
660.8 -73.72
661.2 -75.39
661.6 -81.67
662.0 -72.78
662.4 -71.9
662.8 -210.0
663.2 -71.57
663.6 -80.71
664.0 -210.0
664.4 -210.0
664.8 -69.99
665.2 -77.7
665.6 -84.69
666.0 -70.54
666.4 -72.92
666.8 -71.67
667.2 -76.56
667.6 -73.72
668.0 -73.72
668.4 -76.23
668.8 -70.62
669.2 -71.9
669.6 -210.0
670.0 -74.9
670.4 -77.69
670.8 -70.86
671.2 -75.91
671.6 -210.0
672.0 -82.89
672.4 -72.61
672.8 -75.61
673.2 -75.35
673.6 -84.65
674.0 -71.96
674.4 -210.0
674.8 -72.58
675.2 -210.0
675.6 -72.72
676.0 -77.63
676.4 -72.44
676.8 -79.83
677.2 -72.05
677.6 -73.81
678.0 -72.69
678.4 -76.14
678.8 -74.59
679.2 -75.04
679.6 -74.59
680.0 -73.44
680.4 -82.81
680.8 -73.26
681.2 -73.43
681.6 -73.95
682.0 -73.75
682.4 -71.43
682.8 -72.63
683.2 -75.24
683.6 -72.48
684.0 -73.92
684.4 -71.73
684.8 -73.55
685.2 -81.49
685.6 -72.6
686.0 -210.0
686.4 -210.0
686.8 -76.7
687.2 -71.26
687.6 -74.48
688.0 -87.49
688.4 -72.42
688.8 -82.7
689.2 -81.44
689.6 -74.46
690.0 -74.45
690.4 -73.64
690.8 -210.0
691.2 -75.39
691.6 -76.64
692.0 -72.51
692.4 -73.27
692.8 -71.97
693.2 -73.6
693.6 -70.87
694.0 -74.39
694.4 -73.58
694.8 -69.75
695.2 -210.0
695.6 -76.24
696.0 -73.39
696.4 -71.23
696.8 -74.8
697.2 -72.87
697.6 -70.91
698.0 -71.77
698.4 -210.0
698.8 -71.41
699.2 -72.69
699.6 -81.29
700.0 -71.18
700.4 -70.31
700.8 -77.75
701.2 -81.26
701.6 -71.72
702.0 -74.49
702.4 -73.65
702.8 -71.95
703.2 -210.0
703.6 -71.02
704.0 -73.63
704.4 -72.32
704.8 -80.25
705.2 -84.22
705.6 -69.9
706.0 -69.66
706.4 -72.02
706.8 -78.17
707.2 -70.38
707.6 -74.41
708.0 -210.0
708.4 -70.94
708.8 -77.63
709.2 -72.85
709.6 -76.03
710.0 -72.38
710.4 -73.54
710.8 -76.01
711.2 -76.01
711.6 -71.82
712.0 -69.89
712.4 -72.99
712.8 -72.35
713.2 -73.7
713.6 -70.49
714.0 -69.96
714.4 -72.19
714.8 -74.8
715.2 -73.12
715.6 -74.09
716.0 -81.07
716.4 -73.86
716.8 -78.05
717.2 -81.05
717.6 -72.3
718.0 -78.03
718.4 -73.09
718.8 -73.08
719.2 -71.37
719.6 -70.62
720.0 -73.07
720.4 -75.91
720.8 -70.05
721.2 -71.01
721.6 -74.25
722.0 -80.04
722.4 -71.0
722.8 -71.22
723.2 -70.11
723.6 -70.39
724.0 -72.38
724.4 -70.02
724.8 -71.43
725.2 -76.58
725.6 -76.58
726.0 -72.07
726.4 -77.44
726.8 -71.79
727.2 -73.36
727.6 -72.5
728.0 -77.93
728.4 -76.17
728.8 -70.05
729.2 -71.9
729.6 -72.98
730.0 -75.81
730.4 -76.15
730.8 -76.52
731.2 -74.38
731.6 -210.0
732.0 -70.69
732.4 -210.0
732.8 -72.78
733.2 -72.0
733.6 -69.84
734.0 -72.44
734.4 -210.0
734.8 -74.35
735.2 -73.29
735.6 -72.42
736.0 -71.98
736.4 -73.46
736.8 -72.74
737.2 -72.91
737.6 -210.0
738.0 -70.75
738.4 -70.25
738.8 -70.14
739.2 -71.18
739.6 -71.95
740.0 -72.71
740.4 -76.06
740.8 -73.05
741.2 -69.77
741.6 -69.69
742.0 -79.86
742.4 -70.72
742.8 -72.06
743.2 -72.69
743.6 -71.52
744.0 -71.38
744.4 -72.35
744.8 -72.35
745.2 -73.82
745.6 -73.2
746.0 -71.63
746.4 -72.19
746.8 -73.81
747.2 -69.4
747.6 -71.75
748.0 -74.02
748.4 -70.77
748.8 -74.01
749.2 -71.74
749.6 -73.18
750.0 -71.22
750.4 -70.25
750.8 -69.29
751.2 -210.0
751.6 -71.85
752.0 -74.45
752.4 -71.7
752.8 -70.95
753.2 -72.12
753.6 -74.97
754.0 -73.12
754.4 -71.28
754.8 -74.68
755.2 -71.66
755.6 -72.09
756.0 -69.3
756.4 -70.58
756.8 -70.67
757.2 -71.78
757.6 -71.0
758.0 -73.46
758.4 -72.36
758.8 -70.88
759.2 -210.0
759.6 -70.98
760.0 -210.0
760.4 -70.22
760.8 -73.42
761.2 -73.64
761.6 -74.34
762.0 -74.59
762.4 -78.18
762.8 -69.55
763.2 -73.62
763.6 -72.15
764.0 -74.31
764.4 -71.3
764.8 -72.29
765.2 -72.46
765.6 -73.82
766.0 -69.27
766.4 -77.56
766.8 -69.43
767.2 -69.51
767.6 -73.58
768.0 -69.59
768.4 -73.79
768.8 -74.01
769.2 -69.66
769.6 -78.78
770.0 -70.12
770.4 -72.08
770.8 -74.51
771.2 -71.64
771.6 -73.13
772.0 -69.64
772.4 -68.91
772.8 -71.23
773.2 -72.74
773.6 -75.08
774.0 -71.62
774.4 -75.4
774.8 -72.39
775.2 -73.11
775.6 -70.51
776.0 -73.52
776.4 -78.07
776.8 -80.5
777.2 -70.5
777.6 -68.2
778.0 -69.19
778.4 -69.98
778.8 -70.18
779.2 -71.6
779.6 -74.21
780.0 -72.19
780.4 -70.48
780.8 -68.44
781.2 -70.59
781.6 -70.7
782.0 -71.31
782.4 -69.09
782.8 -74.73
783.2 -70.46
783.6 -71.57
784.0 -71.17
784.4 -69.86
784.8 -210.0
785.2 -69.75
785.6 -75.68
786.0 -69.75
786.4 -75.67
786.8 -71.84
787.2 -70.34
787.6 -70.03
788.0 -75.67
788.4 -72.31
788.8 -72.65
789.2 -70.77
789.6 -69.64
790.0 -69.91
790.4 -69.63
790.8 -68.66
791.2 -72.82
791.6 -73.01
792.0 -70.99
792.4 -70.31
792.8 -74.66
793.2 -72.28
793.6 -70.09
794.0 -71.79
794.4 -73.63
794.8 -69.69
795.2 -72.1
795.6 -210.0
796.0 -68.92
796.4 -75.61
796.8 -72.79
797.2 -69.77
797.6 -72.59
798.0 -69.96
798.4 -72.96
798.8 -73.83
799.2 -69.4
799.6 -72.41
800.0 -70.25
800.4 -71.19
800.8 -74.91
801.2 -74.08
801.6 -71.76
802.0 -71.2
802.4 -71.07
802.8 -72.42
803.2 -75.98
803.6 -72.25
804.0 -69.42
804.4 -75.61
804.8 -70.38
805.2 -74.36
805.6 -69.79
806.0 -67.61
806.4 -65.81
806.8 -62.01
807.2 -58.11
807.6 -54.16
808.0 -52.46
808.4 -53.56
808.8 -54.26
809.2 -57.73
809.6 -66.61
810.0 -71.26
810.4 -75.66
810.8 -69.84
811.2 -71.02
811.6 -70.68
812.0 -69.33
812.4 -69.33
812.8 -69.96
813.2 -71.45
813.6 -68.81
814.0 -70.18
814.4 -71.47
814.8 -71.76
815.2 -74.49
815.6 -71.92
816.0 -68.56
816.4 -70.77
816.8 -72.42
817.2 -70.78
817.6 -72.78
818.0 -71.67
818.4 -68.33
818.8 -74.84
819.2 -70.59
819.6 -70.38
820.0 -70.01
820.4 -68.65
820.8 -70.04
821.2 -69.35
821.6 -71.92
822.0 -69.38
822.4 -70.93
822.8 -67.76
823.2 -71.07
823.6 -70.23
824.0 -69.71
824.4 -69.09
824.8 -69.18
825.2 -68.83
825.6 -69.86
826.0 -72.71
826.4 -71.08
826.8 -68.63
827.2 -69.75
827.6 -69.6
828.0 -71.02
828.4 -69.63
828.8 -68.1
829.2 -69.5
829.6 -68.19
830.0 -69.62
830.4 -68.86
830.8 -70.1
831.2 -69.33
831.6 -69.5
832.0 -69.84
832.4 -69.79
832.8 -68.9
833.2 -69.77
833.6 -69.5
834.0 -68.51
834.4 -70.72
834.8 -69.97
835.2 -69.62
835.6 -70.53
836.0 -70.39
836.4 -68.69
836.8 -68.38
837.2 -69.99
837.6 -68.13
838.0 -69.75
838.4 -70.39
838.8 -69.21
839.2 -69.63
839.6 -68.97
840.0 -71.82
840.4 -68.39
840.8 -71.5
841.2 -68.39
841.6 -70.66
842.0 -68.98
842.4 -71.6
842.8 -70.09
843.2 -70.91
843.6 -70.82
844.0 -69.4
844.4 -70.32
844.8 -68.91
845.2 -69.72
845.6 -69.93
846.0 -69.14
846.4 -69.26
846.8 -70.64
847.2 -68.78
847.6 -68.9
848.0 -70.07
848.4 -68.21
848.8 -68.12
849.2 -70.8
849.6 -67.02
850.0 -69.7
850.4 -69.06
850.8 -68.94
851.2 -69.62
851.6 -69.36
852.0 -67.64
852.4 -68.24
852.8 -69.35
853.2 -69.75
853.6 -68.87
854.0 -68.8
854.4 -68.22
854.8 -68.37
855.2 -69.09
855.6 -68.85
856.0 -68.73
856.4 -69.46
856.8 -68.85
857.2 -69.94
857.6 -68.2
858.0 -69.58
858.4 -70.08
858.8 -70.0
859.2 -69.31
859.6 -69.71
860.0 -67.8
860.4 -68.82
860.8 -68.27
861.2 -68.17
861.6 -68.16
862.0 -67.87
862.4 -69.09
862.8 -67.38
863.2 -68.3
863.6 -68.09
864.0 -69.52
864.4 -69.72
864.8 -68.33
865.2 -68.81
865.6 -67.83
866.0 -69.64
866.4 -68.98
866.8 -67.92
867.2 -67.55
867.6 -67.81
868.0 -68.61
868.4 -68.14
868.8 -69.07
869.2 -67.15
869.6 -68.23
870.0 -68.07
870.4 -66.97
870.8 -67.82
871.2 -68.86
871.6 -68.97
872.0 -67.03
872.4 -68.61
872.8 -68.18
873.2 -70.31
873.6 -68.32
874.0 -69.19
874.4 -66.8
874.8 -67.66
875.2 -66.94
875.6 -66.74
876.0 -67.97
876.4 -68.84
876.8 -68.77
877.2 -67.1
877.6 -68.26
878.0 -67.52
878.4 -68.09
878.8 -66.44
879.2 -68.28
879.6 -68.44
880.0 -66.82
880.4 -66.64
880.8 -68.01
881.2 -67.14
881.6 -69.87
882.0 -67.19
882.4 -68.0
882.8 -68.48
883.2 -68.65
883.6 -67.09
884.0 -67.48
884.4 -68.15
884.8 -67.17
885.2 -67.99
885.6 -67.65
886.0 -67.75
886.4 -67.51
886.8 -68.76
887.2 -66.91
887.6 -67.37
888.0 -67.78
888.4 -67.59
888.8 -66.53
889.2 -67.78
889.6 -67.11
890.0 -66.49
890.4 -68.12
890.8 -67.2
891.2 -67.07
891.6 -68.24
892.0 -67.51
892.4 -67.7
892.8 -66.85
893.2 -67.57
893.6 -69.22
894.0 -69.43
894.4 -66.02
894.8 -66.95
895.2 -68.12
895.6 -67.68
896.0 -67.88
896.4 -69.18
896.8 -67.84
897.2 -67.84
897.6 -67.22
898.0 -67.57
898.4 -67.71
898.8 -68.71
899.2 -67.41
899.6 -67.63
900.0 -68.44
900.4 -68.03
900.8 -67.44
901.2 -67.4
901.6 -68.2
902.0 -68.01
902.4 -68.02
902.8 -68.84
903.2 -66.92
903.6 -68.29
904.0 -68.46
904.4 -67.92
904.8 -66.91
905.2 -69.89
905.6 -68.6
906.0 -69.08
906.4 -67.86
906.8 -68.69
907.2 -66.74
907.6 -68.17
908.0 -67.28
908.4 -69.01
908.8 -67.96
909.2 -67.97
909.6 -68.47
910.0 -67.76
910.4 -67.69
910.8 -69.39
911.2 -67.85
911.6 -67.05
912.0 -67.21
912.4 -67.47
912.8 -67.25
913.2 -66.72
913.6 -66.77
914.0 -67.84
914.4 -69.0
914.8 -68.74
915.2 -68.45
915.6 -69.53
916.0 -72.82
916.4 -68.65
916.8 -69.33
917.2 -68.89
917.6 -70.02
918.0 -70.32
918.4 -70.05
918.8 -70.0
919.2 -68.71
919.6 -69.51
920.0 -70.05
920.4 -71.16
920.8 -68.95
921.2 -69.23
921.6 -67.47
922.0 -67.72
922.4 -69.58
922.8 -68.83
923.2 -68.19
923.6 -68.81
924.0 -68.93
924.4 -68.03
924.8 -69.18
925.2 -67.56
925.6 -69.54
926.0 -67.52
926.4 -69.7
926.8 -68.96
927.2 -67.61
927.6 -69.75
928.0 -68.86
928.4 -69.13
928.8 -70.38
929.2 -69.42
929.6 -67.83
930.0 -69.98
930.4 -68.97
930.8 -68.9
931.2 -68.87
931.6 -69.49
932.0 -69.85
932.4 -68.63
932.8 -71.57
933.2 -68.89
933.6 -68.86
934.0 -70.25
934.4 -69.69
934.8 -70.75
935.2 -68.9
935.6 -68.96
936.0 -69.88
936.4 -69.63
936.8 -69.76
937.2 -71.63
937.6 -69.97
938.0 -69.18
938.4 -73.62
938.8 -69.71
939.2 -70.91
939.6 -68.91
940.0 -69.98
940.4 -71.64
940.8 -70.37
941.2 -69.23
941.6 -68.78
942.0 -70.56
942.4 -69.34
942.8 -70.73
943.2 -70.89
943.6 -69.19
944.0 -69.96
944.4 -70.31
944.8 -70.27
945.2 -70.3
945.6 -70.01
946.0 -70.57
946.4 -70.11
946.8 -70.85
947.2 -71.67
947.6 -69.48
948.0 -70.3
948.4 -71.67
948.8 -71.76
949.2 -71.31
949.6 -71.02
950.0 -70.86
950.4 -71.44
950.8 -71.53
951.2 -72.6
951.6 -69.83
952.0 -69.59
952.4 -69.32
952.8 -71.0
953.2 -69.95
953.6 -71.16
954.0 -70.79
954.4 -70.87
954.8 -71.11
955.2 -70.3
955.6 -71.78
956.0 -70.19
956.4 -70.21
956.8 -69.55
957.2 -70.35
957.6 -70.51
958.0 -71.57
958.4 -70.7
958.8 -71.87
959.2 -71.33
959.6 -70.28
960.0 -70.35
960.4 -70.79
960.8 -69.33
961.2 -70.34
961.6 -71.26
962.0 -71.11
962.4 -71.29
962.8 -70.36
963.2 -69.24
963.6 -70.52
964.0 -69.93
964.4 -70.55
964.8 -69.29
965.2 -71.34
965.6 -69.46
966.0 -70.35
966.4 -70.02
966.8 -70.08
967.2 -70.61
967.6 -70.32
968.0 -69.59
968.4 -70.1
968.8 -70.32
969.2 -69.71
969.6 -70.48
970.0 -71.57
970.4 -70.05
970.8 -71.33
971.2 -70.58
971.6 -70.73
972.0 -70.24
972.4 -71.83
972.8 -69.53
973.2 -70.53
973.6 -70.55
974.0 -70.65
974.4 -70.71
974.8 -71.38
975.2 -69.39
975.6 -70.67
976.0 -70.35
976.4 -70.97
976.8 -71.17
977.2 -70.32
977.6 -71.05
978.0 -70.2
978.4 -71.32
978.8 -71.97
979.2 -70.81
979.6 -71.37
980.0 -71.24
980.4 -70.56
980.8 -70.61
981.2 -70.87
981.6 -71.19
982.0 -70.72
982.4 -70.9
982.8 -70.71
983.2 -70.64
983.6 -71.35
984.0 -69.82
984.4 -70.04
984.8 -70.48
985.2 -70.94
985.6 -70.08
986.0 -71.71
986.4 -70.06
986.8 -71.16
987.2 -70.08
987.6 -70.72
988.0 -69.47
988.4 -69.6
988.8 -69.29
989.2 -70.25
989.6 -70.08
990.0 -69.49
990.4 -69.31
990.8 -70.23
991.2 -69.25
991.6 -69.75
992.0 -69.89
992.4 -70.1
992.8 -70.25
993.2 -69.12
993.6 -69.6
994.0 -69.24
994.4 -69.45
994.8 -70.03
995.2 -69.17
995.6 -69.29
996.0 -69.56
996.4 -69.37
996.8 -68.58
997.2 -69.02
997.6 -69.24
998.0 -69.64
998.4 -70.41
998.8 -68.64
999.2 -69.91
999.6 -70.21
1000.0 -69.69
