600.0 -73.0
600.4 -210.0
600.8 -77.2
601.2 -210.0
601.6 -72.19
602.0 -210.0
602.4 -76.5
602.8 -210.0
603.2 -69.56
603.6 -84.37
604.0 -70.97
604.4 -74.42
604.8 -68.88
605.2 -210.0
605.6 -71.94
606.0 -210.0
606.4 -74.55
606.8 -210.0
607.2 -75.05
607.6 -74.21
608.0 -210.0
608.4 -69.49
608.8 -210.0
609.2 -68.81
609.6 -210.0
610.0 -76.99
610.4 -70.66
610.8 -80.05
611.2 -210.0
611.6 -71.45
612.0 -210.0
612.4 -69.61
612.8 -70.32
613.2 -210.0
613.6 -80.22
614.0 -70.87
614.4 -71.06
614.8 -210.0
615.2 -82.08
615.6 -210.0
616.0 -210.0
616.4 -210.0
616.8 -210.0
617.2 -82.2
617.6 -74.81
618.0 -75.71
618.4 -70.65
618.8 -210.0
619.2 -210.0
619.6 -76.31
620.0 -72.58
620.4 -210.0
620.8 -73.37
621.2 -75.03
621.6 -68.06
622.0 -75.5
622.4 -69.08
622.8 -77.76
623.2 -74.77
623.6 -71.98
624.0 -69.38
624.4 -71.67
624.8 -72.66
625.2 -71.89
625.6 -72.93
626.0 -210.0
626.4 -72.54
626.8 -68.89
627.2 -74.05
627.6 -85.85
628.0 -71.72
628.4 -70.84
628.8 -72.91
629.2 -81.16
629.6 -75.97
630.0 -69.56
630.4 -71.11
630.8 -68.42
631.2 -74.62
631.6 -79.13
632.0 -71.23
632.4 -69.45
632.8 -71.29
633.2 -70.44
633.6 -75.12
634.0 -70.37
634.4 -74.27
634.8 -71.57
635.2 -70.04
635.6 -71.93
636.0 -72.12
636.4 -69.14
636.8 -72.35
637.2 -69.28
637.6 -70.02
638.0 -71.02
638.4 -70.49
638.8 -68.58
639.2 -70.44
639.6 -69.89
640.0 -70.61
640.4 -69.29
640.8 -71.9
641.2 -68.65
641.6 -70.26
642.0 -69.51
642.4 -70.42
642.8 -69.0
643.2 -68.76
643.6 -71.75
644.0 -72.04
644.4 -68.27
644.8 -70.64
645.2 -69.14
645.6 -68.92
646.0 -69.57
646.4 -70.41
646.8 -68.49
647.2 -70.23
647.6 -70.1
648.0 -68.94
648.4 -69.11
648.8 -68.67
649.2 -69.5
649.6 -69.22
650.0 -67.79
650.4 -68.48
650.8 -69.04
651.2 -68.13
651.6 -71.5
652.0 -68.49
652.4 -69.31
652.8 -68.83
653.2 -68.19
653.6 -70.16
654.0 -68.4
654.4 -70.32
654.8 -67.83
655.2 -69.08
655.6 -67.92
656.0 -70.34
656.4 -68.86
656.8 -69.88
657.2 -69.1
657.6 -66.6
658.0 -66.64
658.4 -67.3
658.8 -68.19
659.2 -67.56
659.6 -67.23
660.0 -69.18
660.4 -67.28
660.8 -67.74
661.2 -66.87
661.6 -67.7
662.0 -68.89
662.4 -67.61
662.8 -67.74
663.2 -67.87
663.6 -68.61
664.0 -68.11
664.4 -68.83
664.8 -66.94
665.2 -66.56
665.6 -67.92
666.0 -67.92
666.4 -67.32
666.8 -67.61
667.2 -66.69
667.6 -66.8
668.0 -67.4
668.4 -67.92
668.8 -67.44
669.2 -66.83
669.6 -67.01
670.0 -67.95
670.4 -67.0
670.8 -66.28
671.2 -68.18
671.6 -67.42
672.0 -66.63
672.4 -67.67
672.8 -67.01
673.2 -67.83
673.6 -67.24
674.0 -66.37
674.4 -66.22
674.8 -68.66
675.2 -67.86
675.6 -67.59
676.0 -66.98
676.4 -67.25
676.8 -67.88
677.2 -66.44
677.6 -67.32
678.0 -66.81
678.4 -67.56
678.8 -66.49
679.2 -66.49
679.6 -66.73
680.0 -66.69
680.4 -66.58
680.8 -65.99
681.2 -67.32
681.6 -66.63
682.0 -66.42
682.4 -65.82
682.8 -66.58
683.2 -66.65
683.6 -67.24
684.0 -66.67
684.4 -66.1
684.8 -66.84
685.2 -67.52
685.6 -66.98
686.0 -66.17
686.4 -66.27
686.8 -66.49
687.2 -66.89
687.6 -65.84
688.0 -67.11
688.4 -67.35
688.8 -66.83
689.2 -66.71
689.6 -68.17
690.0 -67.2
690.4 -66.73
690.8 -65.86
691.2 -65.85
691.6 -66.04
692.0 -65.81
692.4 -65.63
692.8 -67.83
693.2 -66.8
693.6 -66.58
694.0 -66.46
694.4 -66.82
694.8 -65.6
695.2 -66.92
695.6 -67.51
696.0 -66.23
696.4 -66.67
696.8 -67.62
697.2 -64.94
697.6 -66.45
698.0 -66.26
698.4 -65.68
698.8 -65.45
699.2 -66.49
699.6 -65.89
700.0 -66.13
700.4 -66.47
700.8 -67.0
701.2 -67.84
701.6 -65.44
702.0 -66.1
702.4 -66.4
702.8 -65.71
703.2 -65.41
703.6 -66.96
704.0 -66.42
704.4 -66.1
704.8 -65.93
705.2 -65.89
705.6 -66.02
706.0 -65.79
706.4 -66.13
706.8 -66.6
707.2 -66.09
707.6 -65.96
708.0 -65.85
708.4 -66.53
708.8 -65.81
709.2 -65.4
709.6 -65.8
710.0 -66.59
710.4 -65.42
710.8 -65.94
711.2 -66.61
711.6 -65.52
712.0 -65.9
712.4 -66.27
712.8 -67.68
713.2 -66.37
713.6 -65.3
714.0 -65.94
714.4 -65.68
714.8 -65.83
715.2 -65.89
715.6 -66.16
716.0 -66.23
716.4 -65.95
716.8 -66.29
717.2 -66.28
717.6 -65.65
718.0 -66.1
718.4 -65.33
718.8 -66.26
719.2 -66.09
719.6 -65.69
720.0 -66.04
720.4 -65.49
720.8 -65.64
721.2 -65.7
721.6 -66.24
722.0 -65.75
722.4 -65.44
722.8 -65.43
723.2 -66.15
723.6 -67.38
724.0 -66.04
724.4 -66.18
724.8 -65.63
725.2 -65.99
725.6 -65.06
726.0 -65.31
726.4 -65.81
726.8 -65.33
727.2 -65.7
727.6 -66.6
728.0 -67.14
728.4 -66.8
728.8 -66.66
729.2 -66.13
729.6 -66.39
730.0 -66.23
730.4 -66.23
730.8 -65.35
731.2 -65.8
731.6 -66.11
732.0 -65.4
732.4 -66.13
732.8 -66.93
733.2 -64.34
733.6 -65.71
734.0 -65.84
734.4 -65.57
734.8 -65.97
735.2 -66.04
735.6 -65.76
736.0 -66.36
736.4 -67.11
736.8 -66.59
737.2 -65.27
737.6 -64.7
738.0 -65.11
738.4 -66.08
738.8 -66.26
739.2 -66.3
739.6 -65.9
740.0 -65.07
740.4 -65.78
740.8 -66.44
741.2 -66.39
741.6 -65.71
742.0 -66.31
742.4 -66.02
742.8 -66.19
743.2 -66.08
743.6 -65.87
744.0 -66.33
744.4 -65.59
744.8 -66.26
745.2 -65.62
745.6 -66.69
746.0 -65.51
746.4 -66.86
746.8 -66.28
747.2 -65.38
747.6 -65.1
748.0 -66.27
748.4 -66.3
748.8 -65.3
749.2 -65.97
749.6 -65.97
750.0 -66.41
750.4 -65.78
750.8 -65.28
751.2 -65.88
751.6 -65.37
752.0 -65.82
752.4 -65.62
752.8 -65.19
753.2 -66.18
753.6 -66.02
754.0 -65.63
754.4 -65.45
754.8 -65.79
755.2 -66.22
755.6 -64.57
756.0 -66.58
756.4 -65.12
756.8 -66.2
757.2 -65.56
757.6 -65.93
758.0 -66.23
758.4 -66.68
758.8 -66.11
759.2 -66.29
759.6 -65.53
760.0 -64.84
760.4 -65.52
760.8 -65.82
761.2 -65.75
761.6 -67.4
762.0 -64.87
762.4 -65.84
762.8 -64.84
763.2 -65.42
763.6 -65.94
764.0 -65.22
764.4 -64.52
764.8 -65.3
765.2 -65.4
765.6 -66.87
766.0 -65.88
766.4 -65.29
766.8 -64.8
767.2 -65.09
767.6 -65.55
768.0 -65.37
768.4 -67.18
768.8 -65.63
769.2 -65.23
769.6 -66.88
770.0 -65.84
770.4 -65.13
770.8 -66.22
771.2 -65.22
771.6 -64.85
772.0 -65.54
772.4 -65.51
772.8 -65.21
773.2 -66.13
773.6 -65.12
774.0 -65.64
774.4 -65.01
774.8 -64.8
775.2 -65.53
775.6 -66.24
776.0 -65.59
776.4 -65.13
776.8 -66.11
777.2 -66.03
777.6 -64.71
778.0 -65.51
778.4 -66.26
778.8 -65.91
779.2 -65.31
779.6 -65.72
780.0 -65.57
780.4 -64.05
780.8 -65.3
781.2 -64.72
781.6 -64.85
782.0 -65.63
782.4 -65.19
782.8 -66.08
783.2 -64.72
783.6 -64.03
784.0 -65.66
784.4 -64.9
784.8 -64.46
785.2 -64.54
785.6 -65.65
786.0 -64.95
786.4 -65.1
786.8 -65.43
787.2 -65.53
787.6 -65.16
788.0 -65.67
788.4 -65.42
788.8 -64.99
789.2 -65.06
789.6 -64.93
790.0 -65.99
790.4 -65.65
790.8 -65.58
791.2 -65.68
791.6 -65.68
792.0 -65.16
792.4 -64.67
792.8 -64.64
793.2 -65.53
793.6 -65.12
794.0 -65.73
794.4 -64.32
794.8 -65.62
795.2 -65.28
795.6 -65.58
796.0 -64.88
796.4 -65.17
796.8 -64.36
797.2 -65.29
797.6 -64.87
798.0 -65.22
798.4 -64.71
798.8 -65.35
799.2 -64.86
799.6 -65.7
800.0 -64.7
800.4 -64.76
800.8 -65.24
801.2 -64.32
801.6 -64.99
802.0 -65.85
802.4 -64.45
802.8 -64.44
803.2 -64.66
803.6 -63.87
804.0 -64.64
804.4 -64.45
804.8 -64.47
805.2 -63.8
805.6 -63.74
806.0 -62.93
806.4 -60.96
806.8 -57.84
807.2 -54.04
807.6 -49.92
808.0 -48.6
808.4 -49.58
808.8 -50.15
809.2 -54.1
809.6 -61.33
810.0 -62.7
810.4 -63.3
810.8 -63.82
811.2 -64.37
811.6 -64.49
812.0 -64.06
812.4 -64.7
812.8 -63.82
813.2 -64.03
813.6 -63.94
814.0 -64.5
814.4 -63.81
814.8 -63.7
815.2 -64.06
815.6 -63.78
816.0 -65.25
816.4 -64.69
816.8 -64.29
817.2 -64.81
817.6 -64.18
818.0 -64.85
818.4 -64.32
818.8 -64.43
819.2 -64.01
819.6 -64.31
820.0 -64.41
820.4 -64.42
820.8 -63.32
821.2 -64.12
821.6 -64.39
822.0 -64.06
822.4 -64.27
822.8 -64.38
823.2 -64.08
823.6 -63.84
824.0 -64.14
824.4 -63.94
824.8 -64.14
825.2 -63.64
825.6 -64.29
826.0 -64.43
826.4 -64.4
826.8 -63.59
827.2 -63.96
827.6 -63.74
828.0 -63.32
828.4 -63.77
828.8 -63.62
829.2 -63.76
829.6 -64.42
830.0 -63.17
830.4 -63.16
830.8 -63.56
831.2 -63.79
831.6 -64.1
832.0 -63.05
832.4 -64.1
832.8 -63.48
833.2 -63.93
833.6 -63.67
834.0 -63.28
834.4 -63.65
834.8 -63.11
835.2 -63.46
835.6 -63.44
836.0 -63.96
836.4 -63.02
836.8 -63.15
837.2 -62.91
837.6 -63.72
838.0 -63.99
838.4 -63.09
838.8 -63.37
839.2 -63.48
839.6 -63.25
840.0 -64.06
840.4 -63.77
840.8 -63.81
841.2 -63.2
841.6 -63.28
842.0 -63.6
842.4 -63.33
842.8 -63.0
843.2 -63.58
843.6 -63.71
844.0 -63.28
844.4 -63.13
844.8 -63.53
845.2 -63.5
845.6 -63.48
846.0 -63.65
846.4 -63.26
846.8 -63.02
847.2 -63.3
847.6 -63.11
848.0 -63.56
848.4 -63.71
848.8 -63.23
849.2 -63.38
849.6 -63.2
850.0 -63.35
850.4 -63.45
850.8 -63.01
851.2 -63.31
851.6 -63.23
852.0 -63.14
852.4 -63.52
852.8 -63.16
853.2 -63.59
853.6 -63.59
854.0 -63.26
854.4 -63.01
854.8 -63.42
855.2 -63.45
855.6 -63.14
856.0 -63.59
856.4 -63.31
856.8 -62.81
857.2 -62.86
857.6 -63.27
858.0 -63.13
858.4 -63.4
858.8 -63.1
859.2 -63.01
859.6 -62.82
860.0 -63.22
860.4 -62.77
860.8 -63.27
861.2 -63.45
861.6 -62.95
862.0 -63.07
862.4 -63.31
862.8 -63.53
863.2 -63.15
863.6 -63.14
864.0 -62.66
864.4 -63.77
864.8 -63.54
865.2 -63.62
865.6 -63.17
866.0 -63.24
866.4 -62.98
866.8 -63.46
867.2 -62.88
867.6 -63.1
868.0 -62.84
868.4 -63.13
868.8 -62.86
869.2 -63.18
869.6 -62.95
870.0 -63.23
870.4 -62.79
870.8 -63.18
871.2 -63.21
871.6 -63.04
872.0 -62.88
872.4 -63.21
872.8 -63.19
873.2 -62.95
873.6 -62.95
874.0 -62.95
874.4 -62.85
874.8 -63.32
875.2 -62.98
875.6 -62.85
876.0 -62.93
876.4 -63.2
876.8 -62.95
877.2 -62.61
877.6 -63.02
878.0 -63.17
878.4 -62.79
878.8 -62.74
879.2 -62.85
879.6 -62.91
880.0 -62.85
880.4 -62.7
880.8 -62.57
881.2 -62.39
881.6 -62.88
882.0 -63.38
882.4 -62.57
882.8 -62.8
883.2 -63.15
883.6 -62.77
884.0 -63.02
884.4 -62.77
884.8 -62.62
885.2 -62.77
885.6 -62.68
886.0 -63.24
886.4 -62.3
886.8 -63.15
887.2 -62.75
887.6 -62.36
888.0 -62.96
888.4 -62.72
888.8 -62.7
889.2 -62.69
889.6 -62.48
890.0 -63.3
890.4 -62.72
890.8 -62.66
891.2 -62.44
891.6 -62.61
892.0 -63.02
892.4 -62.65
892.8 -62.2
893.2 -62.52
893.6 -62.33
894.0 -62.96
894.4 -62.96
894.8 -63.12
895.2 -62.09
895.6 -62.82
896.0 -62.46
896.4 -62.97
896.8 -62.5
897.2 -62.99
897.6 -62.64
898.0 -62.85
898.4 -62.61
898.8 -62.61
899.2 -62.93
899.6 -62.77
900.0 -62.79
900.4 -62.23
900.8 -62.68
901.2 -62.6
901.6 -62.37
902.0 -62.42
902.4 -62.87
902.8 -62.62
903.2 -62.5
903.6 -62.74
904.0 -62.3
904.4 -62.22
904.8 -62.55
905.2 -62.89
905.6 -62.38
906.0 -62.38
906.4 -62.89
906.8 -62.45
907.2 -62.5
907.6 -62.55
908.0 -62.25
908.4 -62.28
908.8 -62.27
909.2 -62.62
909.6 -62.71
910.0 -62.41
910.4 -62.57
910.8 -62.48
911.2 -62.36
911.6 -62.78
912.0 -62.23
912.4 -62.36
912.8 -62.3
913.2 -62.17
913.6 -62.05
914.0 -62.54
914.4 -62.47
914.8 -62.31
915.2 -62.71
915.6 -62.46
916.0 -62.51
916.4 -62.36
916.8 -62.68
917.2 -62.46
917.6 -62.31
918.0 -62.48
918.4 -62.53
918.8 -62.52
919.2 -62.52
919.6 -62.49
920.0 -62.42
920.4 -62.34
920.8 -62.64
921.2 -62.43
921.6 -62.23
922.0 -62.41
922.4 -62.08
922.8 -62.37
923.2 -62.36
923.6 -62.12
924.0 -62.42
924.4 -62.03
924.8 -62.5
925.2 -61.91
925.6 -62.06
926.0 -62.12
926.4 -62.33
926.8 -62.3
927.2 -62.09
927.6 -62.16
928.0 -61.98
928.4 -62.21
928.8 -62.38
929.2 -62.02
929.6 -62.34
930.0 -62.64
930.4 -62.04
930.8 -61.94
931.2 -61.99
931.6 -61.83
932.0 -61.79
932.4 -62.05
932.8 -61.88
933.2 -62.22
933.6 -62.47
934.0 -62.3
934.4 -62.12
934.8 -61.84
935.2 -61.97
935.6 -62.11
936.0 -61.76
936.4 -62.0
936.8 -62.25
937.2 -61.72
937.6 -61.98
938.0 -61.96
938.4 -61.89
938.8 -61.99
939.2 -61.72
939.6 -61.65
940.0 -61.71
940.4 -61.52
940.8 -61.81
941.2 -61.71
941.6 -61.89
942.0 -61.78
942.4 -61.96
942.8 -61.89
943.2 -62.07
943.6 -61.79
944.0 -61.91
944.4 -61.78
944.8 -61.78
945.2 -61.69
945.6 -61.57
946.0 -61.54
946.4 -61.82
946.8 -61.76
947.2 -61.79
947.6 -61.92
948.0 -62.08
948.4 -61.77
948.8 -61.84
949.2 -61.93
949.6 -61.92
950.0 -62.0
950.4 -61.81
950.8 -61.92
951.2 -61.85
951.6 -61.72
952.0 -61.85
952.4 -61.79
952.8 -62.06
953.2 -61.78
953.6 -61.94
954.0 -61.78
954.4 -62.2
954.8 -61.89
955.2 -61.7
955.6 -62.01
956.0 -61.8
956.4 -61.63
956.8 -61.97
957.2 -61.73
957.6 -61.76
958.0 -61.8
958.4 -62.19
958.8 -61.79
959.2 -61.59
959.6 -61.73
960.0 -61.57
960.4 -61.69
960.8 -61.55
961.2 -61.54
961.6 -61.49
962.0 -61.57
962.4 -61.45
962.8 -61.49
963.2 -61.37
963.6 -61.41
964.0 -61.25
964.4 -61.22
964.8 -61.31
965.2 -61.43
965.6 -61.26
966.0 -61.24
966.4 -61.22
966.8 -61.17
967.2 -61.27
967.6 -61.17
968.0 -61.24
968.4 -61.29
968.8 -61.59
969.2 -61.14
969.6 -61.25
970.0 -61.48
970.4 -61.33
970.8 -61.54
971.2 -61.39
971.6 -61.4
972.0 -61.55
972.4 -61.62
972.8 -61.83
973.2 -61.92
973.6 -61.7
974.0 -61.96
974.4 -61.85
974.8 -61.86
975.2 -62.04
975.6 -62.12
976.0 -61.94
976.4 -62.04
976.8 -62.16
977.2 -62.3
977.6 -62.12
978.0 -62.03
978.4 -62.14
978.8 -62.2
979.2 -62.1
979.6 -62.09
980.0 -61.94
980.4 -61.92
980.8 -61.87
981.2 -61.88
981.6 -61.78
982.0 -61.62
982.4 -61.68
982.8 -61.88
983.2 -61.55
983.6 -61.52
984.0 -61.61
984.4 -61.79
984.8 -61.45
985.2 -61.66
985.6 -61.46
986.0 -61.35
986.4 -61.32
986.8 -61.51
987.2 -61.27
987.6 -61.3
988.0 -61.18
988.4 -61.11
988.8 -61.22
989.2 -61.08
989.6 -61.16
990.0 -61.01
990.4 -60.96
990.8 -61.05
991.2 -60.98
991.6 -60.87
992.0 -60.92
992.4 -61.02
992.8 -60.81
993.2 -60.86
993.6 -60.9
994.0 -60.89
994.4 -60.9
994.8 -60.72
995.2 -60.8
995.6 -60.93
996.0 -60.66
996.4 -60.82
996.8 -60.8
997.2 -60.72
997.6 -60.76
998.0 -60.66
998.4 -60.82
998.8 -60.75
999.2 -60.78
999.6 -60.83
1000.0 -60.61
