600.0 -75.68
600.4 -77.17
600.8 -210.0
601.2 -73.41
601.6 -210.0
602.0 -73.47
602.4 -79.51
602.8 -71.09
603.2 -71.33
603.6 -210.0
604.0 -69.21
604.4 -210.0
604.8 -81.44
605.2 -69.55
605.6 -210.0
606.0 -71.97
606.4 -72.5
606.8 -210.0
607.2 -72.55
607.6 -210.0
608.0 -81.65
608.4 -74.68
608.8 -74.71
609.2 -84.73
609.6 -73.96
610.0 -70.97
610.4 -74.01
610.8 -69.26
611.2 -73.08
611.6 -210.0
612.0 -210.0
612.4 -72.88
612.8 -71.94
613.2 -76.51
613.6 -69.43
614.0 -82.01
614.4 -73.9
614.8 -71.26
615.2 -67.93
615.6 -74.31
616.0 -210.0
616.4 -74.02
616.8 -69.26
617.2 -68.13
617.6 -72.0
618.0 -74.84
618.4 -70.22
618.8 -71.87
619.2 -72.32
619.6 -75.8
620.0 -71.56
620.4 -73.35
620.8 -74.62
621.2 -72.22
621.6 -69.78
622.0 -72.49
622.4 -75.97
622.8 -71.4
623.2 -69.65
623.6 -69.91
624.0 -210.0
624.4 -210.0
624.8 -76.63
625.2 -210.0
625.6 -69.59
626.0 -72.96
626.4 -68.28
626.8 -74.03
627.2 -73.77
627.6 -74.08
628.0 -68.38
628.4 -76.35
628.8 -71.6
629.2 -74.17
629.6 -71.05
630.0 -70.94
630.4 -68.54
630.8 -71.74
631.2 -68.68
631.6 -70.32
632.0 -68.82
632.4 -70.05
632.8 -70.76
633.2 -73.23
633.6 -71.2
634.0 -68.58
634.4 -71.13
634.8 -72.73
635.2 -74.07
635.6 -71.35
636.0 -74.67
636.4 -70.13
636.8 -69.59
637.2 -70.19
637.6 -68.56
638.0 -71.4
638.4 -69.63
638.8 -68.07
639.2 -70.05
639.6 -71.14
640.0 -69.66
640.4 -68.45
640.8 -69.83
641.2 -68.92
641.6 -68.89
642.0 -68.92
642.4 -67.56
642.8 -70.56
643.2 -69.95
643.6 -68.43
644.0 -68.4
644.4 -68.38
644.8 -67.63
645.2 -68.88
645.6 -68.92
646.0 -70.03
646.4 -68.99
646.8 -67.77
647.2 -67.65
647.6 -69.36
648.0 -69.46
648.4 -68.2
648.8 -71.0
649.2 -67.79
649.6 -69.03
650.0 -68.07
650.4 -69.42
650.8 -68.37
651.2 -69.43
651.6 -68.23
652.0 -67.99
652.4 -67.68
652.8 -67.38
653.2 -69.18
653.6 -68.06
654.0 -68.45
654.4 -68.25
654.8 -68.02
655.2 -67.61
655.6 -66.97
656.0 -67.98
656.4 -67.84
656.8 -67.06
657.2 -67.34
657.6 -66.96
658.0 -66.96
658.4 -67.26
658.8 -66.45
659.2 -68.29
659.6 -67.23
660.0 -66.73
660.4 -68.06
660.8 -66.76
661.2 -68.01
661.6 -68.01
662.0 -67.61
662.4 -67.2
662.8 -67.78
663.2 -66.94
663.6 -66.62
664.0 -66.69
664.4 -66.39
664.8 -68.15
665.2 -66.52
665.6 -66.59
666.0 -65.93
666.4 -66.39
666.8 -66.76
667.2 -66.46
667.6 -67.87
668.0 -67.09
668.4 -68.35
668.8 -67.2
669.2 -66.46
669.6 -67.57
670.0 -68.1
670.4 -66.82
670.8 -66.85
671.2 -67.03
671.6 -66.64
672.0 -66.2
672.4 -66.46
672.8 -67.44
673.2 -67.12
673.6 -66.19
674.0 -66.47
674.4 -66.44
674.8 -67.34
675.2 -66.88
675.6 -67.3
676.0 -66.69
676.4 -67.17
676.8 -66.28
677.2 -66.9
677.6 -66.86
678.0 -66.3
678.4 -66.96
678.8 -67.38
679.2 -65.89
679.6 -66.52
680.0 -66.35
680.4 -66.48
680.8 -66.4
681.2 -66.27
681.6 -67.03
682.0 -65.77
682.4 -66.95
682.8 -67.46
683.2 -66.44
683.6 -66.11
684.0 -66.26
684.4 -65.76
684.8 -65.71
685.2 -66.58
685.6 -65.67
686.0 -65.66
686.4 -66.64
686.8 -65.54
687.2 -66.7
687.6 -66.15
688.0 -65.78
688.4 -65.95
688.8 -65.98
689.2 -65.04
689.6 -66.39
690.0 -65.58
690.4 -66.08
690.8 -66.37
691.2 -65.97
691.6 -65.88
692.0 -66.71
692.4 -66.55
692.8 -66.73
693.2 -66.2
693.6 -66.27
694.0 -65.72
694.4 -65.08
694.8 -66.18
695.2 -65.5
695.6 -65.31
696.0 -65.49
696.4 -66.12
696.8 -65.77
697.2 -65.73
697.6 -66.31
698.0 -65.29
698.4 -66.83
698.8 -66.02
699.2 -66.11
699.6 -66.38
700.0 -66.3
700.4 -66.19
700.8 -65.93
701.2 -65.16
701.6 -66.05
702.0 -65.97
702.4 -66.09
702.8 -66.73
703.2 -67.3
703.6 -66.08
704.0 -65.31
704.4 -65.84
704.8 -65.65
705.2 -64.95
705.6 -65.83
706.0 -65.94
706.4 -65.33
706.8 -65.81
707.2 -66.12
707.6 -65.35
708.0 -65.54
708.4 -66.14
708.8 -65.65
709.2 -65.8
709.6 -65.18
710.0 -65.45
710.4 -65.48
710.8 -65.16
711.2 -65.1
711.6 -67.31
712.0 -65.43
712.4 -65.32
712.8 -65.7
713.2 -66.16
713.6 -66.32
714.0 -64.89
714.4 -66.03
714.8 -65.8
715.2 -65.6
715.6 -65.82
716.0 -64.74
716.4 -65.07
716.8 -66.12
717.2 -65.12
717.6 -64.85
718.0 -66.03
718.4 -65.45
718.8 -65.35
719.2 -65.53
719.6 -65.53
720.0 -65.71
720.4 -65.62
720.8 -64.91
721.2 -65.39
721.6 -65.57
722.0 -65.38
722.4 -65.89
722.8 -65.14
723.2 -65.17
723.6 -65.98
724.0 -66.25
724.4 -66.21
724.8 -65.26
725.2 -65.32
725.6 -65.6
726.0 -65.59
726.4 -65.56
726.8 -66.15
727.2 -65.27
727.6 -65.67
728.0 -65.44
728.4 -66.0
728.8 -65.17
729.2 -65.92
729.6 -65.75
730.0 -65.39
730.4 -65.58
730.8 -66.14
731.2 -65.57
731.6 -65.47
732.0 -65.5
732.4 -65.11
732.8 -65.79
733.2 -66.5
733.6 -65.88
734.0 -65.07
734.4 -65.54
734.8 -65.57
735.2 -64.7
735.6 -65.72
736.0 -64.96
736.4 -65.71
736.8 -65.42
737.2 -64.98
737.6 -65.64
738.0 -66.34
738.4 -66.16
738.8 -66.26
739.2 -65.69
739.6 -65.73
740.0 -65.92
740.4 -66.1
740.8 -66.03
741.2 -65.81
741.6 -65.98
742.0 -65.14
742.4 -65.71
742.8 -65.8
743.2 -64.56
743.6 -65.94
744.0 -65.43
744.4 -65.96
744.8 -65.65
745.2 -64.76
745.6 -64.94
746.0 -65.51
746.4 -64.88
746.8 -65.26
747.2 -66.68
747.6 -65.13
748.0 -65.67
748.4 -65.56
748.8 -65.4
749.2 -66.58
749.6 -65.46
750.0 -66.18
750.4 -66.22
750.8 -66.17
751.2 -65.6
751.6 -65.18
752.0 -66.04
752.4 -65.42
752.8 -65.19
753.2 -65.74
753.6 -64.53
754.0 -65.84
754.4 -65.59
754.8 -65.65
755.2 -64.84
755.6 -65.25
756.0 -65.7
756.4 -65.99
756.8 -65.39
757.2 -65.62
757.6 -65.26
758.0 -65.38
758.4 -65.71
758.8 -66.07
759.2 -64.6
759.6 -65.66
760.0 -65.76
760.4 -65.29
760.8 -64.86
761.2 -65.37
761.6 -64.88
762.0 -64.54
762.4 -65.3
762.8 -65.52
763.2 -65.16
763.6 -65.42
764.0 -65.65
764.4 -65.93
764.8 -65.3
765.2 -65.53
765.6 -65.53
766.0 -65.63
766.4 -65.26
766.8 -65.16
767.2 -65.28
767.6 -65.09
768.0 -65.27
768.4 -65.47
768.8 -66.83
769.2 -65.26
769.6 -66.27
770.0 -66.1
770.4 -64.79
770.8 -65.99
771.2 -65.03
771.6 -65.55
772.0 -65.47
772.4 -66.5
772.8 -65.75
773.2 -65.41
773.6 -65.98
774.0 -64.95
774.4 -65.26
774.8 -64.72
775.2 -65.23
775.6 -65.2
776.0 -64.46
776.4 -65.16
776.8 -65.16
777.2 -65.16
777.6 -64.51
778.0 -65.31
778.4 -64.9
778.8 -65.28
779.2 -64.87
779.6 -65.31
780.0 -65.14
780.4 -64.57
780.8 -65.2
781.2 -66.77
781.6 -64.85
782.0 -64.19
782.4 -64.54
782.8 -65.03
783.2 -64.84
783.6 -64.1
784.0 -65.02
784.4 -64.9
784.8 -65.11
785.2 -66.14
785.6 -65.54
786.0 -65.2
786.4 -65.78
786.8 -65.26
787.2 -65.04
787.6 -65.6
788.0 -65.39
788.4 -65.66
788.8 -65.38
789.2 -64.05
789.6 -65.18
790.0 -65.37
790.4 -63.89
790.8 -64.74
791.2 -64.76
791.6 -65.2
792.0 -65.01
792.4 -64.85
792.8 -65.06
793.2 -65.56
793.6 -64.25
794.0 -64.89
794.4 -64.74
794.8 -64.83
795.2 -63.89
795.6 -64.42
796.0 -64.31
796.4 -64.73
796.8 -65.2
797.2 -64.63
797.6 -63.94
798.0 -64.12
798.4 -63.76
798.8 -64.48
799.2 -63.98
799.6 -64.65
800.0 -64.23
800.4 -64.5
800.8 -64.33
801.2 -63.83
801.6 -63.91
802.0 -64.13
802.4 -63.96
802.8 -63.87
803.2 -63.99
803.6 -64.09
804.0 -63.62
804.4 -63.44
804.8 -63.88
805.2 -63.44
805.6 -63.43
806.0 -62.52
806.4 -60.59
806.8 -57.28
807.2 -53.57
807.6 -49.74
808.0 -48.41
808.4 -49.34
808.8 -50.12
809.2 -54.05
809.6 -60.59
810.0 -63.18
810.4 -63.03
810.8 -63.7
811.2 -62.85
811.6 -63.64
812.0 -63.45
812.4 -63.72
812.8 -63.64
813.2 -64.05
813.6 -63.94
814.0 -63.8
814.4 -64.2
814.8 -63.38
815.2 -63.55
815.6 -62.99
816.0 -64.23
816.4 -63.62
816.8 -64.42
817.2 -63.46
817.6 -63.94
818.0 -63.98
818.4 -63.81
818.8 -63.84
819.2 -63.31
819.6 -64.6
820.0 -63.76
820.4 -63.55
820.8 -64.14
821.2 -64.07
821.6 -63.91
822.0 -64.06
822.4 -63.72
822.8 -64.04
823.2 -63.45
823.6 -63.56
824.0 -64.23
824.4 -64.17
824.8 -63.7
825.2 -63.82
825.6 -63.92
826.0 -64.0
826.4 -63.72
826.8 -63.91
827.2 -63.77
827.6 -63.74
828.0 -63.95
828.4 -63.73
828.8 -63.66
829.2 -63.8
829.6 -63.53
830.0 -63.97
830.4 -64.0
830.8 -63.72
831.2 -64.02
831.6 -63.59
832.0 -64.13
832.4 -63.65
832.8 -63.88
833.2 -63.51
833.6 -63.43
834.0 -63.35
834.4 -63.84
834.8 -63.78
835.2 -63.46
835.6 -64.25
836.0 -63.72
836.4 -63.21
836.8 -63.86
837.2 -63.87
837.6 -64.02
838.0 -63.89
838.4 -64.27
838.8 -64.11
839.2 -64.31
839.6 -64.24
840.0 -64.45
840.4 -63.95
840.8 -64.04
841.2 -64.81
841.6 -64.08
842.0 -64.19
842.4 -63.83
842.8 -64.01
843.2 -64.05
843.6 -63.59
844.0 -64.42
844.4 -64.01
844.8 -64.29
845.2 -63.75
845.6 -64.19
846.0 -64.02
846.4 -64.35
846.8 -64.08
847.2 -64.63
847.6 -64.63
848.0 -64.22
848.4 -64.28
848.8 -64.65
849.2 -64.18
849.6 -64.59
850.0 -64.33
850.4 -63.82
850.8 -64.31
851.2 -64.18
851.6 -64.28
852.0 -64.74
852.4 -64.36
852.8 -64.0
853.2 -64.6
853.6 -64.91
854.0 -64.14
854.4 -63.95
854.8 -64.79
855.2 -64.97
855.6 -64.56
856.0 -64.69
856.4 -64.17
856.8 -64.8
857.2 -63.74
857.6 -65.07
858.0 -64.75
858.4 -64.76
858.8 -64.5
859.2 -64.6
859.6 -64.74
860.0 -64.98
860.4 -64.3
860.8 -64.23
861.2 -64.13
861.6 -64.86
862.0 -65.03
862.4 -64.53
862.8 -64.61
863.2 -65.34
863.6 -64.32
864.0 -64.82
864.4 -64.88
864.8 -64.48
865.2 -64.62
865.6 -64.51
866.0 -64.49
866.4 -65.17
866.8 -64.75
867.2 -64.34
867.6 -64.51
868.0 -64.7
868.4 -64.61
868.8 -64.2
869.2 -64.16
869.6 -64.78
870.0 -65.21
870.4 -64.37
870.8 -64.95
871.2 -64.64
871.6 -64.88
872.0 -64.72
872.4 -64.73
872.8 -65.35
873.2 -64.46
873.6 -64.81
874.0 -64.71
874.4 -64.7
874.8 -64.98
875.2 -64.6
875.6 -65.12
876.0 -64.43
876.4 -64.86
876.8 -64.78
877.2 -64.47
877.6 -64.63
878.0 -65.21
878.4 -64.69
878.8 -64.8
879.2 -64.62
879.6 -64.31
880.0 -64.57
880.4 -64.55
880.8 -64.5
881.2 -65.21
881.6 -64.52
882.0 -64.32
882.4 -64.19
882.8 -64.38
883.2 -64.47
883.6 -65.2
884.0 -65.2
884.4 -64.02
884.8 -64.03
885.2 -64.71
885.6 -64.15
886.0 -64.57
886.4 -64.41
886.8 -64.69
887.2 -64.85
887.6 -64.32
888.0 -64.45
888.4 -64.04
888.8 -64.45
889.2 -64.63
889.6 -64.34
890.0 -63.89
890.4 -64.51
890.8 -64.52
891.2 -64.7
891.6 -63.84
892.0 -64.3
892.4 -64.33
892.8 -64.84
893.2 -64.38
893.6 -64.23
894.0 -64.71
894.4 -64.26
894.8 -64.31
895.2 -64.44
895.6 -64.79
896.0 -64.34
896.4 -64.68
896.8 -65.34
897.2 -65.24
897.6 -64.53
898.0 -64.11
898.4 -65.25
898.8 -64.8
899.2 -64.93
899.6 -64.55
900.0 -64.89
900.4 -65.28
900.8 -65.01
901.2 -64.57
901.6 -64.57
902.0 -65.15
902.4 -64.84
902.8 -64.38
903.2 -64.91
903.6 -65.01
904.0 -64.34
904.4 -64.76
904.8 -65.29
905.2 -64.69
905.6 -64.69
906.0 -65.31
906.4 -64.87
906.8 -64.37
907.2 -64.89
907.6 -64.92
908.0 -65.15
908.4 -65.44
908.8 -64.74
909.2 -65.18
909.6 -65.0
910.0 -64.77
910.4 -65.12
910.8 -64.73
911.2 -65.12
911.6 -65.02
912.0 -65.18
912.4 -64.92
912.8 -65.05
913.2 -65.08
913.6 -65.03
914.0 -64.87
914.4 -65.02
914.8 -66.27
915.2 -64.48
915.6 -65.53
916.0 -65.25
916.4 -65.0
916.8 -65.86
917.2 -66.08
917.6 -65.59
918.0 -65.91
918.4 -65.4
918.8 -65.16
919.2 -65.04
919.6 -65.55
920.0 -65.1
920.4 -65.79
920.8 -65.68
921.2 -65.45
921.6 -66.75
922.0 -65.44
922.4 -65.32
922.8 -65.41
923.2 -65.76
923.6 -65.26
924.0 -65.24
924.4 -65.5
924.8 -66.2
925.2 -65.22
925.6 -66.04
926.0 -66.27
926.4 -65.46
926.8 -65.93
927.2 -65.31
927.6 -65.18
928.0 -65.8
928.4 -65.46
928.8 -65.26
929.2 -65.53
929.6 -65.78
930.0 -65.15
930.4 -65.33
930.8 -65.38
931.2 -65.07
931.6 -65.63
932.0 -65.4
932.4 -65.91
932.8 -66.5
933.2 -65.53
933.6 -65.63
934.0 -66.08
934.4 -65.36
934.8 -65.34
935.2 -65.84
935.6 -65.28
936.0 -64.76
936.4 -66.06
936.8 -65.62
937.2 -65.74
937.6 -65.34
938.0 -65.86
938.4 -66.04
938.8 -66.5
939.2 -65.75
939.6 -65.84
940.0 -65.96
940.4 -65.86
940.8 -66.1
941.2 -65.31
941.6 -65.48
942.0 -65.91
942.4 -66.59
942.8 -65.59
943.2 -66.21
943.6 -65.68
944.0 -65.7
944.4 -65.52
944.8 -65.9
945.2 -66.2
945.6 -66.11
946.0 -65.29
946.4 -65.59
946.8 -65.92
947.2 -65.17
947.6 -65.67
948.0 -65.77
948.4 -64.96
948.8 -66.16
949.2 -65.88
949.6 -65.63
950.0 -66.29
950.4 -65.89
950.8 -65.51
951.2 -65.54
951.6 -65.82
952.0 -65.57
952.4 -66.33
952.8 -65.83
953.2 -66.41
953.6 -65.76
954.0 -66.11
954.4 -66.54
954.8 -66.05
955.2 -65.69
955.6 -65.69
956.0 -65.81
956.4 -65.5
956.8 -65.82
957.2 -65.67
957.6 -65.68
958.0 -66.37
958.4 -65.73
958.8 -66.09
959.2 -65.33
959.6 -66.43
960.0 -65.43
960.4 -65.59
960.8 -65.81
961.2 -66.07
961.6 -65.87
962.0 -65.6
962.4 -65.62
962.8 -65.66
963.2 -65.82
963.6 -65.54
964.0 -65.69
964.4 -65.78
964.8 -65.73
965.2 -65.49
965.6 -65.34
966.0 -64.77
966.4 -65.26
966.8 -65.55
967.2 -65.84
967.6 -65.45
968.0 -65.34
968.4 -65.12
968.8 -65.42
969.2 -65.31
969.6 -65.52
970.0 -65.18
970.4 -65.19
970.8 -65.6
971.2 -65.14
971.6 -65.22
972.0 -65.39
972.4 -65.32
972.8 -65.66
973.2 -65.42
973.6 -65.58
974.0 -65.63
974.4 -65.63
974.8 -65.66
975.2 -65.54
975.6 -65.53
976.0 -65.08
976.4 -65.44
976.8 -65.72
977.2 -65.38
977.6 -65.3
978.0 -65.74
978.4 -65.89
978.8 -65.36
979.2 -65.27
979.6 -65.61
980.0 -65.42
980.4 -65.24
980.8 -65.71
981.2 -65.72
981.6 -65.17
982.0 -65.42
982.4 -65.49
982.8 -64.84
983.2 -64.93
983.6 -64.73
984.0 -64.92
984.4 -64.94
984.8 -64.73
985.2 -64.74
985.6 -64.3
986.0 -64.07
986.4 -64.46
986.8 -64.34
987.2 -63.94
987.6 -64.11
988.0 -64.39
988.4 -63.92
988.8 -63.84
989.2 -63.95
989.6 -63.75
990.0 -63.53
990.4 -63.7
990.8 -63.23
991.2 -63.59
991.6 -63.81
992.0 -63.57
992.4 -63.29
992.8 -63.13
993.2 -63.59
993.6 -63.34
994.0 -63.53
994.4 -63.46
994.8 -63.5
995.2 -63.14
995.6 -63.26
996.0 -63.02
996.4 -63.02
996.8 -63.32
997.2 -63.42
997.6 -63.07
998.0 -63.18
998.4 -62.91
998.8 -63.0
999.2 -63.02
999.6 -63.15
1000.0 -63.07
