600.0 -72.09
600.4 -210.0
600.8 -210.0
601.2 -210.0
601.6 -210.0
602.0 -210.0
602.4 -69.97
602.8 -210.0
603.2 -75.88
603.6 -75.33
604.0 -78.37
604.4 -72.37
604.8 -70.3
605.2 -71.46
605.6 -78.47
606.0 -84.53
606.4 -81.54
606.8 -70.77
607.2 -210.0
607.6 -76.17
608.0 -210.0
608.4 -75.64
608.8 -71.09
609.2 -69.67
609.6 -70.44
610.0 -70.15
610.4 -71.19
610.8 -73.36
611.2 -70.53
611.6 -210.0
612.0 -210.0
612.4 -72.88
612.8 -73.18
613.2 -210.0
613.6 -75.96
614.0 -210.0
614.4 -67.04
614.8 -70.92
615.2 -73.04
615.6 -85.11
616.0 -210.0
616.4 -79.13
616.8 -210.0
617.2 -210.0
617.6 -73.18
618.0 -74.84
618.4 -76.82
618.8 -73.83
619.2 -71.18
619.6 -70.57
620.0 -69.8
620.4 -72.61
620.8 -75.0
621.2 -210.0
621.6 -74.33
622.0 -70.31
622.4 -77.73
622.8 -71.23
623.2 -72.56
623.6 -71.45
624.0 -68.71
624.4 -71.84
624.8 -75.67
625.2 -72.27
625.6 -70.15
626.0 -77.29
626.4 -80.99
626.8 -71.32
627.2 -71.5
627.6 -68.52
628.0 -82.86
628.4 -69.17
628.8 -77.46
629.2 -70.88
629.6 -75.97
630.0 -68.84
630.4 -70.97
630.8 -70.74
631.2 -73.08
631.6 -70.09
632.0 -72.0
632.4 -76.18
632.8 -67.75
633.2 -73.45
633.6 -70.69
634.0 -71.23
634.4 -67.86
634.8 -69.91
635.2 -68.31
635.6 -70.07
636.0 -68.37
636.4 -68.98
636.8 -73.27
637.2 -73.97
637.6 -69.0
638.0 -70.25
638.4 -69.63
638.8 -69.24
639.2 -68.97
639.6 -70.27
640.0 -71.05
640.4 -70.54
640.8 -70.09
641.2 -68.39
641.6 -69.4
642.0 -71.47
642.4 -69.1
642.8 -68.67
643.2 -71.58
643.6 -70.83
644.0 -69.85
644.4 -68.56
644.8 -68.14
645.2 -69.42
645.6 -69.12
646.0 -69.15
646.4 -69.39
646.8 -70.11
647.2 -68.75
647.6 -68.62
648.0 -67.5
648.4 -68.92
648.8 -70.63
649.2 -68.22
649.6 -68.02
650.0 -68.64
650.4 -68.48
650.8 -69.69
651.2 -69.36
651.6 -67.8
652.0 -68.18
652.4 -69.0
652.8 -68.5
653.2 -69.85
653.6 -67.31
654.0 -68.25
654.4 -67.87
654.8 -66.58
655.2 -67.12
655.6 -69.87
656.0 -67.67
656.4 -66.87
656.8 -68.12
657.2 -68.43
657.6 -67.11
658.0 -68.54
658.4 -67.34
658.8 -67.27
659.2 -67.0
659.6 -67.31
660.0 -68.06
660.4 -67.96
660.8 -67.32
661.2 -68.56
661.6 -67.7
662.0 -68.5
662.4 -66.87
662.8 -67.05
663.2 -67.28
663.6 -66.8
664.0 -67.09
664.4 -67.61
664.8 -67.09
665.2 -67.74
665.6 -67.4
666.0 -66.66
666.4 -66.56
666.8 -67.05
667.2 -67.78
667.6 -66.52
668.0 -66.56
668.4 -67.36
668.8 -66.62
669.2 -66.33
669.6 -66.36
670.0 -67.23
670.4 -66.82
670.8 -67.07
671.2 -67.14
671.6 -66.37
672.0 -67.5
672.4 -66.84
672.8 -65.33
673.2 -66.45
673.6 -66.32
674.0 -67.0
674.4 -66.22
674.8 -67.64
675.2 -67.55
675.6 -66.46
676.0 -66.98
676.4 -66.55
676.8 -67.88
677.2 -66.15
677.6 -66.68
678.0 -66.18
678.4 -67.52
678.8 -66.39
679.2 -65.78
679.6 -66.07
680.0 -66.28
680.4 -67.9
680.8 -67.04
681.2 -66.4
681.6 -65.95
682.0 -67.69
682.4 -68.11
682.8 -66.51
683.2 -67.01
683.6 -66.36
684.0 -66.53
684.4 -66.1
684.8 -66.25
685.2 -66.31
685.6 -67.1
686.0 -65.98
686.4 -66.97
686.8 -66.22
687.2 -66.78
687.6 -66.35
688.0 -66.12
688.4 -67.06
688.8 -66.44
689.2 -66.39
689.6 -65.48
690.0 -66.25
690.4 -67.03
690.8 -67.36
691.2 -65.97
691.6 -66.3
692.0 -65.96
692.4 -66.38
692.8 -65.86
693.2 -66.72
693.6 -66.23
694.0 -66.09
694.4 -66.18
694.8 -66.38
695.2 -65.76
695.6 -66.3
696.0 -66.68
696.4 -65.74
696.8 -65.1
697.2 -65.79
697.6 -67.26
698.0 -66.03
698.4 -65.93
698.8 -65.54
699.2 -65.92
699.6 -66.38
700.0 -64.83
700.4 -65.74
700.8 -65.77
701.2 -65.98
701.6 -66.75
702.0 -65.97
702.4 -65.8
702.8 -66.97
703.2 -65.83
703.6 -66.36
704.0 -65.85
704.4 -65.47
704.8 -65.93
705.2 -65.99
705.6 -65.49
706.0 -66.01
706.4 -66.2
706.8 -67.12
707.2 -66.44
707.6 -65.8
708.0 -65.82
708.4 -66.42
708.8 -66.24
709.2 -65.38
709.6 -66.34
710.0 -66.29
710.4 -64.88
710.8 -65.59
711.2 -65.91
711.6 -65.43
712.0 -65.15
712.4 -65.83
712.8 -65.48
713.2 -66.37
713.6 -65.41
714.0 -64.76
714.4 -65.93
714.8 -65.77
715.2 -65.51
715.6 -66.16
716.0 -65.28
716.4 -65.41
716.8 -65.3
717.2 -65.23
717.6 -66.11
718.0 -65.6
718.4 -65.19
718.8 -65.95
719.2 -65.12
719.6 -65.41
720.0 -65.81
720.4 -65.4
720.8 -66.62
721.2 -66.24
721.6 -65.39
722.0 -66.73
722.4 -65.5
722.8 -65.71
723.2 -65.71
723.6 -65.4
724.0 -66.18
724.4 -66.14
724.8 -66.5
725.2 -65.69
725.6 -65.23
726.0 -65.49
726.4 -65.14
726.8 -65.42
727.2 -65.02
727.6 -65.04
728.0 -65.35
728.4 -65.89
728.8 -65.95
729.2 -65.49
729.6 -65.37
730.0 -65.1
730.4 -65.58
730.8 -65.93
731.2 -65.63
731.6 -65.09
732.0 -66.55
732.4 -66.21
732.8 -66.67
733.2 -65.98
733.6 -66.83
734.0 -64.36
734.4 -66.3
734.8 -64.78
735.2 -65.44
735.6 -65.89
736.0 -66.03
736.4 -65.81
736.8 -65.52
737.2 -64.68
737.6 -67.05
738.0 -65.7
738.4 -65.54
738.8 -65.79
739.2 -64.56
739.6 -65.13
740.0 -65.12
740.4 -65.96
740.8 -66.14
741.2 -65.51
741.6 -65.88
742.0 -64.52
742.4 -65.67
742.8 -65.05
743.2 -66.23
743.6 -66.12
744.0 -65.82
744.4 -66.18
744.8 -65.75
745.2 -66.49
745.6 -65.92
746.0 -65.39
746.4 -65.61
746.8 -66.21
747.2 -65.5
747.6 -66.05
748.0 -65.6
748.4 -66.54
748.8 -65.37
749.2 -65.76
749.6 -66.38
750.0 -65.85
750.4 -65.2
750.8 -65.74
751.2 -65.57
751.6 -66.55
752.0 -66.67
752.4 -65.72
752.8 -66.14
753.2 -66.45
753.6 -65.84
754.0 -65.56
754.4 -65.2
754.8 -65.36
755.2 -65.96
755.6 -64.65
756.0 -65.18
756.4 -64.92
756.8 -65.27
757.2 -65.56
757.6 -65.51
758.0 -65.82
758.4 -66.9
758.8 -65.71
759.2 -65.84
759.6 -65.66
760.0 -65.01
760.4 -65.35
760.8 -65.93
761.2 -65.34
761.6 -65.22
762.0 -65.14
762.4 -64.59
762.8 -66.02
763.2 -65.42
763.6 -65.42
764.0 -65.9
764.4 -65.19
764.8 -66.04
765.2 -65.57
765.6 -66.04
766.0 -65.39
766.4 -65.17
766.8 -64.26
767.2 -65.0
767.6 -66.29
768.0 -65.71
768.4 -64.35
768.8 -65.14
769.2 -65.23
769.6 -66.35
770.0 -64.71
770.4 -66.26
770.8 -65.52
771.2 -65.28
771.6 -65.69
772.0 -64.99
772.4 -65.65
772.8 -64.96
773.2 -65.51
773.6 -64.96
774.0 -64.63
774.4 -64.83
774.8 -64.98
775.2 -64.8
775.6 -65.6
776.0 -65.29
776.4 -66.07
776.8 -65.03
777.2 -65.7
777.6 -65.56
778.0 -65.83
778.4 -66.3
778.8 -65.98
779.2 -64.96
779.6 -65.44
780.0 -65.27
780.4 -64.6
780.8 -65.2
781.2 -65.43
781.6 -64.97
782.0 -66.04
782.4 -65.1
782.8 -64.51
783.2 -64.36
783.6 -64.99
784.0 -65.31
784.4 -65.25
784.8 -66.43
785.2 -65.17
785.6 -66.14
786.0 -64.71
786.4 -65.86
786.8 -65.43
787.2 -66.42
787.6 -64.06
788.0 -65.07
788.4 -65.35
788.8 -64.72
789.2 -64.99
789.6 -65.03
790.0 -65.34
790.4 -64.92
790.8 -64.51
791.2 -65.57
791.6 -65.16
792.0 -65.36
792.4 -64.01
792.8 -64.9
793.2 -65.53
793.6 -66.43
794.0 -66.12
794.4 -65.21
794.8 -65.21
795.2 -64.51
795.6 -64.26
796.0 -65.1
796.4 -65.2
796.8 -64.73
797.2 -65.43
797.6 -66.23
798.0 -64.93
798.4 -64.92
798.8 -65.49
799.2 -65.42
799.6 -64.24
800.0 -64.88
800.4 -64.67
800.8 -64.91
801.2 -65.15
801.6 -64.4
802.0 -65.42
802.4 -64.11
802.8 -64.66
803.2 -64.55
803.6 -64.78
804.0 -64.91
804.4 -64.36
804.8 -64.28
805.2 -63.95
805.6 -64.19
806.0 -63.13
806.4 -61.02
806.8 -57.83
807.2 -54.15
807.6 -50.1
808.0 -48.68
808.4 -49.64
808.8 -50.22
809.2 -54.18
809.6 -61.34
810.0 -63.35
810.4 -64.07
810.8 -63.63
811.2 -64.06
811.6 -64.33
812.0 -64.1
812.4 -64.16
812.8 -64.27
813.2 -64.8
813.6 -64.16
814.0 -63.75
814.4 -64.43
814.8 -64.03
815.2 -64.21
815.6 -64.32
816.0 -64.33
816.4 -64.8
816.8 -64.04
817.2 -63.95
817.6 -64.03
818.0 -63.91
818.4 -64.07
818.8 -64.93
819.2 -64.66
819.6 -64.09
820.0 -64.25
820.4 -64.47
820.8 -63.95
821.2 -64.22
821.6 -65.02
822.0 -64.23
822.4 -63.92
822.8 -64.21
823.2 -63.95
823.6 -64.51
824.0 -64.23
824.4 -64.95
824.8 -64.05
825.2 -64.3
825.6 -64.39
826.0 -63.8
826.4 -63.37
826.8 -64.15
827.2 -64.33
827.6 -63.5
828.0 -63.8
828.4 -63.69
828.8 -63.6
829.2 -63.44
829.6 -63.53
830.0 -64.42
830.4 -63.69
830.8 -64.01
831.2 -64.02
831.6 -63.33
832.0 -63.66
832.4 -63.79
832.8 -63.82
833.2 -64.16
833.6 -63.57
834.0 -63.6
834.4 -63.96
834.8 -63.68
835.2 -63.51
835.6 -63.67
836.0 -63.66
836.4 -63.3
836.8 -63.59
837.2 -63.53
837.6 -63.94
838.0 -63.44
838.4 -63.54
838.8 -63.85
839.2 -62.98
839.6 -63.27
840.0 -63.88
840.4 -63.84
840.8 -63.76
841.2 -63.49
841.6 -63.33
842.0 -63.16
842.4 -63.36
842.8 -63.68
843.2 -63.41
843.6 -63.91
844.0 -63.64
844.4 -63.36
844.8 -63.32
845.2 -63.72
845.6 -63.55
846.0 -63.29
846.4 -63.63
846.8 -63.52
847.2 -63.25
847.6 -63.23
848.0 -63.47
848.4 -63.42
848.8 -63.66
849.2 -63.07
849.6 -63.05
850.0 -63.03
850.4 -63.53
850.8 -63.55
851.2 -63.49
851.6 -63.49
852.0 -63.0
852.4 -63.67
852.8 -63.75
853.2 -62.98
853.6 -63.28
854.0 -63.62
854.4 -63.38
854.8 -63.21
855.2 -63.94
855.6 -63.39
856.0 -63.28
856.4 -63.12
856.8 -63.54
857.2 -63.46
857.6 -63.1
858.0 -62.96
858.4 -63.6
858.8 -63.39
859.2 -63.6
859.6 -63.32
860.0 -63.25
860.4 -63.17
860.8 -63.16
861.2 -63.05
861.6 -63.12
862.0 -63.2
862.4 -63.29
862.8 -63.09
863.2 -63.27
863.6 -63.1
864.0 -63.29
864.4 -63.65
864.8 -63.34
865.2 -63.38
865.6 -63.5
866.0 -63.16
866.4 -63.36
866.8 -63.11
867.2 -63.17
867.6 -63.28
868.0 -63.63
868.4 -62.88
868.8 -63.21
869.2 -63.26
869.6 -63.28
870.0 -63.27
870.4 -63.31
870.8 -63.13
871.2 -62.9
871.6 -63.47
872.0 -63.37
872.4 -63.36
872.8 -63.29
873.2 -62.84
873.6 -63.37
874.0 -63.08
874.4 -63.12
874.8 -63.32
875.2 -62.93
875.6 -62.89
876.0 -63.33
876.4 -62.82
876.8 -63.26
877.2 -63.05
877.6 -63.08
878.0 -63.17
878.4 -63.3
878.8 -63.18
879.2 -62.86
879.6 -63.02
880.0 -63.43
880.4 -62.76
880.8 -62.98
881.2 -63.07
881.6 -62.72
882.0 -63.06
882.4 -63.16
882.8 -63.13
883.2 -63.02
883.6 -63.02
884.0 -63.21
884.4 -63.15
884.8 -63.25
885.2 -62.8
885.6 -63.39
886.0 -62.8
886.4 -62.91
886.8 -63.17
887.2 -62.96
887.6 -63.08
888.0 -62.95
888.4 -63.31
888.8 -62.87
889.2 -63.0
889.6 -62.85
890.0 -62.49
890.4 -62.56
890.8 -63.09
891.2 -62.87
891.6 -62.93
892.0 -62.48
892.4 -62.65
892.8 -63.11
893.2 -63.25
893.6 -62.62
894.0 -63.04
894.4 -63.03
894.8 -63.27
895.2 -62.74
895.6 -62.68
896.0 -63.24
896.4 -63.09
896.8 -62.76
897.2 -62.85
897.6 -62.96
898.0 -63.07
898.4 -62.88
898.8 -62.84
899.2 -62.92
899.6 -62.3
900.0 -62.84
900.4 -63.0
900.8 -62.65
901.2 -63.3
901.6 -63.18
902.0 -62.94
902.4 -62.75
902.8 -62.32
903.2 -63.2
903.6 -62.86
904.0 -62.55
904.4 -63.18
904.8 -62.44
905.2 -62.64
905.6 -62.6
906.0 -62.47
906.4 -62.89
906.8 -62.83
907.2 -62.55
907.6 -62.68
908.0 -62.89
908.4 -62.84
908.8 -62.42
909.2 -62.53
909.6 -62.65
910.0 -62.35
910.4 -62.75
910.8 -62.43
911.2 -62.64
911.6 -62.91
912.0 -62.23
912.4 -62.16
912.8 -62.97
913.2 -62.33
913.6 -62.49
914.0 -62.84
914.4 -62.62
914.8 -62.38
915.2 -62.93
915.6 -62.17
916.0 -62.4
916.4 -62.26
916.8 -62.1
917.2 -62.52
917.6 -62.79
918.0 -62.74
918.4 -62.35
918.8 -62.3
919.2 -62.37
919.6 -62.44
920.0 -62.38
920.4 -62.12
920.8 -62.71
921.2 -62.76
921.6 -62.75
922.0 -62.4
922.4 -62.57
922.8 -62.72
923.2 -62.3
923.6 -62.09
924.0 -62.31
924.4 -62.45
924.8 -62.29
925.2 -62.17
925.6 -62.78
926.0 -62.25
926.4 -62.08
926.8 -62.51
927.2 -62.38
927.6 -62.06
928.0 -62.34
928.4 -61.97
928.8 -62.11
929.2 -62.4
929.6 -62.17
930.0 -61.92
930.4 -62.09
930.8 -62.32
931.2 -62.4
931.6 -61.79
932.0 -62.29
932.4 -62.23
932.8 -62.13
933.2 -62.12
933.6 -62.27
934.0 -62.56
934.4 -62.22
934.8 -62.3
935.2 -62.17
935.6 -62.42
936.0 -61.89
936.4 -62.59
936.8 -62.54
937.2 -62.52
937.6 -62.28
938.0 -62.31
938.4 -62.21
938.8 -62.33
939.2 -62.39
939.6 -62.4
940.0 -62.29
940.4 -62.4
940.8 -62.46
941.2 -62.4
941.6 -62.24
942.0 -62.15
942.4 -62.37
942.8 -62.23
943.2 -62.38
943.6 -62.27
944.0 -62.1
944.4 -62.46
944.8 -62.15
945.2 -62.35
945.6 -62.5
946.0 -62.43
946.4 -62.3
946.8 -62.72
947.2 -62.72
947.6 -62.38
948.0 -62.44
948.4 -62.36
948.8 -62.16
949.2 -62.66
949.6 -62.52
950.0 -62.68
950.4 -62.46
950.8 -62.61
951.2 -62.34
951.6 -62.36
952.0 -62.3
952.4 -62.5
952.8 -62.53
953.2 -62.57
953.6 -62.22
954.0 -62.6
954.4 -62.54
954.8 -62.67
955.2 -62.63
955.6 -62.61
956.0 -62.45
956.4 -62.46
956.8 -62.56
957.2 -62.59
957.6 -62.68
958.0 -62.44
958.4 -62.46
958.8 -62.54
959.2 -62.51
959.6 -62.51
960.0 -62.36
960.4 -62.4
960.8 -62.49
961.2 -62.65
961.6 -62.32
962.0 -62.21
962.4 -62.31
962.8 -62.34
963.2 -62.2
963.6 -62.4
964.0 -62.06
964.4 -62.08
964.8 -62.02
965.2 -62.32
965.6 -61.97
966.0 -61.95
966.4 -62.06
966.8 -62.15
967.2 -62.26
967.6 -62.28
968.0 -62.35
968.4 -62.17
968.8 -62.49
969.2 -62.32
969.6 -62.21
970.0 -62.2
970.4 -62.22
970.8 -62.25
971.2 -62.2
971.6 -62.26
972.0 -62.45
972.4 -62.15
972.8 -62.2
973.2 -62.32
973.6 -62.52
974.0 -62.44
974.4 -62.44
974.8 -62.39
975.2 -62.39
975.6 -62.5
976.0 -62.26
976.4 -62.51
976.8 -62.6
977.2 -62.49
977.6 -62.75
978.0 -62.6
978.4 -62.77
978.8 -62.56
979.2 -62.68
979.6 -62.76
980.0 -62.43
980.4 -62.49
980.8 -62.6
981.2 -62.43
981.6 -62.31
982.0 -62.42
982.4 -62.13
982.8 -62.23
983.2 -62.31
983.6 -62.04
984.0 -62.12
984.4 -61.93
984.8 -61.88
985.2 -61.96
985.6 -61.78
986.0 -61.83
986.4 -61.72
986.8 -61.57
987.2 -61.67
987.6 -61.69
988.0 -61.44
988.4 -61.36
988.8 -61.51
989.2 -61.33
989.6 -61.48
990.0 -61.39
990.4 -61.35
990.8 -61.38
991.2 -61.23
991.6 -61.15
992.0 -61.06
992.4 -61.21
992.8 -61.11
993.2 -61.15
993.6 -61.07
994.0 -60.88
994.4 -61.03
994.8 -61.0
995.2 -60.87
995.6 -61.03
996.0 -60.95
996.4 -61.01
996.8 -60.98
997.2 -60.92
997.6 -60.91
998.0 -60.86
998.4 -60.95
998.8 -60.94
999.2 -61.0
999.6 -61.09
1000.0 -60.89
