600.0 -72.37
600.4 -72.39
600.8 -210.0
601.2 -74.66
601.6 -84.24
602.0 -71.26
602.4 -210.0
602.8 -210.0
603.2 -210.0
603.6 -75.91
604.0 -210.0
604.4 -210.0
604.8 -210.0
605.2 -76.68
605.6 -69.87
606.0 -84.53
606.4 -75.0
606.8 -210.0
607.2 -210.0
607.6 -71.84
608.0 -210.0
608.4 -73.88
608.8 -210.0
609.2 -210.0
609.6 -71.75
610.0 -73.01
610.4 -210.0
610.8 -210.0
611.2 -210.0
611.6 -77.09
612.0 -210.0
612.4 -78.9
612.8 -210.0
613.2 -210.0
613.6 -210.0
614.0 -210.0
614.4 -79.01
614.8 -68.63
615.2 -73.32
615.6 -210.0
616.0 -210.0
616.4 -67.91
616.8 -210.0
617.2 -79.18
617.6 -210.0
618.0 -80.48
618.4 -73.81
618.8 -70.98
619.2 -73.02
619.6 -76.31
620.0 -210.0
620.4 -210.0
620.8 -80.64
621.2 -210.0
621.6 -210.0
622.0 -75.5
622.4 -70.46
622.8 -210.0
623.2 -73.52
623.6 -210.0
624.0 -71.47
624.4 -73.09
624.8 -77.21
625.2 -75.28
625.6 -210.0
626.0 -80.97
626.4 -70.58
626.8 -210.0
627.2 -75.82
627.6 -75.85
628.0 -71.24
628.4 -210.0
628.8 -210.0
629.2 -71.96
629.6 -77.51
630.0 -72.02
630.4 -71.25
630.8 -71.91
631.2 -86.09
631.6 -71.97
632.0 -72.17
632.4 -75.04
632.8 -73.2
633.2 -75.44
633.6 -70.34
634.0 -69.04
634.4 -74.55
634.8 -86.35
635.2 -74.91
635.6 -71.22
636.0 -210.0
636.4 -78.01
636.8 -73.07
637.2 -210.0
637.6 -210.0
638.0 -83.58
638.4 -74.31
638.8 -210.0
639.2 -72.53
639.6 -76.29
640.0 -81.96
640.4 -72.3
640.8 -83.81
641.2 -77.3
641.6 -76.09
642.0 -210.0
642.4 -71.39
642.8 -210.0
643.2 -74.47
643.6 -80.08
644.0 -70.66
644.4 -84.13
644.8 -75.41
645.2 -76.41
645.6 -72.19
646.0 -72.8
646.4 -75.85
646.8 -70.92
647.2 -74.83
647.6 -70.89
648.0 -69.97
648.4 -75.73
648.8 -87.54
649.2 -210.0
649.6 -71.27
650.0 -73.14
650.4 -75.57
650.8 -73.64
651.2 -72.71
651.6 -70.64
652.0 -71.39
652.4 -73.83
652.8 -77.64
653.2 -76.5
653.6 -73.67
654.0 -72.08
654.4 -72.73
654.8 -75.35
655.2 -70.41
655.6 -72.6
656.0 -74.88
656.4 -72.48
656.8 -75.62
657.2 -72.11
657.6 -74.06
658.0 -73.36
658.4 -75.12
658.8 -70.87
659.2 -73.21
659.6 -73.06
660.0 -72.92
660.4 -74.91
660.8 -71.07
661.2 -74.08
661.6 -74.69
662.0 -76.56
662.4 -78.15
662.8 -72.92
663.2 -71.46
663.6 -75.14
664.0 -75.93
664.4 -68.89
664.8 -73.89
665.2 -70.71
665.6 -69.84
666.0 -70.29
666.4 -75.14
666.8 -70.62
667.2 -73.22
667.6 -73.38
668.0 -69.99
668.4 -75.65
668.8 -69.06
669.2 -70.29
669.6 -72.64
670.0 -69.83
670.4 -71.89
670.8 -79.22
671.2 -72.9
671.6 -71.65
672.0 -70.18
672.4 -71.87
672.8 -70.93
673.2 -71.22
673.6 -72.09
674.0 -71.11
674.4 -70.24
674.8 -71.2
675.2 -71.3
675.6 -76.84
676.0 -71.39
676.4 -70.47
676.8 -71.59
677.2 -70.54
677.6 -71.93
678.0 -75.3
678.4 -74.82
678.8 -70.35
679.2 -73.62
679.6 -71.16
680.0 -70.1
680.4 -70.86
680.8 -69.79
681.2 -70.02
681.6 -71.03
682.0 -70.15
682.4 -70.74
682.8 -71.21
683.2 -71.01
683.6 -71.1
684.0 -69.27
684.4 -70.45
684.8 -70.45
685.2 -69.19
685.6 -70.98
686.0 -68.26
686.4 -70.52
686.8 -70.09
687.2 -71.06
687.6 -72.17
688.0 -72.71
688.4 -70.4
688.8 -71.56
689.2 -69.68
689.6 -69.91
690.0 -70.21
690.4 -73.47
690.8 -68.52
691.2 -69.31
691.6 -70.11
692.0 -77.43
692.4 -68.17
692.8 -70.88
693.2 -70.33
693.6 -69.85
694.0 -73.25
694.4 -69.19
694.8 -72.61
695.2 -69.97
695.6 -71.58
696.0 -69.51
696.4 -70.63
696.8 -73.21
697.2 -67.48
697.6 -71.22
698.0 -68.53
698.4 -70.79
698.8 -72.14
699.2 -70.24
699.6 -70.41
700.0 -70.06
700.4 -70.14
700.8 -70.22
701.2 -71.72
701.6 -70.38
702.0 -68.19
702.4 -69.27
702.8 -69.56
703.2 -68.62
703.6 -71.13
704.0 -70.26
704.4 -69.53
704.8 -70.16
705.2 -70.79
705.6 -68.77
706.0 -70.4
706.4 -71.52
706.8 -70.48
707.2 -70.66
707.6 -69.13
708.0 -67.64
708.4 -68.14
708.8 -68.85
709.2 -69.38
709.6 -69.24
710.0 -69.3
710.4 -70.82
710.8 -71.46
711.2 -70.24
711.6 -71.34
712.0 -70.15
712.4 -68.33
712.8 -69.49
713.2 -69.13
713.6 -69.05
714.0 -70.88
714.4 -70.38
714.8 -70.67
715.2 -70.02
715.6 -69.94
716.0 -69.54
716.4 -71.17
716.8 -69.3
717.2 -69.67
717.6 -71.28
718.0 -69.74
718.4 -68.94
718.8 -68.48
719.2 -70.93
719.6 -71.61
720.0 -70.51
720.4 -69.72
720.8 -71.35
721.2 -69.25
721.6 -69.79
722.0 -68.57
722.4 -68.57
722.8 -68.75
723.2 -70.03
723.6 -69.16
724.0 -69.68
724.4 -69.22
724.8 -69.36
725.2 -71.94
725.6 -69.21
726.0 -69.91
726.4 -69.5
726.8 -67.84
727.2 -68.4
727.6 -68.85
728.0 -68.84
728.4 -69.89
728.8 -70.42
729.2 -67.76
729.6 -69.55
730.0 -69.7
730.4 -67.97
730.8 -69.08
731.2 -68.36
731.6 -68.36
732.0 -69.52
732.4 -67.84
732.8 -69.94
733.2 -67.78
733.6 -69.28
734.0 -68.4
734.4 -67.77
734.8 -68.21
735.2 -68.58
735.6 -68.7
736.0 -68.63
736.4 -69.48
736.8 -72.41
737.2 -71.57
737.6 -68.3
738.0 -69.09
738.4 -69.02
738.8 -69.46
739.2 -69.62
739.6 -70.84
740.0 -70.13
740.4 -68.22
740.8 -70.13
741.2 -67.81
741.6 -70.93
742.0 -69.77
742.4 -67.71
742.8 -68.57
743.2 -68.45
743.6 -68.2
744.0 -68.25
744.4 -69.75
744.8 -68.97
745.2 -71.91
745.6 -69.66
746.0 -69.11
746.4 -68.75
746.8 -68.69
747.2 -67.46
747.6 -67.36
748.0 -68.61
748.4 -67.93
748.8 -68.47
749.2 -68.1
749.6 -68.73
750.0 -67.59
750.4 -71.22
750.8 -68.02
751.2 -68.14
751.6 -70.14
752.0 -67.12
752.4 -69.94
752.8 -68.29
753.2 -67.77
753.6 -68.28
754.0 -67.7
754.4 -68.73
754.8 -69.02
755.2 -67.13
755.6 -70.38
756.0 -73.92
756.4 -67.16
756.8 -68.12
757.2 -68.99
757.6 -69.13
758.0 -69.96
758.4 -68.89
758.8 -68.04
759.2 -69.34
759.6 -68.67
760.0 -67.36
760.4 -66.97
760.8 -68.45
761.2 -66.87
761.6 -69.24
762.0 -68.64
762.4 -68.12
762.8 -69.07
763.2 -70.0
763.6 -69.07
764.0 -67.75
764.4 -70.82
764.8 -69.28
765.2 -70.48
765.6 -67.26
766.0 -68.6
766.4 -70.57
766.8 -68.95
767.2 -70.56
767.6 -67.89
768.0 -67.54
768.4 -68.58
768.8 -68.24
769.2 -68.78
769.6 -67.59
770.0 -69.23
770.4 -66.51
770.8 -70.32
771.2 -67.58
771.6 -67.42
772.0 -67.68
772.4 -68.35
772.8 -67.2
773.2 -69.56
773.6 -67.15
774.0 -67.9
774.4 -67.78
774.8 -66.8
775.2 -68.9
775.6 -68.54
776.0 -67.66
776.4 -68.74
776.8 -68.33
777.2 -67.33
777.6 -69.04
778.0 -66.74
778.4 -68.59
778.8 -67.88
779.2 -67.43
779.6 -67.94
780.0 -67.06
780.4 -67.26
780.8 -67.53
781.2 -67.42
781.6 -67.63
782.0 -67.86
782.4 -68.71
782.8 -67.8
783.2 -67.14
783.6 -68.36
784.0 -67.79
784.4 -67.73
784.8 -68.28
785.2 -67.39
785.6 -68.15
786.0 -67.23
786.4 -69.06
786.8 -68.47
787.2 -68.27
787.6 -67.66
788.0 -66.92
788.4 -68.13
788.8 -69.21
789.2 -68.19
789.6 -67.11
790.0 -66.15
790.4 -66.36
790.8 -67.81
791.2 -67.3
791.6 -66.48
792.0 -68.31
792.4 -67.35
792.8 -68.16
793.2 -67.18
793.6 -66.84
794.0 -67.61
794.4 -66.87
794.8 -67.96
795.2 -66.78
795.6 -66.63
796.0 -67.37
796.4 -69.42
796.8 -66.77
797.2 -66.4
797.6 -66.9
798.0 -68.61
798.4 -66.09
798.8 -67.14
799.2 -67.25
799.6 -66.39
800.0 -69.65
800.4 -67.51
800.8 -67.86
801.2 -66.26
801.6 -67.09
802.0 -66.47
802.4 -67.69
802.8 -67.05
803.2 -67.1
803.6 -67.05
804.0 -64.82
804.4 -65.65
804.8 -65.84
805.2 -67.54
805.6 -66.68
806.0 -65.02
806.4 -63.01
806.8 -59.35
807.2 -55.58
807.6 -51.61
808.0 -50.17
808.4 -51.3
808.8 -51.68
809.2 -55.21
809.6 -63.05
810.0 -65.44
810.4 -65.63
810.8 -66.83
811.2 -67.54
811.6 -67.18
812.0 -66.62
812.4 -67.29
812.8 -67.1
813.2 -67.58
813.6 -67.17
814.0 -66.47
814.4 -67.13
814.8 -66.49
815.2 -65.71
815.6 -67.62
816.0 -67.31
816.4 -66.48
816.8 -67.53
817.2 -67.28
817.6 -68.07
818.0 -67.95
818.4 -67.9
818.8 -66.35
819.2 -65.9
819.6 -66.53
820.0 -66.95
820.4 -65.85
820.8 -66.71
821.2 -66.9
821.6 -66.92
822.0 -66.58
822.4 -65.97
822.8 -67.7
823.2 -66.11
823.6 -66.35
824.0 -67.65
824.4 -67.25
824.8 -66.52
825.2 -68.13
825.6 -65.88
826.0 -66.94
826.4 -67.1
826.8 -66.33
827.2 -65.94
827.6 -68.17
828.0 -66.33
828.4 -65.82
828.8 -66.1
829.2 -66.69
829.6 -66.5
830.0 -66.38
830.4 -65.85
830.8 -68.33
831.2 -67.16
831.6 -65.83
832.0 -66.56
832.4 -67.46
832.8 -65.58
833.2 -66.69
833.6 -66.11
834.0 -65.73
834.4 -66.59
834.8 -66.41
835.2 -65.79
835.6 -65.42
836.0 -65.97
836.4 -65.32
836.8 -65.96
837.2 -66.21
837.6 -66.3
838.0 -66.4
838.4 -66.33
838.8 -65.82
839.2 -65.91
839.6 -65.94
840.0 -65.89
840.4 -66.03
840.8 -65.56
841.2 -65.69
841.6 -66.53
842.0 -66.34
842.4 -65.71
842.8 -66.86
843.2 -65.96
843.6 -65.96
844.0 -66.97
844.4 -65.3
844.8 -65.51
845.2 -66.1
845.6 -65.49
846.0 -65.24
846.4 -65.09
846.8 -66.25
847.2 -65.61
847.6 -65.58
848.0 -65.58
848.4 -65.06
848.8 -65.8
849.2 -65.64
849.6 -65.3
850.0 -66.11
850.4 -65.09
850.8 -66.23
851.2 -65.64
851.6 -65.28
852.0 -65.38
852.4 -65.33
852.8 -65.8
853.2 -65.29
853.6 -65.4
854.0 -65.31
854.4 -65.46
854.8 -64.88
855.2 -65.21
855.6 -65.15
856.0 -65.23
856.4 -65.05
856.8 -65.18
857.2 -65.26
857.6 -64.66
858.0 -64.66
858.4 -65.54
858.8 -64.56
859.2 -65.25
859.6 -64.52
860.0 -63.93
860.4 -64.51
860.8 -63.9
861.2 -64.19
861.6 -65.13
862.0 -65.13
862.4 -64.8
862.8 -64.65
863.2 -64.81
863.6 -64.51
864.0 -64.71
864.4 -64.19
864.8 -64.29
865.2 -64.76
865.6 -64.56
866.0 -65.21
866.4 -64.48
866.8 -64.37
867.2 -64.58
867.6 -64.74
868.0 -63.99
868.4 -64.75
868.8 -64.18
869.2 -64.67
869.6 -63.76
870.0 -64.57
870.4 -64.65
870.8 -64.3
871.2 -64.8
871.6 -64.28
872.0 -64.24
872.4 -65.07
872.8 -64.05
873.2 -64.66
873.6 -64.32
874.0 -64.6
874.4 -64.35
874.8 -64.51
875.2 -64.13
875.6 -63.87
876.0 -63.63
876.4 -64.15
876.8 -63.73
877.2 -64.45
877.6 -64.24
878.0 -64.38
878.4 -64.46
878.8 -64.22
879.2 -63.88
879.6 -64.12
880.0 -64.2
880.4 -63.89
880.8 -64.46
881.2 -63.59
881.6 -64.07
882.0 -64.28
882.4 -64.47
882.8 -63.65
883.2 -63.79
883.6 -64.27
884.0 -64.58
884.4 -63.54
884.8 -64.07
885.2 -63.44
885.6 -63.99
886.0 -63.55
886.4 -63.89
886.8 -63.99
887.2 -63.4
887.6 -63.69
888.0 -64.12
888.4 -63.18
888.8 -63.52
889.2 -63.47
889.6 -63.84
890.0 -64.24
890.4 -63.76
890.8 -63.49
891.2 -63.6
891.6 -63.45
892.0 -63.36
892.4 -63.78
892.8 -63.8
893.2 -64.21
893.6 -64.0
894.0 -63.76
894.4 -64.17
894.8 -64.38
895.2 -63.64
895.6 -63.9
896.0 -63.85
896.4 -63.83
896.8 -63.66
897.2 -63.73
897.6 -63.42
898.0 -64.03
898.4 -63.97
898.8 -63.64
899.2 -63.46
899.6 -63.55
900.0 -63.78
900.4 -63.41
900.8 -64.07
901.2 -63.61
901.6 -63.63
902.0 -63.8
902.4 -63.96
902.8 -64.17
903.2 -63.56
903.6 -63.74
904.0 -63.71
904.4 -63.42
904.8 -63.37
905.2 -63.78
905.6 -63.6
906.0 -63.7
906.4 -63.12
906.8 -63.15
907.2 -63.69
907.6 -63.25
908.0 -63.49
908.4 -63.27
908.8 -63.2
909.2 -64.18
909.6 -63.79
910.0 -63.88
910.4 -63.33
910.8 -63.66
911.2 -63.56
911.6 -63.45
912.0 -63.81
912.4 -63.43
912.8 -63.26
913.2 -62.86
913.6 -63.23
914.0 -63.85
914.4 -63.61
914.8 -63.43
915.2 -63.95
915.6 -63.81
916.0 -63.1
916.4 -63.21
916.8 -63.51
917.2 -63.63
917.6 -63.57
918.0 -63.32
918.4 -63.66
918.8 -63.25
919.2 -63.43
919.6 -63.3
920.0 -63.51
920.4 -63.55
920.8 -62.81
921.2 -63.53
921.6 -63.63
922.0 -63.69
922.4 -63.26
922.8 -63.48
923.2 -63.19
923.6 -63.76
924.0 -63.2
924.4 -63.28
924.8 -62.99
925.2 -63.55
925.6 -63.44
926.0 -63.2
926.4 -63.05
926.8 -63.29
927.2 -63.33
927.6 -63.31
928.0 -63.08
928.4 -62.71
928.8 -63.19
929.2 -62.84
929.6 -62.72
930.0 -62.9
930.4 -62.81
930.8 -63.01
931.2 -63.48
931.6 -63.72
932.0 -63.19
932.4 -63.41
932.8 -63.02
933.2 -63.47
933.6 -63.61
934.0 -63.29
934.4 -63.22
934.8 -63.33
935.2 -63.45
935.6 -63.1
936.0 -63.44
936.4 -63.45
936.8 -63.42
937.2 -63.24
937.6 -63.03
938.0 -63.21
938.4 -63.31
938.8 -63.67
939.2 -63.88
939.6 -63.46
940.0 -63.3
940.4 -63.51
940.8 -63.24
941.2 -63.31
941.6 -63.06
942.0 -63.48
942.4 -63.31
942.8 -63.47
943.2 -63.37
943.6 -62.86
944.0 -63.31
944.4 -63.36
944.8 -63.01
945.2 -63.25
945.6 -63.13
946.0 -63.44
946.4 -63.54
946.8 -63.39
947.2 -63.12
947.6 -63.26
948.0 -63.31
948.4 -63.23
948.8 -63.38
949.2 -63.5
949.6 -63.36
950.0 -63.46
950.4 -63.29
950.8 -63.18
951.2 -63.11
951.6 -63.36
952.0 -63.03
952.4 -63.31
952.8 -63.53
953.2 -63.15
953.6 -62.99
954.0 -63.66
954.4 -63.27
954.8 -63.07
955.2 -63.33
955.6 -63.3
956.0 -63.55
956.4 -63.27
956.8 -63.43
957.2 -63.16
957.6 -63.28
958.0 -63.11
958.4 -63.24
958.8 -63.25
959.2 -63.06
959.6 -63.3
960.0 -62.8
960.4 -63.23
960.8 -63.1
961.2 -63.13
961.6 -62.99
962.0 -63.28
962.4 -62.94
962.8 -63.03
963.2 -63.21
963.6 -63.02
964.0 -62.97
964.4 -63.06
964.8 -63.15
965.2 -62.79
965.6 -62.69
966.0 -62.41
966.4 -63.07
966.8 -63.04
967.2 -63.15
967.6 -63.09
968.0 -63.23
968.4 -63.06
968.8 -63.11
969.2 -63.11
969.6 -63.33
970.0 -62.88
970.4 -63.21
970.8 -63.04
971.2 -63.35
971.6 -63.35
972.0 -63.48
972.4 -63.35
972.8 -63.62
973.2 -63.71
973.6 -63.53
974.0 -64.12
974.4 -63.62
974.8 -63.7
975.2 -63.63
975.6 -64.04
976.0 -63.68
976.4 -63.9
976.8 -63.79
977.2 -64.0
977.6 -63.61
978.0 -63.76
978.4 -63.79
978.8 -63.63
979.2 -63.75
979.6 -63.67
980.0 -63.77
980.4 -63.74
980.8 -63.68
981.2 -63.5
981.6 -63.65
982.0 -63.64
982.4 -63.49
982.8 -63.26
983.2 -63.54
983.6 -63.15
984.0 -63.29
984.4 -63.3
984.8 -63.13
985.2 -62.84
985.6 -62.88
986.0 -62.93
986.4 -63.0
986.8 -62.87
987.2 -62.85
987.6 -62.82
988.0 -62.97
988.4 -62.68
988.8 -62.62
989.2 -62.76
989.6 -62.79
990.0 -62.57
990.4 -62.5
990.8 -62.54
991.2 -62.6
991.6 -62.31
992.0 -62.41
992.4 -62.45
992.8 -62.4
993.2 -62.25
993.6 -62.37
994.0 -62.4
994.4 -62.21
994.8 -62.29
995.2 -62.44
995.6 -62.45
996.0 -62.37
996.4 -62.28
996.8 -62.35
997.2 -62.37
997.6 -62.38
998.0 -62.52
998.4 -62.38
998.8 -62.63
999.2 -62.56
999.6 -62.5
1000.0 -62.35
