600.0 -72.67
600.4 -71.15
600.8 -210.0
601.2 -210.0
601.6 -70.43
602.0 -84.27
602.4 -70.67
602.8 -72.85
603.2 -210.0
603.6 -210.0
604.0 -69.92
604.4 -210.0
604.8 -210.0
605.2 -76.68
605.6 -71.07
606.0 -210.0
606.4 -69.77
606.8 -210.0
607.2 -69.82
607.6 -73.83
608.0 -210.0
608.4 -68.44
608.8 -78.68
609.2 -210.0
609.6 -210.0
610.0 -210.0
610.4 -210.0
610.8 -81.82
611.2 -72.06
611.6 -72.83
612.0 -72.34
612.4 -210.0
612.8 -73.18
613.2 -210.0
613.6 -72.44
614.0 -210.0
614.4 -210.0
614.8 -69.88
615.2 -210.0
615.6 -78.12
616.0 -210.0
616.4 -210.0
616.8 -71.2
617.2 -210.0
617.6 -67.98
618.0 -210.0
618.4 -69.71
618.8 -210.0
619.2 -72.32
619.6 -75.35
620.0 -73.06
620.4 -210.0
620.8 -210.0
621.2 -210.0
621.6 -85.47
622.0 -210.0
622.4 -73.75
622.8 -210.0
623.2 -210.0
623.6 -75.18
624.0 -210.0
624.4 -210.0
624.8 -80.89
625.2 -74.23
625.6 -210.0
626.0 -74.28
626.4 -74.0
626.8 -70.88
627.2 -210.0
627.6 -69.31
628.0 -76.32
628.4 -210.0
628.8 -75.12
629.2 -71.46
629.6 -82.96
630.0 -210.0
630.4 -80.0
630.8 -74.59
631.2 -77.05
631.6 -75.32
632.0 -69.24
632.4 -76.18
632.8 -74.16
633.2 -210.0
633.6 -75.46
634.0 -86.29
634.4 -71.4
634.8 -74.3
635.2 -77.34
635.6 -76.41
636.0 -77.4
636.4 -71.69
636.8 -210.0
637.2 -210.0
637.6 -74.51
638.0 -210.0
638.4 -71.56
638.8 -71.46
639.2 -73.25
639.6 -71.65
640.0 -210.0
640.4 -72.63
640.8 -74.03
641.2 -73.23
641.6 -210.0
642.0 -210.0
642.4 -70.14
642.8 -76.2
643.2 -74.47
643.6 -87.07
644.0 -76.3
644.4 -82.36
644.8 -75.13
645.2 -210.0
645.6 -72.19
646.0 -72.5
646.4 -73.51
646.8 -75.59
647.2 -72.76
647.6 -70.99
648.0 -74.67
648.4 -84.49
648.8 -75.77
649.2 -72.65
649.6 -74.82
650.0 -76.48
650.4 -75.57
650.8 -73.14
651.2 -74.4
651.6 -74.84
652.0 -75.32
652.4 -79.18
652.8 -210.0
653.2 -74.41
653.6 -81.62
654.0 -73.33
654.4 -71.41
654.8 -71.42
655.2 -75.35
655.6 -210.0
656.0 -71.75
656.4 -75.36
656.8 -70.59
657.2 -70.6
657.6 -71.76
658.0 -71.44
658.4 -74.67
658.8 -73.21
659.2 -73.21
659.6 -75.13
660.0 -71.57
660.4 -75.14
660.8 -73.89
661.2 -80.71
661.6 -70.71
662.0 -81.67
662.4 -71.07
662.8 -69.63
663.2 -72.01
663.6 -72.01
664.0 -70.62
664.4 -70.71
664.8 -73.89
665.2 -71.67
665.6 -75.93
666.0 -72.92
666.4 -73.89
666.8 -72.78
667.2 -72.01
667.6 -71.07
668.0 -73.22
668.4 -72.13
668.8 -70.62
669.2 -69.0
669.6 -72.51
670.0 -72.24
670.4 -70.61
670.8 -70.19
671.2 -71.88
671.6 -72.76
672.0 -72.89
672.4 -72.48
672.8 -71.86
673.2 -69.73
673.6 -72.09
674.0 -73.67
674.4 -73.17
674.8 -72.45
675.2 -71.72
675.6 -69.71
676.0 -72.44
676.4 -71.09
676.8 -71.49
677.2 -71.28
677.6 -70.99
678.0 -76.14
678.4 -69.82
678.8 -73.62
679.2 -70.61
679.6 -71.06
680.0 -69.52
680.4 -70.77
680.8 -73.43
681.2 -72.01
681.6 -70.32
682.0 -72.78
682.4 -74.55
682.8 -70.06
683.2 -70.47
683.6 -70.38
684.0 -72.48
684.4 -71.61
684.8 -71.61
685.2 -72.33
685.6 -69.19
686.0 -72.19
686.4 -70.6
686.8 -72.31
687.2 -70.59
687.6 -68.91
688.0 -70.08
688.4 -72.03
688.8 -70.85
689.2 -70.39
689.6 -71.67
690.0 -71.66
690.4 -73.64
690.8 -70.29
691.2 -71.64
691.6 -72.25
692.0 -71.4
692.4 -68.72
692.8 -70.01
693.2 -70.5
693.6 -69.55
694.0 -70.77
694.4 -75.34
694.8 -70.57
695.2 -70.05
695.6 -72.6
696.0 -71.13
696.4 -69.16
696.8 -71.91
697.2 -73.37
697.6 -72.16
698.0 -70.61
698.4 -74.1
698.8 -70.99
699.2 -71.08
699.6 -73.7
700.0 -70.4
700.4 -72.98
700.8 -70.57
701.2 -74.28
701.6 -69.88
702.0 -69.49
702.4 -72.08
702.8 -68.57
703.2 -70.01
703.6 -70.92
704.0 -72.19
704.4 -76.1
704.8 -72.32
705.2 -70.5
705.6 -68.3
706.0 -70.68
706.4 -68.88
706.8 -71.29
707.2 -70.21
707.6 -71.4
708.0 -72.0
708.4 -72.4
708.8 -73.95
709.2 -68.65
709.6 -68.71
710.0 -71.13
710.4 -70.43
710.8 -69.51
711.2 -70.61
711.6 -69.58
712.0 -70.9
712.4 -71.95
712.8 -70.4
713.2 -69.49
713.6 -69.26
714.0 -69.79
714.4 -70.77
714.8 -69.7
715.2 -68.64
715.6 -69.77
716.0 -72.32
716.4 -69.16
716.8 -69.76
717.2 -70.95
717.6 -73.65
718.0 -70.44
718.4 -68.87
718.8 -68.79
719.2 -68.79
719.6 -69.98
720.0 -71.13
720.4 -71.25
720.8 -69.79
721.2 -71.35
721.6 -68.52
722.0 -68.27
722.4 -68.9
722.8 -69.16
723.2 -70.99
723.6 -70.48
724.0 -70.67
724.4 -70.02
724.8 -69.29
725.2 -68.42
725.6 -69.14
726.0 -71.54
726.4 -70.0
726.8 -70.74
727.2 -68.98
727.6 -73.97
728.0 -67.83
728.4 -69.04
728.8 -69.63
729.2 -70.05
729.6 -68.44
730.0 -72.97
730.4 -69.24
730.8 -72.62
731.2 -67.69
731.6 -69.38
732.0 -69.22
732.4 -69.44
732.8 -71.36
733.2 -68.79
733.6 -67.0
734.0 -72.6
734.4 -76.91
734.8 -70.28
735.2 -69.92
735.6 -68.51
736.0 -69.65
736.4 -69.56
736.8 -70.65
737.2 -68.56
737.6 -68.18
738.0 -68.81
738.4 -71.96
738.8 -68.94
739.2 -70.63
739.6 -69.38
740.0 -71.17
740.4 -71.54
740.8 -70.04
741.2 -69.69
741.6 -69.36
742.0 -69.44
742.4 -68.52
742.8 -68.84
743.2 -70.11
743.6 -70.92
744.0 -67.69
744.4 -70.59
744.8 -68.37
745.2 -70.01
745.6 -69.83
746.0 -68.36
746.4 -70.9
746.8 -69.18
747.2 -69.4
747.6 -68.05
748.0 -69.73
748.4 -68.28
748.8 -71.61
749.2 -71.74
749.6 -73.37
750.0 -69.0
750.4 -70.76
750.8 -73.55
751.2 -68.26
751.6 -69.78
752.0 -68.43
752.4 -70.13
752.8 -78.29
753.2 -68.48
753.6 -70.3
754.0 -72.26
754.4 -68.66
754.8 -69.48
755.2 -69.9
755.6 -70.28
756.0 -68.25
756.4 -67.78
756.8 -71.13
757.2 -69.45
757.6 -68.98
758.0 -69.05
758.4 -68.97
758.8 -69.12
759.2 -67.74
759.6 -67.47
760.0 -67.9
760.4 -68.53
760.8 -69.49
761.2 -69.49
761.6 -68.19
762.0 -68.57
762.4 -68.85
762.8 -68.11
763.2 -69.81
763.6 -70.5
764.0 -67.27
764.4 -69.29
764.8 -69.79
765.2 -69.12
765.6 -69.05
766.0 -70.68
766.4 -68.96
766.8 -70.9
767.2 -70.05
767.6 -71.4
768.0 -70.55
768.4 -69.09
768.8 -70.13
769.2 -69.01
769.6 -69.49
770.0 -69.83
770.4 -68.1
770.8 -68.63
771.2 -70.64
771.6 -69.15
772.0 -68.55
772.4 -68.09
772.8 -67.25
773.2 -70.42
773.6 -69.82
774.0 -68.9
774.4 -68.83
774.8 -68.47
775.2 -68.75
775.6 -66.71
776.0 -69.2
776.4 -70.61
776.8 -67.44
777.2 -67.08
777.6 -68.01
778.0 -69.7
778.4 -67.65
778.8 -67.48
779.2 -67.76
779.6 -69.11
780.0 -67.7
780.4 -68.8
780.8 -68.12
781.2 -68.65
781.6 -68.04
782.0 -70.26
782.4 -72.69
782.8 -68.71
783.2 -69.95
783.6 -68.63
784.0 -67.85
784.4 -67.79
784.8 -68.41
785.2 -68.15
785.6 -68.09
786.0 -69.85
786.4 -68.2
786.8 -69.22
787.2 -73.46
787.6 -67.89
788.0 -68.14
788.4 -68.9
788.8 -72.31
789.2 -67.48
789.6 -69.73
790.0 -66.53
790.4 -69.91
790.8 -67.64
791.2 -68.37
791.6 -69.36
792.0 -67.63
792.4 -68.31
792.8 -66.26
793.2 -68.87
793.6 -69.52
794.0 -67.72
794.4 -66.97
794.8 -68.15
795.2 -68.35
795.6 -67.77
796.0 -67.16
796.4 -67.95
796.8 -66.91
797.2 -67.42
797.6 -66.57
798.0 -68.33
798.4 -69.23
798.8 -68.19
799.2 -68.75
799.6 -67.14
800.0 -69.22
800.4 -68.89
800.8 -67.99
801.2 -67.69
801.6 -66.89
802.0 -67.04
802.4 -66.94
802.8 -67.94
803.2 -67.94
803.6 -68.54
804.0 -67.83
804.4 -67.06
804.8 -67.32
805.2 -67.16
805.6 -67.44
806.0 -65.52
806.4 -63.84
806.8 -59.7
807.2 -56.11
807.6 -52.02
808.0 -50.69
808.4 -51.83
808.8 -52.16
809.2 -55.52
809.6 -63.51
810.0 -65.88
810.4 -65.56
810.8 -66.78
811.2 -67.77
811.6 -66.74
812.0 -66.66
812.4 -66.75
812.8 -67.41
813.2 -68.12
813.6 -68.81
814.0 -65.98
814.4 -67.55
814.8 -68.75
815.2 -67.61
815.6 -66.68
816.0 -66.47
816.4 -67.07
816.8 -67.02
817.2 -67.65
817.6 -68.01
818.0 -66.33
818.4 -67.05
818.8 -67.36
819.2 -65.68
819.6 -67.53
820.0 -66.34
820.4 -66.27
820.8 -67.8
821.2 -67.23
821.6 -66.87
822.0 -67.41
822.4 -67.75
822.8 -67.81
823.2 -65.72
823.6 -68.44
824.0 -67.98
824.4 -67.35
824.8 -69.03
825.2 -66.37
825.6 -68.85
826.0 -67.61
826.4 -67.19
826.8 -68.03
827.2 -66.19
827.6 -67.38
828.0 -67.54
828.4 -67.66
828.8 -66.4
829.2 -67.07
829.6 -66.62
830.0 -67.29
830.4 -67.23
830.8 -66.37
831.2 -67.07
831.6 -67.05
832.0 -65.96
832.4 -68.93
832.8 -66.93
833.2 -67.17
833.6 -66.79
834.0 -66.31
834.4 -67.18
834.8 -65.67
835.2 -66.27
835.6 -67.02
836.0 -66.39
836.4 -67.28
836.8 -66.24
837.2 -67.72
837.6 -66.34
838.0 -66.43
838.4 -66.24
838.8 -66.59
839.2 -66.36
839.6 -65.85
840.0 -66.24
840.4 -66.91
840.8 -66.56
841.2 -66.73
841.6 -66.27
842.0 -66.6
842.4 -66.42
842.8 -66.65
843.2 -66.55
843.6 -66.2
844.0 -66.08
844.4 -66.23
844.8 -66.51
845.2 -67.0
845.6 -66.38
846.0 -66.35
846.4 -66.07
846.8 -67.34
847.2 -66.15
847.6 -66.03
848.0 -66.88
848.4 -67.21
848.8 -66.24
849.2 -66.4
849.6 -66.67
850.0 -66.33
850.4 -67.05
850.8 -66.66
851.2 -65.9
851.6 -65.78
852.0 -66.04
852.4 -65.87
852.8 -64.8
853.2 -65.55
853.6 -66.03
854.0 -66.33
854.4 -65.31
854.8 -65.57
855.2 -66.05
855.6 -65.45
856.0 -65.92
856.4 -66.69
856.8 -65.27
857.2 -65.66
857.6 -65.88
858.0 -65.04
858.4 -65.57
858.8 -65.96
859.2 -65.7
859.6 -65.57
860.0 -65.78
860.4 -65.75
860.8 -64.9
861.2 -65.6
861.6 -64.96
862.0 -65.62
862.4 -65.82
862.8 -66.04
863.2 -66.2
863.6 -65.77
864.0 -66.0
864.4 -65.27
864.8 -65.1
865.2 -65.47
865.6 -65.21
866.0 -65.72
866.4 -65.88
866.8 -64.66
867.2 -65.5
867.6 -65.87
868.0 -66.3
868.4 -64.48
868.8 -65.48
869.2 -65.27
869.6 -65.35
870.0 -65.01
870.4 -65.74
870.8 -64.83
871.2 -64.97
871.6 -64.37
872.0 -64.93
872.4 -65.66
872.8 -64.73
873.2 -65.42
873.6 -65.13
874.0 -65.0
874.4 -64.97
874.8 -64.93
875.2 -65.42
875.6 -64.62
876.0 -64.86
876.4 -65.48
876.8 -64.51
877.2 -65.14
877.6 -65.58
878.0 -64.64
878.4 -64.81
878.8 -64.92
879.2 -64.67
879.6 -65.04
880.0 -64.75
880.4 -64.88
880.8 -65.26
881.2 -64.2
881.6 -65.21
882.0 -64.97
882.4 -64.25
882.8 -64.77
883.2 -64.29
883.6 -64.56
884.0 -64.84
884.4 -64.89
884.8 -64.48
885.2 -64.73
885.6 -64.37
886.0 -64.35
886.4 -65.29
886.8 -64.66
887.2 -65.07
887.6 -64.75
888.0 -64.97
888.4 -64.97
888.8 -64.08
889.2 -65.05
889.6 -64.65
890.0 -65.11
890.4 -64.37
890.8 -64.02
891.2 -64.27
891.6 -65.51
892.0 -64.5
892.4 -65.38
892.8 -64.58
893.2 -64.31
893.6 -64.87
894.0 -64.09
894.4 -64.41
894.8 -64.14
895.2 -64.65
895.6 -64.56
896.0 -64.45
896.4 -64.73
896.8 -64.55
897.2 -64.81
897.6 -64.27
898.0 -64.41
898.4 -63.99
898.8 -64.8
899.2 -64.53
899.6 -64.4
900.0 -64.91
900.4 -64.68
900.8 -65.08
901.2 -64.89
901.6 -64.41
902.0 -64.36
902.4 -66.19
902.8 -64.92
903.2 -64.24
903.6 -64.3
904.0 -63.69
904.4 -64.47
904.8 -64.4
905.2 -64.72
905.6 -64.32
906.0 -64.38
906.4 -64.8
906.8 -64.25
907.2 -63.89
907.6 -64.64
908.0 -65.0
908.4 -64.18
908.8 -64.37
909.2 -64.28
909.6 -64.93
910.0 -64.84
910.4 -64.68
910.8 -64.8
911.2 -64.67
911.6 -65.12
912.0 -65.08
912.4 -64.32
912.8 -64.3
913.2 -64.14
913.6 -64.12
914.0 -64.33
914.4 -64.65
914.8 -64.28
915.2 -64.34
915.6 -64.53
916.0 -64.18
916.4 -64.43
916.8 -64.6
917.2 -64.66
917.6 -64.81
918.0 -64.03
918.4 -64.63
918.8 -64.79
919.2 -64.62
919.6 -64.26
920.0 -65.08
920.4 -65.01
920.8 -64.53
921.2 -64.52
921.6 -64.91
922.0 -65.33
922.4 -64.75
922.8 -64.58
923.2 -64.49
923.6 -65.22
924.0 -64.46
924.4 -64.72
924.8 -64.17
925.2 -64.49
925.6 -64.66
926.0 -64.77
926.4 -64.41
926.8 -64.81
927.2 -64.71
927.6 -64.73
928.0 -64.69
928.4 -64.06
928.8 -64.47
929.2 -64.22
929.6 -64.39
930.0 -65.05
930.4 -64.32
930.8 -64.7
931.2 -64.9
931.6 -64.56
932.0 -64.47
932.4 -64.22
932.8 -64.45
933.2 -64.67
933.6 -65.01
934.0 -64.54
934.4 -64.76
934.8 -65.2
935.2 -64.91
935.6 -64.6
936.0 -64.52
936.4 -65.04
936.8 -64.99
937.2 -65.43
937.6 -65.51
938.0 -64.57
938.4 -65.26
938.8 -64.44
939.2 -65.17
939.6 -64.85
940.0 -65.18
940.4 -64.93
940.8 -65.09
941.2 -65.06
941.6 -64.49
942.0 -64.54
942.4 -64.82
942.8 -64.76
943.2 -64.39
943.6 -64.48
944.0 -64.47
944.4 -64.32
944.8 -64.25
945.2 -64.74
945.6 -64.76
946.0 -65.34
946.4 -65.0
946.8 -64.58
947.2 -64.63
947.6 -65.07
948.0 -64.77
948.4 -65.2
948.8 -65.01
949.2 -64.92
949.6 -64.75
950.0 -64.95
950.4 -64.86
950.8 -64.74
951.2 -65.48
951.6 -65.3
952.0 -65.26
952.4 -64.51
952.8 -64.94
953.2 -65.29
953.6 -64.94
954.0 -64.97
954.4 -64.85
954.8 -64.73
955.2 -64.71
955.6 -64.89
956.0 -64.62
956.4 -64.85
956.8 -65.25
957.2 -65.03
957.6 -65.34
958.0 -65.08
958.4 -64.52
958.8 -64.87
959.2 -64.9
959.6 -64.78
960.0 -64.73
960.4 -64.74
960.8 -64.85
961.2 -64.79
961.6 -64.82
962.0 -64.84
962.4 -64.89
962.8 -64.4
963.2 -65.18
963.6 -64.86
964.0 -64.49
964.4 -64.52
964.8 -64.59
965.2 -64.48
965.6 -64.3
966.0 -64.56
966.4 -64.5
966.8 -65.04
967.2 -64.82
967.6 -64.87
968.0 -64.9
968.4 -64.87
968.8 -64.76
969.2 -64.93
969.6 -64.6
970.0 -64.97
970.4 -64.92
970.8 -65.21
971.2 -64.69
971.6 -65.07
972.0 -64.84
972.4 -65.06
972.8 -64.68
973.2 -65.14
973.6 -65.15
974.0 -64.96
974.4 -64.88
974.8 -65.08
975.2 -65.08
975.6 -65.61
976.0 -65.17
976.4 -65.9
976.8 -65.4
977.2 -64.98
977.6 -65.28
978.0 -65.29
978.4 -65.16
978.8 -65.31
979.2 -65.38
979.6 -65.17
980.0 -65.25
980.4 -65.47
980.8 -65.08
981.2 -65.43
981.6 -65.01
982.0 -65.1
982.4 -64.91
982.8 -65.09
983.2 -64.89
983.6 -65.22
984.0 -64.94
984.4 -64.43
984.8 -64.8
985.2 -64.57
985.6 -64.97
986.0 -64.54
986.4 -64.65
986.8 -64.7
987.2 -64.7
987.6 -64.18
988.0 -64.2
988.4 -64.26
988.8 -64.52
989.2 -64.11
989.6 -64.47
990.0 -64.37
990.4 -63.89
990.8 -64.08
991.2 -64.11
991.6 -63.86
992.0 -64.24
992.4 -63.94
992.8 -64.09
993.2 -64.16
993.6 -64.18
994.0 -64.36
994.4 -64.15
994.8 -64.11
995.2 -64.11
995.6 -64.09
996.0 -63.81
996.4 -63.94
996.8 -63.78
997.2 -64.01
997.6 -63.8
998.0 -64.11
998.4 -64.03
998.8 -64.23
999.2 -63.88
999.6 -64.13
1000.0 -63.91
