600.0 -210.0
600.4 -74.16
600.8 -72.42
601.2 -210.0
601.6 -210.0
602.0 -72.8
602.4 -210.0
602.8 -210.0
603.2 -78.31
603.6 -70.75
604.0 -73.6
604.4 -210.0
604.8 -70.64
605.2 -78.44
605.6 -210.0
606.0 -210.0
606.4 -210.0
606.8 -73.11
607.2 -210.0
607.6 -76.17
608.0 -71.23
608.4 -78.65
608.8 -75.16
609.2 -210.0
609.6 -210.0
610.0 -71.99
610.4 -75.77
610.8 -74.03
611.2 -210.0
611.6 -73.74
612.0 -210.0
612.4 -74.13
612.8 -210.0
613.2 -210.0
613.6 -210.0
614.0 -210.0
614.4 -210.0
614.8 -69.04
615.2 -71.66
615.6 -73.97
616.0 -210.0
616.4 -80.38
616.8 -71.75
617.2 -75.21
617.6 -72.22
618.0 -75.26
618.4 -75.73
618.8 -72.51
619.2 -71.52
619.6 -76.89
620.0 -210.0
620.4 -70.62
620.8 -210.0
621.2 -73.4
621.6 -73.7
622.0 -74.03
622.4 -76.48
622.8 -210.0
623.2 -210.0
623.6 -77.14
624.0 -75.62
624.4 -72.64
624.8 -72.44
625.2 -72.69
625.6 -210.0
626.0 -70.56
626.4 -69.14
626.8 -73.01
627.2 -78.03
627.6 -81.07
628.0 -85.87
628.4 -72.28
628.8 -210.0
629.2 -71.02
629.6 -210.0
630.0 -210.0
630.4 -210.0
630.8 -80.03
631.2 -74.95
631.6 -210.0
632.0 -75.35
632.4 -77.14
632.8 -210.0
633.2 -80.21
633.6 -81.48
634.0 -72.67
634.4 -210.0
634.8 -74.04
635.2 -72.57
635.6 -72.79
636.0 -74.39
636.4 -79.48
636.8 -210.0
637.2 -71.75
637.6 -78.77
638.0 -210.0
638.4 -73.0
638.8 -78.19
639.2 -75.54
639.6 -72.56
640.0 -75.94
640.4 -210.0
640.8 -73.01
641.2 -77.3
641.6 -75.42
642.0 -210.0
642.4 -210.0
642.8 -76.58
643.2 -77.99
643.6 -78.03
644.0 -210.0
644.4 -210.0
644.8 -210.0
645.2 -72.29
645.6 -87.25
646.0 -74.27
646.4 -210.0
646.8 -78.9
647.2 -73.96
647.6 -74.42
648.0 -75.41
648.4 -72.72
648.8 -74.75
649.2 -80.58
649.6 -73.63
650.0 -75.31
650.4 -210.0
650.8 -210.0
651.2 -72.18
651.6 -75.32
652.0 -79.84
652.4 -84.63
652.8 -74.63
653.2 -75.87
653.6 -75.6
654.0 -73.17
654.4 -76.51
654.8 -210.0
655.2 -74.87
655.6 -72.47
656.0 -210.0
656.4 -73.52
656.8 -210.0
657.2 -78.64
657.6 -70.86
658.0 -74.06
658.4 -73.05
658.8 -210.0
659.2 -75.38
659.6 -72.63
660.0 -71.07
660.4 -76.23
660.8 -82.92
661.2 -210.0
661.6 -73.72
662.0 -78.15
662.4 -71.57
662.8 -75.65
663.2 -79.91
663.6 -74.47
664.0 -80.71
664.4 -72.25
664.8 -74.47
665.2 -78.15
665.6 -78.15
666.0 -71.67
666.4 -74.47
666.8 -210.0
667.2 -75.39
667.6 -74.69
668.0 -210.0
668.4 -78.66
668.8 -77.7
669.2 -71.78
669.6 -71.07
670.0 -70.61
670.4 -71.06
670.8 -71.24
671.2 -72.76
671.6 -73.2
672.0 -71.98
672.4 -77.25
672.8 -72.74
673.2 -77.66
673.6 -75.35
674.0 -75.6
674.4 -75.88
674.8 -74.02
675.2 -70.15
675.6 -75.87
676.0 -73.48
676.4 -74.4
676.8 -72.3
677.2 -74.83
677.6 -69.91
678.0 -71.17
678.4 -75.84
678.8 -69.89
679.2 -73.98
679.6 -71.57
680.0 -70.51
680.4 -70.26
680.8 -73.1
681.2 -73.96
681.6 -73.25
682.0 -72.24
682.4 -73.08
682.8 -73.23
683.2 -71.86
683.6 -70.21
684.0 -74.11
684.4 -75.48
684.8 -75.48
685.2 -72.74
685.6 -71.39
686.0 -71.27
686.4 -73.36
686.8 -70.34
687.2 -70.25
687.6 -73.68
688.0 -73.01
688.4 -71.35
688.8 -71.91
689.2 -72.02
689.6 -71.03
690.0 -72.14
690.4 -72.39
690.8 -73.3
691.2 -87.44
691.6 -74.21
692.0 -71.3
692.4 -71.5
692.8 -70.98
693.2 -71.72
693.6 -70.0
694.0 -76.26
694.4 -72.33
694.8 -70.23
695.2 -73.4
695.6 -73.23
696.0 -78.91
696.4 -73.38
696.8 -73.55
697.2 -74.34
697.6 -71.78
698.0 -74.11
698.4 -73.35
698.8 -69.33
699.2 -78.28
699.6 -71.87
700.0 -72.99
700.4 -84.29
700.8 -75.83
701.2 -73.14
701.6 -73.86
702.0 -76.86
702.4 -71.03
702.8 -73.29
703.2 -74.47
703.6 -69.77
704.0 -70.62
704.4 -73.43
704.8 -70.61
705.2 -70.41
705.6 -72.31
706.0 -70.49
706.4 -70.3
706.8 -71.64
707.2 -72.14
707.6 -70.29
708.0 -70.37
708.4 -75.13
708.8 -71.15
709.2 -70.09
709.6 -72.11
710.0 -72.38
710.4 -74.15
710.8 -70.33
711.2 -75.68
711.6 -71.69
712.0 -69.98
712.4 -72.99
712.8 -77.58
713.2 -70.69
713.6 -75.65
714.0 -76.32
714.4 -72.19
714.8 -75.97
715.2 -74.09
715.6 -72.18
716.0 -70.56
716.4 -79.3
716.8 -74.08
717.2 -71.76
717.6 -71.63
718.0 -70.73
718.4 -71.27
718.8 -210.0
719.2 -71.37
719.6 -72.74
720.0 -72.57
720.4 -68.53
720.8 -75.9
721.2 -70.05
721.6 -71.35
722.0 -69.24
722.4 -70.49
722.8 -70.78
723.2 -74.23
723.6 -71.57
724.0 -79.22
724.4 -72.53
724.8 -73.99
725.2 -72.68
725.6 -75.86
726.0 -73.56
726.4 -70.36
726.8 -71.18
727.2 -70.16
727.6 -71.53
728.0 -72.49
728.4 -70.73
728.8 -73.34
729.2 -71.77
729.6 -69.47
730.0 -70.92
730.4 -72.8
730.8 -68.24
731.2 -68.18
731.6 -69.95
732.0 -72.01
732.4 -71.13
732.8 -210.0
733.2 -76.92
733.6 -69.06
734.0 -69.84
734.4 -71.46
734.8 -72.43
735.2 -73.1
735.6 -71.33
736.0 -74.59
736.4 -72.11
736.8 -71.2
737.2 -70.16
737.6 -70.25
738.0 -210.0
738.4 -74.09
738.8 -77.83
739.2 -71.81
739.6 -71.81
740.0 -74.81
740.4 -70.83
740.8 -77.82
741.2 -70.12
741.6 -71.4
742.0 -72.53
742.4 -86.85
742.8 -71.04
743.2 -69.93
743.6 -70.71
744.0 -70.49
744.4 -69.92
744.8 -73.4
745.2 -72.35
745.6 -69.66
746.0 -71.13
746.4 -71.5
746.8 -70.79
747.2 -73.19
747.6 -69.82
748.0 -69.56
748.4 -70.56
748.8 -68.73
749.2 -70.46
749.6 -210.0
750.0 -72.16
750.4 -69.54
750.8 -72.46
751.2 -72.63
751.6 -70.53
752.0 -70.22
752.4 -71.98
752.8 -72.77
753.2 -210.0
753.6 -210.0
754.0 -74.18
754.4 -69.65
754.8 -71.95
755.2 -69.08
755.6 -72.4
756.0 -69.3
756.4 -71.39
756.8 -71.38
757.2 -74.14
757.6 -73.07
758.0 -72.37
758.4 -69.86
758.8 -71.23
759.2 -70.23
759.6 -71.1
760.0 -72.03
760.4 -72.85
760.8 -72.5
761.2 -73.03
761.6 -71.87
762.0 -70.51
762.4 -70.4
762.8 -70.94
763.2 -69.81
763.6 -68.63
764.0 -69.13
764.4 -69.63
764.8 -71.42
765.2 -79.62
765.6 -75.14
766.0 -70.57
766.4 -70.57
766.8 -68.52
767.2 -210.0
767.6 -71.02
768.0 -71.01
768.4 -71.26
768.8 -71.25
769.2 -71.79
769.6 -69.01
770.0 -70.87
770.4 -71.37
770.8 -70.32
771.2 -68.63
771.6 -73.77
772.0 -72.4
772.4 -72.57
772.8 -70.01
773.2 -71.92
773.6 -70.11
774.0 -71.09
774.4 -70.2
774.8 -69.29
775.2 -73.98
775.6 -71.09
776.0 -70.29
776.4 -71.21
776.8 -70.5
777.2 -71.08
777.6 -68.26
778.0 -71.6
778.4 -70.39
778.8 -71.33
779.2 -70.72
779.6 -70.72
780.0 -72.03
780.4 -71.45
780.8 -70.59
781.2 -69.69
781.6 -68.5
782.0 -76.08
782.4 -72.88
782.8 -73.49
783.2 -68.03
783.6 -71.71
784.0 -74.18
784.4 -70.46
784.8 -73.05
785.2 -70.24
785.6 -75.34
786.0 -71.16
786.4 -78.01
786.8 -71.28
787.2 -70.44
787.6 -69.14
788.0 -69.74
788.4 -71.14
788.8 -68.75
789.2 -70.22
789.6 -71.27
790.0 -73.44
790.4 -71.39
790.8 -70.53
791.2 -76.02
791.6 -73.43
792.0 -71.25
792.4 -76.44
792.8 -68.87
793.2 -72.28
793.6 -68.3
794.0 -68.29
794.4 -70.73
794.8 -73.41
795.2 -68.93
795.6 -69.97
796.0 -69.87
796.4 -69.33
796.8 -69.78
797.2 -71.62
797.6 -68.91
798.0 -71.77
798.4 -70.82
798.8 -67.58
799.2 -69.85
799.6 -74.08
800.0 -69.84
800.4 -67.99
800.8 -69.75
801.2 -68.98
801.6 -73.83
802.0 -69.85
802.4 -67.19
802.8 -68.4
803.2 -69.41
803.6 -67.53
804.0 -70.72
804.4 -74.36
804.8 -69.0
805.2 -67.6
805.6 -70.08
806.0 -67.9
806.4 -65.62
806.8 -61.38
807.2 -57.27
807.6 -53.45
808.0 -51.88
808.4 -53.07
808.8 -53.63
809.2 -57.23
809.6 -64.65
810.0 -67.64
810.4 -72.31
810.8 -68.83
811.2 -68.34
811.6 -71.42
812.0 -69.86
812.4 -70.92
812.8 -68.23
813.2 -67.75
813.6 -69.7
814.0 -68.73
814.4 -70.5
814.8 -70.3
815.2 -68.27
815.6 -71.23
816.0 -69.74
816.4 -67.87
816.8 -68.93
817.2 -69.09
817.6 -68.95
818.0 -71.4
818.4 -69.69
818.8 -70.48
819.2 -67.64
819.6 -68.69
820.0 -69.23
820.4 -70.85
820.8 -72.04
821.2 -68.75
821.6 -70.26
822.0 -68.64
822.4 -68.94
822.8 -68.95
823.2 -69.27
823.6 -74.21
824.0 -69.54
824.4 -69.09
824.8 -69.03
825.2 -68.25
825.6 -70.61
826.0 -69.15
826.4 -72.1
826.8 -70.08
827.2 -70.09
827.6 -70.59
828.0 -69.15
828.4 -69.4
828.8 -71.17
829.2 -68.92
829.6 -68.8
830.0 -69.7
830.4 -71.26
830.8 -70.85
831.2 -67.82
831.6 -69.21
832.0 -69.68
832.4 -69.56
832.8 -70.15
833.2 -68.93
833.6 -69.65
834.0 -66.94
834.4 -69.22
834.8 -68.62
835.2 -67.11
835.6 -68.63
836.0 -67.97
836.4 -68.52
836.8 -68.38
837.2 -70.06
837.6 -68.33
838.0 -68.85
838.4 -68.71
838.8 -67.29
839.2 -70.06
839.6 -69.94
840.0 -68.15
840.4 -68.49
840.8 -68.29
841.2 -68.24
841.6 -68.54
842.0 -68.93
842.4 -68.64
842.8 -69.09
843.2 -67.86
843.6 -69.53
844.0 -69.53
844.4 -68.92
844.8 -69.45
845.2 -68.27
845.6 -68.63
846.0 -69.79
846.4 -70.64
846.8 -66.96
847.2 -66.7
847.6 -67.21
848.0 -68.57
848.4 -69.38
848.8 -66.99
849.2 -68.12
849.6 -69.58
850.0 -68.3
850.4 -66.76
850.8 -67.83
851.2 -68.49
851.6 -67.56
852.0 -67.52
852.4 -67.56
852.8 -69.04
853.2 -66.81
853.6 -68.18
854.0 -68.37
854.4 -67.71
854.8 -69.21
855.2 -67.67
855.6 -68.21
856.0 -67.61
856.4 -67.44
856.8 -67.32
857.2 -68.72
857.6 -67.56
858.0 -66.71
858.4 -67.68
858.8 -67.47
859.2 -66.67
859.6 -68.71
860.0 -67.71
860.4 -68.38
860.8 -67.32
861.2 -67.28
861.6 -68.63
862.0 -67.56
862.4 -66.74
862.8 -67.68
863.2 -67.38
863.6 -67.21
864.0 -68.19
864.4 -66.75
864.8 -67.24
865.2 -68.93
865.6 -68.81
866.0 -67.27
866.4 -66.99
866.8 -67.22
867.2 -67.05
867.6 -65.78
868.0 -67.67
868.4 -66.85
868.8 -67.75
869.2 -67.79
869.6 -68.18
870.0 -67.74
870.4 -67.13
870.8 -68.16
871.2 -66.53
871.6 -67.85
872.0 -68.45
872.4 -68.34
872.8 -66.87
873.2 -67.97
873.6 -67.77
874.0 -67.59
874.4 -66.41
874.8 -66.57
875.2 -67.18
875.6 -67.65
876.0 -66.92
876.4 -67.59
876.8 -67.15
877.2 -66.5
877.6 -67.95
878.0 -67.39
878.4 -66.38
878.8 -67.29
879.2 -66.99
879.6 -67.15
880.0 -64.55
880.4 -66.42
880.8 -66.64
881.2 -66.08
881.6 -66.6
882.0 -66.82
882.4 -66.27
882.8 -66.81
883.2 -66.07
883.6 -66.7
884.0 -67.48
884.4 -66.85
884.8 -67.6
885.2 -66.8
885.6 -67.17
886.0 -66.96
886.4 -67.21
886.8 -67.34
887.2 -67.5
887.6 -67.2
888.0 -66.99
888.4 -66.32
888.8 -66.36
889.2 -66.99
889.6 -67.11
890.0 -66.86
890.4 -67.06
890.8 -67.78
891.2 -66.72
891.6 -66.83
892.0 -67.65
892.4 -66.37
892.8 -67.22
893.2 -68.42
893.6 -66.85
894.0 -67.27
894.4 -66.67
894.8 -68.44
895.2 -66.95
895.6 -67.59
896.0 -66.58
896.4 -66.41
896.8 -68.58
897.2 -66.74
897.6 -66.78
898.0 -66.94
898.4 -67.53
898.8 -66.65
899.2 -67.63
899.6 -67.15
900.0 -66.96
900.4 -67.3
900.8 -67.75
901.2 -67.03
901.6 -66.91
902.0 -66.42
902.4 -66.43
902.8 -68.34
903.2 -66.99
903.6 -67.4
904.0 -67.33
904.4 -66.5
904.8 -69.45
905.2 -67.31
905.6 -67.36
906.0 -67.9
906.4 -67.17
906.8 -67.02
907.2 -68.53
907.6 -67.57
908.0 -66.68
908.4 -68.09
908.8 -66.73
909.2 -67.65
909.6 -67.11
910.0 -66.55
910.4 -68.15
910.8 -67.16
911.2 -68.04
911.6 -66.62
912.0 -67.54
912.4 -66.55
912.8 -66.44
913.2 -66.58
913.6 -68.64
914.0 -66.12
914.4 -68.07
914.8 -67.22
915.2 -68.16
915.6 -66.92
916.0 -69.18
916.4 -67.21
916.8 -68.61
917.2 -67.67
917.6 -67.38
918.0 -68.32
918.4 -66.8
918.8 -66.99
919.2 -68.05
919.6 -68.29
920.0 -67.92
920.4 -67.27
920.8 -66.91
921.2 -68.36
921.6 -68.92
922.0 -67.06
922.4 -68.16
922.8 -67.42
923.2 -67.5
923.6 -68.43
924.0 -68.54
924.4 -67.14
924.8 -68.53
925.2 -67.9
925.6 -67.8
926.0 -68.1
926.4 -67.96
926.8 -67.15
927.2 -67.36
927.6 -66.83
928.0 -67.87
928.4 -68.26
928.8 -68.45
929.2 -67.52
929.6 -67.54
930.0 -67.63
930.4 -67.09
930.8 -68.62
931.2 -68.73
931.6 -67.97
932.0 -66.96
932.4 -67.01
932.8 -67.96
933.2 -68.41
933.6 -67.38
934.0 -68.84
934.4 -67.65
934.8 -67.81
935.2 -68.23
935.6 -68.92
936.0 -68.39
936.4 -68.66
936.8 -68.76
937.2 -68.16
937.6 -68.25
938.0 -68.31
938.4 -68.04
938.8 -69.87
939.2 -68.76
939.6 -68.7
940.0 -69.1
940.4 -68.71
940.8 -69.98
941.2 -68.2
941.6 -68.58
942.0 -70.33
942.4 -69.43
942.8 -69.23
943.2 -68.08
943.6 -68.1
944.0 -68.96
944.4 -67.95
944.8 -67.75
945.2 -68.26
945.6 -67.89
946.0 -68.66
946.4 -68.91
946.8 -69.79
947.2 -68.81
947.6 -69.98
948.0 -69.37
948.4 -69.27
948.8 -68.68
949.2 -68.61
949.6 -68.66
950.0 -68.58
950.4 -68.88
950.8 -68.9
951.2 -68.74
951.6 -68.83
952.0 -69.46
952.4 -70.49
952.8 -68.58
953.2 -68.7
953.6 -68.9
954.0 -68.18
954.4 -68.98
954.8 -69.18
955.2 -68.85
955.6 -69.26
956.0 -69.93
956.4 -69.49
956.8 -68.83
957.2 -67.97
957.6 -68.3
958.0 -69.46
958.4 -69.29
958.8 -68.19
959.2 -69.22
959.6 -69.14
960.0 -68.73
960.4 -69.88
960.8 -69.08
961.2 -68.35
961.6 -68.14
962.0 -69.63
962.4 -68.6
962.8 -69.51
963.2 -68.57
963.6 -70.26
964.0 -69.13
964.4 -68.82
964.8 -68.8
965.2 -69.11
965.6 -68.68
966.0 -68.85
966.4 -69.22
966.8 -69.17
967.2 -68.89
967.6 -68.67
968.0 -69.28
968.4 -69.16
968.8 -69.95
969.2 -68.88
969.6 -69.54
970.0 -69.89
970.4 -68.86
970.8 -68.74
971.2 -70.12
971.6 -70.14
972.0 -69.57
972.4 -69.79
972.8 -69.11
973.2 -70.24
973.6 -68.65
974.0 -69.06
974.4 -69.8
974.8 -69.92
975.2 -69.83
975.6 -69.68
976.0 -69.72
976.4 -69.74
976.8 -69.17
977.2 -70.09
977.6 -70.41
978.0 -70.43
978.4 -69.61
978.8 -69.56
979.2 -70.4
979.6 -70.65
980.0 -69.29
980.4 -69.13
980.8 -70.34
981.2 -69.3
981.6 -69.85
982.0 -70.37
982.4 -70.57
982.8 -69.93
983.2 -70.64
983.6 -68.92
984.0 -69.69
984.4 -69.36
984.8 -69.43
985.2 -69.12
985.6 -68.87
986.0 -68.55
986.4 -69.36
986.8 -69.14
987.2 -68.46
987.6 -69.45
988.0 -68.73
988.4 -69.39
988.8 -69.15
989.2 -68.64
989.6 -68.46
990.0 -68.47
990.4 -68.42
990.8 -68.55
991.2 -68.22
991.6 -68.5
992.0 -68.7
992.4 -67.62
992.8 -68.87
993.2 -68.15
993.6 -67.93
994.0 -68.39
994.4 -68.6
994.8 -68.12
995.2 -68.05
995.6 -67.83
996.0 -67.94
996.4 -68.52
996.8 -68.31
997.2 -67.65
997.6 -67.75
998.0 -67.68
998.4 -68.72
998.8 -68.73
999.2 -68.23
999.6 -68.35
1000.0 -67.58
