600.0 -75.68
600.4 -74.16
600.8 -79.41
601.2 -71.9
601.6 -210.0
602.0 -70.12
602.4 -72.52
602.8 -72.27
603.2 -72.03
603.6 -73.95
604.0 -72.63
604.4 -210.0
604.8 -74.03
605.2 -210.0
605.6 -210.0
606.0 -84.53
606.4 -74.13
606.8 -72.02
607.2 -79.82
607.6 -73.16
608.0 -75.11
608.4 -68.65
608.8 -70.08
609.2 -69.16
609.6 -210.0
610.0 -73.01
610.4 -72.5
610.8 -70.51
611.2 -76.39
611.6 -210.0
612.0 -69.84
612.4 -210.0
612.8 -77.16
613.2 -69.78
613.6 -75.0
614.0 -69.83
614.4 -210.0
614.8 -76.61
615.2 -72.08
615.6 -210.0
616.0 -69.82
616.4 -82.15
616.8 -74.76
617.2 -73.44
617.6 -73.46
618.0 -73.79
618.4 -76.24
618.8 -70.98
619.2 -70.27
619.6 -69.22
620.0 -72.81
620.4 -74.6
620.8 -73.95
621.2 -70.82
621.6 -210.0
622.0 -69.7
622.4 -72.73
622.8 -69.75
623.2 -82.56
623.6 -72.37
624.0 -72.39
624.4 -71.33
624.8 -71.69
625.2 -71.55
625.6 -72.29
626.0 -71.77
626.4 -73.21
626.8 -74.03
627.2 -72.59
627.6 -74.08
628.0 -73.31
628.4 -70.58
628.8 -69.79
629.2 -68.61
629.6 -69.63
630.0 -69.66
630.4 -69.4
630.8 -69.62
631.2 -71.03
631.6 -69.13
632.0 -68.22
632.4 -77.72
632.8 -70.08
633.2 -69.8
633.6 -75.84
634.0 -69.75
634.4 -70.08
634.8 -69.44
635.2 -70.81
635.6 -73.4
636.0 -68.37
636.4 -72.32
636.8 -69.96
637.2 -69.54
637.6 -67.47
638.0 -68.73
638.4 -73.61
638.8 -70.31
639.2 -70.05
639.6 -69.07
640.0 -70.82
640.4 -69.62
640.8 -68.12
641.2 -67.55
641.6 -69.18
642.0 -68.46
642.4 -66.54
642.8 -70.76
643.2 -67.78
643.6 -70.44
644.0 -67.85
644.4 -69.01
644.8 -68.98
645.2 -68.88
645.6 -67.56
646.0 -68.76
646.4 -67.73
646.8 -69.29
647.2 -67.3
647.6 -67.88
648.0 -68.06
648.4 -67.41
648.8 -69.98
649.2 -67.98
649.6 -68.47
650.0 -67.49
650.4 -67.08
650.8 -68.92
651.2 -67.54
651.6 -68.18
652.0 -67.89
652.4 -68.5
652.8 -66.99
653.2 -68.77
653.6 -68.67
654.0 -67.56
654.4 -67.82
654.8 -67.44
655.2 -68.46
655.6 -66.9
656.0 -67.21
656.4 -67.29
656.8 -67.54
657.2 -67.85
657.6 -69.55
658.0 -67.46
658.4 -68.64
658.8 -66.82
659.2 -66.58
659.6 -65.92
660.0 -67.05
660.4 -67.28
660.8 -66.87
661.2 -66.27
661.6 -67.7
662.0 -67.05
662.4 -66.62
662.8 -66.83
663.2 -67.13
663.6 -67.4
664.0 -66.33
664.4 -66.73
664.8 -66.69
665.2 -67.36
665.6 -66.42
666.0 -66.23
666.4 -67.4
666.8 -67.28
667.2 -66.98
667.6 -66.83
668.0 -66.49
668.4 -66.42
668.8 -67.16
669.2 -66.83
669.6 -66.8
670.0 -66.29
670.4 -66.29
670.8 -66.34
671.2 -66.44
671.6 -66.57
672.0 -66.46
672.4 -66.66
672.8 -66.07
673.2 -66.76
673.6 -66.76
674.0 -66.0
674.4 -65.97
674.8 -65.73
675.2 -66.74
675.6 -66.43
676.0 -66.2
676.4 -66.94
676.8 -67.57
677.2 -66.25
677.6 -66.93
678.0 -66.4
678.4 -66.53
678.8 -65.75
679.2 -66.52
679.6 -65.86
680.0 -65.94
680.4 -66.9
680.8 -65.73
681.2 -66.11
681.6 -67.0
682.0 -66.99
682.4 -66.0
682.8 -66.47
683.2 -65.84
683.6 -65.63
684.0 -66.17
684.4 -66.56
684.8 -66.22
685.2 -67.43
685.6 -66.58
686.0 -66.57
686.4 -65.69
686.8 -66.46
687.2 -66.7
687.6 -66.15
688.0 -65.9
688.4 -65.95
688.8 -65.38
689.2 -65.91
689.6 -66.82
690.0 -66.03
690.4 -65.95
690.8 -65.92
691.2 -66.64
691.6 -66.61
692.0 -66.93
692.4 -65.74
692.8 -65.24
693.2 -65.91
693.6 -66.2
694.0 -66.22
694.4 -65.96
694.8 -65.83
695.2 -66.14
695.6 -65.44
696.0 -65.6
696.4 -66.08
696.8 -65.48
697.2 -65.04
697.6 -65.47
698.0 -65.43
698.4 -65.59
698.8 -65.62
699.2 -65.53
699.6 -65.89
700.0 -65.97
700.4 -66.4
700.8 -65.77
701.2 -65.89
701.6 -66.91
702.0 -65.97
702.4 -65.71
702.8 -65.62
703.2 -65.47
703.6 -65.61
704.0 -65.82
704.4 -65.06
704.8 -65.81
705.2 -66.43
705.6 -66.12
706.0 -65.34
706.4 -66.0
706.8 -66.38
707.2 -65.21
707.6 -66.26
708.0 -65.01
708.4 -66.07
708.8 -64.97
709.2 -65.7
709.6 -65.46
710.0 -65.76
710.4 -65.28
710.8 -66.25
711.2 -65.78
711.6 -66.0
712.0 -66.06
712.4 -65.74
712.8 -65.14
713.2 -65.36
713.6 -65.81
714.0 -66.04
714.4 -66.21
714.8 -66.69
715.2 -64.95
715.6 -65.63
716.0 -65.54
716.4 -65.41
716.8 -65.07
717.2 -65.68
717.6 -65.49
718.0 -66.35
718.4 -65.64
718.8 -65.88
719.2 -65.82
719.6 -65.04
720.0 -65.65
720.4 -65.52
720.8 -66.62
721.2 -65.76
721.6 -65.7
722.0 -65.75
722.4 -65.56
722.8 -65.81
723.2 -65.91
723.6 -65.88
724.0 -65.83
724.4 -66.14
724.8 -65.86
725.2 -66.28
725.6 -66.39
726.0 -65.71
726.4 -65.88
726.8 -65.55
727.2 -64.99
727.6 -65.13
728.0 -65.89
728.4 -65.38
728.8 -65.37
729.2 -65.62
729.6 -66.27
730.0 -66.15
730.4 -65.74
730.8 -66.0
731.2 -65.29
731.6 -65.32
732.0 -65.08
732.4 -65.46
732.8 -65.62
733.2 -67.09
733.6 -66.09
734.0 -66.5
734.4 -64.76
734.8 -65.14
735.2 -65.35
735.6 -66.4
736.0 -65.56
736.4 -65.88
736.8 -65.78
737.2 -66.59
737.6 -65.91
738.0 -66.46
738.4 -66.16
738.8 -67.32
739.2 -65.37
739.6 -65.4
740.0 -65.65
740.4 -65.89
740.8 -65.55
741.2 -65.45
741.6 -65.29
742.0 -65.29
742.4 -65.95
742.8 -65.34
743.2 -65.13
743.6 -64.93
744.0 -65.93
744.4 -66.78
744.8 -65.33
745.2 -66.45
745.6 -65.95
746.0 -65.74
746.4 -65.17
746.8 -65.64
747.2 -65.87
747.6 -66.12
748.0 -65.13
748.4 -65.56
748.8 -65.72
749.2 -66.11
749.6 -65.52
750.0 -65.61
750.4 -67.1
750.8 -66.28
751.2 -65.6
751.6 -65.94
752.0 -65.58
752.4 -65.75
752.8 -66.25
753.2 -66.06
753.6 -66.09
754.0 -65.43
754.4 -65.62
754.8 -65.72
755.2 -65.48
755.6 -66.67
756.0 -66.29
756.4 -65.99
756.8 -66.48
757.2 -66.32
757.6 -65.32
758.0 -65.61
758.4 -65.0
758.8 -65.92
759.2 -66.75
759.6 -66.45
760.0 -65.48
760.4 -65.94
760.8 -65.64
761.2 -65.85
761.6 -65.51
762.0 -65.81
762.4 -65.77
762.8 -66.58
763.2 -65.87
763.6 -65.73
764.0 -65.38
764.4 -66.98
764.8 -65.08
765.2 -65.53
765.6 -66.31
766.0 -66.43
766.4 -65.84
766.8 -65.94
767.2 -66.02
767.6 -64.91
768.0 -65.86
768.4 -66.36
768.8 -65.49
769.2 -65.81
769.6 -65.74
770.0 -65.28
770.4 -64.97
770.8 -65.13
771.2 -66.6
771.6 -65.69
772.0 -66.13
772.4 -65.12
772.8 -65.86
773.2 -65.83
773.6 -65.65
774.0 -65.85
774.4 -65.67
774.8 -65.14
775.2 -65.64
775.6 -66.37
776.0 -65.66
776.4 -66.23
776.8 -65.99
777.2 -64.68
777.6 -65.66
778.0 -66.47
778.4 -65.34
778.8 -64.9
779.2 -64.96
779.6 -65.28
780.0 -64.55
780.4 -64.89
780.8 -65.17
781.2 -66.05
781.6 -65.29
782.0 -66.2
782.4 -65.7
782.8 -64.97
783.2 -66.07
783.6 -64.18
784.0 -64.96
784.4 -65.66
784.8 -65.01
785.2 -64.66
785.6 -65.58
786.0 -65.2
786.4 -65.6
786.8 -66.51
787.2 -64.73
787.6 -67.07
788.0 -64.53
788.4 -64.84
788.8 -65.81
789.2 -65.22
789.6 -66.0
790.0 -65.69
790.4 -66.45
790.8 -65.51
791.2 -64.62
791.6 -65.5
792.0 -65.64
792.4 -64.56
792.8 -65.63
793.2 -65.15
793.6 -64.87
794.0 -64.99
794.4 -65.24
794.8 -65.45
795.2 -64.95
795.6 -64.45
796.0 -65.13
796.4 -65.65
796.8 -64.73
797.2 -63.39
797.6 -65.43
798.0 -64.12
798.4 -65.52
798.8 -64.62
799.2 -65.05
799.6 -64.71
800.0 -64.56
800.4 -64.42
800.8 -64.1
801.2 -63.71
801.6 -63.98
802.0 -64.74
802.4 -65.05
802.8 -64.78
803.2 -64.46
803.6 -65.19
804.0 -65.17
804.4 -64.47
804.8 -63.95
805.2 -64.42
805.6 -62.99
806.0 -62.93
806.4 -61.06
806.8 -57.72
807.2 -54.31
807.6 -50.02
808.0 -48.77
808.4 -49.63
808.8 -50.35
809.2 -54.99
809.6 -60.99
810.0 -62.72
810.4 -64.31
810.8 -63.86
811.2 -64.29
811.6 -63.92
812.0 -64.61
812.4 -64.31
812.8 -64.68
813.2 -64.72
813.6 -63.84
814.0 -64.56
814.4 -64.07
814.8 -64.52
815.2 -64.66
815.6 -64.81
816.0 -64.13
816.4 -65.1
816.8 -64.69
817.2 -64.05
817.6 -63.94
818.0 -64.36
818.4 -65.04
818.8 -64.13
819.2 -63.76
819.6 -63.99
820.0 -64.59
820.4 -64.17
820.8 -64.19
821.2 -63.62
821.6 -64.07
822.0 -63.63
822.4 -64.01
822.8 -64.97
823.2 -63.99
823.6 -64.98
824.0 -64.46
824.4 -63.92
824.8 -64.14
825.2 -65.04
825.6 -64.27
826.0 -64.07
826.4 -64.55
826.8 -64.49
827.2 -64.78
827.6 -63.85
828.0 -63.69
828.4 -63.69
828.8 -64.07
829.2 -64.41
829.6 -63.84
830.0 -64.13
830.4 -63.96
830.8 -64.68
831.2 -63.73
831.6 -64.3
832.0 -64.81
832.4 -64.01
832.8 -64.37
833.2 -64.42
833.6 -63.57
834.0 -63.97
834.4 -64.0
834.8 -63.45
835.2 -64.04
835.6 -64.4
836.0 -64.12
836.4 -63.75
836.8 -64.42
837.2 -63.89
837.6 -63.76
838.0 -64.16
838.4 -64.48
838.8 -63.83
839.2 -64.08
839.6 -64.15
840.0 -64.21
840.4 -64.99
840.8 -64.58
841.2 -64.19
841.6 -64.02
842.0 -64.43
842.4 -64.07
842.8 -64.57
843.2 -64.72
843.6 -65.03
844.0 -64.03
844.4 -64.72
844.8 -64.35
845.2 -64.27
845.6 -64.23
846.0 -64.71
846.4 -64.62
846.8 -64.39
847.2 -64.4
847.6 -64.46
848.0 -65.18
848.4 -64.61
848.8 -64.7
849.2 -64.4
849.6 -64.87
850.0 -64.41
850.4 -64.51
850.8 -65.31
851.2 -64.55
851.6 -65.04
852.0 -65.01
852.4 -64.22
852.8 -65.29
853.2 -64.89
853.6 -64.67
854.0 -64.59
854.4 -64.16
854.8 -64.79
855.2 -64.59
855.6 -64.41
856.0 -64.65
856.4 -64.91
856.8 -65.05
857.2 -64.64
857.6 -64.38
858.0 -65.14
858.4 -65.38
858.8 -64.63
859.2 -64.56
859.6 -64.65
860.0 -65.0
860.4 -64.7
860.8 -64.21
861.2 -64.27
861.6 -64.66
862.0 -64.68
862.4 -64.47
862.8 -64.02
863.2 -64.88
863.6 -64.78
864.0 -64.53
864.4 -65.17
864.8 -64.13
865.2 -64.45
865.6 -64.45
866.0 -64.71
866.4 -65.41
866.8 -65.0
867.2 -64.99
867.6 -64.36
868.0 -64.33
868.4 -64.75
868.8 -64.26
869.2 -64.58
869.6 -65.25
870.0 -64.96
870.4 -65.46
870.8 -64.58
871.2 -65.17
871.6 -65.61
872.0 -64.16
872.4 -65.35
872.8 -64.71
873.2 -64.72
873.6 -64.23
874.0 -65.05
874.4 -65.35
874.8 -64.65
875.2 -65.01
875.6 -65.07
876.0 -65.14
876.4 -65.01
876.8 -64.48
877.2 -64.92
877.6 -64.28
878.0 -65.86
878.4 -64.42
878.8 -65.2
879.2 -64.65
879.6 -64.42
880.0 -64.97
880.4 -64.66
880.8 -65.18
881.2 -65.42
881.6 -64.46
882.0 -65.45
882.4 -65.22
882.8 -65.22
883.2 -64.77
883.6 -65.2
884.0 -65.25
884.4 -65.67
884.8 -65.97
885.2 -64.81
885.6 -64.93
886.0 -65.16
886.4 -65.52
886.8 -64.81
887.2 -65.2
887.6 -65.15
888.0 -64.94
888.4 -65.31
888.8 -64.75
889.2 -65.26
889.6 -65.23
890.0 -65.53
890.4 -65.79
890.8 -65.39
891.2 -65.07
891.6 -65.1
892.0 -65.01
892.4 -64.55
892.8 -65.61
893.2 -65.04
893.6 -64.84
894.0 -64.83
894.4 -64.93
894.8 -65.66
895.2 -64.51
895.6 -64.65
896.0 -65.53
896.4 -64.68
896.8 -65.45
897.2 -64.96
897.6 -65.37
898.0 -65.49
898.4 -65.84
898.8 -65.02
899.2 -65.5
899.6 -65.02
900.0 -65.95
900.4 -65.72
900.8 -66.13
901.2 -65.32
901.6 -65.06
902.0 -66.06
902.4 -65.76
902.8 -65.77
903.2 -64.77
903.6 -65.08
904.0 -65.14
904.4 -65.38
904.8 -65.87
905.2 -65.62
905.6 -64.69
906.0 -65.39
906.4 -65.73
906.8 -64.86
907.2 -64.89
907.6 -65.18
908.0 -65.35
908.4 -65.49
908.8 -65.95
909.2 -65.08
909.6 -65.65
910.0 -65.56
910.4 -65.19
910.8 -65.43
911.2 -65.32
911.6 -65.96
912.0 -65.28
912.4 -65.55
912.8 -66.35
913.2 -65.63
913.6 -65.6
914.0 -65.86
914.4 -66.53
914.8 -66.04
915.2 -66.2
915.6 -66.18
916.0 -66.23
916.4 -65.54
916.8 -65.86
917.2 -66.28
917.6 -66.04
918.0 -66.85
918.4 -67.04
918.8 -66.89
919.2 -66.22
919.6 -66.26
920.0 -66.65
920.4 -65.68
920.8 -66.15
921.2 -66.45
921.6 -66.24
922.0 -65.56
922.4 -66.03
922.8 -67.14
923.2 -66.34
923.6 -65.9
924.0 -66.44
924.4 -66.34
924.8 -66.39
925.2 -66.88
925.6 -65.89
926.0 -66.55
926.4 -66.91
926.8 -66.57
927.2 -65.6
927.6 -65.76
928.0 -66.56
928.4 -65.92
928.8 -67.84
929.2 -66.96
929.6 -65.87
930.0 -65.6
930.4 -65.77
930.8 -66.26
931.2 -66.08
931.6 -66.59
932.0 -66.1
932.4 -66.15
932.8 -65.95
933.2 -65.83
933.6 -66.84
934.0 -66.66
934.4 -66.91
934.8 -66.76
935.2 -66.92
935.6 -65.6
936.0 -67.04
936.4 -66.42
936.8 -67.08
937.2 -67.48
937.6 -67.28
938.0 -66.93
938.4 -67.17
938.8 -66.5
939.2 -66.99
939.6 -66.93
940.0 -66.92
940.4 -66.49
940.8 -66.44
941.2 -66.64
941.6 -66.44
942.0 -66.61
942.4 -67.02
942.8 -66.35
943.2 -66.76
943.6 -67.59
944.0 -67.19
944.4 -66.45
944.8 -66.9
945.2 -67.08
945.6 -66.43
946.0 -66.39
946.4 -66.48
946.8 -66.35
947.2 -67.1
947.6 -66.73
948.0 -66.17
948.4 -66.49
948.8 -66.36
949.2 -66.77
949.6 -66.63
950.0 -66.61
950.4 -66.65
950.8 -67.13
951.2 -66.45
951.6 -67.29
952.0 -67.02
952.4 -67.16
952.8 -66.33
953.2 -67.01
953.6 -67.32
954.0 -66.95
954.4 -67.2
954.8 -66.79
955.2 -67.33
955.6 -67.07
956.0 -67.03
956.4 -66.7
956.8 -66.78
957.2 -66.68
957.6 -66.35
958.0 -66.47
958.4 -66.32
958.8 -66.82
959.2 -66.74
959.6 -66.27
960.0 -66.27
960.4 -66.87
960.8 -67.93
961.2 -66.74
961.6 -66.96
962.0 -66.69
962.4 -68.12
962.8 -66.78
963.2 -66.9
963.6 -66.35
964.0 -66.92
964.4 -66.78
964.8 -66.87
965.2 -67.05
965.6 -66.18
966.0 -66.33
966.4 -66.7
966.8 -66.23
967.2 -66.49
967.6 -66.73
968.0 -66.89
968.4 -67.23
968.8 -67.14
969.2 -66.52
969.6 -66.67
970.0 -66.02
970.4 -66.54
970.8 -66.81
971.2 -66.3
971.6 -66.7
972.0 -66.49
972.4 -66.45
972.8 -66.23
973.2 -66.87
973.6 -66.49
974.0 -66.93
974.4 -66.3
974.8 -66.33
975.2 -66.29
975.6 -66.42
976.0 -66.63
976.4 -66.65
976.8 -66.69
977.2 -66.74
977.6 -66.65
978.0 -66.83
978.4 -66.68
978.8 -66.47
979.2 -66.82
979.6 -66.46
980.0 -66.86
980.4 -66.6
980.8 -66.67
981.2 -66.59
981.6 -66.2
982.0 -66.4
982.4 -65.87
982.8 -66.15
983.2 -66.38
983.6 -65.96
984.0 -65.72
984.4 -65.77
984.8 -65.5
985.2 -65.45
985.6 -65.79
986.0 -65.82
986.4 -65.41
986.8 -65.51
987.2 -65.1
987.6 -65.24
988.0 -64.98
988.4 -65.0
988.8 -64.97
989.2 -65.27
989.6 -64.83
990.0 -65.16
990.4 -64.97
990.8 -65.19
991.2 -64.87
991.6 -65.01
992.0 -64.72
992.4 -64.42
992.8 -64.8
993.2 -64.65
993.6 -64.6
994.0 -64.92
994.4 -64.59
994.8 -65.03
995.2 -64.9
995.6 -64.77
996.0 -64.39
996.4 -64.63
996.8 -64.64
997.2 -64.57
997.6 -64.25
998.0 -64.74
998.4 -64.5
998.8 -64.6
999.2 -64.37
999.6 -64.58
1000.0 -64.42
