600.0 -70.71
600.4 -78.13
600.8 -72.72
601.2 -71.42
601.6 -210.0
602.0 -210.0
602.4 -71.5
602.8 -73.18
603.2 -77.35
603.6 -210.0
604.0 -75.36
604.4 -79.64
604.8 -76.66
605.2 -210.0
605.6 -210.0
606.0 -78.5
606.4 -74.13
606.8 -73.44
607.2 -210.0
607.6 -70.48
608.0 -81.65
608.4 -210.0
608.8 -68.58
609.2 -81.72
609.6 -70.95
610.0 -69.72
610.4 -75.77
610.8 -210.0
611.2 -210.0
611.6 -77.89
612.0 -210.0
612.4 -74.51
612.8 -72.64
613.2 -210.0
613.6 -210.0
614.0 -72.23
614.4 -71.23
614.8 -73.93
615.2 -82.08
615.6 -70.19
616.0 -210.0
616.4 -72.15
616.8 -79.15
617.2 -71.59
617.6 -71.61
618.0 -73.21
618.4 -72.97
618.8 -73.53
619.2 -210.0
619.6 -72.79
620.0 -71.75
620.4 -72.61
620.8 -74.62
621.2 -74.31
621.6 -73.16
622.0 -72.49
622.4 -71.37
622.8 -72.54
623.2 -210.0
623.6 -76.56
624.0 -71.3
624.4 -71.17
624.8 -71.69
625.2 -73.65
625.6 -72.29
626.0 -72.13
626.4 -210.0
626.8 -74.66
627.2 -69.09
627.6 -71.22
628.0 -70.07
628.4 -70.71
628.8 -69.29
629.2 -72.32
629.6 -71.99
630.0 -73.21
630.4 -70.84
630.8 -71.43
631.2 -72.47
631.6 -71.64
632.0 -79.16
632.4 -71.12
632.8 -77.75
633.2 -72.43
633.6 -68.93
634.0 -71.81
634.4 -69.59
634.8 -72.2
635.2 -68.97
635.6 -73.85
636.0 -73.43
636.4 -72.32
636.8 -72.69
637.2 -68.89
637.6 -69.93
638.0 -69.1
638.4 -70.18
638.8 -70.02
639.2 -70.05
639.6 -69.07
640.0 -71.17
640.4 -71.86
640.8 -69.74
641.2 -76.43
641.6 -68.96
642.0 -68.85
642.4 -70.33
642.8 -69.0
643.2 -70.04
643.6 -70.08
644.0 -69.61
644.4 -68.56
644.8 -69.39
645.2 -67.81
645.6 -67.85
646.0 -68.08
646.4 -69.12
646.8 -67.36
647.2 -68.19
647.6 -67.88
648.0 -69.9
648.4 -69.3
648.8 -67.12
649.2 -68.07
649.6 -68.57
650.0 -69.16
650.4 -68.64
650.8 -68.86
651.2 -69.11
651.6 -68.87
652.0 -68.65
652.4 -69.71
652.8 -68.5
653.2 -67.72
653.6 -67.69
654.0 -68.72
654.4 -68.3
654.8 -68.57
655.2 -68.52
655.6 -68.62
656.0 -67.8
656.4 -67.98
656.8 -69.21
657.2 -68.59
657.6 -68.75
658.0 -69.22
658.4 -67.68
658.8 -67.39
659.2 -67.08
659.6 -68.65
660.0 -67.44
660.4 -68.01
660.8 -67.16
661.2 -68.15
661.6 -68.45
662.0 -66.52
662.4 -66.46
662.8 -67.48
663.2 -67.32
663.6 -66.66
664.0 -67.48
664.4 -67.13
664.8 -67.87
665.2 -66.87
665.6 -66.69
666.0 -67.13
666.4 -67.53
666.8 -67.01
667.2 -67.2
667.6 -66.23
668.0 -66.36
668.4 -66.73
668.8 -66.33
669.2 -68.2
669.6 -67.65
670.0 -66.29
670.4 -66.79
670.8 -67.76
671.2 -68.13
671.6 -67.9
672.0 -66.36
672.4 -66.53
672.8 -66.79
673.2 -67.92
673.6 -68.02
674.0 -67.48
674.4 -67.56
674.8 -66.56
675.2 -66.14
675.6 -67.18
676.0 -67.13
676.4 -66.42
676.8 -67.36
677.2 -65.83
677.6 -66.09
678.0 -66.02
678.4 -66.27
678.8 -66.73
679.2 -66.26
679.6 -67.73
680.0 -67.37
680.4 -67.05
680.8 -67.16
681.2 -65.76
681.6 -66.6
682.0 -66.38
682.4 -66.59
682.8 -66.24
683.2 -66.72
683.6 -66.82
684.0 -65.95
684.4 -65.3
684.8 -65.74
685.2 -66.21
685.6 -66.87
686.0 -66.47
686.4 -66.33
686.8 -66.39
687.2 -67.0
687.6 -65.9
688.0 -66.02
688.4 -66.27
688.8 -65.77
689.2 -65.56
689.6 -67.73
690.0 -66.77
690.4 -66.14
690.8 -65.66
691.2 -66.87
691.6 -66.61
692.0 -65.22
692.4 -66.08
692.8 -67.16
693.2 -65.73
693.6 -66.07
694.0 -66.5
694.4 -65.8
694.8 -66.21
695.2 -65.1
695.6 -65.02
696.0 -65.72
696.4 -65.1
696.8 -66.28
697.2 -65.67
697.6 -65.61
698.0 -66.8
698.4 -65.68
698.8 -66.46
699.2 -66.63
699.6 -65.33
700.0 -66.37
700.4 -66.73
700.8 -65.87
701.2 -65.86
701.6 -65.86
702.0 -66.31
702.4 -66.03
702.8 -66.13
703.2 -65.21
703.6 -65.83
704.0 -67.25
704.4 -65.33
704.8 -65.5
705.2 -66.29
705.6 -66.29
706.0 -65.17
706.4 -66.17
706.8 -66.31
707.2 -65.58
707.6 -65.67
708.0 -66.05
708.4 -65.75
708.8 -65.68
709.2 -65.35
709.6 -66.23
710.0 -65.39
710.4 -67.47
710.8 -65.72
711.2 -65.78
711.6 -65.67
712.0 -65.09
712.4 -65.64
712.8 -65.92
713.2 -65.79
713.6 -66.58
714.0 -65.84
714.4 -65.12
714.8 -65.15
715.2 -65.33
715.6 -65.63
716.0 -66.02
716.4 -65.81
716.8 -65.24
717.2 -65.49
717.6 -65.37
718.0 -66.06
718.4 -65.89
718.8 -66.3
719.2 -66.72
719.6 -65.85
720.0 -65.55
720.4 -66.08
720.8 -66.07
721.2 -65.45
721.6 -65.39
722.0 -65.85
722.4 -65.75
722.8 -65.49
723.2 -64.71
723.6 -65.52
724.0 -65.33
724.4 -66.14
724.8 -64.64
725.2 -66.43
725.6 -66.39
726.0 -66.16
726.4 -65.62
726.8 -66.08
727.2 -66.04
727.6 -65.94
728.0 -66.32
728.4 -65.66
728.8 -64.97
729.2 -65.49
729.6 -65.46
730.0 -65.07
730.4 -65.42
730.8 -65.2
731.2 -65.32
731.6 -65.15
732.0 -65.85
732.4 -65.85
732.8 -65.43
733.2 -65.01
733.6 -65.45
734.0 -65.58
734.4 -65.17
734.8 -65.8
735.2 -64.89
735.6 -65.62
736.0 -65.69
736.4 -65.18
736.8 -65.42
737.2 -66.13
737.6 -65.98
738.0 -65.6
738.4 -64.75
738.8 -65.86
739.2 -65.66
739.6 -65.22
740.0 -65.85
740.4 -66.48
740.8 -65.52
741.2 -65.38
741.6 -65.67
742.0 -66.2
742.4 -65.48
742.8 -65.97
743.2 -66.12
743.6 -66.19
744.0 -65.79
744.4 -64.62
744.8 -65.09
745.2 -65.65
745.6 -64.88
746.0 -65.68
746.4 -66.44
746.8 -65.26
747.2 -65.47
747.6 -65.25
748.0 -65.25
748.4 -65.15
748.8 -65.59
749.2 -65.01
749.6 -65.69
750.0 -64.77
750.4 -64.33
750.8 -66.24
751.2 -65.84
751.6 -65.76
752.0 -65.86
752.4 -65.79
752.8 -66.33
753.2 -65.61
753.6 -65.31
754.0 -65.53
754.4 -64.96
754.8 -66.12
755.2 -66.3
755.6 -65.61
756.0 -65.24
756.4 -65.95
756.8 -65.23
757.2 -65.17
757.6 -65.51
758.0 -65.41
758.4 -64.91
758.8 -65.31
759.2 -65.33
759.6 -66.75
760.0 -65.83
760.4 -65.23
760.8 -65.47
761.2 -66.78
761.6 -65.96
762.0 -65.63
762.4 -65.3
762.8 -65.16
763.2 -66.09
763.6 -65.23
764.0 -65.0
764.4 -65.03
764.8 -65.24
765.2 -65.43
765.6 -66.04
766.0 -65.39
766.4 -64.78
766.8 -66.09
767.2 -65.62
767.6 -64.85
768.0 -64.37
768.4 -66.01
768.8 -65.04
769.2 -66.27
769.6 -65.56
770.0 -65.38
770.4 -65.62
770.8 -64.51
771.2 -66.06
771.6 -66.02
772.0 -64.93
772.4 -65.68
772.8 -65.08
773.2 -64.45
773.6 -64.29
774.0 -64.72
774.4 -65.71
774.8 -65.07
775.2 -65.17
775.6 -64.41
776.0 -65.32
776.4 -66.57
776.8 -65.77
777.2 -64.62
777.6 -65.7
778.0 -65.69
778.4 -65.02
778.8 -64.87
779.2 -65.72
779.6 -64.53
780.0 -65.47
780.4 -65.75
780.8 -64.38
781.2 -65.4
781.6 -65.56
782.0 -65.13
782.4 -65.22
782.8 -65.19
783.2 -65.02
783.6 -64.42
784.0 -64.18
784.4 -65.28
784.8 -64.69
785.2 -65.68
785.6 -65.4
786.0 -65.2
786.4 -65.67
786.8 -64.65
787.2 -64.68
787.6 -65.33
788.0 -63.82
788.4 -64.9
788.8 -65.06
789.2 -65.59
789.6 -64.69
790.0 -64.95
790.4 -64.27
790.8 -64.77
791.2 -64.91
791.6 -64.85
792.0 -64.42
792.4 -64.5
792.8 -64.15
793.2 -65.03
793.6 -65.03
794.0 -65.02
794.4 -65.28
794.8 -64.99
795.2 -63.79
795.6 -64.15
796.0 -63.85
796.4 -64.56
796.8 -64.1
797.2 -64.19
797.6 -64.27
798.0 -64.63
798.4 -64.24
798.8 -64.08
799.2 -64.03
799.6 -64.37
800.0 -64.44
800.4 -64.07
800.8 -63.59
801.2 -63.86
801.6 -63.88
802.0 -63.67
802.4 -63.53
802.8 -63.43
803.2 -63.52
803.6 -63.84
804.0 -63.98
804.4 -63.33
804.8 -63.64
805.2 -63.48
805.6 -63.52
806.0 -62.72
806.4 -60.43
806.8 -57.21
807.2 -53.66
807.6 -49.44
808.0 -48.15
808.4 -49.41
808.8 -49.71
809.2 -53.83
809.6 -60.91
810.0 -62.83
810.4 -62.86
810.8 -63.04
811.2 -63.68
811.6 -64.2
812.0 -63.5
812.4 -63.98
812.8 -64.51
813.2 -63.98
813.6 -64.06
814.0 -63.17
814.4 -63.2
814.8 -63.53
815.2 -64.31
815.6 -64.27
816.0 -63.66
816.4 -63.58
816.8 -64.29
817.2 -63.7
817.6 -64.01
818.0 -63.98
818.4 -63.97
818.8 -64.03
819.2 -62.74
819.6 -63.65
820.0 -63.04
820.4 -63.88
820.8 -63.83
821.2 -63.62
821.6 -63.37
822.0 -63.85
822.4 -63.63
822.8 -63.75
823.2 -63.77
823.6 -63.98
824.0 -63.15
824.4 -63.53
824.8 -63.59
825.2 -63.62
825.6 -64.27
826.0 -63.41
826.4 -64.4
826.8 -63.28
827.2 -64.07
827.6 -64.5
828.0 -64.06
828.4 -64.28
828.8 -63.91
829.2 -63.64
829.6 -64.37
830.0 -64.15
830.4 -64.18
830.8 -63.34
831.2 -63.83
831.6 -63.81
832.0 -64.05
832.4 -64.1
832.8 -63.61
833.2 -63.85
833.6 -64.36
834.0 -63.7
834.4 -63.56
834.8 -63.63
835.2 -63.9
835.6 -63.29
836.0 -63.52
836.4 -63.57
836.8 -63.84
837.2 -63.93
837.6 -63.6
838.0 -64.1
838.4 -63.98
838.8 -63.35
839.2 -63.7
839.6 -64.48
840.0 -63.9
840.4 -63.95
840.8 -63.55
841.2 -63.95
841.6 -63.93
842.0 -64.08
842.4 -63.94
842.8 -64.48
843.2 -63.96
843.6 -63.61
844.0 -64.0
844.4 -63.89
844.8 -64.31
845.2 -63.9
845.6 -63.97
846.0 -64.0
846.4 -63.77
846.8 -64.23
847.2 -63.83
847.6 -64.07
848.0 -64.34
848.4 -63.89
848.8 -64.24
849.2 -64.28
849.6 -63.8
850.0 -64.41
850.4 -64.25
850.8 -64.17
851.2 -64.85
851.6 -64.4
852.0 -63.81
852.4 -64.46
852.8 -64.75
853.2 -64.64
853.6 -64.12
854.0 -64.57
854.4 -64.7
854.8 -64.09
855.2 -64.05
855.6 -64.62
856.0 -64.52
856.4 -63.75
856.8 -64.31
857.2 -63.99
857.6 -64.1
858.0 -64.1
858.4 -64.37
858.8 -64.41
859.2 -64.94
859.6 -64.74
860.0 -64.34
860.4 -64.16
860.8 -64.23
861.2 -64.46
861.6 -64.08
862.0 -64.38
862.4 -65.03
862.8 -64.41
863.2 -64.48
863.6 -64.6
864.0 -64.4
864.4 -64.42
864.8 -64.7
865.2 -64.64
865.6 -64.34
866.0 -64.53
866.4 -65.1
866.8 -64.13
867.2 -64.54
867.6 -64.41
868.0 -64.27
868.4 -63.96
868.8 -65.48
869.2 -63.8
869.6 -64.47
870.0 -64.15
870.4 -64.86
870.8 -64.43
871.2 -64.31
871.6 -64.41
872.0 -64.72
872.4 -64.42
872.8 -64.53
873.2 -63.68
873.6 -64.34
874.0 -64.36
874.4 -64.77
874.8 -64.65
875.2 -64.43
875.6 -64.64
876.0 -64.43
876.4 -64.38
876.8 -64.85
877.2 -64.19
877.6 -64.99
878.0 -64.69
878.4 -64.64
878.8 -64.48
879.2 -64.12
879.6 -64.23
880.0 -64.11
880.4 -64.3
880.8 -64.37
881.2 -64.43
881.6 -64.22
882.0 -64.37
882.4 -64.31
882.8 -64.45
883.2 -64.49
883.6 -65.04
884.0 -64.02
884.4 -64.38
884.8 -64.81
885.2 -64.39
885.6 -64.03
886.0 -64.71
886.4 -64.22
886.8 -64.59
887.2 -63.96
887.6 -64.36
888.0 -65.0
888.4 -64.68
888.8 -64.38
889.2 -64.36
889.6 -64.8
890.0 -64.22
890.4 -64.84
890.8 -64.29
891.2 -64.32
891.6 -64.56
892.0 -64.83
892.4 -64.64
892.8 -63.63
893.2 -64.38
893.6 -64.27
894.0 -64.73
894.4 -64.46
894.8 -64.67
895.2 -64.44
895.6 -64.62
896.0 -65.2
896.4 -64.97
896.8 -64.18
897.2 -64.96
897.6 -64.35
898.0 -65.17
898.4 -65.3
898.8 -64.42
899.2 -65.67
899.6 -64.27
900.0 -64.74
900.4 -64.9
900.8 -65.01
901.2 -64.87
901.6 -65.32
902.0 -65.05
902.4 -64.91
902.8 -65.27
903.2 -64.3
903.6 -64.5
904.0 -64.97
904.4 -64.58
904.8 -64.87
905.2 -65.25
905.6 -64.83
906.0 -64.91
906.4 -65.29
906.8 -65.0
907.2 -64.85
907.6 -64.43
908.0 -64.74
908.4 -64.71
908.8 -64.74
909.2 -64.3
909.6 -63.99
910.0 -64.38
910.4 -64.42
910.8 -64.67
911.2 -64.8
911.6 -64.77
912.0 -65.06
912.4 -64.38
912.8 -64.71
913.2 -64.39
913.6 -63.97
914.0 -65.15
914.4 -64.54
914.8 -64.9
915.2 -65.08
915.6 -64.96
916.0 -64.89
916.4 -64.89
916.8 -64.6
917.2 -64.29
917.6 -64.62
918.0 -65.1
918.4 -65.3
918.8 -64.81
919.2 -65.62
919.6 -64.47
920.0 -64.7
920.4 -64.76
920.8 -65.46
921.2 -64.54
921.6 -65.35
922.0 -64.81
922.4 -65.21
922.8 -65.3
923.2 -64.61
923.6 -66.11
924.0 -64.59
924.4 -64.76
924.8 -64.92
925.2 -64.99
925.6 -64.53
926.0 -64.66
926.4 -64.72
926.8 -65.15
927.2 -64.9
927.6 -65.35
928.0 -64.55
928.4 -64.81
928.8 -64.0
929.2 -65.19
929.6 -64.9
930.0 -65.01
930.4 -64.9
930.8 -64.49
931.2 -64.65
931.6 -65.07
932.0 -64.64
932.4 -65.16
932.8 -64.88
933.2 -65.36
933.6 -65.3
934.0 -64.96
934.4 -65.15
934.8 -65.67
935.2 -65.09
935.6 -64.93
936.0 -64.99
936.4 -65.32
936.8 -65.4
937.2 -64.88
937.6 -64.81
938.0 -65.2
938.4 -65.32
938.8 -64.71
939.2 -65.4
939.6 -65.1
940.0 -65.11
940.4 -65.56
940.8 -65.03
941.2 -65.5
941.6 -65.28
942.0 -65.5
942.4 -65.42
942.8 -65.44
943.2 -65.41
943.6 -65.62
944.0 -65.26
944.4 -65.52
944.8 -65.02
945.2 -65.15
945.6 -65.39
946.0 -65.23
946.4 -65.48
946.8 -65.16
947.2 -65.32
947.6 -65.26
948.0 -65.28
948.4 -65.41
948.8 -65.65
949.2 -65.41
949.6 -65.81
950.0 -65.69
950.4 -65.78
950.8 -65.39
951.2 -65.35
951.6 -65.72
952.0 -65.18
952.4 -65.33
952.8 -65.33
953.2 -65.3
953.6 -65.51
954.0 -65.48
954.4 -65.22
954.8 -65.8
955.2 -65.46
955.6 -65.24
956.0 -65.58
956.4 -65.23
956.8 -65.18
957.2 -65.26
957.6 -65.52
958.0 -65.17
958.4 -64.95
958.8 -65.4
959.2 -65.54
959.6 -65.04
960.0 -65.89
960.4 -64.8
960.8 -65.52
961.2 -65.35
961.6 -64.88
962.0 -65.31
962.4 -65.0
962.8 -65.38
963.2 -64.96
963.6 -65.44
964.0 -65.03
964.4 -65.66
964.8 -64.96
965.2 -65.44
965.6 -64.84
966.0 -65.29
966.4 -65.18
966.8 -65.05
967.2 -65.03
967.6 -65.35
968.0 -65.15
968.4 -65.36
968.8 -65.07
969.2 -65.68
969.6 -65.16
970.0 -65.02
970.4 -65.28
970.8 -64.97
971.2 -65.42
971.6 -65.48
972.0 -65.21
972.4 -65.51
972.8 -65.64
973.2 -65.58
973.6 -65.48
974.0 -65.77
974.4 -65.72
974.8 -64.99
975.2 -65.18
975.6 -65.52
976.0 -65.9
976.4 -65.78
976.8 -65.58
977.2 -65.67
977.6 -65.28
978.0 -65.41
978.4 -65.71
978.8 -65.28
979.2 -65.13
979.6 -65.54
980.0 -65.32
980.4 -65.49
980.8 -65.53
981.2 -65.25
981.6 -65.46
982.0 -65.1
982.4 -65.05
982.8 -64.96
983.2 -65.05
983.6 -64.96
984.0 -64.68
984.4 -64.77
984.8 -64.91
985.2 -64.62
985.6 -64.59
986.0 -64.33
986.4 -64.55
986.8 -64.57
987.2 -64.23
987.6 -64.25
988.0 -64.18
988.4 -64.38
988.8 -64.22
989.2 -63.86
989.6 -63.91
990.0 -63.9
990.4 -64.11
990.8 -63.86
991.2 -63.61
991.6 -64.05
992.0 -63.67
992.4 -63.47
992.8 -63.41
993.2 -63.24
993.6 -63.51
994.0 -63.59
994.4 -63.19
994.8 -63.33
995.2 -63.23
995.6 -63.01
996.0 -63.16
996.4 -63.09
996.8 -63.16
997.2 -63.1
997.6 -63.03
998.0 -63.16
998.4 -63.02
998.8 -63.23
999.2 -63.01
999.6 -63.09
1000.0 -63.09
