600.0 -73.34
600.4 -74.16
600.8 -79.41
601.2 -76.42
601.6 -210.0
602.0 -76.48
602.4 -74.29
602.8 -69.69
603.2 -210.0
603.6 -210.0
604.0 -74.4
604.4 -210.0
604.8 -210.0
605.2 -210.0
605.6 -210.0
606.0 -71.1
606.4 -71.99
606.8 -210.0
607.2 -84.6
607.6 -210.0
608.0 -71.87
608.4 -78.65
608.8 -70.23
609.2 -75.18
609.6 -69.07
610.0 -70.15
610.4 -73.67
610.8 -73.69
611.2 -74.05
611.6 -210.0
612.0 -71.89
612.4 -74.13
612.8 -77.16
613.2 -77.98
613.6 -210.0
614.0 -210.0
614.4 -73.57
614.8 -210.0
615.2 -73.95
615.6 -82.1
616.0 -73.37
616.4 -69.03
616.8 -70.7
617.2 -210.0
617.6 -74.43
618.0 -71.11
618.4 -77.49
618.8 -72.51
619.2 -210.0
619.6 -210.0
620.0 -72.81
620.4 -210.0
620.8 -82.41
621.2 -70.82
621.6 -210.0
622.0 -70.72
622.4 -210.0
622.8 -210.0
623.2 -210.0
623.6 -69.36
624.0 -71.81
624.4 -75.65
624.8 -210.0
625.2 -85.7
625.6 -74.92
626.0 -76.2
626.4 -210.0
626.8 -76.76
627.2 -71.04
627.6 -210.0
628.0 -210.0
628.4 -72.28
628.8 -85.92
629.2 -76.9
629.6 -73.18
630.0 -72.99
630.4 -81.25
630.8 -76.51
631.2 -71.46
631.6 -75.7
632.0 -210.0
632.4 -80.15
632.8 -72.98
633.2 -210.0
633.6 -77.22
634.0 -77.25
634.4 -75.52
634.8 -69.53
635.2 -71.06
635.6 -72.98
636.0 -71.96
636.4 -73.04
636.8 -70.16
637.2 -71.9
637.6 -210.0
638.0 -75.79
638.4 -73.61
638.8 -71.87
639.2 -210.0
639.6 -73.28
640.0 -74.97
640.4 -70.15
640.8 -76.4
641.2 -72.53
641.6 -76.89
642.0 -71.6
642.4 -75.49
642.8 -210.0
643.2 -73.8
643.6 -71.04
644.0 -74.31
644.4 -74.58
644.8 -70.36
645.2 -71.29
645.6 -84.24
646.0 -71.71
646.4 -71.52
646.8 -70.2
647.2 -70.23
647.6 -76.63
648.0 -69.13
648.4 -71.26
648.8 -72.62
649.2 -70.49
649.6 -68.36
650.0 -72.43
650.4 -72.84
650.8 -70.71
651.2 -74.84
651.6 -69.7
652.0 -69.77
652.4 -69.51
652.8 -71.72
653.2 -72.32
653.6 -69.58
654.0 -69.72
654.4 -69.52
654.8 -71.42
655.2 -71.63
655.6 -71.12
656.0 -71.23
656.4 -73.86
656.8 -69.67
657.2 -71.05
657.6 -70.6
658.0 -71.65
658.4 -69.48
658.8 -70.87
659.2 -73.06
659.6 -71.77
660.0 -69.7
660.4 -71.07
660.8 -70.21
661.2 -69.77
661.6 -69.5
662.0 -69.63
662.4 -69.5
662.8 -70.71
663.2 -69.43
663.6 -69.91
664.0 -70.45
664.4 -68.66
664.8 -70.54
665.2 -71.78
665.6 -69.37
666.0 -69.5
666.4 -70.54
666.8 -70.29
667.2 -69.37
667.6 -69.5
668.0 -71.07
668.4 -70.62
668.8 -69.99
669.2 -70.79
669.6 -68.11
670.0 -69.69
670.4 -70.2
670.8 -69.97
671.2 -68.64
671.6 -68.98
672.0 -71.13
672.4 -68.86
672.8 -69.53
673.2 -70.25
673.6 -71.63
674.0 -70.74
674.4 -69.52
674.8 -70.48
675.2 -69.57
675.6 -69.57
676.0 -68.99
676.4 -68.13
676.8 -69.69
677.2 -71.82
677.6 -69.04
678.0 -69.03
678.4 -68.26
678.8 -70.61
679.2 -69.53
679.6 -71.91
680.0 -69.66
680.4 -71.9
680.8 -69.06
681.2 -71.66
681.6 -69.5
682.0 -70.83
682.4 -67.87
682.8 -70.73
683.2 -67.29
683.6 -69.9
684.0 -70.55
684.4 -68.95
684.8 -68.44
685.2 -69.25
685.6 -69.06
686.0 -69.38
686.4 -67.96
686.8 -70.01
687.2 -67.86
687.6 -69.42
688.0 -68.91
688.4 -70.23
688.8 -72.29
689.2 -68.07
689.6 -69.47
690.0 -69.67
690.4 -68.75
690.8 -69.74
691.2 -67.85
691.6 -68.8
692.0 -69.43
692.4 -68.61
692.8 -67.29
693.2 -67.86
693.6 -67.96
694.0 -67.76
694.4 -68.35
694.8 -69.39
695.2 -69.05
695.6 -69.97
696.0 -69.17
696.4 -69.8
696.8 -67.58
697.2 -69.79
697.6 -68.59
698.0 -67.94
698.4 -67.74
698.8 -68.13
699.2 -67.68
699.6 -69.32
700.0 -70.23
700.4 -69.81
700.8 -67.71
701.2 -67.65
701.6 -67.24
702.0 -68.35
702.4 -67.63
702.8 -68.75
703.2 -68.87
703.6 -67.3
704.0 -68.16
704.4 -68.26
704.8 -67.02
705.2 -68.19
705.6 -67.23
706.0 -68.7
706.4 -68.07
706.8 -68.94
707.2 -68.06
707.6 -68.16
708.0 -69.12
708.4 -68.04
708.8 -68.66
709.2 -66.87
709.6 -66.45
710.0 -67.38
710.4 -69.3
710.8 -67.19
711.2 -67.46
711.6 -66.68
712.0 -67.79
712.4 -68.56
712.8 -67.49
713.2 -67.99
713.6 -67.62
714.0 -68.79
714.4 -67.24
714.8 -67.33
715.2 -66.72
715.6 -67.23
716.0 -68.34
716.4 -66.44
716.8 -67.17
717.2 -67.99
717.6 -67.63
718.0 -67.62
718.4 -67.87
718.8 -67.06
719.2 -68.08
719.6 -66.6
720.0 -66.55
720.4 -68.35
720.8 -66.95
721.2 -67.26
721.6 -66.78
722.0 -67.53
722.4 -68.9
722.8 -69.38
723.2 -69.46
723.6 -69.23
724.0 -68.37
724.4 -67.32
724.8 -67.45
725.2 -68.19
725.6 -66.31
726.0 -66.65
726.4 -67.03
726.8 -66.93
727.2 -66.98
727.6 -66.18
728.0 -67.01
728.4 -68.16
728.8 -67.87
729.2 -67.98
729.6 -67.46
730.0 -67.86
730.4 -67.36
730.8 -67.49
731.2 -66.85
731.6 -68.01
732.0 -68.06
732.4 -67.19
732.8 -67.48
733.2 -66.75
733.6 -68.59
734.0 -67.37
734.4 -67.32
734.8 -67.51
735.2 -66.11
735.6 -66.64
736.0 -66.73
736.4 -67.11
736.8 -66.02
737.2 -66.72
737.6 -68.07
738.0 -67.14
738.4 -66.75
738.8 -67.89
739.2 -66.07
739.6 -67.94
740.0 -65.78
740.4 -66.86
740.8 -66.81
741.2 -66.89
741.6 -66.8
742.0 -66.59
742.4 -67.71
742.8 -66.34
743.2 -67.2
743.6 -67.8
744.0 -68.25
744.4 -67.28
744.8 -67.33
745.2 -66.18
745.6 -67.23
746.0 -66.86
746.4 -66.44
746.8 -67.57
747.2 -67.77
747.6 -66.72
748.0 -66.89
748.4 -66.84
748.8 -66.84
749.2 -68.34
749.6 -66.71
750.0 -66.53
750.4 -66.7
750.8 -66.44
751.2 -67.04
751.6 -66.64
752.0 -67.07
752.4 -66.63
752.8 -66.97
753.2 -67.4
753.6 -67.93
754.0 -66.69
754.4 -67.14
754.8 -66.95
755.2 -67.03
755.6 -66.63
756.0 -66.45
756.4 -66.02
756.8 -65.69
757.2 -66.7
757.6 -67.65
758.0 -66.04
758.4 -66.68
758.8 -66.18
759.2 -66.62
759.6 -65.66
760.0 -67.16
760.4 -66.28
760.8 -66.04
761.2 -65.82
761.6 -66.08
762.0 -66.26
762.4 -65.84
762.8 -67.13
763.2 -66.54
763.6 -66.71
764.0 -66.62
764.4 -68.1
764.8 -65.81
765.2 -66.11
765.6 -66.97
766.0 -66.6
766.4 -65.7
766.8 -65.58
767.2 -66.63
767.6 -66.42
768.0 -67.38
768.4 -66.16
768.8 -65.6
769.2 -66.44
769.6 -66.19
770.0 -65.84
770.4 -66.39
770.8 -65.99
771.2 -66.97
771.6 -67.11
772.0 -67.46
772.4 -66.09
772.8 -66.21
773.2 -66.21
773.6 -66.38
774.0 -66.2
774.4 -66.04
774.8 -65.89
775.2 -64.86
775.6 -67.29
776.0 -66.03
776.4 -67.23
776.8 -66.11
777.2 -66.03
777.6 -64.82
778.0 -65.34
778.4 -66.06
778.8 -66.1
779.2 -65.51
779.6 -65.41
780.0 -65.17
780.4 -66.46
780.8 -66.17
781.2 -65.47
781.6 -66.0
782.0 -65.42
782.4 -66.41
782.8 -67.05
783.2 -65.41
783.6 -65.8
784.0 -66.75
784.4 -65.88
784.8 -66.06
785.2 -65.83
785.6 -65.44
786.0 -65.94
786.4 -65.64
786.8 -65.43
787.2 -65.07
787.6 -66.51
788.0 -65.93
788.4 -65.7
788.8 -65.45
789.2 -66.04
789.6 -67.16
790.0 -65.37
790.4 -65.65
790.8 -66.81
791.2 -65.43
791.6 -65.94
792.0 -66.27
792.4 -65.64
792.8 -66.01
793.2 -66.6
793.6 -64.49
794.0 -64.83
794.4 -66.37
794.8 -66.29
795.2 -65.55
795.6 -64.98
796.0 -65.04
796.4 -65.44
796.8 -65.2
797.2 -65.06
797.6 -64.93
798.0 -64.81
798.4 -66.26
798.8 -64.68
799.2 -65.52
799.6 -65.45
800.0 -66.12
800.4 -64.5
800.8 -65.04
801.2 -64.62
801.6 -65.02
802.0 -65.56
802.4 -65.35
802.8 -64.84
803.2 -64.46
803.6 -64.41
804.0 -64.98
804.4 -65.07
804.8 -65.47
805.2 -64.62
805.6 -64.8
806.0 -62.97
806.4 -61.6
806.8 -57.92
807.2 -54.31
807.6 -50.35
808.0 -48.98
808.4 -49.97
808.8 -50.37
809.2 -54.06
809.6 -61.36
810.0 -62.98
810.4 -64.61
810.8 -64.97
811.2 -64.85
811.6 -65.27
812.0 -64.67
812.4 -64.84
812.8 -63.71
813.2 -65.37
813.6 -65.02
814.0 -65.24
814.4 -65.0
814.8 -64.33
815.2 -65.04
815.6 -64.61
816.0 -65.28
816.4 -65.29
816.8 -65.14
817.2 -65.47
817.6 -65.48
818.0 -65.45
818.4 -64.19
818.8 -64.99
819.2 -64.49
819.6 -66.01
820.0 -65.21
820.4 -64.09
820.8 -64.57
821.2 -65.09
821.6 -65.05
822.0 -64.77
822.4 -64.77
822.8 -65.34
823.2 -64.66
823.6 -64.89
824.0 -64.31
824.4 -64.78
824.8 -64.39
825.2 -64.42
825.6 -64.72
826.0 -64.65
826.4 -64.67
826.8 -65.53
827.2 -64.89
827.6 -65.02
828.0 -64.24
828.4 -64.73
828.8 -65.2
829.2 -64.81
829.6 -64.21
830.0 -64.98
830.4 -64.85
830.8 -64.83
831.2 -65.02
831.6 -64.73
832.0 -64.01
832.4 -65.52
832.8 -64.26
833.2 -64.85
833.6 -64.98
834.0 -64.93
834.4 -63.28
834.8 -64.26
835.2 -64.83
835.6 -63.8
836.0 -64.31
836.4 -64.36
836.8 -64.66
837.2 -63.78
837.6 -64.25
838.0 -63.66
838.4 -64.09
838.8 -63.95
839.2 -64.41
839.6 -64.24
840.0 -64.1
840.4 -64.21
840.8 -63.81
841.2 -64.79
841.6 -65.26
842.0 -63.62
842.4 -64.32
842.8 -63.85
843.2 -63.54
843.6 -64.61
844.0 -63.87
844.4 -63.35
844.8 -63.43
845.2 -64.29
845.6 -63.91
846.0 -63.86
846.4 -63.81
846.8 -64.58
847.2 -64.2
847.6 -63.47
848.0 -63.47
848.4 -63.9
848.8 -63.64
849.2 -63.49
849.6 -63.62
850.0 -63.98
850.4 -63.55
850.8 -64.31
851.2 -63.6
851.6 -63.31
852.0 -63.47
852.4 -63.37
852.8 -63.39
853.2 -63.13
853.6 -63.39
854.0 -63.26
854.4 -63.45
854.8 -63.06
855.2 -63.79
855.6 -63.59
856.0 -63.25
856.4 -63.37
856.8 -63.69
857.2 -63.38
857.6 -63.38
858.0 -62.93
858.4 -63.49
858.8 -63.47
859.2 -63.45
859.6 -63.39
860.0 -63.58
860.4 -62.77
860.8 -63.05
861.2 -62.87
861.6 -62.94
862.0 -63.46
862.4 -63.61
862.8 -63.11
863.2 -62.85
863.6 -62.83
864.0 -63.3
864.4 -62.78
864.8 -62.97
865.2 -62.77
865.6 -62.6
866.0 -62.78
866.4 -62.93
866.8 -63.05
867.2 -63.3
867.6 -63.01
868.0 -63.29
868.4 -62.78
868.8 -62.9
869.2 -62.27
869.6 -62.61
870.0 -62.45
870.4 -62.9
870.8 -62.35
871.2 -62.8
871.6 -62.7
872.0 -62.59
872.4 -62.41
872.8 -62.36
873.2 -62.37
873.6 -62.73
874.0 -62.46
874.4 -63.1
874.8 -62.29
875.2 -62.8
875.6 -63.02
876.0 -62.62
876.4 -62.96
876.8 -62.33
877.2 -62.5
877.6 -62.73
878.0 -62.36
878.4 -61.9
878.8 -62.31
879.2 -61.99
879.6 -62.37
880.0 -62.41
880.4 -62.02
880.8 -62.14
881.2 -62.32
881.6 -61.98
882.0 -62.54
882.4 -62.27
882.8 -62.15
883.2 -61.78
883.6 -62.02
884.0 -62.31
884.4 -62.04
884.8 -62.32
885.2 -62.26
885.6 -62.06
886.0 -62.54
886.4 -62.12
886.8 -62.08
887.2 -62.06
887.6 -62.22
888.0 -62.07
888.4 -61.74
888.8 -61.96
889.2 -62.1
889.6 -62.33
890.0 -62.1
890.4 -61.95
890.8 -61.9
891.2 -61.9
891.6 -61.88
892.0 -61.96
892.4 -62.49
892.8 -62.09
893.2 -62.15
893.6 -61.78
894.0 -62.36
894.4 -61.7
894.8 -61.73
895.2 -62.34
895.6 -61.79
896.0 -61.55
896.4 -61.78
896.8 -61.76
897.2 -61.69
897.6 -61.85
898.0 -61.98
898.4 -61.83
898.8 -61.61
899.2 -62.12
899.6 -61.81
900.0 -61.9
900.4 -61.79
900.8 -61.68
901.2 -61.98
901.6 -61.72
902.0 -61.53
902.4 -61.7
902.8 -61.64
903.2 -61.57
903.6 -61.55
904.0 -61.67
904.4 -61.91
904.8 -61.68
905.2 -61.75
905.6 -61.58
906.0 -61.54
906.4 -61.57
906.8 -61.48
907.2 -61.43
907.6 -61.46
908.0 -61.11
908.4 -61.47
908.8 -61.43
909.2 -61.24
909.6 -61.56
910.0 -61.53
910.4 -61.31
910.8 -61.18
911.2 -61.27
911.6 -61.12
912.0 -61.37
912.4 -61.25
912.8 -61.2
913.2 -60.98
913.6 -61.24
914.0 -60.96
914.4 -61.22
914.8 -61.32
915.2 -60.96
915.6 -61.03
916.0 -61.36
916.4 -61.09
916.8 -61.17
917.2 -61.2
917.6 -61.11
918.0 -61.2
918.4 -60.96
918.8 -61.14
919.2 -61.09
919.6 -60.97
920.0 -61.0
920.4 -60.69
920.8 -60.91
921.2 -60.83
921.6 -60.8
922.0 -60.76
922.4 -60.75
922.8 -60.69
923.2 -60.8
923.6 -60.72
924.0 -60.69
924.4 -60.84
924.8 -60.67
925.2 -60.66
925.6 -60.88
926.0 -60.58
926.4 -60.45
926.8 -60.57
927.2 -60.77
927.6 -60.68
928.0 -60.49
928.4 -60.46
928.8 -60.44
929.2 -60.24
929.6 -60.48
930.0 -60.27
930.4 -60.32
930.8 -60.41
931.2 -60.48
931.6 -60.17
932.0 -60.13
932.4 -60.46
932.8 -60.02
933.2 -60.29
933.6 -60.22
934.0 -60.41
934.4 -60.39
934.8 -60.34
935.2 -60.17
935.6 -60.21
936.0 -60.05
936.4 -60.29
936.8 -60.12
937.2 -60.32
937.6 -60.04
938.0 -60.14
938.4 -60.21
938.8 -60.18
939.2 -60.04
939.6 -60.01
940.0 -59.98
940.4 -60.0
940.8 -59.92
941.2 -60.18
941.6 -60.01
942.0 -59.9
942.4 -60.13
942.8 -60.03
943.2 -60.0
943.6 -60.02
944.0 -59.84
944.4 -59.88
944.8 -59.86
945.2 -59.76
945.6 -59.95
946.0 -59.85
946.4 -59.99
946.8 -59.89
947.2 -59.88
947.6 -59.76
948.0 -59.8
948.4 -59.72
948.8 -59.64
949.2 -59.93
949.6 -59.75
950.0 -59.65
950.4 -59.66
950.8 -59.87
951.2 -59.75
951.6 -59.75
952.0 -59.57
952.4 -59.63
952.8 -59.66
953.2 -59.54
953.6 -59.51
954.0 -59.79
954.4 -59.63
954.8 -59.64
955.2 -59.72
955.6 -59.55
956.0 -59.69
956.4 -59.58
956.8 -59.67
957.2 -59.5
957.6 -59.63
958.0 -59.72
958.4 -59.64
958.8 -59.6
959.2 -59.67
959.6 -59.41
960.0 -59.69
960.4 -59.38
960.8 -59.36
961.2 -59.27
961.6 -59.37
962.0 -59.14
962.4 -59.27
962.8 -59.32
963.2 -59.28
963.6 -59.2
964.0 -59.18
964.4 -59.06
964.8 -59.11
965.2 -59.09
965.6 -58.82
966.0 -58.88
966.4 -59.01
966.8 -59.05
967.2 -59.03
967.6 -59.16
968.0 -58.96
968.4 -59.01
968.8 -59.06
969.2 -59.14
969.6 -59.13
970.0 -59.22
970.4 -59.19
970.8 -59.1
971.2 -59.11
971.6 -59.18
972.0 -59.01
972.4 -59.05
972.8 -59.21
973.2 -59.2
973.6 -59.23
974.0 -59.16
974.4 -59.38
974.8 -59.38
975.2 -59.36
975.6 -59.26
976.0 -59.3
976.4 -59.45
976.8 -59.44
977.2 -59.4
977.6 -59.45
978.0 -59.46
978.4 -59.45
978.8 -59.44
979.2 -59.34
979.6 -59.43
980.0 -59.37
980.4 -59.36
980.8 -59.21
981.2 -59.47
981.6 -59.22
982.0 -59.09
982.4 -59.26
982.8 -59.14
983.2 -58.99
983.6 -58.88
984.0 -58.85
984.4 -58.83
984.8 -58.9
985.2 -58.71
985.6 -58.66
986.0 -58.66
986.4 -58.73
986.8 -58.72
987.2 -58.7
987.6 -58.58
988.0 -58.56
988.4 -58.45
988.8 -58.48
989.2 -58.46
989.6 -58.44
990.0 -58.45
990.4 -58.37
990.8 -58.35
991.2 -58.27
991.6 -58.36
992.0 -58.24
992.4 -58.24
992.8 -58.15
993.2 -58.21
993.6 -58.13
994.0 -58.16
994.4 -58.18
994.8 -58.29
995.2 -58.21
995.6 -58.23
996.0 -58.3
996.4 -58.31
996.8 -58.28
997.2 -58.24
997.6 -58.37
998.0 -58.35
998.4 -58.34
998.8 -58.4
999.2 -58.34
999.6 -58.35
1000.0 -58.35
