600.0 -71.83
600.4 -210.0
600.8 -75.15
601.2 -210.0
601.6 -74.24
602.0 -79.49
602.4 -84.29
602.8 -72.85
603.2 -72.29
603.6 -73.57
604.0 -73.6
604.4 -210.0
604.8 -84.45
605.2 -72.42
605.6 -78.47
606.0 -210.0
606.4 -210.0
606.8 -71.79
607.2 -210.0
607.6 -73.49
608.0 -210.0
608.4 -73.88
608.8 -78.68
609.2 -79.95
609.6 -69.7
610.0 -210.0
610.4 -70.03
610.8 -81.82
611.2 -210.0
611.6 -71.87
612.0 -77.91
612.4 -72.62
612.8 -72.9
613.2 -210.0
613.6 -210.0
614.0 -210.0
614.4 -210.0
614.8 -72.28
615.2 -70.77
615.6 -210.0
616.0 -76.1
616.4 -70.84
616.8 -70.55
617.2 -73.16
617.6 -75.23
618.0 -82.25
618.4 -73.51
618.8 -80.52
619.2 -71.52
619.6 -80.57
620.0 -210.0
620.4 -71.97
620.8 -70.36
621.2 -74.31
621.6 -67.47
622.0 -72.71
622.4 -74.72
622.8 -71.74
623.2 -70.38
623.6 -71.79
624.0 -70.17
624.4 -72.03
624.8 -70.75
625.2 -75.28
625.6 -70.4
626.0 -71.27
626.4 -68.06
626.8 -85.8
627.2 -71.34
627.6 -69.72
628.0 -71.89
628.4 -70.58
628.8 -210.0
629.2 -68.53
629.6 -69.63
630.0 -210.0
630.4 -71.55
630.8 -72.44
631.2 -69.96
631.6 -74.35
632.0 -71.83
632.4 -72.2
632.8 -67.88
633.2 -67.78
633.6 -68.4
634.0 -67.59
634.4 -70.19
634.8 -68.28
635.2 -72.76
635.6 -75.27
636.0 -71.52
636.4 -71.28
636.8 -67.41
637.2 -68.74
637.6 -68.7
638.0 -69.77
638.4 -67.98
638.8 -69.83
639.2 -69.19
639.6 -70.17
640.0 -69.41
640.4 -67.58
640.8 -68.49
641.2 -69.6
641.6 -68.82
642.0 -68.34
642.4 -68.32
642.8 -68.8
643.2 -67.73
643.6 -67.57
644.0 -69.17
644.4 -67.59
644.8 -67.22
645.2 -68.12
645.6 -68.61
646.0 -68.95
646.4 -68.45
646.8 -69.16
647.2 -66.45
647.6 -68.03
648.0 -67.68
648.4 -67.67
648.8 -68.56
649.2 -67.07
649.6 -67.35
650.0 -68.69
650.4 -67.62
650.8 -68.27
651.2 -67.13
651.6 -67.21
652.0 -67.33
652.4 -66.63
652.8 -66.74
653.2 -67.42
653.6 -67.19
654.0 -68.06
654.4 -66.89
654.8 -68.02
655.2 -67.28
655.6 -67.61
656.0 -67.84
656.4 -66.73
656.8 -66.8
657.2 -69.16
657.6 -68.43
658.0 -67.22
658.4 -66.44
658.8 -67.23
659.2 -65.87
659.6 -67.47
660.0 -66.69
660.4 -67.32
660.8 -67.28
661.2 -67.16
661.6 -67.44
662.0 -67.01
662.4 -67.87
662.8 -66.42
663.2 -66.49
663.6 -65.96
664.0 -67.4
664.4 -66.66
664.8 -66.33
665.2 -67.24
665.6 -66.98
666.0 -67.09
666.4 -66.39
666.8 -66.87
667.2 -66.98
667.6 -67.05
668.0 -67.16
668.4 -65.55
668.8 -66.76
669.2 -66.69
669.6 -66.39
670.0 -65.95
670.4 -66.75
670.8 -67.46
671.2 -66.64
671.6 -66.03
672.0 -66.73
672.4 -65.44
672.8 -66.62
673.2 -67.2
673.6 -66.69
674.0 -66.34
674.4 -66.85
674.8 -66.21
675.2 -66.11
675.6 -66.77
676.0 -66.42
676.4 -67.37
676.8 -66.65
677.2 -65.83
677.6 -66.86
678.0 -66.47
678.4 -65.51
678.8 -66.36
679.2 -66.32
679.6 -65.69
680.0 -66.79
680.4 -65.57
680.8 -66.37
681.2 -66.64
681.6 -66.67
682.0 -66.59
682.4 -65.71
682.8 -66.05
683.2 -66.41
683.6 -66.36
684.0 -66.14
684.4 -66.42
684.8 -65.07
685.2 -65.73
685.6 -66.69
686.0 -66.43
686.4 -65.3
686.8 -66.56
687.2 -65.62
687.6 -65.21
688.0 -65.53
688.4 -65.86
688.8 -67.31
689.2 -66.71
689.6 -65.56
690.0 -66.06
690.4 -65.3
690.8 -65.32
691.2 -66.61
691.6 -65.34
692.0 -66.22
692.4 -65.24
692.8 -65.74
693.2 -66.44
693.6 -65.42
694.0 -65.27
694.4 -65.29
694.8 -64.96
695.2 -65.44
695.6 -65.7
696.0 -66.19
696.4 -65.4
696.8 -65.65
697.2 -65.44
697.6 -66.14
698.0 -66.1
698.4 -65.31
698.8 -64.85
699.2 -65.85
699.6 -66.28
700.0 -65.29
700.4 -65.9
700.8 -65.71
701.2 -66.11
701.6 -65.61
702.0 -65.57
702.4 -66.51
702.8 -66.16
703.2 -65.44
703.6 -65.61
704.0 -65.43
704.4 -65.84
704.8 -65.59
705.2 -65.73
705.6 -65.41
706.0 -66.25
706.4 -65.56
706.8 -65.56
707.2 -65.8
707.6 -65.32
708.0 -65.63
708.4 -65.5
708.8 -65.03
709.2 -65.55
709.6 -65.52
710.0 -65.39
710.4 -65.98
710.8 -66.14
711.2 -66.98
711.6 -65.86
712.0 -65.55
712.4 -65.01
712.8 -65.99
713.2 -65.25
713.6 -66.36
714.0 -65.38
714.4 -65.46
714.8 -65.8
715.2 -65.57
715.6 -65.86
716.0 -65.28
716.4 -65.44
716.8 -66.33
717.2 -66.07
717.6 -66.86
718.0 -65.36
718.4 -65.79
718.8 -66.12
719.2 -65.18
719.6 -65.07
720.0 -65.34
720.4 -65.65
720.8 -65.83
721.2 -66.07
721.6 -65.22
722.0 -65.18
722.4 -65.92
722.8 -65.25
723.2 -64.81
723.6 -65.4
724.0 -65.07
724.4 -65.58
724.8 -65.53
725.2 -65.5
725.6 -65.47
726.0 -64.78
726.4 -65.31
726.8 -65.7
727.2 -65.87
727.6 -65.7
728.0 -65.29
728.4 -64.98
728.8 -64.83
729.2 -65.37
729.6 -65.68
730.0 -65.36
730.4 -65.48
730.8 -66.44
731.2 -66.25
731.6 -65.47
732.0 -65.56
732.4 -65.14
732.8 -64.75
733.2 -65.78
733.6 -66.38
734.0 -65.55
734.4 -65.38
734.8 -66.01
735.2 -64.76
735.6 -65.37
736.0 -65.25
736.4 -65.71
736.8 -66.67
737.2 -65.3
737.6 -65.54
738.0 -66.08
738.4 -66.46
738.8 -65.16
739.2 -66.78
739.6 -65.69
740.0 -65.21
740.4 -66.52
740.8 -67.17
741.2 -64.91
741.6 -65.14
742.0 -65.91
742.4 -66.24
742.8 -66.3
743.2 -64.58
743.6 -65.6
744.0 -65.96
744.4 -66.37
744.8 -65.59
745.2 -66.53
745.6 -66.02
746.0 -65.05
746.4 -65.78
746.8 -64.88
747.2 -65.47
747.6 -65.28
748.0 -65.04
748.4 -66.11
748.8 -65.72
749.2 -65.27
749.6 -65.49
750.0 -66.25
750.4 -65.17
750.8 -65.64
751.2 -66.09
751.6 -66.64
752.0 -65.79
752.4 -65.75
752.8 -65.22
753.2 -65.07
753.6 -65.5
754.0 -65.98
754.4 -65.2
754.8 -64.6
755.2 -65.51
755.6 -65.58
756.0 -65.63
756.4 -67.16
756.8 -66.2
757.2 -66.01
757.6 -65.26
758.0 -66.04
758.4 -67.04
758.8 -65.88
759.2 -65.02
759.6 -65.56
760.0 -66.49
760.4 -65.9
760.8 -65.31
761.2 -65.31
761.6 -64.71
762.0 -65.74
762.4 -66.03
762.8 -65.13
763.2 -65.59
763.6 -65.13
764.0 -66.05
764.4 -66.08
764.8 -65.78
765.2 -66.04
765.6 -66.23
766.0 -65.73
766.4 -66.68
766.8 -66.54
767.2 -66.29
767.6 -64.94
768.0 -65.75
768.4 -65.78
768.8 -66.07
769.2 -65.04
769.6 -65.81
770.0 -65.03
770.4 -65.0
770.8 -65.84
771.2 -66.22
771.6 -65.95
772.0 -66.55
772.4 -65.24
772.8 -65.21
773.2 -65.75
773.6 -64.73
774.0 -66.16
774.4 -65.07
774.8 -66.0
775.2 -65.23
775.6 -65.07
776.0 -65.81
776.4 -65.35
776.8 -64.88
777.2 -65.13
777.6 -65.35
778.0 -65.02
778.4 -65.21
778.8 -65.48
779.2 -64.96
779.6 -65.31
780.0 -65.79
780.4 -64.55
780.8 -65.08
781.2 -66.01
781.6 -65.89
782.0 -65.93
782.4 -64.59
782.8 -65.56
783.2 -65.62
783.6 -65.02
784.0 -65.18
784.4 -65.35
784.8 -65.44
785.2 -65.65
785.6 -65.98
786.0 -64.54
786.4 -65.75
786.8 -64.85
787.2 -65.19
787.6 -65.57
788.0 -65.26
788.4 -65.09
788.8 -65.09
789.2 -65.15
789.6 -64.69
790.0 -64.46
790.4 -64.6
790.8 -64.74
791.2 -65.1
791.6 -64.59
792.0 -66.22
792.4 -64.79
792.8 -64.1
793.2 -64.84
793.6 -65.0
794.0 -64.6
794.4 -66.73
794.8 -64.29
795.2 -65.11
795.6 -65.4
796.0 -64.53
796.4 -65.4
796.8 -65.04
797.2 -64.72
797.6 -64.84
798.0 -64.44
798.4 -64.11
798.8 -64.24
799.2 -64.77
799.6 -64.32
800.0 -64.73
800.4 -64.33
800.8 -64.82
801.2 -64.51
801.6 -64.18
802.0 -63.55
802.4 -64.57
802.8 -64.97
803.2 -65.12
803.6 -64.46
804.0 -63.73
804.4 -64.18
804.8 -62.96
805.2 -63.9
805.6 -63.74
806.0 -62.61
806.4 -60.73
806.8 -57.66
807.2 -54.01
807.6 -50.21
808.0 -48.77
808.4 -49.64
808.8 -50.24
809.2 -54.07
809.6 -60.88
810.0 -62.81
810.4 -63.6
810.8 -64.37
811.2 -63.79
811.6 -63.51
812.0 -64.44
812.4 -64.23
812.8 -63.53
813.2 -64.08
813.6 -64.53
814.0 -64.39
814.4 -63.69
814.8 -64.18
815.2 -63.96
815.6 -63.9
816.0 -64.05
816.4 -64.31
816.8 -64.34
817.2 -63.65
817.6 -64.16
818.0 -64.18
818.4 -64.47
818.8 -64.05
819.2 -64.23
819.6 -63.87
820.0 -64.31
820.4 -63.75
820.8 -63.99
821.2 -63.84
821.6 -64.12
822.0 -63.96
822.4 -64.27
822.8 -64.48
823.2 -64.37
823.6 -64.07
824.0 -64.0
824.4 -64.32
824.8 -63.96
825.2 -63.73
825.6 -64.29
826.0 -63.72
826.4 -63.84
826.8 -64.34
827.2 -64.78
827.6 -64.8
828.0 -64.08
828.4 -63.32
828.8 -63.72
829.2 -64.6
829.6 -63.4
830.0 -64.55
830.4 -64.07
830.8 -64.08
831.2 -64.15
831.6 -63.69
832.0 -63.82
832.4 -64.06
832.8 -64.87
833.2 -64.25
833.6 -64.71
834.0 -63.46
834.4 -64.04
834.8 -63.78
835.2 -64.06
835.6 -63.67
836.0 -63.85
836.4 -64.34
836.8 -64.66
837.2 -63.78
837.6 -63.92
838.0 -63.91
838.4 -63.71
838.8 -64.38
839.2 -64.35
839.6 -64.42
840.0 -64.18
840.4 -64.66
840.8 -65.13
841.2 -64.37
841.6 -64.21
842.0 -64.16
842.4 -63.92
842.8 -64.78
843.2 -64.67
843.6 -63.83
844.0 -65.42
844.4 -65.05
844.8 -64.82
845.2 -64.39
845.6 -64.66
846.0 -65.14
846.4 -64.17
846.8 -64.17
847.2 -63.69
847.6 -64.24
848.0 -64.24
848.4 -64.34
848.8 -64.52
849.2 -64.83
849.6 -64.7
850.0 -64.98
850.4 -64.43
850.8 -64.89
851.2 -64.68
851.6 -64.4
852.0 -64.97
852.4 -64.26
852.8 -64.64
853.2 -64.47
853.6 -65.32
854.0 -65.02
854.4 -64.61
854.8 -64.88
855.2 -64.51
855.6 -64.29
856.0 -64.47
856.4 -64.37
856.8 -64.69
857.2 -64.81
857.6 -64.7
858.0 -64.72
858.4 -64.39
858.8 -64.54
859.2 -64.94
859.6 -65.11
860.0 -64.68
860.4 -64.79
860.8 -64.56
861.2 -65.09
861.6 -64.57
862.0 -65.03
862.4 -64.71
862.8 -64.67
863.2 -65.19
863.6 -64.53
864.0 -65.03
864.4 -64.97
864.8 -65.3
865.2 -64.22
865.6 -65.31
866.0 -64.6
866.4 -65.15
866.8 -64.98
867.2 -64.67
867.6 -65.07
868.0 -64.53
868.4 -65.15
868.8 -64.76
869.2 -64.76
869.6 -65.68
870.0 -64.51
870.4 -64.72
870.8 -65.33
871.2 -64.85
871.6 -65.67
872.0 -64.81
872.4 -65.38
872.8 -65.83
873.2 -64.79
873.6 -64.65
874.0 -64.95
874.4 -65.14
874.8 -64.93
875.2 -64.91
875.6 -65.44
876.0 -64.86
876.4 -65.86
876.8 -65.73
877.2 -65.14
877.6 -65.69
878.0 -65.29
878.4 -65.57
878.8 -65.12
879.2 -65.19
879.6 -65.3
880.0 -64.52
880.4 -64.64
880.8 -64.85
881.2 -65.03
881.6 -64.97
882.0 -65.42
882.4 -64.25
882.8 -64.82
883.2 -65.67
883.6 -65.61
884.0 -64.94
884.4 -65.17
884.8 -65.08
885.2 -66.1
885.6 -65.03
886.0 -64.88
886.4 -64.69
886.8 -65.81
887.2 -65.26
887.6 -65.54
888.0 -65.31
888.4 -65.2
888.8 -65.39
889.2 -64.77
889.6 -66.22
890.0 -64.96
890.4 -65.14
890.8 -65.65
891.2 -65.42
891.6 -64.87
892.0 -65.43
892.4 -64.76
892.8 -65.88
893.2 -66.21
893.6 -64.99
894.0 -65.15
894.4 -65.59
894.8 -65.27
895.2 -65.01
895.6 -64.96
896.0 -65.05
896.4 -64.68
896.8 -65.4
897.2 -65.65
897.6 -64.64
898.0 -65.17
898.4 -65.84
898.8 -65.91
899.2 -65.62
899.6 -64.88
900.0 -65.32
900.4 -65.49
900.8 -65.73
901.2 -65.66
901.6 -65.86
902.0 -64.6
902.4 -65.26
902.8 -65.63
903.2 -65.61
903.6 -65.31
904.0 -64.71
904.4 -65.83
904.8 -65.96
905.2 -64.97
905.6 -66.03
906.0 -66.36
906.4 -65.22
906.8 -66.8
907.2 -66.17
907.6 -65.72
908.0 -65.48
908.4 -66.9
908.8 -65.32
909.2 -66.14
909.6 -65.46
910.0 -65.12
910.4 -66.18
910.8 -65.81
911.2 -65.37
911.6 -65.6
912.0 -65.72
912.4 -65.47
912.8 -65.39
913.2 -65.28
913.6 -65.52
914.0 -65.62
914.4 -65.28
914.8 -66.4
915.2 -65.52
915.6 -65.84
916.0 -66.03
916.4 -65.77
916.8 -66.7
917.2 -65.16
917.6 -66.61
918.0 -66.11
918.4 -65.72
918.8 -66.79
919.2 -65.96
919.6 -65.85
920.0 -65.44
920.4 -66.19
920.8 -66.59
921.2 -65.49
921.6 -65.97
922.0 -65.63
922.4 -65.63
922.8 -65.77
923.2 -66.88
923.6 -66.06
924.0 -66.55
924.4 -65.84
924.8 -66.56
925.2 -67.0
925.6 -66.59
926.0 -67.42
926.4 -66.6
926.8 -66.05
927.2 -66.66
927.6 -67.49
928.0 -66.42
928.4 -66.41
928.8 -66.09
929.2 -66.84
929.6 -67.34
930.0 -65.89
930.4 -66.47
930.8 -65.7
931.2 -66.15
931.6 -66.3
932.0 -66.67
932.4 -66.72
932.8 -66.39
933.2 -66.6
933.6 -66.41
934.0 -66.4
934.4 -66.63
934.8 -66.36
935.2 -66.05
935.6 -66.85
936.0 -65.97
936.4 -66.42
936.8 -66.24
937.2 -67.45
937.6 -67.25
938.0 -66.56
938.4 -66.58
938.8 -66.63
939.2 -66.88
939.6 -66.1
940.0 -67.52
940.4 -65.56
940.8 -67.0
941.2 -66.92
941.6 -66.54
942.0 -66.93
942.4 -66.61
942.8 -67.01
943.2 -66.89
943.6 -66.4
944.0 -66.65
944.4 -67.03
944.8 -66.56
945.2 -66.86
945.6 -66.22
946.0 -66.48
946.4 -66.55
946.8 -67.64
947.2 -67.03
947.6 -67.43
948.0 -67.11
948.4 -66.56
948.8 -66.49
949.2 -67.53
949.6 -66.79
950.0 -67.8
950.4 -67.41
950.8 -66.65
951.2 -67.03
951.6 -67.0
952.0 -66.71
952.4 -66.58
952.8 -67.06
953.2 -66.72
953.6 -66.45
954.0 -66.88
954.4 -67.34
954.8 -66.71
955.2 -67.36
955.6 -66.77
956.0 -66.7
956.4 -66.79
956.8 -67.34
957.2 -66.93
957.6 -67.06
958.0 -67.31
958.4 -66.64
958.8 -66.58
959.2 -66.78
959.6 -67.43
960.0 -67.01
960.4 -66.79
960.8 -67.17
961.2 -67.18
961.6 -67.03
962.0 -66.54
962.4 -66.95
962.8 -66.96
963.2 -67.17
963.6 -66.79
964.0 -66.71
964.4 -66.88
964.8 -67.26
965.2 -66.64
965.6 -66.96
966.0 -66.51
966.4 -66.95
966.8 -66.91
967.2 -66.62
967.6 -67.18
968.0 -66.78
968.4 -66.2
968.8 -66.48
969.2 -66.94
969.6 -66.34
970.0 -66.26
970.4 -66.02
970.8 -66.51
971.2 -66.35
971.6 -66.37
972.0 -67.0
972.4 -66.68
972.8 -66.15
973.2 -66.71
973.6 -66.64
974.0 -66.22
974.4 -66.47
974.8 -66.28
975.2 -66.6
975.6 -66.39
976.0 -67.2
976.4 -66.63
976.8 -67.1
977.2 -66.59
977.6 -66.79
978.0 -66.67
978.4 -66.87
978.8 -66.69
979.2 -66.49
979.6 -66.12
980.0 -66.69
980.4 -66.47
980.8 -66.3
981.2 -66.95
981.6 -66.58
982.0 -66.34
982.4 -66.32
982.8 -66.3
983.2 -66.13
983.6 -66.21
984.0 -66.27
984.4 -66.04
984.8 -65.64
985.2 -66.13
985.6 -65.93
986.0 -65.8
986.4 -66.07
986.8 -65.56
987.2 -65.87
987.6 -65.73
988.0 -65.59
988.4 -65.25
988.8 -65.29
989.2 -65.38
989.6 -64.92
990.0 -65.18
990.4 -65.14
990.8 -64.85
991.2 -64.89
991.6 -65.06
992.0 -64.96
992.4 -64.78
992.8 -64.53
993.2 -64.77
993.6 -64.46
994.0 -64.43
994.4 -64.6
994.8 -64.83
995.2 -64.82
995.6 -64.58
996.0 -64.44
996.4 -64.51
996.8 -64.45
997.2 -64.51
997.6 -64.36
998.0 -64.39
998.4 -64.5
998.8 -64.43
999.2 -64.23
999.6 -64.61
1000.0 -64.21
