600.0 -68.57
600.4 -73.02
600.8 -81.18
601.2 -210.0
601.6 -73.44
602.0 -72.5
602.4 -72.24
602.8 -69.13
603.2 -81.33
603.6 -210.0
604.0 -70.59
604.4 -71.86
604.8 -210.0
605.2 -81.46
605.6 -73.36
606.0 -79.75
606.4 -67.3
606.8 -73.11
607.2 -210.0
607.6 -72.07
608.0 -69.09
608.4 -69.62
608.8 -210.0
609.2 -75.18
609.6 -73.96
610.0 -70.3
610.4 -71.19
610.8 -69.64
611.2 -69.53
611.6 -69.96
612.0 -69.21
612.4 -77.94
612.8 -70.8
613.2 -70.99
613.6 -72.95
614.0 -210.0
614.4 -73.27
614.8 -82.06
615.2 -75.09
615.6 -210.0
616.0 -72.13
616.4 -210.0
616.8 -69.15
617.2 -68.77
617.6 -69.54
618.0 -68.92
618.4 -70.36
618.8 -69.38
619.2 -75.33
619.6 -69.11
620.0 -210.0
620.4 -72.39
620.8 -71.44
621.2 -71.83
621.6 -68.22
622.0 -71.35
622.4 -69.39
622.8 -68.47
623.2 -75.15
623.6 -71.98
624.0 -69.7
624.4 -68.74
624.8 -69.98
625.2 -71.22
625.6 -68.31
626.0 -69.21
626.4 -68.95
626.8 -70.23
627.2 -71.19
627.6 -68.77
628.0 -72.25
628.4 -68.11
628.8 -71.0
629.2 -68.95
629.6 -71.82
630.0 -71.52
630.4 -70.11
630.8 -70.14
631.2 -70.29
631.6 -69.49
632.0 -68.22
632.4 -68.62
632.8 -73.65
633.2 -69.25
633.6 -71.48
634.0 -69.13
634.4 -69.41
634.8 -70.22
635.2 -69.84
635.6 -71.49
636.0 -67.63
636.4 -71.02
636.8 -68.37
637.2 -70.84
637.6 -69.65
638.0 -69.18
638.4 -68.16
638.8 -69.09
639.2 -69.27
639.6 -68.38
640.0 -69.33
640.4 -68.85
640.8 -68.75
641.2 -70.03
641.6 -68.76
642.0 -67.88
642.4 -66.87
642.8 -68.07
643.2 -67.63
643.6 -67.72
644.0 -68.71
644.4 -67.4
644.8 -66.92
645.2 -67.47
645.6 -67.61
646.0 -68.47
646.4 -67.77
646.8 -67.72
647.2 -66.85
647.6 -68.03
648.0 -68.48
648.4 -68.3
648.8 -67.16
649.2 -67.83
649.6 -66.89
650.0 -67.93
650.4 -66.9
650.8 -66.79
651.2 -68.38
651.6 -67.58
652.0 -67.41
652.4 -69.06
652.8 -67.22
653.2 -67.18
653.6 -67.19
654.0 -68.06
654.4 -67.48
654.8 -66.38
655.2 -68.31
655.6 -67.01
656.0 -67.21
656.4 -66.02
656.8 -66.63
657.2 -66.57
657.6 -68.04
658.0 -65.86
658.4 -66.57
658.8 -66.68
659.2 -66.48
659.6 -67.0
660.0 -66.17
660.4 -66.59
660.8 -67.4
661.2 -66.69
661.6 -65.96
662.0 -67.74
662.4 -66.98
662.8 -66.46
663.2 -67.13
663.6 -67.13
664.0 -65.76
664.4 -66.94
664.8 -66.66
665.2 -65.55
665.6 -66.2
666.0 -66.69
666.4 -67.24
666.8 -66.73
667.2 -66.66
667.6 -66.05
668.0 -66.05
668.4 -66.3
668.8 -66.94
669.2 -66.14
669.6 -65.47
670.0 -65.81
670.4 -66.19
670.8 -66.31
671.2 -66.21
671.6 -66.12
672.0 -66.95
672.4 -66.39
672.8 -65.72
673.2 -66.01
673.6 -66.55
674.0 -65.83
674.4 -66.85
674.8 -66.81
675.2 -65.7
675.6 -67.14
676.0 -65.37
676.4 -65.15
676.8 -65.47
677.2 -65.19
677.6 -65.8
678.0 -66.5
678.4 -65.84
678.8 -65.66
679.2 -65.34
679.6 -65.89
680.0 -65.77
680.4 -65.33
680.8 -65.81
681.2 -66.05
681.6 -66.2
682.0 -65.3
682.4 -65.79
682.8 -65.9
683.2 -66.18
683.6 -66.17
684.0 -65.95
684.4 -65.97
684.8 -65.85
685.2 -65.73
685.6 -65.19
686.0 -65.69
686.4 -65.33
686.8 -65.59
687.2 -65.71
687.6 -65.44
688.0 -65.5
688.4 -65.69
688.8 -65.09
689.2 -64.82
689.6 -65.4
690.0 -65.55
690.4 -65.4
690.8 -66.11
691.2 -64.51
691.6 -65.76
692.0 -66.49
692.4 -64.84
692.8 -64.94
693.2 -64.44
693.6 -65.39
694.0 -64.72
694.4 -66.18
694.8 -65.48
695.2 -65.91
695.6 -65.82
696.0 -65.41
696.4 -65.23
696.8 -64.95
697.2 -64.77
697.6 -64.47
698.0 -65.35
698.4 -65.59
698.8 -64.7
699.2 -65.3
699.6 -64.81
700.0 -65.18
700.4 -65.2
700.8 -64.67
701.2 -65.03
701.6 -64.59
702.0 -65.13
702.4 -65.04
702.8 -65.56
703.2 -64.49
703.6 -64.95
704.0 -64.67
704.4 -64.88
704.8 -65.03
705.2 -64.48
705.6 -64.3
706.0 -65.12
706.4 -65.16
706.8 -64.98
707.2 -64.72
707.6 -64.69
708.0 -64.88
708.4 -64.55
708.8 -65.53
709.2 -65.86
709.6 -64.84
710.0 -64.3
710.4 -65.42
710.8 -64.52
711.2 -64.87
711.6 -65.15
712.0 -64.75
712.4 -64.56
712.8 -65.42
713.2 -65.57
713.6 -65.24
714.0 -64.79
714.4 -66.07
714.8 -65.09
715.2 -64.69
715.6 -64.47
716.0 -64.89
716.4 -65.98
716.8 -65.56
717.2 -64.72
717.6 -65.26
718.0 -65.28
718.4 -65.02
718.8 -64.41
719.2 -65.04
719.6 -65.56
720.0 -65.03
720.4 -65.4
720.8 -65.33
721.2 -64.83
721.6 -64.83
722.0 -64.52
722.4 -65.5
722.8 -64.54
723.2 -65.71
723.6 -64.87
724.0 -65.1
724.4 -65.42
724.8 -65.44
725.2 -64.52
725.6 -64.79
726.0 -64.09
726.4 -64.46
726.8 -64.85
727.2 -64.88
727.6 -65.33
728.0 -66.17
728.4 -65.2
728.8 -65.31
729.2 -64.97
729.6 -64.6
730.0 -65.07
730.4 -65.18
730.8 -64.63
731.2 -64.79
731.6 -65.54
732.0 -65.14
732.4 -64.47
732.8 -64.7
733.2 -65.52
733.6 -64.79
734.0 -64.66
734.4 -65.12
734.8 -64.84
735.2 -65.44
735.6 -65.16
736.0 -65.34
736.4 -64.76
736.8 -65.58
737.2 -65.21
737.6 -64.13
738.0 -65.03
738.4 -65.84
738.8 -65.25
739.2 -65.16
739.6 -64.8
740.0 -65.3
740.4 -66.4
740.8 -65.33
741.2 -65.35
741.6 -64.54
742.0 -64.46
742.4 -65.23
742.8 -64.66
743.2 -65.5
743.6 -65.13
744.0 -64.62
744.4 -64.89
744.8 -64.84
745.2 -64.42
745.6 -66.17
746.0 -65.14
746.4 -64.21
746.8 -65.26
747.2 -66.16
747.6 -65.25
748.0 -65.67
748.4 -64.59
748.8 -65.43
749.2 -65.4
749.6 -64.59
750.0 -65.96
750.4 -65.14
750.8 -64.76
751.2 -64.57
751.6 -65.4
752.0 -66.63
752.4 -65.14
752.8 -65.32
753.2 -65.38
753.6 -64.64
754.0 -65.21
754.4 -65.05
754.8 -64.99
755.2 -66.03
755.6 -64.65
756.0 -64.8
756.4 -64.38
756.8 -66.83
757.2 -65.2
757.6 -65.19
758.0 -65.51
758.4 -64.91
758.8 -65.09
759.2 -65.59
759.6 -64.71
760.0 -65.23
760.4 -64.38
760.8 -64.91
761.2 -65.93
761.6 -65.37
762.0 -64.87
762.4 -64.41
762.8 -64.61
763.2 -64.92
763.6 -64.75
764.0 -64.29
764.4 -64.63
764.8 -66.04
765.2 -66.11
765.6 -65.24
766.0 -65.13
766.4 -65.01
766.8 -64.08
767.2 -65.03
767.6 -64.63
768.0 -64.62
768.4 -64.45
768.8 -64.44
769.2 -65.01
769.6 -64.78
770.0 -64.74
770.4 -63.95
770.8 -64.77
771.2 -64.77
771.6 -65.09
772.0 -64.24
772.4 -64.84
772.8 -65.08
773.2 -64.84
773.6 -64.99
774.0 -65.04
774.4 -64.92
774.8 -65.17
775.2 -64.28
775.6 -65.46
776.0 -65.32
776.4 -64.02
776.8 -64.27
777.2 -64.62
777.6 -65.49
778.0 -65.05
778.4 -64.84
778.8 -65.09
779.2 -64.47
779.6 -64.45
780.0 -64.8
780.4 -64.3
780.8 -65.04
781.2 -64.74
781.6 -64.65
782.0 -64.35
782.4 -65.32
782.8 -64.79
783.2 -64.36
783.6 -64.96
784.0 -64.5
784.4 -64.28
784.8 -64.0
785.2 -64.86
785.6 -64.63
786.0 -64.27
786.4 -64.7
786.8 -64.76
787.2 -64.45
787.6 -64.51
788.0 -65.39
788.4 -64.31
788.8 -64.64
789.2 -64.15
789.6 -63.83
790.0 -64.57
790.4 -64.66
790.8 -64.71
791.2 -64.85
791.6 -63.51
792.0 -64.03
792.4 -64.65
792.8 -64.28
793.2 -64.61
793.6 -64.44
794.0 -64.01
794.4 -64.54
794.8 -64.03
795.2 -64.09
795.6 -64.15
796.0 -64.45
796.4 -64.05
796.8 -64.02
797.2 -65.12
797.6 -63.97
798.0 -64.22
798.4 -63.93
798.8 -63.98
799.2 -64.16
799.6 -63.93
800.0 -63.77
800.4 -63.59
800.8 -63.61
801.2 -64.08
801.6 -63.81
802.0 -63.64
802.4 -63.46
802.8 -63.77
803.2 -63.75
803.6 -63.68
804.0 -63.27
804.4 -63.71
804.8 -63.62
805.2 -63.27
805.6 -63.32
806.0 -61.99
806.4 -60.58
806.8 -57.15
807.2 -52.8
807.6 -50.06
808.0 -48.29
808.4 -48.63
808.8 -50.27
809.2 -53.95
809.6 -60.21
810.0 -62.52
810.4 -62.82
810.8 -62.89
811.2 -63.59
811.6 -63.32
812.0 -63.65
812.4 -63.52
812.8 -63.85
813.2 -62.89
813.6 -64.16
814.0 -62.79
814.4 -63.32
814.8 -63.86
815.2 -64.15
815.6 -63.32
816.0 -64.25
816.4 -63.71
816.8 -63.41
817.2 -63.86
817.6 -63.75
818.0 -63.62
818.4 -63.15
818.8 -63.75
819.2 -63.21
819.6 -63.17
820.0 -63.76
820.4 -63.64
820.8 -64.09
821.2 -63.52
821.6 -63.39
822.0 -63.48
822.4 -63.89
822.8 -63.29
823.2 -63.45
823.6 -63.13
824.0 -63.56
824.4 -63.39
824.8 -63.72
825.2 -63.32
825.6 -63.42
826.0 -63.37
826.4 -64.09
826.8 -63.69
827.2 -64.07
827.6 -63.2
828.0 -63.88
828.4 -63.47
828.8 -63.78
829.2 -63.85
829.6 -63.38
830.0 -62.83
830.4 -63.59
830.8 -62.85
831.2 -63.42
831.6 -63.23
832.0 -63.22
832.4 -62.83
832.8 -63.21
833.2 -63.49
833.6 -63.47
834.0 -63.34
834.4 -62.84
834.8 -63.11
835.2 -63.06
835.6 -62.77
836.0 -62.89
836.4 -62.99
836.8 -63.3
837.2 -63.43
837.6 -63.33
838.0 -63.04
838.4 -63.15
838.8 -63.52
839.2 -63.51
839.6 -63.85
840.0 -63.74
840.4 -63.47
840.8 -63.83
841.2 -63.07
841.6 -63.92
842.0 -63.74
842.4 -64.0
842.8 -63.36
843.2 -63.4
843.6 -63.94
844.0 -63.66
844.4 -63.76
844.8 -63.55
845.2 -64.1
845.6 -63.45
846.0 -63.6
846.4 -63.72
846.8 -63.74
847.2 -63.74
847.6 -64.15
848.0 -64.05
848.4 -63.76
848.8 -63.66
849.2 -63.74
849.6 -62.86
850.0 -63.63
850.4 -63.37
850.8 -63.66
851.2 -63.36
851.6 -63.79
852.0 -63.4
852.4 -63.74
852.8 -63.33
853.2 -63.31
853.6 -63.44
854.0 -63.5
854.4 -63.16
854.8 -63.77
855.2 -63.81
855.6 -63.85
856.0 -63.68
856.4 -63.49
856.8 -63.82
857.2 -63.4
857.6 -64.09
858.0 -63.68
858.4 -63.39
858.8 -63.66
859.2 -63.07
859.6 -63.74
860.0 -63.82
860.4 -63.48
860.8 -63.81
861.2 -63.64
861.6 -63.32
862.0 -63.54
862.4 -63.18
862.8 -63.27
863.2 -64.54
863.6 -63.54
864.0 -63.32
864.4 -63.96
864.8 -63.86
865.2 -63.19
865.6 -63.85
866.0 -63.32
866.4 -63.37
866.8 -62.92
867.2 -64.12
867.6 -63.51
868.0 -63.3
868.4 -63.45
868.8 -63.53
869.2 -63.72
869.6 -63.56
870.0 -63.62
870.4 -63.69
870.8 -63.29
871.2 -63.35
871.6 -63.34
872.0 -63.81
872.4 -64.13
872.8 -63.36
873.2 -63.7
873.6 -63.55
874.0 -63.8
874.4 -63.94
874.8 -63.65
875.2 -63.51
875.6 -63.71
876.0 -63.35
876.4 -63.45
876.8 -63.64
877.2 -63.42
877.6 -63.59
878.0 -63.48
878.4 -63.84
878.8 -63.4
879.2 -63.39
879.6 -63.64
880.0 -63.31
880.4 -63.39
880.8 -63.83
881.2 -63.19
881.6 -63.07
882.0 -64.15
882.4 -63.44
882.8 -63.42
883.2 -63.9
883.6 -63.53
884.0 -63.21
884.4 -63.88
884.8 -63.2
885.2 -63.15
885.6 -63.66
886.0 -63.5
886.4 -63.53
886.8 -63.32
887.2 -63.45
887.6 -63.51
888.0 -63.18
888.4 -63.47
888.8 -63.26
889.2 -63.67
889.6 -63.36
890.0 -63.7
890.4 -63.12
890.8 -63.56
891.2 -63.38
891.6 -63.63
892.0 -63.99
892.4 -63.53
892.8 -63.18
893.2 -63.54
893.6 -63.67
894.0 -63.39
894.4 -63.72
894.8 -64.18
895.2 -63.56
895.6 -63.46
896.0 -63.29
896.4 -63.68
896.8 -63.37
897.2 -63.92
897.6 -63.83
898.0 -63.63
898.4 -63.85
898.8 -63.71
899.2 -63.79
899.6 -63.9
900.0 -63.51
900.4 -62.91
900.8 -63.22
901.2 -63.21
901.6 -63.94
902.0 -63.69
902.4 -63.75
902.8 -63.23
903.2 -63.59
903.6 -63.22
904.0 -63.62
904.4 -63.74
904.8 -63.35
905.2 -63.53
905.6 -63.89
906.0 -63.42
906.4 -63.15
906.8 -63.13
907.2 -63.69
907.6 -63.76
908.0 -63.36
908.4 -63.44
908.8 -63.72
909.2 -63.31
909.6 -63.16
910.0 -63.75
910.4 -63.32
910.8 -63.39
911.2 -63.68
911.6 -63.5
912.0 -63.52
912.4 -63.48
912.8 -62.97
913.2 -63.33
913.6 -63.41
914.0 -63.14
914.4 -63.51
914.8 -63.31
915.2 -63.53
915.6 -63.2
916.0 -63.66
916.4 -63.26
916.8 -63.36
917.2 -63.38
917.6 -62.68
918.0 -63.45
918.4 -63.35
918.8 -63.21
919.2 -63.46
919.6 -63.6
920.0 -63.17
920.4 -63.4
920.8 -63.57
921.2 -64.01
921.6 -63.39
922.0 -63.84
922.4 -63.47
922.8 -63.57
923.2 -63.78
923.6 -62.95
924.0 -63.35
924.4 -63.06
924.8 -63.17
925.2 -63.45
925.6 -63.7
926.0 -63.37
926.4 -63.62
926.8 -63.26
927.2 -63.14
927.6 -63.31
928.0 -63.74
928.4 -63.41
928.8 -63.33
929.2 -63.23
929.6 -63.15
930.0 -63.27
930.4 -63.49
930.8 -63.18
931.2 -63.8
931.6 -63.62
932.0 -63.78
932.4 -63.47
932.8 -63.82
933.2 -63.7
933.6 -63.51
934.0 -63.51
934.4 -63.42
934.8 -63.47
935.2 -63.41
935.6 -63.45
936.0 -63.49
936.4 -64.08
936.8 -63.65
937.2 -63.73
937.6 -64.04
938.0 -63.69
938.4 -63.52
938.8 -63.19
939.2 -63.98
939.6 -63.84
940.0 -64.16
940.4 -63.77
940.8 -63.22
941.2 -63.54
941.6 -63.36
942.0 -63.49
942.4 -64.03
942.8 -63.5
943.2 -63.46
943.6 -63.84
944.0 -63.8
944.4 -63.44
944.8 -63.62
945.2 -63.96
945.6 -63.47
946.0 -63.5
946.4 -63.89
946.8 -63.96
947.2 -63.94
947.6 -63.76
948.0 -64.24
948.4 -63.6
948.8 -63.75
949.2 -63.61
949.6 -63.67
950.0 -63.66
950.4 -63.43
950.8 -63.55
951.2 -63.48
951.6 -63.61
952.0 -63.89
952.4 -63.62
952.8 -63.71
953.2 -63.65
953.6 -63.79
954.0 -63.85
954.4 -63.79
954.8 -63.56
955.2 -63.75
955.6 -63.44
956.0 -63.98
956.4 -63.75
956.8 -63.84
957.2 -63.92
957.6 -63.7
958.0 -63.95
958.4 -64.02
958.8 -63.92
959.2 -63.66
959.6 -63.65
960.0 -63.65
960.4 -63.65
960.8 -63.99
961.2 -63.36
961.6 -63.55
962.0 -63.63
962.4 -63.54
962.8 -63.7
963.2 -63.23
963.6 -63.81
964.0 -63.38
964.4 -63.45
964.8 -63.04
965.2 -63.62
965.6 -63.72
966.0 -63.14
966.4 -63.33
966.8 -63.55
967.2 -63.46
967.6 -63.56
968.0 -63.58
968.4 -63.22
968.8 -63.54
969.2 -63.49
969.6 -63.43
970.0 -63.39
970.4 -63.61
970.8 -63.4
971.2 -63.42
971.6 -63.28
972.0 -63.36
972.4 -63.47
972.8 -63.48
973.2 -63.71
973.6 -63.42
974.0 -63.44
974.4 -63.2
974.8 -63.6
975.2 -63.7
975.6 -63.67
976.0 -63.56
976.4 -63.86
976.8 -63.91
977.2 -63.79
977.6 -63.68
978.0 -63.73
978.4 -63.69
978.8 -63.68
979.2 -63.82
979.6 -63.61
980.0 -63.73
980.4 -63.66
980.8 -63.51
981.2 -63.45
981.6 -63.58
982.0 -63.19
982.4 -63.27
982.8 -63.06
983.2 -63.0
983.6 -63.27
984.0 -63.29
984.4 -63.25
984.8 -62.77
985.2 -63.08
985.6 -62.96
986.0 -62.96
986.4 -63.0
986.8 -62.91
987.2 -63.03
987.6 -62.68
988.0 -62.73
988.4 -62.79
988.8 -62.6
989.2 -62.46
989.6 -62.3
990.0 -62.31
990.4 -62.42
990.8 -62.52
991.2 -62.36
991.6 -62.27
992.0 -62.34
992.4 -62.42
992.8 -62.37
993.2 -62.4
993.6 -62.19
994.0 -62.17
994.4 -62.23
994.8 -62.14
995.2 -62.46
995.6 -62.36
996.0 -62.11
996.4 -62.33
996.8 -62.39
997.2 -62.35
997.6 -62.4
998.0 -62.46
998.4 -62.4
998.8 -62.14
999.2 -62.4
999.6 -62.44
1000.0 -62.08
