600.0 -210.0
600.4 -210.0
600.8 -73.77
601.2 -210.0
601.6 -78.21
602.0 -70.46
602.4 -75.83
602.8 -71.31
603.2 -210.0
603.6 -210.0
604.0 -210.0
604.4 -210.0
604.8 -72.4
605.2 -73.33
605.6 -79.72
606.0 -210.0
606.4 -71.76
606.8 -210.0
607.2 -72.29
607.6 -75.08
608.0 -210.0
608.4 -210.0
608.8 -78.68
609.2 -73.93
609.6 -210.0
610.0 -69.46
610.4 -210.0
610.8 -71.6
611.2 -210.0
611.6 -73.41
612.0 -74.9
612.4 -70.95
612.8 -81.94
613.2 -210.0
613.6 -210.0
614.0 -210.0
614.4 -210.0
614.8 -73.02
615.2 -70.31
615.6 -77.32
616.0 -68.7
616.4 -210.0
616.8 -210.0
617.2 -74.79
617.6 -74.81
618.0 -73.79
618.4 -73.51
618.8 -74.5
619.2 -69.64
619.6 -210.0
620.0 -74.57
620.4 -80.62
620.8 -71.8
621.2 -76.99
621.6 -70.55
622.0 -75.95
622.4 -210.0
622.8 -69.75
623.2 -210.0
623.6 -82.59
624.0 -73.57
624.4 -70.33
624.8 -72.88
625.2 -71.55
625.6 -72.71
626.0 -69.51
626.4 -77.98
626.8 -73.49
627.2 -210.0
627.6 -69.61
628.0 -210.0
628.4 -75.1
628.8 -210.0
629.2 -72.32
629.6 -68.98
630.0 -79.97
630.4 -73.47
630.8 -74.59
631.2 -72.66
631.6 -68.87
632.0 -76.15
632.4 -70.05
632.8 -74.44
633.2 -210.0
633.6 -77.22
634.0 -75.15
634.4 -71.54
634.8 -210.0
635.2 -86.38
635.6 -73.18
636.0 -70.52
636.4 -71.28
636.8 -70.58
637.2 -73.1
637.6 -73.13
638.0 -70.79
638.4 -73.0
638.8 -69.4
639.2 -68.41
639.6 -69.3
640.0 -70.5
640.4 -70.98
640.8 -70.19
641.2 -71.4
641.6 -70.65
642.0 -72.14
642.4 -70.23
642.8 -72.22
643.2 -71.34
643.6 -69.99
644.0 -69.24
644.4 -69.98
644.8 -69.11
645.2 -73.23
645.6 -69.32
646.0 -69.15
646.4 -71.63
646.8 -70.2
647.2 -69.12
647.6 -67.79
648.0 -69.75
648.4 -69.5
648.8 -70.38
649.2 -68.7
649.6 -69.54
650.0 -70.29
650.4 -67.75
650.8 -70.06
651.2 -69.7
651.6 -69.99
652.0 -69.36
652.4 -70.08
652.8 -68.55
653.2 -73.32
653.6 -69.38
654.0 -69.13
654.4 -69.19
654.8 -69.08
655.2 -69.39
655.6 -68.9
656.0 -71.75
656.4 -68.97
656.8 -68.91
657.2 -69.61
657.6 -69.75
658.0 -68.98
658.4 -68.23
658.8 -69.11
659.2 -68.6
659.6 -73.37
660.0 -70.29
660.4 -69.24
660.8 -68.01
661.2 -67.96
661.6 -68.25
662.0 -73.89
662.4 -67.96
662.8 -67.74
663.2 -66.9
663.6 -68.11
664.0 -70.06
664.4 -67.24
664.8 -68.25
665.2 -69.06
665.6 -67.01
666.0 -67.96
666.4 -68.35
666.8 -68.06
667.2 -68.94
667.6 -67.24
668.0 -69.12
668.4 -67.92
668.8 -68.25
669.2 -67.16
669.6 -67.83
670.0 -68.71
670.4 -67.82
670.8 -68.48
671.2 -67.18
671.6 -68.7
672.0 -67.98
672.4 -67.58
672.8 -68.96
673.2 -68.16
673.6 -67.66
674.0 -67.82
674.4 -67.65
674.8 -68.39
675.2 -68.77
675.6 -66.27
676.0 -67.63
676.4 -69.24
676.8 -67.32
677.2 -67.93
677.6 -66.54
678.0 -68.97
678.4 -66.43
678.8 -68.79
679.2 -67.6
679.6 -70.97
680.0 -66.9
680.4 -67.46
680.8 -68.33
681.2 -67.8
681.6 -67.83
682.0 -67.51
682.4 -68.86
682.8 -67.96
683.2 -67.5
683.6 -67.04
684.0 -67.0
684.4 -67.48
684.8 -67.36
685.2 -67.74
685.6 -68.17
686.0 -67.82
686.4 -67.17
686.8 -67.45
687.2 -66.7
687.6 -67.32
688.0 -68.19
688.4 -67.65
688.8 -66.37
689.2 -68.77
689.6 -67.01
690.0 -67.37
690.4 -67.36
690.8 -66.8
691.2 -66.57
691.6 -66.98
692.0 -67.6
692.4 -66.24
692.8 -67.46
693.2 -66.65
693.6 -66.4
694.0 -66.12
694.4 -66.56
694.8 -66.25
695.2 -67.04
695.6 -67.33
696.0 -67.87
696.4 -65.99
696.8 -66.15
697.2 -65.79
697.6 -66.74
698.0 -66.33
698.4 -66.68
698.8 -67.33
699.2 -67.19
699.6 -66.21
700.0 -66.48
700.4 -66.36
700.8 -67.04
701.2 -66.18
701.6 -67.03
702.0 -65.54
702.4 -67.53
702.8 -67.18
703.2 -66.46
703.6 -66.96
704.0 -66.17
704.4 -66.48
704.8 -67.69
705.2 -66.62
705.6 -66.66
706.0 -67.09
706.4 -66.34
706.8 -66.67
707.2 -66.44
707.6 -65.52
708.0 -66.77
708.4 -65.62
708.8 -66.1
709.2 -66.91
709.6 -66.2
710.0 -66.26
710.4 -67.11
710.8 -66.89
711.2 -65.81
711.6 -66.31
712.0 -66.24
712.4 -66.68
712.8 -65.95
713.2 -65.79
713.6 -65.72
714.0 -66.18
714.4 -66.14
714.8 -66.54
715.2 -65.92
715.6 -66.68
716.0 -65.63
716.4 -66.29
716.8 -67.0
717.2 -66.39
717.6 -65.77
718.0 -65.57
718.4 -66.27
718.8 -66.49
719.2 -65.21
719.6 -66.84
720.0 -65.68
720.4 -65.09
720.8 -65.83
721.2 -65.22
721.6 -65.27
722.0 -66.23
722.4 -65.15
722.8 -66.08
723.2 -66.12
723.6 -66.22
724.0 -66.25
724.4 -66.29
724.8 -66.46
725.2 -65.35
725.6 -65.26
726.0 -65.46
726.4 -66.02
726.8 -66.48
727.2 -66.76
727.6 -66.04
728.0 -66.07
728.4 -65.86
728.8 -65.92
729.2 -66.31
729.6 -66.58
730.0 -66.86
730.4 -65.87
730.8 -65.23
731.2 -65.15
731.6 -66.25
732.0 -67.01
732.4 -66.1
732.8 -66.71
733.2 -65.71
733.6 -66.31
734.0 -65.61
734.4 -66.37
734.8 -64.89
735.2 -65.67
735.6 -66.4
736.0 -66.4
736.4 -66.09
736.8 -65.33
737.2 -64.93
737.6 -65.54
738.0 -65.41
738.4 -64.94
738.8 -65.28
739.2 -65.28
739.6 -65.25
740.0 -65.58
740.4 -65.72
740.8 -65.18
741.2 -65.08
741.6 -65.84
742.0 -65.48
742.4 -65.0
742.8 -65.66
743.2 -65.1
743.6 -65.76
744.0 -65.49
744.4 -65.69
744.8 -65.36
745.2 -66.03
745.6 -65.85
746.0 -65.92
746.4 -65.45
746.8 -64.67
747.2 -65.53
747.6 -66.09
748.0 -65.44
748.4 -65.33
748.8 -65.66
749.2 -65.24
749.6 -65.37
750.0 -65.08
750.4 -64.85
750.8 -64.9
751.2 -64.84
751.6 -65.24
752.0 -65.36
752.4 -65.26
752.8 -66.03
753.2 -65.67
753.6 -65.43
754.0 -65.56
754.4 -65.59
754.8 -65.02
755.2 -65.51
755.6 -64.62
756.0 -65.21
756.4 -65.28
756.8 -65.59
757.2 -66.01
757.6 -65.79
758.0 -65.19
758.4 -65.57
758.8 -64.89
759.2 -65.73
759.6 -65.87
760.0 -64.78
760.4 -64.81
760.8 -64.69
761.2 -64.47
761.6 -65.51
762.0 -66.3
762.4 -65.53
762.8 -64.67
763.2 -66.21
763.6 -64.78
764.0 -64.68
764.4 -65.75
764.8 -65.24
765.2 -65.14
765.6 -65.05
766.0 -64.61
766.4 -65.01
766.8 -64.63
767.2 -64.82
767.6 -65.62
768.0 -64.93
768.4 -65.78
768.8 -65.29
769.2 -64.78
769.6 -65.04
770.0 -64.08
770.4 -64.35
770.8 -65.52
771.2 -65.38
771.6 -64.46
772.0 -64.9
772.4 -64.42
772.8 -65.94
773.2 -64.56
773.6 -64.7
774.0 -64.15
774.4 -65.17
774.8 -64.8
775.2 -64.26
775.6 -64.83
776.0 -64.17
776.4 -64.4
776.8 -64.46
777.2 -64.48
777.6 -64.38
778.0 -64.06
778.4 -64.45
778.8 -64.53
779.2 -63.94
779.6 -64.39
780.0 -64.08
780.4 -64.3
780.8 -64.55
781.2 -64.28
781.6 -64.19
782.0 -64.73
782.4 -64.24
782.8 -64.97
783.2 -63.91
783.6 -64.5
784.0 -64.39
784.4 -63.61
784.8 -64.43
785.2 -64.2
785.6 -64.86
786.0 -64.38
786.4 -63.89
786.8 -64.68
787.2 -65.33
787.6 -64.26
788.0 -64.34
788.4 -64.41
788.8 -64.47
789.2 -63.85
789.6 -64.28
790.0 -63.61
790.4 -64.38
790.8 -64.66
791.2 -64.01
791.6 -64.18
792.0 -64.05
792.4 -64.42
792.8 -64.04
793.2 -65.12
793.6 -63.95
794.0 -64.54
794.4 -64.32
794.8 -63.52
795.2 -64.19
795.6 -63.93
796.0 -64.13
796.4 -64.26
796.8 -64.64
797.2 -64.22
797.6 -64.46
798.0 -63.34
798.4 -64.03
798.8 -64.51
799.2 -63.91
799.6 -63.55
800.0 -64.2
800.4 -63.95
800.8 -64.28
801.2 -63.51
801.6 -64.89
802.0 -63.55
802.4 -63.46
802.8 -63.99
803.2 -64.33
803.6 -64.12
804.0 -63.48
804.4 -63.48
804.8 -63.16
805.2 -64.13
805.6 -62.97
806.0 -62.4
806.4 -60.37
806.8 -57.13
807.2 -53.4
807.6 -49.46
808.0 -48.08
808.4 -49.03
808.8 -49.62
809.2 -53.51
809.6 -60.99
810.0 -62.57
810.4 -62.95
810.8 -63.82
811.2 -64.37
811.6 -64.8
812.0 -63.98
812.4 -64.21
812.8 -63.4
813.2 -64.08
813.6 -64.47
814.0 -63.53
814.4 -64.05
814.8 -63.84
815.2 -63.75
815.6 -63.62
816.0 -63.79
816.4 -63.96
816.8 -63.26
817.2 -64.43
817.6 -64.28
818.0 -63.28
818.4 -63.48
818.8 -63.8
819.2 -63.87
819.6 -63.29
820.0 -63.89
820.4 -63.95
820.8 -63.66
821.2 -63.78
821.6 -64.12
822.0 -63.32
822.4 -63.72
822.8 -63.73
823.2 -63.43
823.6 -64.0
824.0 -64.31
824.4 -63.61
824.8 -63.92
825.2 -63.21
825.6 -63.42
826.0 -63.02
826.4 -63.93
826.8 -63.78
827.2 -64.55
827.6 -63.79
828.0 -63.51
828.4 -63.21
828.8 -63.54
829.2 -63.15
829.6 -63.19
830.0 -63.62
830.4 -63.18
830.8 -63.8
831.2 -63.31
831.6 -63.32
832.0 -63.47
832.4 -63.27
832.8 -63.03
833.2 -63.22
833.6 -63.2
834.0 -63.41
834.4 -62.78
834.8 -62.8
835.2 -62.56
835.6 -62.55
836.0 -62.61
836.4 -62.62
836.8 -62.6
837.2 -62.97
837.6 -62.88
838.0 -62.62
838.4 -63.27
838.8 -62.97
839.2 -62.84
839.6 -62.98
840.0 -63.69
840.4 -62.92
840.8 -63.16
841.2 -63.08
841.6 -62.66
842.0 -62.58
842.4 -63.18
842.8 -62.46
843.2 -62.55
843.6 -62.67
844.0 -62.54
844.4 -62.76
844.8 -62.89
845.2 -62.46
845.6 -62.46
846.0 -62.38
846.4 -62.61
846.8 -62.79
847.2 -62.48
847.6 -62.29
848.0 -62.89
848.4 -62.63
848.8 -62.61
849.2 -62.48
849.6 -62.23
850.0 -62.11
850.4 -62.59
850.8 -62.38
851.2 -62.86
851.6 -62.73
852.0 -62.45
852.4 -62.81
852.8 -62.49
853.2 -62.64
853.6 -62.64
854.0 -62.71
854.4 -62.56
854.8 -62.51
855.2 -62.22
855.6 -62.76
856.0 -62.59
856.4 -62.63
856.8 -62.28
857.2 -62.22
857.6 -62.7
858.0 -62.07
858.4 -62.07
858.8 -62.49
859.2 -61.9
859.6 -62.3
860.0 -62.16
860.4 -62.31
860.8 -62.11
861.2 -62.21
861.6 -61.98
862.0 -62.03
862.4 -62.16
862.8 -62.04
863.2 -62.31
863.6 -62.3
864.0 -61.97
864.4 -62.02
864.8 -61.99
865.2 -61.74
865.6 -62.17
866.0 -61.8
866.4 -61.96
866.8 -61.97
867.2 -62.33
867.6 -62.06
868.0 -61.91
868.4 -61.95
868.8 -62.08
869.2 -61.9
869.6 -61.89
870.0 -61.67
870.4 -61.85
870.8 -61.98
871.2 -61.93
871.6 -61.95
872.0 -61.84
872.4 -62.33
872.8 -61.82
873.2 -62.01
873.6 -61.62
874.0 -62.15
874.4 -61.45
874.8 -61.78
875.2 -61.87
875.6 -61.5
876.0 -61.53
876.4 -61.85
876.8 -61.6
877.2 -61.74
877.6 -61.4
878.0 -61.38
878.4 -61.75
878.8 -61.32
879.2 -61.8
879.6 -61.51
880.0 -61.9
880.4 -61.85
880.8 -61.44
881.2 -61.44
881.6 -61.82
882.0 -61.48
882.4 -61.37
882.8 -61.4
883.2 -61.41
883.6 -61.23
884.0 -61.4
884.4 -61.23
884.8 -61.24
885.2 -61.46
885.6 -61.46
886.0 -61.42
886.4 -61.46
886.8 -61.4
887.2 -61.36
887.6 -61.49
888.0 -61.55
888.4 -61.41
888.8 -61.01
889.2 -61.05
889.6 -61.59
890.0 -61.0
890.4 -61.47
890.8 -61.29
891.2 -61.48
891.6 -60.96
892.0 -61.33
892.4 -61.3
892.8 -61.13
893.2 -61.0
893.6 -61.41
894.0 -60.99
894.4 -61.33
894.8 -61.34
895.2 -61.44
895.6 -61.4
896.0 -61.44
896.4 -61.14
896.8 -61.27
897.2 -61.01
897.6 -60.96
898.0 -61.09
898.4 -61.08
898.8 -61.02
899.2 -60.73
899.6 -61.08
900.0 -60.87
900.4 -60.79
900.8 -60.82
901.2 -60.68
901.6 -60.79
902.0 -60.68
902.4 -61.04
902.8 -60.79
903.2 -60.99
903.6 -60.77
904.0 -60.66
904.4 -60.55
904.8 -60.72
905.2 -60.95
905.6 -60.52
906.0 -60.62
906.4 -60.46
906.8 -60.81
907.2 -60.41
907.6 -60.52
908.0 -60.67
908.4 -60.36
908.8 -60.51
909.2 -60.42
909.6 -60.6
910.0 -60.16
910.4 -60.34
910.8 -60.23
911.2 -60.19
911.6 -60.29
912.0 -60.21
912.4 -60.55
912.8 -60.12
913.2 -59.91
913.6 -60.31
914.0 -60.06
914.4 -60.21
914.8 -60.25
915.2 -60.02
915.6 -60.21
916.0 -60.25
916.4 -59.94
916.8 -60.1
917.2 -59.82
917.6 -59.99
918.0 -59.91
918.4 -59.95
918.8 -59.9
919.2 -59.75
919.6 -60.0
920.0 -59.95
920.4 -59.77
920.8 -59.69
921.2 -59.67
921.6 -59.64
922.0 -59.75
922.4 -59.7
922.8 -59.79
923.2 -59.53
923.6 -59.61
924.0 -59.57
924.4 -59.5
924.8 -59.64
925.2 -59.55
925.6 -59.5
926.0 -59.69
926.4 -59.39
926.8 -59.35
927.2 -59.32
927.6 -59.39
928.0 -59.42
928.4 -59.39
928.8 -59.34
929.2 -59.29
929.6 -58.97
930.0 -59.09
930.4 -58.92
930.8 -59.13
931.2 -59.23
931.6 -59.12
932.0 -59.21
932.4 -59.04
932.8 -59.02
933.2 -58.95
933.6 -58.94
934.0 -59.12
934.4 -58.98
934.8 -58.9
935.2 -58.97
935.6 -59.0
936.0 -58.8
936.4 -58.77
936.8 -58.93
937.2 -58.66
937.6 -58.8
938.0 -58.75
938.4 -58.65
938.8 -58.65
939.2 -58.7
939.6 -58.76
940.0 -58.61
940.4 -58.55
940.8 -58.68
941.2 -58.57
941.6 -58.5
942.0 -58.63
942.4 -58.73
942.8 -58.48
943.2 -58.41
943.6 -58.71
944.0 -58.31
944.4 -58.53
944.8 -58.48
945.2 -58.45
945.6 -58.41
946.0 -58.37
946.4 -58.36
946.8 -58.35
947.2 -58.27
947.6 -58.45
948.0 -58.37
948.4 -58.13
948.8 -58.29
949.2 -58.18
949.6 -58.32
950.0 -58.23
950.4 -58.18
950.8 -58.26
951.2 -58.19
951.6 -58.19
952.0 -58.2
952.4 -58.17
952.8 -57.99
953.2 -58.17
953.6 -58.22
954.0 -58.18
954.4 -58.1
954.8 -58.2
955.2 -58.29
955.6 -58.09
956.0 -58.14
956.4 -58.18
956.8 -57.98
957.2 -57.98
957.6 -58.08
958.0 -57.98
958.4 -57.84
958.8 -58.02
959.2 -57.73
959.6 -57.87
960.0 -57.8
960.4 -57.73
960.8 -57.83
961.2 -57.77
961.6 -57.79
962.0 -57.84
962.4 -57.76
962.8 -57.82
963.2 -57.73
963.6 -57.69
964.0 -57.54
964.4 -57.5
964.8 -57.5
965.2 -57.44
965.6 -57.44
966.0 -57.46
966.4 -57.57
966.8 -57.36
967.2 -57.42
967.6 -57.51
968.0 -57.51
968.4 -57.38
968.8 -57.49
969.2 -57.3
969.6 -57.42
970.0 -57.56
970.4 -57.49
970.8 -57.53
971.2 -57.38
971.6 -57.55
972.0 -57.56
972.4 -57.46
972.8 -57.59
973.2 -57.75
973.6 -57.47
974.0 -57.51
974.4 -57.61
974.8 -57.63
975.2 -57.58
975.6 -57.82
976.0 -57.67
976.4 -57.7
976.8 -57.82
977.2 -57.81
977.6 -57.87
978.0 -57.97
978.4 -57.77
978.8 -57.88
979.2 -57.87
979.6 -57.95
980.0 -57.77
980.4 -57.85
980.8 -57.81
981.2 -57.81
981.6 -57.8
982.0 -57.88
982.4 -57.59
982.8 -57.58
983.2 -57.56
983.6 -57.44
984.0 -57.4
984.4 -57.43
984.8 -57.27
985.2 -57.34
985.6 -57.19
986.0 -57.24
986.4 -57.12
986.8 -57.21
987.2 -57.11
987.6 -57.15
988.0 -57.12
988.4 -57.02
988.8 -56.94
989.2 -56.88
989.6 -56.96
990.0 -56.85
990.4 -56.84
990.8 -56.85
991.2 -56.86
991.6 -56.76
992.0 -56.7
992.4 -56.78
992.8 -56.78
993.2 -56.72
993.6 -56.8
994.0 -56.67
994.4 -56.68
994.8 -56.7
995.2 -56.7
995.6 -56.7
996.0 -56.86
996.4 -56.79
996.8 -56.89
997.2 -56.95
997.6 -56.84
998.0 -56.92
998.4 -56.91
998.8 -57.1
999.2 -57.05
999.6 -57.02
1000.0 -56.95
