600.0 -70.16
600.4 -210.0
600.8 -210.0
601.2 -210.0
601.6 -210.0
602.0 -210.0
602.4 -78.26
602.8 -210.0
603.2 -210.0
603.6 -73.95
604.0 -210.0
604.4 -84.42
604.8 -71.89
605.2 -210.0
605.6 -210.0
606.0 -81.52
606.4 -74.55
606.8 -210.0
607.2 -210.0
607.6 -72.07
608.0 -71.65
608.4 -73.88
608.8 -69.93
609.2 -67.74
609.6 -69.31
610.0 -71.77
610.4 -77.02
610.8 -74.41
611.2 -75.81
611.6 -210.0
612.0 -73.43
612.4 -210.0
612.8 -210.0
613.2 -210.0
613.6 -210.0
614.0 -72.46
614.4 -82.03
614.8 -69.15
615.2 -82.08
615.6 -73.34
616.0 -210.0
616.4 -210.0
616.8 -210.0
617.2 -210.0
617.6 -73.18
618.0 -71.83
618.4 -85.28
618.8 -210.0
619.2 -70.85
619.6 -210.0
620.0 -73.6
620.4 -71.08
620.8 -210.0
621.2 -70.53
621.6 -69.67
622.0 -70.44
622.4 -70.46
622.8 -73.24
623.2 -74.43
623.6 -210.0
624.0 -69.08
624.4 -210.0
624.8 -70.1
625.2 -70.92
625.6 -69.18
626.0 -71.77
626.4 -72.34
626.8 -73.01
627.2 -69.19
627.6 -210.0
628.0 -73.56
628.4 -70.21
628.8 -210.0
629.2 -74.17
629.6 -72.74
630.0 -71.08
630.4 -71.4
630.8 -68.9
631.2 -68.76
631.6 -69.68
632.0 -74.68
632.4 -70.61
632.8 -69.97
633.2 -71.32
633.6 -71.34
634.0 -77.25
634.4 -68.39
634.8 -77.31
635.2 -70.81
635.6 -71.49
636.0 -74.13
636.4 -68.68
636.8 -70.37
637.2 -71.9
637.6 -70.53
638.0 -72.97
638.4 -70.59
638.8 -69.66
639.2 -71.62
639.6 -73.92
640.0 -68.04
640.4 -69.53
640.8 -68.01
641.2 -72.07
641.6 -70.86
642.0 -68.11
642.4 -70.33
642.8 -69.59
643.2 -68.96
643.6 -68.09
644.0 -68.9
644.4 -70.06
644.8 -67.4
645.2 -69.21
645.6 -69.69
646.0 -66.63
646.4 -68.28
646.8 -69.29
647.2 -69.26
647.6 -68.29
648.0 -68.88
648.4 -67.5
648.8 -68.67
649.2 -67.52
649.6 -69.09
650.0 -68.64
650.4 -68.48
650.8 -67.79
651.2 -68.04
651.6 -67.58
652.0 -67.33
652.4 -68.0
652.8 -68.09
653.2 -67.9
653.6 -67.48
654.0 -68.61
654.4 -67.19
654.8 -67.09
655.2 -68.02
655.6 -67.83
656.0 -66.46
656.4 -67.06
656.8 -67.93
657.2 -67.34
657.6 -68.38
658.0 -67.85
658.4 -66.96
658.8 -68.34
659.2 -68.55
659.6 -67.91
660.0 -68.01
660.4 -68.06
660.8 -69.12
661.2 -67.01
661.6 -68.56
662.0 -66.73
662.4 -67.28
662.8 -67.65
663.2 -66.76
663.6 -66.73
664.0 -67.74
664.4 -67.53
664.8 -66.46
665.2 -67.96
665.6 -67.05
666.0 -66.66
666.4 -67.96
666.8 -67.78
667.2 -66.62
667.6 -67.2
668.0 -68.11
668.4 -66.62
668.8 -66.39
669.2 -67.44
669.6 -67.28
670.0 -66.32
670.4 -67.82
670.8 -67.22
671.2 -66.81
671.6 -67.18
672.0 -66.46
672.4 -66.46
672.8 -67.24
673.2 -66.9
673.6 -66.9
674.0 -67.87
674.4 -67.19
674.8 -66.63
675.2 -66.95
675.6 -67.03
676.0 -67.06
676.4 -66.32
676.8 -66.48
677.2 -65.31
677.6 -67.16
678.0 -66.71
678.4 -66.81
678.8 -67.86
679.2 -66.07
679.6 -66.01
680.0 -66.87
680.4 -67.17
680.8 -66.5
681.2 -66.4
681.6 -66.96
682.0 -66.22
682.4 -66.59
682.8 -67.5
683.2 -66.41
683.6 -66.4
684.0 -65.58
684.4 -66.42
684.8 -66.32
685.2 -65.64
685.6 -67.06
686.0 -66.33
686.4 -65.52
686.8 -66.53
687.2 -66.1
687.6 -66.02
688.0 -66.02
688.4 -65.63
688.8 -65.86
689.2 -65.88
689.6 -66.26
690.0 -66.45
690.4 -66.84
690.8 -65.77
691.2 -66.9
691.6 -66.4
692.0 -67.47
692.4 -66.88
692.8 -66.92
693.2 -65.08
693.6 -66.65
694.0 -65.35
694.4 -65.54
694.8 -65.16
695.2 -65.76
695.6 -66.17
696.0 -65.78
696.4 -65.23
696.8 -66.12
697.2 -66.04
697.6 -67.18
698.0 -65.52
698.4 -65.99
698.8 -65.51
699.2 -65.76
699.6 -65.33
700.0 -65.43
700.4 -65.9
700.8 -65.83
701.2 -65.89
701.6 -64.93
702.0 -65.75
702.4 -65.9
702.8 -65.84
703.2 -65.73
703.6 -65.27
704.0 -66.49
704.4 -65.28
704.8 -65.74
705.2 -65.1
705.6 -65.27
706.0 -65.43
706.4 -65.97
706.8 -65.93
707.2 -65.49
707.6 -65.96
708.0 -66.81
708.4 -65.71
708.8 -65.3
709.2 -66.16
709.6 -66.09
710.0 -66.4
710.4 -65.76
710.8 -65.91
711.2 -66.25
711.6 -65.35
712.0 -65.9
712.4 -65.04
712.8 -65.63
713.2 -65.51
713.6 -65.5
714.0 -65.84
714.4 -66.35
714.8 -67.06
715.2 -65.7
715.6 -65.48
716.0 -65.89
716.4 -65.53
716.8 -65.75
717.2 -66.0
717.6 -66.0
718.0 -65.28
718.4 -64.71
718.8 -66.49
719.2 -66.19
719.6 -65.78
720.0 -65.52
720.4 -65.74
720.8 -65.36
721.2 -65.54
721.6 -65.57
722.0 -65.35
722.4 -65.32
722.8 -65.46
723.2 -65.81
723.6 -65.49
724.0 -65.9
724.4 -66.55
724.8 -65.53
725.2 -65.63
725.6 -65.63
726.0 -65.14
726.4 -66.57
726.8 -65.42
727.2 -65.48
727.6 -64.99
728.0 -66.0
728.4 -64.58
728.8 -65.56
729.2 -65.28
729.6 -65.11
730.0 -65.42
730.4 -65.16
730.8 -66.07
731.2 -65.76
731.6 -65.26
732.0 -64.97
732.4 -64.8
732.8 -65.69
733.2 -64.59
733.6 -65.88
734.0 -65.84
734.4 -65.0
734.8 -65.09
735.2 -64.95
735.6 -66.33
736.0 -65.47
736.4 -65.49
736.8 -65.75
737.2 -65.49
737.6 -65.11
738.0 -65.38
738.4 -65.26
738.8 -65.28
739.2 -66.07
739.6 -65.31
740.0 -65.07
740.4 -64.47
740.8 -64.95
741.2 -65.17
741.6 -64.94
742.0 -65.14
742.4 -64.78
742.8 -65.41
743.2 -64.71
743.6 -65.5
744.0 -65.96
744.4 -65.62
744.8 -65.01
745.2 -65.75
745.6 -65.88
746.0 -66.28
746.4 -65.39
746.8 -65.85
747.2 -65.94
747.6 -65.8
748.0 -66.24
748.4 -65.93
748.8 -65.4
749.2 -65.69
749.6 -65.03
750.0 -65.68
750.4 -64.74
750.8 -65.57
751.2 -65.16
751.6 -65.27
752.0 -66.04
752.4 -65.62
752.8 -64.6
753.2 -65.67
753.6 -65.09
754.0 -64.86
754.4 -65.36
754.8 -64.99
755.2 -65.51
755.6 -65.35
756.0 -65.21
756.4 -64.86
756.8 -65.17
757.2 -65.05
757.6 -64.54
758.0 -64.59
758.4 -66.26
758.8 -65.06
759.2 -64.65
759.6 -66.37
760.0 -65.72
760.4 -65.26
760.8 -65.44
761.2 -65.51
761.6 -65.64
762.0 -65.33
762.4 -64.76
762.8 -65.49
763.2 -65.62
763.6 -64.05
764.0 -65.38
764.4 -66.28
764.8 -65.6
765.2 -65.64
765.6 -64.84
766.0 -65.77
766.4 -64.75
766.8 -65.19
767.2 -66.05
767.6 -65.35
768.0 -65.15
768.4 -65.82
768.8 -65.74
769.2 -64.34
769.6 -64.95
770.0 -64.79
770.4 -65.87
770.8 -64.71
771.2 -64.35
771.6 -66.22
772.0 -64.78
772.4 -64.73
772.8 -64.78
773.2 -65.27
773.6 -65.83
774.0 -64.28
774.4 -64.72
774.8 -64.47
775.2 -65.07
775.6 -64.98
776.0 -65.39
776.4 -64.82
776.8 -64.85
777.2 -64.62
777.6 -65.13
778.0 -64.34
778.4 -65.44
778.8 -65.58
779.2 -64.7
779.6 -64.75
780.0 -65.14
780.4 -64.52
780.8 -64.55
781.2 -64.28
781.6 -64.24
782.0 -64.71
782.4 -65.63
782.8 -64.54
783.2 -64.96
783.6 -64.42
784.0 -64.99
784.4 -64.9
784.8 -65.17
785.2 -65.61
785.6 -64.43
786.0 -64.95
786.4 -65.36
786.8 -66.21
787.2 -64.94
787.6 -65.75
788.0 -64.85
788.4 -65.18
788.8 -65.49
789.2 -64.9
789.6 -64.87
790.0 -64.74
790.4 -64.12
790.8 -64.35
791.2 -64.42
791.6 -63.91
792.0 -64.79
792.4 -65.33
792.8 -64.52
793.2 -63.75
793.6 -64.55
794.0 -64.86
794.4 -64.6
794.8 -64.32
795.2 -65.14
795.6 -64.76
796.0 -64.64
796.4 -63.53
796.8 -65.01
797.2 -64.69
797.6 -64.72
798.0 -65.36
798.4 -64.18
798.8 -64.83
799.2 -64.86
799.6 -64.03
800.0 -64.12
800.4 -63.99
800.8 -63.82
801.2 -64.16
801.6 -63.53
802.0 -64.96
802.4 -63.67
802.8 -63.94
803.2 -64.69
803.6 -63.3
804.0 -64.47
804.4 -64.15
804.8 -64.2
805.2 -63.18
805.6 -63.26
806.0 -62.33
806.4 -60.49
806.8 -57.26
807.2 -53.53
807.6 -49.52
808.0 -48.32
808.4 -49.37
808.8 -50.04
809.2 -54.06
809.6 -60.63
810.0 -62.92
810.4 -62.76
810.8 -63.12
811.2 -63.12
811.6 -64.2
812.0 -63.77
812.4 -63.68
812.8 -63.42
813.2 -64.1
813.6 -63.51
814.0 -64.47
814.4 -64.32
814.8 -63.57
815.2 -63.55
815.6 -63.87
816.0 -63.93
816.4 -64.01
816.8 -63.58
817.2 -63.7
817.6 -63.78
818.0 -63.82
818.4 -63.59
818.8 -63.91
819.2 -63.99
819.6 -64.47
820.0 -63.8
820.4 -64.12
820.8 -63.32
821.2 -63.69
821.6 -63.45
822.0 -63.78
822.4 -63.5
822.8 -63.41
823.2 -63.62
823.6 -63.61
824.0 -63.82
824.4 -63.59
824.8 -63.55
825.2 -63.52
825.6 -63.56
826.0 -63.24
826.4 -63.39
826.8 -63.69
827.2 -63.83
827.6 -63.74
828.0 -64.04
828.4 -63.49
828.8 -63.96
829.2 -63.5
829.6 -63.57
830.0 -64.08
830.4 -63.87
830.8 -63.58
831.2 -63.67
831.6 -64.17
832.0 -63.72
832.4 -63.67
832.8 -64.3
833.2 -63.89
833.6 -63.94
834.0 -63.93
834.4 -63.23
834.8 -63.87
835.2 -63.51
835.6 -63.62
836.0 -63.09
836.4 -63.62
836.8 -63.75
837.2 -63.85
837.6 -63.72
838.0 -64.24
838.4 -64.02
838.8 -63.57
839.2 -63.51
839.6 -63.54
840.0 -63.9
840.4 -64.01
840.8 -64.1
841.2 -63.83
841.6 -63.79
842.0 -63.81
842.4 -64.0
842.8 -63.53
843.2 -63.58
843.6 -63.94
844.0 -64.17
844.4 -64.3
844.8 -63.75
845.2 -63.9
845.6 -64.29
846.0 -63.9
846.4 -64.04
846.8 -64.47
847.2 -64.22
847.6 -65.23
848.0 -64.01
848.4 -63.67
848.8 -64.36
849.2 -64.87
849.6 -64.52
850.0 -64.37
850.4 -64.15
850.8 -64.35
851.2 -64.18
851.6 -63.94
852.0 -64.53
852.4 -64.9
852.8 -64.78
853.2 -64.45
853.6 -64.52
854.0 -64.18
854.4 -64.4
854.8 -64.26
855.2 -64.59
855.6 -64.25
856.0 -64.47
856.4 -63.75
856.8 -64.35
857.2 -64.49
857.6 -64.3
858.0 -63.97
858.4 -63.74
858.8 -64.25
859.2 -64.23
859.6 -63.92
860.0 -64.14
860.4 -63.66
860.8 -63.92
861.2 -64.23
861.6 -64.03
862.0 -64.3
862.4 -64.77
862.8 -63.98
863.2 -64.21
863.6 -64.45
864.0 -64.78
864.4 -64.61
864.8 -64.68
865.2 -64.69
865.6 -64.16
866.0 -64.12
866.4 -64.31
866.8 -64.42
867.2 -64.65
867.6 -64.49
868.0 -64.15
868.4 -64.53
868.8 -64.04
869.2 -64.18
869.6 -63.85
870.0 -64.27
870.4 -64.32
870.8 -64.41
871.2 -64.62
871.6 -64.02
872.0 -64.45
872.4 -64.62
872.8 -64.9
873.2 -64.7
873.6 -64.51
874.0 -64.6
874.4 -64.59
874.8 -64.56
875.2 -64.15
875.6 -64.16
876.0 -65.24
876.4 -64.84
876.8 -64.25
877.2 -63.74
877.6 -64.47
878.0 -64.29
878.4 -64.55
878.8 -64.5
879.2 -63.73
879.6 -63.84
880.0 -64.8
880.4 -63.83
880.8 -64.01
881.2 -63.72
881.6 -63.61
882.0 -64.01
882.4 -64.0
882.8 -64.14
883.2 -64.34
883.6 -64.72
884.0 -65.22
884.4 -64.29
884.8 -64.26
885.2 -64.64
885.6 -63.95
886.0 -63.79
886.4 -64.15
886.8 -64.28
887.2 -64.49
887.6 -64.85
888.0 -63.88
888.4 -64.06
888.8 -64.32
889.2 -63.96
889.6 -64.49
890.0 -64.03
890.4 -64.55
890.8 -64.0
891.2 -63.9
891.6 -64.23
892.0 -64.41
892.4 -64.5
892.8 -64.02
893.2 -63.73
893.6 -64.7
894.0 -63.97
894.4 -64.5
894.8 -64.16
895.2 -64.12
895.6 -64.67
896.0 -64.3
896.4 -63.41
896.8 -63.81
897.2 -63.84
897.6 -63.84
898.0 -64.3
898.4 -64.94
898.8 -64.53
899.2 -64.25
899.6 -64.12
900.0 -64.32
900.4 -64.0
900.8 -64.49
901.2 -64.46
901.6 -64.46
902.0 -64.13
902.4 -64.39
902.8 -64.36
903.2 -64.33
903.6 -64.2
904.0 -64.53
904.4 -64.14
904.8 -63.88
905.2 -64.02
905.6 -63.91
906.0 -64.11
906.4 -64.83
906.8 -64.4
907.2 -64.26
907.6 -63.91
908.0 -63.98
908.4 -64.55
908.8 -64.59
909.2 -64.4
909.6 -64.18
910.0 -64.79
910.4 -64.51
910.8 -64.23
911.2 -64.54
911.6 -64.1
912.0 -63.64
912.4 -64.22
912.8 -64.26
913.2 -63.79
913.6 -63.99
914.0 -64.05
914.4 -64.0
914.8 -64.44
915.2 -64.54
915.6 -64.33
916.0 -64.22
916.4 -64.39
916.8 -64.05
917.2 -65.14
917.6 -64.23
918.0 -64.59
918.4 -64.59
918.8 -63.91
919.2 -64.41
919.6 -64.12
920.0 -64.68
920.4 -64.21
920.8 -64.74
921.2 -64.15
921.6 -64.79
922.0 -64.48
922.4 -65.02
922.8 -64.62
923.2 -64.8
923.6 -64.78
924.0 -64.78
924.4 -65.37
924.8 -64.1
925.2 -64.75
925.6 -65.29
926.0 -64.53
926.4 -64.34
926.8 -64.68
927.2 -64.6
927.6 -64.73
928.0 -64.55
928.4 -64.59
928.8 -64.89
929.2 -65.25
929.6 -64.99
930.0 -64.59
930.4 -65.01
930.8 -64.61
931.2 -64.96
931.6 -64.56
932.0 -64.8
932.4 -64.99
932.8 -64.58
933.2 -64.72
933.6 -65.09
934.0 -64.78
934.4 -64.92
934.8 -64.89
935.2 -64.86
935.6 -64.03
936.0 -64.69
936.4 -64.79
936.8 -64.66
937.2 -64.81
937.6 -65.0
938.0 -64.77
938.4 -64.53
938.8 -64.53
939.2 -64.91
939.6 -64.98
940.0 -64.93
940.4 -64.9
940.8 -65.32
941.2 -65.01
941.6 -65.05
942.0 -65.07
942.4 -65.45
942.8 -64.95
943.2 -64.76
943.6 -64.66
944.0 -65.36
944.4 -64.89
944.8 -65.09
945.2 -64.7
945.6 -65.24
946.0 -65.09
946.4 -64.68
946.8 -64.53
947.2 -64.76
947.6 -64.75
948.0 -65.21
948.4 -64.99
948.8 -64.75
949.2 -65.31
949.6 -65.14
950.0 -64.95
950.4 -64.86
950.8 -65.0
951.2 -64.76
951.6 -64.8
952.0 -65.37
952.4 -64.89
952.8 -64.5
953.2 -64.93
953.6 -64.87
954.0 -64.68
954.4 -65.02
954.8 -64.71
955.2 -64.93
955.6 -65.21
956.0 -65.0
956.4 -64.83
956.8 -64.61
957.2 -64.36
957.6 -65.04
958.0 -65.13
958.4 -64.67
958.8 -64.65
959.2 -64.53
959.6 -64.64
960.0 -64.7
960.4 -64.72
960.8 -64.45
961.2 -64.6
961.6 -64.85
962.0 -64.6
962.4 -64.56
962.8 -64.69
963.2 -64.89
963.6 -64.78
964.0 -64.56
964.4 -64.42
964.8 -64.3
965.2 -64.34
965.6 -64.29
966.0 -64.57
966.4 -64.58
966.8 -64.37
967.2 -64.44
967.6 -64.57
968.0 -64.44
968.4 -64.47
968.8 -64.58
969.2 -64.42
969.6 -64.52
970.0 -64.73
970.4 -64.45
970.8 -64.55
971.2 -64.28
971.6 -64.76
972.0 -64.23
972.4 -64.72
972.8 -64.47
973.2 -64.74
973.6 -64.37
974.0 -64.37
974.4 -64.53
974.8 -64.64
975.2 -64.83
975.6 -64.72
976.0 -64.73
976.4 -64.49
976.8 -65.05
977.2 -64.29
977.6 -64.89
978.0 -64.77
978.4 -64.82
978.8 -65.1
979.2 -64.66
979.6 -64.52
980.0 -64.88
980.4 -64.58
980.8 -64.62
981.2 -64.49
981.6 -64.74
982.0 -64.56
982.4 -63.9
982.8 -64.07
983.2 -63.82
983.6 -64.17
984.0 -64.02
984.4 -63.85
984.8 -63.96
985.2 -63.87
985.6 -63.6
986.0 -63.67
986.4 -63.76
986.8 -63.21
987.2 -63.53
987.6 -63.41
988.0 -63.71
988.4 -63.5
988.8 -63.59
989.2 -63.62
989.6 -63.5
990.0 -63.23
990.4 -63.31
990.8 -63.26
991.2 -63.24
991.6 -63.23
992.0 -63.15
992.4 -63.13
992.8 -62.82
993.2 -62.97
993.6 -63.09
994.0 -62.82
994.4 -62.8
994.8 -62.5
995.2 -62.52
995.6 -62.76
996.0 -62.86
996.4 -62.5
996.8 -62.61
997.2 -62.81
997.6 -62.73
998.0 -62.67
998.4 -62.89
998.8 -62.69
999.2 -62.52
999.6 -62.63
1000.0 -62.66
