600.0 -210.0
600.4 -67.53
600.8 -69.41
601.2 -68.29
601.6 -210.0
602.0 -74.27
602.4 -210.0
602.8 -71.53
603.2 -72.03
603.6 -210.0
604.0 -72.93
604.4 -73.62
604.8 -70.13
605.2 -71.04
605.6 -210.0
606.0 -210.0
606.4 -210.0
606.8 -75.03
607.2 -210.0
607.6 -210.0
608.0 -76.2
608.4 -74.68
608.8 -68.68
609.2 -210.0
609.6 -210.0
610.0 -74.36
610.4 -71.8
610.8 -210.0
611.2 -77.06
611.6 -74.08
612.0 -210.0
612.4 -70.95
612.8 -73.81
613.2 -73.83
613.6 -73.53
614.0 -85.02
614.4 -210.0
614.8 -73.02
615.2 -210.0
615.6 -73.64
616.0 -71.33
616.4 -76.12
616.8 -76.14
617.2 -75.21
617.6 -77.44
618.0 -69.34
618.4 -75.73
618.8 -72.74
619.2 -72.54
619.6 -73.58
620.0 -210.0
620.4 -210.0
620.8 -69.5
621.2 -80.67
621.6 -210.0
622.0 -75.5
622.4 -74.72
622.8 -85.55
623.2 -77.11
623.6 -68.87
624.0 -72.61
624.4 -73.6
624.8 -72.66
625.2 -77.24
625.6 -70.53
626.0 -210.0
626.4 -74.63
626.8 -72.79
627.2 -74.05
627.6 -210.0
628.0 -210.0
628.4 -71.75
628.8 -70.35
629.2 -210.0
629.6 -71.82
630.0 -210.0
630.4 -72.05
630.8 -79.07
631.2 -69.55
631.6 -78.33
632.0 -68.15
632.4 -74.71
632.8 -72.06
633.2 -72.62
633.6 -69.72
634.0 -210.0
634.4 -72.0
634.8 -69.81
635.2 -70.58
635.6 -71.49
636.0 -69.36
636.4 -72.15
636.8 -78.04
637.2 -72.72
637.6 -74.0
638.0 -70.67
638.4 -70.59
638.8 -72.17
639.2 -69.27
639.6 -71.93
640.0 -210.0
640.4 -69.45
640.8 -71.13
641.2 -70.22
641.6 -71.44
642.0 -72.94
642.4 -75.19
642.8 -70.97
643.2 -74.02
643.6 -70.08
644.0 -70.76
644.4 -72.08
644.8 -73.75
645.2 -72.89
645.6 -69.32
646.0 -70.55
646.4 -68.93
646.8 -72.17
647.2 -69.83
647.6 -71.98
648.0 -69.13
648.4 -72.05
648.8 -71.0
649.2 -71.33
649.6 -69.34
650.0 -70.8
650.4 -71.08
650.8 -71.08
651.2 -72.71
651.6 -72.06
652.0 -70.64
652.4 -74.85
652.8 -71.4
653.2 -69.85
653.6 -69.94
654.0 -68.25
654.4 -68.95
654.8 -68.41
655.2 -70.41
655.6 -69.08
656.0 -68.69
656.4 -68.22
656.8 -69.34
657.2 -68.98
657.6 -69.16
658.0 -71.05
658.4 -70.86
658.8 -71.77
659.2 -70.2
659.6 -69.23
660.0 -70.79
660.4 -68.89
660.8 -70.45
661.2 -69.12
661.6 -69.24
662.0 -68.45
662.4 -68.4
662.8 -70.37
663.2 -68.25
663.6 -70.71
664.0 -69.12
664.4 -69.7
664.8 -69.37
665.2 -70.29
665.6 -68.15
666.0 -69.18
666.4 -70.21
666.8 -68.5
667.2 -68.25
667.6 -68.2
668.0 -70.14
668.4 -69.37
668.8 -68.15
669.2 -69.37
669.6 -68.2
670.0 -68.71
670.4 -68.76
670.8 -68.43
671.2 -68.92
671.6 -68.38
672.0 -67.98
672.4 -70.42
672.8 -68.9
673.2 -67.79
673.6 -67.97
674.0 -67.6
674.4 -71.62
674.8 -69.12
675.2 -71.51
675.6 -69.85
676.0 -68.54
676.4 -69.7
676.8 -68.27
677.2 -68.22
677.6 -68.48
678.0 -70.05
678.4 -70.2
678.8 -67.91
679.2 -68.84
679.6 -67.26
680.0 -68.14
680.4 -68.66
680.8 -70.85
681.2 -67.66
681.6 -70.24
682.0 -68.31
682.4 -67.34
682.8 -68.2
683.2 -68.97
683.6 -67.8
684.0 -67.58
684.4 -67.66
684.8 -69.07
685.2 -67.97
685.6 -67.3
686.0 -68.37
686.4 -68.31
686.8 -68.41
687.2 -68.05
687.6 -68.62
688.0 -67.03
688.4 -68.39
688.8 -66.72
689.2 -68.17
689.6 -67.78
690.0 -69.13
690.4 -67.67
690.8 -67.07
691.2 -67.85
691.6 -68.92
692.0 -67.69
692.4 -67.73
692.8 -68.28
693.2 -67.54
693.6 -67.86
694.0 -67.66
694.4 -69.0
694.8 -67.09
695.2 -68.08
695.6 -67.69
696.0 -68.85
696.4 -67.81
696.8 -67.19
697.2 -67.9
697.6 -67.8
698.0 -67.94
698.4 -66.29
698.8 -67.2
699.2 -67.77
699.6 -68.62
700.0 -67.31
700.4 -67.95
700.8 -66.26
701.2 -67.16
701.6 -67.55
702.0 -66.98
702.4 -67.31
702.8 -66.66
703.2 -66.92
703.6 -67.62
704.0 -66.56
704.4 -67.5
704.8 -67.55
705.2 -67.88
705.6 -67.27
706.0 -67.87
706.4 -67.12
706.8 -68.07
707.2 -66.44
707.6 -65.86
708.0 -66.73
708.4 -67.63
708.8 -67.05
709.2 -66.27
709.6 -67.12
710.0 -67.52
710.4 -67.33
710.8 -68.82
711.2 -66.89
711.6 -67.31
712.0 -66.03
712.4 -66.53
712.8 -66.63
713.2 -67.49
713.6 -68.31
714.0 -66.9
714.4 -66.94
714.8 -66.81
715.2 -67.36
715.6 -67.41
716.0 -66.16
716.4 -67.64
716.8 -65.75
717.2 -66.07
717.6 -66.51
718.0 -66.06
718.4 -66.61
718.8 -66.72
719.2 -66.89
719.6 -65.78
720.0 -66.33
720.4 -67.7
720.8 -66.62
721.2 -67.79
721.6 -67.21
722.0 -66.57
722.4 -66.57
722.8 -65.94
723.2 -65.74
723.6 -67.28
724.0 -66.84
724.4 -66.63
724.8 -65.57
725.2 -66.91
725.6 -66.62
726.0 -66.12
726.4 -66.99
726.8 -65.94
727.2 -67.94
727.6 -65.74
728.0 -65.96
728.4 -66.43
728.8 -65.75
729.2 -66.13
729.6 -66.46
730.0 -67.08
730.4 -66.08
730.8 -67.07
731.2 -68.13
731.6 -66.6
732.0 -67.34
732.4 -65.99
732.8 -66.28
733.2 -65.95
733.6 -66.38
734.0 -66.75
734.4 -66.37
734.8 -66.01
735.2 -65.38
735.6 -66.56
736.0 -65.59
736.4 -65.61
736.8 -66.97
737.2 -66.8
737.6 -66.5
738.0 -65.84
738.4 -66.88
738.8 -65.93
739.2 -66.7
739.6 -65.79
740.0 -67.22
740.4 -66.77
740.8 -65.99
741.2 -66.76
741.6 -65.91
742.0 -66.13
742.4 -66.55
742.8 -67.06
743.2 -68.32
743.6 -66.12
744.0 -66.57
744.4 -65.49
744.8 -65.15
745.2 -66.11
745.6 -66.65
746.0 -66.77
746.4 -67.37
746.8 -66.4
747.2 -67.36
747.6 -66.55
748.0 -67.26
748.4 -65.21
748.8 -67.99
749.2 -66.84
749.6 -65.76
750.0 -65.75
750.4 -66.7
750.8 -65.98
751.2 -65.91
751.6 -66.94
752.0 -65.65
752.4 -66.38
752.8 -66.83
753.2 -65.71
753.6 -65.8
754.0 -66.09
754.4 -66.51
754.8 -65.97
755.2 -65.1
755.6 -65.75
756.0 -65.37
756.4 -65.77
756.8 -66.01
757.2 -65.08
757.6 -65.26
758.0 -65.58
758.4 -67.04
758.8 -67.13
759.2 -66.25
759.6 -66.58
760.0 -65.45
760.4 -66.74
760.8 -66.43
761.2 -65.68
761.6 -65.54
762.0 -65.17
762.4 -65.74
762.8 -66.29
763.2 -66.13
763.6 -65.59
764.0 -65.75
764.4 -64.97
764.8 -66.0
765.2 -65.21
765.6 -64.9
766.0 -65.8
766.4 -66.38
766.8 -64.74
767.2 -66.21
767.6 -65.76
768.0 -66.16
768.4 -64.79
768.8 -66.03
769.2 -66.79
769.6 -65.26
770.0 -65.99
770.4 -65.42
770.8 -65.35
771.2 -65.59
771.6 -65.76
772.0 -65.79
772.4 -65.68
772.8 -65.08
773.2 -64.04
773.6 -64.99
774.0 -65.17
774.4 -65.23
774.8 -65.43
775.2 -65.6
775.6 -64.8
776.0 -64.25
776.4 -65.49
776.8 -65.13
777.2 -64.91
777.6 -65.06
778.0 -65.95
778.4 -64.37
778.8 -66.02
779.2 -65.09
779.6 -64.7
780.0 -65.9
780.4 -65.79
780.8 -64.1
781.2 -65.3
781.6 -65.0
782.0 -65.22
782.4 -65.53
782.8 -64.32
783.2 -64.44
783.6 -64.84
784.0 -64.55
784.4 -65.55
784.8 -64.74
785.2 -64.95
785.6 -65.11
786.0 -64.83
786.4 -64.73
786.8 -65.82
787.2 -64.7
787.6 -64.59
788.0 -66.21
788.4 -63.81
788.8 -65.18
789.2 -64.58
789.6 -64.55
790.0 -64.68
790.4 -65.17
790.8 -65.05
791.2 -64.82
791.6 -64.82
792.0 -65.2
792.4 -64.48
792.8 -65.82
793.2 -64.84
793.6 -64.9
794.0 -64.83
794.4 -64.57
794.8 -64.74
795.2 -64.03
795.6 -65.84
796.0 -65.8
796.4 -64.76
796.8 -64.88
797.2 -65.0
797.6 -64.81
798.0 -64.19
798.4 -65.02
798.8 -64.89
799.2 -64.74
799.6 -64.06
800.0 -64.39
800.4 -64.7
800.8 -64.33
801.2 -64.92
801.6 -64.34
802.0 -64.11
802.4 -64.43
802.8 -64.07
803.2 -64.33
803.6 -63.84
804.0 -64.67
804.4 -64.26
804.8 -64.1
805.2 -63.48
805.6 -63.7
806.0 -63.17
806.4 -60.66
806.8 -57.52
807.2 -53.84
807.6 -49.85
808.0 -48.55
808.4 -49.5
808.8 -50.05
809.2 -53.78
809.6 -60.74
810.0 -62.96
810.4 -63.23
810.8 -63.94
811.2 -64.01
811.6 -64.83
812.0 -64.36
812.4 -64.26
812.8 -65.7
813.2 -64.74
813.6 -64.58
814.0 -64.24
814.4 -64.17
814.8 -63.89
815.2 -64.21
815.6 -64.02
816.0 -64.15
816.4 -64.44
816.8 -64.92
817.2 -63.72
817.6 -64.2
818.0 -63.91
818.4 -64.81
818.8 -64.79
819.2 -64.77
819.6 -64.31
820.0 -64.38
820.4 -64.47
820.8 -64.34
821.2 -64.91
821.6 -64.93
822.0 -63.7
822.4 -64.5
822.8 -64.16
823.2 -64.35
823.6 -63.84
824.0 -64.61
824.4 -63.96
824.8 -63.76
825.2 -64.22
825.6 -64.06
826.0 -63.59
826.4 -64.04
826.8 -64.44
827.2 -64.33
827.6 -64.23
828.0 -64.71
828.4 -64.08
828.8 -63.46
829.2 -64.24
829.6 -63.53
830.0 -63.8
830.4 -64.0
830.8 -64.12
831.2 -63.56
831.6 -63.54
832.0 -63.64
832.4 -63.87
832.8 -64.11
833.2 -63.71
833.6 -63.86
834.0 -63.5
834.4 -63.44
834.8 -63.68
835.2 -63.5
835.6 -63.54
836.0 -63.47
836.4 -63.33
836.8 -63.4
837.2 -63.62
837.6 -63.2
838.0 -63.77
838.4 -63.55
838.8 -64.42
839.2 -63.53
839.6 -63.73
840.0 -63.47
840.4 -63.57
840.8 -63.54
841.2 -63.45
841.6 -63.37
842.0 -63.7
842.4 -63.46
842.8 -63.58
843.2 -63.53
843.6 -63.4
844.0 -63.19
844.4 -63.49
844.8 -63.35
845.2 -63.23
845.6 -63.15
846.0 -63.05
846.4 -63.05
846.8 -63.21
847.2 -62.61
847.6 -63.1
848.0 -63.34
848.4 -62.61
848.8 -62.74
849.2 -63.2
849.6 -62.75
850.0 -62.55
850.4 -62.92
850.8 -62.97
851.2 -63.26
851.6 -63.32
852.0 -62.7
852.4 -62.76
852.8 -62.73
853.2 -63.2
853.6 -63.28
854.0 -63.18
854.4 -62.85
854.8 -62.79
855.2 -62.63
855.6 -63.12
856.0 -62.88
856.4 -62.91
856.8 -62.5
857.2 -63.08
857.6 -62.43
858.0 -62.68
858.4 -62.71
858.8 -62.42
859.2 -62.36
859.6 -62.45
860.0 -62.6
860.4 -62.3
860.8 -62.13
861.2 -62.46
861.6 -62.34
862.0 -62.46
862.4 -62.47
862.8 -62.28
863.2 -62.56
863.6 -62.74
864.0 -62.32
864.4 -62.39
864.8 -62.24
865.2 -62.3
865.6 -62.35
866.0 -62.25
866.4 -61.8
866.8 -62.53
867.2 -62.41
867.6 -62.82
868.0 -62.13
868.4 -62.14
868.8 -62.04
869.2 -62.41
869.6 -62.19
870.0 -62.25
870.4 -62.0
870.8 -62.11
871.2 -62.86
871.6 -62.15
872.0 -62.15
872.4 -62.03
872.8 -62.06
873.2 -62.18
873.6 -61.95
874.0 -62.05
874.4 -62.38
874.8 -62.03
875.2 -62.02
875.6 -62.12
876.0 -62.2
876.4 -61.88
876.8 -62.25
877.2 -61.87
877.6 -61.6
878.0 -61.93
878.4 -61.9
878.8 -62.15
879.2 -61.94
879.6 -61.71
880.0 -61.48
880.4 -61.8
880.8 -61.83
881.2 -62.02
881.6 -61.67
882.0 -61.96
882.4 -61.81
882.8 -62.08
883.2 -61.73
883.6 -61.72
884.0 -61.5
884.4 -61.64
884.8 -61.94
885.2 -61.56
885.6 -61.69
886.0 -62.2
886.4 -62.14
886.8 -61.75
887.2 -61.76
887.6 -61.87
888.0 -61.26
888.4 -61.5
888.8 -61.45
889.2 -61.76
889.6 -61.82
890.0 -61.76
890.4 -61.34
890.8 -61.2
891.2 -61.3
891.6 -61.22
892.0 -61.56
892.4 -61.48
892.8 -61.75
893.2 -61.56
893.6 -61.37
894.0 -61.64
894.4 -61.74
894.8 -61.57
895.2 -61.28
895.6 -61.22
896.0 -61.38
896.4 -61.46
896.8 -61.73
897.2 -61.29
897.6 -61.14
898.0 -61.54
898.4 -61.28
898.8 -61.16
899.2 -61.19
899.6 -61.38
900.0 -61.14
900.4 -61.14
900.8 -61.37
901.2 -61.48
901.6 -61.21
902.0 -61.18
902.4 -61.35
902.8 -61.1
903.2 -60.83
903.6 -60.95
904.0 -60.99
904.4 -60.94
904.8 -61.01
905.2 -60.92
905.6 -60.74
906.0 -61.01
906.4 -61.17
906.8 -60.83
907.2 -60.92
907.6 -61.01
908.0 -60.85
908.4 -60.85
908.8 -60.89
909.2 -60.97
909.6 -60.99
910.0 -60.55
910.4 -60.49
910.8 -60.89
911.2 -60.49
911.6 -60.66
912.0 -60.62
912.4 -60.41
912.8 -60.31
913.2 -60.5
913.6 -60.35
914.0 -60.46
914.4 -60.43
914.8 -60.34
915.2 -60.43
915.6 -60.43
916.0 -60.32
916.4 -60.37
916.8 -60.42
917.2 -60.26
917.6 -60.21
918.0 -60.3
918.4 -60.24
918.8 -60.4
919.2 -60.2
919.6 -60.23
920.0 -60.21
920.4 -60.0
920.8 -59.98
921.2 -59.92
921.6 -60.14
922.0 -60.05
922.4 -60.09
922.8 -60.11
923.2 -60.13
923.6 -60.12
924.0 -60.0
924.4 -60.06
924.8 -60.03
925.2 -59.65
925.6 -59.91
926.0 -60.03
926.4 -59.63
926.8 -59.86
927.2 -59.59
927.6 -59.78
928.0 -59.59
928.4 -59.61
928.8 -59.79
929.2 -59.77
929.6 -59.49
930.0 -59.46
930.4 -59.45
930.8 -59.29
931.2 -59.4
931.6 -59.62
932.0 -59.41
932.4 -59.46
932.8 -59.47
933.2 -59.31
933.6 -59.4
934.0 -59.37
934.4 -59.31
934.8 -59.27
935.2 -59.54
935.6 -59.17
936.0 -59.22
936.4 -59.28
936.8 -59.37
937.2 -59.19
937.6 -59.35
938.0 -59.13
938.4 -59.34
938.8 -59.23
939.2 -59.12
939.6 -59.12
940.0 -59.15
940.4 -58.93
940.8 -58.91
941.2 -59.01
941.6 -59.1
942.0 -59.05
942.4 -59.27
942.8 -58.85
943.2 -58.81
943.6 -58.66
944.0 -59.02
944.4 -58.66
944.8 -58.72
945.2 -58.65
945.6 -58.84
946.0 -58.86
946.4 -58.76
946.8 -58.71
947.2 -58.61
947.6 -58.7
948.0 -58.72
948.4 -58.63
948.8 -58.64
949.2 -58.59
949.6 -58.77
950.0 -58.69
950.4 -58.64
950.8 -58.68
951.2 -58.51
951.6 -58.51
952.0 -58.6
952.4 -58.62
952.8 -58.58
953.2 -58.65
953.6 -58.56
954.0 -58.62
954.4 -58.62
954.8 -58.59
955.2 -58.42
955.6 -58.5
956.0 -58.46
956.4 -58.67
956.8 -58.37
957.2 -58.49
957.6 -58.29
958.0 -58.42
958.4 -58.3
958.8 -58.41
959.2 -58.34
959.6 -58.3
960.0 -58.32
960.4 -58.38
960.8 -58.51
961.2 -58.1
961.6 -58.24
962.0 -58.12
962.4 -58.15
962.8 -58.19
963.2 -58.1
963.6 -58.1
964.0 -58.18
964.4 -57.99
964.8 -58.08
965.2 -58.1
965.6 -57.85
966.0 -57.85
966.4 -57.83
966.8 -58.08
967.2 -58.03
967.6 -57.93
968.0 -57.89
968.4 -57.87
968.8 -57.86
969.2 -57.92
969.6 -57.96
970.0 -57.89
970.4 -57.96
970.8 -58.0
971.2 -58.02
971.6 -58.03
972.0 -58.01
972.4 -58.12
972.8 -58.09
973.2 -58.04
973.6 -58.08
974.0 -58.06
974.4 -58.12
974.8 -58.1
975.2 -58.06
975.6 -58.2
976.0 -58.18
976.4 -58.32
976.8 -58.29
977.2 -58.38
977.6 -58.46
978.0 -58.39
978.4 -58.28
978.8 -58.21
979.2 -58.22
979.6 -58.23
980.0 -58.38
980.4 -58.23
980.8 -58.21
981.2 -58.23
981.6 -58.2
982.0 -58.13
982.4 -58.01
982.8 -57.93
983.2 -58.1
983.6 -57.88
984.0 -57.85
984.4 -57.86
984.8 -57.77
985.2 -57.57
985.6 -57.71
986.0 -57.68
986.4 -57.72
986.8 -57.54
987.2 -57.61
987.6 -57.54
988.0 -57.4
988.4 -57.47
988.8 -57.48
989.2 -57.43
989.6 -57.41
990.0 -57.32
990.4 -57.29
990.8 -57.28
991.2 -57.15
991.6 -57.23
992.0 -57.22
992.4 -57.16
992.8 -57.2
993.2 -57.18
993.6 -57.15
994.0 -57.18
994.4 -57.11
994.8 -57.23
995.2 -57.21
995.6 -57.19
996.0 -57.3
996.4 -57.23
996.8 -57.25
997.2 -57.29
997.6 -57.2
998.0 -57.38
998.4 -57.38
998.8 -57.32
999.2 -57.46
999.6 -57.35
1000.0 -57.36
