600.0 -71.83
600.4 -74.16
600.8 -210.0
601.2 -74.66
601.6 -75.2
602.0 -69.35
602.4 -210.0
602.8 -70.89
603.2 -210.0
603.6 -72.06
604.0 -210.0
604.4 -210.0
604.8 -75.99
605.2 -75.43
605.6 -210.0
606.0 -71.1
606.4 -71.54
606.8 -84.58
607.2 -210.0
607.6 -210.0
608.0 -210.0
608.4 -210.0
608.8 -210.0
609.2 -210.0
609.6 -210.0
610.0 -74.78
610.4 -210.0
610.8 -210.0
611.2 -71.84
611.6 -72.83
612.0 -70.12
612.4 -210.0
612.8 -70.63
613.2 -81.96
613.6 -210.0
614.0 -210.0
614.4 -210.0
614.8 -70.92
615.2 -71.47
615.6 -68.48
616.0 -74.34
616.4 -73.39
616.8 -72.17
617.2 -79.18
617.6 -210.0
618.0 -210.0
618.4 -210.0
618.8 -74.16
619.2 -210.0
619.6 -210.0
620.0 -210.0
620.4 -77.61
620.8 -73.65
621.2 -210.0
621.6 -210.0
622.0 -210.0
622.4 -72.51
622.8 -71.74
623.2 -71.09
623.6 -80.82
624.0 -210.0
624.4 -73.09
624.8 -71.86
625.2 -210.0
625.6 -210.0
626.0 -85.75
626.4 -210.0
626.8 -76.25
627.2 -210.0
627.6 -210.0
628.0 -85.87
628.4 -210.0
628.8 -79.89
629.2 -77.48
629.6 -210.0
630.0 -77.54
630.4 -76.99
630.8 -76.06
631.2 -70.52
631.6 -72.5
632.0 -77.69
632.4 -75.76
632.8 -83.2
633.2 -75.44
633.6 -74.49
634.0 -80.26
634.4 -86.32
634.8 -75.55
635.2 -72.57
635.6 -210.0
636.0 -210.0
636.4 -86.47
636.8 -210.0
637.2 -75.73
637.6 -74.0
638.0 -78.13
638.4 -78.83
638.8 -72.17
639.2 -210.0
639.6 -73.28
640.0 -71.05
640.4 -72.0
640.8 -79.83
641.2 -70.51
641.6 -210.0
642.0 -75.15
642.4 -210.0
642.8 -70.37
643.2 -210.0
643.6 -81.04
644.0 -72.47
644.4 -76.72
644.8 -70.36
645.2 -79.42
645.6 -76.11
646.0 -210.0
646.4 -210.0
646.8 -73.38
647.2 -75.08
647.6 -84.42
648.0 -77.46
648.4 -210.0
648.8 -72.09
649.2 -75.52
649.6 -72.16
650.0 -72.99
650.4 -70.8
650.8 -76.82
651.2 -210.0
651.6 -74.4
652.0 -72.57
652.4 -72.19
652.8 -75.08
653.2 -72.58
653.6 -73.02
654.0 -210.0
654.4 -210.0
654.8 -72.88
655.2 -73.51
655.6 -72.21
656.0 -73.35
656.4 -73.86
656.8 -74.44
657.2 -75.12
657.6 -75.37
658.0 -210.0
658.4 -72.9
658.8 -76.55
659.2 -72.63
659.6 -71.35
660.0 -78.15
660.4 -73.89
660.8 -79.24
661.2 -72.13
661.6 -75.14
662.0 -76.9
662.4 -210.0
662.8 -76.9
663.2 -71.07
663.6 -72.92
664.0 -72.25
664.4 -75.14
664.8 -76.9
665.2 -74.91
665.6 -73.07
666.0 -72.01
666.4 -72.38
666.8 -72.01
667.2 -77.7
667.6 -71.36
668.0 -74.91
668.4 -73.22
668.8 -81.67
669.2 -75.93
669.6 -73.22
670.0 -70.28
670.4 -71.66
670.8 -73.7
671.2 -210.0
671.6 -74.67
672.0 -210.0
672.4 -70.85
672.8 -72.21
673.2 -210.0
673.6 -70.58
674.0 -74.03
674.4 -77.65
674.8 -73.32
675.2 -74.02
675.6 -80.65
676.0 -70.07
676.4 -82.85
676.8 -73.14
677.2 -72.3
677.6 -73.14
678.0 -76.14
678.4 -76.81
678.8 -74.81
679.2 -78.56
679.6 -72.54
680.0 -73.44
680.4 -73.27
680.8 -71.14
681.2 -79.79
681.6 -70.94
682.0 -74.77
682.4 -72.64
682.8 -74.76
683.2 -79.76
683.6 -78.5
684.0 -76.07
684.4 -76.06
684.8 -75.48
685.2 -72.46
685.6 -210.0
686.0 -72.45
686.4 -72.88
686.8 -71.93
687.2 -79.71
687.6 -210.0
688.0 -74.48
688.4 -71.79
688.8 -78.44
689.2 -84.46
689.6 -73.32
690.0 -75.99
690.4 -72.82
690.8 -70.72
691.2 -70.03
691.6 -71.0
692.0 -70.7
692.4 -71.18
692.8 -73.61
693.2 -75.36
693.6 -71.38
694.0 -71.95
694.4 -74.38
694.8 -72.33
695.2 -71.14
695.6 -210.0
696.0 -73.22
696.4 -72.44
696.8 -72.58
697.2 -72.43
697.6 -210.0
698.0 -70.9
698.4 -75.86
698.8 -77.33
699.2 -77.77
699.6 -73.7
700.0 -71.74
700.4 -72.82
700.8 -70.05
701.2 -87.29
701.6 -75.24
702.0 -72.96
702.4 -210.0
702.8 -69.2
703.2 -70.92
703.6 -75.49
704.0 -73.1
704.4 -71.32
704.8 -75.77
705.2 -72.04
705.6 -72.17
706.0 -72.44
706.4 -69.88
706.8 -70.3
707.2 -71.4
707.6 -71.75
708.0 -71.16
708.4 -74.62
708.8 -74.17
709.2 -210.0
709.6 -72.85
710.0 -72.24
710.4 -73.01
710.8 -71.83
711.2 -73.92
711.6 -71.45
712.0 -70.51
712.4 -73.52
712.8 -77.13
713.2 -71.21
713.6 -70.13
714.0 -87.12
714.4 -78.65
714.8 -72.48
715.2 -69.03
715.6 -73.48
716.0 -70.86
716.4 -77.09
716.8 -72.03
717.2 -210.0
717.6 -71.89
718.0 -72.92
718.4 -70.94
718.8 -69.73
719.2 -75.01
719.6 -71.74
720.0 -78.59
720.4 -210.0
720.8 -69.71
721.2 -68.91
721.6 -71.98
722.0 -71.97
722.4 -72.55
722.8 -76.22
723.2 -70.39
723.6 -210.0
724.0 -74.45
724.4 -69.52
724.8 -71.94
725.2 -73.57
725.6 -70.27
726.0 -70.08
726.4 -76.19
726.8 -75.51
727.2 -73.97
727.6 -69.99
728.0 -73.96
728.4 -72.65
728.8 -210.0
729.2 -76.54
729.6 -76.54
730.0 -77.91
730.4 -69.24
730.8 -72.79
731.2 -73.51
731.6 -72.02
732.0 -70.59
732.4 -71.87
732.8 -80.9
733.2 -75.45
733.6 -75.45
734.0 -74.36
734.4 -71.22
734.8 -210.0
735.2 -72.76
735.6 -71.71
736.0 -70.87
736.4 -72.74
736.8 -210.0
737.2 -71.97
737.6 -70.85
738.0 -69.97
738.4 -73.87
738.8 -70.05
739.2 -76.45
739.6 -72.55
740.0 -70.73
740.4 -71.06
740.8 -71.17
741.2 -73.23
741.6 -210.0
742.0 -69.36
742.4 -73.84
742.8 -71.65
743.2 -69.2
743.6 -72.06
744.0 -70.2
744.4 -71.91
744.8 -75.36
745.2 -73.6
745.6 -70.28
746.0 -72.67
746.4 -71.9
746.8 -72.34
747.2 -71.49
747.6 -74.25
748.0 -72.03
748.4 -77.25
748.8 -70.26
749.2 -71.23
749.6 -72.02
750.0 -73.56
750.4 -73.56
750.8 -69.29
751.2 -72.46
751.6 -70.74
752.0 -70.63
752.4 -73.33
752.8 -78.29
753.2 -67.55
753.6 -73.51
754.0 -71.55
754.4 -74.42
754.8 -75.26
755.2 -70.09
755.6 -70.92
756.0 -71.02
756.4 -70.91
756.8 -71.51
757.2 -72.22
757.6 -69.7
758.0 -70.15
758.4 -72.53
758.8 -71.62
759.2 -69.94
759.6 -68.88
760.0 -80.63
760.4 -70.74
760.8 -72.67
761.2 -81.87
761.6 -72.67
762.0 -73.63
762.4 -70.61
762.8 -75.83
763.2 -71.57
763.6 -70.71
764.0 -71.43
764.4 -71.56
764.8 -72.29
765.2 -76.61
765.6 -68.48
766.0 -69.11
766.4 -75.8
766.8 -70.35
767.2 -70.67
767.6 -71.67
768.0 -71.26
768.4 -70.14
768.8 -69.41
769.2 -71.94
769.6 -70.88
770.0 -72.08
770.4 -70.02
770.8 -70.32
771.2 -73.55
771.6 -74.0
772.0 -70.63
772.4 -72.07
772.8 -71.23
773.2 -70.75
773.6 -70.11
774.0 -69.72
774.4 -70.85
774.8 -70.97
775.2 -73.75
775.6 -69.63
776.0 -72.38
776.4 -74.48
776.8 -70.09
777.2 -68.14
777.6 -72.05
778.0 -70.49
778.4 -75.72
778.8 -71.2
779.2 -74.21
779.6 -69.36
780.0 -70.94
780.4 -68.8
780.8 -72.19
781.2 -71.45
781.6 -69.59
782.0 -70.16
782.4 -70.26
782.8 -69.77
783.2 -74.18
783.6 -70.92
784.0 -83.48
784.4 -69.41
784.8 -75.34
785.2 -70.79
785.6 -74.71
786.0 -69.57
786.4 -71.69
786.8 -71.41
787.2 -69.84
787.6 -70.55
788.0 -67.49
788.4 -69.21
788.8 -69.73
789.2 -73.23
789.6 -210.0
790.0 -70.21
790.4 -74.14
790.8 -69.72
791.2 -68.51
791.6 -70.64
792.0 -69.28
792.4 -71.52
792.8 -73.87
793.2 -70.86
793.6 -73.64
794.0 -72.99
794.4 -67.72
794.8 -74.95
795.2 -68.15
795.6 -73.4
796.0 -73.85
796.4 -69.87
796.8 -69.42
797.2 -69.86
797.6 -70.6
798.0 -70.37
798.4 -68.12
798.8 -68.75
799.2 -70.94
799.6 -70.59
800.0 -71.46
800.4 -68.45
800.8 -69.05
801.2 -72.24
801.6 -68.32
802.0 -72.77
802.4 -68.32
802.8 -69.15
803.2 -71.21
803.6 -68.84
804.0 -69.97
804.4 -71.35
804.8 -66.91
805.2 -72.26
805.6 -70.29
806.0 -67.38
806.4 -64.8
806.8 -61.87
807.2 -57.84
807.6 -53.98
808.0 -52.39
808.4 -53.54
808.8 -54.14
809.2 -57.73
809.6 -65.3
810.0 -68.38
810.4 -70.54
810.8 -71.41
811.2 -71.41
811.6 -71.03
812.0 -69.41
812.4 -69.33
812.8 -70.7
813.2 -72.89
813.6 -68.66
814.0 -69.03
814.4 -71.61
814.8 -69.72
815.2 -75.74
815.6 -68.22
816.0 -70.32
816.4 -69.24
816.8 -70.13
817.2 -69.17
817.6 -71.96
818.0 -69.86
818.4 -70.91
818.8 -71.04
819.2 -69.89
819.6 -68.98
820.0 -71.32
820.4 -71.33
820.8 -67.97
821.2 -74.63
821.6 -68.18
822.0 -72.9
822.4 -68.87
822.8 -75.6
823.2 -71.19
823.6 -73.34
824.0 -73.36
824.4 -70.46
824.8 -210.0
825.2 -69.04
825.6 -70.93
826.0 -69.22
826.4 -71.82
826.8 -72.92
827.2 -70.09
827.6 -71.61
828.0 -69.69
828.4 -68.5
828.8 -70.53
829.2 -71.42
829.6 -69.59
830.0 -69.95
830.4 -69.57
830.8 -76.29
831.2 -69.19
831.6 -68.33
832.0 -70.35
832.4 -68.39
832.8 -69.16
833.2 -70.01
833.6 -69.36
834.0 -70.59
834.4 -69.15
834.8 -69.89
835.2 -68.54
835.6 -72.25
836.0 -69.2
836.4 -69.3
836.8 -72.6
837.2 -68.79
837.6 -68.38
838.0 -69.9
838.4 -70.08
838.8 -68.58
839.2 -68.72
839.6 -70.65
840.0 -67.96
840.4 -70.18
840.8 -68.87
841.2 -68.39
841.6 -68.81
842.0 -69.16
842.4 -68.8
842.8 -69.21
843.2 -71.39
843.6 -70.09
844.0 -68.04
844.4 -68.92
844.8 -69.08
845.2 -68.68
845.6 -68.91
846.0 -67.8
846.4 -67.89
846.8 -70.08
847.2 -68.62
847.6 -69.44
848.0 -70.46
848.4 -69.19
848.8 -69.92
849.2 -68.9
849.6 -67.71
850.0 -69.06
850.4 -69.37
850.8 -69.37
851.2 -68.6
851.6 -68.44
852.0 -67.86
852.4 -68.34
852.8 -70.19
853.2 -68.87
853.6 -68.54
854.0 -67.21
854.4 -70.42
854.8 -69.6
855.2 -68.47
855.6 -67.88
856.0 -68.85
856.4 -68.62
856.8 -67.74
857.2 -68.72
857.6 -69.52
858.0 -68.15
858.4 -69.31
858.8 -67.51
859.2 -68.34
859.6 -67.86
860.0 -67.67
860.4 -67.76
860.8 -68.81
861.2 -66.97
861.6 -69.34
862.0 -67.78
862.4 -69.28
862.8 -67.86
863.2 -69.6
863.6 -67.9
864.0 -67.59
864.4 -69.0
864.8 -67.45
865.2 -68.02
865.6 -66.7
866.0 -67.23
866.4 -67.92
866.8 -68.98
867.2 -69.03
867.6 -67.68
868.0 -68.61
868.4 -67.45
868.8 -67.57
869.2 -67.48
869.6 -67.57
870.0 -69.73
870.4 -66.94
870.8 -67.17
871.2 -67.45
871.6 -68.45
872.0 -67.49
872.4 -68.44
872.8 -67.18
873.2 -67.13
873.6 -67.5
874.0 -67.33
874.4 -68.31
874.8 -67.27
875.2 -67.8
875.6 -66.93
876.0 -67.78
876.4 -66.73
876.8 -67.67
877.2 -67.23
877.6 -68.64
878.0 -67.39
878.4 -67.22
878.8 -68.4
879.2 -67.41
879.6 -67.5
880.0 -66.67
880.4 -68.55
880.8 -67.02
881.2 -68.11
881.6 -66.56
882.0 -69.09
882.4 -68.96
882.8 -68.1
883.2 -68.71
883.6 -67.26
884.0 -68.42
884.4 -67.3
884.8 -68.58
885.2 -67.38
885.6 -67.29
886.0 -67.21
886.4 -69.14
886.8 -68.88
887.2 -68.87
887.6 -68.03
888.0 -67.16
888.4 -69.26
888.8 -68.46
889.2 -67.16
889.6 -67.11
890.0 -67.06
890.4 -66.75
890.8 -66.87
891.2 -68.94
891.6 -68.29
892.0 -67.75
892.4 -67.29
892.8 -68.65
893.2 -66.59
893.6 -68.77
894.0 -70.63
894.4 -67.1
894.8 -67.82
895.2 -69.3
895.6 -68.67
896.0 -68.03
896.4 -68.92
896.8 -69.6
897.2 -68.19
897.6 -68.81
898.0 -67.71
898.4 -68.31
898.8 -67.77
899.2 -68.16
899.6 -67.77
900.0 -67.68
900.4 -68.18
900.8 -68.98
901.2 -67.49
901.6 -68.93
902.0 -67.96
902.4 -67.21
902.8 -68.13
903.2 -68.91
903.6 -67.62
904.0 -68.52
904.4 -67.46
904.8 -69.19
905.2 -69.53
905.6 -67.7
906.0 -67.41
906.4 -67.21
906.8 -68.21
907.2 -66.56
907.6 -67.0
908.0 -67.36
908.4 -67.5
908.8 -67.77
909.2 -66.85
909.6 -68.91
910.0 -67.76
910.4 -68.72
910.8 -66.97
911.2 -68.33
911.6 -68.56
912.0 -67.21
912.4 -67.01
912.8 -67.03
913.2 -68.41
913.6 -67.44
914.0 -67.0
914.4 -67.85
914.8 -69.13
915.2 -67.55
915.6 -68.82
916.0 -68.58
916.4 -67.98
916.8 -68.61
917.2 -69.12
917.6 -67.82
918.0 -69.89
918.4 -68.29
918.8 -68.22
919.2 -68.56
919.6 -70.03
920.0 -69.72
920.4 -68.82
920.8 -68.89
921.2 -68.46
921.6 -69.36
922.0 -69.21
922.4 -68.66
922.8 -68.88
923.2 -68.64
923.6 -68.57
924.0 -70.9
924.4 -68.66
924.8 -68.68
925.2 -69.19
925.6 -67.26
926.0 -71.5
926.4 -68.51
926.8 -68.31
927.2 -68.73
927.6 -69.35
928.0 -68.72
928.4 -69.08
928.8 -68.4
929.2 -69.11
929.6 -68.18
930.0 -68.63
930.4 -68.88
930.8 -69.78
931.2 -68.82
931.6 -70.38
932.0 -67.92
932.4 -69.23
932.8 -69.1
933.2 -68.84
933.6 -70.05
934.0 -69.9
934.4 -69.69
934.8 -70.62
935.2 -69.68
935.6 -69.49
936.0 -69.41
936.4 -70.83
936.8 -69.81
937.2 -69.33
937.6 -70.7
938.0 -70.65
938.4 -71.53
938.8 -70.44
939.2 -69.94
939.6 -69.96
940.0 -71.23
940.4 -70.72
940.8 -70.37
941.2 -69.32
941.6 -70.73
942.0 -70.81
942.4 -71.17
942.8 -69.27
943.2 -70.76
943.6 -70.54
944.0 -68.92
944.4 -69.33
944.8 -69.48
945.2 -69.25
945.6 -70.22
946.0 -70.8
946.4 -71.14
946.8 -70.23
947.2 -70.37
947.6 -70.78
948.0 -69.2
948.4 -69.07
948.8 -69.25
949.2 -69.58
949.6 -70.9
950.0 -70.27
950.4 -69.81
950.8 -70.57
951.2 -70.48
951.6 -71.5
952.0 -70.68
952.4 -71.16
952.8 -70.36
953.2 -70.33
953.6 -69.3
954.0 -70.79
954.4 -71.39
954.8 -69.82
955.2 -71.56
955.6 -70.27
956.0 -71.8
956.4 -70.45
956.8 -69.97
957.2 -69.9
957.6 -69.96
958.0 -70.99
958.4 -69.75
958.8 -69.98
959.2 -70.89
959.6 -70.37
960.0 -69.87
960.4 -71.44
960.8 -69.9
961.2 -72.53
961.6 -69.69
962.0 -69.78
962.4 -69.68
962.8 -70.49
963.2 -71.49
963.6 -70.09
964.0 -69.77
964.4 -71.09
964.8 -69.73
965.2 -69.38
965.6 -70.2
966.0 -70.01
966.4 -71.66
966.8 -70.69
967.2 -70.26
967.6 -70.86
968.0 -69.28
968.4 -69.64
968.8 -73.29
969.2 -70.17
969.6 -71.08
970.0 -71.63
970.4 -70.25
970.8 -70.57
971.2 -69.11
971.6 -69.99
972.0 -70.2
972.4 -69.79
972.8 -71.36
973.2 -69.68
973.6 -70.64
974.0 -70.48
974.4 -71.27
974.8 -70.68
975.2 -70.36
975.6 -70.55
976.0 -69.79
976.4 -69.85
976.8 -72.69
977.2 -69.98
977.6 -71.34
978.0 -70.55
978.4 -70.73
978.8 -69.8
979.2 -70.94
979.6 -70.61
980.0 -72.12
980.4 -71.6
980.8 -71.13
981.2 -69.78
981.6 -70.43
982.0 -70.37
982.4 -72.31
982.8 -69.6
983.2 -72.17
983.6 -70.49
984.0 -70.58
984.4 -70.59
984.8 -70.08
985.2 -71.48
985.6 -69.81
986.0 -70.02
986.4 -70.06
986.8 -70.54
987.2 -70.71
987.6 -69.57
988.0 -69.62
988.4 -70.48
988.8 -68.93
989.2 -69.59
989.6 -69.69
990.0 -69.32
990.4 -70.01
990.8 -69.7
991.2 -69.33
991.6 -69.28
992.0 -70.02
992.4 -70.16
992.8 -69.11
993.2 -69.93
993.6 -69.05
994.0 -69.52
994.4 -69.15
994.8 -70.55
995.2 -69.7
995.6 -69.66
996.0 -69.25
996.4 -69.48
996.8 -69.63
997.2 -69.17
997.6 -69.99
998.0 -68.93
998.4 -69.37
998.8 -69.96
999.2 -69.39
999.6 -69.95
1000.0 -68.62
