600.0 -210.0
600.4 -68.84
600.8 -210.0
601.2 -210.0
601.6 -74.69
602.0 -210.0
602.4 -210.0
602.8 -73.9
603.2 -77.35
603.6 -210.0
604.0 -78.37
604.4 -74.0
604.8 -71.66
605.2 -72.42
605.6 -77.51
606.0 -79.75
606.4 -70.23
606.8 -81.57
607.2 -73.46
607.6 -75.08
608.0 -72.35
608.4 -71.67
608.8 -71.7
609.2 -71.11
609.6 -71.97
610.0 -210.0
610.4 -72.25
610.8 -72.27
611.2 -73.08
611.6 -71.07
612.0 -78.87
612.4 -69.87
612.8 -73.18
613.2 -210.0
613.6 -72.21
614.0 -210.0
614.4 -73.9
614.8 -74.27
615.2 -69.06
615.6 -69.92
616.0 -78.15
616.4 -210.0
616.8 -74.04
617.2 -70.43
617.6 -69.54
618.0 -72.7
618.4 -80.5
618.8 -69.27
619.2 -70.85
619.6 -70.03
620.0 -68.83
620.4 -67.4
620.8 -70.64
621.2 -210.0
621.6 -70.69
622.0 -82.49
622.4 -71.04
622.8 -76.51
623.2 -70.38
623.6 -71.12
624.0 -210.0
624.4 -74.51
624.8 -69.75
625.2 -71.89
625.6 -74.58
626.0 -210.0
626.4 -73.46
626.8 -71.48
627.2 -75.82
627.6 -72.62
628.0 -69.43
628.4 -71.75
628.8 -69.38
629.2 -73.38
629.6 -69.53
630.0 -69.46
630.4 -68.78
630.8 -70.74
631.2 -70.06
631.6 -70.2
632.0 -73.14
632.4 -72.75
632.8 -69.87
633.2 -73.23
633.6 -70.23
634.0 -71.97
634.4 -69.16
634.8 -69.1
635.2 -68.38
635.6 -69.08
636.0 -67.8
636.4 -70.23
636.8 -69.96
637.2 -68.97
637.6 -69.93
638.0 -72.11
638.4 -67.64
638.8 -70.52
639.2 -67.64
639.6 -70.79
640.0 -71.96
640.4 -67.97
640.8 -68.62
641.2 -69.44
641.6 -68.82
642.0 -67.47
642.4 -67.56
642.8 -69.21
643.2 -67.34
643.6 -67.38
644.0 -67.8
644.4 -67.69
644.8 -67.26
645.2 -68.69
645.6 -67.25
646.0 -66.78
646.4 -68.51
646.8 -68.6
647.2 -69.26
647.6 -67.3
648.0 -67.72
648.4 -67.86
648.8 -67.54
649.2 -68.81
649.6 -69.03
650.0 -67.45
650.4 -68.48
650.8 -67.49
651.2 -67.37
651.6 -67.8
652.0 -69.11
652.4 -67.81
652.8 -66.99
653.2 -66.95
653.6 -67.39
654.0 -67.23
654.4 -66.89
654.8 -67.44
655.2 -66.55
655.6 -67.2
656.0 -66.98
656.4 -66.59
656.8 -67.37
657.2 -67.46
657.6 -66.15
658.0 -66.92
658.4 -67.81
658.8 -66.89
659.2 -67.04
659.6 -67.69
660.0 -66.14
660.4 -67.74
660.8 -66.98
661.2 -66.73
661.6 -66.98
662.0 -67.36
662.4 -66.94
662.8 -67.7
663.2 -67.24
663.6 -67.28
664.0 -65.71
664.4 -66.08
664.8 -65.93
665.2 -66.39
665.6 -66.02
666.0 -65.88
666.4 -66.3
666.8 -66.02
667.2 -65.96
667.6 -65.88
668.0 -66.9
668.4 -66.66
668.8 -66.05
669.2 -66.27
669.6 -66.73
670.0 -66.29
670.4 -66.51
670.8 -66.47
671.2 -66.5
671.6 -66.03
672.0 -65.6
672.4 -65.14
672.8 -65.78
673.2 -66.04
673.6 -65.56
674.0 -65.6
674.4 -66.09
674.8 -65.25
675.2 -66.11
675.6 -65.51
676.0 -65.37
676.4 -66.42
676.8 -65.47
677.2 -66.61
677.6 -66.25
678.0 -66.6
678.4 -65.84
678.8 -65.86
679.2 -65.86
679.6 -65.83
680.0 -66.22
680.4 -65.2
680.8 -66.18
681.2 -65.25
681.6 -65.63
682.0 -65.71
682.4 -65.65
682.8 -65.48
683.2 -64.99
683.6 -65.98
684.0 -65.41
684.4 -65.68
684.8 -65.17
685.2 -66.12
685.6 -65.61
686.0 -65.74
686.4 -64.45
686.8 -66.03
687.2 -65.22
687.6 -65.93
688.0 -65.42
688.4 -65.77
688.8 -65.71
689.2 -65.73
689.6 -65.04
690.0 -65.61
690.4 -65.35
690.8 -65.6
691.2 -65.23
691.6 -65.08
692.0 -65.81
692.4 -65.63
692.8 -66.96
693.2 -64.95
693.6 -65.31
694.0 -65.44
694.4 -65.71
694.8 -65.32
695.2 -65.39
695.6 -65.67
696.0 -64.6
696.4 -65.15
696.8 -65.74
697.2 -64.96
697.6 -64.58
698.0 -65.29
698.4 -65.83
698.8 -65.12
699.2 -64.64
699.6 -65.89
700.0 -65.0
700.4 -64.69
700.8 -64.6
701.2 -65.19
701.6 -65.35
702.0 -64.92
702.4 -65.8
702.8 -65.06
703.2 -64.73
703.6 -65.11
704.0 -64.84
704.4 -65.71
704.8 -65.25
705.2 -65.67
705.6 -65.67
706.0 -65.54
706.4 -64.88
706.8 -64.93
707.2 -65.73
707.6 -64.69
708.0 -65.85
708.4 -66.46
708.8 -64.41
709.2 -65.35
709.6 -65.7
710.0 -65.34
710.4 -65.28
710.8 -65.0
711.2 -65.65
711.6 -66.1
712.0 -65.07
712.4 -65.18
712.8 -65.08
713.2 -66.19
713.6 -66.7
714.0 -65.81
714.4 -65.23
714.8 -65.46
715.2 -66.34
715.6 -65.92
716.0 -65.05
716.4 -65.75
716.8 -66.37
717.2 -65.65
717.6 -65.77
718.0 -66.53
718.4 -65.7
718.8 -66.05
719.2 -66.16
719.6 -66.19
720.0 -65.87
720.4 -65.55
720.8 -65.86
721.2 -66.5
721.6 -65.13
722.0 -65.72
722.4 -66.06
722.8 -65.98
723.2 -66.26
723.6 -65.23
724.0 -65.9
724.4 -65.87
724.8 -67.22
725.2 -66.2
725.6 -66.5
726.0 -66.3
726.4 -66.38
726.8 -65.87
727.2 -66.52
727.6 -64.99
728.0 -65.18
728.4 -65.89
728.8 -66.42
729.2 -65.02
729.6 -65.49
730.0 -66.38
730.4 -65.55
730.8 -66.98
731.2 -65.73
731.6 -65.83
732.0 -66.63
732.4 -66.43
732.8 -66.93
733.2 -65.78
733.6 -65.3
734.0 -66.31
734.4 -65.94
734.8 -66.91
735.2 -66.3
735.6 -65.37
736.0 -67.65
736.4 -66.67
736.8 -66.35
737.2 -66.39
737.6 -67.48
738.0 -66.12
738.4 -66.27
738.8 -66.37
739.2 -66.04
739.6 -66.65
740.0 -65.55
740.4 -65.68
740.8 -65.33
741.2 -66.24
741.6 -66.93
742.0 -65.77
742.4 -67.35
742.8 -66.42
743.2 -65.66
743.6 -67.49
744.0 -65.18
744.4 -66.26
744.8 -65.36
745.2 -66.83
745.6 -66.73
746.0 -65.78
746.4 -66.77
746.8 -66.82
747.2 -65.67
747.6 -67.22
748.0 -65.77
748.4 -66.71
748.8 -65.66
749.2 -65.93
749.6 -65.86
750.0 -65.78
750.4 -66.53
750.8 -65.98
751.2 -65.88
751.6 -66.16
752.0 -66.71
752.4 -66.34
752.8 -66.62
753.2 -66.06
753.6 -66.13
754.0 -65.6
754.4 -66.73
754.8 -65.97
755.2 -65.25
755.6 -66.26
756.0 -65.81
756.4 -65.77
756.8 -66.74
757.2 -66.09
757.6 -66.91
758.0 -65.29
758.4 -66.55
758.8 -66.63
759.2 -65.63
759.6 -67.69
760.0 -66.36
760.4 -65.58
760.8 -66.39
761.2 -66.39
761.6 -66.11
762.0 -66.26
762.4 -66.51
762.8 -66.54
763.2 -66.33
763.6 -66.54
764.0 -64.94
764.4 -66.32
764.8 -65.18
765.2 -65.4
765.6 -65.4
766.0 -64.64
766.4 -66.26
766.8 -66.54
767.2 -66.13
767.6 -65.38
768.0 -66.2
768.4 -66.32
768.8 -65.6
769.2 -66.27
769.6 -66.44
770.0 -66.18
770.4 -64.91
770.8 -65.35
771.2 -65.87
771.6 -65.13
772.0 -65.41
772.4 -65.75
772.8 -65.61
773.2 -67.0
773.6 -65.94
774.0 -65.89
774.4 -64.95
774.8 -65.3
775.2 -64.75
775.6 -64.86
776.0 -65.81
776.4 -66.07
776.8 -64.43
777.2 -64.94
777.6 -65.25
778.0 -65.48
778.4 -65.8
778.8 -66.06
779.2 -65.51
779.6 -64.42
780.0 -65.23
780.4 -66.21
780.8 -65.68
781.2 -65.75
781.6 -66.08
782.0 -65.39
782.4 -65.19
782.8 -65.53
783.2 -65.28
783.6 -65.15
784.0 -65.09
784.4 -64.67
784.8 -65.34
785.2 -65.79
785.6 -65.94
786.0 -65.65
786.4 -65.16
786.8 -65.26
787.2 -65.39
787.6 -66.17
788.0 -65.26
788.4 -65.22
788.8 -65.12
789.2 -64.9
789.6 -65.74
790.0 -65.21
790.4 -65.44
790.8 -64.86
791.2 -64.31
791.6 -64.85
792.0 -65.83
792.4 -65.57
792.8 -65.49
793.2 -65.0
793.6 -64.52
794.0 -64.65
794.4 -64.86
794.8 -65.08
795.2 -65.7
795.6 -64.45
796.0 -64.85
796.4 -65.4
796.8 -64.7
797.2 -65.12
797.6 -64.33
798.0 -64.87
798.4 -65.31
798.8 -64.83
799.2 -64.74
799.6 -65.38
800.0 -63.99
800.4 -64.7
800.8 -64.5
801.2 -64.24
801.6 -63.74
802.0 -64.21
802.4 -64.48
802.8 -64.46
803.2 -64.41
803.6 -63.36
804.0 -64.1
804.4 -63.76
804.8 -64.02
805.2 -64.85
805.6 -63.3
806.0 -62.7
806.4 -60.89
806.8 -57.52
807.2 -53.94
807.6 -49.88
808.0 -48.63
808.4 -49.58
808.8 -50.07
809.2 -54.09
809.6 -61.06
810.0 -62.98
810.4 -64.0
810.8 -63.75
811.2 -64.4
811.6 -63.64
812.0 -64.23
812.4 -64.08
812.8 -64.14
813.2 -64.36
813.6 -63.53
814.0 -64.01
814.4 -63.97
814.8 -64.39
815.2 -64.66
815.6 -63.92
816.0 -64.41
816.4 -64.09
816.8 -64.34
817.2 -64.35
817.6 -64.54
818.0 -64.49
818.4 -64.24
818.8 -63.77
819.2 -64.68
819.6 -64.41
820.0 -63.63
820.4 -63.46
820.8 -63.77
821.2 -63.78
821.6 -64.09
822.0 -64.28
822.4 -64.22
822.8 -63.79
823.2 -64.01
823.6 -63.54
824.0 -63.73
824.4 -64.54
824.8 -63.94
825.2 -63.6
825.6 -63.69
826.0 -63.18
826.4 -63.78
826.8 -64.15
827.2 -63.52
827.6 -63.89
828.0 -63.59
828.4 -63.21
828.8 -64.25
829.2 -63.68
829.6 -62.73
830.0 -63.35
830.4 -63.96
830.8 -63.43
831.2 -64.0
831.6 -63.69
832.0 -63.59
832.4 -63.58
832.8 -64.09
833.2 -63.29
833.6 -63.29
834.0 -63.03
834.4 -63.96
834.8 -63.18
835.2 -63.04
835.6 -62.99
836.0 -62.78
836.4 -63.17
836.8 -63.12
837.2 -63.26
837.6 -63.17
838.0 -63.44
838.4 -63.1
838.8 -63.57
839.2 -63.12
839.6 -63.27
840.0 -63.41
840.4 -63.76
840.8 -63.7
841.2 -63.5
841.6 -63.34
842.0 -63.17
842.4 -63.58
842.8 -63.41
843.2 -63.25
843.6 -63.54
844.0 -63.44
844.4 -63.63
844.8 -63.43
845.2 -63.52
845.6 -63.23
846.0 -63.43
846.4 -63.57
846.8 -63.32
847.2 -63.04
847.6 -63.49
848.0 -63.46
848.4 -63.36
848.8 -63.23
849.2 -62.89
849.6 -63.14
850.0 -63.7
850.4 -63.84
850.8 -63.43
851.2 -63.42
851.6 -63.83
852.0 -63.44
852.4 -63.37
852.8 -63.53
853.2 -63.35
853.6 -63.28
854.0 -63.79
854.4 -63.4
854.8 -63.27
855.2 -63.24
855.6 -63.25
856.0 -63.62
856.4 -63.11
856.8 -63.71
857.2 -63.17
857.6 -63.27
858.0 -63.74
858.4 -63.31
858.8 -63.5
859.2 -63.18
859.6 -63.8
860.0 -63.39
860.4 -63.63
860.8 -62.58
861.2 -63.33
861.6 -63.2
862.0 -62.92
862.4 -63.37
862.8 -63.65
863.2 -63.31
863.6 -63.77
864.0 -63.34
864.4 -63.28
864.8 -63.06
865.2 -63.5
865.6 -62.99
866.0 -63.43
866.4 -63.19
866.8 -62.86
867.2 -62.97
867.6 -63.41
868.0 -63.06
868.4 -63.02
868.8 -63.13
869.2 -63.67
869.6 -63.02
870.0 -63.06
870.4 -63.96
870.8 -62.88
871.2 -63.1
871.6 -62.74
872.0 -63.12
872.4 -63.15
872.8 -63.9
873.2 -63.01
873.6 -63.11
874.0 -62.86
874.4 -63.36
874.8 -63.2
875.2 -63.07
875.6 -63.38
876.0 -63.2
876.4 -63.18
876.8 -63.44
877.2 -63.02
877.6 -62.83
878.0 -62.63
878.4 -63.04
878.8 -63.05
879.2 -63.37
879.6 -62.86
880.0 -62.47
880.4 -63.22
880.8 -63.39
881.2 -63.16
881.6 -62.96
882.0 -62.95
882.4 -62.92
882.8 -62.78
883.2 -63.1
883.6 -62.59
884.0 -63.2
884.4 -62.81
884.8 -62.7
885.2 -63.32
885.6 -63.57
886.0 -62.93
886.4 -62.86
886.8 -63.01
887.2 -62.73
887.6 -63.01
888.0 -62.92
888.4 -62.98
888.8 -62.69
889.2 -62.81
889.6 -63.4
890.0 -62.83
890.4 -63.12
890.8 -62.57
891.2 -62.92
891.6 -62.96
892.0 -63.02
892.4 -62.31
892.8 -62.46
893.2 -62.74
893.6 -62.57
894.0 -62.73
894.4 -62.43
894.8 -62.3
895.2 -62.76
895.6 -62.68
896.0 -62.93
896.4 -62.8
896.8 -62.99
897.2 -63.24
897.6 -62.69
898.0 -62.8
898.4 -62.94
898.8 -62.89
899.2 -62.68
899.6 -62.65
900.0 -62.59
900.4 -62.76
900.8 -62.96
901.2 -62.63
901.6 -62.67
902.0 -62.77
902.4 -62.55
902.8 -62.76
903.2 -62.61
903.6 -62.26
904.0 -62.5
904.4 -62.99
904.8 -62.6
905.2 -62.61
905.6 -62.3
906.0 -62.75
906.4 -62.49
906.8 -62.7
907.2 -62.35
907.6 -62.88
908.0 -62.55
908.4 -62.53
908.8 -62.8
909.2 -62.65
909.6 -62.32
910.0 -62.66
910.4 -62.75
910.8 -62.34
911.2 -62.85
911.6 -62.55
912.0 -62.89
912.4 -62.37
912.8 -62.76
913.2 -62.4
913.6 -62.49
914.0 -62.52
914.4 -62.69
914.8 -62.72
915.2 -62.33
915.6 -62.26
916.0 -62.3
916.4 -62.53
916.8 -62.35
917.2 -62.7
917.6 -62.62
918.0 -62.27
918.4 -62.28
918.8 -62.36
919.2 -62.64
919.6 -62.44
920.0 -62.48
920.4 -62.7
920.8 -62.24
921.2 -62.24
921.6 -62.18
922.0 -62.58
922.4 -62.1
922.8 -62.31
923.2 -62.21
923.6 -62.5
924.0 -62.2
924.4 -62.3
924.8 -62.13
925.2 -62.14
925.6 -62.09
926.0 -62.55
926.4 -62.37
926.8 -62.58
927.2 -62.26
927.6 -62.06
928.0 -61.71
928.4 -62.36
928.8 -62.03
929.2 -62.47
929.6 -62.03
930.0 -62.06
930.4 -61.78
930.8 -62.2
931.2 -62.04
931.6 -61.85
932.0 -62.0
932.4 -62.01
932.8 -61.92
933.2 -62.0
933.6 -62.08
934.0 -62.26
934.4 -62.0
934.8 -61.89
935.2 -62.36
935.6 -62.18
936.0 -61.89
936.4 -61.7
936.8 -61.99
937.2 -62.01
937.6 -62.26
938.0 -61.91
938.4 -62.19
938.8 -62.3
939.2 -62.19
939.6 -61.71
940.0 -61.99
940.4 -61.94
940.8 -62.11
941.2 -62.22
941.6 -62.2
942.0 -62.42
942.4 -62.33
942.8 -62.11
943.2 -62.02
943.6 -62.33
944.0 -62.31
944.4 -62.06
944.8 -61.89
945.2 -62.13
945.6 -62.11
946.0 -62.38
946.4 -62.07
946.8 -62.36
947.2 -62.3
947.6 -61.89
948.0 -62.16
948.4 -61.83
948.8 -62.22
949.2 -62.25
949.6 -62.01
950.0 -62.12
950.4 -62.11
950.8 -62.03
951.2 -62.04
951.6 -62.2
952.0 -62.08
952.4 -62.04
952.8 -62.3
953.2 -62.0
953.6 -62.1
954.0 -62.29
954.4 -62.26
954.8 -62.42
955.2 -62.32
955.6 -62.42
956.0 -62.1
956.4 -62.09
956.8 -62.12
957.2 -62.2
957.6 -62.13
958.0 -62.23
958.4 -62.15
958.8 -62.2
959.2 -62.37
959.6 -62.02
960.0 -61.82
960.4 -61.96
960.8 -61.85
961.2 -62.0
961.6 -61.92
962.0 -62.08
962.4 -61.83
962.8 -61.96
963.2 -62.0
963.6 -61.9
964.0 -61.81
964.4 -61.88
964.8 -61.96
965.2 -61.79
965.6 -61.86
966.0 -62.04
966.4 -61.87
966.8 -61.88
967.2 -62.05
967.6 -61.97
968.0 -62.29
968.4 -61.93
968.8 -61.96
969.2 -61.83
969.6 -61.92
970.0 -61.92
970.4 -61.81
970.8 -61.92
971.2 -61.96
971.6 -61.73
972.0 -61.74
972.4 -61.83
972.8 -62.03
973.2 -62.1
973.6 -62.0
974.0 -61.94
974.4 -61.78
974.8 -61.95
975.2 -62.04
975.6 -62.17
976.0 -61.75
976.4 -61.97
976.8 -61.73
977.2 -61.77
977.6 -61.86
978.0 -61.85
978.4 -61.85
978.8 -61.67
979.2 -61.8
979.6 -61.91
980.0 -61.67
980.4 -61.69
980.8 -61.65
981.2 -61.6
981.6 -61.52
982.0 -61.49
982.4 -61.5
982.8 -61.33
983.2 -61.37
983.6 -61.17
984.0 -61.18
984.4 -61.06
984.8 -61.17
985.2 -61.13
985.6 -61.12
986.0 -61.1
986.4 -61.21
986.8 -61.16
987.2 -61.07
987.6 -60.92
988.0 -60.99
988.4 -60.96
988.8 -60.94
989.2 -60.89
989.6 -60.66
990.0 -60.78
990.4 -60.69
990.8 -60.65
991.2 -60.54
991.6 -60.64
992.0 -60.71
992.4 -60.62
992.8 -60.53
993.2 -60.55
993.6 -60.48
994.0 -60.6
994.4 -60.44
994.8 -60.45
995.2 -60.49
995.6 -60.48
996.0 -60.37
996.4 -60.23
996.8 -60.29
997.2 -60.43
997.6 -60.41
998.0 -60.37
998.4 -60.32
998.8 -60.48
999.2 -60.56
999.6 -60.59
1000.0 -60.53
