600.0 -210.0
600.4 -75.12
600.8 -74.64
601.2 -76.42
601.6 -72.19
602.0 -67.19
602.4 -70.31
602.8 -78.29
603.2 -84.34
603.6 -69.18
604.0 -210.0
604.4 -84.42
604.8 -72.14
605.2 -210.0
605.6 -73.7
606.0 -210.0
606.4 -210.0
606.8 -72.53
607.2 -74.18
607.6 -79.85
608.0 -71.43
608.4 -72.91
608.8 -73.57
609.2 -69.81
609.6 -210.0
610.0 -68.44
610.4 -74.01
610.8 -68.29
611.2 -69.93
611.6 -77.89
612.0 -75.86
612.4 -72.14
612.8 -70.17
613.2 -75.42
613.6 -210.0
614.0 -70.24
614.4 -76.58
614.8 -210.0
615.2 -210.0
615.6 -210.0
616.0 -71.71
616.4 -210.0
616.8 -70.7
617.2 -71.23
617.6 -72.22
618.0 -72.7
618.4 -73.23
618.8 -76.26
619.2 -72.77
619.6 -73.58
620.0 -80.59
620.4 -72.61
620.8 -85.42
621.2 -75.03
621.6 -75.05
622.0 -74.7
622.4 -71.9
622.8 -71.93
623.2 -74.1
623.6 -71.79
624.0 -77.16
624.4 -71.84
624.8 -210.0
625.2 -73.65
625.6 -74.58
626.0 -71.6
626.4 -69.33
626.8 -70.0
627.2 -74.68
627.6 -73.8
628.0 -72.44
628.4 -76.86
628.8 -72.91
629.2 -70.37
629.6 -76.42
630.0 -210.0
630.4 -69.79
630.8 -71.58
631.2 -70.9
631.6 -86.12
632.0 -72.72
632.4 -71.26
632.8 -68.88
633.2 -210.0
633.6 -70.57
634.0 -77.83
634.4 -72.0
634.8 -70.43
635.2 -74.91
635.6 -76.86
636.0 -210.0
636.4 -71.99
636.8 -71.44
637.2 -69.8
637.6 -69.4
638.0 -73.36
638.4 -73.0
638.8 -70.21
639.2 -71.62
639.6 -72.73
640.0 -69.92
640.4 -86.78
640.8 -70.79
641.2 -72.7
641.6 -72.74
642.0 -72.6
642.4 -73.95
642.8 -72.85
643.2 -70.3
643.6 -69.91
644.0 -70.28
644.4 -71.34
644.8 -72.12
645.2 -72.73
645.6 -71.68
646.0 -71.59
646.4 -75.55
646.8 -70.03
647.2 -72.2
647.6 -70.99
648.0 -74.9
648.4 -71.26
648.8 -84.53
649.2 -69.5
649.6 -70.88
650.0 -70.54
650.4 -72.43
650.8 -71.18
651.2 -70.72
651.6 -68.76
652.0 -69.77
652.4 -72.58
652.8 -70.73
653.2 -72.19
653.6 -71.41
654.0 -68.84
654.4 -71.02
654.8 -69.14
655.2 -69.59
655.6 -72.88
656.0 -69.81
656.4 -69.4
656.8 -69.96
657.2 -70.27
657.6 -71.76
658.0 -69.22
658.4 -68.81
658.8 -69.11
659.2 -68.99
659.6 -69.49
660.0 -70.29
660.4 -69.37
660.8 -70.71
661.2 -70.45
661.6 -69.5
662.0 -69.63
662.4 -68.94
662.8 -69.5
663.2 -67.83
663.6 -69.84
664.0 -69.37
664.4 -68.94
664.8 -69.31
665.2 -68.89
665.6 -68.94
666.0 -67.32
666.4 -70.06
666.8 -67.92
667.2 -68.11
667.6 -71.16
668.0 -69.24
668.4 -70.29
668.8 -67.7
669.2 -69.5
669.6 -68.66
670.0 -68.1
670.4 -69.83
670.8 -69.41
671.2 -70.35
671.6 -68.98
672.0 -69.09
672.4 -68.37
672.8 -67.66
673.2 -68.68
673.6 -68.68
674.0 -69.65
674.4 -68.35
674.8 -69.06
675.2 -69.12
675.6 -67.51
676.0 -68.59
676.4 -68.38
676.8 -67.62
677.2 -66.86
677.6 -69.1
678.0 -70.12
678.4 -68.47
678.8 -68.96
679.2 -68.84
679.6 -67.47
680.0 -67.02
680.4 -67.13
680.8 -69.31
681.2 -68.13
681.6 -70.32
682.0 -67.69
682.4 -70.07
682.8 -67.77
683.2 -67.96
683.6 -67.8
684.0 -68.29
684.4 -68.55
684.8 -68.33
685.2 -67.26
685.6 -67.3
686.0 -67.59
686.4 -67.51
686.8 -66.32
687.2 -68.86
687.6 -68.29
688.0 -67.99
688.4 -67.74
688.8 -68.72
689.2 -68.43
689.6 -68.12
690.0 -66.89
690.4 -68.69
690.8 -69.38
691.2 -67.57
691.6 -67.57
692.0 -67.3
692.4 -67.08
692.8 -68.22
693.2 -68.32
693.6 -68.06
694.0 -69.61
694.4 -69.68
694.8 -67.39
695.2 -67.74
695.6 -67.93
696.0 -67.73
696.4 -67.31
696.8 -69.87
697.2 -67.09
697.6 -67.61
698.0 -67.89
698.4 -67.88
698.8 -69.26
699.2 -68.07
699.6 -67.19
700.0 -67.39
700.4 -67.25
700.8 -66.76
701.2 -67.07
701.6 -66.25
702.0 -69.79
702.4 -67.49
702.8 -66.44
703.2 -67.39
703.6 -66.92
704.0 -66.38
704.4 -67.32
704.8 -67.84
705.2 -68.42
705.6 -66.85
706.0 -67.87
706.4 -68.4
706.8 -68.17
707.2 -66.44
707.6 -66.86
708.0 -66.32
708.4 -67.05
708.8 -68.25
709.2 -67.08
709.6 -65.7
710.0 -67.11
710.4 -67.03
710.8 -67.1
711.2 -66.81
711.6 -67.01
712.0 -67.55
712.4 -67.01
712.8 -66.59
713.2 -67.26
713.6 -66.7
714.0 -66.82
714.4 -66.35
714.8 -67.56
715.2 -67.46
715.6 -66.41
716.0 -65.82
716.4 -65.59
716.8 -67.35
717.2 -66.14
717.6 -66.39
718.0 -65.99
718.4 -65.96
718.8 -66.68
719.2 -68.73
719.6 -65.88
720.0 -67.7
720.4 -67.41
720.8 -67.08
721.2 -66.66
721.6 -65.9
722.0 -66.69
722.4 -67.2
722.8 -67.02
723.2 -66.15
723.6 -66.3
724.0 -65.7
724.4 -66.59
724.8 -65.35
725.2 -66.83
725.6 -67.0
726.0 -67.16
726.4 -67.95
726.8 -66.64
727.2 -66.72
727.6 -66.68
728.0 -66.03
728.4 -65.93
728.8 -65.88
729.2 -66.74
729.6 -66.91
730.0 -65.36
730.4 -66.26
730.8 -66.52
731.2 -66.4
731.6 -66.89
732.0 -66.13
732.4 -66.06
732.8 -65.56
733.2 -66.12
733.6 -65.58
734.0 -66.87
734.4 -66.78
734.8 -67.36
735.2 -67.17
735.6 -66.14
736.0 -66.14
736.4 -66.59
736.8 -67.2
737.2 -66.76
737.6 -66.79
738.0 -66.01
738.4 -66.27
738.8 -66.49
739.2 -65.34
739.6 -65.97
740.0 -65.24
740.4 -65.68
740.8 -65.96
741.2 -65.64
741.6 -66.8
742.0 -65.98
742.4 -65.64
742.8 -67.15
743.2 -66.38
743.6 -65.76
744.0 -66.37
744.4 -65.72
744.8 -66.61
745.2 -65.46
745.6 -65.39
746.0 -66.9
746.4 -66.32
746.8 -65.81
747.2 -65.04
747.6 -65.41
748.0 -66.35
748.4 -66.63
748.8 -66.08
749.2 -65.49
749.6 -67.02
750.0 -65.78
750.4 -65.89
750.8 -66.4
751.2 -65.25
751.6 -65.9
752.0 -66.07
752.4 -66.54
752.8 -66.14
753.2 -65.95
753.6 -65.03
754.0 -65.53
754.4 -66.16
754.8 -64.82
755.2 -65.92
755.6 -65.85
756.0 -65.63
756.4 -65.21
756.8 -65.39
757.2 -66.61
757.6 -65.79
758.0 -66.27
758.4 -66.03
758.8 -65.15
759.2 -65.56
759.6 -65.7
760.0 -66.16
760.4 -65.94
760.8 -66.19
761.2 -65.85
761.6 -65.89
762.0 -65.84
762.4 -65.99
762.8 -65.42
763.2 -65.59
763.6 -66.37
764.0 -66.05
764.4 -65.31
764.8 -66.92
765.2 -65.37
765.6 -64.84
766.0 -65.52
766.4 -65.42
766.8 -64.97
767.2 -66.29
767.6 -65.83
768.0 -65.3
768.4 -65.3
768.8 -65.26
769.2 -65.92
769.6 -65.39
770.0 -64.74
770.4 -65.16
770.8 -65.42
771.2 -66.69
771.6 -64.97
772.0 -65.05
772.4 -65.58
772.8 -64.87
773.2 -66.25
773.6 -64.76
774.0 -65.97
774.4 -65.5
774.8 -65.26
775.2 -65.57
775.6 -65.82
776.0 -65.35
776.4 -65.0
776.8 -65.16
777.2 -64.38
777.6 -65.96
778.0 -64.06
778.4 -64.58
778.8 -64.53
779.2 -64.39
779.6 -64.93
780.0 -64.95
780.4 -66.34
780.8 -65.3
781.2 -65.27
781.6 -64.22
782.0 -64.65
782.4 -64.76
782.8 -65.19
783.2 -64.75
783.6 -64.58
784.0 -65.28
784.4 -64.64
784.8 -65.34
785.2 -64.49
785.6 -64.2
786.0 -64.71
786.4 -64.26
786.8 -64.19
787.2 -64.4
787.6 -64.91
788.0 -64.76
788.4 -64.96
788.8 -64.75
789.2 -64.36
789.6 -64.36
790.0 -64.86
790.4 -64.95
790.8 -64.77
791.2 -65.23
791.6 -64.65
792.0 -64.73
792.4 -65.3
792.8 -64.2
793.2 -64.9
793.6 -64.96
794.0 -64.65
794.4 -65.34
794.8 -64.48
795.2 -65.18
795.6 -64.88
796.0 -64.59
796.4 -64.94
796.8 -64.05
797.2 -64.63
797.6 -64.46
798.0 -64.93
798.4 -65.25
798.8 -64.89
799.2 -64.74
799.6 -64.29
800.0 -63.73
800.4 -65.04
800.8 -64.59
801.2 -64.24
801.6 -64.6
802.0 -64.4
802.4 -64.68
802.8 -64.52
803.2 -64.17
803.6 -65.0
804.0 -64.34
804.4 -63.83
804.8 -64.28
805.2 -63.64
805.6 -63.91
806.0 -62.89
806.4 -60.76
806.8 -57.46
807.2 -53.91
807.6 -49.83
808.0 -48.43
808.4 -49.4
808.8 -49.91
809.2 -53.71
809.6 -60.98
810.0 -63.75
810.4 -63.17
810.8 -64.01
811.2 -63.86
811.6 -64.77
812.0 -64.67
812.4 -64.01
812.8 -63.99
813.2 -64.0
813.6 -64.24
814.0 -64.42
814.4 -63.72
814.8 -64.15
815.2 -64.77
815.6 -64.4
816.0 -64.71
816.4 -63.62
816.8 -63.99
817.2 -66.01
817.6 -63.87
818.0 -64.26
818.4 -64.07
818.8 -65.08
819.2 -63.99
819.6 -63.97
820.0 -63.74
820.4 -64.42
820.8 -64.65
821.2 -64.32
821.6 -64.82
822.0 -64.45
822.4 -64.4
822.8 -63.97
823.2 -64.06
823.6 -64.62
824.0 -64.38
824.4 -64.37
824.8 -64.43
825.2 -64.87
825.6 -64.32
826.0 -63.93
826.4 -63.84
826.8 -64.2
827.2 -63.98
827.6 -64.37
828.0 -64.46
828.4 -64.08
828.8 -63.83
829.2 -63.89
829.6 -64.23
830.0 -64.13
830.4 -63.27
830.8 -64.3
831.2 -64.0
831.6 -63.56
832.0 -63.49
832.4 -64.01
832.8 -63.9
833.2 -63.35
833.6 -63.25
834.0 -63.64
834.4 -63.2
834.8 -63.45
835.2 -63.04
835.6 -63.2
836.0 -63.22
836.4 -63.5
836.8 -63.57
837.2 -63.55
837.6 -63.36
838.0 -63.34
838.4 -63.44
838.8 -63.24
839.2 -63.41
839.6 -63.48
840.0 -63.37
840.4 -63.41
840.8 -63.54
841.2 -63.13
841.6 -63.23
842.0 -63.26
842.4 -63.4
842.8 -63.44
843.2 -63.43
843.6 -63.22
844.0 -63.03
844.4 -63.13
844.8 -62.75
845.2 -63.09
845.6 -62.68
846.0 -63.02
846.4 -63.17
846.8 -63.17
847.2 -62.79
847.6 -62.83
848.0 -62.91
848.4 -63.44
848.8 -63.11
849.2 -63.08
849.6 -63.22
850.0 -62.87
850.4 -63.4
850.8 -63.27
851.2 -63.44
851.6 -62.84
852.0 -62.9
852.4 -63.0
852.8 -62.78
853.2 -62.86
853.6 -62.79
854.0 -62.53
854.4 -62.55
854.8 -62.82
855.2 -62.72
855.6 -62.54
856.0 -62.56
856.4 -62.62
856.8 -62.74
857.2 -62.77
857.6 -62.49
858.0 -62.63
858.4 -62.37
858.8 -62.79
859.2 -62.45
859.6 -62.56
860.0 -62.8
860.4 -62.6
860.8 -62.11
861.2 -62.46
861.6 -62.16
862.0 -62.49
862.4 -62.53
862.8 -62.32
863.2 -62.18
863.6 -62.45
864.0 -62.48
864.4 -62.42
864.8 -62.22
865.2 -62.5
865.6 -62.47
866.0 -62.58
866.4 -62.14
866.8 -62.5
867.2 -62.67
867.6 -62.49
868.0 -62.22
868.4 -62.57
868.8 -62.58
869.2 -62.45
869.6 -61.91
870.0 -62.46
870.4 -62.05
870.8 -61.95
871.2 -62.24
871.6 -62.08
872.0 -62.37
872.4 -62.06
872.8 -62.15
873.2 -61.68
873.6 -62.32
874.0 -62.06
874.4 -61.67
874.8 -61.9
875.2 -62.15
875.6 -62.14
876.0 -61.83
876.4 -61.84
876.8 -61.77
877.2 -62.03
877.6 -62.0
878.0 -61.97
878.4 -61.87
878.8 -61.85
879.2 -61.86
879.6 -61.61
880.0 -61.8
880.4 -61.64
880.8 -61.78
881.2 -61.57
881.6 -61.44
882.0 -61.8
882.4 -61.46
882.8 -61.79
883.2 -61.68
883.6 -61.75
884.0 -61.86
884.4 -61.94
884.8 -61.87
885.2 -61.56
885.6 -61.57
886.0 -61.51
886.4 -61.69
886.8 -61.49
887.2 -61.54
887.6 -61.73
888.0 -61.4
888.4 -61.49
888.8 -61.39
889.2 -61.38
889.6 -61.95
890.0 -61.39
890.4 -61.81
890.8 -61.35
891.2 -61.2
891.6 -61.45
892.0 -61.24
892.4 -61.34
892.8 -61.26
893.2 -61.25
893.6 -61.37
894.0 -61.39
894.4 -61.52
894.8 -61.25
895.2 -61.38
895.6 -61.47
896.0 -61.48
896.4 -61.29
896.8 -61.6
897.2 -61.43
897.6 -61.17
898.0 -61.47
898.4 -61.28
898.8 -61.37
899.2 -61.2
899.6 -61.18
900.0 -61.33
900.4 -61.06
900.8 -61.32
901.2 -61.09
901.6 -61.08
902.0 -61.5
902.4 -61.48
902.8 -61.38
903.2 -61.3
903.6 -61.08
904.0 -61.16
904.4 -61.09
904.8 -60.91
905.2 -60.8
905.6 -60.7
906.0 -60.97
906.4 -60.89
906.8 -60.75
907.2 -60.99
907.6 -60.84
908.0 -61.02
908.4 -60.87
908.8 -60.69
909.2 -60.42
909.6 -60.66
910.0 -60.78
910.4 -60.57
910.8 -60.7
911.2 -60.55
911.6 -60.65
912.0 -60.69
912.4 -60.58
912.8 -60.48
913.2 -60.21
913.6 -60.41
914.0 -60.64
914.4 -60.43
914.8 -60.32
915.2 -60.51
915.6 -60.42
916.0 -60.24
916.4 -60.15
916.8 -60.21
917.2 -60.3
917.6 -60.44
918.0 -60.15
918.4 -59.93
918.8 -60.14
919.2 -60.39
919.6 -60.09
920.0 -60.17
920.4 -60.18
920.8 -59.89
921.2 -60.06
921.6 -60.14
922.0 -59.89
922.4 -59.89
922.8 -59.87
923.2 -59.67
923.6 -59.99
924.0 -59.81
924.4 -59.88
924.8 -59.83
925.2 -59.79
925.6 -59.77
926.0 -59.73
926.4 -59.58
926.8 -59.7
927.2 -59.41
927.6 -59.4
928.0 -59.75
928.4 -59.58
928.8 -59.3
929.2 -59.6
929.6 -59.48
930.0 -59.6
930.4 -59.4
930.8 -59.62
931.2 -59.4
931.6 -59.42
932.0 -59.35
932.4 -59.54
932.8 -59.35
933.2 -59.59
933.6 -59.35
934.0 -59.41
934.4 -59.29
934.8 -59.16
935.2 -59.29
935.6 -59.29
936.0 -59.06
936.4 -59.15
936.8 -59.26
937.2 -59.1
937.6 -59.21
938.0 -59.14
938.4 -59.25
938.8 -59.03
939.2 -59.04
939.6 -59.02
940.0 -59.12
940.4 -59.07
940.8 -58.93
941.2 -59.0
941.6 -58.73
942.0 -58.73
942.4 -58.8
942.8 -58.84
943.2 -58.82
943.6 -58.73
944.0 -58.55
944.4 -58.56
944.8 -58.76
945.2 -58.62
945.6 -58.37
946.0 -58.38
946.4 -58.47
946.8 -58.64
947.2 -58.73
947.6 -58.45
948.0 -58.74
948.4 -58.33
948.8 -58.28
949.2 -58.39
949.6 -58.56
950.0 -58.24
950.4 -58.35
950.8 -58.38
951.2 -58.37
951.6 -58.44
952.0 -58.29
952.4 -58.45
952.8 -58.46
953.2 -58.43
953.6 -58.46
954.0 -58.45
954.4 -58.4
954.8 -58.34
955.2 -58.31
955.6 -58.3
956.0 -58.5
956.4 -58.31
956.8 -58.31
957.2 -58.14
957.6 -58.27
958.0 -58.28
958.4 -58.2
958.8 -58.16
959.2 -58.24
959.6 -58.25
960.0 -58.23
960.4 -58.02
960.8 -58.04
961.2 -58.16
961.6 -58.11
962.0 -57.97
962.4 -57.88
962.8 -57.91
963.2 -57.95
963.6 -57.95
964.0 -57.88
964.4 -57.94
964.8 -57.81
965.2 -57.79
965.6 -57.71
966.0 -57.71
966.4 -57.66
966.8 -57.87
967.2 -57.92
967.6 -57.81
968.0 -57.94
968.4 -57.75
968.8 -57.75
969.2 -57.85
969.6 -57.84
970.0 -57.81
970.4 -57.81
970.8 -57.84
971.2 -57.7
971.6 -57.75
972.0 -57.71
972.4 -57.76
972.8 -57.89
973.2 -57.82
973.6 -57.77
974.0 -58.06
974.4 -57.87
974.8 -57.96
975.2 -58.04
975.6 -58.03
976.0 -58.05
976.4 -58.08
976.8 -58.1
977.2 -58.01
977.6 -58.15
978.0 -58.37
978.4 -58.04
978.8 -58.2
979.2 -58.1
979.6 -58.17
980.0 -58.21
980.4 -58.28
980.8 -58.1
981.2 -58.02
981.6 -58.13
982.0 -57.91
982.4 -57.94
982.8 -57.84
983.2 -57.82
983.6 -57.54
984.0 -57.66
984.4 -57.52
984.8 -57.68
985.2 -57.54
985.6 -57.5
986.0 -57.5
986.4 -57.61
986.8 -57.3
987.2 -57.53
987.6 -57.39
988.0 -57.42
988.4 -57.22
988.8 -57.32
989.2 -57.39
989.6 -57.22
990.0 -57.3
990.4 -57.18
990.8 -57.25
991.2 -57.07
991.6 -57.16
992.0 -57.21
992.4 -56.99
992.8 -57.07
993.2 -57.09
993.6 -57.08
994.0 -57.24
994.4 -57.1
994.8 -57.09
995.2 -57.2
995.6 -57.1
996.0 -57.16
996.4 -57.15
996.8 -57.21
997.2 -57.23
997.6 -57.28
998.0 -57.27
998.4 -57.32
998.8 -57.25
999.2 -57.31
999.6 -57.23
1000.0 -57.45
