600.0 -210.0
600.4 -72.39
600.8 -75.73
601.2 -78.18
601.6 -71.68
602.0 -73.13
602.4 -210.0
602.8 -210.0
603.2 -72.29
603.6 -75.33
604.0 -210.0
604.4 -70.1
604.8 -75.99
605.2 -210.0
605.6 -210.0
606.0 -70.05
606.4 -69.77
606.8 -210.0
607.2 -72.04
607.6 -210.0
608.0 -210.0
608.4 -73.88
608.8 -84.71
609.2 -69.67
609.6 -75.72
610.0 -71.99
610.4 -68.18
610.8 -210.0
611.2 -70.37
611.6 -71.26
612.0 -77.11
612.4 -69.48
612.8 -70.32
613.2 -210.0
613.6 -210.0
614.0 -75.98
614.4 -67.71
614.8 -70.59
615.2 -85.09
615.6 -76.07
616.0 -70.22
616.4 -71.54
616.8 -75.18
617.2 -69.76
617.6 -73.18
618.0 -210.0
618.4 -75.28
618.8 -210.0
619.2 -77.54
619.6 -82.34
620.0 -73.32
620.4 -71.08
620.8 -80.64
621.2 -71.13
621.6 -68.31
622.0 -75.5
622.4 -74.72
622.8 -210.0
623.2 -71.76
623.6 -76.05
624.0 -73.85
624.4 -73.34
624.8 -74.87
625.2 -71.38
625.6 -74.58
626.0 -76.71
626.4 -85.77
626.8 -81.02
627.2 -210.0
627.6 -75.05
628.0 -74.1
628.4 -70.58
628.8 -73.61
629.2 -76.39
629.6 -71.19
630.0 -70.81
630.4 -73.72
630.8 -70.87
631.2 -75.67
631.6 -75.7
632.0 -68.82
632.4 -70.49
632.8 -70.18
633.2 -70.44
633.6 -68.77
634.0 -72.48
634.4 -70.87
634.8 -70.55
635.2 -74.33
635.6 -69.16
636.0 -72.29
636.4 -69.48
636.8 -69.51
637.2 -70.09
637.6 -71.37
638.0 -70.79
638.4 -70.59
638.8 -70.73
639.2 -71.23
639.6 -75.91
640.0 -68.41
640.4 -71.21
640.8 -70.48
641.2 -69.36
641.6 -69.98
642.0 -72.29
642.4 -72.48
642.8 -72.08
643.2 -74.98
643.6 -70.73
644.0 -68.83
644.4 -71.11
644.8 -71.86
645.2 -71.89
645.6 -70.17
646.0 -70.03
646.4 -69.83
646.8 -69.5
647.2 -69.06
647.6 -69.79
648.0 -68.7
648.4 -74.71
648.8 -69.54
649.2 -68.53
649.6 -69.68
650.0 -69.16
650.4 -69.04
650.8 -68.17
651.2 -69.05
651.6 -69.3
652.0 -69.43
652.4 -68.88
652.8 -68.44
653.2 -71.01
653.6 -67.43
654.0 -68.25
654.4 -70.16
654.8 -70.17
655.2 -68.85
655.6 -69.08
656.0 -68.42
656.4 -66.87
656.8 -67.71
657.2 -68.75
657.6 -69.29
658.0 -68.92
658.4 -69.68
658.8 -67.77
659.2 -67.43
659.6 -68.29
660.0 -68.94
660.4 -70.29
660.8 -69.84
661.2 -67.28
661.6 -68.56
662.0 -68.3
662.4 -69.63
662.8 -68.25
663.2 -68.66
663.6 -67.4
664.0 -68.56
664.4 -67.53
664.8 -67.4
665.2 -67.32
665.6 -67.74
666.0 -67.24
666.4 -67.96
666.8 -69.7
667.2 -66.87
667.6 -67.44
668.0 -66.59
668.4 -66.49
668.8 -67.48
669.2 -67.65
669.6 -67.61
670.0 -67.56
670.4 -67.35
670.8 -67.3
671.2 -67.07
671.6 -66.47
672.0 -66.8
672.4 -67.58
672.8 -66.65
673.2 -67.36
673.6 -68.07
674.0 -67.56
674.4 -66.85
674.8 -67.22
675.2 -67.14
675.6 -68.5
676.0 -66.32
676.4 -67.76
676.8 -66.93
677.2 -66.9
677.6 -67.7
678.0 -68.11
678.4 -67.83
678.8 -67.47
679.2 -67.43
679.6 -68.4
680.0 -67.9
680.4 -67.37
680.8 -67.45
681.2 -68.33
681.6 -66.63
682.0 -66.95
682.4 -68.11
682.8 -66.79
683.2 -68.57
683.6 -66.5
684.0 -67.85
684.4 -66.66
684.8 -67.57
685.2 -66.44
685.6 -66.62
686.0 -66.86
686.4 -67.01
686.8 -67.95
687.2 -66.36
687.6 -67.8
688.0 -67.75
688.4 -66.68
688.8 -66.72
689.2 -66.86
689.6 -66.9
690.0 -68.76
690.4 -66.91
690.8 -67.07
691.2 -66.5
691.6 -67.52
692.0 -66.49
692.4 -65.86
692.8 -67.16
693.2 -65.76
693.6 -67.67
694.0 -67.27
694.4 -66.18
694.8 -66.52
695.2 -66.84
695.6 -65.98
696.0 -66.33
696.4 -66.22
696.8 -66.79
697.2 -65.82
697.6 -66.38
698.0 -66.47
698.4 -66.64
698.8 -66.53
699.2 -66.78
699.6 -67.32
700.0 -67.53
700.4 -65.9
700.8 -65.87
701.2 -66.6
701.6 -66.95
702.0 -65.54
702.4 -65.87
702.8 -66.03
703.2 -65.61
703.6 -66.92
704.0 -65.54
704.4 -66.1
704.8 -66.48
705.2 -66.22
705.6 -65.99
706.0 -65.4
706.4 -65.3
706.8 -66.03
707.2 -66.78
707.6 -66.23
708.0 -65.48
708.4 -66.17
708.8 -65.62
709.2 -66.13
709.6 -65.55
710.0 -66.36
710.4 -66.59
710.8 -66.25
711.2 -65.91
711.6 -65.58
712.0 -65.77
712.4 -66.27
712.8 -67.3
713.2 -65.17
713.6 -65.3
714.0 -64.89
714.4 -65.97
714.8 -66.24
715.2 -65.48
715.6 -65.89
716.0 -66.34
716.4 -66.12
716.8 -66.15
717.2 -66.0
717.6 -65.46
718.0 -65.83
718.4 -65.7
718.8 -66.23
719.2 -66.8
719.6 -66.52
720.0 -65.17
720.4 -66.29
720.8 -65.19
721.2 -65.86
721.6 -64.99
722.0 -65.6
722.4 -65.38
722.8 -66.26
723.2 -65.71
723.6 -65.49
724.0 -65.05
724.4 -65.54
724.8 -65.6
725.2 -66.74
725.6 -65.99
726.0 -66.23
726.4 -65.14
726.8 -65.97
727.2 -65.39
727.6 -65.97
728.0 -65.69
728.4 -65.2
728.8 -65.05
729.2 -66.13
729.6 -65.99
730.0 -66.65
730.4 -65.84
730.8 -65.73
731.2 -65.35
731.6 -64.84
732.0 -66.8
732.4 -65.62
732.8 -65.56
733.2 -65.61
733.6 -65.1
734.0 -65.55
734.4 -65.57
734.8 -65.83
735.2 -65.48
735.6 -65.19
736.0 -65.25
736.4 -66.32
736.8 -65.55
737.2 -66.13
737.6 -65.41
738.0 -66.92
738.4 -65.8
738.8 -65.93
739.2 -65.25
739.6 -66.3
740.0 -65.96
740.4 -65.09
740.8 -65.21
741.2 -65.57
741.6 -65.57
742.0 -65.91
742.4 -64.62
742.8 -65.37
743.2 -64.56
743.6 -65.83
744.0 -65.49
744.4 -64.32
744.8 -64.87
745.2 -66.03
745.6 -65.35
746.0 -65.35
746.4 -66.06
746.8 -65.51
747.2 -65.63
747.6 -66.27
748.0 -65.63
748.4 -65.37
748.8 -65.37
749.2 -65.09
749.6 -65.79
750.0 -65.36
750.4 -64.56
750.8 -65.35
751.2 -65.28
751.6 -65.59
752.0 -66.54
752.4 -64.94
752.8 -65.19
753.2 -64.76
753.6 -65.87
754.0 -64.67
754.4 -64.66
754.8 -64.34
755.2 -65.35
755.6 -65.61
756.0 -65.15
756.4 -64.61
756.8 -65.59
757.2 -65.02
757.6 -65.07
758.0 -65.68
758.4 -65.54
758.8 -65.12
759.2 -65.17
759.6 -64.79
760.0 -65.01
760.4 -64.98
760.8 -65.18
761.2 -65.25
761.6 -65.03
762.0 -65.43
762.4 -65.43
762.8 -64.84
763.2 -65.32
763.6 -64.72
764.0 -65.44
764.4 -65.79
764.8 -65.4
765.2 -64.62
765.6 -65.18
766.0 -65.7
766.4 -64.64
766.8 -65.16
767.2 -64.38
767.6 -64.85
768.0 -64.51
768.4 -64.79
768.8 -64.98
769.2 -64.58
769.6 -64.78
770.0 -64.88
770.4 -64.97
770.8 -64.38
771.2 -64.79
771.6 -64.71
772.0 -64.76
772.4 -64.29
772.8 -65.31
773.2 -64.67
773.6 -64.22
774.0 -64.66
774.4 -64.36
774.8 -65.11
775.2 -64.63
775.6 -64.83
776.0 -64.65
776.4 -64.65
776.8 -64.25
777.2 -64.43
777.6 -64.22
778.0 -64.31
778.4 -65.38
778.8 -64.58
779.2 -64.7
779.6 -64.99
780.0 -64.08
780.4 -64.92
780.8 -65.01
781.2 -63.86
781.6 -64.48
782.0 -64.29
782.4 -64.19
782.8 -64.29
783.2 -63.86
783.6 -63.72
784.0 -64.64
784.4 -64.26
784.8 -64.33
785.2 -64.35
785.6 -65.11
786.0 -63.97
786.4 -64.26
786.8 -64.42
787.2 -63.57
787.6 -64.4
788.0 -64.53
788.4 -64.15
788.8 -63.62
789.2 -64.31
789.6 -64.31
790.0 -64.51
790.4 -63.94
790.8 -64.4
791.2 -64.39
791.6 -63.98
792.0 -63.86
792.4 -63.98
792.8 -65.39
793.2 -64.1
793.6 -63.85
794.0 -63.84
794.4 -210.0
794.8 -63.81
795.2 -64.95
795.6 -64.7
796.0 -63.93
796.4 -64.39
796.8 -64.23
797.2 -64.49
797.6 -63.75
798.0 -64.25
798.4 -64.4
798.8 -63.18
799.2 -63.98
799.6 -64.03
800.0 -64.36
800.4 -64.73
800.8 -63.66
801.2 -64.16
801.6 -63.71
802.0 -63.2
802.4 -64.32
802.8 -64.09
803.2 -63.68
803.6 -64.38
804.0 -63.53
804.4 -64.2
804.8 -63.53
805.2 -63.48
805.6 -62.97
806.0 -62.82
806.4 -60.48
806.8 -57.07
807.2 -53.39
807.6 -49.43
808.0 -48.06
808.4 -49.04
808.8 -49.65
809.2 -53.5
809.6 -60.28
810.0 -62.55
810.4 -63.23
810.8 -63.91
811.2 -63.5
811.6 -64.02
812.0 -64.42
812.4 -63.45
812.8 -63.87
813.2 -63.88
813.6 -63.91
814.0 -63.25
814.4 -63.76
814.8 -63.93
815.2 -64.03
815.6 -63.74
816.0 -64.46
816.4 -63.28
816.8 -63.78
817.2 -63.68
817.6 -63.94
818.0 -64.16
818.4 -63.17
818.8 -63.66
819.2 -63.43
819.6 -64.31
820.0 -63.25
820.4 -63.75
820.8 -64.11
821.2 -64.15
821.6 -63.1
822.0 -63.87
822.4 -63.85
822.8 -63.39
823.2 -63.45
823.6 -63.69
824.0 -63.4
824.4 -63.61
824.8 -63.66
825.2 -62.46
825.6 -63.03
826.0 -63.43
826.4 -63.15
826.8 -63.74
827.2 -63.81
827.6 -63.66
828.0 -63.93
828.4 -63.28
828.8 -63.25
829.2 -63.41
829.6 -63.25
830.0 -63.39
830.4 -63.2
830.8 -63.21
831.2 -63.02
831.6 -63.19
832.0 -63.9
832.4 -62.85
832.8 -63.18
833.2 -63.11
833.6 -63.36
834.0 -63.18
834.4 -63.02
834.8 -62.8
835.2 -62.69
835.6 -62.62
836.0 -62.5
836.4 -63.23
836.8 -62.83
837.2 -63.0
837.6 -62.8
838.0 -63.39
838.4 -63.12
838.8 -63.1
839.2 -63.18
839.6 -62.95
840.0 -63.01
840.4 -63.39
840.8 -62.6
841.2 -62.71
841.6 -63.14
842.0 -62.89
842.4 -62.71
842.8 -62.88
843.2 -63.18
843.6 -62.88
844.0 -63.15
844.4 -62.87
844.8 -62.76
845.2 -62.84
845.6 -62.72
846.0 -62.64
846.4 -62.45
846.8 -62.18
847.2 -62.61
847.6 -62.38
848.0 -63.14
848.4 -62.51
848.8 -62.51
849.2 -62.47
849.6 -62.45
850.0 -62.25
850.4 -62.85
850.8 -62.41
851.2 -62.15
851.6 -62.18
852.0 -62.38
852.4 -62.43
852.8 -62.82
853.2 -62.83
853.6 -62.54
854.0 -62.52
854.4 -62.38
854.8 -62.09
855.2 -62.13
855.6 -62.52
856.0 -62.21
856.4 -62.08
856.8 -62.46
857.2 -62.11
857.6 -62.18
858.0 -62.43
858.4 -62.24
858.8 -62.33
859.2 -61.94
859.6 -62.16
860.0 -62.4
860.4 -62.14
860.8 -61.91
861.2 -61.84
861.6 -61.94
862.0 -62.16
862.4 -62.69
862.8 -62.14
863.2 -61.94
863.6 -62.08
864.0 -62.1
864.4 -61.86
864.8 -61.86
865.2 -61.92
865.6 -62.19
866.0 -61.8
866.4 -61.79
866.8 -61.96
867.2 -62.03
867.6 -61.81
868.0 -62.01
868.4 -61.9
868.8 -61.83
869.2 -61.44
869.6 -62.04
870.0 -61.72
870.4 -62.19
870.8 -62.28
871.2 -61.91
871.6 -62.12
872.0 -62.17
872.4 -61.69
872.8 -61.86
873.2 -61.78
873.6 -61.52
874.0 -61.93
874.4 -61.68
874.8 -61.9
875.2 -61.43
875.6 -61.69
876.0 -61.71
876.4 -61.69
876.8 -61.49
877.2 -61.69
877.6 -61.62
878.0 -61.44
878.4 -61.51
878.8 -61.73
879.2 -61.57
879.6 -61.56
880.0 -61.98
880.4 -61.89
880.8 -61.38
881.2 -61.42
881.6 -61.56
882.0 -61.28
882.4 -61.22
882.8 -61.46
883.2 -61.39
883.6 -61.5
884.0 -61.65
884.4 -61.32
884.8 -61.51
885.2 -61.51
885.6 -61.34
886.0 -61.76
886.4 -61.05
886.8 -61.63
887.2 -61.49
887.6 -61.52
888.0 -61.04
888.4 -61.61
888.8 -61.05
889.2 -61.46
889.6 -61.17
890.0 -61.24
890.4 -61.18
890.8 -60.98
891.2 -61.35
891.6 -61.29
892.0 -61.37
892.4 -61.08
892.8 -61.35
893.2 -61.34
893.6 -61.57
894.0 -61.3
894.4 -61.44
894.8 -61.2
895.2 -61.12
895.6 -61.03
896.0 -61.16
896.4 -61.44
896.8 -60.93
897.2 -61.53
897.6 -60.97
898.0 -60.99
898.4 -60.71
898.8 -61.27
899.2 -60.83
899.6 -60.83
900.0 -61.31
900.4 -61.05
900.8 -60.98
901.2 -61.18
901.6 -60.97
902.0 -60.69
902.4 -60.65
902.8 -60.71
903.2 -60.89
903.6 -60.57
904.0 -60.92
904.4 -61.15
904.8 -60.88
905.2 -61.0
905.6 -60.47
906.0 -60.61
906.4 -60.7
906.8 -60.69
907.2 -60.16
907.6 -60.73
908.0 -60.67
908.4 -60.78
908.8 -60.37
909.2 -60.39
909.6 -60.45
910.0 -60.67
910.4 -60.49
910.8 -60.52
911.2 -60.56
911.6 -60.59
912.0 -60.24
912.4 -60.21
912.8 -60.26
913.2 -60.53
913.6 -60.37
914.0 -60.15
914.4 -60.32
914.8 -60.2
915.2 -60.19
915.6 -60.23
916.0 -60.39
916.4 -60.18
916.8 -59.95
917.2 -60.16
917.6 -59.98
918.0 -60.16
918.4 -60.08
918.8 -59.94
919.2 -59.94
919.6 -59.94
920.0 -59.96
920.4 -59.62
920.8 -60.03
921.2 -59.82
921.6 -59.76
922.0 -59.89
922.4 -59.55
922.8 -59.75
923.2 -59.64
923.6 -59.82
924.0 -59.76
924.4 -59.69
924.8 -59.49
925.2 -59.46
925.6 -59.53
926.0 -59.46
926.4 -59.33
926.8 -59.66
927.2 -59.44
927.6 -59.15
928.0 -59.52
928.4 -59.49
928.8 -59.36
929.2 -59.3
929.6 -59.32
930.0 -59.17
930.4 -59.48
930.8 -59.31
931.2 -59.06
931.6 -59.23
932.0 -59.12
932.4 -59.23
932.8 -58.96
933.2 -59.11
933.6 -59.2
934.0 -59.32
934.4 -59.02
934.8 -59.07
935.2 -59.28
935.6 -59.14
936.0 -59.11
936.4 -59.06
936.8 -59.13
937.2 -59.0
937.6 -59.08
938.0 -58.92
938.4 -59.02
938.8 -58.9
939.2 -58.91
939.6 -59.01
940.0 -58.95
940.4 -59.01
940.8 -58.86
941.2 -58.78
941.6 -58.82
942.0 -58.9
942.4 -58.75
942.8 -58.71
943.2 -58.71
943.6 -58.77
944.0 -58.74
944.4 -58.73
944.8 -58.56
945.2 -58.56
945.6 -58.62
946.0 -58.57
946.4 -58.49
946.8 -58.41
947.2 -58.52
947.6 -58.46
948.0 -58.42
948.4 -58.58
948.8 -58.48
949.2 -58.36
949.6 -58.29
950.0 -58.44
950.4 -58.41
950.8 -58.35
951.2 -58.47
951.6 -58.44
952.0 -58.47
952.4 -58.29
952.8 -58.27
953.2 -58.28
953.6 -58.26
954.0 -58.27
954.4 -58.26
954.8 -58.33
955.2 -58.33
955.6 -58.42
956.0 -58.41
956.4 -58.3
956.8 -58.27
957.2 -58.28
957.6 -58.19
958.0 -58.28
958.4 -58.18
958.8 -58.14
959.2 -58.19
959.6 -58.18
960.0 -58.1
960.4 -58.02
960.8 -58.06
961.2 -58.14
961.6 -58.06
962.0 -58.06
962.4 -57.91
962.8 -57.87
963.2 -57.84
963.6 -57.91
964.0 -57.97
964.4 -57.88
964.8 -57.92
965.2 -57.92
965.6 -57.52
966.0 -57.77
966.4 -57.94
966.8 -57.65
967.2 -57.78
967.6 -57.84
968.0 -57.94
968.4 -57.81
968.8 -57.8
969.2 -58.02
969.6 -57.82
970.0 -57.78
970.4 -57.8
970.8 -57.78
971.2 -57.76
971.6 -57.92
972.0 -57.76
972.4 -57.95
972.8 -57.9
973.2 -58.01
973.6 -57.94
974.0 -57.92
974.4 -57.97
974.8 -57.95
975.2 -57.88
975.6 -57.95
976.0 -58.15
976.4 -57.97
976.8 -58.06
977.2 -58.23
977.6 -58.08
978.0 -58.2
978.4 -58.15
978.8 -58.22
979.2 -58.37
979.6 -58.08
980.0 -58.16
980.4 -58.1
980.8 -58.19
981.2 -58.07
981.6 -58.12
982.0 -57.91
982.4 -57.92
982.8 -57.84
983.2 -57.75
983.6 -57.84
984.0 -57.61
984.4 -57.77
984.8 -57.65
985.2 -57.61
985.6 -57.56
986.0 -57.46
986.4 -57.54
986.8 -57.42
987.2 -57.37
987.6 -57.47
988.0 -57.37
988.4 -57.28
988.8 -57.33
989.2 -57.28
989.6 -57.12
990.0 -57.31
990.4 -57.22
990.8 -57.15
991.2 -57.13
991.6 -57.11
992.0 -57.28
992.4 -57.14
992.8 -57.16
993.2 -57.11
993.6 -57.19
994.0 -57.19
994.4 -57.06
994.8 -57.11
995.2 -57.05
995.6 -57.11
996.0 -57.11
996.4 -57.09
996.8 -57.13
997.2 -57.26
997.6 -57.32
998.0 -57.35
998.4 -57.42
998.8 -57.43
999.2 -57.41
999.6 -57.39
1000.0 -57.35
