600.0 -210.0
600.4 -210.0
600.8 -210.0
601.2 -69.02
601.6 -73.1
602.0 -84.27
602.4 -75.25
602.8 -76.53
603.2 -210.0
603.6 -210.0
604.0 -70.08
604.4 -78.39
604.8 -210.0
605.2 -210.0
605.6 -71.94
606.0 -67.9
606.4 -71.76
606.8 -72.81
607.2 -76.81
607.6 -71.84
608.0 -68.97
608.4 -76.89
608.8 -75.67
609.2 -77.74
609.6 -70.13
610.0 -73.31
610.4 -78.78
610.8 -210.0
611.2 -210.0
611.6 -71.87
612.0 -84.9
612.4 -73.16
612.8 -72.64
613.2 -74.97
613.6 -75.0
614.0 -70.87
614.4 -210.0
614.8 -78.08
615.2 -76.05
615.6 -69.79
616.0 -210.0
616.4 -210.0
616.8 -68.55
617.2 -72.65
617.6 -74.09
618.0 -76.8
618.4 -69.59
618.8 -75.3
619.2 -68.99
619.6 -74.21
620.0 -73.06
620.4 -68.77
620.8 -71.99
621.2 -67.89
621.6 -71.15
622.0 -71.35
622.4 -72.96
622.8 -76.51
623.2 -77.78
623.6 -68.78
624.0 -77.83
624.4 -77.86
624.8 -71.35
625.2 -68.79
625.6 -69.92
626.0 -75.33
626.4 -70.85
626.8 -69.88
627.2 -70.63
627.6 -73.8
628.0 -72.25
628.4 -71.12
628.8 -69.29
629.2 -68.69
629.6 -69.24
630.0 -69.56
630.4 -69.59
630.8 -68.42
631.2 -71.31
631.6 -69.99
632.0 -71.09
632.4 -70.38
632.8 -70.08
633.2 -70.67
633.6 -67.28
634.0 -69.3
634.4 -70.87
634.8 -71.16
635.2 -72.4
635.6 -69.25
636.0 -71.38
636.4 -70.13
636.8 -68.37
637.2 -68.26
637.6 -69.83
638.0 -68.8
638.4 -69.54
638.8 -69.24
639.2 -70.05
639.6 -68.58
640.0 -67.76
640.4 -69.7
640.8 -67.18
641.2 -67.11
641.6 -70.16
642.0 -69.06
642.4 -68.15
642.8 -68.42
643.2 -69.62
643.6 -67.48
644.0 -67.46
644.4 -67.27
644.8 -67.59
645.2 -67.04
645.6 -68.21
646.0 -69.57
646.4 -67.23
646.8 -68.32
647.2 -67.99
647.6 -66.89
648.0 -68.16
648.4 -67.58
648.8 -68.14
649.2 -67.61
649.6 -66.89
650.0 -66.72
650.4 -67.49
650.8 -67.88
651.2 -68.28
651.6 -67.46
652.0 -67.25
652.4 -68.55
652.8 -68.24
653.2 -67.3
653.6 -67.15
654.0 -68.67
654.4 -66.64
654.8 -67.79
655.2 -67.05
655.6 -67.53
656.0 -66.7
656.4 -66.02
656.8 -66.53
657.2 -66.44
657.6 -67.59
658.0 -67.38
658.4 -68.38
658.8 -67.23
659.2 -66.51
659.6 -66.86
660.0 -67.13
660.4 -66.36
660.8 -66.23
661.2 -66.42
661.6 -66.69
662.0 -65.31
662.4 -66.9
662.8 -66.98
663.2 -66.17
663.6 -67.57
664.0 -67.53
664.4 -66.23
664.8 -66.36
665.2 -66.46
665.6 -66.73
666.0 -65.82
666.4 -66.49
666.8 -66.59
667.2 -66.59
667.6 -66.83
668.0 -66.73
668.4 -66.42
668.8 -65.79
669.2 -65.85
669.6 -66.27
670.0 -65.87
670.4 -65.41
670.8 -66.0
671.2 -66.25
671.6 -65.55
672.0 -66.84
672.4 -66.08
672.8 -65.84
673.2 -65.72
673.6 -65.78
674.0 -65.91
674.4 -65.42
674.8 -66.33
675.2 -65.73
675.6 -65.85
676.0 -66.52
676.4 -66.01
676.8 -65.21
677.2 -65.29
677.6 -66.0
678.0 -65.28
678.4 -65.59
678.8 -65.09
679.2 -66.56
679.6 -66.99
680.0 -65.46
680.4 -65.49
680.8 -65.93
681.2 -65.62
681.6 -65.69
682.0 -65.51
682.4 -65.38
682.8 -64.9
683.2 -65.9
683.6 -65.58
684.0 -66.53
684.4 -65.82
684.8 -65.0
685.2 -65.81
685.6 -65.24
686.0 -65.36
686.4 -65.08
686.8 -65.09
687.2 -65.73
687.6 -65.28
688.0 -65.28
688.4 -65.25
688.8 -65.07
689.2 -65.42
689.6 -64.99
690.0 -65.81
690.4 -65.4
690.8 -65.38
691.2 -65.59
691.6 -64.69
692.0 -65.04
692.4 -65.74
692.8 -65.16
693.2 -65.73
693.6 -64.93
694.0 -65.55
694.4 -65.26
694.8 -65.03
695.2 -65.33
695.6 -65.2
696.0 -65.04
696.4 -64.61
696.8 -65.31
697.2 -64.7
697.6 -65.3
698.0 -66.23
698.4 -65.45
698.8 -64.52
699.2 -64.93
699.6 -65.55
700.0 -64.25
700.4 -64.44
700.8 -65.87
701.2 -64.96
701.6 -65.11
702.0 -64.7
702.4 -65.09
702.8 -64.91
703.2 -64.25
703.6 -64.27
704.0 -64.64
704.4 -64.96
704.8 -65.09
705.2 -64.84
705.6 -65.1
706.0 -65.34
706.4 -65.42
706.8 -65.84
707.2 -64.89
707.6 -65.61
708.0 -65.2
708.4 -65.36
708.8 -64.67
709.2 -64.96
709.6 -64.76
710.0 -64.93
710.4 -64.85
710.8 -65.05
711.2 -65.38
711.6 -65.49
712.0 -65.4
712.4 -65.2
712.8 -63.88
713.2 -65.17
713.6 -64.69
714.0 -64.71
714.4 -65.77
714.8 -64.65
715.2 -64.64
715.6 -64.67
716.0 -65.19
716.4 -64.73
716.8 -65.21
717.2 -65.03
717.6 -64.95
718.0 -64.79
718.4 -64.39
718.8 -64.85
719.2 -65.41
719.6 -64.67
720.0 -64.77
720.4 -65.37
720.8 -65.3
721.2 -64.46
721.6 -65.13
722.0 -64.55
722.4 -65.12
722.8 -65.25
723.2 -64.37
723.6 -64.95
724.0 -64.26
724.4 -64.48
724.8 -65.32
725.2 -65.23
725.6 -64.69
726.0 -64.27
726.4 -64.97
726.8 -65.42
727.2 -64.67
727.6 -64.8
728.0 -64.92
728.4 -64.69
728.8 -65.05
729.2 -64.33
729.6 -65.08
730.0 -64.25
730.4 -64.67
730.8 -65.6
731.2 -65.41
731.6 -64.79
732.0 -64.7
732.4 -65.25
732.8 -65.05
733.2 -64.77
733.6 -65.52
734.0 -65.88
734.4 -66.01
734.8 -65.48
735.2 -64.76
735.6 -65.16
736.0 -64.15
736.4 -64.58
736.8 -64.93
737.2 -64.82
737.6 -64.45
738.0 -66.27
738.4 -64.32
738.8 -65.1
739.2 -64.82
739.6 -65.59
740.0 -65.75
740.4 -64.95
740.8 -64.71
741.2 -65.14
741.6 -64.52
742.0 -64.44
742.4 -65.03
742.8 -65.41
743.2 -65.63
743.6 -65.05
744.0 -65.24
744.4 -65.01
744.8 -64.68
745.2 -64.18
745.6 -65.68
746.0 -66.02
746.4 -65.48
746.8 -65.88
747.2 -64.55
747.6 -64.99
748.0 -65.34
748.4 -63.99
748.8 -64.78
749.2 -65.18
749.6 -64.78
750.0 -64.97
750.4 -65.82
750.8 -65.64
751.2 -64.57
751.6 -64.86
752.0 -64.94
752.4 -65.05
752.8 -64.93
753.2 -64.98
753.6 -65.15
754.0 -64.86
754.4 -64.66
754.8 -65.97
755.2 -64.76
755.6 -65.04
756.0 -65.37
756.4 -64.83
756.8 -65.05
757.2 -64.22
757.6 -64.62
758.0 -64.81
758.4 -65.54
758.8 -64.77
759.2 -64.99
759.6 -65.02
760.0 -65.76
760.4 -64.89
760.8 -64.8
761.2 -64.52
761.6 -65.06
762.0 -64.93
762.4 -65.33
762.8 -64.32
763.2 -65.13
763.6 -64.45
764.0 -65.51
764.4 -65.0
764.8 -65.24
765.2 -64.56
765.6 -65.21
766.0 -64.47
766.4 -65.2
766.8 -65.12
767.2 -64.2
767.6 -65.58
768.0 -65.27
768.4 -64.51
768.8 -64.14
769.2 -64.36
769.6 -65.49
770.0 -64.57
770.4 -65.09
770.8 -63.98
771.2 -64.71
771.6 -64.33
772.0 -64.87
772.4 -65.61
772.8 -64.56
773.2 -64.96
773.6 -65.05
774.0 -63.75
774.4 -64.6
774.8 -65.2
775.2 -65.11
775.6 -64.52
776.0 -64.54
776.4 -66.44
776.8 -64.97
777.2 -64.17
777.6 -64.48
778.0 -64.81
778.4 -64.13
778.8 -64.06
779.2 -63.89
779.6 -64.39
780.0 -64.8
780.4 -64.8
780.8 -63.76
781.2 -64.69
781.6 -64.91
782.0 -65.13
782.4 -64.79
782.8 -64.73
783.2 -64.31
783.6 -65.21
784.0 -64.18
784.4 -64.21
784.8 -64.2
785.2 -64.09
785.6 -63.76
786.0 -64.27
786.4 -65.9
786.8 -64.42
787.2 -64.34
787.6 -65.0
788.0 -64.53
788.4 -64.58
788.8 -64.28
789.2 -64.96
789.6 -64.39
790.0 -64.6
790.4 -64.92
790.8 -64.12
791.2 -64.76
791.6 -64.13
792.0 -64.53
792.4 -63.81
792.8 -63.8
793.2 -64.93
793.6 -63.9
794.0 -64.27
794.4 -64.51
794.8 -63.63
795.2 -64.27
795.6 -64.7
796.0 -64.15
796.4 -64.82
796.8 -63.9
797.2 -64.38
797.6 -63.56
798.0 -63.79
798.4 -64.29
798.8 -64.57
799.2 -63.6
799.6 -63.53
800.0 -64.36
800.4 -64.1
800.8 -63.92
801.2 -63.83
801.6 -63.67
802.0 -63.64
802.4 -63.74
802.8 -63.59
803.2 -64.04
803.6 -64.46
804.0 -63.33
804.4 -63.95
804.8 -63.57
805.2 -63.8
805.6 -62.82
806.0 -62.02
806.4 -60.18
806.8 -56.84
807.2 -53.35
807.6 -49.39
808.0 -48.12
808.4 -49.26
808.8 -49.98
809.2 -54.03
809.6 -60.56
810.0 -62.41
810.4 -63.21
810.8 -63.26
811.2 -63.39
811.6 -63.47
812.0 -63.48
812.4 -63.74
812.8 -63.66
813.2 -63.72
813.6 -63.55
814.0 -63.51
814.4 -63.41
814.8 -63.17
815.2 -63.48
815.6 -63.49
816.0 -63.4
816.4 -63.56
816.8 -64.42
817.2 -63.72
817.6 -63.84
818.0 -63.55
818.4 -63.85
818.8 -63.3
819.2 -63.17
819.6 -63.21
820.0 -63.31
820.4 -64.14
820.8 -64.02
821.2 -63.27
821.6 -63.8
822.0 -63.65
822.4 -63.36
822.8 -63.64
823.2 -63.27
823.6 -63.8
824.0 -63.75
824.4 -64.01
824.8 -64.34
825.2 -63.46
825.6 -63.13
826.0 -63.3
826.4 -63.59
826.8 -64.15
827.2 -63.98
827.6 -63.72
828.0 -63.75
828.4 -63.57
828.8 -63.81
829.2 -64.27
829.6 -63.65
830.0 -63.52
830.4 -63.15
830.8 -63.51
831.2 -63.5
831.6 -63.93
832.0 -63.47
832.4 -63.81
832.8 -63.21
833.2 -64.12
833.6 -63.34
834.0 -63.27
834.4 -62.8
834.8 -63.4
835.2 -63.6
835.6 -63.11
836.0 -63.38
836.4 -62.86
836.8 -63.04
837.2 -63.51
837.6 -63.13
838.0 -63.36
838.4 -63.35
838.8 -63.34
839.2 -63.48
839.6 -63.89
840.0 -63.5
840.4 -63.47
840.8 -63.99
841.2 -63.72
841.6 -63.57
842.0 -63.08
842.4 -63.44
842.8 -63.75
843.2 -63.46
843.6 -63.46
844.0 -63.66
844.4 -63.85
844.8 -64.37
845.2 -63.45
845.6 -63.62
846.0 -63.7
846.4 -64.41
846.8 -64.16
847.2 -63.69
847.6 -64.13
848.0 -63.56
848.4 -63.92
848.8 -63.92
849.2 -63.66
849.6 -64.32
850.0 -64.27
850.4 -63.73
850.8 -64.45
851.2 -64.14
851.6 -63.72
852.0 -63.94
852.4 -63.76
852.8 -64.1
853.2 -63.73
853.6 -64.04
854.0 -64.11
854.4 -64.55
854.8 -64.3
855.2 -63.62
855.6 -63.76
856.0 -63.89
856.4 -64.06
856.8 -63.84
857.2 -63.77
857.6 -64.75
858.0 -64.66
858.4 -64.29
858.8 -64.6
859.2 -64.11
859.6 -64.6
860.0 -64.49
860.4 -63.82
860.8 -64.67
861.2 -64.0
861.6 -64.28
862.0 -64.22
862.4 -64.18
862.8 -65.02
863.2 -64.59
863.6 -64.45
864.0 -63.91
864.4 -64.44
864.8 -64.93
865.2 -64.01
865.6 -64.12
866.0 -64.73
866.4 -64.01
866.8 -63.9
867.2 -64.76
867.6 -64.0
868.0 -64.5
868.4 -64.61
868.8 -64.63
869.2 -64.97
869.6 -64.69
870.0 -64.96
870.4 -64.67
870.8 -64.16
871.2 -64.36
871.6 -64.14
872.0 -64.74
872.4 -64.17
872.8 -64.51
873.2 -64.12
873.6 -63.86
874.0 -64.93
874.4 -64.18
874.8 -64.65
875.2 -64.91
875.6 -64.42
876.0 -64.56
876.4 -65.19
876.8 -63.75
877.2 -64.19
877.6 -64.72
878.0 -63.44
878.4 -64.12
878.8 -65.12
879.2 -64.02
879.6 -64.56
880.0 -64.71
880.4 -65.31
880.8 -64.68
881.2 -64.41
881.6 -64.05
882.0 -64.05
882.4 -65.22
882.8 -64.92
883.2 -64.42
883.6 -64.74
884.0 -64.54
884.4 -64.0
884.8 -64.18
885.2 -63.7
885.6 -64.07
886.0 -64.62
886.4 -64.03
886.8 -64.88
887.2 -64.23
887.6 -64.54
888.0 -64.29
888.4 -64.02
888.8 -64.23
889.2 -64.65
889.6 -64.56
890.0 -64.81
890.4 -64.42
890.8 -64.29
891.2 -64.29
891.6 -64.4
892.0 -65.06
892.4 -64.46
892.8 -64.38
893.2 -64.1
893.6 -64.63
894.0 -64.71
894.4 -64.85
894.8 -64.65
895.2 -64.89
895.6 -64.96
896.0 -64.9
896.4 -64.87
896.8 -64.64
897.2 -65.06
897.6 -64.6
898.0 -64.63
898.4 -64.36
898.8 -65.05
899.2 -64.85
899.6 -65.0
900.0 -64.77
900.4 -64.73
900.8 -64.93
901.2 -64.66
901.6 -65.24
902.0 -65.31
902.4 -64.54
902.8 -64.53
903.2 -64.84
903.6 -64.54
904.0 -64.07
904.4 -64.12
904.8 -64.53
905.2 -64.63
905.6 -64.45
906.0 -64.61
906.4 -64.28
906.8 -64.48
907.2 -64.2
907.6 -64.6
908.0 -64.88
908.4 -64.24
908.8 -64.23
909.2 -64.22
909.6 -64.05
910.0 -64.64
910.4 -64.9
910.8 -64.06
911.2 -64.6
911.6 -64.43
912.0 -64.48
912.4 -64.59
912.8 -64.0
913.2 -63.83
913.6 -65.35
914.0 -64.87
914.4 -64.8
914.8 -64.84
915.2 -64.77
915.6 -64.89
916.0 -64.57
916.4 -64.8
916.8 -65.4
917.2 -64.62
917.6 -64.62
918.0 -64.92
918.4 -64.42
918.8 -64.53
919.2 -65.48
919.6 -64.84
920.0 -65.1
920.4 -64.21
920.8 -65.3
921.2 -64.63
921.6 -64.65
922.0 -64.3
922.4 -65.19
922.8 -65.04
923.2 -65.07
923.6 -64.66
924.0 -64.86
924.4 -64.5
924.8 -64.69
925.2 -64.56
925.6 -64.4
926.0 -64.6
926.4 -64.74
926.8 -65.32
927.2 -64.49
927.6 -64.44
928.0 -64.39
928.4 -64.77
928.8 -64.72
929.2 -64.64
929.6 -64.05
930.0 -64.43
930.4 -64.73
930.8 -64.63
931.2 -64.72
931.6 -64.9
932.0 -65.01
932.4 -64.95
932.8 -65.09
933.2 -65.7
933.6 -65.18
934.0 -65.28
934.4 -65.26
934.8 -64.63
935.2 -64.98
935.6 -65.44
936.0 -65.6
936.4 -65.3
936.8 -65.23
937.2 -65.22
937.6 -64.9
938.0 -65.36
938.4 -64.9
938.8 -64.76
939.2 -65.16
939.6 -65.09
940.0 -65.23
940.4 -65.39
940.8 -65.43
941.2 -65.73
941.6 -65.81
942.0 -65.16
942.4 -65.55
942.8 -65.53
943.2 -65.47
943.6 -65.56
944.0 -65.42
944.4 -65.22
944.8 -65.69
945.2 -64.73
945.6 -65.64
946.0 -64.93
946.4 -65.53
946.8 -65.7
947.2 -65.14
947.6 -65.62
948.0 -64.99
948.4 -65.24
948.8 -65.15
949.2 -65.85
949.6 -65.51
950.0 -65.29
950.4 -65.49
950.8 -65.73
951.2 -65.59
951.6 -65.38
952.0 -65.91
952.4 -65.36
952.8 -65.49
953.2 -65.58
953.6 -65.68
954.0 -65.48
954.4 -65.48
954.8 -65.6
955.2 -65.52
955.6 -65.56
956.0 -65.84
956.4 -65.9
956.8 -65.34
957.2 -65.92
957.6 -65.16
958.0 -65.23
958.4 -65.64
958.8 -65.62
959.2 -65.4
959.6 -65.51
960.0 -65.25
960.4 -64.77
960.8 -65.49
961.2 -65.22
961.6 -65.22
962.0 -65.1
962.4 -65.03
962.8 -64.78
963.2 -64.89
963.6 -65.41
964.0 -64.85
964.4 -65.02
964.8 -64.94
965.2 -64.73
965.6 -64.93
966.0 -64.75
966.4 -64.9
966.8 -65.12
967.2 -65.15
967.6 -65.15
968.0 -64.72
968.4 -64.86
968.8 -64.65
969.2 -64.63
969.6 -64.64
970.0 -65.09
970.4 -64.92
970.8 -64.99
971.2 -64.57
971.6 -65.04
972.0 -64.72
972.4 -64.82
972.8 -64.62
973.2 -64.92
973.6 -64.69
974.0 -64.67
974.4 -64.75
974.8 -64.94
975.2 -65.1
975.6 -64.91
976.0 -64.9
976.4 -64.7
976.8 -64.84
977.2 -64.74
977.6 -64.72
978.0 -64.65
978.4 -64.58
978.8 -64.46
979.2 -64.46
979.6 -64.54
980.0 -64.46
980.4 -64.54
980.8 -64.43
981.2 -64.65
981.6 -64.53
982.0 -64.2
982.4 -64.28
982.8 -63.75
983.2 -63.86
983.6 -63.83
984.0 -63.99
984.4 -63.8
984.8 -63.66
985.2 -63.41
985.6 -63.61
986.0 -63.52
986.4 -63.21
986.8 -63.52
987.2 -63.4
987.6 -63.35
988.0 -63.4
988.4 -63.27
988.8 -63.06
989.2 -63.29
989.6 -63.33
990.0 -63.02
990.4 -63.1
990.8 -63.01
991.2 -62.88
991.6 -63.11
992.0 -62.91
992.4 -62.85
992.8 -62.87
993.2 -62.85
993.6 -62.78
994.0 -62.76
994.4 -62.64
994.8 -62.62
995.2 -62.69
995.6 -62.53
996.0 -62.59
996.4 -62.75
996.8 -62.84
997.2 -62.91
997.6 -62.63
998.0 -62.71
998.4 -62.88
998.8 -62.71
999.2 -62.81
999.6 -62.75
1000.0 -62.71
