600.0 -69.82
600.4 -74.16
600.8 -71.4
601.2 -70.78
601.6 -210.0
602.0 -72.5
602.4 -210.0
602.8 -70.7
603.2 -73.92
603.6 -73.23
604.0 -74.4
604.4 -71.41
604.8 -210.0
605.2 -72.16
605.6 -78.47
606.0 -73.73
606.4 -84.55
606.8 -73.44
607.2 -71.59
607.6 -210.0
608.0 -210.0
608.4 -76.89
608.8 -210.0
609.2 -210.0
609.6 -78.73
610.0 -69.59
610.4 -69.75
610.8 -210.0
611.2 -71.42
611.6 -73.11
612.0 -70.12
612.4 -210.0
612.8 -75.4
613.2 -81.96
613.6 -78.01
614.0 -75.98
614.4 -210.0
614.8 -68.53
615.2 -71.11
615.6 -76.07
616.0 -70.08
616.4 -68.82
616.8 -210.0
617.2 -70.02
617.6 -74.81
618.0 -75.26
618.4 -75.73
618.8 -82.29
619.2 -75.33
619.6 -79.32
620.0 -70.89
620.4 -75.4
620.8 -77.63
621.2 -69.11
621.6 -77.01
622.0 -71.02
622.4 -69.6
622.8 -69.75
623.2 -71.59
623.6 -70.97
624.0 -70.17
624.4 -75.65
624.8 -77.21
625.2 -69.26
625.6 -77.93
626.0 -71.12
626.4 -69.23
626.8 -71.99
627.2 -68.66
627.6 -68.52
628.0 -71.72
628.4 -70.98
628.8 -72.11
629.2 -69.81
629.6 -73.92
630.0 -75.2
630.4 -67.96
630.8 -68.2
631.2 -69.18
631.6 -70.8
632.0 -74.38
632.4 -75.38
632.8 -70.18
633.2 -70.11
633.6 -210.0
634.0 -69.13
634.4 -68.25
634.8 -70.32
635.2 -68.52
635.6 -72.79
636.0 -70.31
636.4 -69.31
636.8 -71.05
637.2 -68.97
637.6 -69.15
638.0 -70.25
638.4 -70.18
638.8 -68.38
639.2 -67.92
639.6 -72.56
640.0 -67.65
640.4 -70.75
640.8 -68.12
641.2 -69.06
641.6 -68.25
642.0 -69.43
642.4 -69.71
642.8 -67.17
643.2 -67.03
643.6 -67.52
644.0 -69.03
644.4 -68.0
644.8 -67.22
645.2 -67.57
645.6 -68.55
646.0 -67.28
646.4 -67.63
646.8 -67.31
647.2 -68.14
647.6 -67.26
648.0 -68.76
648.4 -66.89
648.8 -67.54
649.2 -68.64
649.6 -67.23
650.0 -67.32
650.4 -66.79
650.8 -66.51
651.2 -67.13
651.6 -68.18
652.0 -67.58
652.4 -67.64
652.8 -67.14
653.2 -67.26
653.6 -67.78
654.0 -66.82
654.4 -66.96
654.8 -66.76
655.2 -66.94
655.6 -66.97
656.0 -66.3
656.4 -66.63
656.8 -67.17
657.2 -66.78
657.6 -67.22
658.0 -66.99
658.4 -66.88
658.8 -66.89
659.2 -67.0
659.6 -66.26
660.0 -66.3
660.4 -67.24
660.8 -66.17
661.2 -66.73
661.6 -66.59
662.0 -66.23
662.4 -66.14
662.8 -66.52
663.2 -65.63
663.6 -67.01
664.0 -67.01
664.4 -66.39
664.8 -66.2
665.2 -65.65
665.6 -64.91
666.0 -66.56
666.4 -65.65
666.8 -65.27
667.2 -66.62
667.6 -65.82
668.0 -65.65
668.4 -66.14
668.8 -65.47
669.2 -67.32
669.6 -65.55
670.0 -66.35
670.4 -66.35
670.8 -65.12
671.2 -66.28
671.6 -65.2
672.0 -66.14
672.4 -66.17
672.8 -65.01
673.2 -66.19
673.6 -65.72
674.0 -66.06
674.4 -65.5
674.8 -65.23
675.2 -65.99
675.6 -65.43
676.0 -65.69
676.4 -66.01
676.8 -65.71
677.2 -65.41
677.6 -65.47
678.0 -65.4
678.4 -65.15
678.8 -65.12
679.2 -65.34
679.6 -65.83
680.0 -65.13
680.4 -65.63
680.8 -65.4
681.2 -64.61
681.6 -65.78
682.0 -65.33
682.4 -65.82
682.8 -65.64
683.2 -65.64
683.6 -65.44
684.0 -64.84
684.4 -65.57
684.8 -65.54
685.2 -65.21
685.6 -65.09
686.0 -65.69
686.4 -64.5
686.8 -65.68
687.2 -64.94
687.6 -66.28
688.0 -65.93
688.4 -65.66
688.8 -65.2
689.2 -65.73
689.6 -66.07
690.0 -64.98
690.4 -65.09
690.8 -65.57
691.2 -65.11
691.6 -65.97
692.0 -65.3
692.4 -65.19
692.8 -64.38
693.2 -64.53
693.6 -65.26
694.0 -65.14
694.4 -65.11
694.8 -65.13
695.2 -64.8
695.6 -65.1
696.0 -64.72
696.4 -65.77
696.8 -65.48
697.2 -64.31
697.6 -65.76
698.0 -65.72
698.4 -64.92
698.8 -64.87
699.2 -65.14
699.6 -65.06
700.0 -64.85
700.4 -65.56
700.8 -65.48
701.2 -64.68
701.6 -65.33
702.0 -65.32
702.4 -66.03
702.8 -65.42
703.2 -64.42
703.6 -65.05
704.0 -64.74
704.4 -65.3
704.8 -65.03
705.2 -64.72
705.6 -64.67
706.0 -65.72
706.4 -64.88
706.8 -65.03
707.2 -65.15
707.6 -64.92
708.0 -64.93
708.4 -65.59
708.8 -64.46
709.2 -64.96
709.6 -64.54
710.0 -65.17
710.4 -65.28
710.8 -64.82
711.2 -64.4
711.6 -64.88
712.0 -65.09
712.4 -64.61
712.8 -65.45
713.2 -65.11
713.6 -65.27
714.0 -64.22
714.4 -64.93
714.8 -64.65
715.2 -65.03
715.6 -66.02
716.0 -64.52
716.4 -64.7
716.8 -64.58
717.2 -64.36
717.6 -65.14
718.0 -64.59
718.4 -64.76
718.8 -64.41
719.2 -64.41
719.6 -63.83
720.0 -65.26
720.4 -64.92
720.8 -64.58
721.2 -63.63
721.6 -65.3
722.0 -65.01
722.4 -65.01
722.8 -64.76
723.2 -64.66
723.6 -64.49
724.0 -64.38
724.4 -64.43
724.8 -64.87
725.2 -64.57
725.6 -64.52
726.0 -64.73
726.4 -64.24
726.8 -64.75
727.2 -65.16
727.6 -64.99
728.0 -65.69
728.4 -64.9
728.8 -65.17
729.2 -65.17
729.6 -65.31
730.0 -63.94
730.4 -64.44
730.8 -64.73
731.2 -65.06
731.6 -65.7
732.0 -64.75
732.4 -64.86
732.8 -64.94
733.2 -64.46
733.6 -65.3
734.0 -65.01
734.4 -64.84
734.8 -64.78
735.2 -64.65
735.6 -65.16
736.0 -64.77
736.4 -64.53
736.8 -64.5
737.2 -64.98
737.6 -64.57
738.0 -65.23
738.4 -65.11
738.8 -65.08
739.2 -65.02
739.6 -65.37
740.0 -65.27
740.4 -64.71
740.8 -64.76
741.2 -64.8
741.6 -64.72
742.0 -65.35
742.4 -64.67
742.8 -64.36
743.2 -65.25
743.6 -65.25
744.0 -65.36
744.4 -64.98
744.8 -65.65
745.2 -64.81
745.6 -65.14
746.0 -64.43
746.4 -65.0
746.8 -65.05
747.2 -64.79
747.6 -64.82
748.0 -64.48
748.4 -64.92
748.8 -65.09
749.2 -65.06
749.6 -65.21
750.0 -64.33
750.4 -64.48
750.8 -64.96
751.2 -64.87
751.6 -64.62
752.0 -64.25
752.4 -64.58
752.8 -64.44
753.2 -64.81
753.6 -65.27
754.0 -64.56
754.4 -65.17
754.8 -64.94
755.2 -64.16
755.6 -65.25
756.0 -64.45
756.4 -65.74
756.8 -65.52
757.2 -66.4
757.6 -65.35
758.0 -65.19
758.4 -64.74
758.8 -64.25
759.2 -64.99
759.6 -65.05
760.0 -65.19
760.4 -65.76
760.8 -65.03
761.2 -64.47
761.6 -65.54
762.0 -64.79
762.4 -65.21
762.8 -64.81
763.2 -65.69
763.6 -65.26
764.0 -65.06
764.4 -64.11
764.8 -64.79
765.2 -64.67
765.6 -64.54
766.0 -64.55
766.4 -64.81
766.8 -65.12
767.2 -64.33
767.6 -64.49
768.0 -64.81
768.4 -65.37
768.8 -65.2
769.2 -64.61
769.6 -64.34
770.0 -65.16
770.4 -64.74
770.8 -65.87
771.2 -64.49
771.6 -64.94
772.0 -65.12
772.4 -65.65
772.8 -64.96
773.2 -65.31
773.6 -65.15
774.0 -64.23
774.4 -64.36
774.8 -65.17
775.2 -64.89
775.6 -65.5
776.0 -64.91
776.4 -65.39
776.8 -64.74
777.2 -64.32
777.6 -64.59
778.0 -64.87
778.4 -64.9
778.8 -65.12
779.2 -64.37
779.6 -64.09
780.0 -64.74
780.4 -65.94
780.8 -65.17
781.2 -64.12
781.6 -65.26
782.0 -64.09
782.4 -64.43
782.8 -64.65
783.2 -65.09
783.6 -65.18
784.0 -65.18
784.4 -64.39
784.8 -65.17
785.2 -64.35
785.6 -65.11
786.0 -65.11
786.4 -64.65
786.8 -64.73
787.2 -65.71
787.6 -64.45
788.0 -65.39
788.4 -65.25
788.8 -64.67
789.2 -64.52
789.6 -64.99
790.0 -64.77
790.4 -65.02
790.8 -64.74
791.2 -64.67
791.6 -64.39
792.0 -64.59
792.4 -64.13
792.8 -64.44
793.2 -64.28
793.6 -63.97
794.0 -63.86
794.4 -63.34
794.8 -64.06
795.2 -64.32
795.6 -63.85
796.0 -64.26
796.4 -65.13
796.8 -64.08
797.2 -64.46
797.6 -64.52
798.0 -63.89
798.4 -64.11
798.8 -64.08
799.2 -64.89
799.6 -64.57
800.0 -63.32
800.4 -63.75
800.8 -63.39
801.2 -64.06
801.6 -64.74
802.0 -64.45
802.4 -64.06
802.8 -64.14
803.2 -64.07
803.6 -64.12
804.0 -63.27
804.4 -64.02
804.8 -63.57
805.2 -63.16
805.6 -63.34
806.0 -62.52
806.4 -60.49
806.8 -57.36
807.2 -53.5
807.6 -49.54
808.0 -48.11
808.4 -49.08
808.8 -49.74
809.2 -53.74
809.6 -60.09
810.0 -62.18
810.4 -62.84
810.8 -62.52
811.2 -62.7
811.6 -63.17
812.0 -63.39
812.4 -62.83
812.8 -63.78
813.2 -64.15
813.6 -63.42
814.0 -63.38
814.4 -64.22
814.8 -63.61
815.2 -64.06
815.6 -63.78
816.0 -64.05
816.4 -63.58
816.8 -63.8
817.2 -63.57
817.6 -63.94
818.0 -63.32
818.4 -63.83
818.8 -63.42
819.2 -63.02
819.6 -63.56
820.0 -63.67
820.4 -63.05
820.8 -63.4
821.2 -63.08
821.6 -63.93
822.0 -63.52
822.4 -63.09
822.8 -63.55
823.2 -63.66
823.6 -63.71
824.0 -63.11
824.4 -63.64
824.8 -62.96
825.2 -63.42
825.6 -63.17
826.0 -63.13
826.4 -62.98
826.8 -63.57
827.2 -62.91
827.6 -63.54
828.0 -63.22
828.4 -63.61
828.8 -63.96
829.2 -63.41
829.6 -63.99
830.0 -63.28
830.4 -62.99
830.8 -62.8
831.2 -63.46
831.6 -63.32
832.0 -63.49
832.4 -63.29
832.8 -63.3
833.2 -62.78
833.6 -63.17
834.0 -63.18
834.4 -62.68
834.8 -62.81
835.2 -62.8
835.6 -62.81
836.0 -62.95
836.4 -63.09
836.8 -62.92
837.2 -62.95
837.6 -63.38
838.0 -63.1
838.4 -63.52
838.8 -63.16
839.2 -62.95
839.6 -63.44
840.0 -63.65
840.4 -63.01
840.8 -62.91
841.2 -62.94
841.6 -62.98
842.0 -63.1
842.4 -63.16
842.8 -63.41
843.2 -63.0
843.6 -63.32
844.0 -63.41
844.4 -63.4
844.8 -63.14
845.2 -62.97
845.6 -63.06
846.0 -63.81
846.4 -63.03
846.8 -63.39
847.2 -63.44
847.6 -63.31
848.0 -62.92
848.4 -63.04
848.8 -63.57
849.2 -63.81
849.6 -63.05
850.0 -63.37
850.4 -63.24
850.8 -63.0
851.2 -63.37
851.6 -63.23
852.0 -63.36
852.4 -63.55
852.8 -63.28
853.2 -63.35
853.6 -63.01
854.0 -63.12
854.4 -63.27
854.8 -63.15
855.2 -63.6
855.6 -63.2
856.0 -63.57
856.4 -63.36
856.8 -62.96
857.2 -63.25
857.6 -62.87
858.0 -63.17
858.4 -62.81
858.8 -63.39
859.2 -63.04
859.6 -63.19
860.0 -62.96
860.4 -63.17
860.8 -63.14
861.2 -63.48
861.6 -63.46
862.0 -62.58
862.4 -63.2
862.8 -63.4
863.2 -63.38
863.6 -63.07
864.0 -63.52
864.4 -63.04
864.8 -62.88
865.2 -63.42
865.6 -63.66
866.0 -64.01
866.4 -63.65
866.8 -62.99
867.2 -63.5
867.6 -62.97
868.0 -62.84
868.4 -63.47
868.8 -63.26
869.2 -63.34
869.6 -63.16
870.0 -62.98
870.4 -63.13
870.8 -63.11
871.2 -62.93
871.6 -63.12
872.0 -63.12
872.4 -62.93
872.8 -63.19
873.2 -63.01
873.6 -63.24
874.0 -62.63
874.4 -62.99
874.8 -63.03
875.2 -62.71
875.6 -62.91
876.0 -62.9
876.4 -63.17
876.8 -62.72
877.2 -63.31
877.6 -62.57
878.0 -63.24
878.4 -62.99
878.8 -63.26
879.2 -62.88
879.6 -63.46
880.0 -62.72
880.4 -63.26
880.8 -62.96
881.2 -62.87
881.6 -63.17
882.0 -63.21
882.4 -62.56
882.8 -62.87
883.2 -62.68
883.6 -62.75
884.0 -62.55
884.4 -63.28
884.8 -63.07
885.2 -63.41
885.6 -62.61
886.0 -63.46
886.4 -62.79
886.8 -62.73
887.2 -63.33
887.6 -62.36
888.0 -62.76
888.4 -62.67
888.8 -62.7
889.2 -62.6
889.6 -61.99
890.0 -62.8
890.4 -62.94
890.8 -62.75
891.2 -63.0
891.6 -62.84
892.0 -62.39
892.4 -62.58
892.8 -62.71
893.2 -63.11
893.6 -62.9
894.0 -62.99
894.4 -62.41
894.8 -62.71
895.2 -62.57
895.6 -62.57
896.0 -62.45
896.4 -62.5
896.8 -62.46
897.2 -62.82
897.6 -63.07
898.0 -62.55
898.4 -62.34
898.8 -62.74
899.2 -62.46
899.6 -62.93
900.0 -62.56
900.4 -62.71
900.8 -62.81
901.2 -62.62
901.6 -62.76
902.0 -62.71
902.4 -62.5
902.8 -63.07
903.2 -62.88
903.6 -62.57
904.0 -62.6
904.4 -63.0
904.8 -62.88
905.2 -63.07
905.6 -62.7
906.0 -63.0
906.4 -62.44
906.8 -62.27
907.2 -62.64
907.6 -62.04
908.0 -62.73
908.4 -62.56
908.8 -62.54
909.2 -62.71
909.6 -62.54
910.0 -62.63
910.4 -62.28
910.8 -62.86
911.2 -62.62
911.6 -62.51
912.0 -62.47
912.4 -62.28
912.8 -62.38
913.2 -62.48
913.6 -62.36
914.0 -62.48
914.4 -62.34
914.8 -62.21
915.2 -62.44
915.6 -62.46
916.0 -62.35
916.4 -62.63
916.8 -62.11
917.2 -62.22
917.6 -62.36
918.0 -62.42
918.4 -62.04
918.8 -62.47
919.2 -62.24
919.6 -62.56
920.0 -62.25
920.4 -62.02
920.8 -62.4
921.2 -62.29
921.6 -62.58
922.0 -62.22
922.4 -62.64
922.8 -62.28
923.2 -62.65
923.6 -62.68
924.0 -62.54
924.4 -62.26
924.8 -62.34
925.2 -62.41
925.6 -62.16
926.0 -62.62
926.4 -62.49
926.8 -62.01
927.2 -62.31
927.6 -62.25
928.0 -62.12
928.4 -62.79
928.8 -62.22
929.2 -62.14
929.6 -62.03
930.0 -62.26
930.4 -62.05
930.8 -62.44
931.2 -62.23
931.6 -62.18
932.0 -62.41
932.4 -62.8
932.8 -61.97
933.2 -62.2
933.6 -62.46
934.0 -62.39
934.4 -62.21
934.8 -62.38
935.2 -62.51
935.6 -62.26
936.0 -62.2
936.4 -62.2
936.8 -62.44
937.2 -62.48
937.6 -62.41
938.0 -62.11
938.4 -62.36
938.8 -62.14
939.2 -62.03
939.6 -62.08
940.0 -62.36
940.4 -62.49
940.8 -62.2
941.2 -62.37
941.6 -62.58
942.0 -62.44
942.4 -62.39
942.8 -62.69
943.2 -62.24
943.6 -62.47
944.0 -62.23
944.4 -62.27
944.8 -62.21
945.2 -62.23
945.6 -62.4
946.0 -62.32
946.4 -62.48
946.8 -62.21
947.2 -62.31
947.6 -62.13
948.0 -62.32
948.4 -62.18
948.8 -62.4
949.2 -62.59
949.6 -62.18
950.0 -62.47
950.4 -62.21
950.8 -62.36
951.2 -62.36
951.6 -62.61
952.0 -62.49
952.4 -62.54
952.8 -62.2
953.2 -62.17
953.6 -62.34
954.0 -62.54
954.4 -62.29
954.8 -62.41
955.2 -62.45
955.6 -62.35
956.0 -62.7
956.4 -62.67
956.8 -62.53
957.2 -62.43
957.6 -62.3
958.0 -62.4
958.4 -62.3
958.8 -62.26
959.2 -62.3
959.6 -62.58
960.0 -62.37
960.4 -62.16
960.8 -62.4
961.2 -62.32
961.6 -62.46
962.0 -62.22
962.4 -62.13
962.8 -62.17
963.2 -62.24
963.6 -62.5
964.0 -62.25
964.4 -62.1
964.8 -62.21
965.2 -62.39
965.6 -62.19
966.0 -61.96
966.4 -62.31
966.8 -62.18
967.2 -61.93
967.6 -62.21
968.0 -62.06
968.4 -62.17
968.8 -62.38
969.2 -62.07
969.6 -62.08
970.0 -62.33
970.4 -62.04
970.8 -62.17
971.2 -62.27
971.6 -62.29
972.0 -62.28
972.4 -62.32
972.8 -62.04
973.2 -62.52
973.6 -62.41
974.0 -62.29
974.4 -62.31
974.8 -62.36
975.2 -62.57
975.6 -62.32
976.0 -62.26
976.4 -62.25
976.8 -62.09
977.2 -62.26
977.6 -62.55
978.0 -62.35
978.4 -62.43
978.8 -62.55
979.2 -62.45
979.6 -62.38
980.0 -62.38
980.4 -62.42
980.8 -62.37
981.2 -62.54
981.6 -62.31
982.0 -62.14
982.4 -62.24
982.8 -62.27
983.2 -62.03
983.6 -61.92
984.0 -61.75
984.4 -61.89
984.8 -61.85
985.2 -61.81
985.6 -61.43
986.0 -61.66
986.4 -61.48
986.8 -61.45
987.2 -61.59
987.6 -61.49
988.0 -61.36
988.4 -61.43
988.8 -61.28
989.2 -61.5
989.6 -61.31
990.0 -61.32
990.4 -61.2
990.8 -61.09
991.2 -61.09
991.6 -61.06
992.0 -60.97
992.4 -60.9
992.8 -60.89
993.2 -60.98
993.6 -61.0
994.0 -61.01
994.4 -60.84
994.8 -60.96
995.2 -60.93
995.6 -60.98
996.0 -61.19
996.4 -60.91
996.8 -60.89
997.2 -61.12
997.6 -61.12
998.0 -61.11
998.4 -60.99
998.8 -61.12
999.2 -60.96
999.6 -61.03
1000.0 -61.04
