600.0 -71.83
600.4 -210.0
600.8 -210.0
601.2 -210.0
601.6 -68.92
602.0 -210.0
602.4 -210.0
602.8 -210.0
603.2 -210.0
603.6 -73.95
604.0 -210.0
604.4 -72.95
604.8 -210.0
605.2 -70.32
605.6 -210.0
606.0 -210.0
606.4 -210.0
606.8 -72.27
607.2 -75.05
607.6 -69.57
608.0 -210.0
608.4 -210.0
608.8 -78.68
609.2 -210.0
609.6 -76.97
610.0 -210.0
610.4 -210.0
610.8 -210.0
611.2 -210.0
611.6 -210.0
612.0 -69.84
612.4 -210.0
612.8 -77.96
613.2 -210.0
613.6 -73.53
614.0 -85.02
614.4 -210.0
614.8 -210.0
615.2 -75.54
615.6 -72.1
616.0 -82.13
616.4 -82.15
616.8 -210.0
617.2 -75.21
617.6 -78.24
618.0 -210.0
618.4 -74.14
618.8 -210.0
619.2 -210.0
619.6 -85.35
620.0 -72.81
620.4 -210.0
620.8 -82.41
621.2 -72.44
621.6 -80.69
622.0 -76.46
622.4 -82.51
622.8 -75.13
623.2 -79.54
623.6 -210.0
624.0 -74.15
624.4 -210.0
624.8 -72.88
625.2 -72.69
625.6 -74.92
626.0 -69.12
626.4 -75.35
626.8 -210.0
627.2 -75.82
627.6 -74.71
628.0 -71.39
628.4 -73.85
628.8 -75.12
629.2 -210.0
629.6 -71.82
630.0 -210.0
630.4 -74.26
630.8 -210.0
631.2 -74.95
631.6 -76.57
632.0 -75.01
632.4 -210.0
632.8 -210.0
633.2 -74.19
633.6 -74.49
634.0 -71.97
634.4 -70.08
634.8 -210.0
635.2 -210.0
635.6 -73.62
636.0 -73.01
636.4 -210.0
636.8 -210.0
637.2 -78.07
637.6 -210.0
638.0 -71.96
638.4 -74.57
638.8 -75.18
639.2 -75.21
639.6 -72.9
640.0 -86.74
640.4 -69.87
640.8 -73.81
641.2 -80.82
641.6 -78.43
642.0 -79.13
642.4 -83.95
642.8 -210.0
643.2 -76.23
643.6 -71.15
644.0 -75.63
644.4 -72.82
644.8 -78.14
645.2 -76.79
645.6 -74.24
646.0 -80.29
646.4 -72.84
646.8 -76.56
647.2 -78.93
647.6 -72.95
648.0 -77.04
648.4 -210.0
648.8 -73.06
649.2 -77.15
649.6 -87.61
650.0 -72.7
650.4 -71.38
650.8 -71.82
651.2 -75.32
651.6 -210.0
652.0 -71.09
652.4 -71.84
652.8 -71.4
653.2 -70.31
653.6 -77.65
654.0 -74.42
654.4 -72.59
654.8 -73.18
655.2 -75.61
655.6 -70.02
656.0 -73.19
656.4 -73.52
656.8 -72.61
657.2 -79.22
657.6 -210.0
658.0 -72.76
658.4 -78.64
658.8 -75.13
659.2 -79.9
659.6 -79.9
660.0 -71.36
660.4 -72.25
660.8 -74.27
661.2 -72.51
661.6 -75.93
662.0 -72.51
662.4 -73.55
662.8 -71.67
663.2 -70.54
663.6 -72.13
664.0 -73.38
664.4 -74.08
664.8 -73.72
665.2 -72.51
665.6 -74.69
666.0 -72.13
666.4 -70.21
666.8 -70.97
667.2 -72.13
667.6 -74.91
668.0 -71.36
668.4 -70.88
668.8 -72.38
669.2 -72.64
669.6 -74.91
670.0 -72.91
670.4 -79.23
670.8 -71.99
671.2 -72.49
671.6 -71.76
672.0 -70.42
672.4 -74.66
672.8 -72.74
673.2 -74.43
673.6 -71.53
674.0 -73.67
674.4 -71.41
674.8 -70.31
675.2 -72.45
675.6 -72.19
676.0 -72.06
676.4 -71.6
676.8 -69.62
677.2 -73.3
677.6 -72.3
678.0 -72.98
678.4 -70.98
678.8 -70.97
679.2 -74.59
679.6 -69.89
680.0 -70.51
680.4 -69.59
680.8 -70.25
681.2 -71.24
681.6 -71.44
682.0 -71.64
682.4 -69.36
682.8 -71.75
683.2 -70.06
683.6 -69.15
684.0 -71.51
684.4 -73.21
684.8 -80.54
685.2 -70.19
685.6 -71.6
686.0 -79.05
686.4 -72.45
686.8 -71.37
687.2 -72.72
687.6 -75.44
688.0 -70.58
688.4 -72.16
688.8 -74.69
689.2 -71.55
689.6 -71.67
690.0 -74.03
690.4 -70.37
690.8 -72.39
691.2 -70.9
691.6 -71.31
692.0 -70.99
692.4 -69.49
692.8 -69.86
693.2 -70.59
693.6 -69.92
694.0 -71.37
694.4 -76.25
694.8 -71.47
695.2 -69.97
695.6 -70.65
696.0 -71.68
696.4 -72.58
696.8 -71.23
697.2 -75.58
697.6 -69.22
698.0 -70.71
698.4 -70.6
698.8 -70.42
699.2 -71.29
699.6 -70.24
700.0 -70.97
700.4 -71.5
700.8 -71.73
701.2 -74.73
701.6 -70.38
702.0 -71.25
702.4 -70.36
702.8 -67.44
703.2 -72.48
703.6 -73.11
704.0 -70.09
704.4 -71.0
704.8 -71.44
705.2 -70.89
705.6 -71.66
706.0 -71.3
706.4 -69.21
706.8 -72.29
707.2 -70.76
707.6 -70.57
708.0 -69.26
708.4 -71.61
708.8 -69.47
709.2 -70.93
709.6 -70.18
710.0 -71.13
710.4 -71.13
710.8 -76.35
711.2 -70.91
711.6 -69.07
712.0 -73.71
712.4 -68.38
712.8 -71.56
713.2 -69.88
713.6 -70.99
714.0 -68.79
714.4 -74.55
714.8 -71.66
715.2 -69.39
715.6 -69.46
716.0 -68.4
716.4 -67.59
716.8 -70.75
717.2 -74.52
717.6 -69.37
718.0 -71.88
718.4 -71.62
718.8 -70.72
719.2 -69.27
719.6 -69.57
720.0 -70.61
720.4 -71.6
720.8 -69.4
721.2 -68.84
721.6 -73.61
722.0 -68.83
722.4 -74.02
722.8 -67.93
723.2 -69.61
723.6 -68.75
724.0 -75.24
724.4 -69.45
724.8 -73.99
725.2 -69.51
725.6 -68.87
726.0 -70.86
726.4 -73.98
726.8 -70.07
727.2 -70.95
727.6 -70.07
728.0 -70.73
728.4 -69.33
728.8 -69.55
729.2 -68.03
729.6 -68.15
730.0 -68.62
730.4 -73.94
730.8 -70.03
731.2 -70.12
731.6 -69.08
732.0 -68.23
732.4 -68.54
732.8 -69.77
733.2 -69.28
733.6 -69.28
734.0 -70.01
734.4 -69.66
734.8 -68.98
735.2 -70.47
735.6 -71.58
736.0 -71.71
736.4 -68.82
736.8 -68.96
737.2 -68.82
737.6 -68.61
738.0 -71.56
738.4 -68.07
738.8 -69.38
739.2 -70.53
739.6 -69.62
740.0 -70.32
740.4 -67.99
740.8 -69.95
741.2 -70.82
741.6 -70.72
742.0 -67.76
742.4 -73.04
742.8 -69.59
743.2 -72.06
743.6 -70.02
744.0 -68.76
744.4 -70.59
744.8 -69.12
745.2 -69.67
745.6 -71.37
746.0 -68.82
746.4 -71.76
746.8 -70.38
747.2 -69.82
747.6 -70.47
748.0 -69.4
748.4 -68.22
748.8 -76.0
749.2 -70.77
749.6 -69.98
750.0 -70.16
750.4 -66.87
750.8 -70.98
751.2 -70.05
751.6 -68.01
752.0 -68.83
752.4 -69.35
752.8 -70.83
753.2 -69.84
753.6 -71.42
754.0 -69.83
754.4 -69.91
754.8 -70.0
755.2 -70.92
755.6 -68.65
756.0 -74.4
756.4 -69.46
756.8 -70.78
757.2 -71.78
757.6 -67.65
758.0 -68.49
758.4 -69.19
758.8 -69.12
759.2 -68.67
759.6 -68.28
760.0 -70.97
760.4 -67.96
760.8 -68.13
761.2 -68.45
761.6 -68.86
762.0 -69.08
762.4 -71.45
762.8 -67.13
763.2 -68.7
763.6 -69.81
764.0 -69.89
764.4 -66.88
764.8 -66.69
765.2 -69.53
765.6 -70.37
766.0 -69.27
766.4 -68.81
766.8 -69.34
767.2 -71.67
767.6 -74.82
768.0 -68.58
768.4 -68.65
768.8 -68.11
769.2 -71.38
769.6 -67.37
770.0 -68.63
770.4 -68.56
770.8 -69.23
771.2 -67.52
771.6 -68.36
772.0 -69.47
772.4 -69.64
772.8 -69.39
773.2 -69.14
773.6 -69.14
774.0 -68.27
774.4 -71.62
774.8 -69.91
775.2 -68.61
775.6 -66.9
776.0 -68.82
776.4 -68.6
776.8 -69.37
777.2 -68.82
777.6 -69.04
778.0 -69.03
778.4 -71.07
778.8 -69.61
779.2 -68.06
779.6 -69.11
780.0 -68.38
780.4 -68.87
780.8 -69.26
781.2 -69.6
781.6 -67.15
782.0 -69.01
782.4 -68.94
782.8 -67.8
783.2 -69.76
783.6 -68.63
784.0 -67.91
784.4 -68.16
784.8 -68.21
785.2 -68.69
785.6 -69.4
786.0 -67.55
786.4 -66.69
786.8 -70.23
787.2 -70.13
787.6 -70.44
788.0 -66.83
788.4 -68.46
788.8 -69.55
789.2 -67.42
789.6 -67.65
790.0 -67.93
790.4 -68.38
790.8 -67.64
791.2 -68.31
791.6 -67.86
792.0 -66.39
792.4 -70.31
792.8 -67.79
793.2 -68.94
793.6 -67.85
794.0 -67.38
794.4 -68.56
794.8 -69.34
795.2 -68.42
795.6 -69.25
796.0 -67.95
796.4 -68.28
796.8 -68.08
797.2 -68.2
797.6 -66.53
798.0 -68.2
798.4 -65.82
798.8 -68.32
799.2 -67.58
799.6 -67.09
800.0 -74.33
800.4 -69.56
800.8 -67.34
801.2 -66.94
801.6 -69.31
802.0 -67.93
802.4 -69.06
802.8 -68.13
803.2 -69.58
803.6 -67.42
804.0 -67.6
804.4 -67.89
804.8 -68.55
805.2 -67.71
805.6 -66.97
806.0 -64.86
806.4 -63.49
806.8 -59.99
807.2 -56.23
807.6 -52.08
808.0 -50.72
808.4 -51.79
808.8 -52.22
809.2 -55.61
809.6 -64.26
810.0 -65.17
810.4 -68.13
810.8 -67.54
811.2 -68.54
811.6 -66.35
812.0 -67.24
812.4 -68.36
812.8 -66.95
813.2 -66.92
813.6 -68.45
814.0 -68.59
814.4 -66.98
814.8 -67.19
815.2 -67.19
815.6 -68.28
816.0 -66.82
816.4 -67.76
816.8 -66.79
817.2 -67.33
817.6 -68.26
818.0 -67.45
818.4 -68.08
818.8 -68.82
819.2 -67.75
819.6 -67.86
820.0 -66.18
820.4 -68.72
820.8 -67.37
821.2 -66.38
821.6 -67.94
822.0 -68.19
822.4 -67.48
822.8 -66.57
823.2 -67.12
823.6 -67.13
824.0 -67.39
824.4 -67.5
824.8 -66.56
825.2 -68.44
825.6 -67.4
826.0 -68.34
826.4 -67.74
826.8 -68.9
827.2 -66.86
827.6 -67.68
828.0 -67.74
828.4 -66.2
828.8 -67.14
829.2 -67.95
829.6 -66.83
830.0 -67.99
830.4 -66.89
830.8 -66.29
831.2 -66.7
831.6 -68.38
832.0 -67.21
832.4 -67.61
832.8 -66.02
833.2 -67.39
833.6 -67.33
834.0 -66.56
834.4 -66.52
834.8 -66.92
835.2 -66.65
835.6 -66.9
836.0 -67.01
836.4 -67.72
836.8 -66.41
837.2 -66.58
837.6 -66.97
838.0 -65.76
838.4 -66.53
838.8 -67.1
839.2 -66.49
839.6 -66.69
840.0 -65.78
840.4 -67.78
840.8 -66.94
841.2 -65.92
841.6 -66.21
842.0 -66.12
842.4 -67.12
842.8 -66.26
843.2 -66.55
843.6 -67.43
844.0 -66.65
844.4 -66.52
844.8 -65.31
845.2 -66.32
845.6 -66.29
846.0 -65.78
846.4 -65.93
846.8 -66.22
847.2 -66.06
847.6 -66.5
848.0 -66.47
848.4 -65.94
848.8 -66.7
849.2 -66.09
849.6 -65.97
850.0 -66.02
850.4 -67.2
850.8 -65.76
851.2 -65.62
851.6 -66.22
852.0 -65.73
852.4 -66.13
852.8 -65.97
853.2 -66.12
853.6 -65.89
854.0 -66.2
854.4 -65.73
854.8 -65.65
855.2 -66.56
855.6 -66.07
856.0 -66.79
856.4 -65.7
856.8 -65.59
857.2 -65.5
857.6 -65.71
858.0 -66.51
858.4 -65.49
858.8 -65.7
859.2 -66.05
859.6 -66.24
860.0 -66.69
860.4 -65.75
860.8 -65.74
861.2 -65.63
861.6 -65.3
862.0 -65.9
862.4 -65.28
862.8 -65.66
863.2 -64.95
863.6 -65.06
864.0 -65.2
864.4 -64.83
864.8 -65.19
865.2 -65.01
865.6 -66.26
866.0 -64.99
866.4 -65.0
866.8 -64.75
867.2 -65.84
867.6 -64.87
868.0 -65.01
868.4 -65.26
868.8 -65.2
869.2 -65.97
869.6 -64.97
870.0 -65.31
870.4 -65.8
870.8 -65.3
871.2 -65.51
871.6 -65.61
872.0 -65.21
872.4 -66.51
872.8 -64.87
873.2 -65.79
873.6 -65.03
874.0 -65.55
874.4 -65.49
874.8 -65.18
875.2 -64.79
875.6 -65.17
876.0 -64.63
876.4 -65.03
876.8 -65.18
877.2 -63.99
877.6 -65.07
878.0 -65.06
878.4 -64.38
878.8 -64.41
879.2 -64.25
879.6 -64.33
880.0 -64.97
880.4 -64.75
880.8 -64.9
881.2 -64.09
881.6 -64.32
882.0 -64.2
882.4 -64.7
882.8 -65.67
883.2 -64.23
883.6 -64.87
884.0 -65.28
884.4 -65.04
884.8 -64.48
885.2 -64.86
885.6 -64.86
886.0 -66.03
886.4 -64.86
886.8 -63.95
887.2 -64.25
887.6 -64.52
888.0 -64.72
888.4 -64.49
888.8 -63.94
889.2 -64.49
889.6 -64.43
890.0 -64.33
890.4 -63.85
890.8 -64.27
891.2 -64.65
891.6 -64.56
892.0 -65.01
892.4 -64.81
892.8 -64.65
893.2 -65.17
893.6 -64.82
894.0 -64.41
894.4 -65.26
894.8 -64.62
895.2 -64.36
895.6 -64.31
896.0 -65.39
896.4 -64.5
896.8 -64.67
897.2 -64.31
897.6 -64.96
898.0 -64.61
898.4 -64.94
898.8 -64.08
899.2 -64.76
899.6 -64.69
900.0 -64.36
900.4 -64.57
900.8 -64.17
901.2 -64.44
901.6 -64.75
902.0 -64.78
902.4 -64.84
902.8 -64.17
903.2 -64.7
903.6 -64.5
904.0 -64.8
904.4 -64.76
904.8 -64.09
905.2 -64.1
905.6 -64.63
906.0 -64.35
906.4 -64.51
906.8 -64.29
907.2 -64.49
907.6 -64.53
908.0 -64.97
908.4 -64.84
908.8 -64.92
909.2 -63.95
909.6 -64.66
910.0 -64.86
910.4 -64.53
910.8 -64.67
911.2 -64.82
911.6 -64.73
912.0 -64.42
912.4 -64.92
912.8 -63.91
913.2 -63.69
913.6 -63.9
914.0 -64.49
914.4 -64.84
914.8 -64.73
915.2 -64.4
915.6 -64.16
916.0 -64.39
916.4 -64.45
916.8 -64.21
917.2 -64.2
917.6 -63.71
918.0 -64.59
918.4 -64.38
918.8 -64.4
919.2 -64.85
919.6 -64.5
920.0 -64.17
920.4 -64.49
920.8 -64.36
921.2 -64.4
921.6 -64.15
922.0 -64.46
922.4 -64.48
922.8 -64.71
923.2 -64.14
923.6 -64.48
924.0 -64.5
924.4 -64.69
924.8 -64.57
925.2 -64.51
925.6 -64.37
926.0 -64.48
926.4 -64.55
926.8 -64.26
927.2 -64.58
927.6 -64.94
928.0 -64.94
928.4 -64.45
928.8 -65.18
929.2 -64.34
929.6 -64.86
930.0 -64.88
930.4 -64.4
930.8 -64.25
931.2 -64.84
931.6 -65.09
932.0 -64.93
932.4 -64.77
932.8 -65.26
933.2 -64.74
933.6 -64.83
934.0 -65.15
934.4 -64.16
934.8 -64.8
935.2 -64.8
935.6 -65.23
936.0 -65.32
936.4 -65.25
936.8 -64.7
937.2 -65.33
937.6 -64.66
938.0 -65.01
938.4 -65.3
938.8 -64.38
939.2 -64.89
939.6 -65.38
940.0 -65.12
940.4 -64.7
940.8 -65.26
941.2 -64.9
941.6 -64.36
942.0 -64.76
942.4 -65.42
942.8 -65.04
943.2 -64.76
943.6 -64.95
944.0 -64.62
944.4 -64.56
944.8 -64.51
945.2 -65.19
945.6 -64.72
946.0 -64.6
946.4 -64.75
946.8 -64.55
947.2 -64.71
947.6 -64.78
948.0 -64.89
948.4 -65.41
948.8 -64.85
949.2 -65.07
949.6 -65.12
950.0 -64.77
950.4 -64.67
950.8 -65.28
951.2 -65.17
951.6 -64.84
952.0 -65.09
952.4 -65.37
952.8 -64.86
953.2 -64.92
953.6 -64.87
954.0 -65.11
954.4 -65.02
954.8 -65.02
955.2 -64.97
955.6 -65.22
956.0 -64.86
956.4 -65.17
956.8 -64.94
957.2 -64.99
957.6 -65.08
958.0 -64.91
958.4 -65.05
958.8 -65.34
959.2 -64.78
959.6 -65.23
960.0 -65.24
960.4 -64.98
960.8 -64.9
961.2 -65.09
961.6 -64.59
962.0 -65.0
962.4 -65.5
962.8 -65.3
963.2 -65.1
963.6 -64.8
964.0 -64.7
964.4 -64.8
964.8 -64.53
965.2 -64.96
965.6 -63.97
966.0 -64.64
966.4 -64.67
966.8 -64.61
967.2 -65.43
967.6 -65.01
968.0 -65.02
968.4 -64.9
968.8 -64.68
969.2 -65.18
969.6 -64.77
970.0 -64.96
970.4 -64.86
970.8 -64.46
971.2 -64.83
971.6 -65.04
972.0 -65.3
972.4 -65.08
972.8 -64.8
973.2 -65.2
973.6 -65.57
974.0 -65.01
974.4 -65.47
974.8 -65.17
975.2 -65.32
975.6 -65.4
976.0 -65.1
976.4 -65.23
976.8 -65.07
977.2 -65.58
977.6 -65.36
978.0 -65.7
978.4 -65.54
978.8 -65.41
979.2 -65.83
979.6 -65.58
980.0 -65.72
980.4 -65.34
980.8 -65.2
981.2 -65.41
981.6 -65.46
982.0 -65.06
982.4 -65.23
982.8 -64.69
983.2 -65.1
983.6 -65.07
984.0 -65.03
984.4 -65.0
984.8 -65.09
985.2 -64.69
985.6 -64.91
986.0 -64.76
986.4 -64.45
986.8 -64.39
987.2 -64.73
987.6 -64.65
988.0 -64.51
988.4 -64.11
988.8 -64.43
989.2 -64.34
989.6 -64.24
990.0 -64.32
990.4 -64.46
990.8 -64.11
991.2 -64.02
991.6 -63.76
992.0 -63.96
992.4 -64.03
992.8 -64.06
993.2 -64.07
993.6 -64.3
994.0 -63.9
994.4 -64.04
994.8 -64.01
995.2 -64.02
995.6 -63.96
996.0 -63.82
996.4 -63.96
996.8 -63.88
997.2 -64.01
997.6 -63.93
998.0 -64.11
998.4 -64.08
998.8 -63.92
999.2 -64.11
999.6 -63.89
1000.0 -63.85
