600.0 -210.0
600.4 -210.0
600.8 -78.16
601.2 -210.0
601.6 -210.0
602.0 -70.84
602.4 -75.83
602.8 -210.0
603.2 -210.0
603.6 -70.75
604.0 -72.93
604.4 -70.99
604.8 -70.64
605.2 -74.47
605.6 -73.03
606.0 -210.0
606.4 -78.52
606.8 -73.78
607.2 -69.03
607.6 -81.62
608.0 -69.74
608.4 -210.0
608.8 -70.39
609.2 -69.28
609.6 -68.84
610.0 -68.86
610.4 -76.35
610.8 -70.05
611.2 -210.0
611.6 -72.83
612.0 -71.09
612.4 -71.12
612.8 -71.52
613.2 -68.94
613.6 -210.0
614.0 -78.03
614.4 -75.04
614.8 -70.75
615.2 -80.31
615.6 -75.56
616.0 -69.34
616.4 -69.71
616.8 -72.87
617.2 -72.9
617.6 -80.45
618.0 -72.95
618.4 -70.96
618.8 -74.5
619.2 -72.32
619.6 -70.03
620.0 -70.74
620.4 -72.17
620.8 -75.87
621.2 -210.0
621.6 -210.0
622.0 -77.71
622.4 -77.06
622.8 -74.08
623.2 -71.42
623.6 -69.06
624.0 -70.56
624.4 -69.41
624.8 -72.44
625.2 -73.93
625.6 -76.17
626.0 -71.6
626.4 -210.0
626.8 -75.8
627.2 -70.63
627.6 -81.07
628.0 -71.89
628.4 -73.59
628.8 -72.69
629.2 -70.62
629.6 -70.28
630.0 -69.97
630.4 -70.58
630.8 -69.43
631.2 -75.67
631.6 -83.11
632.0 -72.17
632.4 -75.04
632.8 -73.65
633.2 -71.76
633.6 -210.0
634.0 -73.73
634.4 -77.86
634.8 -73.34
635.2 -71.75
635.6 -70.17
636.0 -74.97
636.4 -73.04
636.8 -68.04
637.2 -70.5
637.6 -69.48
638.0 -69.51
638.4 -78.83
638.8 -69.74
639.2 -76.26
639.6 -69.72
640.0 -70.2
640.4 -70.98
640.8 -73.81
641.2 -69.94
641.6 -71.83
642.0 -70.29
642.4 -70.72
642.8 -69.92
643.2 -71.34
643.6 -69.28
644.0 -71.53
644.4 -70.6
644.8 -70.64
645.2 -69.5
645.6 -71.56
646.0 -74.49
646.4 -68.12
646.8 -67.67
647.2 -69.32
647.6 -68.73
648.0 -68.76
648.4 -68.36
648.8 -69.21
649.2 -70.32
649.6 -68.06
650.0 -69.29
650.4 -70.99
650.8 -69.98
651.2 -68.65
651.6 -69.17
652.0 -67.85
652.4 -67.07
652.8 -70.31
653.2 -68.34
653.6 -70.32
654.0 -68.15
654.4 -68.4
654.8 -69.73
655.2 -69.87
655.6 -70.41
656.0 -71.04
656.4 -67.5
656.8 -70.42
657.2 -68.64
657.6 -70.04
658.0 -70.27
658.4 -68.13
658.8 -68.65
659.2 -67.73
659.6 -68.39
660.0 -67.7
660.4 -67.05
660.8 -67.28
661.2 -68.5
661.6 -67.2
662.0 -68.3
662.4 -66.69
662.8 -69.5
663.2 -67.44
663.6 -68.4
664.0 -67.09
664.4 -66.76
664.8 -68.06
665.2 -66.62
665.6 -67.65
666.0 -66.94
666.4 -70.37
666.8 -67.65
667.2 -67.16
667.6 -68.25
668.0 -67.57
668.4 -67.24
668.8 -67.2
669.2 -67.57
669.6 -68.11
670.0 -67.95
670.4 -67.6
670.8 -67.26
671.2 -67.68
671.6 -68.75
672.0 -67.93
672.4 -67.62
672.8 -67.79
673.2 -66.69
673.6 -67.74
674.0 -68.15
674.4 -68.15
674.8 -67.55
675.2 -69.18
675.6 -67.14
676.0 -66.87
676.4 -68.13
676.8 -67.7
677.2 -67.53
677.6 -67.2
678.0 -66.4
678.4 -67.07
678.8 -67.6
679.2 -68.46
679.6 -66.77
680.0 -67.95
680.4 -66.38
680.8 -66.89
681.2 -67.36
681.6 -67.15
682.0 -66.19
682.4 -66.91
682.8 -67.13
683.2 -66.47
683.6 -67.49
684.0 -67.08
684.4 -67.66
684.8 -67.98
685.2 -66.76
685.6 -66.91
686.0 -66.17
686.4 -66.23
686.8 -68.52
687.2 -67.33
687.6 -65.72
688.0 -67.03
688.4 -67.1
688.8 -67.48
689.2 -66.67
689.6 -66.43
690.0 -68.16
690.4 -66.05
690.8 -66.24
691.2 -66.75
691.6 -66.79
692.0 -66.15
692.4 -67.0
692.8 -66.48
693.2 -66.13
693.6 -66.51
694.0 -65.97
694.4 -66.49
694.8 -66.74
695.2 -66.69
695.6 -66.66
696.0 -65.43
696.4 -66.86
696.8 -65.96
697.2 -66.93
697.6 -65.36
698.0 -66.26
698.4 -66.99
698.8 -66.02
699.2 -66.24
699.6 -66.45
700.0 -67.91
700.4 -66.76
700.8 -66.02
701.2 -65.89
701.6 -66.79
702.0 -66.04
702.4 -65.9
702.8 -66.23
703.2 -67.04
703.6 -66.5
704.0 -65.6
704.4 -65.25
704.8 -65.36
705.2 -66.58
705.6 -65.58
706.0 -66.21
706.4 -65.97
706.8 -66.2
707.2 -66.26
707.6 -65.29
708.0 -66.01
708.4 -66.17
708.8 -67.22
709.2 -66.13
709.6 -66.71
710.0 -65.11
710.4 -66.19
710.8 -66.01
711.2 -66.25
711.6 -66.6
712.0 -65.93
712.4 -65.74
712.8 -66.26
713.2 -66.52
713.6 -65.35
714.0 -65.56
714.4 -66.42
714.8 -65.29
715.2 -65.25
715.6 -65.42
716.0 -65.96
716.4 -67.64
716.8 -64.66
717.2 -64.72
717.6 -65.94
718.0 -65.64
718.4 -65.6
718.8 -65.41
719.2 -65.75
719.6 -64.8
720.0 -66.59
720.4 -64.95
720.8 -65.05
721.2 -64.97
721.6 -65.42
722.0 -66.06
722.4 -65.01
722.8 -65.49
723.2 -65.14
723.6 -65.03
724.0 -64.7
724.4 -65.87
724.8 -64.9
725.2 -65.44
725.6 -65.72
726.0 -65.95
726.4 -66.19
726.8 -66.6
727.2 -64.77
727.6 -66.29
728.0 -65.38
728.4 -65.79
728.8 -66.02
729.2 -65.28
729.6 -64.94
730.0 -64.99
730.4 -65.39
730.8 -64.66
731.2 -65.29
731.6 -65.9
732.0 -64.7
732.4 -64.86
732.8 -65.34
733.2 -65.24
733.6 -65.24
734.0 -65.64
734.4 -64.89
734.8 -65.57
735.2 -66.37
735.6 -65.4
736.0 -65.66
736.4 -65.42
736.8 -66.63
737.2 -65.24
737.6 -65.06
738.0 -65.29
738.4 -66.19
738.8 -65.97
739.2 -64.74
739.6 -64.69
740.0 -65.04
740.4 -65.18
740.8 -66.03
741.2 -66.55
741.6 -65.17
742.0 -64.97
742.4 -65.45
742.8 -65.66
743.2 -64.74
743.6 -65.22
744.0 -64.76
744.4 -65.52
744.8 -66.45
745.2 -65.55
745.6 -65.95
746.0 -65.26
746.4 -65.03
746.8 -65.03
747.2 -65.34
747.6 -65.28
748.0 -65.67
748.4 -65.01
748.8 -64.86
749.2 -64.98
749.6 -65.59
750.0 -65.48
750.4 -65.75
750.8 -65.35
751.2 -65.41
751.6 -65.18
752.0 -65.23
752.4 -65.96
752.8 -65.64
753.2 -64.54
753.6 -65.34
754.0 -65.46
754.4 -64.58
754.8 -65.69
755.2 -65.82
755.6 -64.59
756.0 -64.32
756.4 -64.64
756.8 -64.34
757.2 -65.42
757.6 -64.64
758.0 -65.07
758.4 -65.5
758.8 -65.44
759.2 -65.43
759.6 -64.54
760.0 -64.05
760.4 -64.35
760.8 -65.71
761.2 -64.8
761.6 -65.06
762.0 -65.67
762.4 -64.31
762.8 -65.52
763.2 -64.81
763.6 -64.89
764.0 -65.28
764.4 -64.94
764.8 -65.02
765.2 -64.56
765.6 -64.51
766.0 -64.37
766.4 -65.32
766.8 -64.8
767.2 -64.46
767.6 -64.82
768.0 -64.43
768.4 -64.17
768.8 -64.36
769.2 -64.89
769.6 -64.52
770.0 -64.28
770.4 -64.77
770.8 -64.85
771.2 -64.91
771.6 -63.95
772.0 -65.61
772.4 -64.04
772.8 -64.4
773.2 -65.15
773.6 -64.53
774.0 -65.01
774.4 -65.23
774.8 -64.55
775.2 -64.83
775.6 -64.49
776.0 -63.97
776.4 -64.57
776.8 -64.46
777.2 -64.32
777.6 -65.22
778.0 -64.13
778.4 -64.61
778.8 -64.96
779.2 -64.7
779.6 -64.5
780.0 -64.03
780.4 -64.36
780.8 -63.76
781.2 -64.38
781.6 -65.53
782.0 -64.24
782.4 -64.85
782.8 -63.89
783.2 -64.23
783.6 -65.18
784.0 -64.28
784.4 -64.18
784.8 -64.41
785.2 -64.74
785.6 -64.27
786.0 -64.49
786.4 -63.99
786.8 -63.82
787.2 -64.82
787.6 -64.42
788.0 -63.79
788.4 -63.98
788.8 -63.76
789.2 -64.25
789.6 -64.55
790.0 -64.12
790.4 -64.74
790.8 -64.06
791.2 -63.67
791.6 -63.91
792.0 -64.31
792.4 -63.79
792.8 -64.15
793.2 -64.64
793.6 -64.36
794.0 -63.77
794.4 -63.86
794.8 -64.43
795.2 -63.65
795.6 -64.0
796.0 -63.85
796.4 -63.69
796.8 -63.9
797.2 -64.52
797.6 -64.27
798.0 -64.09
798.4 -64.37
798.8 -63.83
799.2 -63.96
799.6 -63.74
800.0 -63.85
800.4 -63.97
800.8 -64.12
801.2 -63.69
801.6 -64.16
802.0 -63.38
802.4 -63.91
802.8 -64.14
803.2 -64.27
803.6 -63.63
804.0 -63.1
804.4 -63.83
804.8 -63.57
805.2 -63.44
805.6 -63.23
806.0 -62.18
806.4 -60.09
806.8 -56.99
807.2 -53.24
807.6 -49.31
808.0 -47.88
808.4 -48.88
808.8 -49.47
809.2 -53.34
809.6 -60.7
810.0 -62.47
810.4 -63.17
810.8 -63.94
811.2 -63.7
811.6 -63.09
812.0 -63.45
812.4 -63.24
812.8 -63.51
813.2 -64.6
813.6 -63.66
814.0 -63.66
814.4 -64.38
814.8 -63.38
815.2 -63.46
815.6 -63.3
816.0 -63.21
816.4 -63.73
816.8 -63.67
817.2 -63.72
817.6 -63.4
818.0 -63.66
818.4 -63.13
818.8 -62.89
819.2 -63.02
819.6 -64.04
820.0 -63.52
820.4 -63.18
820.8 -63.51
821.2 -63.41
821.6 -63.43
822.0 -63.46
822.4 -63.42
822.8 -63.58
823.2 -63.51
823.6 -63.44
824.0 -63.19
824.4 -63.51
824.8 -63.92
825.2 -63.11
825.6 -63.64
826.0 -63.47
826.4 -63.28
826.8 -64.09
827.2 -63.16
827.6 -63.03
828.0 -63.13
828.4 -63.36
828.8 -63.2
829.2 -62.97
829.6 -63.69
830.0 -63.54
830.4 -62.86
830.8 -63.02
831.2 -62.67
831.6 -63.14
832.0 -63.66
832.4 -63.41
832.8 -63.16
833.2 -62.91
833.6 -63.41
834.0 -63.03
834.4 -62.87
834.8 -63.38
835.2 -62.65
835.6 -62.49
836.0 -62.84
836.4 -62.53
836.8 -62.64
837.2 -62.63
837.6 -62.72
838.0 -62.82
838.4 -62.69
838.8 -62.77
839.2 -62.52
839.6 -63.03
840.0 -62.79
840.4 -62.7
840.8 -62.7
841.2 -62.18
841.6 -62.56
842.0 -62.92
842.4 -62.53
842.8 -62.74
843.2 -62.69
843.6 -62.51
844.0 -63.06
844.4 -62.84
844.8 -62.49
845.2 -62.64
845.6 -62.45
846.0 -62.56
846.4 -62.64
846.8 -63.11
847.2 -62.65
847.6 -62.6
848.0 -62.57
848.4 -62.69
848.8 -62.31
849.2 -62.69
849.6 -62.23
850.0 -62.38
850.4 -62.27
850.8 -62.59
851.2 -62.21
851.6 -62.35
852.0 -62.51
852.4 -62.23
852.8 -62.34
853.2 -62.57
853.6 -62.3
854.0 -62.71
854.4 -62.35
854.8 -62.36
855.2 -62.43
855.6 -62.35
856.0 -62.25
856.4 -62.38
856.8 -62.04
857.2 -62.39
857.6 -62.23
858.0 -62.5
858.4 -62.21
858.8 -62.3
859.2 -61.98
859.6 -61.94
860.0 -61.78
860.4 -61.58
860.8 -61.75
861.2 -61.9
861.6 -62.23
862.0 -62.25
862.4 -62.05
862.8 -62.01
863.2 -61.91
863.6 -61.87
864.0 -62.14
864.4 -62.34
864.8 -61.95
865.2 -62.09
865.6 -61.88
866.0 -61.91
866.4 -61.92
866.8 -61.61
867.2 -62.03
867.6 -61.59
868.0 -62.07
868.4 -61.98
868.8 -62.05
869.2 -61.74
869.6 -62.57
870.0 -61.89
870.4 -62.28
870.8 -61.82
871.2 -61.87
871.6 -61.8
872.0 -61.36
872.4 -61.84
872.8 -61.82
873.2 -61.95
873.6 -61.89
874.0 -61.7
874.4 -61.99
874.8 -61.9
875.2 -61.57
875.6 -61.49
876.0 -61.43
876.4 -61.79
876.8 -61.48
877.2 -61.57
877.6 -61.89
878.0 -61.62
878.4 -61.41
878.8 -61.45
879.2 -61.38
879.6 -61.53
880.0 -61.64
880.4 -61.51
880.8 -61.5
881.2 -61.25
881.6 -61.36
882.0 -61.19
882.4 -61.19
882.8 -61.4
883.2 -61.23
883.6 -61.58
884.0 -61.22
884.4 -61.42
884.8 -61.37
885.2 -61.48
885.6 -60.83
886.0 -61.36
886.4 -61.77
886.8 -61.65
887.2 -61.44
887.6 -61.38
888.0 -60.96
888.4 -61.47
888.8 -61.2
889.2 -61.2
889.6 -61.45
890.0 -61.26
890.4 -61.29
890.8 -61.63
891.2 -61.14
891.6 -61.44
892.0 -61.1
892.4 -61.25
892.8 -61.39
893.2 -61.19
893.6 -61.29
894.0 -61.33
894.4 -61.24
894.8 -61.18
895.2 -60.91
895.6 -61.56
896.0 -60.78
896.4 -60.75
896.8 -61.05
897.2 -61.11
897.6 -60.98
898.0 -61.01
898.4 -60.58
898.8 -61.14
899.2 -60.9
899.6 -60.89
900.0 -60.76
900.4 -60.56
900.8 -60.74
901.2 -60.85
901.6 -60.63
902.0 -60.78
902.4 -60.71
902.8 -60.68
903.2 -60.7
903.6 -60.36
904.0 -60.58
904.4 -60.65
904.8 -60.54
905.2 -60.48
905.6 -60.46
906.0 -60.58
906.4 -60.52
906.8 -60.61
907.2 -60.68
907.6 -60.4
908.0 -60.29
908.4 -60.2
908.8 -60.37
909.2 -60.19
909.6 -60.15
910.0 -60.26
910.4 -60.44
910.8 -60.4
911.2 -60.18
911.6 -60.3
912.0 -60.26
912.4 -59.95
912.8 -59.94
913.2 -60.31
913.6 -59.99
914.0 -60.08
914.4 -60.12
914.8 -60.02
915.2 -59.99
915.6 -59.92
916.0 -60.0
916.4 -59.95
916.8 -59.91
917.2 -59.89
917.6 -59.74
918.0 -59.77
918.4 -59.65
918.8 -59.85
919.2 -59.68
919.6 -59.67
920.0 -59.73
920.4 -59.65
920.8 -59.66
921.2 -59.37
921.6 -59.46
922.0 -59.38
922.4 -59.59
922.8 -59.55
923.2 -59.43
923.6 -59.49
924.0 -59.66
924.4 -59.48
924.8 -59.37
925.2 -59.21
925.6 -59.41
926.0 -59.42
926.4 -59.17
926.8 -59.29
927.2 -59.29
927.6 -59.15
928.0 -59.21
928.4 -59.27
928.8 -59.15
929.2 -59.01
929.6 -58.86
930.0 -58.93
930.4 -59.07
930.8 -59.01
931.2 -59.0
931.6 -59.1
932.0 -58.93
932.4 -58.86
932.8 -58.7
933.2 -59.04
933.6 -58.87
934.0 -59.0
934.4 -58.87
934.8 -58.86
935.2 -58.89
935.6 -58.89
936.0 -58.92
936.4 -58.83
936.8 -58.87
937.2 -58.73
937.6 -58.85
938.0 -58.57
938.4 -58.7
938.8 -58.6
939.2 -58.5
939.6 -58.59
940.0 -58.67
940.4 -58.58
940.8 -58.52
941.2 -58.58
941.6 -58.5
942.0 -58.46
942.4 -58.63
942.8 -58.54
943.2 -58.54
943.6 -58.49
944.0 -58.53
944.4 -58.35
944.8 -58.46
945.2 -58.45
945.6 -58.43
946.0 -58.26
946.4 -58.25
946.8 -58.26
947.2 -58.17
947.6 -58.13
948.0 -58.23
948.4 -58.06
948.8 -58.23
949.2 -58.18
949.6 -58.25
950.0 -58.13
950.4 -57.93
950.8 -58.09
951.2 -57.97
951.6 -58.01
952.0 -58.03
952.4 -57.99
952.8 -57.92
953.2 -58.0
953.6 -57.83
954.0 -57.98
954.4 -57.95
954.8 -58.01
955.2 -57.91
955.6 -57.92
956.0 -57.78
956.4 -57.9
956.8 -57.88
957.2 -57.77
957.6 -57.87
958.0 -57.87
958.4 -57.78
958.8 -57.89
959.2 -57.73
959.6 -57.74
960.0 -57.65
960.4 -57.62
960.8 -57.57
961.2 -57.75
961.6 -57.61
962.0 -57.61
962.4 -57.46
962.8 -57.53
963.2 -57.39
963.6 -57.36
964.0 -57.31
964.4 -57.43
964.8 -57.31
965.2 -57.23
965.6 -57.43
966.0 -57.16
966.4 -57.27
966.8 -57.31
967.2 -57.16
967.6 -57.38
968.0 -57.28
968.4 -57.31
968.8 -57.15
969.2 -57.1
969.6 -57.13
970.0 -57.23
970.4 -57.23
970.8 -57.17
971.2 -57.21
971.6 -57.23
972.0 -57.34
972.4 -57.19
972.8 -57.35
973.2 -57.36
973.6 -57.39
974.0 -57.43
974.4 -57.37
974.8 -57.34
975.2 -57.47
975.6 -57.27
976.0 -57.54
976.4 -57.45
976.8 -57.49
977.2 -57.65
977.6 -57.62
978.0 -57.58
978.4 -57.69
978.8 -57.6
979.2 -57.63
979.6 -57.62
980.0 -57.59
980.4 -57.53
980.8 -57.81
981.2 -57.61
981.6 -57.59
982.0 -57.44
982.4 -57.4
982.8 -57.3
983.2 -57.06
983.6 -57.25
984.0 -57.12
984.4 -57.23
984.8 -57.01
985.2 -57.06
985.6 -57.15
986.0 -56.93
986.4 -56.98
986.8 -56.79
987.2 -56.88
987.6 -56.89
988.0 -56.86
988.4 -56.72
988.8 -56.67
989.2 -56.77
989.6 -56.73
990.0 -56.69
990.4 -56.82
990.8 -56.62
991.2 -56.83
991.6 -56.53
992.0 -56.61
992.4 -56.51
992.8 -56.7
993.2 -56.6
993.6 -56.64
994.0 -56.59
994.4 -56.57
994.8 -56.62
995.2 -56.58
995.6 -56.7
996.0 -56.65
996.4 -56.7
996.8 -56.62
997.2 -56.64
997.6 -56.73
998.0 -56.76
998.4 -56.63
998.8 -56.95
999.2 -56.85
999.6 -56.77
1000.0 -56.82
