600.0 -78.11
600.4 -81.15
600.8 -75.73
601.2 -74.66
601.6 -210.0
602.0 -210.0
602.4 -210.0
602.8 -73.9
603.2 -70.91
603.6 -81.36
604.0 -72.63
604.4 -74.0
604.8 -210.0
605.2 -210.0
605.6 -74.95
606.0 -210.0
606.4 -69.49
606.8 -79.8
607.2 -210.0
607.6 -74.21
608.0 -210.0
608.4 -210.0
608.8 -70.23
609.2 -81.72
609.6 -73.96
610.0 -76.32
610.4 -69.01
610.8 -210.0
611.2 -73.71
611.6 -71.07
612.0 -70.42
612.4 -84.93
612.8 -210.0
613.2 -210.0
613.6 -210.0
614.0 -210.0
614.4 -210.0
614.8 -75.52
615.2 -210.0
615.6 -210.0
616.0 -210.0
616.4 -210.0
616.8 -74.76
617.2 -82.2
617.6 -79.2
618.0 -210.0
618.4 -75.28
618.8 -75.75
619.2 -210.0
619.6 -71.73
620.0 -74.95
620.4 -69.37
620.8 -79.39
621.2 -69.42
621.6 -210.0
622.0 -210.0
622.4 -82.51
622.8 -74.08
623.2 -210.0
623.6 -210.0
624.0 -210.0
624.4 -71.02
624.8 -75.25
625.2 -80.92
625.6 -210.0
626.0 -76.71
626.4 -74.0
626.8 -210.0
627.2 -71.84
627.6 -210.0
628.0 -210.0
628.4 -70.84
628.8 -73.36
629.2 -210.0
629.6 -75.17
630.0 -72.02
630.4 -210.0
630.8 -210.0
631.2 -71.94
631.6 -210.0
632.0 -77.11
632.4 -79.19
632.8 -73.2
633.2 -70.32
633.6 -210.0
634.0 -210.0
634.4 -78.53
634.8 -69.53
635.2 -70.25
635.6 -72.26
636.0 -72.46
636.4 -72.66
636.8 -74.45
637.2 -74.48
637.6 -73.55
638.0 -78.8
638.4 -72.3
638.8 -73.86
639.2 -74.12
639.6 -75.24
640.0 -210.0
640.4 -72.63
640.8 -71.02
641.2 -72.37
641.6 -70.76
642.0 -71.35
642.4 -72.33
642.8 -74.69
643.2 -210.0
643.6 -210.0
644.0 -71.78
644.4 -72.66
644.8 -76.38
645.2 -74.9
645.6 -76.83
646.0 -69.79
646.4 -73.89
646.8 -73.38
647.2 -73.58
647.6 -70.35
648.0 -71.89
648.4 -73.52
648.8 -71.85
649.2 -74.56
649.6 -76.14
650.0 -71.18
650.4 -79.83
650.8 -75.85
651.2 -210.0
651.6 -73.31
652.0 -79.84
652.4 -71.84
652.8 -71.72
653.2 -77.22
653.6 -71.85
654.0 -74.03
654.4 -73.67
654.8 -78.11
655.2 -72.6
655.6 -74.65
656.0 -75.62
656.4 -73.52
656.8 -72.22
657.2 -210.0
657.6 -73.87
658.0 -71.05
658.4 -71.55
658.8 -72.63
659.2 -70.7
659.6 -77.69
660.0 -81.67
660.4 -69.91
660.8 -70.21
661.2 -73.72
661.6 -72.78
662.0 -72.92
662.4 -71.57
662.8 -75.39
663.2 -73.55
663.6 -72.13
664.0 -73.22
664.4 -74.47
664.8 -72.25
665.2 -72.25
665.6 -76.9
666.0 -78.15
666.4 -74.69
666.8 -71.46
667.2 -71.46
667.6 -71.46
668.0 -75.65
668.4 -71.67
668.8 -75.39
669.2 -73.55
669.6 -70.37
670.0 -75.64
670.4 -70.28
670.8 -74.45
671.2 -71.88
671.6 -72.11
672.0 -70.68
672.4 -73.69
672.8 -73.18
673.2 -70.84
673.6 -71.97
674.0 -71.85
674.4 -73.67
674.8 -70.65
675.2 -69.78
675.6 -73.49
676.0 -70.9
676.4 -76.16
676.8 -74.83
677.2 -70.29
677.6 -70.13
678.0 -72.04
678.4 -72.04
678.8 -70.78
679.2 -69.33
679.6 -70.04
680.0 -72.27
680.4 -70.18
680.8 -72.01
681.2 -70.59
681.6 -69.05
682.0 -69.92
682.4 -74.55
682.8 -73.74
683.2 -71.21
683.6 -70.21
684.0 -71.41
684.4 -69.89
684.8 -70.9
685.2 -73.04
685.6 -69.73
686.0 -72.59
686.4 -210.0
686.8 -74.07
687.2 -73.18
687.6 -69.03
688.0 -69.93
688.4 -72.42
688.8 -70.49
689.2 -68.77
689.6 -70.14
690.0 -72.68
690.4 -71.21
690.8 -72.82
691.2 -70.36
691.6 -71.0
692.0 -72.8
692.4 -70.79
692.8 -67.83
693.2 -69.48
693.6 -71.17
694.0 -69.61
694.4 -70.76
694.8 -68.93
695.2 -72.75
695.6 -73.23
696.0 -73.05
696.4 -70.2
696.8 -70.82
697.2 -72.72
697.6 -70.44
698.0 -70.52
698.4 -69.13
698.8 -68.35
699.2 -71.08
699.6 -72.26
700.0 -71.07
700.4 -71.06
700.8 -68.66
701.2 -70.47
701.6 -69.96
702.0 -72.96
702.4 -70.54
702.8 -72.95
703.2 -69.77
703.6 -69.85
704.0 -70.81
704.4 -73.43
704.8 -69.68
705.2 -70.5
705.6 -69.52
706.0 -72.3
706.4 -69.42
706.8 -69.42
707.2 -69.95
707.6 -68.74
708.0 -70.37
708.4 -72.12
708.8 -69.93
709.2 -73.02
709.6 -71.72
710.0 -70.34
710.4 -70.34
710.8 -72.37
711.2 -72.83
711.6 -69.65
712.0 -70.9
712.4 -70.32
712.8 -71.0
713.2 -69.42
713.6 -69.71
714.0 -71.2
714.4 -69.7
714.8 -70.12
715.2 -73.87
715.6 -70.76
716.0 -67.85
716.4 -70.01
716.8 -70.85
717.2 -68.1
717.6 -69.15
718.0 -71.38
718.4 -69.66
718.8 -72.14
719.2 -70.72
719.6 -69.42
720.0 -70.81
720.4 -71.86
720.8 -72.56
721.2 -68.34
721.6 -72.72
722.0 -68.76
722.4 -70.04
722.8 -70.99
723.2 -69.53
723.6 -68.32
724.0 -69.45
724.4 -69.37
724.8 -68.42
725.2 -69.84
725.6 -70.97
726.0 -69.74
726.4 -70.65
726.8 -69.34
727.2 -70.44
727.6 -69.73
728.0 -71.65
728.4 -69.11
728.8 -71.51
729.2 -70.72
729.6 -69.32
730.0 -68.68
730.4 -71.5
730.8 -69.69
731.2 -70.21
731.6 -72.62
732.0 -70.3
732.4 -70.9
732.8 -69.68
733.2 -68.79
733.6 -68.34
734.0 -70.38
734.4 -68.98
734.8 -69.5
735.2 -71.22
735.6 -68.44
736.0 -69.34
736.4 -70.26
736.8 -68.96
737.2 -74.58
737.6 -69.39
738.0 -69.8
738.4 -68.61
738.8 -70.53
739.2 -69.23
739.6 -70.84
740.0 -68.1
740.4 -70.32
740.8 -68.53
741.2 -68.04
741.6 -70.22
742.0 -68.09
742.4 -71.93
742.8 -68.91
743.2 -69.93
743.6 -69.93
744.0 -70.91
744.4 -67.9
744.8 -68.19
745.2 -71.03
745.6 -70.58
746.0 -68.89
746.4 -69.57
746.8 -72.19
747.2 -68.81
747.6 -68.88
748.0 -68.29
748.4 -69.47
748.8 -71.35
749.2 -69.81
749.6 -68.1
750.0 -68.4
750.4 -72.16
750.8 -68.51
751.2 -68.45
751.6 -69.95
752.0 -71.84
752.4 -69.05
752.8 -68.11
753.2 -69.76
753.6 -68.35
754.0 -70.2
754.4 -68.34
754.8 -68.27
755.2 -68.65
755.6 -68.26
756.0 -67.46
756.4 -68.64
756.8 -69.88
757.2 -67.66
757.6 -72.37
758.0 -66.77
758.4 -70.24
758.8 -66.94
759.2 -71.1
759.6 -70.64
760.0 -66.66
760.4 -67.85
760.8 -68.38
761.2 -73.03
761.6 -67.78
762.0 -70.51
762.4 -67.71
762.8 -67.49
763.2 -68.84
763.6 -69.22
764.0 -68.1
764.4 -69.89
764.8 -67.47
765.2 -72.99
765.6 -67.63
766.0 -70.26
766.4 -70.57
766.8 -69.1
767.2 -69.1
767.6 -67.0
768.0 -69.42
768.4 -67.88
768.8 -69.32
769.2 -68.78
769.6 -69.08
770.0 -69.4
770.4 -70.22
770.8 -69.0
771.2 -68.1
771.6 -72.08
772.0 -67.51
772.4 -67.85
772.8 -70.52
773.2 -69.14
773.6 -68.55
774.0 -69.05
774.4 -67.4
774.8 -68.9
775.2 -67.67
775.6 -69.29
776.0 -68.74
776.4 -67.72
776.8 -68.97
777.2 -68.26
777.6 -70.4
778.0 -67.59
778.4 -69.11
778.8 -68.88
779.2 -68.25
779.6 -68.25
780.0 -68.24
780.4 -67.99
780.8 -67.01
781.2 -68.95
781.6 -68.94
782.0 -66.67
782.4 -68.04
782.8 -68.11
783.2 -67.35
783.6 -68.22
784.0 -67.68
784.4 -67.14
784.8 -71.29
785.2 -68.15
785.6 -67.72
786.0 -68.77
786.4 -66.92
786.8 -70.03
787.2 -68.08
787.6 -68.76
788.0 -68.2
788.4 -68.13
788.8 -67.48
789.2 -66.82
789.6 -69.13
790.0 -68.96
790.4 -67.87
790.8 -67.0
791.2 -68.73
791.6 -68.58
792.0 -66.52
792.4 -67.46
792.8 -66.6
793.2 -66.88
793.6 -66.74
794.0 -67.55
794.4 -68.42
794.8 -68.35
795.2 -66.33
795.6 -67.37
796.0 -68.85
796.4 -66.58
796.8 -67.48
797.2 -68.2
797.6 -67.59
798.0 -67.59
798.4 -68.46
798.8 -67.04
799.2 -67.3
799.6 -66.65
800.0 -68.11
800.4 -67.4
800.8 -66.83
801.2 -69.23
801.6 -70.82
802.0 -67.81
802.4 -66.43
802.8 -67.64
803.2 -66.35
803.6 -67.1
804.0 -66.77
804.4 -67.43
804.8 -67.16
805.2 -66.67
805.6 -67.02
806.0 -65.34
806.4 -63.94
806.8 -59.58
807.2 -55.9
807.6 -51.91
808.0 -50.52
808.4 -51.65
808.8 -52.01
809.2 -55.49
809.6 -64.39
810.0 -66.62
810.4 -67.16
810.8 -66.64
811.2 -66.88
811.6 -66.98
812.0 -66.23
812.4 -68.22
812.8 -66.12
813.2 -66.09
813.6 -67.07
814.0 -68.66
814.4 -68.67
814.8 -66.45
815.2 -67.96
815.6 -67.74
816.0 -67.75
816.4 -66.74
816.8 -68.11
817.2 -68.0
817.6 -67.14
818.0 -68.32
818.4 -68.27
818.8 -70.58
819.2 -66.88
819.6 -67.32
820.0 -67.29
820.4 -66.91
820.8 -68.4
821.2 -67.59
821.6 -67.94
822.0 -66.33
822.4 -67.43
822.8 -67.24
823.2 -66.11
823.6 -66.9
824.0 -66.74
824.4 -67.6
824.8 -66.99
825.2 -66.61
825.6 -66.39
826.0 -66.1
826.4 -67.19
826.8 -67.4
827.2 -68.39
827.6 -67.15
828.0 -68.87
828.4 -67.18
828.8 -66.47
829.2 -66.45
829.6 -66.95
830.0 -67.07
830.4 -66.68
830.8 -67.89
831.2 -66.95
831.6 -66.34
832.0 -67.48
832.4 -66.9
832.8 -66.26
833.2 -66.32
833.6 -66.53
834.0 -66.94
834.4 -67.35
834.8 -67.0
835.2 -65.91
835.6 -66.4
836.0 -66.0
836.4 -67.72
836.8 -66.58
837.2 -66.68
837.6 -66.78
838.0 -66.14
838.4 -66.05
838.8 -66.27
839.2 -66.3
839.6 -66.33
840.0 -66.06
840.4 -66.03
840.8 -66.43
841.2 -66.15
841.6 -67.24
842.0 -65.83
842.4 -66.45
842.8 -67.04
843.2 -66.26
843.6 -65.79
844.0 -67.08
844.4 -65.79
844.8 -65.78
845.2 -66.38
845.6 -66.22
846.0 -66.16
846.4 -65.78
846.8 -66.04
847.2 -67.75
847.6 -65.4
848.0 -66.09
848.4 -65.83
848.8 -65.94
849.2 -67.1
849.6 -65.94
850.0 -66.52
850.4 -65.65
850.8 -66.56
851.2 -65.26
851.6 -65.84
852.0 -66.58
852.4 -66.1
852.8 -65.83
853.2 -66.34
853.6 -65.69
854.0 -65.39
854.4 -65.46
854.8 -65.85
855.2 -65.65
855.6 -66.07
856.0 -65.84
856.4 -65.84
856.8 -64.21
857.2 -66.47
857.6 -65.24
858.0 -65.6
858.4 -65.73
858.8 -65.59
859.2 -66.17
859.6 -65.73
860.0 -64.95
860.4 -65.58
860.8 -65.63
861.2 -64.69
861.6 -64.86
862.0 -65.25
862.4 -65.25
862.8 -64.83
863.2 -64.9
863.6 -65.6
864.0 -65.11
864.4 -65.51
864.8 -64.74
865.2 -65.16
865.6 -65.18
866.0 -65.66
866.4 -64.66
866.8 -65.28
867.2 -65.56
867.6 -64.65
868.0 -65.69
868.4 -65.33
868.8 -65.46
869.2 -65.51
869.6 -65.38
870.0 -65.7
870.4 -65.15
870.8 -64.9
871.2 -64.94
871.6 -65.26
872.0 -64.84
872.4 -64.92
872.8 -65.05
873.2 -64.7
873.6 -64.25
874.0 -64.58
874.4 -65.3
874.8 -64.72
875.2 -64.65
875.6 -64.92
876.0 -65.03
876.4 -64.54
876.8 -64.85
877.2 -64.82
877.6 -64.94
878.0 -64.38
878.4 -64.74
878.8 -64.07
879.2 -65.11
879.6 -64.79
880.0 -65.08
880.4 -64.3
880.8 -64.97
881.2 -64.09
881.6 -64.68
882.0 -64.78
882.4 -64.6
882.8 -64.96
883.2 -64.7
883.6 -64.14
884.0 -64.29
884.4 -64.49
884.8 -64.69
885.2 -64.5
885.6 -64.35
886.0 -64.15
886.4 -65.24
886.8 -64.48
887.2 -64.34
887.6 -64.65
888.0 -64.38
888.4 -64.27
888.8 -64.85
889.2 -64.58
889.6 -63.86
890.0 -64.05
890.4 -64.39
890.8 -64.8
891.2 -64.77
891.6 -63.56
892.0 -63.53
892.4 -64.13
892.8 -64.19
893.2 -64.56
893.6 -64.49
894.0 -64.41
894.4 -64.9
894.8 -63.73
895.2 -64.04
895.6 -64.81
896.0 -64.3
896.4 -64.3
896.8 -64.53
897.2 -63.96
897.6 -64.38
898.0 -64.47
898.4 -64.97
898.8 -64.57
899.2 -63.94
899.6 -64.85
900.0 -64.23
900.4 -64.55
900.8 -65.01
901.2 -64.41
901.6 -63.61
902.0 -64.21
902.4 -63.74
902.8 -63.82
903.2 -64.3
903.6 -65.01
904.0 -64.62
904.4 -64.3
904.8 -64.48
905.2 -64.26
905.6 -64.56
906.0 -64.11
906.4 -64.76
906.8 -64.09
907.2 -64.6
907.6 -64.34
908.0 -64.52
908.4 -64.14
908.8 -64.0
909.2 -63.77
909.6 -64.06
910.0 -64.64
910.4 -64.42
910.8 -65.27
911.2 -63.33
911.6 -63.98
912.0 -64.36
912.4 -63.73
912.8 -63.84
913.2 -63.39
913.6 -64.27
914.0 -64.2
914.4 -64.36
914.8 -64.04
915.2 -64.23
915.6 -64.26
916.0 -64.84
916.4 -63.9
916.8 -64.64
917.2 -64.14
917.6 -64.72
918.0 -64.01
918.4 -64.38
918.8 -64.4
919.2 -63.92
919.6 -64.62
920.0 -64.37
920.4 -64.19
920.8 -64.05
921.2 -64.01
921.6 -64.35
922.0 -63.71
922.4 -64.01
922.8 -64.27
923.2 -64.42
923.6 -64.02
924.0 -64.28
924.4 -63.9
924.8 -64.52
925.2 -64.21
925.6 -64.13
926.0 -64.05
926.4 -64.61
926.8 -64.43
927.2 -63.54
927.6 -64.02
928.0 -64.08
928.4 -64.45
928.8 -64.64
929.2 -63.92
929.6 -64.66
930.0 -64.38
930.4 -64.42
930.8 -63.96
931.2 -64.56
931.6 -64.13
932.0 -64.21
932.4 -64.68
932.8 -64.08
933.2 -64.22
933.6 -63.79
934.0 -64.26
934.4 -63.9
934.8 -64.96
935.2 -64.31
935.6 -64.77
936.0 -64.69
936.4 -64.1
936.8 -64.44
937.2 -64.68
937.6 -64.0
938.0 -64.4
938.4 -64.22
938.8 -64.1
939.2 -64.6
939.6 -64.18
940.0 -64.07
940.4 -64.6
940.8 -64.12
941.2 -64.44
941.6 -64.57
942.0 -64.25
942.4 -64.48
942.8 -64.87
943.2 -64.27
943.6 -64.05
944.0 -64.15
944.4 -64.66
944.8 -63.64
945.2 -64.32
945.6 -64.2
946.0 -64.48
946.4 -64.3
946.8 -64.64
947.2 -64.66
947.6 -64.73
948.0 -64.21
948.4 -64.99
948.8 -64.52
949.2 -64.46
949.6 -64.64
950.0 -64.36
950.4 -64.5
950.8 -64.43
951.2 -64.61
951.6 -64.51
952.0 -64.41
952.4 -64.79
952.8 -64.49
953.2 -64.14
953.6 -64.95
954.0 -64.55
954.4 -64.75
954.8 -64.41
955.2 -64.83
955.6 -64.51
956.0 -64.96
956.4 -64.48
956.8 -64.52
957.2 -64.65
957.6 -64.91
958.0 -64.62
958.4 -64.41
958.8 -65.46
959.2 -64.23
959.6 -64.95
960.0 -64.54
960.4 -64.96
960.8 -64.33
961.2 -64.55
961.6 -64.48
962.0 -64.56
962.4 -64.58
962.8 -64.02
963.2 -64.55
963.6 -64.55
964.0 -64.37
964.4 -64.58
964.8 -64.35
965.2 -64.16
965.6 -64.0
966.0 -64.25
966.4 -64.4
966.8 -64.24
967.2 -64.2
967.6 -64.63
968.0 -64.41
968.4 -64.46
968.8 -64.91
969.2 -64.34
969.6 -64.47
970.0 -64.61
970.4 -64.84
970.8 -64.84
971.2 -64.35
971.6 -64.45
972.0 -64.8
972.4 -64.45
972.8 -64.65
973.2 -64.59
973.6 -64.63
974.0 -64.8
974.4 -64.61
974.8 -64.74
975.2 -64.89
975.6 -64.96
976.0 -65.11
976.4 -65.16
976.8 -65.12
977.2 -64.83
977.6 -64.91
978.0 -65.0
978.4 -64.87
978.8 -64.83
979.2 -64.88
979.6 -64.7
980.0 -64.62
980.4 -64.82
980.8 -64.68
981.2 -64.68
981.6 -64.98
982.0 -64.54
982.4 -64.82
982.8 -64.36
983.2 -64.33
983.6 -64.53
984.0 -64.44
984.4 -64.35
984.8 -64.35
985.2 -64.34
985.6 -64.23
986.0 -64.03
986.4 -64.07
986.8 -63.74
987.2 -63.9
987.6 -63.89
988.0 -63.86
988.4 -63.79
988.8 -63.62
989.2 -63.54
989.6 -63.65
990.0 -63.68
990.4 -63.63
990.8 -63.54
991.2 -63.56
991.6 -63.38
992.0 -63.61
992.4 -63.37
992.8 -63.35
993.2 -63.36
993.6 -63.39
994.0 -63.43
994.4 -63.33
994.8 -63.31
995.2 -63.29
995.6 -63.16
996.0 -63.54
996.4 -63.31
996.8 -63.34
997.2 -63.42
997.6 -63.32
998.0 -63.62
998.4 -63.4
998.8 -63.47
999.2 -63.42
999.6 -63.83
1000.0 -63.31
