600.0 -71.83
600.4 -71.6
600.8 -210.0
601.2 -67.97
601.6 -73.44
602.0 -81.26
602.4 -210.0
602.8 -210.0
603.2 -70.36
603.6 -210.0
604.0 -210.0
604.4 -71.41
604.8 -70.83
605.2 -73.0
605.6 -70.35
606.0 -210.0
606.4 -79.77
606.8 -210.0
607.2 -210.0
607.6 -68.6
608.0 -210.0
608.4 -73.21
608.8 -210.0
609.2 -69.67
609.6 -73.29
610.0 -72.22
610.4 -74.01
610.8 -210.0
611.2 -210.0
611.6 -69.96
612.0 -72.85
612.4 -80.15
612.8 -210.0
613.2 -71.16
613.6 -71.57
614.0 -75.98
614.4 -72.25
614.8 -73.6
615.2 -70.61
615.6 -78.12
616.0 -80.36
616.4 -69.36
616.8 -71.95
617.2 -80.43
617.6 -72.92
618.0 -72.47
618.4 -69.96
618.8 -210.0
619.2 -71.71
619.6 -70.16
620.0 -72.36
620.4 -210.0
620.8 -71.8
621.2 -68.82
621.6 -74.33
622.0 -70.72
622.4 -73.47
622.8 -71.57
623.2 -73.52
623.6 -210.0
624.0 -70.56
624.4 -72.64
624.8 -73.11
625.2 -71.55
625.6 -71.57
626.0 -70.3
626.4 -70.85
626.8 -69.46
627.2 -73.77
627.6 -73.06
628.0 -78.08
628.4 -71.42
628.8 -74.15
629.2 -72.93
629.6 -85.97
630.0 -70.81
630.4 -69.3
630.8 -68.2
631.2 -67.63
631.6 -73.56
632.0 -70.02
632.4 -75.76
632.8 -72.4
633.2 -73.45
633.6 -71.94
634.0 -70.05
634.4 -70.75
634.8 -70.22
635.2 -68.45
635.6 -210.0
636.0 -70.1
636.4 -68.34
636.8 -69.01
637.2 -72.05
637.6 -69.31
638.0 -72.78
638.4 -69.89
638.8 -69.24
639.2 -68.48
639.6 -69.38
640.0 -70.94
640.4 -68.71
640.8 -68.82
641.2 -70.41
641.6 -68.89
642.0 -68.72
642.4 -69.88
642.8 -68.61
643.2 -70.12
643.6 -69.28
644.0 -67.96
644.4 -68.87
644.8 -68.91
645.2 -70.05
645.6 -68.73
646.0 -69.21
646.4 -71.19
646.8 -69.36
647.2 -67.05
647.6 -67.56
648.0 -68.7
648.4 -68.57
648.8 -67.49
649.2 -68.02
649.6 -68.8
650.0 -68.64
650.4 -69.83
650.8 -67.2
651.2 -68.7
651.6 -68.04
652.0 -66.98
652.4 -69.85
652.8 -66.63
653.2 -68.05
653.6 -68.3
654.0 -68.67
654.4 -67.82
654.8 -68.46
655.2 -68.02
655.6 -67.92
656.0 -66.73
656.4 -66.91
656.8 -68.27
657.2 -68.13
657.6 -68.33
658.0 -67.68
658.4 -67.85
658.8 -67.69
659.2 -66.29
659.6 -67.86
660.0 -67.57
660.4 -66.46
660.8 -68.2
661.2 -67.4
661.6 -67.4
662.0 -67.7
662.4 -66.62
662.8 -67.4
663.2 -66.66
663.6 -66.49
664.0 -66.42
664.4 -68.06
664.8 -66.46
665.2 -67.32
665.6 -67.36
666.0 -67.4
666.4 -66.52
666.8 -67.74
667.2 -67.53
667.6 -67.53
668.0 -66.98
668.4 -66.69
668.8 -66.3
669.2 -66.73
669.6 -67.13
670.0 -67.35
670.4 -65.81
670.8 -66.92
671.2 -66.81
671.6 -67.38
672.0 -66.95
672.4 -66.77
672.8 -67.97
673.2 -66.94
673.6 -67.09
674.0 -67.69
674.4 -68.01
674.8 -66.21
675.2 -67.95
675.6 -67.14
676.0 -66.13
676.4 -67.09
676.8 -68.03
677.2 -66.34
677.6 -68.81
678.0 -66.74
678.4 -66.37
678.8 -66.59
679.2 -67.38
679.6 -66.8
680.0 -66.98
680.4 -65.44
680.8 -65.67
681.2 -66.11
681.6 -67.79
682.0 -66.03
682.4 -66.84
682.8 -66.34
683.2 -65.61
683.6 -66.53
684.0 -66.3
684.4 -66.49
684.8 -66.06
685.2 -66.51
685.6 -66.38
686.0 -65.46
686.4 -66.71
686.8 -66.56
687.2 -66.46
687.6 -66.31
688.0 -66.88
688.4 -66.37
688.8 -66.54
689.2 -66.78
689.6 -66.67
690.0 -66.63
690.4 -66.17
690.8 -66.27
691.2 -66.36
691.6 -66.04
692.0 -66.35
692.4 -66.02
692.8 -66.34
693.2 -65.7
693.6 -66.54
694.0 -66.0
694.4 -64.91
694.8 -66.67
695.2 -67.12
695.6 -66.62
696.0 -67.2
696.4 -64.78
696.8 -66.56
697.2 -66.17
697.6 -65.44
698.0 -66.1
698.4 -66.12
698.8 -67.33
699.2 -65.44
699.6 -65.89
700.0 -65.49
700.4 -65.96
700.8 -65.96
701.2 -66.28
701.6 -65.67
702.0 -66.59
702.4 -66.26
702.8 -65.36
703.2 -66.18
703.6 -67.0
704.0 -65.23
704.4 -66.23
704.8 -66.98
705.2 -65.76
705.6 -66.73
706.0 -66.11
706.4 -65.5
706.8 -64.88
707.2 -66.26
707.6 -66.55
708.0 -65.2
708.4 -66.92
708.8 -65.62
709.2 -66.56
709.6 -65.55
710.0 -65.34
710.4 -66.99
710.8 -65.65
711.2 -65.72
711.6 -65.55
712.0 -66.92
712.4 -65.58
712.8 -65.63
713.2 -65.92
713.6 -65.21
714.0 -65.75
714.4 -65.9
714.8 -66.03
715.2 -66.2
715.6 -66.02
716.0 -65.86
716.4 -66.15
716.8 -66.44
717.2 -65.87
717.6 -65.87
718.0 -65.79
718.4 -65.54
718.8 -65.85
719.2 -66.02
719.6 -66.97
720.0 -64.92
720.4 -65.77
720.8 -65.73
721.2 -66.21
721.6 -66.99
722.0 -66.13
722.4 -65.89
722.8 -66.33
723.2 -66.64
723.6 -66.05
724.0 -65.97
724.4 -66.44
724.8 -65.5
725.2 -66.58
725.6 -65.44
726.0 -65.88
726.4 -65.25
726.8 -66.85
727.2 -65.67
727.6 -65.97
728.0 -65.96
728.4 -66.17
728.8 -65.19
729.2 -67.04
729.6 -66.27
730.0 -64.99
730.4 -66.65
730.8 -65.23
731.2 -66.0
731.6 -66.22
732.0 -65.25
732.4 -65.89
732.8 -66.13
733.2 -65.88
733.6 -64.9
734.0 -65.78
734.4 -65.7
734.8 -66.69
735.2 -66.45
735.6 -66.81
736.0 -66.36
736.4 -66.43
736.8 -66.59
737.2 -66.43
737.6 -65.77
738.0 -65.94
738.4 -66.16
738.8 -66.33
739.2 -65.5
739.6 -66.7
740.0 -65.46
740.4 -65.55
740.8 -65.55
741.2 -66.63
741.6 -66.93
742.0 -65.84
742.4 -66.31
742.8 -65.97
743.2 -66.58
743.6 -66.3
744.0 -65.49
744.4 -66.49
744.8 -66.11
745.2 -65.93
745.6 -65.58
746.0 -66.28
746.4 -65.51
746.8 -66.06
747.2 -66.09
747.6 -66.31
748.0 -66.76
748.4 -67.4
748.8 -66.08
749.2 -65.9
749.6 -66.63
750.0 -66.45
750.4 -66.14
750.8 -66.52
751.2 -65.13
751.6 -66.9
752.0 -66.54
752.4 -67.02
752.8 -66.53
753.2 -66.66
753.6 -66.82
754.0 -65.46
754.4 -66.64
754.8 -66.23
755.2 -66.59
755.6 -67.79
756.0 -65.18
756.4 -66.49
756.8 -66.7
757.2 -65.27
757.6 -65.29
758.0 -66.0
758.4 -65.31
758.8 -66.22
759.2 -65.63
759.6 -65.43
760.0 -66.36
760.4 -66.28
760.8 -66.82
761.2 -66.87
761.6 -66.0
762.0 -65.92
762.4 -66.14
762.8 -65.29
763.2 -65.55
763.6 -65.83
764.0 -66.7
764.4 -65.34
764.8 -65.6
765.2 -66.27
765.6 -65.71
766.0 -65.99
766.4 -65.84
766.8 -65.87
767.2 -65.65
767.6 -65.83
768.0 -65.34
768.4 -65.71
768.8 -66.61
769.2 -65.7
769.6 -66.0
770.0 -65.62
770.4 -65.48
770.8 -66.02
771.2 -66.06
771.6 -66.06
772.0 -66.25
772.4 -65.34
772.8 -66.63
773.2 -66.09
773.6 -65.18
774.0 -65.97
774.4 -65.33
774.8 -65.6
775.2 -65.85
775.6 -65.36
776.0 -65.45
776.4 -65.52
776.8 -64.62
777.2 -65.49
777.6 -64.76
778.0 -65.55
778.4 -67.17
778.8 -66.6
779.2 -66.52
779.6 -65.83
780.0 -65.08
780.4 -65.57
780.8 -66.13
781.2 -66.25
781.6 -66.24
782.0 -67.2
782.4 -65.03
782.8 -65.89
783.2 -66.4
783.6 -65.38
784.0 -65.55
784.4 -66.85
784.8 -65.68
785.2 -65.61
785.6 -66.65
786.0 -66.43
786.4 -65.07
786.8 -65.43
787.2 -66.34
787.6 -65.67
788.0 -64.7
788.4 -65.66
788.8 -64.78
789.2 -65.7
789.6 -65.66
790.0 -65.41
790.4 -65.95
790.8 -65.48
791.2 -65.13
791.6 -65.01
792.0 -66.35
792.4 -65.57
792.8 -64.75
793.2 -65.56
793.6 -65.06
794.0 -65.11
794.4 -64.46
794.8 -64.86
795.2 -64.51
795.6 -65.17
796.0 -64.39
796.4 -65.27
796.8 -64.53
797.2 -64.69
797.6 -65.12
798.0 -66.71
798.4 -65.11
798.8 -65.08
799.2 -65.45
799.6 -64.45
800.0 -65.66
800.4 -65.01
800.8 -64.42
801.2 -64.6
801.6 -65.28
802.0 -64.6
802.4 -64.86
802.8 -64.35
803.2 -64.46
803.6 -64.01
804.0 -63.83
804.4 -64.23
804.8 -64.88
805.2 -64.85
805.6 -63.32
806.0 -62.44
806.4 -61.28
806.8 -57.7
807.2 -54.12
807.6 -50.12
808.0 -48.84
808.4 -49.85
808.8 -50.49
809.2 -54.53
809.6 -61.04
810.0 -63.41
810.4 -63.69
810.8 -63.24
811.2 -64.32
811.6 -64.15
812.0 -64.9
812.4 -64.16
812.8 -64.24
813.2 -64.38
813.6 -64.61
814.0 -64.61
814.4 -64.1
814.8 -64.01
815.2 -64.44
815.6 -64.09
816.0 -65.8
816.4 -64.75
816.8 -64.83
817.2 -64.64
817.6 -64.11
818.0 -64.97
818.4 -64.83
818.8 -64.46
819.2 -65.03
819.6 -64.68
820.0 -65.17
820.4 -64.94
820.8 -63.42
821.2 -64.12
821.6 -64.05
822.0 -63.9
822.4 -64.27
822.8 -64.21
823.2 -64.97
823.6 -64.51
824.0 -64.14
824.4 -63.92
824.8 -64.61
825.2 -64.4
825.6 -64.42
826.0 -64.73
826.4 -64.45
826.8 -63.8
827.2 -64.73
827.6 -64.23
828.0 -64.51
828.4 -63.92
828.8 -64.61
829.2 -63.72
829.6 -65.29
830.0 -64.13
830.4 -63.81
830.8 -64.46
831.2 -64.02
831.6 -64.81
832.0 -64.47
832.4 -64.32
832.8 -64.24
833.2 -64.29
833.6 -64.66
834.0 -63.93
834.4 -64.7
834.8 -64.15
835.2 -63.77
835.6 -64.19
836.0 -64.68
836.4 -64.71
836.8 -63.97
837.2 -64.26
837.6 -63.94
838.0 -64.01
838.4 -64.74
838.8 -64.44
839.2 -64.71
839.6 -65.27
840.0 -65.09
840.4 -64.33
840.8 -64.6
841.2 -64.93
841.6 -65.23
842.0 -65.11
842.4 -65.08
842.8 -65.32
843.2 -65.3
843.6 -65.34
844.0 -64.32
844.4 -64.54
844.8 -64.91
845.2 -64.49
845.6 -65.26
846.0 -64.71
846.4 -64.53
846.8 -64.62
847.2 -64.83
847.6 -64.92
848.0 -65.1
848.4 -65.18
848.8 -65.23
849.2 -64.9
849.6 -65.1
850.0 -64.69
850.4 -64.56
850.8 -64.98
851.2 -65.59
851.6 -65.43
852.0 -64.88
852.4 -65.36
852.8 -65.07
853.2 -65.25
853.6 -65.4
854.0 -65.41
854.4 -65.34
854.8 -65.57
855.2 -65.09
855.6 -65.95
856.0 -65.03
856.4 -64.87
856.8 -66.13
857.2 -64.51
857.6 -65.14
858.0 -65.5
858.4 -65.57
858.8 -65.43
859.2 -65.01
859.6 -65.33
860.0 -64.95
860.4 -65.17
860.8 -65.39
861.2 -65.68
861.6 -65.84
862.0 -65.76
862.4 -65.79
862.8 -65.75
863.2 -65.21
863.6 -65.65
864.0 -65.16
864.4 -66.08
864.8 -65.67
865.2 -65.61
865.6 -65.63
866.0 -66.17
866.4 -65.05
866.8 -65.25
867.2 -64.99
867.6 -65.64
868.0 -65.75
868.4 -65.75
868.8 -65.02
869.2 -66.99
869.6 -65.94
870.0 -65.67
870.4 -66.14
870.8 -65.63
871.2 -66.46
871.6 -65.47
872.0 -66.09
872.4 -67.06
872.8 -66.24
873.2 -65.79
873.6 -65.47
874.0 -65.61
874.4 -65.35
874.8 -65.48
875.2 -65.53
875.6 -65.75
876.0 -66.24
876.4 -66.96
876.8 -65.53
877.2 -66.16
877.6 -66.46
878.0 -65.89
878.4 -65.92
878.8 -66.92
879.2 -66.83
879.6 -65.32
880.0 -65.15
880.4 -66.15
880.8 -65.26
881.2 -65.86
881.6 -65.31
882.0 -65.54
882.4 -65.39
882.8 -65.82
883.2 -66.04
883.6 -65.98
884.0 -65.76
884.4 -67.09
884.8 -65.52
885.2 -66.84
885.6 -65.57
886.0 -66.77
886.4 -66.0
886.8 -66.8
887.2 -66.91
887.6 -66.39
888.0 -65.99
888.4 -65.93
888.8 -66.32
889.2 -66.29
889.6 -66.87
890.0 -65.76
890.4 -66.63
890.8 -66.39
891.2 -65.8
891.6 -65.28
892.0 -65.72
892.4 -67.21
892.8 -66.21
893.2 -65.56
893.6 -66.21
894.0 -66.22
894.4 -66.32
894.8 -66.33
895.2 -66.43
895.6 -66.68
896.0 -67.12
896.4 -66.62
896.8 -65.71
897.2 -67.13
897.6 -65.92
898.0 -67.06
898.4 -66.12
898.8 -67.15
899.2 -66.54
899.6 -66.51
900.0 -69.49
900.4 -67.56
900.8 -67.66
901.2 -66.95
901.6 -66.34
902.0 -66.74
902.4 -66.93
902.8 -66.61
903.2 -67.32
903.6 -67.62
904.0 -67.45
904.4 -66.79
904.8 -66.8
905.2 -66.77
905.6 -66.19
906.0 -66.33
906.4 -66.65
906.8 -67.73
907.2 -67.65
907.6 -66.53
908.0 -67.32
908.4 -67.21
908.8 -68.1
909.2 -67.61
909.6 -67.61
910.0 -67.02
910.4 -67.39
910.8 -66.79
911.2 -66.85
911.6 -65.93
912.0 -66.81
912.4 -66.17
912.8 -66.88
913.2 -67.3
913.6 -67.52
914.0 -66.62
914.4 -67.35
914.8 -66.79
915.2 -67.31
915.6 -67.56
916.0 -66.6
916.4 -67.33
916.8 -67.45
917.2 -69.23
917.6 -67.61
918.0 -67.7
918.4 -67.6
918.8 -67.74
919.2 -67.18
919.6 -68.53
920.0 -66.87
920.4 -68.07
920.8 -67.4
921.2 -67.88
921.6 -68.07
922.0 -67.2
922.4 -67.4
922.8 -67.49
923.2 -69.38
923.6 -67.6
924.0 -68.31
924.4 -68.25
924.8 -67.58
925.2 -67.86
925.6 -68.21
926.0 -68.02
926.4 -67.84
926.8 -67.46
927.2 -68.63
927.6 -68.39
928.0 -67.58
928.4 -67.74
928.8 -68.53
929.2 -66.96
929.6 -68.56
930.0 -66.91
930.4 -67.34
930.8 -68.71
931.2 -67.22
931.6 -66.99
932.0 -67.11
932.4 -67.32
932.8 -67.0
933.2 -67.7
933.6 -67.86
934.0 -69.62
934.4 -68.43
934.8 -67.99
935.2 -68.16
935.6 -67.68
936.0 -67.67
936.4 -68.07
936.8 -67.08
937.2 -67.84
937.6 -67.79
938.0 -68.5
938.4 -68.4
938.8 -67.85
939.2 -67.27
939.6 -68.2
940.0 -68.72
940.4 -68.79
940.8 -68.73
941.2 -67.42
941.6 -67.16
942.0 -68.97
942.4 -69.67
942.8 -68.18
943.2 -68.88
943.6 -67.84
944.0 -68.76
944.4 -68.01
944.8 -68.85
945.2 -68.8
945.6 -67.99
946.0 -67.79
946.4 -68.37
946.8 -68.86
947.2 -69.12
947.6 -68.2
948.0 -67.85
948.4 -68.77
948.8 -68.72
949.2 -69.24
949.6 -68.52
950.0 -68.15
950.4 -68.74
950.8 -67.61
951.2 -67.83
951.6 -69.61
952.0 -67.84
952.4 -69.28
952.8 -68.48
953.2 -68.25
953.6 -68.24
954.0 -69.74
954.4 -67.91
954.8 -68.66
955.2 -68.42
955.6 -69.49
956.0 -68.99
956.4 -68.74
956.8 -68.26
957.2 -69.61
957.6 -68.42
958.0 -68.41
958.4 -69.01
958.8 -68.96
959.2 -69.26
959.6 -67.9
960.0 -68.6
960.4 -68.74
960.8 -68.14
961.2 -68.67
961.6 -68.17
962.0 -68.8
962.4 -68.15
962.8 -68.29
963.2 -69.04
963.6 -68.13
964.0 -68.74
964.4 -67.66
964.8 -68.31
965.2 -67.91
965.6 -67.8
966.0 -68.28
966.4 -68.71
966.8 -68.1
967.2 -67.96
967.6 -68.15
968.0 -68.46
968.4 -67.63
968.8 -68.77
969.2 -67.84
969.6 -67.97
970.0 -68.37
970.4 -67.88
970.8 -67.85
971.2 -67.86
971.6 -68.08
972.0 -68.07
972.4 -68.01
972.8 -68.08
973.2 -68.52
973.6 -67.74
974.0 -68.5
974.4 -67.51
974.8 -67.75
975.2 -68.22
975.6 -68.36
976.0 -67.72
976.4 -67.98
976.8 -67.83
977.2 -68.25
977.6 -68.07
978.0 -67.69
978.4 -67.43
978.8 -67.76
979.2 -67.91
979.6 -67.54
980.0 -67.76
980.4 -67.84
980.8 -68.5
981.2 -67.28
981.6 -67.38
982.0 -67.28
982.4 -67.2
982.8 -67.64
983.2 -67.49
983.6 -67.04
984.0 -67.59
984.4 -66.76
984.8 -66.65
985.2 -66.65
985.6 -66.73
986.0 -66.46
986.4 -66.9
986.8 -66.88
987.2 -66.26
987.6 -66.78
988.0 -66.32
988.4 -66.24
988.8 -66.07
989.2 -65.73
989.6 -66.21
990.0 -65.86
990.4 -66.47
990.8 -66.06
991.2 -66.07
991.6 -65.7
992.0 -65.74
992.4 -65.73
992.8 -65.8
993.2 -65.35
993.6 -65.42
994.0 -65.65
994.4 -65.54
994.8 -65.95
995.2 -65.55
995.6 -65.76
996.0 -65.54
996.4 -65.48
996.8 -65.26
997.2 -65.35
997.6 -65.53
998.0 -65.26
998.4 -65.59
998.8 -65.34
999.2 -65.37
999.6 -65.26
1000.0 -65.58
