600.0 -210.0
600.4 -69.53
600.8 -67.85
601.2 -210.0
601.6 -71.68
602.0 -68.47
602.4 -79.51
602.8 -210.0
603.2 -78.31
603.6 -210.0
604.0 -210.0
604.4 -210.0
604.8 -81.44
605.2 -75.43
605.6 -79.72
606.0 -210.0
606.4 -210.0
606.8 -71.79
607.2 -72.04
607.6 -72.86
608.0 -210.0
608.4 -210.0
608.8 -71.7
609.2 -210.0
609.6 -210.0
610.0 -210.0
610.4 -210.0
610.8 -210.0
611.2 -210.0
611.6 -81.87
612.0 -72.11
612.4 -81.92
612.8 -84.95
613.2 -210.0
613.6 -68.56
614.0 -210.0
614.4 -210.0
614.8 -85.07
615.2 -75.09
615.6 -79.08
616.0 -210.0
616.4 -74.74
616.8 -71.56
617.2 -210.0
617.6 -74.43
618.0 -210.0
618.4 -73.23
618.8 -73.83
619.2 -75.33
619.6 -76.31
620.0 -72.81
620.4 -75.4
620.8 -210.0
621.2 -77.66
621.6 -210.0
622.0 -79.47
622.4 -210.0
622.8 -210.0
623.2 -69.88
623.6 -210.0
624.0 -74.48
624.4 -210.0
624.8 -70.75
625.2 -76.15
625.6 -71.24
626.0 -74.61
626.4 -76.22
626.8 -210.0
627.2 -78.03
627.6 -85.85
628.0 -73.08
628.4 -210.0
628.8 -79.89
629.2 -210.0
629.6 -79.94
630.0 -73.21
630.4 -74.89
630.8 -210.0
631.2 -76.54
631.6 -73.81
632.0 -73.59
632.4 -73.62
632.8 -210.0
633.2 -77.78
633.6 -71.48
634.0 -210.0
634.4 -80.29
634.8 -210.0
635.2 -73.37
635.6 -86.41
636.0 -71.96
636.4 -70.03
636.8 -210.0
637.2 -71.08
637.6 -78.77
638.0 -210.0
638.4 -74.85
638.8 -75.85
639.2 -70.76
639.6 -69.8
640.0 -74.18
640.4 -72.8
640.8 -73.2
641.2 -70.31
641.6 -71.97
642.0 -68.65
642.4 -74.4
642.8 -72.37
643.2 -71.84
643.6 -69.66
644.0 -72.62
644.4 -78.1
644.8 -70.02
645.2 -74.42
645.6 -74.46
646.0 -72.5
646.4 -71.52
646.8 -74.8
647.2 -70.85
647.6 -72.95
648.0 -71.77
648.4 -73.88
648.8 -70.38
649.2 -70.24
649.6 -70.62
650.0 -71.7
650.4 -71.7
650.8 -69.29
651.2 -70.07
651.6 -75.07
652.0 -70.14
652.4 -75.08
652.8 -69.31
653.2 -69.57
653.6 -72.2
654.0 -69.32
654.4 -70.4
654.8 -72.47
655.2 -70.33
655.6 -70.41
656.0 -71.33
656.4 -74.66
656.8 -71.87
657.2 -75.12
657.6 -73.7
658.0 -68.23
658.4 -70.35
658.8 -73.21
659.2 -70.28
659.6 -70.87
660.0 -69.57
660.4 -69.5
660.8 -73.22
661.2 -69.12
661.6 -72.92
662.0 -72.51
662.4 -69.5
662.8 -68.94
663.2 -70.06
663.6 -69.06
664.0 -69.91
664.4 -71.07
664.8 -70.29
665.2 -71.26
665.6 -69.43
666.0 -73.55
666.4 -68.35
666.8 -69.77
667.2 -70.37
667.6 -71.26
668.0 -68.06
668.4 -70.37
668.8 -69.57
669.2 -69.91
669.6 -70.45
670.0 -70.78
670.4 -68.44
670.8 -68.98
671.2 -70.19
671.6 -70.12
672.0 -69.88
672.4 -69.47
672.8 -68.96
673.2 -68.16
673.6 -71.86
674.0 -69.52
674.4 -69.32
674.8 -69.85
675.2 -69.51
675.6 -68.83
676.0 -69.84
676.4 -69.99
676.8 -69.42
677.2 -69.69
677.6 -70.99
678.0 -70.79
678.4 -69.82
678.8 -69.74
679.2 -69.53
679.6 -69.02
680.0 -69.07
680.4 -68.78
680.8 -69.87
681.2 -68.77
681.6 -68.59
682.0 -69.23
682.4 -68.01
682.8 -70.3
683.2 -70.3
683.6 -68.9
684.0 -71.3
684.4 -69.07
684.8 -67.79
685.2 -69.32
685.6 -69.13
686.0 -71.27
686.4 -69.58
686.8 -69.17
687.2 -69.57
687.6 -69.7
688.0 -68.85
688.4 -69.28
688.8 -68.44
689.2 -68.33
689.6 -68.77
690.0 -67.91
690.4 -68.0
690.8 -70.2
691.2 -69.95
691.6 -69.65
692.0 -68.18
692.4 -70.17
692.8 -67.83
693.2 -68.27
693.6 -67.36
694.0 -68.59
694.4 -68.41
694.8 -68.41
695.2 -67.12
695.6 -67.93
696.0 -68.61
696.4 -68.06
696.8 -68.78
697.2 -69.35
697.6 -68.83
698.0 -68.64
698.4 -69.54
698.8 -69.2
699.2 -66.82
699.6 -68.28
700.0 -67.86
700.4 -67.13
700.8 -68.16
701.2 -68.04
701.6 -67.94
702.0 -68.47
702.4 -67.1
702.8 -67.05
703.2 -67.62
703.6 -69.85
704.0 -68.67
704.4 -67.37
704.8 -67.89
705.2 -68.47
705.6 -67.98
706.0 -68.58
706.4 -68.51
706.8 -67.71
707.2 -68.44
707.6 -67.42
708.0 -68.61
708.4 -68.98
708.8 -67.63
709.2 -67.72
709.6 -67.34
710.0 -67.61
710.4 -68.02
710.8 -66.81
711.2 -67.23
711.6 -67.14
712.0 -67.59
712.4 -66.84
712.8 -68.55
713.2 -66.71
713.6 -69.05
714.0 -67.43
714.4 -67.91
714.8 -68.78
715.2 -67.46
715.6 -67.36
716.0 -65.96
716.4 -66.96
716.8 -68.16
717.2 -67.58
717.6 -67.08
718.0 -67.67
718.4 -66.03
718.8 -67.42
719.2 -67.01
719.6 -66.41
720.0 -66.75
720.4 -66.96
720.8 -67.3
721.2 -67.59
721.6 -67.12
722.0 -67.03
722.4 -66.61
722.8 -67.93
723.2 -67.67
723.6 -66.93
724.0 -67.46
724.4 -66.44
724.8 -67.04
725.2 -67.45
725.6 -67.41
726.0 -68.18
726.4 -66.73
726.8 -66.76
727.2 -66.15
727.6 -68.4
728.0 -66.47
728.4 -68.51
728.8 -67.46
729.2 -66.7
729.6 -67.09
730.0 -66.61
730.4 -67.91
730.8 -67.8
731.2 -66.77
731.6 -67.07
732.0 -66.32
732.4 -66.39
732.8 -66.59
733.2 -67.37
733.6 -67.67
734.0 -67.14
734.4 -67.77
734.8 -66.34
735.2 -66.53
735.6 -67.97
736.0 -67.92
736.4 -66.2
736.8 -66.67
737.2 -66.51
737.6 -67.68
738.0 -66.16
738.4 -66.58
738.8 -66.53
739.2 -66.41
739.6 -66.3
740.0 -66.73
740.4 -66.44
740.8 -67.36
741.2 -66.51
741.6 -66.2
742.0 -67.98
742.4 -67.81
742.8 -66.67
743.2 -66.42
743.6 -67.06
744.0 -67.09
744.4 -66.22
744.8 -66.45
745.2 -66.33
745.6 -66.77
746.0 -66.36
746.4 -66.17
746.8 -65.08
747.2 -67.94
747.6 -66.64
748.0 -68.11
748.4 -66.3
748.8 -66.11
749.2 -65.46
749.6 -66.34
750.0 -65.71
750.4 -66.45
750.8 -67.14
751.2 -65.77
751.6 -66.31
752.0 -67.36
752.4 -67.51
752.8 -67.61
753.2 -65.64
753.6 -66.61
754.0 -67.0
754.4 -67.38
754.8 -65.86
755.2 -66.3
755.6 -66.18
756.0 -66.29
756.4 -66.14
756.8 -65.66
757.2 -65.98
757.6 -66.04
758.0 -66.0
758.4 -66.68
758.8 -65.96
759.2 -65.8
759.6 -66.13
760.0 -66.57
760.4 -66.49
760.8 -67.3
761.2 -66.15
761.6 -66.6
762.0 -66.42
762.4 -66.42
762.8 -66.46
763.2 -65.94
763.6 -66.67
764.0 -66.2
764.4 -65.48
764.8 -66.44
765.2 -67.16
765.6 -66.65
766.0 -65.23
766.4 -65.52
766.8 -65.94
767.2 -66.09
767.6 -66.5
768.0 -66.32
768.4 -66.66
768.8 -65.85
769.2 -65.81
769.6 -65.67
770.0 -66.64
770.4 -65.28
770.8 -66.47
771.2 -65.62
771.6 -66.6
772.0 -65.02
772.4 -65.86
772.8 -65.9
773.2 -66.09
773.6 -66.05
774.0 -65.67
774.4 -66.67
774.8 -66.2
775.2 -65.33
775.6 -65.85
776.0 -65.92
776.4 -66.4
776.8 -67.08
777.2 -65.73
777.6 -65.39
778.0 -65.91
778.4 -66.3
778.8 -66.06
779.2 -66.3
779.6 -66.74
780.0 -66.01
780.4 -65.79
780.8 -65.68
781.2 -65.9
781.6 -65.93
782.0 -65.07
782.4 -66.33
782.8 -64.94
783.2 -66.94
783.6 -65.18
784.0 -65.62
784.4 -65.66
784.8 -65.94
785.2 -65.3
785.6 -64.46
786.0 -64.52
786.4 -65.0
786.8 -65.64
787.2 -65.67
787.6 -65.9
788.0 -65.53
788.4 -65.15
788.8 -65.77
789.2 -66.2
789.6 -65.81
790.0 -65.11
790.4 -65.62
790.8 -65.76
791.2 -66.02
791.6 -65.5
792.0 -66.35
792.4 -65.36
792.8 -65.35
793.2 -66.13
793.6 -65.78
794.0 -64.65
794.4 -65.08
794.8 -65.18
795.2 -65.52
795.6 -65.47
796.0 -66.45
796.4 -65.51
796.8 -65.4
797.2 -65.26
797.6 -65.75
798.0 -65.94
798.4 -65.05
798.8 -65.02
799.2 -65.85
799.6 -64.74
800.0 -65.55
800.4 -65.1
800.8 -64.33
801.2 -64.29
801.6 -65.05
802.0 -64.65
802.4 -64.86
802.8 -65.06
803.2 -64.81
803.6 -64.97
804.0 -64.08
804.4 -64.64
804.8 -64.36
805.2 -65.44
805.6 -63.58
806.0 -63.7
806.4 -61.36
806.8 -57.79
807.2 -54.23
807.6 -50.25
808.0 -48.84
808.4 -49.84
808.8 -50.35
809.2 -54.02
809.6 -61.78
810.0 -63.33
810.4 -63.85
810.8 -65.04
811.2 -64.11
811.6 -64.54
812.0 -65.09
812.4 -64.7
812.8 -64.88
813.2 -64.1
813.6 -64.73
814.0 -64.58
814.4 -64.94
814.8 -64.86
815.2 -64.44
815.6 -64.9
816.0 -65.16
816.4 -64.5
816.8 -65.63
817.2 -64.51
817.6 -64.82
818.0 -64.06
818.4 -65.04
818.8 -64.79
819.2 -64.71
819.6 -64.47
820.0 -64.62
820.4 -65.54
820.8 -65.11
821.2 -64.58
821.6 -64.68
822.0 -64.58
822.4 -65.02
822.8 -64.86
823.2 -64.35
823.6 -65.34
824.0 -64.74
824.4 -65.06
824.8 -65.0
825.2 -64.73
825.6 -64.78
826.0 -65.18
826.4 -64.49
826.8 -64.57
827.2 -64.5
827.6 -64.99
828.0 -64.33
828.4 -64.15
828.8 -64.54
829.2 -64.58
829.6 -64.32
830.0 -64.47
830.4 -64.93
830.8 -64.94
831.2 -64.54
831.6 -64.42
832.0 -64.78
832.4 -64.79
832.8 -63.44
833.2 -64.2
833.6 -63.88
834.0 -63.89
834.4 -63.54
834.8 -64.5
835.2 -63.48
835.6 -64.69
836.0 -63.85
836.4 -63.59
836.8 -64.13
837.2 -63.8
837.6 -63.74
838.0 -63.29
838.4 -63.85
838.8 -63.74
839.2 -63.97
839.6 -64.01
840.0 -64.35
840.4 -63.97
840.8 -63.99
841.2 -63.69
841.6 -63.59
842.0 -63.7
842.4 -63.68
842.8 -63.83
843.2 -64.03
843.6 -63.87
844.0 -63.75
844.4 -64.15
844.8 -64.06
845.2 -64.16
845.6 -63.53
846.0 -63.81
846.4 -64.0
846.8 -63.77
847.2 -63.8
847.6 -63.81
848.0 -63.17
848.4 -63.59
848.8 -64.11
849.2 -64.03
849.6 -63.57
850.0 -64.0
850.4 -63.45
850.8 -63.97
851.2 -63.23
851.6 -63.42
852.0 -63.15
852.4 -63.18
852.8 -63.2
853.2 -62.93
853.6 -63.73
854.0 -63.63
854.4 -63.32
854.8 -63.22
855.2 -63.34
855.6 -63.54
856.0 -63.39
856.4 -63.2
856.8 -63.49
857.2 -63.33
857.6 -63.45
858.0 -63.3
858.4 -63.13
858.8 -63.26
859.2 -63.32
859.6 -63.0
860.0 -62.73
860.4 -63.2
860.8 -62.7
861.2 -62.87
861.6 -62.94
862.0 -62.78
862.4 -62.83
862.8 -62.84
863.2 -62.54
863.6 -62.81
864.0 -62.95
864.4 -62.5
864.8 -62.69
865.2 -62.53
865.6 -62.79
866.0 -62.49
866.4 -62.52
866.8 -62.68
867.2 -62.77
867.6 -62.62
868.0 -63.0
868.4 -62.91
868.8 -62.99
869.2 -62.53
869.6 -63.28
870.0 -62.49
870.4 -62.32
870.8 -62.59
871.2 -62.64
871.6 -62.79
872.0 -62.49
872.4 -62.45
872.8 -62.69
873.2 -62.64
873.6 -62.14
874.0 -62.56
874.4 -62.43
874.8 -62.72
875.2 -62.59
875.6 -62.47
876.0 -62.34
876.4 -62.46
876.8 -62.49
877.2 -62.26
877.6 -62.17
878.0 -62.19
878.4 -62.17
878.8 -62.55
879.2 -62.27
879.6 -62.11
880.0 -62.24
880.4 -62.0
880.8 -62.22
881.2 -62.14
881.6 -62.56
882.0 -62.36
882.4 -62.19
882.8 -62.43
883.2 -61.98
883.6 -62.15
884.0 -62.08
884.4 -62.6
884.8 -61.97
885.2 -62.1
885.6 -62.1
886.0 -62.11
886.4 -62.46
886.8 -62.05
887.2 -61.79
887.6 -61.76
888.0 -61.86
888.4 -62.26
888.8 -62.3
889.2 -62.0
889.6 -62.0
890.0 -61.8
890.4 -62.08
890.8 -62.1
891.2 -61.88
891.6 -62.06
892.0 -61.91
892.4 -61.58
892.8 -61.88
893.2 -61.66
893.6 -62.21
894.0 -61.94
894.4 -61.89
894.8 -61.95
895.2 -61.9
895.6 -61.59
896.0 -61.87
896.4 -61.87
896.8 -61.54
897.2 -61.42
897.6 -61.97
898.0 -61.53
898.4 -61.6
898.8 -61.68
899.2 -61.87
899.6 -61.56
900.0 -61.78
900.4 -61.63
900.8 -61.8
901.2 -61.68
901.6 -61.61
902.0 -61.36
902.4 -61.96
902.8 -61.71
903.2 -61.34
903.6 -61.43
904.0 -61.51
904.4 -61.59
904.8 -61.31
905.2 -61.49
905.6 -61.56
906.0 -61.68
906.4 -61.18
906.8 -61.23
907.2 -61.41
907.6 -61.41
908.0 -61.28
908.4 -61.03
908.8 -61.45
909.2 -60.98
909.6 -61.15
910.0 -61.15
910.4 -61.15
910.8 -61.22
911.2 -61.22
911.6 -61.37
912.0 -61.17
912.4 -60.9
912.8 -61.12
913.2 -61.18
913.6 -60.94
914.0 -61.02
914.4 -61.1
914.8 -60.76
915.2 -61.07
915.6 -60.95
916.0 -61.14
916.4 -60.79
916.8 -61.11
917.2 -60.94
917.6 -61.0
918.0 -61.13
918.4 -61.11
918.8 -60.8
919.2 -60.77
919.6 -60.77
920.0 -60.94
920.4 -60.88
920.8 -60.64
921.2 -60.86
921.6 -60.91
922.0 -60.65
922.4 -60.87
922.8 -60.77
923.2 -60.39
923.6 -60.6
924.0 -60.66
924.4 -60.61
924.8 -60.36
925.2 -60.67
925.6 -60.51
926.0 -60.36
926.4 -60.45
926.8 -60.28
927.2 -60.5
927.6 -60.34
928.0 -60.26
928.4 -60.32
928.8 -60.2
929.2 -60.18
929.6 -60.41
930.0 -60.18
930.4 -60.33
930.8 -60.16
931.2 -60.01
931.6 -60.29
932.0 -60.0
932.4 -60.03
932.8 -59.9
933.2 -59.89
933.6 -60.0
934.0 -60.18
934.4 -60.05
934.8 -59.97
935.2 -59.9
935.6 -59.97
936.0 -59.95
936.4 -59.98
936.8 -60.04
937.2 -59.93
937.6 -59.94
938.0 -60.06
938.4 -59.83
938.8 -59.72
939.2 -59.75
939.6 -59.73
940.0 -59.9
940.4 -59.72
940.8 -59.71
941.2 -59.65
941.6 -59.54
942.0 -59.66
942.4 -59.84
942.8 -59.51
943.2 -59.84
943.6 -59.85
944.0 -59.5
944.4 -59.36
944.8 -59.62
945.2 -59.51
945.6 -59.39
946.0 -59.41
946.4 -59.38
946.8 -59.44
947.2 -59.43
947.6 -59.5
948.0 -59.45
948.4 -59.2
948.8 -59.28
949.2 -59.41
949.6 -59.37
950.0 -59.27
950.4 -59.22
950.8 -59.39
951.2 -59.27
951.6 -59.27
952.0 -59.23
952.4 -59.22
952.8 -59.19
953.2 -59.14
953.6 -59.23
954.0 -59.17
954.4 -59.31
954.8 -59.28
955.2 -59.28
955.6 -59.2
956.0 -59.22
956.4 -59.12
956.8 -59.13
957.2 -59.2
957.6 -59.16
958.0 -59.13
958.4 -59.15
958.8 -59.17
959.2 -59.2
959.6 -59.06
960.0 -59.05
960.4 -58.87
960.8 -58.87
961.2 -58.82
961.6 -58.87
962.0 -58.99
962.4 -58.78
962.8 -58.76
963.2 -58.82
963.6 -58.83
964.0 -58.8
964.4 -58.74
964.8 -58.77
965.2 -58.67
965.6 -58.57
966.0 -58.63
966.4 -58.54
966.8 -58.7
967.2 -58.66
967.6 -58.76
968.0 -58.46
968.4 -58.67
968.8 -58.61
969.2 -58.76
969.6 -58.76
970.0 -58.51
970.4 -58.72
970.8 -58.63
971.2 -58.67
971.6 -58.65
972.0 -58.61
972.4 -58.6
972.8 -58.61
973.2 -58.7
973.6 -58.76
974.0 -58.77
974.4 -58.62
974.8 -58.83
975.2 -58.85
975.6 -59.03
976.0 -58.82
976.4 -59.04
976.8 -58.85
977.2 -59.04
977.6 -58.99
978.0 -58.98
978.4 -58.91
978.8 -59.07
979.2 -58.96
979.6 -59.06
980.0 -59.17
980.4 -58.9
980.8 -58.97
981.2 -58.84
981.6 -58.84
982.0 -58.82
982.4 -58.8
982.8 -58.77
983.2 -58.67
983.6 -58.71
984.0 -58.5
984.4 -58.42
984.8 -58.4
985.2 -58.57
985.6 -58.34
986.0 -58.36
986.4 -58.26
986.8 -58.25
987.2 -58.06
987.6 -58.21
988.0 -58.09
988.4 -58.24
988.8 -58.1
989.2 -58.07
989.6 -58.01
990.0 -57.95
990.4 -57.96
990.8 -58.05
991.2 -57.95
991.6 -57.92
992.0 -57.89
992.4 -57.77
992.8 -57.85
993.2 -57.88
993.6 -57.67
994.0 -57.8
994.4 -57.75
994.8 -57.88
995.2 -57.9
995.6 -57.85
996.0 -57.91
996.4 -57.9
996.8 -58.05
997.2 -57.88
997.6 -58.09
998.0 -58.07
998.4 -58.17
998.8 -58.1
999.2 -58.04
999.6 -58.11
1000.0 -57.9
