600.0 -71.13
600.4 -75.7
600.8 -78.16
601.2 -210.0
601.6 -210.0
602.0 -210.0
602.4 -72.82
602.8 -73.52
603.2 -210.0
603.6 -79.59
604.0 -74.4
604.4 -79.64
604.8 -210.0
605.2 -72.16
605.6 -68.81
606.0 -210.0
606.4 -70.57
606.8 -71.57
607.2 -69.82
607.6 -210.0
608.0 -76.87
608.4 -210.0
608.8 -69.02
609.2 -210.0
609.6 -73.29
610.0 -72.47
610.4 -71.19
610.8 -210.0
611.2 -71.84
611.6 -71.07
612.0 -72.59
612.4 -77.14
612.8 -78.92
613.2 -210.0
613.6 -71.57
614.0 -69.45
614.4 -73.57
614.8 -210.0
615.2 -210.0
615.6 -210.0
616.0 -210.0
616.4 -210.0
616.8 -85.18
617.2 -85.21
617.6 -73.76
618.0 -71.45
618.4 -210.0
618.8 -78.31
619.2 -74.53
619.6 -71.73
620.0 -70.45
620.4 -71.08
620.8 -71.1
621.2 -75.9
621.6 -75.92
622.0 -210.0
622.4 -73.21
622.8 -70.92
623.2 -73.26
623.6 -71.28
624.0 -210.0
624.4 -70.33
624.8 -210.0
625.2 -72.91
625.6 -72.93
626.0 -72.13
626.4 -70.71
626.8 -210.0
627.2 -71.5
627.6 -70.05
628.0 -68.88
628.4 -71.27
628.8 -81.14
629.2 -73.63
629.6 -72.35
630.0 -69.76
630.4 -72.8
630.8 -73.27
631.2 -70.77
631.6 -74.65
632.0 -77.11
632.4 -69.27
632.8 -72.06
633.2 -71.76
633.6 -68.55
634.0 -72.14
634.4 -69.78
634.8 -76.35
635.2 -76.83
635.6 -70.28
636.0 -69.53
636.4 -71.55
636.8 -71.18
637.2 -69.99
637.6 -70.02
638.0 -74.28
638.4 -71.43
638.8 -68.65
639.2 -69.86
639.6 -70.79
640.0 -69.03
640.4 -71.72
640.8 -73.59
641.2 -68.52
641.6 -68.89
642.0 -69.84
642.4 -67.56
642.8 -68.93
643.2 -69.32
643.6 -69.28
644.0 -68.77
644.4 -68.68
644.8 -70.64
645.2 -67.38
645.6 -69.46
646.0 -69.35
646.4 -69.46
646.8 -68.06
647.2 -68.63
647.6 -68.97
648.0 -71.12
648.4 -68.15
648.8 -69.41
649.2 -69.24
649.6 -68.36
650.0 -68.12
650.4 -68.86
650.8 -68.81
651.2 -70.38
651.6 -68.23
652.0 -69.11
652.4 -69.57
652.8 -67.42
653.2 -67.64
653.6 -68.45
654.0 -68.3
654.4 -68.15
654.8 -68.11
655.2 -68.11
655.6 -69.08
656.0 -68.27
656.4 -68.03
656.8 -67.75
657.2 -68.23
657.6 -67.46
658.0 -68.43
658.4 -67.07
658.8 -68.88
659.2 -68.55
659.6 -67.73
660.0 -68.56
660.4 -67.16
660.8 -68.72
661.2 -66.83
661.6 -68.15
662.0 -67.4
662.4 -67.7
662.8 -66.9
663.2 -67.4
663.6 -66.69
664.0 -67.44
664.4 -66.94
664.8 -67.24
665.2 -67.24
665.6 -67.87
666.0 -68.72
666.4 -67.13
666.8 -66.62
667.2 -66.83
667.6 -67.2
668.0 -66.39
668.4 -68.45
668.8 -66.69
669.2 -68.2
669.6 -66.52
670.0 -66.82
670.4 -67.39
670.8 -67.22
671.2 -67.34
671.6 -67.14
672.0 -66.14
672.4 -67.41
672.8 -67.01
673.2 -67.32
673.6 -67.12
674.0 -67.87
674.4 -66.12
674.8 -67.38
675.2 -66.84
675.6 -68.19
676.0 -67.37
676.4 -66.23
676.8 -67.01
677.2 -67.24
677.6 -67.93
678.0 -66.6
678.4 -66.89
678.8 -67.14
679.2 -66.56
679.6 -66.01
680.0 -65.82
680.4 -66.22
680.8 -66.24
681.2 -67.12
681.6 -67.11
682.0 -66.32
682.4 -66.38
682.8 -67.09
683.2 -65.78
683.6 -66.46
684.0 -66.93
684.4 -66.35
684.8 -67.75
685.2 -67.3
685.6 -66.72
686.0 -66.47
686.4 -66.64
686.8 -66.16
687.2 -66.85
687.6 -66.28
688.0 -66.12
688.4 -67.39
688.8 -67.1
689.2 -66.86
689.6 -66.57
690.0 -66.85
690.4 -66.58
690.8 -67.11
691.2 -66.4
691.6 -66.43
692.0 -66.35
692.4 -65.8
692.8 -66.45
693.2 -66.37
693.6 -66.04
694.0 -66.5
694.4 -66.02
694.8 -66.45
695.2 -67.25
695.6 -65.91
696.0 -66.09
696.4 -66.22
696.8 -66.53
697.2 -66.38
697.6 -65.73
698.0 -66.54
698.4 -66.5
698.8 -66.91
699.2 -66.11
699.6 -65.92
700.0 -66.2
700.4 -65.68
700.8 -67.3
701.2 -65.7
701.6 -66.15
702.0 -65.78
702.4 -66.03
702.8 -67.58
703.2 -66.5
703.6 -66.22
704.0 -65.91
704.4 -65.65
704.8 -65.77
705.2 -66.81
705.6 -66.15
706.0 -65.31
706.4 -66.95
706.8 -65.81
707.2 -66.59
707.6 -66.86
708.0 -65.88
708.4 -66.0
708.8 -65.75
709.2 -66.27
709.6 -65.83
710.0 -67.16
710.4 -65.63
710.8 -67.51
711.2 -66.58
711.6 -66.06
712.0 -65.52
712.4 -65.4
712.8 -65.42
713.2 -65.7
713.6 -66.01
714.0 -65.81
714.4 -65.12
714.8 -65.83
715.2 -65.48
715.6 -66.64
716.0 -65.54
716.4 -66.4
716.8 -66.48
717.2 -66.11
717.6 -66.36
718.0 -65.6
718.4 -66.24
718.8 -66.3
719.2 -65.85
719.6 -65.78
720.0 -65.71
720.4 -67.05
720.8 -66.24
721.2 -66.21
721.6 -65.83
722.0 -66.42
722.4 -66.13
722.8 -65.17
723.2 -66.19
723.6 -65.88
724.0 -65.3
724.4 -66.36
724.8 -65.01
725.2 -65.35
725.6 -65.92
726.0 -66.82
726.4 -65.59
726.8 -65.94
727.2 -65.87
727.6 -66.44
728.0 -66.21
728.4 -65.2
728.8 -65.4
729.2 -65.75
729.6 -65.99
730.0 -65.71
730.4 -65.67
730.8 -65.76
731.2 -66.18
731.6 -66.04
732.0 -66.63
732.4 -65.5
732.8 -65.96
733.2 -65.95
733.6 -66.87
734.0 -65.84
734.4 -66.57
734.8 -65.83
735.2 -66.45
735.6 -65.53
736.0 -67.92
736.4 -65.81
736.8 -66.43
737.2 -66.02
737.6 -66.62
738.0 -66.62
738.4 -65.7
738.8 -66.45
739.2 -65.22
739.6 -65.5
740.0 -65.33
740.4 -65.39
740.8 -65.96
741.2 -65.54
741.6 -65.35
742.0 -65.81
742.4 -66.2
742.8 -65.76
743.2 -66.04
743.6 -67.01
744.0 -66.07
744.4 -65.82
744.8 -66.53
745.2 -66.66
745.6 -65.17
746.0 -65.81
746.4 -65.95
746.8 -65.71
747.2 -67.07
747.6 -66.12
748.0 -66.47
748.4 -65.93
748.8 -66.34
749.2 -65.43
749.6 -66.11
750.0 -66.33
750.4 -65.61
750.8 -65.13
751.2 -66.52
751.6 -66.51
752.0 -66.15
752.4 -66.19
752.8 -66.29
753.2 -64.73
753.6 -65.34
754.0 -65.66
754.4 -65.79
754.8 -65.33
755.2 -66.34
755.6 -65.78
756.0 -66.1
756.4 -65.18
756.8 -65.87
757.2 -66.36
757.6 -64.81
758.0 -65.97
758.4 -65.74
758.8 -66.55
759.2 -65.73
759.6 -66.33
760.0 -65.13
760.4 -64.87
760.8 -67.01
761.2 -65.71
761.6 -65.89
762.0 -66.47
762.4 -66.86
762.8 -67.13
763.2 -65.32
763.6 -66.25
764.0 -65.79
764.4 -66.05
764.8 -65.74
765.2 -65.78
765.6 -66.07
766.0 -66.18
766.4 -65.73
766.8 -65.48
767.2 -65.72
767.6 -66.29
768.0 -65.18
768.4 -65.37
768.8 -65.39
769.2 -66.07
769.6 -65.85
770.0 -66.87
770.4 -66.34
770.8 -65.59
771.2 -65.91
771.6 -65.16
772.0 -65.75
772.4 -66.01
772.8 -65.12
773.2 -66.33
773.6 -64.99
774.0 -65.2
774.4 -64.89
774.8 -66.24
775.2 -65.33
775.6 -66.2
776.0 -64.79
776.4 -65.32
776.8 -65.59
777.2 -65.29
777.6 -65.7
778.0 -67.07
778.4 -65.72
778.8 -64.99
779.2 -66.14
779.6 -65.48
780.0 -65.61
780.4 -65.33
780.8 -65.08
781.2 -64.86
781.6 -65.93
782.0 -66.67
782.4 -66.08
782.8 -66.04
783.2 -65.31
783.6 -66.19
784.0 -64.53
784.4 -65.21
784.8 -64.98
785.2 -65.61
785.6 -65.83
786.0 -65.98
786.4 -64.82
786.8 -66.64
787.2 -65.97
787.6 -65.0
788.0 -65.75
788.4 -66.33
788.8 -65.15
789.2 -65.85
789.6 -65.18
790.0 -65.02
790.4 -65.8
790.8 -65.55
791.2 -65.33
791.6 -65.01
792.0 -65.04
792.4 -64.76
792.8 -65.39
793.2 -65.42
793.6 -65.03
794.0 -64.4
794.4 -65.41
794.8 -65.77
795.2 -65.41
795.6 -65.65
796.0 -65.04
796.4 -65.69
796.8 -64.39
797.2 -66.14
797.6 -64.84
798.0 -65.83
798.4 -65.21
798.8 -65.18
799.2 -65.74
799.6 -65.02
800.0 -64.98
800.4 -65.1
800.8 -64.53
801.2 -65.67
801.6 -64.8
802.0 -65.52
802.4 -64.65
802.8 -64.25
803.2 -64.93
803.6 -64.25
804.0 -64.56
804.4 -64.36
804.8 -63.78
805.2 -64.5
805.6 -63.77
806.0 -62.49
806.4 -61.13
806.8 -58.03
807.2 -54.15
807.6 -50.21
808.0 -48.8
808.4 -49.89
808.8 -50.63
809.2 -54.5
809.6 -61.22
810.0 -63.99
810.4 -63.47
810.8 -64.01
811.2 -64.37
811.6 -64.54
812.0 -65.25
812.4 -63.41
812.8 -64.71
813.2 -64.3
813.6 -64.53
814.0 -64.53
814.4 -64.71
814.8 -64.28
815.2 -64.83
815.6 -64.53
816.0 -65.03
816.4 -65.2
816.8 -63.92
817.2 -64.1
817.6 -65.0
818.0 -65.0
818.4 -65.29
818.8 -64.15
819.2 -64.09
819.6 -63.48
820.0 -64.08
820.4 -64.94
820.8 -64.46
821.2 -64.15
821.6 -64.27
822.0 -64.35
822.4 -64.47
822.8 -64.31
823.2 -64.23
823.6 -64.78
824.0 -64.66
824.4 -65.03
824.8 -63.63
825.2 -64.25
825.6 -64.32
826.0 -64.25
826.4 -63.98
826.8 -64.29
827.2 -63.98
827.6 -64.6
828.0 -64.33
828.4 -64.53
828.8 -64.87
829.2 -65.03
829.6 -63.67
830.0 -64.5
830.4 -64.63
830.8 -64.37
831.2 -64.79
831.6 -64.81
832.0 -65.43
832.4 -64.89
832.8 -65.21
833.2 -64.78
833.6 -64.41
834.0 -64.11
834.4 -64.65
834.8 -64.3
835.2 -64.16
835.6 -64.47
836.0 -63.87
836.4 -64.78
836.8 -64.62
837.2 -64.83
837.6 -65.12
838.0 -64.24
838.4 -64.71
838.8 -64.3
839.2 -64.71
839.6 -65.42
840.0 -65.16
840.4 -64.33
840.8 -64.49
841.2 -65.33
841.6 -64.47
842.0 -65.02
842.4 -65.01
842.8 -64.61
843.2 -65.42
843.6 -64.98
844.0 -64.98
844.4 -64.65
844.8 -64.58
845.2 -64.6
845.6 -64.51
846.0 -65.26
846.4 -64.68
846.8 -65.07
847.2 -65.58
847.6 -65.38
848.0 -65.35
848.4 -65.01
848.8 -65.56
849.2 -65.48
849.6 -64.74
850.0 -64.98
850.4 -64.8
850.8 -64.93
851.2 -65.11
851.6 -65.46
852.0 -64.61
852.4 -64.7
852.8 -65.5
853.2 -64.73
853.6 -65.07
854.0 -64.95
854.4 -65.21
854.8 -64.88
855.2 -64.79
855.6 -64.41
856.0 -65.38
856.4 -64.96
856.8 -64.98
857.2 -65.07
857.6 -65.26
858.0 -65.34
858.4 -65.51
858.8 -65.38
859.2 -65.23
859.6 -65.62
860.0 -65.22
860.4 -65.22
860.8 -65.04
861.2 -64.81
861.6 -65.25
862.0 -65.56
862.4 -66.43
862.8 -65.64
863.2 -65.37
863.6 -64.87
864.0 -65.6
864.4 -64.72
864.8 -65.59
865.2 -65.83
865.6 -65.24
866.0 -66.43
866.4 -64.88
866.8 -64.95
867.2 -66.02
867.6 -65.53
868.0 -65.08
868.4 -65.8
868.8 -65.85
869.2 -65.68
869.6 -66.16
870.0 -65.45
870.4 -65.57
870.8 -65.86
871.2 -65.32
871.6 -66.12
872.0 -66.62
872.4 -64.78
872.8 -65.35
873.2 -66.0
873.6 -66.38
874.0 -66.09
874.4 -66.11
874.8 -66.2
875.2 -65.85
875.6 -65.84
876.0 -66.18
876.4 -65.54
876.8 -65.64
877.2 -65.27
877.6 -66.09
878.0 -65.43
878.4 -66.21
878.8 -65.95
879.2 -65.84
879.6 -65.72
880.0 -65.26
880.4 -65.48
880.8 -66.15
881.2 -66.15
881.6 -65.59
882.0 -65.54
882.4 -65.98
882.8 -66.31
883.2 -65.5
883.6 -66.74
884.0 -65.88
884.4 -65.64
884.8 -65.19
885.2 -65.75
885.6 -66.4
886.0 -65.72
886.4 -66.37
886.8 -66.96
887.2 -65.86
887.6 -66.5
888.0 -65.9
888.4 -65.8
888.8 -65.26
889.2 -65.31
889.6 -66.32
890.0 -66.45
890.4 -65.7
890.8 -66.39
891.2 -65.74
891.6 -65.86
892.0 -66.16
892.4 -65.66
892.8 -66.34
893.2 -66.55
893.6 -65.7
894.0 -65.77
894.4 -65.93
894.8 -66.03
895.2 -66.23
895.6 -65.87
896.0 -66.48
896.4 -65.91
896.8 -65.83
897.2 -65.8
897.6 -65.8
898.0 -65.93
898.4 -66.19
898.8 -66.07
899.2 -66.3
899.6 -66.91
900.0 -66.41
900.4 -65.28
900.8 -66.43
901.2 -66.17
901.6 -66.65
902.0 -65.87
902.4 -66.93
902.8 -65.74
903.2 -66.62
903.6 -66.18
904.0 -65.85
904.4 -66.33
904.8 -66.05
905.2 -66.45
905.6 -66.06
906.0 -66.3
906.4 -66.98
906.8 -66.62
907.2 -65.95
907.6 -66.07
908.0 -66.08
908.4 -66.41
908.8 -66.63
909.2 -66.24
909.6 -66.71
910.0 -66.73
910.4 -66.06
910.8 -66.1
911.2 -66.78
911.6 -66.14
912.0 -67.88
912.4 -66.76
912.8 -65.87
913.2 -67.0
913.6 -66.22
914.0 -67.11
914.4 -67.01
914.8 -67.03
915.2 -68.02
915.6 -66.58
916.0 -67.23
916.4 -66.08
916.8 -66.06
917.2 -66.59
917.6 -67.19
918.0 -66.25
918.4 -66.67
918.8 -67.24
919.2 -66.48
919.6 -66.89
920.0 -66.43
920.4 -67.27
920.8 -67.71
921.2 -66.82
921.6 -67.9
922.0 -67.24
922.4 -66.51
922.8 -67.61
923.2 -67.54
923.6 -66.97
924.0 -66.16
924.4 -68.33
924.8 -66.96
925.2 -66.85
925.6 -67.65
926.0 -67.71
926.4 -68.0
926.8 -67.28
927.2 -67.4
927.6 -67.21
928.0 -67.07
928.4 -66.2
928.8 -66.68
929.2 -66.87
929.6 -67.47
930.0 -67.16
930.4 -68.43
930.8 -67.53
931.2 -67.38
931.6 -66.32
932.0 -68.31
932.4 -67.01
932.8 -66.97
933.2 -67.91
933.6 -68.39
934.0 -67.84
934.4 -67.33
934.8 -68.14
935.2 -67.49
935.6 -68.14
936.0 -68.81
936.4 -67.96
936.8 -68.05
937.2 -67.11
937.6 -67.82
938.0 -68.02
938.4 -67.97
938.8 -67.49
939.2 -67.7
939.6 -68.17
940.0 -67.74
940.4 -68.29
940.8 -67.7
941.2 -68.56
941.6 -68.04
942.0 -68.1
942.4 -68.23
942.8 -67.63
943.2 -68.08
943.6 -68.2
944.0 -67.89
944.4 -67.24
944.8 -67.84
945.2 -67.55
945.6 -67.86
946.0 -68.27
946.4 -67.94
946.8 -67.78
947.2 -68.96
947.6 -67.69
948.0 -67.68
948.4 -68.39
948.8 -67.5
949.2 -68.24
949.6 -68.29
950.0 -68.68
950.4 -67.49
950.8 -67.61
951.2 -67.55
951.6 -67.88
952.0 -68.64
952.4 -67.75
952.8 -67.91
953.2 -68.41
953.6 -68.12
954.0 -68.36
954.4 -67.64
954.8 -68.4
955.2 -68.58
955.6 -68.17
956.0 -67.52
956.4 -67.88
956.8 -68.12
957.2 -67.84
957.6 -67.6
958.0 -68.41
958.4 -68.06
958.8 -67.19
959.2 -68.13
959.6 -68.09
960.0 -68.14
960.4 -67.49
960.8 -67.9
961.2 -67.71
961.6 -68.42
962.0 -68.46
962.4 -66.99
962.8 -67.77
963.2 -67.13
963.6 -68.13
964.0 -67.43
964.4 -68.19
964.8 -67.37
965.2 -67.07
965.6 -67.4
966.0 -67.34
966.4 -66.85
966.8 -66.91
967.2 -67.64
967.6 -67.42
968.0 -68.11
968.4 -68.29
968.8 -68.19
969.2 -67.77
969.6 -67.64
970.0 -67.92
970.4 -67.93
970.8 -67.9
971.2 -68.41
971.6 -67.86
972.0 -68.07
972.4 -67.3
972.8 -67.86
973.2 -67.72
973.6 -67.37
974.0 -67.77
974.4 -67.63
974.8 -67.8
975.2 -67.45
975.6 -67.43
976.0 -67.3
976.4 -67.42
976.8 -67.53
977.2 -68.01
977.6 -68.02
978.0 -67.46
978.4 -66.78
978.8 -67.35
979.2 -67.72
979.6 -67.73
980.0 -66.98
980.4 -66.76
980.8 -67.19
981.2 -67.11
981.6 -67.6
982.0 -67.26
982.4 -67.04
982.8 -66.72
983.2 -66.96
983.6 -67.01
984.0 -66.8
984.4 -66.86
984.8 -66.47
985.2 -66.79
985.6 -66.7
986.0 -66.34
986.4 -66.83
986.8 -66.13
987.2 -66.45
987.6 -66.28
988.0 -66.4
988.4 -66.31
988.8 -65.91
989.2 -66.0
989.6 -65.6
990.0 -65.76
990.4 -65.61
990.8 -65.2
991.2 -65.52
991.6 -65.44
992.0 -65.44
992.4 -65.44
992.8 -65.32
993.2 -65.31
993.6 -65.08
994.0 -65.0
994.4 -64.92
994.8 -64.92
995.2 -65.16
995.6 -64.77
996.0 -64.86
996.4 -65.15
996.8 -64.98
997.2 -64.78
997.6 -65.03
998.0 -64.92
998.4 -64.78
998.8 -64.89
999.2 -64.77
999.6 -64.82
1000.0 -64.61
