600.0 -72.09
600.4 -210.0
600.8 -210.0
601.2 -69.29
601.6 -210.0
602.0 -210.0
602.4 -78.26
602.8 -70.7
603.2 -210.0
603.6 -70.94
604.0 -69.92
604.4 -78.39
604.8 -210.0
605.2 -84.47
605.6 -69.72
606.0 -73.73
606.4 -81.54
606.8 -77.59
607.2 -71.81
607.6 -79.85
608.0 -75.62
608.4 -210.0
608.8 -73.24
609.2 -72.68
609.6 -81.75
610.0 -72.73
610.4 -80.03
610.8 -210.0
611.2 -210.0
611.6 -73.41
612.0 -74.9
612.4 -74.13
612.8 -69.89
613.2 -73.83
613.6 -81.99
614.0 -68.2
614.4 -69.59
614.8 -78.08
615.2 -73.62
615.6 -68.67
616.0 -72.58
616.4 -71.73
616.8 -210.0
617.2 -75.66
617.6 -71.42
618.0 -69.23
618.4 -69.25
618.8 -210.0
619.2 -210.0
619.6 -71.03
620.0 -73.32
620.4 -70.77
620.8 -210.0
621.2 -71.64
621.6 -75.47
622.0 -72.71
622.4 -70.33
622.8 -73.24
623.2 -71.25
623.6 -210.0
624.0 -70.7
624.4 -74.85
624.8 -71.52
625.2 -70.92
625.6 -73.16
626.0 -71.27
626.4 -72.34
626.8 -72.37
627.2 -70.9
627.6 -76.3
628.0 -210.0
628.4 -78.11
628.8 -70.73
629.2 -75.94
629.6 -73.66
630.0 -70.55
630.4 -71.71
630.8 -73.27
631.2 -71.61
631.6 -73.11
632.0 -70.83
632.4 -71.7
632.8 -68.72
633.2 -69.8
633.6 -80.23
634.0 -71.1
634.4 -71.26
634.8 -78.56
635.2 -70.69
635.6 -71.93
636.0 -70.75
636.4 -72.15
636.8 -80.47
637.2 -72.05
637.6 -69.65
638.0 -68.73
638.4 -73.19
638.8 -69.57
639.2 -72.05
639.6 -69.46
640.0 -68.22
640.4 -70.65
640.8 -70.9
641.2 -73.42
641.6 -70.97
642.0 -72.0
642.4 -68.5
642.8 -69.59
643.2 -69.95
643.6 -68.87
644.0 -67.1
644.4 -70.7
644.8 -72.7
645.2 -69.8
645.6 -70.71
646.0 -68.95
646.4 -69.99
646.8 -68.16
647.2 -68.19
647.6 -68.03
648.0 -71.22
648.4 -67.76
648.8 -70.21
649.2 -70.08
649.6 -69.22
650.0 -68.69
650.4 -67.32
650.8 -67.7
651.2 -68.7
651.6 -68.49
652.0 -67.8
652.4 -69.31
652.8 -68.66
653.2 -68.6
653.6 -68.35
654.0 -69.86
654.4 -68.51
654.8 -67.2
655.2 -68.16
655.6 -67.53
656.0 -68.17
656.4 -68.17
656.8 -67.17
657.2 -68.7
657.6 -68.54
658.0 -67.18
658.4 -68.54
658.8 -67.31
659.2 -67.6
659.6 -67.56
660.0 -67.16
660.4 -67.74
660.8 -68.45
661.2 -67.7
661.6 -67.7
662.0 -67.28
662.4 -67.01
662.8 -68.2
663.2 -67.87
663.6 -68.25
664.0 -67.87
664.4 -66.3
664.8 -68.72
665.2 -68.06
665.6 -69.06
666.0 -67.96
666.4 -67.48
666.8 -67.7
667.2 -68.56
667.6 -67.92
668.0 -67.57
668.4 -67.16
668.8 -67.16
669.2 -68.2
669.6 -67.92
670.0 -67.6
670.4 -67.64
670.8 -66.78
671.2 -67.42
671.6 -66.74
672.0 -67.54
672.4 -66.84
672.8 -66.79
673.2 -66.07
673.6 -67.49
674.0 -67.04
674.4 -67.82
674.8 -66.74
675.2 -67.1
675.6 -66.88
676.0 -67.25
676.4 -66.8
676.8 -67.79
677.2 -67.2
677.6 -66.68
678.0 -67.35
678.4 -67.19
678.8 -65.98
679.2 -66.63
679.6 -66.7
680.0 -65.94
680.4 -66.48
680.8 -66.75
681.2 -67.2
681.6 -67.83
682.0 -65.88
682.4 -65.71
682.8 -66.21
683.2 -66.98
683.6 -67.45
684.0 -67.41
684.4 -67.15
684.8 -67.15
685.2 -67.65
685.6 -66.76
686.0 -66.61
686.4 -67.17
686.8 -66.36
687.2 -66.03
687.6 -67.15
688.0 -66.45
688.4 -67.89
688.8 -67.22
689.2 -67.05
689.6 -67.51
690.0 -66.85
690.4 -66.88
690.8 -67.03
691.2 -66.3
691.6 -66.47
692.0 -66.63
692.4 -66.14
692.8 -66.24
693.2 -66.2
693.6 -66.37
694.0 -66.26
694.4 -66.02
694.8 -66.38
695.2 -67.0
695.6 -65.88
696.0 -66.65
696.4 -65.65
696.8 -65.86
697.2 -65.44
697.6 -65.73
698.0 -66.44
698.4 -65.83
698.8 -66.57
699.2 -65.58
699.6 -65.41
700.0 -65.91
700.4 -67.08
700.8 -66.47
701.2 -65.7
701.6 -66.75
702.0 -66.34
702.4 -66.37
702.8 -66.19
703.2 -65.86
703.6 -66.05
704.0 -66.49
704.4 -65.87
704.8 -66.52
705.2 -67.14
705.6 -65.64
706.0 -65.94
706.4 -65.78
706.8 -65.74
707.2 -65.77
707.6 -65.64
708.0 -65.88
708.4 -65.39
708.8 -65.68
709.2 -65.23
709.6 -65.49
710.0 -65.2
710.4 -65.92
710.8 -65.59
711.2 -66.18
711.6 -66.13
712.0 -66.84
712.4 -65.67
712.8 -65.6
713.2 -65.42
713.6 -65.16
714.0 -66.32
714.4 -64.63
714.8 -65.09
715.2 -65.82
715.6 -65.67
716.0 -65.79
716.4 -66.22
716.8 -66.05
717.2 -65.58
717.6 -66.43
718.0 -65.83
718.4 -66.24
718.8 -66.12
719.2 -65.53
719.6 -66.05
720.0 -65.68
720.4 -65.43
720.8 -66.82
721.2 -66.35
721.6 -66.82
722.0 -65.15
722.4 -64.82
722.8 -67.33
723.2 -65.55
723.6 -64.79
724.0 -66.47
724.4 -66.21
724.8 -65.82
725.2 -66.13
725.6 -65.89
726.0 -65.78
726.4 -65.56
726.8 -65.9
727.2 -65.9
727.6 -66.48
728.0 -64.92
728.4 -65.73
728.8 -66.06
729.2 -64.81
729.6 -65.65
730.0 -65.42
730.4 -65.61
730.8 -65.32
731.2 -65.54
731.6 -65.54
732.0 -66.36
732.4 -65.82
732.8 -65.31
733.2 -65.78
733.6 -65.15
734.0 -65.55
734.4 -65.38
734.8 -65.32
735.2 -65.23
735.6 -65.34
736.0 -66.52
736.4 -64.9
736.8 -66.47
737.2 -65.27
737.6 -64.94
738.0 -65.14
738.4 -65.35
738.8 -65.25
739.2 -65.86
739.6 -65.79
740.0 -66.36
740.4 -65.43
740.8 -66.14
741.2 -65.2
741.6 -66.35
742.0 -65.42
742.4 -65.29
742.8 -66.15
743.2 -65.66
743.6 -66.01
744.0 -65.72
744.4 -66.26
744.8 -66.11
745.2 -65.52
745.6 -66.13
746.0 -65.95
746.4 -65.92
746.8 -65.78
747.2 -64.99
747.6 -65.67
748.0 -66.31
748.4 -65.72
748.8 -65.15
749.2 -66.8
749.6 -66.46
750.0 -65.58
750.4 -65.99
750.8 -65.98
751.2 -64.71
751.6 -65.69
752.0 -66.38
752.4 -65.05
752.8 -66.58
753.2 -65.57
753.6 -65.09
754.0 -65.66
754.4 -66.08
754.8 -64.96
755.2 -64.9
755.6 -66.18
756.0 -66.1
756.4 -65.81
756.8 -64.68
757.2 -65.02
757.6 -65.79
758.0 -65.86
758.4 -66.34
758.8 -65.74
759.2 -65.33
759.6 -64.96
760.0 -65.07
760.4 -65.62
760.8 -65.31
761.2 -65.47
761.6 -64.94
762.0 -65.92
762.4 -65.11
762.8 -64.78
763.2 -65.45
763.6 -65.91
764.0 -65.44
764.4 -65.15
764.8 -65.33
765.2 -65.74
765.6 -65.21
766.0 -65.63
766.4 -65.2
766.8 -65.22
767.2 -65.16
767.6 -65.22
768.0 -66.94
768.4 -65.44
768.8 -64.44
769.2 -65.56
769.6 -66.61
770.0 -65.35
770.4 -66.26
770.8 -65.84
771.2 -64.82
771.6 -65.48
772.0 -65.44
772.4 -65.61
772.8 -66.72
773.2 -65.37
773.6 -65.68
774.0 -64.66
774.4 -65.23
774.8 -65.6
775.2 -65.26
775.6 -65.89
776.0 -65.39
776.4 -66.57
776.8 -65.25
777.2 -64.3
777.6 -65.84
778.0 -65.87
778.4 -65.09
778.8 -65.02
779.2 -65.69
779.6 -65.38
780.0 -65.37
780.4 -66.21
780.8 -65.94
781.2 -65.82
781.6 -65.49
782.0 -63.89
782.4 -64.45
782.8 -65.67
783.2 -65.02
783.6 -64.93
784.0 -64.53
784.4 -64.67
784.8 -65.68
785.2 -65.05
785.6 -65.05
786.0 -64.6
786.4 -64.45
786.8 -65.26
787.2 -64.29
787.6 -64.48
788.0 -64.45
788.4 -64.18
788.8 -65.49
789.2 -64.28
789.6 -64.15
790.0 -64.98
790.4 -64.86
790.8 -65.17
791.2 -64.65
791.6 -64.67
792.0 -64.34
792.4 -64.01
792.8 -64.49
793.2 -65.22
793.6 -64.84
794.0 -64.92
794.4 -64.54
794.8 -64.65
795.2 -64.46
795.6 -64.64
796.0 -64.18
796.4 -63.6
796.8 -64.39
797.2 -64.69
797.6 -64.66
798.0 -64.14
798.4 -64.11
798.8 -64.51
799.2 -64.51
799.6 -65.25
800.0 -64.42
800.4 -65.24
800.8 -63.87
801.2 -64.21
801.6 -64.29
802.0 -64.57
802.4 -64.03
802.8 -64.3
803.2 -63.75
803.6 -64.01
804.0 -63.9
804.4 -63.83
804.8 -63.69
805.2 -63.76
805.6 -63.58
806.0 -63.19
806.4 -60.88
806.8 -57.36
807.2 -53.82
807.6 -49.83
808.0 -48.52
808.4 -49.39
808.8 -49.95
809.2 -53.98
809.6 -60.88
810.0 -63.06
810.4 -63.19
810.8 -64.01
811.2 -64.65
811.6 -63.55
812.0 -64.23
812.4 -63.88
812.8 -64.17
813.2 -64.72
813.6 -64.56
814.0 -64.11
814.4 -63.85
814.8 -64.06
815.2 -64.08
815.6 -63.85
816.0 -64.15
816.4 -63.36
816.8 -63.34
817.2 -63.48
817.6 -64.52
818.0 -64.06
818.4 -64.81
818.8 -63.86
819.2 -64.19
819.6 -63.83
820.0 -63.76
820.4 -64.14
820.8 -63.57
821.2 -65.09
821.6 -64.12
822.0 -64.28
822.4 -63.72
822.8 -63.75
823.2 -64.01
823.6 -64.26
824.0 -63.5
824.4 -63.53
824.8 -64.21
825.2 -63.21
825.6 -63.5
826.0 -63.85
826.4 -63.49
826.8 -63.08
827.2 -63.83
827.6 -63.27
828.0 -63.69
828.4 -63.53
828.8 -63.24
829.2 -63.6
829.6 -63.73
830.0 -64.06
830.4 -63.85
830.8 -63.64
831.2 -63.52
831.6 -63.26
832.0 -63.2
832.4 -63.85
832.8 -63.25
833.2 -63.79
833.6 -63.19
834.0 -63.74
834.4 -62.98
834.8 -63.63
835.2 -62.71
835.6 -63.46
836.0 -63.33
836.4 -63.05
836.8 -62.98
837.2 -63.25
837.6 -63.54
838.0 -63.84
838.4 -63.31
838.8 -63.53
839.2 -63.22
839.6 -63.61
840.0 -63.29
840.4 -63.36
840.8 -63.08
841.2 -63.42
841.6 -63.26
842.0 -62.71
842.4 -63.19
842.8 -63.56
843.2 -63.19
843.6 -63.24
844.0 -62.97
844.4 -63.24
844.8 -62.8
845.2 -63.47
845.6 -63.24
846.0 -63.21
846.4 -62.89
846.8 -63.57
847.2 -63.38
847.6 -63.87
848.0 -63.31
848.4 -63.28
848.8 -62.96
849.2 -63.22
849.6 -63.41
850.0 -63.24
850.4 -63.3
850.8 -63.15
851.2 -63.37
851.6 -62.9
852.0 -63.14
852.4 -62.69
852.8 -62.57
853.2 -63.31
853.6 -63.3
854.0 -63.47
854.4 -62.52
854.8 -62.98
855.2 -62.6
855.6 -63.06
856.0 -62.66
856.4 -62.9
856.8 -62.67
857.2 -63.04
857.6 -63.05
858.0 -62.38
858.4 -63.35
858.8 -62.45
859.2 -62.98
859.6 -63.47
860.0 -62.97
860.4 -62.71
860.8 -62.43
861.2 -62.63
861.6 -62.65
862.0 -62.97
862.4 -62.55
862.8 -62.67
863.2 -62.65
863.6 -63.01
864.0 -62.49
864.4 -62.89
864.8 -62.62
865.2 -62.42
865.6 -62.65
866.0 -62.74
866.4 -62.89
866.8 -63.08
867.2 -62.52
867.6 -62.67
868.0 -62.32
868.4 -62.59
868.8 -62.53
869.2 -62.42
869.6 -62.6
870.0 -62.76
870.4 -62.78
870.8 -62.52
871.2 -62.48
871.6 -62.79
872.0 -62.76
872.4 -62.59
872.8 -62.73
873.2 -62.62
873.6 -62.35
874.0 -62.68
874.4 -62.88
874.8 -62.41
875.2 -62.59
875.6 -62.67
876.0 -62.18
876.4 -62.46
876.8 -62.42
877.2 -62.38
877.6 -62.14
878.0 -62.08
878.4 -62.79
878.8 -62.18
879.2 -62.38
879.6 -62.06
880.0 -62.41
880.4 -62.03
880.8 -62.26
881.2 -61.96
881.6 -62.5
882.0 -62.37
882.4 -62.21
882.8 -62.31
883.2 -62.56
883.6 -62.15
884.0 -61.95
884.4 -62.29
884.8 -62.03
885.2 -61.89
885.6 -62.12
886.0 -62.06
886.4 -61.83
886.8 -62.23
887.2 -62.26
887.6 -61.59
888.0 -62.19
888.4 -62.3
888.8 -62.18
889.2 -62.1
889.6 -62.47
890.0 -61.58
890.4 -62.16
890.8 -62.33
891.2 -61.86
891.6 -62.04
892.0 -62.14
892.4 -62.11
892.8 -62.06
893.2 -62.36
893.6 -62.02
894.0 -61.76
894.4 -62.43
894.8 -61.92
895.2 -62.49
895.6 -62.55
896.0 -62.06
896.4 -62.02
896.8 -61.99
897.2 -62.13
897.6 -62.05
898.0 -62.02
898.4 -61.93
898.8 -62.44
899.2 -62.18
899.6 -62.09
900.0 -61.48
900.4 -61.79
900.8 -62.16
901.2 -62.21
901.6 -61.83
902.0 -62.0
902.4 -61.8
902.8 -62.1
903.2 -61.6
903.6 -61.78
904.0 -62.04
904.4 -62.17
904.8 -61.85
905.2 -61.65
905.6 -61.82
906.0 -61.85
906.4 -61.67
906.8 -61.58
907.2 -61.51
907.6 -61.7
908.0 -61.91
908.4 -61.56
908.8 -61.67
909.2 -61.68
909.6 -61.51
910.0 -61.83
910.4 -61.72
910.8 -61.81
911.2 -61.73
911.6 -61.43
912.0 -61.48
912.4 -61.4
912.8 -61.31
913.2 -60.92
913.6 -61.52
914.0 -61.53
914.4 -61.66
914.8 -61.21
915.2 -61.77
915.6 -61.45
916.0 -61.32
916.4 -61.25
916.8 -61.15
917.2 -61.25
917.6 -61.38
918.0 -61.2
918.4 -61.37
918.8 -61.34
919.2 -61.54
919.6 -61.52
920.0 -61.12
920.4 -61.33
920.8 -61.26
921.2 -61.26
921.6 -61.24
922.0 -61.27
922.4 -61.42
922.8 -61.44
923.2 -61.14
923.6 -61.17
924.0 -61.07
924.4 -61.09
924.8 -61.36
925.2 -61.04
925.6 -61.29
926.0 -61.4
926.4 -61.25
926.8 -60.98
927.2 -60.98
927.6 -61.37
928.0 -61.11
928.4 -60.97
928.8 -60.92
929.2 -60.9
929.6 -61.03
930.0 -60.88
930.4 -60.63
930.8 -60.92
931.2 -61.0
931.6 -61.02
932.0 -60.83
932.4 -61.15
932.8 -61.07
933.2 -60.99
933.6 -60.95
934.0 -61.12
934.4 -61.14
934.8 -60.91
935.2 -61.21
935.6 -61.12
936.0 -60.9
936.4 -61.11
936.8 -60.89
937.2 -61.02
937.6 -61.04
938.0 -61.08
938.4 -60.87
938.8 -61.05
939.2 -60.75
939.6 -60.93
940.0 -60.83
940.4 -60.94
940.8 -60.88
941.2 -60.97
941.6 -60.77
942.0 -60.9
942.4 -61.0
942.8 -60.89
943.2 -60.68
943.6 -60.98
944.0 -60.54
944.4 -60.63
944.8 -60.68
945.2 -60.83
945.6 -60.79
946.0 -60.65
946.4 -60.82
946.8 -60.72
947.2 -60.76
947.6 -60.79
948.0 -60.74
948.4 -60.69
948.8 -60.69
949.2 -60.89
949.6 -60.93
950.0 -60.77
950.4 -60.9
950.8 -60.81
951.2 -60.83
951.6 -60.92
952.0 -60.79
952.4 -60.67
952.8 -60.92
953.2 -60.71
953.6 -60.94
954.0 -60.69
954.4 -60.77
954.8 -60.86
955.2 -61.04
955.6 -60.93
956.0 -60.81
956.4 -60.79
956.8 -60.76
957.2 -60.59
957.6 -60.98
958.0 -60.62
958.4 -60.83
958.8 -60.8
959.2 -60.69
959.6 -60.64
960.0 -60.6
960.4 -60.72
960.8 -60.46
961.2 -60.54
961.6 -60.36
962.0 -60.52
962.4 -60.42
962.8 -60.43
963.2 -60.5
963.6 -60.33
964.0 -60.34
964.4 -60.15
964.8 -60.33
965.2 -60.21
965.6 -60.17
966.0 -60.08
966.4 -60.06
966.8 -60.16
967.2 -60.33
967.6 -60.52
968.0 -60.42
968.4 -60.3
968.8 -60.07
969.2 -60.32
969.6 -60.37
970.0 -60.26
970.4 -60.45
970.8 -60.47
971.2 -60.17
971.6 -60.45
972.0 -60.43
972.4 -60.45
972.8 -60.33
973.2 -60.48
973.6 -60.39
974.0 -60.4
974.4 -60.74
974.8 -60.6
975.2 -60.63
975.6 -60.72
976.0 -60.56
976.4 -60.65
976.8 -60.71
977.2 -60.85
977.6 -60.61
978.0 -60.59
978.4 -60.71
978.8 -60.88
979.2 -60.76
979.6 -60.87
980.0 -60.72
980.4 -60.72
980.8 -60.6
981.2 -60.51
981.6 -60.56
982.0 -60.57
982.4 -60.5
982.8 -60.19
983.2 -60.34
983.6 -60.09
984.0 -60.17
984.4 -60.06
984.8 -60.1
985.2 -59.9
985.6 -59.92
986.0 -60.08
986.4 -59.99
986.8 -59.73
987.2 -59.99
987.6 -59.81
988.0 -59.75
988.4 -59.67
988.8 -59.8
989.2 -59.73
989.6 -59.56
990.0 -59.5
990.4 -59.54
990.8 -59.64
991.2 -59.53
991.6 -59.54
992.0 -59.41
992.4 -59.42
992.8 -59.58
993.2 -59.52
993.6 -59.28
994.0 -59.41
994.4 -59.49
994.8 -59.37
995.2 -59.34
995.6 -59.35
996.0 -59.39
996.4 -59.44
996.8 -59.32
997.2 -59.36
997.6 -59.43
998.0 -59.43
998.4 -59.56
998.8 -59.51
999.2 -59.49
999.6 -59.51
1000.0 -59.57
