600.0 -210.0
600.4 -71.15
600.8 -70.04
601.2 -210.0
601.6 -210.0
602.0 -71.26
602.4 -69.23
602.8 -210.0
603.2 -210.0
603.6 -70.39
604.0 -72.09
604.4 -70.99
604.8 -74.03
605.2 -210.0
605.6 -210.0
606.0 -210.0
606.4 -73.08
606.8 -72.27
607.2 -72.55
607.6 -70.48
608.0 -71.23
608.4 -70.53
608.8 -73.91
609.2 -75.18
609.6 -70.44
610.0 -80.0
610.4 -74.81
610.8 -71.6
611.2 -81.84
611.6 -75.84
612.0 -210.0
612.4 -210.0
612.8 -210.0
613.2 -74.17
613.6 -72.21
614.0 -210.0
614.4 -71.23
614.8 -69.75
615.2 -210.0
615.6 -210.0
616.0 -210.0
616.4 -74.36
616.8 -71.2
617.2 -210.0
617.6 -210.0
618.0 -210.0
618.4 -210.0
618.8 -82.29
619.2 -77.54
619.6 -82.34
620.0 -210.0
620.4 -72.17
620.8 -73.11
621.2 -79.42
621.6 -74.67
622.0 -80.72
622.4 -76.48
622.8 -71.74
623.2 -75.57
623.6 -70.97
624.0 -210.0
624.4 -69.62
624.8 -80.89
625.2 -71.55
625.6 -77.93
626.0 -210.0
626.4 -73.72
626.8 -74.33
627.2 -210.0
627.6 -75.85
628.0 -73.08
628.4 -210.0
628.8 -210.0
629.2 -69.21
629.6 -72.35
630.0 -76.45
630.4 -210.0
630.8 -81.28
631.2 -77.05
631.6 -210.0
632.0 -210.0
632.4 -81.4
632.8 -73.42
633.2 -72.09
633.6 -70.69
634.0 -73.28
634.4 -72.0
634.8 -70.32
635.2 -70.14
635.6 -72.26
636.0 -72.29
636.4 -77.43
636.8 -69.87
637.2 -76.98
637.6 -71.5
638.0 -74.54
638.4 -72.81
638.8 -69.09
639.2 -69.86
639.6 -210.0
640.0 -74.69
640.4 -70.98
640.8 -83.81
641.2 -74.06
641.6 -78.43
642.0 -70.1
642.4 -210.0
642.8 -70.87
643.2 -75.56
643.6 -71.04
644.0 -71.07
644.4 -70.32
644.8 -70.64
645.2 -71.08
645.6 -74.46
646.0 -72.36
646.4 -72.69
646.8 -70.73
647.2 -70.31
647.6 -72.37
648.0 -71.43
648.4 -76.7
648.8 -71.1
649.2 -72.38
649.6 -70.53
650.0 -70.71
650.4 -71.28
650.8 -71.82
651.2 -72.85
651.6 -68.87
652.0 -74.84
652.4 -71.84
652.8 -72.07
653.2 -70.0
653.6 -71.73
654.0 -71.31
654.4 -71.52
654.8 -71.12
655.2 -72.88
655.6 -71.22
656.0 -71.04
656.4 -75.62
656.8 -70.11
657.2 -69.22
657.6 -73.2
658.0 -70.12
658.4 -71.05
658.8 -68.99
659.2 -71.66
659.6 -69.76
660.0 -69.18
660.4 -71.26
660.8 -68.72
661.2 -71.57
661.6 -70.79
662.0 -69.5
662.4 -70.71
662.8 -70.88
663.2 -70.21
663.6 -70.21
664.0 -70.21
664.4 -71.67
664.8 -69.57
665.2 -70.14
665.6 -68.94
666.0 -71.26
666.4 -69.7
666.8 -68.77
667.2 -69.5
667.6 -70.14
668.0 -69.31
668.4 -69.63
668.8 -69.12
669.2 -69.12
669.6 -68.3
670.0 -68.82
670.4 -70.36
670.8 -70.52
671.2 -69.1
671.6 -68.13
672.0 -69.09
672.4 -69.21
672.8 -70.1
673.2 -70.17
673.6 -69.02
674.0 -70.83
674.4 -68.25
674.8 -69.64
675.2 -70.15
675.6 -70.39
676.0 -68.7
676.4 -70.22
676.8 -70.71
677.2 -69.69
677.6 -70.99
678.0 -70.88
678.4 -67.83
678.8 -69.53
679.2 -68.9
679.6 -69.6
680.0 -68.95
680.4 -69.88
680.8 -69.0
681.2 -69.51
681.6 -68.48
682.0 -67.82
682.4 -68.69
682.8 -69.03
683.2 -68.41
683.6 -67.76
684.0 -68.29
684.4 -69.2
684.8 -68.55
685.2 -68.27
685.6 -68.59
686.0 -67.46
686.4 -70.26
686.8 -69.43
687.2 -68.25
687.6 -69.03
688.0 -68.91
688.4 -68.13
688.8 -70.23
689.2 -67.97
689.6 -69.01
690.0 -68.21
690.4 -68.0
690.8 -67.86
691.2 -67.94
691.6 -68.57
692.0 -69.79
692.4 -68.38
692.8 -67.97
693.2 -68.06
693.6 -67.86
694.0 -68.47
694.4 -67.61
694.8 -67.8
695.2 -67.42
695.6 -69.31
696.0 -67.73
696.4 -68.6
696.8 -69.57
697.2 -69.15
697.6 -68.83
698.0 -68.64
698.4 -67.93
698.8 -68.29
699.2 -69.05
699.6 -68.18
700.0 -68.55
700.4 -67.71
700.8 -67.17
701.2 -68.25
701.6 -67.33
702.0 -67.28
702.4 -69.07
702.8 -67.1
703.2 -67.62
703.6 -67.52
704.0 -68.44
704.4 -67.79
704.8 -67.84
705.2 -67.78
705.6 -67.98
706.0 -68.02
706.4 -66.64
706.8 -68.07
707.2 -68.06
707.6 -67.07
708.0 -67.32
708.4 -67.26
708.8 -66.49
709.2 -66.52
709.6 -68.59
710.0 -67.57
710.4 -69.09
710.8 -67.8
711.2 -66.85
711.6 -67.64
712.0 -67.05
712.4 -67.59
712.8 -67.49
713.2 -67.0
713.6 -67.25
714.0 -69.26
714.4 -66.39
714.8 -65.97
715.2 -66.38
715.6 -68.71
716.0 -66.72
716.4 -67.17
716.8 -67.95
717.2 -67.3
717.6 -67.08
718.0 -66.2
718.4 -67.93
718.8 -66.34
719.2 -66.6
719.6 -67.19
720.0 -66.63
720.4 -67.75
720.8 -67.45
721.2 -67.54
721.6 -66.87
722.0 -66.9
722.4 -68.27
722.8 -67.02
723.2 -66.89
723.6 -67.47
724.0 -67.37
724.4 -66.63
724.8 -67.45
725.2 -67.55
725.6 -66.43
726.0 -67.03
726.4 -67.07
726.8 -66.76
727.2 -67.02
727.6 -67.34
728.0 -67.19
728.4 -66.43
728.8 -67.41
729.2 -67.37
729.6 -66.91
730.0 -66.38
730.4 -66.61
730.8 -67.74
731.2 -68.55
731.6 -66.11
732.0 -66.84
732.4 -66.88
732.8 -66.32
733.2 -67.09
733.6 -67.72
734.0 -68.34
734.4 -67.56
734.8 -67.77
735.2 -67.56
735.6 -66.36
736.0 -66.07
736.4 -66.63
736.8 -66.84
737.2 -66.8
737.6 -66.96
738.0 -67.1
738.4 -67.38
738.8 -67.94
739.2 -67.23
739.6 -67.23
740.0 -67.56
740.4 -67.41
740.8 -66.73
741.2 -66.93
741.6 -67.5
742.0 -66.93
742.4 -66.02
742.8 -66.97
743.2 -66.75
743.6 -67.25
744.0 -66.66
744.4 -67.48
744.8 -66.37
745.2 -66.41
745.6 -67.42
746.0 -66.21
746.4 -66.86
746.8 -66.86
747.2 -67.22
747.6 -67.26
748.0 -65.6
748.4 -67.45
748.8 -67.11
749.2 -65.43
749.6 -65.97
750.0 -67.34
750.4 -66.07
750.8 -66.06
751.2 -67.14
751.6 -65.73
752.0 -66.93
752.4 -66.11
752.8 -66.58
753.2 -66.66
753.6 -66.24
754.0 -67.05
754.4 -65.59
754.8 -65.97
755.2 -65.71
755.6 -66.15
756.0 -65.21
756.4 -66.02
756.8 -66.96
757.2 -65.59
757.6 -68.17
758.0 -66.6
758.4 -66.81
758.8 -66.59
759.2 -66.54
759.6 -66.17
760.0 -67.02
760.4 -65.76
760.8 -67.25
761.2 -65.75
761.6 -66.73
762.0 -66.68
762.4 -66.07
762.8 -66.99
763.2 -65.87
763.6 -67.33
764.0 -66.53
764.4 -65.75
764.8 -65.81
765.2 -66.65
765.6 -66.74
766.0 -66.22
766.4 -66.86
766.8 -65.62
767.2 -66.21
767.6 -67.66
768.0 -66.36
768.4 -67.03
768.8 -65.96
769.2 -65.92
769.6 -65.63
770.0 -66.14
770.4 -67.75
770.8 -66.18
771.2 -67.16
771.6 -66.6
772.0 -65.9
772.4 -65.08
772.8 -65.47
773.2 -65.51
773.6 -67.05
774.0 -66.62
774.4 -65.53
774.8 -66.04
775.2 -66.71
775.6 -66.54
776.0 -66.11
776.4 -65.35
776.8 -66.36
777.2 -66.36
777.6 -66.79
778.0 -65.15
778.4 -65.72
778.8 -67.02
779.2 -66.39
779.6 -65.72
780.0 -66.77
780.4 -65.57
780.8 -64.77
781.2 -65.86
781.6 -65.6
782.0 -66.45
782.4 -65.49
782.8 -65.46
783.2 -65.8
783.6 -65.52
784.0 -65.73
784.4 -65.59
784.8 -65.83
785.2 -66.48
785.6 -64.74
786.0 -66.18
786.4 -65.43
786.8 -65.29
787.2 -65.75
787.6 -66.25
788.0 -65.86
788.4 -66.04
788.8 -65.25
789.2 -65.09
789.6 -64.9
790.0 -65.65
790.4 -65.14
790.8 -65.62
791.2 -65.47
791.6 -64.85
792.0 -65.23
792.4 -65.72
792.8 -64.44
793.2 -64.47
793.6 -66.21
794.0 -65.18
794.4 -65.85
794.8 -65.11
795.2 -64.71
795.6 -65.27
796.0 -65.76
796.4 -66.03
796.8 -65.58
797.2 -65.0
797.6 -65.19
798.0 -64.66
798.4 -66.3
798.8 -64.92
799.2 -64.89
799.6 -65.52
800.0 -66.0
800.4 -64.98
800.8 -65.62
801.2 -64.77
801.6 -65.18
802.0 -66.39
802.4 -65.02
802.8 -64.78
803.2 -64.9
803.6 -64.17
804.0 -65.33
804.4 -65.51
804.8 -64.18
805.2 -64.23
805.6 -63.81
806.0 -63.28
806.4 -61.24
806.8 -57.81
807.2 -54.19
807.6 -50.28
808.0 -48.94
808.4 -49.91
808.8 -50.39
809.2 -54.12
809.6 -61.65
810.0 -63.89
810.4 -64.55
810.8 -64.7
811.2 -65.07
811.6 -64.98
812.0 -65.18
812.4 -65.48
812.8 -65.67
813.2 -64.77
813.6 -65.02
814.0 -63.99
814.4 -65.73
814.8 -65.07
815.2 -65.01
815.6 -65.41
816.0 -64.94
816.4 -65.29
816.8 -65.04
817.2 -64.15
817.6 -65.38
818.0 -65.03
818.4 -65.8
818.8 -65.64
819.2 -66.45
819.6 -65.65
820.0 -65.36
820.4 -64.74
820.8 -64.62
821.2 -64.37
821.6 -64.93
822.0 -65.21
822.4 -64.96
822.8 -64.23
823.2 -65.72
823.6 -64.7
824.0 -64.43
824.4 -64.95
824.8 -64.59
825.2 -64.81
825.6 -64.64
826.0 -64.76
826.4 -64.7
826.8 -64.34
827.2 -64.6
827.6 -65.11
828.0 -64.19
828.4 -64.5
828.8 -64.32
829.2 -64.04
829.6 -64.16
830.0 -64.88
830.4 -64.45
830.8 -63.82
831.2 -64.28
831.6 -64.42
832.0 -65.07
832.4 -64.12
832.8 -63.76
833.2 -64.75
833.6 -64.04
834.0 -63.89
834.4 -63.86
834.8 -63.99
835.2 -64.53
835.6 -63.54
836.0 -64.1
836.4 -63.78
836.8 -63.54
837.2 -63.97
837.6 -63.68
838.0 -63.93
838.4 -63.8
838.8 -64.05
839.2 -63.84
839.6 -63.82
840.0 -64.64
840.4 -63.83
840.8 -64.04
841.2 -64.08
841.6 -63.93
842.0 -64.19
842.4 -64.07
842.8 -63.59
843.2 -63.82
843.6 -63.89
844.0 -63.38
844.4 -64.13
844.8 -63.5
845.2 -63.48
845.6 -63.79
846.0 -63.81
846.4 -63.42
846.8 -63.34
847.2 -63.73
847.6 -63.54
848.0 -63.71
848.4 -63.34
848.8 -63.2
849.2 -63.76
849.6 -63.3
850.0 -63.73
850.4 -63.93
850.8 -63.16
851.2 -63.85
851.6 -63.44
852.0 -63.17
852.4 -63.72
852.8 -63.64
853.2 -63.41
853.6 -63.53
854.0 -63.19
854.4 -63.52
854.8 -63.1
855.2 -63.48
855.6 -63.54
856.0 -63.26
856.4 -63.54
856.8 -63.46
857.2 -63.16
857.6 -63.25
858.0 -62.96
858.4 -63.35
858.8 -63.04
859.2 -62.79
859.6 -63.12
860.0 -63.39
860.4 -63.56
860.8 -63.02
861.2 -62.89
861.6 -63.12
862.0 -63.07
862.4 -62.78
862.8 -62.78
863.2 -63.17
863.6 -62.76
864.0 -63.07
864.4 -62.61
864.8 -62.47
865.2 -63.08
865.6 -63.45
866.0 -62.69
866.4 -62.77
866.8 -62.52
867.2 -63.23
867.6 -63.03
868.0 -62.91
868.4 -62.71
868.8 -63.01
869.2 -63.1
869.6 -62.53
870.0 -62.7
870.4 -63.13
870.8 -62.79
871.2 -62.84
871.6 -62.66
872.0 -62.56
872.4 -62.46
872.8 -62.91
873.2 -62.65
873.6 -62.79
874.0 -62.5
874.4 -62.75
874.8 -62.84
875.2 -62.52
875.6 -62.65
876.0 -62.57
876.4 -62.47
876.8 -62.17
877.2 -62.54
877.6 -62.55
878.0 -62.08
878.4 -62.33
878.8 -62.63
879.2 -62.23
879.6 -62.23
880.0 -62.03
880.4 -62.14
880.8 -62.61
881.2 -62.25
881.6 -62.22
882.0 -61.73
882.4 -62.09
882.8 -62.17
883.2 -62.21
883.6 -62.43
884.0 -62.29
884.4 -62.24
884.8 -62.07
885.2 -61.88
885.6 -62.1
886.0 -62.16
886.4 -62.02
886.8 -62.45
887.2 -61.79
887.6 -62.17
888.0 -62.11
888.4 -61.71
888.8 -61.84
889.2 -62.21
889.6 -62.15
890.0 -61.63
890.4 -61.74
890.8 -61.97
891.2 -61.73
891.6 -61.84
892.0 -61.77
892.4 -61.81
892.8 -61.97
893.2 -62.38
893.6 -61.51
894.0 -61.74
894.4 -61.73
894.8 -62.01
895.2 -61.68
895.6 -62.14
896.0 -61.55
896.4 -61.74
896.8 -61.8
897.2 -62.17
897.6 -61.75
898.0 -62.16
898.4 -61.71
898.8 -61.76
899.2 -61.74
899.6 -61.87
900.0 -61.64
900.4 -61.8
900.8 -61.79
901.2 -61.62
901.6 -61.72
902.0 -61.46
902.4 -61.75
902.8 -61.79
903.2 -61.5
903.6 -61.61
904.0 -61.38
904.4 -61.41
904.8 -61.58
905.2 -61.83
905.6 -61.5
906.0 -61.54
906.4 -61.67
906.8 -61.45
907.2 -61.4
907.6 -61.59
908.0 -61.3
908.4 -61.34
908.8 -61.33
909.2 -61.53
909.6 -61.4
910.0 -61.27
910.4 -61.3
910.8 -61.27
911.2 -60.98
911.6 -61.38
912.0 -61.34
912.4 -61.11
912.8 -60.89
913.2 -60.94
913.6 -61.22
914.0 -61.26
914.4 -61.14
914.8 -61.07
915.2 -61.33
915.6 -61.28
916.0 -61.23
916.4 -61.17
916.8 -61.01
917.2 -61.26
917.6 -60.92
918.0 -60.96
918.4 -60.92
918.8 -61.15
919.2 -61.0
919.6 -60.97
920.0 -60.79
920.4 -60.72
920.8 -60.76
921.2 -60.64
921.6 -60.74
922.0 -60.69
922.4 -60.56
922.8 -60.69
923.2 -60.93
923.6 -60.51
924.0 -60.61
924.4 -60.82
924.8 -60.71
925.2 -60.49
925.6 -60.62
926.0 -60.75
926.4 -60.23
926.8 -60.35
927.2 -60.46
927.6 -60.4
928.0 -60.22
928.4 -60.27
928.8 -60.31
929.2 -60.19
929.6 -60.16
930.0 -60.37
930.4 -60.14
930.8 -60.4
931.2 -60.2
931.6 -60.33
932.0 -60.41
932.4 -60.25
932.8 -59.92
933.2 -60.22
933.6 -60.33
934.0 -60.24
934.4 -60.06
934.8 -60.01
935.2 -60.17
935.6 -60.12
936.0 -59.96
936.4 -59.87
936.8 -60.22
937.2 -60.07
937.6 -60.05
938.0 -60.19
938.4 -59.92
938.8 -60.0
939.2 -59.89
939.6 -60.07
940.0 -59.84
940.4 -59.91
940.8 -59.93
941.2 -59.71
941.6 -59.91
942.0 -59.86
942.4 -59.92
942.8 -59.9
943.2 -59.99
943.6 -59.8
944.0 -59.93
944.4 -59.7
944.8 -59.68
945.2 -59.67
945.6 -59.72
946.0 -59.61
946.4 -59.6
946.8 -59.72
947.2 -59.65
947.6 -59.55
948.0 -59.44
948.4 -59.65
948.8 -59.75
949.2 -59.75
949.6 -59.61
950.0 -59.41
950.4 -59.5
950.8 -59.46
951.2 -59.37
951.6 -59.69
952.0 -59.51
952.4 -59.51
952.8 -59.49
953.2 -59.59
953.6 -59.58
954.0 -59.66
954.4 -59.54
954.8 -59.62
955.2 -59.52
955.6 -59.38
956.0 -59.62
956.4 -59.39
956.8 -59.59
957.2 -59.55
957.6 -59.47
958.0 -59.5
958.4 -59.28
958.8 -59.57
959.2 -59.34
959.6 -59.47
960.0 -59.23
960.4 -59.11
960.8 -59.14
961.2 -59.14
961.6 -59.11
962.0 -59.22
962.4 -59.15
962.8 -58.95
963.2 -58.96
963.6 -59.06
964.0 -59.02
964.4 -58.98
964.8 -58.91
965.2 -59.02
965.6 -58.66
966.0 -58.92
966.4 -58.84
966.8 -58.9
967.2 -58.9
967.6 -58.99
968.0 -58.92
968.4 -58.85
968.8 -58.81
969.2 -58.89
969.6 -58.87
970.0 -59.06
970.4 -58.95
970.8 -58.94
971.2 -58.93
971.6 -59.04
972.0 -58.87
972.4 -58.88
972.8 -58.85
973.2 -59.06
973.6 -59.03
974.0 -59.01
974.4 -59.19
974.8 -59.13
975.2 -59.1
975.6 -59.19
976.0 -59.03
976.4 -59.3
976.8 -59.19
977.2 -59.21
977.6 -59.24
978.0 -59.18
978.4 -59.21
978.8 -59.23
979.2 -59.23
979.6 -59.39
980.0 -59.22
980.4 -59.11
980.8 -59.19
981.2 -59.03
981.6 -59.12
982.0 -58.98
982.4 -58.83
982.8 -58.96
983.2 -58.92
983.6 -58.84
984.0 -59.0
984.4 -58.75
984.8 -58.65
985.2 -58.7
985.6 -58.81
986.0 -58.67
986.4 -58.45
986.8 -58.47
987.2 -58.55
987.6 -58.62
988.0 -58.57
988.4 -58.32
988.8 -58.49
989.2 -58.33
989.6 -58.37
990.0 -58.21
990.4 -58.31
990.8 -58.22
991.2 -58.23
991.6 -58.17
992.0 -58.19
992.4 -58.08
992.8 -58.21
993.2 -58.08
993.6 -58.12
994.0 -58.09
994.4 -58.12
994.8 -58.12
995.2 -58.13
995.6 -58.09
996.0 -58.1
996.4 -58.15
996.8 -58.05
997.2 -58.14
997.6 -58.19
998.0 -58.15
998.4 -58.26
998.8 -58.23
999.2 -58.29
999.6 -58.23
1000.0 -58.24
