600.0 -70.16
600.4 -210.0
600.8 -71.4
601.2 -78.18
601.6 -70.81
602.0 -72.5
602.4 -78.26
602.8 -69.54
603.2 -79.56
603.6 -210.0
604.0 -72.63
604.4 -210.0
604.8 -72.98
605.2 -210.0
605.6 -76.04
606.0 -73.06
606.4 -71.32
606.8 -81.57
607.2 -70.28
607.6 -74.63
608.0 -75.11
608.4 -210.0
608.8 -81.7
609.2 -77.74
609.6 -210.0
610.0 -69.46
610.4 -73.67
610.8 -210.0
611.2 -210.0
611.6 -72.09
612.0 -74.1
612.4 -72.88
612.8 -210.0
613.2 -73.83
613.6 -80.22
614.0 -82.01
614.4 -71.23
614.8 -85.07
615.2 -210.0
615.6 -76.07
616.0 -72.35
616.4 -210.0
616.8 -76.14
617.2 -72.65
617.6 -79.2
618.0 -75.71
618.4 -210.0
618.8 -210.0
619.2 -71.01
619.6 -210.0
620.0 -74.95
620.4 -80.62
620.8 -74.28
621.2 -73.4
621.6 -210.0
622.0 -75.5
622.4 -67.59
622.8 -69.01
623.2 -71.25
623.6 -210.0
624.0 -210.0
624.4 -80.87
624.8 -71.04
625.2 -69.9
625.6 -210.0
626.0 -210.0
626.4 -72.15
626.8 -76.25
627.2 -210.0
627.6 -79.82
628.0 -72.86
628.4 -210.0
628.8 -71.6
629.2 -210.0
629.6 -71.34
630.0 -210.0
630.4 -73.98
630.8 -210.0
631.2 -210.0
631.6 -72.5
632.0 -80.12
632.4 -71.86
632.8 -72.59
633.2 -77.78
633.6 -83.25
634.0 -73.28
634.4 -73.76
634.8 -73.56
635.2 -210.0
635.6 -210.0
636.0 -78.65
636.4 -70.9
636.8 -69.77
637.2 -72.21
637.6 -74.0
638.0 -76.59
638.4 -70.49
638.8 -83.64
639.2 -73.67
639.6 -71.26
640.0 -72.26
640.4 -73.35
640.8 -210.0
641.2 -71.28
641.6 -76.09
642.0 -71.73
642.4 -210.0
642.8 -210.0
643.2 -69.54
643.6 -71.88
644.0 -73.48
644.4 -72.66
644.8 -69.47
645.2 -210.0
645.6 -69.92
646.0 -71.71
646.4 -72.26
646.8 -70.28
647.2 -73.24
647.6 -76.63
648.0 -75.99
648.4 -69.79
648.8 -69.47
649.2 -74.56
649.6 -72.83
650.0 -73.47
650.4 -69.42
650.8 -72.17
651.2 -72.06
651.6 -74.62
652.0 -73.15
652.4 -71.1
652.8 -71.01
653.2 -69.64
653.6 -72.73
654.0 -87.65
654.4 -71.73
654.8 -74.65
655.2 -70.02
655.6 -70.75
656.0 -71.33
656.4 -70.68
656.8 -70.85
657.2 -69.75
657.6 -71.99
658.0 -72.11
658.4 -71.44
658.8 -70.36
659.2 -69.69
659.6 -70.05
660.0 -73.72
660.4 -70.29
660.8 -76.9
661.2 -72.64
661.6 -69.84
662.0 -71.26
662.4 -72.78
662.8 -71.46
663.2 -70.21
663.6 -68.2
664.0 -71.78
664.4 -70.62
664.8 -70.79
665.2 -71.26
665.6 -73.07
666.0 -73.89
666.4 -70.21
666.8 -70.21
667.2 -70.62
667.6 -69.77
668.0 -72.92
668.4 -69.37
668.8 -71.46
669.2 -71.46
669.6 -68.2
670.0 -71.77
670.4 -70.78
670.8 -71.34
671.2 -71.55
671.6 -69.16
672.0 -71.75
672.4 -70.59
672.8 -69.73
673.2 -70.5
673.6 -72.09
674.0 -68.72
674.4 -69.19
674.8 -74.21
675.2 -69.18
675.6 -69.18
676.0 -72.57
676.4 -71.94
676.8 -69.98
677.2 -71.7
677.6 -69.1
678.0 -69.22
678.4 -68.47
678.8 -68.9
679.2 -68.96
679.6 -68.25
680.0 -71.67
680.4 -68.24
680.8 -69.25
681.2 -71.14
681.6 -69.64
682.0 -69.36
682.4 -72.5
682.8 -70.47
683.2 -68.51
683.6 -69.08
684.0 -68.5
684.4 -69.07
684.8 -67.79
685.2 -70.11
685.6 -70.89
686.0 -70.52
686.4 -67.92
686.8 -68.8
687.2 -68.46
687.6 -70.5
688.0 -70.95
688.4 -69.02
688.8 -70.4
689.2 -69.4
689.6 -69.4
690.0 -69.39
690.4 -72.97
690.8 -68.15
691.2 -69.58
691.6 -69.51
692.0 -68.79
692.4 -69.93
692.8 -67.97
693.2 -69.85
693.6 -69.34
694.0 -68.94
694.4 -67.7
694.8 -70.66
695.2 -67.6
695.6 -69.89
696.0 -71.24
696.4 -69.29
696.8 -67.31
697.2 -71.01
697.6 -69.42
698.0 -69.27
698.4 -68.35
698.8 -68.57
699.2 -68.28
699.6 -68.23
700.0 -69.6
700.4 -71.73
700.8 -68.49
701.2 -68.25
701.6 -67.46
702.0 -67.19
702.4 -68.23
702.8 -67.68
703.2 -69.47
703.6 -67.34
704.0 -68.38
704.4 -67.32
704.8 -67.55
705.2 -69.52
705.6 -70.89
706.0 -69.09
706.4 -67.34
706.8 -67.96
707.2 -67.61
707.6 -67.85
708.0 -68.73
708.4 -67.31
708.8 -67.09
709.2 -68.24
709.6 -66.27
710.0 -69.16
710.4 -68.18
710.8 -66.58
711.2 -69.36
711.6 -68.38
712.0 -67.94
712.4 -68.1
712.8 -66.67
713.2 -66.48
713.6 -68.31
714.0 -67.53
714.4 -66.89
714.8 -67.02
715.2 -67.75
715.6 -66.84
716.0 -67.27
716.4 -68.63
716.8 -67.17
717.2 -68.81
717.6 -69.01
718.0 -68.74
718.4 -67.48
718.8 -67.19
719.2 -67.56
719.6 -67.06
720.0 -69.34
720.4 -68.29
720.8 -67.59
721.2 -68.46
721.6 -68.11
722.0 -68.05
722.4 -68.05
722.8 -66.8
723.2 -69.09
723.6 -69.46
724.0 -67.14
724.4 -67.76
724.8 -67.04
725.2 -69.75
725.6 -69.14
726.0 -68.92
726.4 -67.4
726.8 -66.52
727.2 -67.68
727.6 -67.63
728.0 -66.75
728.4 -67.38
728.8 -67.82
729.2 -69.47
729.6 -67.98
730.0 -66.86
730.4 -66.78
730.8 -67.2
731.2 -67.2
731.6 -67.2
732.0 -68.0
732.4 -67.89
732.8 -66.97
733.2 -67.52
733.6 -67.42
734.0 -67.18
734.4 -68.78
734.8 -67.56
735.2 -67.56
735.6 -66.73
736.0 -67.86
736.4 -68.25
736.8 -68.69
737.2 -68.25
737.6 -67.84
738.0 -67.53
738.4 -68.81
738.8 -67.67
739.2 -66.87
739.6 -68.54
740.0 -67.77
740.4 -67.12
740.8 -67.46
741.2 -66.68
741.6 -66.93
742.0 -68.58
742.4 -68.58
742.8 -67.1
743.2 -67.06
743.6 -68.08
744.0 -66.66
744.4 -66.96
744.8 -66.74
745.2 -66.57
745.6 -66.6
746.0 -66.36
746.4 -69.03
746.8 -67.52
747.2 -67.22
747.6 -66.89
748.0 -67.41
748.4 -67.87
748.8 -66.5
749.2 -67.25
749.6 -67.55
750.0 -67.44
750.4 -66.22
750.8 -67.14
751.2 -66.95
751.6 -67.32
752.0 -66.19
752.4 -67.89
752.8 -67.94
753.2 -67.77
753.6 -67.39
754.0 -65.94
754.4 -67.04
754.8 -68.94
755.2 -67.52
755.6 -67.08
756.0 -65.81
756.4 -66.45
756.8 -66.78
757.2 -66.7
757.6 -66.31
758.0 -67.0
758.4 -67.64
758.8 -66.99
759.2 -66.17
759.6 -66.71
760.0 -67.31
760.4 -67.16
760.8 -68.45
761.2 -66.0
761.6 -67.1
762.0 -66.51
762.4 -67.83
762.8 -66.41
763.2 -66.99
763.6 -66.85
764.0 -66.93
764.4 -66.16
764.8 -66.74
765.2 -66.97
765.6 -66.56
766.0 -67.84
766.4 -66.73
766.8 -65.09
767.2 -65.9
767.6 -65.9
768.0 -66.62
768.4 -68.0
768.8 -65.56
769.2 -66.19
769.6 -66.03
770.0 -65.91
770.4 -65.32
770.8 -66.43
771.2 -65.95
771.6 -66.97
772.0 -66.38
772.4 -68.22
772.8 -66.13
773.2 -66.55
773.6 -66.77
774.0 -65.97
774.4 -66.28
774.8 -66.12
775.2 -66.16
775.6 -66.2
776.0 -66.15
776.4 -67.08
776.8 -66.23
777.2 -66.53
777.6 -67.08
778.0 -66.1
778.4 -65.91
778.8 -66.65
779.2 -65.98
779.6 -66.74
780.0 -67.16
780.4 -65.94
780.8 -66.13
781.2 -65.57
781.6 -65.53
782.0 -65.89
782.4 -66.08
782.8 -67.36
783.2 -66.15
783.6 -65.55
784.0 -65.41
784.4 -65.48
784.8 -66.1
785.2 -67.18
785.6 -66.06
786.0 -66.14
786.4 -66.05
786.8 -65.29
787.2 -66.05
787.6 -65.9
788.0 -68.01
788.4 -64.99
788.8 -65.63
789.2 -66.87
789.6 -65.49
790.0 -65.58
790.4 -65.69
790.8 -66.4
791.2 -66.85
791.6 -65.79
792.0 -65.23
792.4 -66.57
792.8 -65.82
793.2 -65.63
793.6 -65.74
794.0 -66.5
794.4 -65.88
794.8 -66.46
795.2 -65.18
795.6 -64.73
796.0 -65.27
796.4 -65.54
796.8 -65.76
797.2 -66.14
797.6 -65.6
798.0 -64.9
798.4 -65.52
798.8 -65.38
799.2 -65.7
799.6 -65.28
800.0 -64.91
800.4 -65.51
800.8 -64.98
801.2 -65.28
801.6 -64.89
802.0 -65.97
802.4 -65.11
802.8 -65.03
803.2 -65.39
803.6 -66.44
804.0 -64.88
804.4 -65.61
804.8 -65.3
805.2 -65.04
805.6 -64.09
806.0 -64.48
806.4 -61.31
806.8 -58.14
807.2 -54.37
807.6 -50.48
808.0 -49.13
808.4 -50.16
808.8 -50.54
809.2 -54.06
809.6 -61.54
810.0 -63.73
810.4 -65.18
810.8 -64.32
811.2 -65.86
811.6 -65.47
812.0 -64.96
812.4 -65.28
812.8 -65.03
813.2 -65.11
813.6 -65.98
814.0 -64.58
814.4 -65.42
814.8 -65.2
815.2 -65.26
815.6 -65.54
816.0 -64.88
816.4 -65.63
816.8 -65.77
817.2 -65.47
817.6 -64.63
818.0 -65.51
818.4 -66.18
818.8 -65.11
819.2 -65.51
819.6 -65.48
820.0 -65.67
820.4 -64.83
820.8 -64.14
821.2 -65.4
821.6 -64.91
822.0 -65.67
822.4 -64.88
822.8 -65.21
823.2 -65.14
823.6 -65.53
824.0 -65.78
824.4 -65.52
824.8 -65.71
825.2 -65.33
825.6 -64.72
826.0 -65.15
826.4 -64.86
826.8 -66.0
827.2 -65.38
827.6 -64.8
828.0 -64.66
828.4 -65.17
828.8 -65.09
829.2 -65.62
829.6 -64.82
830.0 -64.42
830.4 -64.8
830.8 -64.94
831.2 -64.97
831.6 -65.04
832.0 -64.81
832.4 -64.45
832.8 -64.46
833.2 -64.85
833.6 -64.9
834.0 -64.84
834.4 -64.47
834.8 -64.39
835.2 -64.53
835.6 -64.38
836.0 -63.35
836.4 -64.53
836.8 -64.55
837.2 -64.36
837.6 -64.33
838.0 -64.1
838.4 -64.19
838.8 -64.46
839.2 -64.47
839.6 -64.13
840.0 -63.83
840.4 -64.23
840.8 -65.02
841.2 -64.35
841.6 -64.18
842.0 -64.43
842.4 -64.3
842.8 -63.76
843.2 -64.22
843.6 -64.18
844.0 -64.0
844.4 -65.01
844.8 -64.66
845.2 -64.14
845.6 -63.63
846.0 -64.08
846.4 -63.86
846.8 -63.58
847.2 -64.36
847.6 -64.11
848.0 -64.11
848.4 -63.81
848.8 -64.07
849.2 -64.63
849.6 -63.52
850.0 -63.53
850.4 -63.97
850.8 -63.61
851.2 -63.4
851.6 -63.87
852.0 -63.57
852.4 -63.83
852.8 -63.54
853.2 -63.95
853.6 -63.61
854.0 -63.62
854.4 -63.74
854.8 -63.35
855.2 -63.97
855.6 -63.51
856.0 -63.93
856.4 -63.54
856.8 -63.59
857.2 -63.07
857.6 -63.16
858.0 -63.81
858.4 -63.37
858.8 -63.34
859.2 -63.67
859.6 -64.11
860.0 -63.03
860.4 -62.93
860.8 -63.25
861.2 -63.3
861.6 -62.91
862.0 -63.13
862.4 -63.49
862.8 -63.31
863.2 -63.51
863.6 -63.21
864.0 -63.07
864.4 -63.07
864.8 -63.12
865.2 -62.72
865.6 -63.5
866.0 -63.05
866.4 -63.04
866.8 -63.08
867.2 -62.76
867.6 -63.57
868.0 -62.81
868.4 -62.78
868.8 -63.62
869.2 -63.05
869.6 -63.34
870.0 -63.09
870.4 -62.73
870.8 -62.85
871.2 -63.02
871.6 -62.98
872.0 -62.86
872.4 -62.72
872.8 -62.85
873.2 -62.84
873.6 -62.68
874.0 -62.64
874.4 -62.73
874.8 -62.95
875.2 -62.74
875.6 -62.71
876.0 -62.84
876.4 -62.84
876.8 -62.71
877.2 -62.82
877.6 -62.64
878.0 -62.84
878.4 -62.7
878.8 -62.83
879.2 -62.64
879.6 -62.7
880.0 -62.48
880.4 -62.25
880.8 -62.03
881.2 -62.6
881.6 -62.14
882.0 -62.3
882.4 -62.59
882.8 -62.13
883.2 -61.93
883.6 -62.52
884.0 -61.81
884.4 -62.66
884.8 -62.11
885.2 -62.38
885.6 -61.92
886.0 -62.59
886.4 -62.52
886.8 -62.28
887.2 -62.22
887.6 -62.13
888.0 -62.25
888.4 -62.48
888.8 -62.43
889.2 -62.22
889.6 -62.5
890.0 -62.22
890.4 -62.06
890.8 -62.06
891.2 -62.13
891.6 -62.14
892.0 -62.16
892.4 -62.01
892.8 -62.19
893.2 -62.36
893.6 -62.11
894.0 -61.77
894.4 -62.08
894.8 -62.11
895.2 -62.27
895.6 -62.15
896.0 -62.11
896.4 -62.32
896.8 -62.35
897.2 -62.07
897.6 -62.39
898.0 -62.2
898.4 -62.18
898.8 -62.08
899.2 -62.35
899.6 -62.0
900.0 -62.08
900.4 -62.06
900.8 -62.01
901.2 -62.38
901.6 -62.04
902.0 -61.84
902.4 -62.11
902.8 -62.01
903.2 -61.69
903.6 -62.07
904.0 -61.74
904.4 -62.11
904.8 -61.69
905.2 -61.77
905.6 -61.76
906.0 -61.57
906.4 -61.85
906.8 -61.68
907.2 -61.7
907.6 -61.81
908.0 -61.81
908.4 -61.95
908.8 -61.73
909.2 -61.71
909.6 -61.57
910.0 -61.63
910.4 -61.72
910.8 -61.32
911.2 -61.64
911.6 -61.53
912.0 -61.29
912.4 -61.63
912.8 -61.12
913.2 -61.41
913.6 -61.43
914.0 -61.54
914.4 -61.4
914.8 -61.57
915.2 -61.57
915.6 -61.62
916.0 -61.48
916.4 -61.11
916.8 -61.24
917.2 -61.13
917.6 -61.37
918.0 -61.25
918.4 -61.33
918.8 -61.19
919.2 -61.1
919.6 -60.99
920.0 -61.26
920.4 -61.44
920.8 -61.22
921.2 -61.09
921.6 -61.12
922.0 -61.19
922.4 -60.95
922.8 -61.01
923.2 -60.98
923.6 -60.89
924.0 -61.01
924.4 -60.98
924.8 -61.07
925.2 -60.98
925.6 -60.9
926.0 -60.68
926.4 -60.88
926.8 -60.6
927.2 -60.74
927.6 -60.66
928.0 -60.82
928.4 -60.69
928.8 -60.78
929.2 -60.6
929.6 -60.6
930.0 -60.49
930.4 -60.74
930.8 -60.45
931.2 -60.36
931.6 -60.58
932.0 -60.48
932.4 -60.63
932.8 -60.52
933.2 -60.56
933.6 -60.52
934.0 -60.66
934.4 -60.38
934.8 -60.67
935.2 -60.42
935.6 -60.45
936.0 -60.46
936.4 -60.47
936.8 -60.53
937.2 -60.52
937.6 -60.48
938.0 -60.4
938.4 -60.2
938.8 -60.53
939.2 -60.39
939.6 -60.31
940.0 -60.25
940.4 -60.38
940.8 -60.3
941.2 -60.15
941.6 -60.4
942.0 -60.53
942.4 -60.25
942.8 -60.35
943.2 -60.32
943.6 -60.03
944.0 -60.09
944.4 -60.15
944.8 -59.95
945.2 -60.16
945.6 -60.22
946.0 -60.11
946.4 -60.16
946.8 -60.0
947.2 -60.14
947.6 -60.02
948.0 -60.16
948.4 -59.89
948.8 -60.2
949.2 -59.99
949.6 -59.97
950.0 -60.25
950.4 -60.1
950.8 -59.98
951.2 -60.0
951.6 -60.16
952.0 -60.03
952.4 -59.83
952.8 -59.84
953.2 -59.81
953.6 -60.09
954.0 -59.98
954.4 -60.0
954.8 -59.98
955.2 -60.0
955.6 -60.0
956.0 -60.11
956.4 -59.98
956.8 -60.0
957.2 -60.02
957.6 -59.71
958.0 -59.7
958.4 -59.87
958.8 -59.88
959.2 -59.87
959.6 -59.8
960.0 -59.8
960.4 -59.64
960.8 -59.75
961.2 -59.67
961.6 -59.6
962.0 -59.61
962.4 -59.51
962.8 -59.62
963.2 -59.65
963.6 -59.59
964.0 -59.48
964.4 -59.49
964.8 -59.65
965.2 -59.43
965.6 -59.2
966.0 -59.49
966.4 -59.44
966.8 -59.43
967.2 -59.33
967.6 -59.45
968.0 -59.38
968.4 -59.52
968.8 -59.32
969.2 -59.41
969.6 -59.46
970.0 -59.5
970.4 -59.4
970.8 -59.4
971.2 -59.42
971.6 -59.34
972.0 -59.53
972.4 -59.66
972.8 -59.63
973.2 -59.65
973.6 -59.51
974.0 -59.61
974.4 -59.54
974.8 -59.54
975.2 -59.62
975.6 -59.62
976.0 -59.61
976.4 -59.69
976.8 -59.79
977.2 -59.9
977.6 -59.77
978.0 -59.79
978.4 -59.72
978.8 -59.8
979.2 -59.78
979.6 -59.81
980.0 -59.85
980.4 -59.86
980.8 -59.8
981.2 -59.69
981.6 -59.81
982.0 -59.47
982.4 -59.52
982.8 -59.55
983.2 -59.46
983.6 -59.41
984.0 -59.34
984.4 -59.24
984.8 -59.19
985.2 -59.2
985.6 -59.11
986.0 -59.2
986.4 -59.06
986.8 -58.88
987.2 -59.03
987.6 -58.95
988.0 -58.91
988.4 -59.0
988.8 -58.85
989.2 -58.91
989.6 -58.8
990.0 -58.74
990.4 -58.84
990.8 -58.85
991.2 -58.86
991.6 -58.65
992.0 -58.59
992.4 -58.67
992.8 -58.56
993.2 -58.7
993.6 -58.57
994.0 -58.7
994.4 -58.55
994.8 -58.67
995.2 -58.8
995.6 -58.75
996.0 -58.73
996.4 -58.76
996.8 -58.75
997.2 -58.75
997.6 -58.64
998.0 -58.81
998.4 -58.86
998.8 -58.94
999.2 -58.84
999.6 -58.87
1000.0 -58.82
