600.0 -69.22
600.4 -210.0
600.8 -69.56
601.2 -70.4
601.6 -74.69
602.0 -74.72
602.4 -78.26
602.8 -81.31
603.2 -72.29
603.6 -68.57
604.0 -70.97
604.4 -210.0
604.8 -74.45
605.2 -210.0
605.6 -210.0
606.0 -72.76
606.4 -73.75
606.8 -210.0
607.2 -77.61
607.6 -79.85
608.0 -73.19
608.4 -71.67
608.8 -77.72
609.2 -75.69
609.6 -70.28
610.0 -210.0
610.4 -70.49
610.8 -69.26
611.2 -70.07
611.6 -74.88
612.0 -70.12
612.4 -67.14
612.8 -72.9
613.2 -210.0
613.6 -81.99
614.0 -210.0
614.4 -72.25
614.8 -210.0
615.2 -75.54
615.6 -210.0
616.0 -69.57
616.4 -210.0
616.8 -69.15
617.2 -70.15
617.6 -71.8
618.0 -72.25
618.4 -71.66
618.8 -70.98
619.2 -210.0
619.6 -69.78
620.0 -68.29
620.4 -77.61
620.8 -77.63
621.2 -74.65
621.6 -76.43
622.0 -80.72
622.4 -70.2
622.8 -82.54
623.2 -210.0
623.6 -82.59
624.0 -80.84
624.4 -71.67
624.8 -71.86
625.2 -70.92
625.6 -71.91
626.0 -69.62
626.4 -73.46
626.8 -75.8
627.2 -75.4
627.6 -210.0
628.0 -70.55
628.4 -72.28
628.8 -71.44
629.2 -210.0
629.6 -210.0
630.0 -71.08
630.4 -69.69
630.8 -71.0
631.2 -71.46
631.6 -75.32
632.0 -69.42
632.4 -69.64
632.8 -70.52
633.2 -80.21
633.6 -70.94
634.0 -83.28
634.4 -69.07
634.8 -70.11
635.2 -69.47
635.6 -68.7
636.0 -72.46
636.4 -72.66
636.8 -71.58
637.2 -69.12
637.6 -72.94
638.0 -69.03
638.4 -69.13
638.8 -69.01
639.2 -71.49
639.6 -72.23
640.0 -70.01
640.4 -74.73
640.8 -69.03
641.2 -68.33
641.6 -68.31
642.0 -70.89
642.4 -69.32
642.8 -71.2
643.2 -70.79
643.6 -71.04
644.0 -68.64
644.4 -71.57
644.8 -69.85
645.2 -69.14
645.6 -69.69
646.0 -69.28
646.4 -69.12
646.8 -69.16
647.2 -68.87
647.6 -69.94
648.0 -67.77
648.4 -68.98
648.8 -69.27
649.2 -68.99
649.6 -69.68
650.0 -68.22
650.4 -69.62
650.8 -70.13
651.2 -69.24
651.6 -70.47
652.0 -67.25
652.4 -69.0
652.8 -68.83
653.2 -68.88
653.6 -68.61
654.0 -68.3
654.4 -68.95
654.8 -69.33
655.2 -68.62
655.6 -66.97
656.0 -67.25
656.4 -68.53
656.8 -68.27
657.2 -69.1
657.6 -67.22
658.0 -68.43
658.4 -67.34
658.8 -67.08
659.2 -67.77
659.6 -68.65
660.0 -68.89
660.4 -67.7
660.8 -68.45
661.2 -67.44
661.6 -68.45
662.0 -69.18
662.4 -67.32
662.8 -67.09
663.2 -67.92
663.6 -67.36
664.0 -67.44
664.4 -67.2
664.8 -66.83
665.2 -67.57
665.6 -67.65
666.0 -67.87
666.4 -66.8
666.8 -67.78
667.2 -68.66
667.6 -68.5
668.0 -67.05
668.4 -67.13
668.8 -67.87
669.2 -68.89
669.6 -67.53
670.0 -69.05
670.4 -67.15
670.8 -67.85
671.2 -67.72
671.6 -67.38
672.0 -66.95
672.4 -66.91
672.8 -67.16
673.2 -67.09
673.6 -66.32
674.0 -67.04
674.4 -67.39
674.8 -66.84
675.2 -67.51
675.6 -67.64
676.0 -67.37
676.4 -66.66
676.8 -67.7
677.2 -67.08
677.6 -67.75
678.0 -67.04
678.4 -67.56
678.8 -67.96
679.2 -68.1
679.6 -66.1
680.0 -66.79
680.4 -67.46
680.8 -67.12
681.2 -67.89
681.6 -67.61
682.0 -67.3
682.4 -68.75
682.8 -66.79
683.2 -66.51
683.6 -65.89
684.0 -67.04
684.4 -67.23
684.8 -66.32
685.2 -67.14
685.6 -67.56
686.0 -66.54
686.4 -67.25
686.8 -66.96
687.2 -66.85
687.6 -67.03
688.0 -67.75
688.4 -67.02
688.8 -66.76
689.2 -65.7
689.6 -67.3
690.0 -67.0
690.4 -68.05
690.8 -66.62
691.2 -67.1
691.6 -67.61
692.0 -67.79
692.4 -65.74
692.8 -66.73
693.2 -66.27
693.6 -66.17
694.0 -67.02
694.4 -65.86
694.8 -66.89
695.2 -67.0
695.6 -67.16
696.0 -66.61
696.4 -66.18
696.8 -66.67
697.2 -65.5
697.6 -66.55
698.0 -66.58
698.4 -66.68
698.8 -67.69
699.2 -66.21
699.6 -66.18
700.0 -67.39
700.4 -66.26
700.8 -65.8
701.2 -66.64
701.6 -66.72
702.0 -66.04
702.4 -65.99
702.8 -65.8
703.2 -66.39
703.6 -66.57
704.0 -66.28
704.4 -66.67
704.8 -65.77
705.2 -65.8
705.6 -65.89
706.0 -66.76
706.4 -65.97
706.8 -65.56
707.2 -66.74
707.6 -65.49
708.0 -65.76
708.4 -66.04
708.8 -65.53
709.2 -65.77
709.6 -66.16
710.0 -66.59
710.4 -66.22
710.8 -65.0
711.2 -66.28
711.6 -65.35
712.0 -65.71
712.4 -66.6
712.8 -66.37
713.2 -65.95
713.6 -65.47
714.0 -66.08
714.4 -65.64
714.8 -65.83
715.2 -65.73
715.6 -65.7
716.0 -65.19
716.4 -65.47
716.8 -65.81
717.2 -66.39
717.6 -65.37
718.0 -66.13
718.4 -65.99
718.8 -65.98
719.2 -65.92
719.6 -66.37
720.0 -65.94
720.4 -64.82
720.8 -66.32
721.2 -65.86
721.6 -66.24
722.0 -65.38
722.4 -65.69
722.8 -66.52
723.2 -67.1
723.6 -65.68
724.0 -66.04
724.4 -66.51
724.8 -65.79
725.2 -66.39
725.6 -64.69
726.0 -64.6
726.4 -66.45
726.8 -66.76
727.2 -65.19
727.6 -66.18
728.0 -66.03
728.4 -65.93
728.8 -66.74
729.2 -64.91
729.6 -65.95
730.0 -66.23
730.4 -64.85
730.8 -66.14
731.2 -65.35
731.6 -66.52
732.0 -66.21
732.4 -65.25
732.8 -65.89
733.2 -64.85
733.6 -66.05
734.0 -65.42
734.4 -66.26
734.8 -65.87
735.2 -65.29
735.6 -66.6
736.0 -65.16
736.4 -65.68
736.8 -65.85
737.2 -66.28
737.6 -65.32
738.0 -64.67
738.4 -65.35
738.8 -65.1
739.2 -66.26
739.6 -65.47
740.0 -65.33
740.4 -66.29
740.8 -65.85
741.2 -65.06
741.6 -65.03
742.0 -64.97
742.4 -65.54
742.8 -65.05
743.2 -65.22
743.6 -65.22
744.0 -65.46
744.4 -65.72
744.8 -65.43
745.2 -65.52
745.6 -65.81
746.0 -65.54
746.4 -65.51
746.8 -65.29
747.2 -65.13
747.6 -65.38
748.0 -65.41
748.4 -64.78
748.8 -64.92
749.2 -65.79
749.6 -65.4
750.0 -65.11
750.4 -65.61
750.8 -64.65
751.2 -66.13
751.6 -66.12
752.0 -65.65
752.4 -65.68
752.8 -64.87
753.2 -66.29
753.6 -64.61
754.0 -65.27
754.4 -66.12
754.8 -64.91
755.2 -66.15
755.6 -65.89
756.0 -65.18
756.4 -65.4
756.8 -65.36
757.2 -65.83
757.6 -65.58
758.0 -64.75
758.4 -64.63
758.8 -65.92
759.2 -65.91
759.6 -65.53
760.0 -65.38
760.4 -65.83
760.8 -65.25
761.2 -65.96
761.6 -64.52
762.0 -65.3
762.4 -65.6
762.8 -65.23
763.2 -64.67
763.6 -64.92
764.0 -65.54
764.4 -64.57
764.8 -66.04
765.2 -65.27
765.6 -64.76
766.0 -64.53
766.4 -65.52
766.8 -64.46
767.2 -64.94
767.6 -64.54
768.0 -65.27
768.4 -65.27
768.8 -64.89
769.2 -64.8
769.6 -65.14
770.0 -65.35
770.4 -64.65
770.8 -64.33
771.2 -64.46
771.6 -64.62
772.0 -64.67
772.4 -64.59
772.8 -65.05
773.2 -65.05
773.6 -65.24
774.0 -65.01
774.4 -65.01
774.8 -64.95
775.2 -65.01
775.6 -65.01
776.0 -65.42
776.4 -64.97
776.8 -65.22
777.2 -64.94
777.6 -65.0
778.0 -64.87
778.4 -64.9
778.8 -64.96
779.2 -64.61
779.6 -65.02
780.0 -64.52
780.4 -64.38
780.8 -64.8
781.2 -64.74
781.6 -64.91
782.0 -64.4
782.4 -66.0
782.8 -64.71
783.2 -64.34
783.6 -63.84
784.0 -64.36
784.4 -64.34
784.8 -64.38
785.2 -63.95
785.6 -64.41
786.0 -64.6
786.4 -64.85
786.8 -64.42
787.2 -65.19
787.6 -64.91
788.0 -64.48
788.4 -65.56
788.8 -64.03
789.2 -63.4
789.6 -65.15
790.0 -63.8
790.4 -64.19
790.8 -63.84
791.2 -63.76
791.6 -64.65
792.0 -64.29
792.4 -64.11
792.8 -64.02
793.2 -63.92
793.6 -63.85
794.0 -64.89
794.4 -63.67
794.8 -64.77
795.2 -64.16
795.6 -64.28
796.0 -65.27
796.4 -64.15
796.8 -65.01
797.2 -64.07
797.6 -64.17
798.0 -64.19
798.4 -64.29
798.8 -64.16
799.2 -64.26
799.6 -64.6
800.0 -63.97
800.4 -63.63
800.8 -64.12
801.2 -64.4
801.6 -63.69
802.0 -64.37
802.4 -64.24
802.8 -63.52
803.2 -64.04
803.6 -63.54
804.0 -63.18
804.4 -63.71
804.8 -63.51
805.2 -64.08
805.6 -63.52
806.0 -62.17
806.4 -60.71
806.8 -57.32
807.2 -53.53
807.6 -49.53
808.0 -48.25
808.4 -49.15
808.8 -49.81
809.2 -53.67
809.6 -61.03
810.0 -62.55
810.4 -63.71
810.8 -63.43
811.2 -63.43
811.6 -63.44
812.0 -63.84
812.4 -64.64
812.8 -64.11
813.2 -64.36
813.6 -64.9
814.0 -63.75
814.4 -63.34
814.8 -64.06
815.2 -63.98
815.6 -63.78
816.0 -63.93
816.4 -63.82
816.8 -63.78
817.2 -63.86
817.6 -64.41
818.0 -63.55
818.4 -63.5
818.8 -63.18
819.2 -63.78
819.6 -63.94
820.0 -63.21
820.4 -64.07
820.8 -63.53
821.2 -64.25
821.6 -64.07
822.0 -63.07
822.4 -63.92
822.8 -63.25
823.2 -63.41
823.6 -64.07
824.0 -63.82
824.4 -64.15
824.8 -63.49
825.2 -63.79
825.6 -63.21
826.0 -63.72
826.4 -63.67
826.8 -63.69
827.2 -63.56
827.6 -63.89
828.0 -63.34
828.4 -63.1
828.8 -63.58
829.2 -63.13
829.6 -63.67
830.0 -63.45
830.4 -63.69
830.8 -63.27
831.2 -63.22
831.6 -63.24
832.0 -62.5
832.4 -63.69
832.8 -63.26
833.2 -63.7
833.6 -62.97
834.0 -62.84
834.4 -63.37
834.8 -62.65
835.2 -62.89
835.6 -62.83
836.0 -62.78
836.4 -62.34
836.8 -62.86
837.2 -62.85
837.6 -62.78
838.0 -62.68
838.4 -63.01
838.8 -63.16
839.2 -63.07
839.6 -63.24
840.0 -62.63
840.4 -63.01
840.8 -62.95
841.2 -63.2
841.6 -62.55
842.0 -62.77
842.4 -62.91
842.8 -62.77
843.2 -62.32
843.6 -62.51
844.0 -62.77
844.4 -62.87
844.8 -62.31
845.2 -62.92
845.6 -62.62
846.0 -62.72
846.4 -63.21
846.8 -62.4
847.2 -62.64
847.6 -62.65
848.0 -62.56
848.4 -62.49
848.8 -62.49
849.2 -62.56
849.6 -62.81
850.0 -62.64
850.4 -62.36
850.8 -62.84
851.2 -62.49
851.6 -62.73
852.0 -62.7
852.4 -62.76
852.8 -62.86
853.2 -62.48
853.6 -62.46
854.0 -62.34
854.4 -62.57
854.8 -62.84
855.2 -62.68
855.6 -61.92
856.0 -62.34
856.4 -62.34
856.8 -62.59
857.2 -62.43
857.6 -62.19
858.0 -62.57
858.4 -62.32
858.8 -62.44
859.2 -62.33
859.6 -62.78
860.0 -62.14
860.4 -61.93
860.8 -62.22
861.2 -62.42
861.6 -62.03
862.0 -62.57
862.4 -62.33
862.8 -62.74
863.2 -62.45
863.6 -62.31
864.0 -62.03
864.4 -62.21
864.8 -62.34
865.2 -62.23
865.6 -62.12
866.0 -62.79
866.4 -62.33
866.8 -61.84
867.2 -61.71
867.6 -62.03
868.0 -61.98
868.4 -62.35
868.8 -61.8
869.2 -62.17
869.6 -61.83
870.0 -62.15
870.4 -62.03
870.8 -61.94
871.2 -61.97
871.6 -61.96
872.0 -61.98
872.4 -61.79
872.8 -62.37
873.2 -62.07
873.6 -62.01
874.0 -61.97
874.4 -61.83
874.8 -61.82
875.2 -61.95
875.6 -62.0
876.0 -62.0
876.4 -62.0
876.8 -61.67
877.2 -61.82
877.6 -61.91
878.0 -61.98
878.4 -61.97
878.8 -62.1
879.2 -61.75
879.6 -61.63
880.0 -61.69
880.4 -61.73
880.8 -61.38
881.2 -61.96
881.6 -61.85
882.0 -61.82
882.4 -61.97
882.8 -61.48
883.2 -61.51
883.6 -61.38
884.0 -61.62
884.4 -61.57
884.8 -61.7
885.2 -61.77
885.6 -61.51
886.0 -61.44
886.4 -61.58
886.8 -61.56
887.2 -61.16
887.6 -62.13
888.0 -61.79
888.4 -61.56
888.8 -61.56
889.2 -61.44
889.6 -61.4
890.0 -61.4
890.4 -61.49
890.8 -61.36
891.2 -61.86
891.6 -61.46
892.0 -61.28
892.4 -61.49
892.8 -61.34
893.2 -61.43
893.6 -61.21
894.0 -61.4
894.4 -61.28
894.8 -61.05
895.2 -61.26
895.6 -61.2
896.0 -61.39
896.4 -61.23
896.8 -61.55
897.2 -61.05
897.6 -61.63
898.0 -61.31
898.4 -61.63
898.8 -61.56
899.2 -61.43
899.6 -61.06
900.0 -61.14
900.4 -61.63
900.8 -61.66
901.2 -61.47
901.6 -61.23
902.0 -61.69
902.4 -61.35
902.8 -61.05
903.2 -61.19
903.6 -61.16
904.0 -61.51
904.4 -61.12
904.8 -61.23
905.2 -61.15
905.6 -61.08
906.0 -60.82
906.4 -60.9
906.8 -61.09
907.2 -61.1
907.6 -60.7
908.0 -60.9
908.4 -60.76
908.8 -60.71
909.2 -60.88
909.6 -60.89
910.0 -60.84
910.4 -60.73
910.8 -60.55
911.2 -60.76
911.6 -60.44
912.0 -60.58
912.4 -60.52
912.8 -60.52
913.2 -60.32
913.6 -60.58
914.0 -60.74
914.4 -60.52
914.8 -60.32
915.2 -60.43
915.6 -60.29
916.0 -60.55
916.4 -60.26
916.8 -60.35
917.2 -60.37
917.6 -60.33
918.0 -60.34
918.4 -60.26
918.8 -60.32
919.2 -60.42
919.6 -60.43
920.0 -60.32
920.4 -60.28
920.8 -60.35
921.2 -60.08
921.6 -60.48
922.0 -60.0
922.4 -60.2
922.8 -60.07
923.2 -60.16
923.6 -60.35
924.0 -59.88
924.4 -60.29
924.8 -59.77
925.2 -60.18
925.6 -60.19
926.0 -59.94
926.4 -59.83
926.8 -59.99
927.2 -60.01
927.6 -59.69
928.0 -59.81
928.4 -59.73
928.8 -59.81
929.2 -59.68
929.6 -59.79
930.0 -59.75
930.4 -59.63
930.8 -59.7
931.2 -59.98
931.6 -59.68
932.0 -59.8
932.4 -59.77
932.8 -59.58
933.2 -59.63
933.6 -59.67
934.0 -59.55
934.4 -59.51
934.8 -59.57
935.2 -59.63
935.6 -59.55
936.0 -59.6
936.4 -59.56
936.8 -59.44
937.2 -59.53
937.6 -59.53
938.0 -59.36
938.4 -59.48
938.8 -59.38
939.2 -59.54
939.6 -59.5
940.0 -59.38
940.4 -59.34
940.8 -59.37
941.2 -59.26
941.6 -59.5
942.0 -59.48
942.4 -59.58
942.8 -59.25
943.2 -59.11
943.6 -59.42
944.0 -59.25
944.4 -59.21
944.8 -58.97
945.2 -59.05
945.6 -59.17
946.0 -59.13
946.4 -58.92
946.8 -59.16
947.2 -59.31
947.6 -59.08
948.0 -59.05
948.4 -58.95
948.8 -59.03
949.2 -59.0
949.6 -59.04
950.0 -59.13
950.4 -58.94
950.8 -58.87
951.2 -59.08
951.6 -58.96
952.0 -58.85
952.4 -59.05
952.8 -58.91
953.2 -58.8
953.6 -58.81
954.0 -58.86
954.4 -58.94
954.8 -59.0
955.2 -58.82
955.6 -58.95
956.0 -58.82
956.4 -59.01
956.8 -59.08
957.2 -58.79
957.6 -59.01
958.0 -58.98
958.4 -58.68
958.8 -58.65
959.2 -58.64
959.6 -58.89
960.0 -58.78
960.4 -58.76
960.8 -58.65
961.2 -58.54
961.6 -58.53
962.0 -58.56
962.4 -58.64
962.8 -58.36
963.2 -58.47
963.6 -58.47
964.0 -58.38
964.4 -58.41
964.8 -58.44
965.2 -58.27
965.6 -58.27
966.0 -58.38
966.4 -58.49
966.8 -58.37
967.2 -58.34
967.6 -58.45
968.0 -58.45
968.4 -58.32
968.8 -58.44
969.2 -58.55
969.6 -58.4
970.0 -58.53
970.4 -58.59
970.8 -58.3
971.2 -58.41
971.6 -58.47
972.0 -58.49
972.4 -58.64
972.8 -58.63
973.2 -58.56
973.6 -58.48
974.0 -58.7
974.4 -58.75
974.8 -58.67
975.2 -58.64
975.6 -58.65
976.0 -58.81
976.4 -58.9
976.8 -58.95
977.2 -58.95
977.6 -58.92
978.0 -58.93
978.4 -58.97
978.8 -58.88
979.2 -58.89
979.6 -58.86
980.0 -58.86
980.4 -58.76
980.8 -58.78
981.2 -58.66
981.6 -58.86
982.0 -58.67
982.4 -58.72
982.8 -58.67
983.2 -58.56
983.6 -58.45
984.0 -58.52
984.4 -58.62
984.8 -58.45
985.2 -58.42
985.6 -58.32
986.0 -58.27
986.4 -58.36
986.8 -58.37
987.2 -58.26
987.6 -58.2
988.0 -58.14
988.4 -58.15
988.8 -58.03
989.2 -58.09
989.6 -57.98
990.0 -57.91
990.4 -58.01
990.8 -57.96
991.2 -57.85
991.6 -57.91
992.0 -57.95
992.4 -57.93
992.8 -57.81
993.2 -57.68
993.6 -57.92
994.0 -57.73
994.4 -57.63
994.8 -57.85
995.2 -57.92
995.6 -57.7
996.0 -57.95
996.4 -57.78
996.8 -57.86
997.2 -57.81
997.6 -57.99
998.0 -57.88
998.4 -57.81
998.8 -58.0
999.2 -57.91
999.6 -57.9
1000.0 -57.88
