600.0 -69.82
600.4 -210.0
600.8 -73.05
601.2 -75.75
601.6 -72.19
602.0 -74.72
602.4 -70.67
602.8 -71.31
603.2 -210.0
603.6 -69.89
604.0 -210.0
604.4 -210.0
604.8 -69.13
605.2 -210.0
605.6 -210.0
606.0 -210.0
606.4 -210.0
606.8 -72.53
607.2 -71.59
607.6 -71.01
608.0 -74.66
608.4 -71.45
608.8 -76.25
609.2 -69.81
609.6 -75.21
610.0 -68.86
610.4 -210.0
610.8 -210.0
611.2 -70.7
611.6 -210.0
612.0 -69.45
612.4 -68.8
612.8 -210.0
613.2 -69.4
613.6 -78.97
614.0 -70.7
614.4 -72.03
614.8 -73.93
615.2 -70.77
615.6 -74.31
616.0 -70.66
616.4 -71.01
616.8 -76.14
617.2 -74.07
617.6 -78.24
618.0 -76.22
618.4 -72.72
618.8 -75.75
619.2 -71.71
619.6 -71.37
620.0 -70.45
620.4 -210.0
620.8 -70.79
621.2 -71.3
621.6 -70.69
622.0 -75.08
622.4 -72.09
622.8 -71.4
623.2 -210.0
623.6 -71.28
624.0 -73.31
624.4 -75.65
624.8 -76.12
625.2 -85.7
625.6 -70.8
626.0 -69.72
626.4 -210.0
626.8 -75.8
627.2 -72.2
627.6 -73.54
628.0 -68.62
628.4 -71.75
628.8 -70.35
629.2 -210.0
629.6 -73.92
630.0 -73.44
630.4 -77.57
630.8 -71.58
631.2 -69.65
631.6 -70.2
632.0 -71.09
632.4 -68.93
632.8 -69.05
633.2 -70.44
633.6 -68.33
634.0 -71.66
634.4 -67.86
634.8 -69.36
635.2 -68.74
635.6 -70.17
636.0 -69.53
636.4 -69.14
636.8 -68.17
637.2 -69.12
637.6 -70.87
638.0 -69.18
638.4 -67.12
638.8 -68.65
639.2 -68.48
639.6 -69.3
640.0 -68.41
640.4 -69.7
640.8 -69.41
641.2 -68.39
641.6 -67.69
642.0 -68.11
642.4 -68.69
642.8 -69.75
643.2 -67.99
643.6 -71.62
644.0 -66.76
644.4 -66.53
644.8 -69.39
645.2 -67.62
645.6 -67.85
646.0 -67.19
646.4 -67.4
646.8 -66.98
647.2 -67.84
647.6 -67.93
648.0 -67.0
648.4 -66.7
648.8 -66.93
649.2 -67.7
649.6 -66.78
650.0 -67.84
650.4 -67.57
650.8 -66.82
651.2 -66.83
651.6 -67.17
652.0 -67.8
652.4 -68.0
652.8 -67.34
653.2 -66.7
653.6 -67.08
654.0 -67.87
654.4 -67.87
654.8 -66.72
655.2 -67.4
655.6 -67.12
656.0 -67.21
656.4 -66.87
656.8 -67.8
657.2 -67.07
657.6 -67.34
658.0 -67.59
658.4 -66.99
658.8 -66.97
659.2 -67.23
659.6 -66.26
660.0 -67.44
660.4 -67.61
660.8 -66.8
661.2 -67.4
661.6 -66.66
662.0 -66.36
662.4 -66.62
662.8 -66.83
663.2 -66.27
663.6 -67.13
664.0 -66.27
664.4 -66.94
664.8 -65.65
665.2 -66.33
665.6 -66.59
666.0 -66.27
666.4 -66.3
666.8 -66.83
667.2 -66.11
667.6 -67.2
668.0 -66.11
668.4 -66.3
668.8 -66.14
669.2 -66.42
669.6 -66.02
670.0 -66.1
670.4 -66.35
670.8 -66.15
671.2 -66.12
671.6 -66.64
672.0 -66.36
672.4 -65.24
672.8 -65.81
673.2 -65.4
673.6 -65.92
674.0 -66.0
674.4 -65.97
674.8 -65.51
675.2 -66.08
675.6 -65.87
676.0 -65.32
676.4 -65.89
676.8 -66.15
677.2 -65.21
677.6 -67.88
678.0 -65.84
678.4 -66.47
678.8 -65.55
679.2 -65.86
679.6 -65.37
680.0 -66.09
680.4 -65.33
680.8 -65.84
681.2 -65.45
681.6 -65.98
682.0 -66.19
682.4 -65.57
682.8 -65.59
683.2 -66.83
683.6 -64.7
684.0 -65.55
684.4 -65.48
684.8 -65.4
685.2 -65.56
685.6 -65.42
686.0 -65.38
686.4 -65.33
686.8 -65.19
687.2 -65.45
687.6 -65.78
688.0 -65.72
688.4 -65.3
688.8 -65.27
689.2 -66.04
689.6 -65.56
690.0 -65.72
690.4 -65.3
690.8 -65.49
691.2 -64.93
691.6 -65.88
692.0 -66.22
692.4 -65.71
692.8 -65.06
693.2 -65.76
693.6 -64.6
694.0 -65.19
694.4 -65.26
694.8 -65.54
695.2 -65.17
695.6 -65.39
696.0 -65.63
696.4 -64.57
696.8 -64.97
697.2 -65.79
697.6 -65.04
698.0 -64.69
698.4 -64.85
698.8 -64.56
699.2 -66.18
699.6 -64.91
700.0 -65.1
700.4 -64.72
700.8 -64.94
701.2 -65.16
701.6 -65.3
702.0 -65.29
702.4 -65.06
702.8 -65.31
703.2 -65.55
703.6 -65.61
704.0 -65.57
704.4 -65.14
704.8 -65.22
705.2 -65.32
705.6 -65.44
706.0 -65.12
706.4 -64.93
706.8 -65.0
707.2 -64.99
707.6 -65.18
708.0 -64.91
708.4 -65.03
708.8 -64.23
709.2 -64.89
709.6 -64.66
710.0 -65.6
710.4 -64.83
710.8 -64.74
711.2 -64.84
711.6 -65.61
712.0 -65.77
712.4 -64.78
712.8 -65.11
713.2 -64.98
713.6 -64.42
714.0 -64.51
714.4 -65.04
714.8 -64.18
715.2 -65.57
715.6 -64.89
716.0 -65.73
716.4 -65.35
716.8 -64.37
717.2 -64.77
717.6 -65.06
718.0 -64.76
718.4 -64.66
718.8 -65.38
719.2 -65.24
719.6 -64.75
720.0 -65.26
720.4 -65.46
720.8 -65.45
721.2 -64.91
721.6 -64.32
722.0 -65.04
722.4 -65.79
722.8 -66.01
723.2 -64.79
723.6 -65.43
724.0 -64.78
724.4 -64.86
724.8 -65.21
725.2 -64.93
725.6 -65.69
726.0 -65.56
726.4 -65.43
726.8 -65.84
727.2 -65.39
727.6 -64.75
728.0 -65.6
728.4 -65.86
728.8 -64.89
729.2 -64.57
729.6 -64.7
730.0 -65.1
730.4 -65.3
730.8 -66.22
731.2 -65.44
731.6 -65.0
732.0 -64.99
732.4 -64.97
732.8 -65.05
733.2 -64.53
733.6 -64.9
734.0 -64.44
734.4 -64.48
734.8 -64.97
735.2 -65.06
735.6 -65.28
736.0 -64.99
736.4 -66.17
736.8 -65.55
737.2 -65.24
737.6 -64.7
738.0 -64.73
738.4 -64.97
738.8 -64.93
739.2 -65.13
739.6 -65.86
740.0 -65.33
740.4 -65.18
740.8 -65.43
741.2 -65.26
741.6 -64.8
742.0 -64.72
742.4 -65.26
742.8 -65.07
743.2 -65.02
743.6 -65.9
744.0 -64.98
744.4 -66.14
744.8 -64.78
745.2 -64.81
745.6 -64.97
746.0 -65.88
746.4 -65.32
746.8 -64.91
747.2 -64.63
747.6 -64.99
748.0 -65.04
748.4 -65.93
748.8 -65.21
749.2 -64.84
749.6 -64.95
750.0 -64.72
750.4 -65.32
750.8 -64.84
751.2 -64.6
751.6 -65.34
752.0 -66.04
752.4 -64.85
752.8 -65.19
753.2 -65.28
753.6 -64.72
754.0 -65.53
754.4 -65.59
754.8 -65.45
755.2 -65.48
755.6 -66.42
756.0 -65.4
756.4 -64.89
756.8 -65.08
757.2 -64.49
757.6 -65.01
758.0 -65.58
758.4 -64.83
758.8 -66.68
759.2 -65.33
759.6 -65.46
760.0 -64.61
760.4 -64.25
760.8 -64.66
761.2 -65.0
761.6 -64.26
762.0 -64.76
762.4 -65.84
762.8 -65.59
763.2 -65.59
763.6 -65.2
764.0 -64.52
764.4 -65.22
764.8 -65.43
765.2 -64.56
765.6 -65.02
766.0 -65.07
766.4 -64.86
766.8 -63.91
767.2 -64.6
767.6 -64.8
768.0 -65.4
768.4 -64.84
768.8 -64.95
769.2 -63.99
769.6 -64.58
770.0 -65.48
770.4 -65.13
770.8 -64.97
771.2 -64.49
771.6 -65.25
772.0 -64.81
772.4 -64.53
772.8 -64.64
773.2 -65.47
773.6 -66.25
774.0 -65.78
774.4 -64.86
774.8 -65.85
775.2 -64.18
775.6 -65.5
776.0 -64.38
776.4 -64.82
776.8 -63.95
777.2 -64.14
777.6 -64.02
778.0 -64.42
778.4 -64.29
778.8 -64.58
779.2 -65.12
779.6 -64.61
780.0 -64.1
780.4 -65.01
780.8 -65.11
781.2 -64.49
781.6 -64.91
782.0 -65.46
782.4 -65.32
782.8 -65.67
783.2 -65.18
783.6 -65.28
784.0 -64.67
784.4 -64.28
784.8 -65.08
785.2 -64.8
785.6 -64.69
786.0 -65.47
786.4 -65.04
786.8 -65.57
787.2 -64.29
787.6 -65.36
788.0 -64.16
788.4 -64.5
788.8 -63.98
789.2 -64.0
789.6 -64.96
790.0 -64.92
790.4 -63.94
790.8 -64.63
791.2 -64.5
791.6 -64.26
792.0 -64.42
792.4 -64.23
792.8 -64.36
793.2 -65.09
793.6 -64.0
794.0 -64.11
794.4 -64.74
794.8 -63.89
795.2 -64.86
795.6 -63.62
796.0 -64.5
796.4 -64.5
796.8 -64.5
797.2 -63.72
797.6 -64.9
798.0 -64.17
798.4 -64.03
798.8 -63.81
799.2 -63.12
799.6 -63.67
800.0 -64.44
800.4 -63.52
800.8 -64.05
801.2 -63.44
801.6 -63.81
802.0 -64.32
802.4 -63.88
802.8 -65.06
803.2 -63.26
803.6 -64.09
804.0 -63.85
804.4 -63.66
804.8 -62.86
805.2 -63.33
805.6 -63.05
806.0 -62.49
806.4 -60.45
806.8 -57.2
807.2 -53.45
807.6 -49.5
808.0 -48.27
808.4 -49.15
808.8 -49.61
809.2 -53.7
809.6 -60.79
810.0 -62.81
810.4 -63.4
810.8 -63.22
811.2 -63.84
811.6 -63.69
812.0 -63.77
812.4 -63.41
812.8 -63.46
813.2 -63.63
813.6 -63.94
814.0 -63.71
814.4 -63.49
814.8 -63.46
815.2 -63.5
815.6 -63.76
816.0 -62.98
816.4 -64.47
816.8 -63.82
817.2 -63.52
817.6 -63.47
818.0 -63.73
818.4 -63.59
818.8 -63.91
819.2 -63.52
819.6 -63.87
820.0 -63.54
820.4 -63.68
820.8 -63.66
821.2 -63.33
821.6 -62.65
822.0 -64.13
822.4 -63.94
822.8 -63.81
823.2 -63.41
823.6 -63.21
824.0 -63.52
824.4 -63.68
824.8 -63.59
825.2 -63.64
825.6 -63.44
826.0 -64.05
826.4 -63.84
826.8 -63.32
827.2 -63.36
827.6 -62.81
828.0 -63.34
828.4 -63.55
828.8 -63.72
829.2 -63.08
829.6 -63.27
830.0 -63.28
830.4 -63.02
830.8 -63.18
831.2 -63.42
831.6 -63.19
832.0 -62.84
832.4 -63.54
832.8 -63.51
833.2 -63.07
833.6 -63.82
834.0 -63.27
834.4 -63.1
834.8 -63.24
835.2 -62.71
835.6 -63.4
836.0 -63.04
836.4 -63.41
836.8 -63.52
837.2 -63.26
837.6 -63.34
838.0 -63.7
838.4 -63.1
838.8 -63.57
839.2 -63.88
839.6 -63.58
840.0 -63.33
840.4 -63.67
840.8 -63.41
841.2 -63.37
841.6 -63.42
842.0 -63.69
842.4 -63.59
842.8 -63.41
843.2 -63.56
843.6 -63.61
844.0 -63.58
844.4 -63.16
844.8 -63.75
845.2 -63.15
845.6 -63.27
846.0 -63.62
846.4 -63.91
846.8 -64.21
847.2 -63.57
847.6 -63.66
848.0 -63.74
848.4 -63.69
848.8 -63.17
849.2 -63.69
849.6 -63.78
850.0 -64.06
850.4 -63.79
850.8 -63.89
851.2 -63.69
851.6 -64.38
852.0 -63.6
852.4 -63.26
852.8 -63.56
853.2 -63.82
853.6 -63.7
854.0 -63.67
854.4 -64.05
854.8 -63.48
855.2 -63.81
855.6 -63.2
856.0 -63.44
856.4 -64.25
856.8 -63.66
857.2 -63.56
857.6 -63.84
858.0 -63.79
858.4 -64.04
858.8 -63.71
859.2 -64.17
859.6 -63.78
860.0 -63.39
860.4 -63.46
860.8 -63.76
861.2 -63.52
861.6 -63.46
862.0 -63.52
862.4 -63.52
862.8 -63.19
863.2 -63.33
863.6 -63.69
864.0 -63.32
864.4 -63.53
864.8 -64.31
865.2 -63.33
865.6 -63.5
866.0 -63.93
866.4 -63.79
866.8 -63.72
867.2 -63.73
867.6 -63.1
868.0 -64.44
868.4 -63.66
868.8 -63.67
869.2 -63.98
869.6 -63.56
870.0 -63.35
870.4 -63.39
870.8 -63.54
871.2 -63.4
871.6 -63.91
872.0 -63.35
872.4 -63.55
872.8 -63.36
873.2 -63.74
873.6 -63.6
874.0 -63.0
874.4 -63.38
874.8 -63.82
875.2 -63.14
875.6 -63.64
876.0 -63.65
876.4 -63.87
876.8 -63.41
877.2 -63.63
877.6 -63.47
878.0 -64.16
878.4 -63.62
878.8 -63.38
879.2 -63.53
879.6 -63.84
880.0 -63.27
880.4 -63.55
880.8 -63.85
881.2 -63.68
881.6 -63.78
882.0 -63.95
882.4 -63.62
882.8 -63.56
883.2 -63.71
883.6 -63.49
884.0 -63.77
884.4 -63.44
884.8 -64.3
885.2 -63.5
885.6 -63.61
886.0 -63.7
886.4 -63.52
886.8 -63.57
887.2 -63.33
887.6 -63.92
888.0 -63.08
888.4 -63.77
888.8 -63.8
889.2 -64.04
889.6 -63.23
890.0 -63.53
890.4 -63.83
890.8 -63.24
891.2 -63.71
891.6 -63.71
892.0 -63.59
892.4 -63.78
892.8 -63.16
893.2 -63.42
893.6 -63.38
894.0 -63.87
894.4 -63.78
894.8 -63.58
895.2 -63.69
895.6 -63.49
896.0 -63.78
896.4 -63.66
896.8 -63.34
897.2 -63.37
897.6 -63.32
898.0 -63.47
898.4 -63.74
898.8 -63.29
899.2 -63.75
899.6 -63.6
900.0 -63.63
900.4 -63.68
900.8 -63.47
901.2 -63.9
901.6 -63.68
902.0 -63.9
902.4 -63.66
902.8 -63.57
903.2 -63.35
903.6 -63.2
904.0 -63.23
904.4 -63.61
904.8 -63.7
905.2 -63.6
905.6 -64.18
906.0 -63.5
906.4 -63.97
906.8 -63.94
907.2 -64.22
907.6 -64.04
908.0 -63.56
908.4 -63.75
908.8 -63.46
909.2 -64.51
909.6 -63.95
910.0 -64.14
910.4 -64.24
910.8 -63.41
911.2 -63.7
911.6 -63.72
912.0 -63.92
912.4 -63.25
912.8 -63.09
913.2 -63.24
913.6 -63.58
914.0 -63.76
914.4 -63.61
914.8 -64.25
915.2 -63.88
915.6 -63.46
916.0 -63.37
916.4 -63.53
916.8 -63.46
917.2 -63.26
917.6 -63.63
918.0 -63.81
918.4 -63.57
918.8 -63.75
919.2 -63.72
919.6 -63.27
920.0 -63.9
920.4 -63.75
920.8 -63.71
921.2 -63.15
921.6 -63.46
922.0 -63.65
922.4 -63.34
922.8 -63.42
923.2 -63.39
923.6 -63.43
924.0 -63.38
924.4 -63.33
924.8 -63.76
925.2 -63.73
925.6 -63.61
926.0 -63.29
926.4 -63.31
926.8 -63.36
927.2 -63.41
927.6 -63.63
928.0 -63.83
928.4 -63.43
928.8 -63.57
929.2 -63.46
929.6 -63.6
930.0 -63.61
930.4 -63.19
930.8 -63.59
931.2 -63.36
931.6 -63.47
932.0 -63.35
932.4 -63.26
932.8 -63.42
933.2 -64.13
933.6 -63.47
934.0 -63.6
934.4 -63.94
934.8 -63.51
935.2 -63.57
935.6 -63.51
936.0 -63.49
936.4 -63.88
936.8 -63.97
937.2 -63.72
937.6 -63.72
938.0 -63.96
938.4 -63.68
938.8 -64.01
939.2 -63.5
939.6 -63.76
940.0 -63.75
940.4 -64.2
940.8 -63.65
941.2 -63.74
941.6 -63.66
942.0 -64.0
942.4 -64.09
942.8 -64.39
943.2 -64.02
943.6 -63.68
944.0 -63.99
944.4 -63.83
944.8 -63.73
945.2 -63.96
945.6 -64.09
946.0 -63.93
946.4 -63.74
946.8 -63.72
947.2 -63.86
947.6 -63.78
948.0 -63.99
948.4 -63.48
948.8 -63.88
949.2 -63.82
949.6 -63.79
950.0 -63.52
950.4 -63.8
950.8 -63.95
951.2 -64.15
951.6 -63.78
952.0 -63.73
952.4 -63.87
952.8 -63.91
953.2 -63.94
953.6 -64.22
954.0 -64.52
954.4 -64.04
954.8 -64.11
955.2 -63.81
955.6 -64.24
956.0 -64.01
956.4 -64.28
956.8 -64.12
957.2 -64.14
957.6 -63.8
958.0 -64.15
958.4 -64.31
958.8 -64.18
959.2 -64.13
959.6 -63.94
960.0 -63.87
960.4 -63.92
960.8 -64.35
961.2 -64.17
961.6 -63.8
962.0 -63.98
962.4 -63.9
962.8 -64.02
963.2 -63.97
963.6 -64.17
964.0 -63.81
964.4 -63.79
964.8 -64.19
965.2 -63.69
965.6 -63.81
966.0 -63.95
966.4 -63.62
966.8 -63.96
967.2 -63.54
967.6 -63.91
968.0 -63.79
968.4 -63.85
968.8 -63.79
969.2 -63.7
969.6 -63.54
970.0 -63.77
970.4 -63.58
970.8 -63.75
971.2 -63.91
971.6 -63.4
972.0 -63.77
972.4 -63.45
972.8 -63.67
973.2 -63.7
973.6 -63.63
974.0 -63.72
974.4 -63.94
974.8 -63.73
975.2 -63.86
975.6 -63.88
976.0 -63.86
976.4 -63.65
976.8 -63.95
977.2 -63.74
977.6 -64.05
978.0 -63.72
978.4 -63.56
978.8 -63.79
979.2 -64.0
979.6 -63.57
980.0 -63.57
980.4 -63.81
980.8 -63.52
981.2 -63.5
981.6 -63.43
982.0 -63.48
982.4 -63.71
982.8 -63.35
983.2 -63.41
983.6 -63.16
984.0 -63.19
984.4 -63.09
984.8 -63.12
985.2 -63.02
985.6 -62.82
986.0 -63.1
986.4 -62.99
986.8 -62.8
987.2 -62.86
987.6 -62.8
988.0 -62.93
988.4 -62.59
988.8 -62.43
989.2 -62.63
989.6 -62.54
990.0 -62.41
990.4 -62.55
990.8 -62.28
991.2 -62.33
991.6 -62.43
992.0 -62.23
992.4 -62.3
992.8 -62.54
993.2 -62.49
993.6 -62.44
994.0 -62.19
994.4 -62.13
994.8 -62.24
995.2 -62.24
995.6 -62.16
996.0 -62.08
996.4 -62.26
996.8 -62.3
997.2 -62.33
997.6 -62.08
998.0 -62.13
998.4 -62.14
998.8 -62.19
999.2 -62.08
999.6 -62.14
1000.0 -62.05
