600.0 -70.16
600.4 -210.0
600.8 -210.0
601.2 -210.0
601.6 -71.68
602.0 -78.24
602.4 -210.0
602.8 -70.7
603.2 -73.2
603.6 -210.0
604.0 -79.62
604.4 -73.28
604.8 -67.63
605.2 -81.46
605.6 -75.46
606.0 -69.34
606.4 -71.12
606.8 -210.0
607.2 -81.59
607.6 -210.0
608.0 -73.52
608.4 -210.0
608.8 -76.92
609.2 -69.16
609.6 -210.0
610.0 -78.75
610.4 -78.78
610.8 -69.91
611.2 -210.0
611.6 -72.83
612.0 -210.0
612.4 -210.0
612.8 -70.8
613.2 -75.93
613.6 -210.0
614.0 -70.87
614.4 -72.99
614.8 -70.59
615.2 -70.46
615.6 -72.55
616.0 -69.34
616.4 -71.35
616.8 -82.17
617.2 -73.16
617.6 -69.78
618.0 -71.45
618.4 -72.49
618.8 -75.3
619.2 -70.85
619.6 -72.12
620.0 -70.31
620.4 -210.0
620.8 -70.94
621.2 -71.13
621.6 -69.9
622.0 -71.88
622.4 -70.74
622.8 -72.54
623.2 -67.3
623.6 -71.98
624.0 -69.38
624.4 -68.57
624.8 -70.75
625.2 -76.15
625.6 -69.28
626.0 -72.74
626.4 -71.14
626.8 -71.99
627.2 -69.79
627.6 -74.08
628.0 -68.88
628.4 -72.89
628.8 -71.6
629.2 -71.46
629.6 -69.34
630.0 -210.0
630.4 -70.58
630.8 -71.74
631.2 -70.29
631.6 -68.87
632.0 -72.17
632.4 -70.86
632.8 -67.88
633.2 -68.6
633.6 -70.02
634.0 -73.28
634.4 -70.63
634.8 -68.42
635.2 -69.56
635.6 -70.38
636.0 -67.98
636.4 -69.74
636.8 -68.64
637.2 -69.12
637.6 -69.57
638.0 -68.46
638.4 -67.86
638.8 -70.96
639.2 -69.35
639.6 -69.07
640.0 -68.67
640.4 -67.91
640.8 -69.57
641.2 -68.99
641.6 -68.56
642.0 -69.06
642.4 -68.26
642.8 -69.29
643.2 -68.83
643.6 -69.74
644.0 -69.54
644.4 -67.79
644.8 -68.6
645.2 -67.81
645.6 -69.05
646.0 -67.41
646.4 -67.97
646.8 -67.86
647.2 -67.61
647.6 -69.36
648.0 -68.76
648.4 -67.63
648.8 -68.09
649.2 -67.48
649.6 -67.0
650.0 -67.24
650.4 -67.66
650.8 -67.62
651.2 -68.23
651.6 -67.94
652.0 -68.43
652.4 -67.64
652.8 -68.34
653.2 -68.0
653.6 -68.01
654.0 -69.07
654.4 -67.23
654.8 -68.57
655.2 -67.16
655.6 -67.16
656.0 -66.63
656.4 -67.62
656.8 -67.17
657.2 -66.0
657.6 -67.85
658.0 -67.94
658.4 -67.34
658.8 -66.68
659.2 -67.0
659.6 -66.97
660.0 -67.32
660.4 -67.36
660.8 -67.28
661.2 -67.53
661.6 -66.9
662.0 -67.16
662.4 -67.09
662.8 -65.93
663.2 -65.68
663.6 -65.74
664.0 -66.83
664.4 -67.44
664.8 -66.3
665.2 -66.39
665.6 -66.08
666.0 -66.39
666.4 -66.56
666.8 -66.59
667.2 -67.09
667.6 -67.2
668.0 -66.02
668.4 -66.39
668.8 -66.69
669.2 -66.33
669.6 -66.69
670.0 -66.29
670.4 -65.98
670.8 -66.0
671.2 -66.25
671.6 -65.53
672.0 -65.62
672.4 -66.11
672.8 -66.48
673.2 -65.84
673.6 -66.58
674.0 -65.63
674.4 -66.31
674.8 -66.63
675.2 -66.56
675.6 -66.3
676.0 -66.39
676.4 -66.8
676.8 -65.41
677.2 -65.8
677.6 -65.26
678.0 -65.73
678.4 -66.05
678.8 -65.24
679.2 -65.95
679.6 -65.92
680.0 -66.65
680.4 -65.71
680.8 -66.5
681.2 -65.93
681.6 -66.43
682.0 -66.48
682.4 -65.91
682.8 -65.19
683.2 -65.48
683.6 -65.26
684.0 -65.89
684.4 -65.76
684.8 -65.76
685.2 -65.11
685.6 -65.7
686.0 -65.69
686.4 -65.92
686.8 -65.91
687.2 -65.71
687.6 -66.21
688.0 -65.61
688.4 -65.2
688.8 -65.35
689.2 -65.32
689.6 -65.85
690.0 -64.53
690.4 -65.86
690.8 -65.63
691.2 -65.59
691.6 -65.91
692.0 -65.55
692.4 -65.86
692.8 -65.57
693.2 -66.4
693.6 -64.93
694.0 -65.41
694.4 -65.4
694.8 -65.48
695.2 -65.36
695.6 -64.97
696.0 -65.16
696.4 -66.22
696.8 -65.21
697.2 -65.09
697.6 -65.22
698.0 -65.91
698.4 -65.2
698.8 -65.2
699.2 -65.5
699.6 -64.84
700.0 -65.37
700.4 -65.59
700.8 -64.72
701.2 -65.61
701.6 -65.35
702.0 -65.21
702.4 -65.74
702.8 -65.65
703.2 -64.87
703.6 -65.64
704.0 -65.2
704.4 -64.54
704.8 -64.31
705.2 -64.75
705.6 -64.8
706.0 -64.99
706.4 -65.11
706.8 -65.65
707.2 -65.46
707.6 -65.7
708.0 -64.51
708.4 -64.55
708.8 -65.3
709.2 -65.29
709.6 -65.1
710.0 -64.23
710.4 -65.48
710.8 -65.72
711.2 -64.92
711.6 -66.1
712.0 -64.68
712.4 -65.46
712.8 -65.08
713.2 -65.34
713.6 -64.71
714.0 -65.88
714.4 -65.58
714.8 -65.09
715.2 -65.22
715.6 -65.54
716.0 -65.14
716.4 -64.34
716.8 -65.07
717.2 -64.57
717.6 -65.43
718.0 -64.66
718.4 -64.61
718.8 -64.99
719.2 -65.12
719.6 -64.58
720.0 -64.57
720.4 -65.03
720.8 -64.97
721.2 -64.56
721.6 -65.19
722.0 -65.99
722.4 -65.44
722.8 -65.08
723.2 -65.25
723.6 -65.37
724.0 -64.94
724.4 -64.83
724.8 -64.98
725.2 -65.76
725.6 -65.6
726.0 -64.36
726.4 -64.27
726.8 -65.33
727.2 -65.1
727.6 -65.36
728.0 -65.54
728.4 -64.92
728.8 -64.83
729.2 -65.14
729.6 -65.37
730.0 -64.88
730.4 -64.62
730.8 -64.68
731.2 -65.44
731.6 -65.32
732.0 -64.47
732.4 -64.75
732.8 -65.14
733.2 -65.04
733.6 -64.44
734.0 -65.07
734.4 -65.35
734.8 -65.2
735.2 -64.86
735.6 -65.25
736.0 -65.02
736.4 -65.04
736.8 -65.78
737.2 -64.87
737.6 -65.0
738.0 -64.7
738.4 -64.3
738.8 -65.08
739.2 -65.25
739.6 -65.9
740.0 -64.5
740.4 -65.3
740.8 -65.33
741.2 -66.13
741.6 -64.32
742.0 -65.51
742.4 -64.42
742.8 -64.96
743.2 -65.44
743.6 -64.77
744.0 -64.65
744.4 -64.68
744.8 -65.79
745.2 -65.4
745.6 -64.97
746.0 -65.68
746.4 -65.26
746.8 -64.72
747.2 -66.12
747.6 -65.63
748.0 -65.13
748.4 -65.49
748.8 -65.18
749.2 -65.15
749.6 -65.27
750.0 -65.32
750.4 -64.83
750.8 -64.99
751.2 -64.79
751.6 -65.76
752.0 -65.93
752.4 -65.72
752.8 -65.19
753.2 -65.81
753.6 -64.59
754.0 -65.6
754.4 -65.08
754.8 -65.42
755.2 -63.97
755.6 -66.07
756.0 -65.03
756.4 -64.66
756.8 -64.6
757.2 -65.42
757.6 -65.26
758.0 -66.47
758.4 -64.32
758.8 -65.12
759.2 -64.68
759.6 -64.68
760.0 -65.1
760.4 -64.84
760.8 -65.51
761.2 -65.85
761.6 -64.39
762.0 -66.07
762.4 -64.76
762.8 -64.89
763.2 -64.24
763.6 -65.52
764.0 -64.77
764.4 -65.09
764.8 -65.33
765.2 -65.08
765.6 -64.99
766.0 -66.03
766.4 -65.2
766.8 -65.38
767.2 -64.06
767.6 -64.65
768.0 -64.84
768.4 -64.35
768.8 -64.89
769.2 -64.78
769.6 -64.75
770.0 -64.65
770.4 -64.88
770.8 -64.68
771.2 -65.06
771.6 -64.94
772.0 -64.96
772.4 -64.67
772.8 -64.9
773.2 -65.02
773.6 -64.78
774.0 -65.67
774.4 -63.91
774.8 -65.85
775.2 -64.52
775.6 -65.11
776.0 -64.43
776.4 -64.62
776.8 -64.76
777.2 -65.42
777.6 -64.97
778.0 -63.99
778.4 -65.12
778.8 -65.69
779.2 -65.34
779.6 -64.96
780.0 -64.55
780.4 -64.44
780.8 -65.11
781.2 -65.11
781.6 -64.65
782.0 -64.65
782.4 -64.85
782.8 -65.07
783.2 -65.31
783.6 -64.99
784.0 -64.13
784.4 -65.25
784.8 -64.49
785.2 -64.8
785.6 -64.49
786.0 -64.69
786.4 -64.04
786.8 -64.19
787.2 -64.85
787.6 -64.73
788.0 -64.34
788.4 -65.12
788.8 -65.03
789.2 -65.03
789.6 -64.99
790.0 -64.4
790.4 -64.66
790.8 -65.31
791.2 -64.73
791.6 -64.34
792.0 -64.42
792.4 -64.7
792.8 -64.12
793.2 -63.9
793.6 -64.9
794.0 -64.48
794.4 -64.46
794.8 -64.57
795.2 -63.89
795.6 -63.76
796.0 -64.53
796.4 -64.94
796.8 -64.31
797.2 -64.22
797.6 -63.97
798.0 -63.87
798.4 -64.43
798.8 -64.16
799.2 -64.08
799.6 -64.89
800.0 -63.68
800.4 -64.53
800.8 -64.47
801.2 -64.62
801.6 -63.76
802.0 -63.98
802.4 -64.13
802.8 -64.25
803.2 -63.54
803.6 -64.3
804.0 -64.39
804.4 -63.93
804.8 -63.1
805.2 -63.48
805.6 -63.05
806.0 -62.47
806.4 -60.19
806.8 -57.2
807.2 -53.57
807.6 -49.7
808.0 -48.33
808.4 -49.25
808.8 -49.78
809.2 -53.72
809.6 -60.47
810.0 -62.61
810.4 -63.17
810.8 -63.06
811.2 -63.52
811.6 -63.44
812.0 -63.5
812.4 -63.2
812.8 -63.55
813.2 -63.79
813.6 -63.57
814.0 -63.84
814.4 -63.78
814.8 -63.7
815.2 -64.06
815.6 -63.32
816.0 -63.35
816.4 -63.99
816.8 -63.69
817.2 -63.9
817.6 -63.71
818.0 -63.89
818.4 -63.48
818.8 -64.2
819.2 -63.97
819.6 -63.87
820.0 -63.35
820.4 -63.38
820.8 -63.38
821.2 -63.12
821.6 -63.19
822.0 -63.65
822.4 -63.36
822.8 -63.06
823.2 -63.18
823.6 -63.69
824.0 -63.28
824.4 -63.55
824.8 -63.43
825.2 -63.36
825.6 -64.01
826.0 -63.09
826.4 -63.51
826.8 -62.8
827.2 -63.03
827.6 -63.02
828.0 -63.24
828.4 -62.91
828.8 -63.58
829.2 -63.26
829.6 -62.93
830.0 -63.41
830.4 -63.65
830.8 -63.28
831.2 -63.59
831.6 -63.46
832.0 -63.33
832.4 -63.22
832.8 -63.23
833.2 -62.68
833.6 -63.02
834.0 -63.13
834.4 -63.08
834.8 -63.21
835.2 -62.52
835.6 -62.96
836.0 -62.71
836.4 -62.93
836.8 -62.73
837.2 -62.85
837.6 -63.1
838.0 -63.07
838.4 -63.04
838.8 -63.26
839.2 -63.13
839.6 -63.3
840.0 -63.14
840.4 -63.22
840.8 -63.59
841.2 -63.2
841.6 -63.42
842.0 -63.16
842.4 -63.71
842.8 -63.03
843.2 -63.35
843.6 -63.1
844.0 -63.22
844.4 -63.03
844.8 -63.5
845.2 -63.34
845.6 -63.26
846.0 -63.24
846.4 -63.08
846.8 -63.2
847.2 -63.41
847.6 -63.44
848.0 -63.57
848.4 -63.89
848.8 -63.26
849.2 -63.19
849.6 -63.36
850.0 -63.01
850.4 -63.27
850.8 -63.18
851.2 -63.44
851.6 -63.6
852.0 -63.36
852.4 -63.08
852.8 -63.25
853.2 -63.23
853.6 -63.59
854.0 -63.74
854.4 -63.04
854.8 -63.35
855.2 -63.21
855.6 -63.09
856.0 -63.12
856.4 -63.51
856.8 -63.06
857.2 -63.45
857.6 -62.9
858.0 -63.22
858.4 -63.32
858.8 -63.18
859.2 -63.18
859.6 -63.07
860.0 -63.14
860.4 -62.99
860.8 -62.99
861.2 -63.11
861.6 -63.31
862.0 -63.68
862.4 -63.01
862.8 -62.82
863.2 -63.06
863.6 -63.3
864.0 -63.54
864.4 -62.98
864.8 -63.15
865.2 -63.03
865.6 -62.88
866.0 -63.06
866.4 -63.23
866.8 -62.74
867.2 -63.06
867.6 -62.77
868.0 -63.16
868.4 -63.06
868.8 -63.05
869.2 -63.15
869.6 -63.05
870.0 -62.91
870.4 -63.02
870.8 -62.52
871.2 -63.41
871.6 -62.94
872.0 -63.17
872.4 -63.07
872.8 -63.13
873.2 -62.86
873.6 -62.74
874.0 -62.74
874.4 -63.07
874.8 -63.04
875.2 -62.75
875.6 -62.55
876.0 -62.56
876.4 -63.2
876.8 -62.63
877.2 -63.4
877.6 -63.08
878.0 -63.1
878.4 -63.06
878.8 -63.03
879.2 -62.88
879.6 -62.99
880.0 -63.21
880.4 -62.85
880.8 -63.07
881.2 -62.99
881.6 -63.06
882.0 -63.14
882.4 -62.71
882.8 -62.97
883.2 -62.69
883.6 -63.0
884.0 -62.81
884.4 -63.1
884.8 -62.85
885.2 -62.85
885.6 -62.48
886.0 -62.8
886.4 -62.65
886.8 -62.67
887.2 -62.85
887.6 -62.6
888.0 -62.45
888.4 -62.73
888.8 -62.79
889.2 -62.67
889.6 -62.57
890.0 -62.36
890.4 -62.97
890.8 -62.88
891.2 -62.82
891.6 -62.79
892.0 -62.68
892.4 -62.97
892.8 -62.57
893.2 -62.53
893.6 -62.6
894.0 -62.48
894.4 -62.76
894.8 -62.64
895.2 -63.0
895.6 -62.64
896.0 -62.53
896.4 -62.56
896.8 -62.44
897.2 -62.91
897.6 -62.76
898.0 -63.16
898.4 -62.8
898.8 -62.95
899.2 -62.81
899.6 -62.52
900.0 -62.97
900.4 -63.33
900.8 -62.81
901.2 -62.91
901.6 -62.84
902.0 -62.77
902.4 -63.25
902.8 -63.13
903.2 -62.77
903.6 -62.7
904.0 -63.05
904.4 -62.76
904.8 -62.38
905.2 -62.56
905.6 -62.57
906.0 -62.51
906.4 -62.88
906.8 -62.57
907.2 -62.51
907.6 -62.14
908.0 -62.78
908.4 -62.76
908.8 -63.08
909.2 -62.55
909.6 -62.41
910.0 -62.85
910.4 -62.7
910.8 -62.62
911.2 -63.13
911.6 -62.34
912.0 -62.52
912.4 -62.77
912.8 -61.87
913.2 -62.42
913.6 -62.05
914.0 -62.24
914.4 -62.48
914.8 -62.16
915.2 -62.38
915.6 -62.48
916.0 -62.51
916.4 -62.2
916.8 -62.39
917.2 -62.48
917.6 -62.18
918.0 -62.56
918.4 -62.26
918.8 -62.49
919.2 -62.72
919.6 -62.7
920.0 -62.38
920.4 -62.61
920.8 -62.68
921.2 -62.64
921.6 -62.48
922.0 -62.57
922.4 -62.44
922.8 -62.44
923.2 -62.61
923.6 -62.41
924.0 -62.43
924.4 -62.16
924.8 -62.63
925.2 -62.4
925.6 -62.43
926.0 -62.61
926.4 -62.55
926.8 -62.36
927.2 -62.58
927.6 -62.55
928.0 -62.52
928.4 -62.36
928.8 -62.3
929.2 -62.63
929.6 -62.36
930.0 -62.47
930.4 -62.25
930.8 -62.05
931.2 -62.55
931.6 -62.21
932.0 -62.58
932.4 -62.22
932.8 -62.26
933.2 -62.44
933.6 -62.23
934.0 -62.64
934.4 -62.37
934.8 -62.58
935.2 -62.54
935.6 -62.19
936.0 -62.66
936.4 -62.21
936.8 -62.29
937.2 -62.19
937.6 -62.46
938.0 -62.32
938.4 -62.24
938.8 -62.12
939.2 -61.88
939.6 -62.17
940.0 -62.29
940.4 -62.22
940.8 -62.1
941.2 -62.16
941.6 -62.23
942.0 -62.21
942.4 -62.57
942.8 -62.31
943.2 -62.25
943.6 -62.3
944.0 -62.22
944.4 -62.1
944.8 -61.96
945.2 -62.26
945.6 -62.15
946.0 -62.08
946.4 -62.11
946.8 -62.17
947.2 -61.98
947.6 -62.22
948.0 -62.49
948.4 -62.05
948.8 -62.04
949.2 -62.43
949.6 -62.21
950.0 -62.0
950.4 -62.02
950.8 -62.31
951.2 -61.96
951.6 -62.22
952.0 -62.17
952.4 -62.25
952.8 -62.06
953.2 -62.36
953.6 -62.09
954.0 -62.02
954.4 -62.04
954.8 -61.83
955.2 -61.93
955.6 -62.23
956.0 -62.18
956.4 -62.11
956.8 -62.37
957.2 -62.12
957.6 -62.32
958.0 -61.96
958.4 -62.31
958.8 -62.24
959.2 -62.34
959.6 -62.23
960.0 -61.77
960.4 -62.17
960.8 -62.0
961.2 -61.98
961.6 -61.94
962.0 -61.89
962.4 -62.12
962.8 -62.16
963.2 -61.87
963.6 -62.25
964.0 -62.06
964.4 -62.17
964.8 -62.05
965.2 -62.09
965.6 -61.94
966.0 -62.07
966.4 -62.15
966.8 -62.0
967.2 -62.04
967.6 -62.04
968.0 -62.03
968.4 -61.93
968.8 -61.98
969.2 -61.84
969.6 -62.02
970.0 -62.08
970.4 -61.97
970.8 -61.76
971.2 -62.19
971.6 -62.06
972.0 -61.97
972.4 -61.89
972.8 -62.05
973.2 -62.01
973.6 -62.19
974.0 -62.09
974.4 -62.04
974.8 -62.21
975.2 -62.23
975.6 -62.05
976.0 -62.37
976.4 -62.33
976.8 -62.16
977.2 -62.06
977.6 -62.18
978.0 -62.53
978.4 -62.37
978.8 -62.2
979.2 -62.36
979.6 -62.37
980.0 -62.15
980.4 -62.25
980.8 -62.26
981.2 -62.27
981.6 -62.08
982.0 -62.17
982.4 -61.72
982.8 -61.98
983.2 -61.75
983.6 -61.87
984.0 -61.63
984.4 -61.73
984.8 -61.57
985.2 -61.74
985.6 -61.53
986.0 -61.5
986.4 -61.59
986.8 -61.35
987.2 -61.58
987.6 -61.57
988.0 -61.58
988.4 -61.28
988.8 -61.46
989.2 -61.24
989.6 -61.3
990.0 -61.46
990.4 -61.35
990.8 -61.13
991.2 -61.28
991.6 -61.22
992.0 -61.16
992.4 -61.15
992.8 -61.47
993.2 -61.23
993.6 -61.29
994.0 -61.2
994.4 -61.1
994.8 -61.24
995.2 -61.23
995.6 -61.31
996.0 -61.29
996.4 -61.26
996.8 -61.25
997.2 -61.36
997.6 -61.15
998.0 -61.24
998.4 -61.26
998.8 -61.43
999.2 -61.15
999.6 -61.19
1000.0 -61.1
