600.0 -70.71
600.4 -210.0
600.8 -70.57
601.2 -71.65
601.6 -76.45
602.0 -69.21
602.4 -210.0
602.8 -81.31
603.2 -70.53
603.6 -74.82
604.0 -78.37
604.4 -210.0
604.8 -210.0
605.2 -210.0
605.6 -78.47
606.0 -77.54
606.4 -210.0
606.8 -72.27
607.2 -69.41
607.6 -76.17
608.0 -68.12
608.4 -70.53
608.8 -76.92
609.2 -73.93
609.6 -210.0
610.0 -75.23
610.4 -210.0
610.8 -210.0
611.2 -68.31
611.6 -71.87
612.0 -210.0
612.4 -210.0
612.8 -76.49
613.2 -70.65
613.6 -210.0
614.0 -210.0
614.4 -75.04
614.8 -70.44
615.2 -77.3
615.6 -73.34
616.0 -72.13
616.4 -71.93
616.8 -82.17
617.2 -210.0
617.6 -70.6
618.0 -75.71
618.4 -71.3
618.8 -79.27
619.2 -72.77
619.6 -72.34
620.0 -70.89
620.4 -73.63
620.8 -73.95
621.2 -80.67
621.6 -70.28
622.0 -78.51
622.4 -71.71
622.8 -76.51
623.2 -74.1
623.6 -70.82
624.0 -71.47
624.4 -69.41
624.8 -70.61
625.2 -80.92
625.6 -72.1
626.0 -72.96
626.4 -75.77
626.8 -72.79
627.2 -71.84
627.6 -68.6
628.0 -72.86
628.4 -210.0
628.8 -74.78
629.2 -70.37
629.6 -69.15
630.0 -70.81
630.4 -73.47
630.8 -71.0
631.2 -72.28
631.6 -73.11
632.0 -70.58
632.4 -70.38
632.8 -73.42
633.2 -71.46
633.6 -71.2
634.0 -73.98
634.4 -69.78
634.8 -70.32
635.2 -75.24
635.6 -71.09
636.0 -70.52
636.4 -70.44
636.8 -72.52
637.2 -67.72
637.6 -71.93
638.0 -75.12
638.4 -70.38
638.8 -70.73
639.2 -72.2
639.6 -69.46
640.0 -68.22
640.4 -69.79
640.8 -70.79
641.2 -69.86
641.6 -68.43
642.0 -69.51
642.4 -68.26
642.8 -70.76
643.2 -69.39
643.6 -68.87
644.0 -69.03
644.4 -66.68
644.8 -68.98
645.2 -68.23
645.6 -68.27
646.0 -72.8
646.4 -67.77
646.8 -69.8
647.2 -68.75
647.6 -68.45
648.0 -68.76
648.4 -68.05
648.8 -67.85
649.2 -69.71
649.6 -68.36
650.0 -68.75
650.4 -68.22
650.8 -69.16
651.2 -68.54
651.6 -68.04
652.0 -68.38
652.4 -68.44
652.8 -68.66
653.2 -67.68
653.6 -68.06
654.0 -67.73
654.4 -68.95
654.8 -67.92
655.2 -67.12
655.6 -69.08
656.0 -67.8
656.4 -66.84
656.8 -67.75
657.2 -67.38
657.6 -68.38
658.0 -68.48
658.4 -67.22
658.8 -67.56
659.2 -67.77
659.6 -66.79
660.0 -66.69
660.4 -67.74
660.8 -67.28
661.2 -66.87
661.6 -66.98
662.0 -68.35
662.4 -68.35
662.8 -68.61
663.2 -67.57
663.6 -67.13
664.0 -67.78
664.4 -67.44
664.8 -67.13
665.2 -66.69
665.6 -67.61
666.0 -67.57
666.4 -67.92
666.8 -66.62
667.2 -67.61
667.6 -66.62
668.0 -67.53
668.4 -67.44
668.8 -66.56
669.2 -67.87
669.6 -66.14
670.0 -66.65
670.4 -67.52
670.8 -66.15
671.2 -66.25
671.6 -66.85
672.0 -68.12
672.4 -65.73
672.8 -67.53
673.2 -66.62
673.6 -66.52
674.0 -66.68
674.4 -67.11
674.8 -66.67
675.2 -66.3
675.6 -65.85
676.0 -67.33
676.4 -66.73
676.8 -66.58
677.2 -66.51
677.6 -67.28
678.0 -66.6
678.4 -66.57
678.8 -67.03
679.2 -67.22
679.6 -67.03
680.0 -66.22
680.4 -67.25
680.8 -67.24
681.2 -66.89
681.6 -65.89
682.0 -67.34
682.4 -66.35
682.8 -67.96
683.2 -66.34
683.6 -66.93
684.0 -67.62
684.4 -66.35
684.8 -67.98
685.2 -66.55
685.6 -66.98
686.0 -66.08
686.4 -66.47
686.8 -66.03
687.2 -67.0
687.6 -66.06
688.0 -66.77
688.4 -66.4
688.8 -66.54
689.2 -66.13
689.6 -66.82
690.0 -65.69
690.4 -65.95
690.8 -66.73
691.2 -65.88
691.6 -65.82
692.0 -66.29
692.4 -67.29
692.8 -66.55
693.2 -66.91
693.6 -65.91
694.0 -66.16
694.4 -66.05
694.8 -65.8
695.2 -65.88
695.6 -66.66
696.0 -66.47
696.4 -66.79
696.8 -66.02
697.2 -66.52
697.6 -66.01
698.0 -67.17
698.4 -66.79
698.8 -65.77
699.2 -65.82
699.6 -66.08
700.0 -66.93
700.4 -66.58
700.8 -65.83
701.2 -66.35
701.6 -65.98
702.0 -65.23
702.4 -66.03
702.8 -66.58
703.2 -65.67
703.6 -65.32
704.0 -65.4
704.4 -66.0
704.8 -65.9
705.2 -65.58
705.6 -65.61
706.0 -66.57
706.4 -66.45
706.8 -67.08
707.2 -65.96
707.6 -66.94
708.0 -67.27
708.4 -66.21
708.8 -65.81
709.2 -65.32
709.6 -65.74
710.0 -66.33
710.4 -65.66
710.8 -65.33
711.2 -65.1
711.6 -65.9
712.0 -65.18
712.4 -66.42
712.8 -66.05
713.2 -65.85
713.6 -65.3
714.0 -65.38
714.4 -66.28
714.8 -65.97
715.2 -65.76
715.6 -65.7
716.0 -66.34
716.4 -65.75
716.8 -65.91
717.2 -64.98
717.6 -65.4
718.0 -66.27
718.4 -65.57
718.8 -66.64
719.2 -66.64
719.6 -66.16
720.0 -66.36
720.4 -67.41
720.8 -65.96
721.2 -64.81
721.6 -65.64
722.0 -66.86
722.4 -66.06
722.8 -65.4
723.2 -66.05
723.6 -65.78
724.0 -66.21
724.4 -67.05
724.8 -66.35
725.2 -66.39
725.6 -65.76
726.0 -66.19
726.4 -66.3
726.8 -66.22
727.2 -67.02
727.6 -67.15
728.0 -66.88
728.4 -65.35
728.8 -65.88
729.2 -65.56
729.6 -65.99
730.0 -65.55
730.4 -67.31
730.8 -65.8
731.2 -65.66
731.6 -65.41
732.0 -65.99
732.4 -66.1
732.8 -65.53
733.2 -67.99
733.6 -66.54
734.0 -65.64
734.4 -65.54
734.8 -65.8
735.2 -65.7
735.6 -65.53
736.0 -65.93
736.4 -66.06
736.8 -66.47
737.2 -66.67
737.6 -65.7
738.0 -66.71
738.4 -65.87
738.8 -66.3
739.2 -66.26
739.6 -66.49
740.0 -66.06
740.4 -64.81
740.8 -66.9
741.2 -66.8
741.6 -65.84
742.0 -66.43
742.4 -65.74
742.8 -65.41
743.2 -66.54
743.6 -66.15
744.0 -65.69
744.4 -66.41
744.8 -65.79
745.2 -66.03
745.6 -66.52
746.0 -65.23
746.4 -65.39
746.8 -66.1
747.2 -66.31
747.6 -66.27
748.0 -65.22
748.4 -66.88
748.8 -67.21
749.2 -66.3
749.6 -66.75
750.0 -65.85
750.4 -65.82
750.8 -65.81
751.2 -65.98
751.6 -66.51
752.0 -66.42
752.4 -67.17
752.8 -66.88
753.2 -67.82
753.6 -66.05
754.0 -66.32
754.4 -66.08
754.8 -65.2
755.2 -66.59
755.6 -66.11
756.0 -65.5
756.4 -65.74
756.8 -65.9
757.2 -65.52
757.6 -65.82
758.0 -67.71
758.4 -66.34
758.8 -66.42
759.2 -65.95
759.6 -66.17
760.0 -66.05
760.4 -67.21
760.8 -65.89
761.2 -65.25
761.6 -65.75
762.0 -66.07
762.4 -65.84
762.8 -64.92
763.2 -65.83
763.6 -65.32
764.0 -66.16
764.4 -65.72
764.8 -65.89
765.2 -65.64
765.6 -66.52
766.0 -65.77
766.4 -65.66
766.8 -66.05
767.2 -65.31
767.6 -65.98
768.0 -65.82
768.4 -65.64
768.8 -65.74
769.2 -67.07
769.6 -66.4
770.0 -66.34
770.4 -66.06
770.8 -65.59
771.2 -65.87
771.6 -66.18
772.0 -66.01
772.4 -66.13
772.8 -66.81
773.2 -65.94
773.6 -65.54
774.0 -65.71
774.4 -65.93
774.8 -65.89
775.2 -65.57
775.6 -64.72
776.0 -65.45
776.4 -66.27
776.8 -66.98
777.2 -65.49
777.6 -66.03
778.0 -65.83
778.4 -67.43
778.8 -65.28
779.2 -65.87
779.6 -65.83
780.0 -66.29
780.4 -66.25
780.8 -66.25
781.2 -66.77
781.6 -66.67
782.0 -66.37
782.4 -66.0
782.8 -65.26
783.2 -65.92
783.6 -65.66
784.0 -65.02
784.4 -66.4
784.8 -65.72
785.2 -64.77
785.6 -65.27
786.0 -65.44
786.4 -67.6
786.8 -65.43
787.2 -65.9
787.6 -65.23
788.0 -65.16
788.4 -65.42
788.8 -64.69
789.2 -65.96
789.6 -65.38
790.0 -65.14
790.4 -66.28
790.8 -65.31
791.2 -65.64
791.6 -65.16
792.0 -64.76
792.4 -65.54
792.8 -66.17
793.2 -65.6
793.6 -64.96
794.0 -65.28
794.4 -65.11
794.8 -65.18
795.2 -68.09
795.6 -65.07
796.0 -65.01
796.4 -66.11
796.8 -65.2
797.2 -65.79
797.6 -64.66
798.0 -65.9
798.4 -65.59
798.8 -64.32
799.2 -64.8
799.6 -65.56
800.0 -65.51
800.4 -64.1
800.8 -64.73
801.2 -65.02
801.6 -65.85
802.0 -65.02
802.4 -64.4
802.8 -64.69
803.2 -64.33
803.6 -64.9
804.0 -64.88
804.4 -64.42
804.8 -64.45
805.2 -64.7
805.6 -63.72
806.0 -63.07
806.4 -61.53
806.8 -57.85
807.2 -54.48
807.6 -50.39
808.0 -48.98
808.4 -49.99
808.8 -50.65
809.2 -55.01
809.6 -61.66
810.0 -63.26
810.4 -63.76
810.8 -63.86
811.2 -65.0
811.6 -65.01
812.0 -64.78
812.4 -65.8
812.8 -64.94
813.2 -64.49
813.6 -64.31
814.0 -64.16
814.4 -64.68
814.8 -64.69
815.2 -64.31
815.6 -64.45
816.0 -64.2
816.4 -65.26
816.8 -65.63
817.2 -64.56
817.6 -65.28
818.0 -63.82
818.4 -64.58
818.8 -64.51
819.2 -65.28
819.6 -64.57
820.0 -64.65
820.4 -64.19
820.8 -64.06
821.2 -64.66
821.6 -64.65
822.0 -64.08
822.4 -64.05
822.8 -64.61
823.2 -64.88
823.6 -64.09
824.0 -64.11
824.4 -64.37
824.8 -64.43
825.2 -64.27
825.6 -64.7
826.0 -65.43
826.4 -64.52
826.8 -65.13
827.2 -64.28
827.6 -65.5
828.0 -64.38
828.4 -64.33
828.8 -64.39
829.2 -64.76
829.6 -64.44
830.0 -64.13
830.4 -65.04
830.8 -65.41
831.2 -64.69
831.6 -64.0
832.0 -64.16
832.4 -64.87
832.8 -64.77
833.2 -64.7
833.6 -63.84
834.0 -65.19
834.4 -63.92
834.8 -64.11
835.2 -64.46
835.6 -64.38
836.0 -65.34
836.4 -64.97
836.8 -63.64
837.2 -64.28
837.6 -64.13
838.0 -64.6
838.4 -64.58
838.8 -64.68
839.2 -64.54
839.6 -64.36
840.0 -65.06
840.4 -65.13
840.8 -64.7
841.2 -65.28
841.6 -64.68
842.0 -65.11
842.4 -65.25
842.8 -64.52
843.2 -64.96
843.6 -64.92
844.0 -64.89
844.4 -64.83
844.8 -65.14
845.2 -64.45
845.6 -65.24
846.0 -65.87
846.4 -64.58
846.8 -64.91
847.2 -65.23
847.6 -64.78
848.0 -65.13
848.4 -65.06
848.8 -65.23
849.2 -65.4
849.6 -64.9
850.0 -65.47
850.4 -64.66
850.8 -64.95
851.2 -65.56
851.6 -65.54
852.0 -65.28
852.4 -65.92
852.8 -64.8
853.2 -66.21
853.6 -65.1
854.0 -65.76
854.4 -64.95
854.8 -65.79
855.2 -66.14
855.6 -65.75
856.0 -66.32
856.4 -65.23
856.8 -65.7
857.2 -65.22
857.6 -65.83
858.0 -65.19
858.4 -65.7
858.8 -65.36
859.2 -65.13
859.6 -64.74
860.0 -65.17
860.4 -65.69
860.8 -66.09
861.2 -65.49
861.6 -64.84
862.0 -65.99
862.4 -65.9
862.8 -65.72
863.2 -65.42
863.6 -64.98
864.0 -65.57
864.4 -66.27
864.8 -66.37
865.2 -64.96
865.6 -65.34
866.0 -65.8
866.4 -65.97
866.8 -65.38
867.2 -66.15
867.6 -65.19
868.0 -65.66
868.4 -65.06
868.8 -66.19
869.2 -65.68
869.6 -66.49
870.0 -66.65
870.4 -64.63
870.8 -65.3
871.2 -66.42
871.6 -65.47
872.0 -65.58
872.4 -65.17
872.8 -65.25
873.2 -66.5
873.6 -65.87
874.0 -66.09
874.4 -66.48
874.8 -67.06
875.2 -65.85
875.6 -66.63
876.0 -66.21
876.4 -66.7
876.8 -65.31
877.2 -65.84
877.6 -65.75
878.0 -65.6
878.4 -65.86
878.8 -66.27
879.2 -66.13
879.6 -65.52
880.0 -65.51
880.4 -65.96
880.8 -66.08
881.2 -65.45
881.6 -64.68
882.0 -65.62
882.4 -66.63
882.8 -66.07
883.2 -66.48
883.6 -66.07
884.0 -66.81
884.4 -66.24
884.8 -65.91
885.2 -65.35
885.6 -65.75
886.0 -65.94
886.4 -66.54
886.8 -66.37
887.2 -65.12
887.6 -66.43
888.0 -66.12
888.4 -65.93
888.8 -67.07
889.2 -66.15
889.6 -66.76
890.0 -66.63
890.4 -66.24
890.8 -66.72
891.2 -66.32
891.6 -65.65
892.0 -65.91
892.4 -66.1
892.8 -65.73
893.2 -66.7
893.6 -65.76
894.0 -66.79
894.4 -65.59
894.8 -65.81
895.2 -66.13
895.6 -65.55
896.0 -65.12
896.4 -66.92
896.8 -66.45
897.2 -66.21
897.6 -67.09
898.0 -66.26
898.4 -66.26
898.8 -66.47
899.2 -66.51
899.6 -67.19
900.0 -67.0
900.4 -66.63
900.8 -66.47
901.2 -66.55
901.6 -66.69
902.0 -66.25
902.4 -67.17
902.8 -66.94
903.2 -66.59
903.6 -66.15
904.0 -66.03
904.4 -67.21
904.8 -66.51
905.2 -66.16
905.6 -66.81
906.0 -66.14
906.4 -66.72
906.8 -67.02
907.2 -65.44
907.6 -66.1
908.0 -66.21
908.4 -66.45
908.8 -66.2
909.2 -66.18
909.6 -67.0
910.0 -67.29
910.4 -67.78
910.8 -67.66
911.2 -66.28
911.6 -67.87
912.0 -66.7
912.4 -67.68
912.8 -66.81
913.2 -66.86
913.6 -66.64
914.0 -67.38
914.4 -66.41
914.8 -67.41
915.2 -67.05
915.6 -67.69
916.0 -66.98
916.4 -67.94
916.8 -67.34
917.2 -66.89
917.6 -67.73
918.0 -67.06
918.4 -67.41
918.8 -67.2
919.2 -66.64
919.6 -68.11
920.0 -67.55
920.4 -66.83
920.8 -67.71
921.2 -68.05
921.6 -67.25
922.0 -67.84
922.4 -68.07
922.8 -67.49
923.2 -68.89
923.6 -67.07
924.0 -67.54
924.4 -67.79
924.8 -69.23
925.2 -66.75
925.6 -67.29
926.0 -68.27
926.4 -68.34
926.8 -67.25
927.2 -66.46
927.6 -69.09
928.0 -68.32
928.4 -67.97
928.8 -67.27
929.2 -67.32
929.6 -68.89
930.0 -67.85
930.4 -68.14
930.8 -68.45
931.2 -67.55
931.6 -68.49
932.0 -68.39
932.4 -68.06
932.8 -68.08
933.2 -67.33
933.6 -68.39
934.0 -67.74
934.4 -68.81
934.8 -68.83
935.2 -68.23
935.6 -67.96
936.0 -67.87
936.4 -68.41
936.8 -68.02
937.2 -67.94
937.6 -68.68
938.0 -68.7
938.4 -68.94
938.8 -68.42
939.2 -68.04
939.6 -68.35
940.0 -67.94
940.4 -69.0
940.8 -69.2
941.2 -67.79
941.6 -68.9
942.0 -68.53
942.4 -67.7
942.8 -69.27
943.2 -67.88
943.6 -69.41
944.0 -68.84
944.4 -67.82
944.8 -67.66
945.2 -67.16
945.6 -68.32
946.0 -67.88
946.4 -68.51
946.8 -68.74
947.2 -67.75
947.6 -68.94
948.0 -69.2
948.4 -68.1
948.8 -68.47
949.2 -68.21
949.6 -67.69
950.0 -68.48
950.4 -67.9
950.8 -68.58
951.2 -68.64
951.6 -69.05
952.0 -68.44
952.4 -68.06
952.8 -68.33
953.2 -68.31
953.6 -67.98
954.0 -68.15
954.4 -69.72
954.8 -68.19
955.2 -68.52
955.6 -68.2
956.0 -68.99
956.4 -68.94
956.8 -69.25
957.2 -68.65
957.6 -68.93
958.0 -68.5
958.4 -68.14
958.8 -67.97
959.2 -67.48
959.6 -67.72
960.0 -67.72
960.4 -68.15
960.8 -67.98
961.2 -67.96
961.6 -68.09
962.0 -67.52
962.4 -68.04
962.8 -67.84
963.2 -68.04
963.6 -67.22
964.0 -67.57
964.4 -68.11
964.8 -67.74
965.2 -67.67
965.6 -67.06
966.0 -67.47
966.4 -67.78
966.8 -67.52
967.2 -67.23
967.6 -67.66
968.0 -67.65
968.4 -67.63
968.8 -67.22
969.2 -67.24
969.6 -67.9
970.0 -67.62
970.4 -67.24
970.8 -67.2
971.2 -67.17
971.6 -68.03
972.0 -67.79
972.4 -67.14
972.8 -67.66
973.2 -67.37
973.6 -67.56
974.0 -67.32
974.4 -67.68
974.8 -67.58
975.2 -67.58
975.6 -68.02
976.0 -67.22
976.4 -67.5
976.8 -67.99
977.2 -67.33
977.6 -67.36
978.0 -67.38
978.4 -67.74
978.8 -67.83
979.2 -67.2
979.6 -67.88
980.0 -67.61
980.4 -67.84
980.8 -67.23
981.2 -67.91
981.6 -67.4
982.0 -66.92
982.4 -66.9
982.8 -66.9
983.2 -66.57
983.6 -66.51
984.0 -66.71
984.4 -66.64
984.8 -66.36
985.2 -66.6
985.6 -66.33
986.0 -66.04
986.4 -65.84
986.8 -66.06
987.2 -66.03
987.6 -66.24
988.0 -65.53
988.4 -66.16
988.8 -66.06
989.2 -65.88
989.6 -66.01
990.0 -65.86
990.4 -65.15
990.8 -65.63
991.2 -65.38
991.6 -65.46
992.0 -65.34
992.4 -65.26
992.8 -65.1
993.2 -65.28
993.6 -65.32
994.0 -64.83
994.4 -65.03
994.8 -65.26
995.2 -64.86
995.6 -64.87
996.0 -65.1
996.4 -65.2
996.8 -65.02
997.2 -64.9
997.6 -65.05
998.0 -65.07
998.4 -64.48
998.8 -64.73
999.2 -64.9
999.6 -65.09
1000.0 -65.03
