600.0 -72.67
600.4 -210.0
600.8 -210.0
601.2 -75.17
601.6 -79.46
602.0 -74.27
602.4 -210.0
602.8 -72.01
603.2 -75.3
603.6 -70.94
604.0 -81.39
604.4 -210.0
604.8 -210.0
605.2 -210.0
605.6 -210.0
606.0 -72.76
606.4 -210.0
606.8 -81.57
607.2 -210.0
607.6 -73.83
608.0 -71.65
608.4 -70.05
608.8 -210.0
609.2 -210.0
609.6 -77.77
610.0 -210.0
610.4 -72.76
610.8 -210.0
611.2 -69.93
611.6 -70.4
612.0 -210.0
612.4 -75.89
612.8 -71.52
613.2 -77.98
613.6 -68.97
614.0 -68.39
614.4 -73.9
614.8 -76.61
615.2 -71.28
615.6 -79.08
616.0 -210.0
616.4 -210.0
616.8 -71.37
617.2 -210.0
617.6 -69.43
618.0 -74.84
618.4 -69.04
618.8 -210.0
619.2 -75.78
619.6 -76.31
620.0 -76.33
620.4 -73.09
620.8 -71.27
621.2 -75.9
621.6 -68.65
622.0 -74.03
622.4 -210.0
622.8 -72.99
623.2 -78.58
623.6 -71.28
624.0 -72.61
624.4 -70.33
624.8 -210.0
625.2 -72.27
625.6 -72.71
626.0 -70.83
626.4 -76.22
626.8 -72.79
627.2 -69.19
627.6 -210.0
628.0 -70.81
628.4 -70.33
628.8 -70.6
629.2 -71.79
629.6 -70.78
630.0 -72.02
630.4 -69.79
630.8 -69.82
631.2 -68.38
631.6 -210.0
632.0 -68.82
632.4 -71.7
632.8 -70.64
633.2 -70.55
633.6 -68.06
634.0 -68.36
634.4 -68.68
634.8 -68.28
635.2 -67.45
635.6 -73.4
636.0 -69.19
636.4 -75.0
636.8 -69.59
637.2 -69.54
637.6 -70.87
638.0 -70.56
638.4 -73.61
638.8 -72.33
639.2 -73.25
639.6 -69.63
640.0 -70.82
640.4 -69.62
640.8 -71.02
641.2 -69.77
641.6 -69.33
642.0 -71.47
642.4 -72.04
642.8 -68.8
643.2 -68.51
643.6 -74.28
644.0 -68.64
644.4 -67.5
644.8 -68.31
645.2 -67.52
645.6 -73.1
646.0 -68.52
646.4 -67.92
646.8 -69.57
647.2 -69.19
647.6 -67.51
648.0 -67.72
648.4 -67.91
648.8 -67.62
649.2 -70.24
649.6 -70.36
650.0 -68.32
650.4 -67.32
650.8 -69.42
651.2 -68.18
651.6 -66.73
652.0 -68.49
652.4 -69.85
652.8 -68.83
653.2 -69.85
653.6 -67.65
654.0 -68.06
654.4 -67.43
654.8 -66.79
655.2 -67.44
655.6 -67.7
656.0 -67.25
656.4 -68.8
656.8 -68.63
657.2 -67.22
657.6 -68.09
658.0 -68.75
658.4 -67.38
658.8 -68.93
659.2 -66.51
659.6 -67.82
660.0 -67.13
660.4 -67.57
660.8 -65.91
661.2 -67.65
661.6 -68.3
662.0 -66.98
662.4 -66.83
662.8 -67.83
663.2 -66.02
663.6 -66.94
664.0 -67.05
664.4 -67.05
664.8 -66.94
665.2 -66.02
665.6 -66.83
666.0 -66.33
666.4 -67.87
666.8 -65.96
667.2 -67.36
667.6 -65.6
668.0 -67.36
668.4 -66.36
668.8 -66.36
669.2 -66.83
669.6 -66.42
670.0 -66.82
670.4 -67.39
670.8 -65.47
671.2 -66.47
671.6 -66.47
672.0 -66.36
672.4 -65.99
672.8 -65.81
673.2 -66.1
673.6 -66.55
674.0 -67.04
674.4 -66.51
674.8 -66.7
675.2 -67.18
675.6 -67.1
676.0 -65.84
676.4 -66.32
676.8 -65.94
677.2 -66.65
677.6 -66.75
678.0 -65.84
678.4 -66.24
678.8 -66.56
679.2 -66.42
679.6 -66.2
680.0 -66.28
680.4 -65.94
680.8 -65.56
681.2 -66.37
681.6 -65.86
682.0 -65.68
682.4 -66.48
682.8 -65.7
683.2 -65.96
683.6 -65.69
684.0 -66.17
684.4 -65.46
684.8 -65.74
685.2 -66.8
685.6 -66.44
686.0 -65.72
686.4 -65.6
686.8 -66.39
687.2 -66.22
687.6 -65.9
688.0 -65.7
688.4 -66.58
688.8 -65.69
689.2 -65.97
689.6 -65.42
690.0 -64.71
690.4 -65.46
690.8 -66.31
691.2 -65.7
691.6 -65.5
692.0 -65.33
692.4 -65.77
692.8 -66.73
693.2 -66.61
693.6 -65.62
694.0 -64.87
694.4 -65.57
694.8 -65.45
695.2 -65.56
695.6 -65.95
696.0 -65.9
696.4 -66.15
696.8 -65.8
697.2 -65.07
697.6 -65.61
698.0 -64.93
698.4 -66.39
698.8 -66.05
699.2 -65.3
699.6 -66.04
700.0 -66.1
700.4 -65.51
700.8 -65.17
701.2 -66.15
701.6 -65.41
702.0 -64.95
702.4 -65.39
702.8 -65.2
703.2 -65.16
703.6 -64.8
704.0 -65.43
704.4 -65.77
704.8 -64.52
705.2 -64.95
705.6 -65.32
706.0 -65.88
706.4 -65.22
706.8 -64.9
707.2 -65.24
707.6 -65.1
708.0 -65.2
708.4 -65.24
708.8 -65.59
709.2 -65.74
709.6 -66.09
710.0 -65.11
710.4 -65.76
710.8 -65.0
711.2 -65.08
711.6 -65.74
712.0 -65.46
712.4 -65.58
712.8 -65.57
713.2 -64.92
713.6 -65.1
714.0 -64.54
714.4 -65.26
714.8 -65.58
715.2 -65.82
715.6 -65.51
716.0 -65.89
716.4 -65.44
716.8 -65.18
717.2 -65.29
717.6 -64.4
718.0 -65.42
718.4 -65.79
718.8 -65.66
719.2 -65.04
719.6 -65.38
720.0 -65.2
720.4 -65.2
720.8 -65.22
721.2 -64.39
721.6 -65.57
722.0 -65.18
722.4 -64.96
722.8 -64.44
723.2 -65.59
723.6 -64.87
724.0 -65.48
724.4 -65.73
724.8 -64.28
725.2 -64.72
725.6 -65.21
726.0 -65.22
726.4 -65.46
726.8 -65.39
727.2 -65.48
727.6 -64.85
728.0 -65.89
728.4 -65.83
728.8 -64.89
729.2 -65.08
729.6 -65.17
730.0 -65.98
730.4 -65.48
730.8 -64.87
731.2 -64.13
731.6 -64.84
732.0 -64.72
732.4 -64.7
732.8 -65.85
733.2 -64.9
733.6 -65.95
734.0 -65.45
734.4 -64.73
734.8 -65.14
735.2 -64.97
735.6 -64.83
736.0 -65.66
736.4 -65.36
736.8 -65.1
737.2 -65.01
737.6 -65.14
738.0 -65.03
738.4 -65.23
738.8 -64.19
739.2 -65.44
739.6 -64.29
740.0 -65.33
740.4 -65.36
740.8 -65.75
741.2 -65.48
741.6 -65.32
742.0 -64.75
742.4 -66.02
742.8 -65.56
743.2 -64.45
743.6 -65.63
744.0 -64.95
744.4 -65.72
744.8 -65.86
745.2 -65.24
745.6 -65.29
746.0 -65.11
746.4 -65.0
746.8 -64.77
747.2 -64.93
747.6 -64.55
748.0 -65.1
748.4 -64.44
748.8 -65.49
749.2 -65.03
749.6 -65.56
750.0 -65.14
750.4 -64.66
750.8 -64.68
751.2 -65.01
751.6 -64.72
752.0 -64.18
752.4 -65.62
752.8 -64.81
753.2 -65.47
753.6 -64.72
754.0 -65.34
754.4 -64.99
754.8 -64.71
755.2 -65.58
755.6 -65.41
756.0 -65.34
756.4 -64.89
756.8 -66.09
757.2 -65.49
757.6 -65.04
758.0 -64.64
758.4 -64.69
758.8 -64.2
759.2 -65.3
759.6 -65.53
760.0 -64.95
760.4 -65.35
760.8 -66.04
761.2 -65.47
761.6 -64.58
762.0 -64.82
762.4 -64.85
762.8 -64.72
763.2 -64.24
763.6 -65.76
764.0 -64.6
764.4 -64.88
764.8 -64.59
765.2 -65.14
765.6 -64.9
766.0 -66.06
766.4 -64.34
766.8 -65.16
767.2 -64.41
767.6 -64.88
768.0 -64.84
768.4 -65.44
768.8 -64.98
769.2 -64.89
769.6 -64.83
770.0 -65.35
770.4 -64.54
770.8 -64.13
771.2 -64.49
771.6 -65.76
772.0 -64.64
772.4 -64.99
772.8 -64.42
773.2 -64.61
773.6 -65.12
774.0 -64.33
774.4 -64.44
774.8 -64.58
775.2 -64.98
775.6 -64.58
776.0 -65.88
776.4 -64.79
776.8 -64.65
777.2 -65.32
777.6 -65.0
778.0 -65.58
778.4 -64.53
778.8 -65.48
779.2 -65.31
779.6 -65.05
780.0 -63.88
780.4 -64.49
780.8 -64.6
781.2 -64.92
781.6 -64.24
782.0 -64.65
782.4 -64.51
782.8 -63.92
783.2 -64.06
783.6 -63.61
784.0 -64.47
784.4 -64.44
784.8 -63.83
785.2 -64.35
785.6 -64.54
786.0 -64.05
786.4 -64.45
786.8 -64.32
787.2 -64.01
787.6 -64.06
788.0 -64.48
788.4 -64.87
788.8 -64.96
789.2 -64.47
789.6 -64.64
790.0 -64.3
790.4 -64.66
790.8 -64.35
791.2 -64.11
791.6 -64.56
792.0 -63.83
792.4 -64.13
792.8 -64.41
793.2 -64.75
793.6 -64.02
794.0 -63.99
794.4 -64.09
794.8 -64.35
795.2 -63.96
795.6 -63.71
796.0 -64.23
796.4 -65.54
796.8 -63.57
797.2 -64.78
797.6 -64.41
798.0 -63.84
798.4 -63.71
798.8 -64.24
799.2 -63.93
799.6 -64.16
800.0 -63.82
800.4 -63.13
800.8 -64.23
801.2 -63.71
801.6 -63.81
802.0 -64.24
802.4 -63.44
802.8 -64.09
803.2 -63.45
803.6 -63.59
804.0 -63.53
804.4 -63.62
804.8 -63.0
805.2 -63.83
805.6 -63.13
806.0 -62.51
806.4 -60.47
806.8 -56.75
807.2 -53.08
807.6 -49.25
808.0 -47.93
808.4 -48.91
808.8 -49.71
809.2 -53.72
809.6 -60.17
810.0 -61.69
810.4 -62.36
810.8 -62.7
811.2 -62.79
811.6 -64.3
812.0 -62.96
812.4 -63.2
812.8 -63.42
813.2 -63.2
813.6 -63.11
814.0 -63.46
814.4 -63.14
814.8 -63.27
815.2 -63.68
815.6 -63.08
816.0 -63.55
816.4 -63.01
816.8 -63.01
817.2 -63.17
817.6 -63.45
818.0 -64.01
818.4 -63.56
818.8 -63.2
819.2 -62.69
819.6 -63.0
820.0 -63.17
820.4 -62.99
820.8 -63.57
821.2 -63.06
821.6 -63.51
822.0 -63.24
822.4 -63.18
822.8 -62.99
823.2 -63.68
823.6 -63.13
824.0 -63.09
824.4 -62.89
824.8 -63.45
825.2 -62.78
825.6 -63.08
826.0 -63.53
826.4 -63.26
826.8 -63.93
827.2 -63.77
827.6 -63.02
828.0 -62.89
828.4 -63.84
828.8 -63.15
829.2 -62.82
829.6 -63.42
830.0 -63.13
830.4 -63.16
830.8 -63.37
831.2 -63.3
831.6 -63.59
832.0 -63.44
832.4 -63.01
832.8 -63.08
833.2 -63.64
833.6 -63.88
834.0 -63.15
834.4 -63.3
834.8 -63.41
835.2 -63.39
835.6 -63.72
836.0 -63.56
836.4 -63.1
836.8 -63.42
837.2 -63.17
837.6 -63.23
838.0 -63.57
838.4 -63.35
838.8 -63.97
839.2 -63.95
839.6 -63.87
840.0 -63.77
840.4 -63.26
840.8 -63.88
841.2 -64.23
841.6 -63.45
842.0 -63.37
842.4 -63.49
842.8 -63.54
843.2 -63.61
843.6 -63.16
844.0 -63.54
844.4 -63.75
844.8 -64.0
845.2 -63.47
845.6 -63.88
846.0 -63.52
846.4 -63.15
846.8 -63.48
847.2 -63.56
847.6 -63.92
848.0 -64.07
848.4 -63.38
848.8 -63.83
849.2 -63.49
849.6 -63.74
850.0 -63.46
850.4 -63.72
850.8 -63.41
851.2 -63.08
851.6 -63.55
852.0 -63.74
852.4 -63.54
852.8 -63.91
853.2 -63.84
853.6 -64.21
854.0 -63.6
854.4 -64.2
854.8 -63.85
855.2 -63.62
855.6 -63.71
856.0 -64.17
856.4 -64.0
856.8 -63.51
857.2 -64.12
857.6 -64.01
858.0 -63.81
858.4 -64.5
858.8 -64.5
859.2 -64.19
859.6 -63.98
860.0 -63.51
860.4 -63.93
860.8 -64.39
861.2 -63.76
861.6 -63.51
862.0 -64.01
862.4 -63.91
862.8 -63.72
863.2 -63.43
863.6 -64.2
864.0 -64.03
864.4 -64.29
864.8 -63.49
865.2 -63.78
865.6 -63.78
866.0 -63.89
866.4 -63.44
866.8 -63.68
867.2 -63.8
867.6 -63.2
868.0 -63.81
868.4 -64.21
868.8 -64.72
869.2 -63.67
869.6 -63.28
870.0 -63.96
870.4 -64.14
870.8 -63.53
871.2 -63.41
871.6 -64.06
872.0 -63.98
872.4 -64.05
872.8 -64.36
873.2 -63.91
873.6 -64.03
874.0 -63.93
874.4 -63.64
874.8 -63.44
875.2 -64.28
875.6 -64.55
876.0 -63.65
876.4 -64.15
876.8 -63.96
877.2 -63.49
877.6 -64.13
878.0 -63.73
878.4 -63.75
878.8 -63.83
879.2 -64.06
879.6 -64.06
880.0 -63.61
880.4 -63.39
880.8 -63.41
881.2 -63.57
881.6 -63.41
882.0 -63.72
882.4 -63.51
882.8 -64.4
883.2 -64.02
883.6 -63.37
884.0 -64.08
884.4 -63.56
884.8 -64.01
885.2 -63.17
885.6 -63.57
886.0 -63.64
886.4 -63.36
886.8 -63.89
887.2 -63.52
887.6 -63.36
888.0 -63.11
888.4 -63.75
888.8 -63.35
889.2 -63.86
889.6 -63.98
890.0 -63.37
890.4 -63.57
890.8 -63.23
891.2 -63.58
891.6 -63.73
892.0 -63.48
892.4 -63.3
892.8 -63.6
893.2 -63.2
893.6 -63.45
894.0 -63.78
894.4 -63.64
894.8 -63.82
895.2 -63.81
895.6 -63.98
896.0 -63.87
896.4 -63.87
896.8 -64.16
897.2 -64.04
897.6 -63.67
898.0 -63.61
898.4 -64.24
898.8 -63.6
899.2 -63.9
899.6 -63.9
900.0 -63.51
900.4 -63.59
900.8 -64.23
901.2 -63.98
901.6 -63.77
902.0 -63.76
902.4 -63.45
902.8 -63.95
903.2 -63.58
903.6 -63.7
904.0 -63.97
904.4 -63.91
904.8 -64.13
905.2 -64.24
905.6 -63.87
906.0 -63.94
906.4 -63.5
906.8 -63.59
907.2 -64.22
907.6 -63.85
908.0 -64.21
908.4 -63.86
908.8 -63.79
909.2 -63.89
909.6 -63.61
910.0 -64.1
910.4 -63.6
910.8 -64.45
911.2 -64.04
911.6 -63.86
912.0 -63.59
912.4 -63.69
912.8 -63.77
913.2 -63.85
913.6 -63.71
914.0 -64.03
914.4 -63.97
914.8 -63.97
915.2 -63.75
915.6 -63.93
916.0 -64.09
916.4 -63.9
916.8 -63.62
917.2 -63.95
917.6 -63.54
918.0 -63.58
918.4 -64.42
918.8 -63.73
919.2 -63.68
919.6 -64.39
920.0 -63.85
920.4 -63.53
920.8 -64.04
921.2 -64.17
921.6 -63.69
922.0 -64.28
922.4 -64.34
922.8 -63.57
923.2 -64.15
923.6 -63.83
924.0 -64.21
924.4 -64.3
924.8 -64.65
925.2 -63.96
925.6 -64.6
926.0 -64.27
926.4 -64.07
926.8 -64.27
927.2 -64.27
927.6 -64.34
928.0 -64.59
928.4 -64.18
928.8 -64.1
929.2 -63.89
929.6 -63.9
930.0 -64.04
930.4 -64.84
930.8 -64.16
931.2 -64.02
931.6 -64.63
932.0 -64.21
932.4 -64.31
932.8 -64.38
933.2 -63.61
933.6 -64.18
934.0 -64.23
934.4 -64.64
934.8 -64.11
935.2 -64.11
935.6 -64.82
936.0 -64.12
936.4 -64.43
936.8 -64.53
937.2 -64.53
937.6 -64.71
938.0 -63.99
938.4 -64.67
938.8 -63.9
939.2 -64.09
939.6 -64.15
940.0 -64.1
940.4 -64.32
940.8 -64.25
941.2 -64.27
941.6 -64.09
942.0 -64.63
942.4 -64.14
942.8 -64.86
943.2 -64.62
943.6 -64.84
944.0 -64.23
944.4 -64.11
944.8 -64.04
945.2 -64.55
945.6 -64.53
946.0 -64.45
946.4 -64.15
946.8 -64.07
947.2 -64.15
947.6 -64.46
948.0 -64.4
948.4 -65.01
948.8 -64.44
949.2 -64.47
949.6 -64.53
950.0 -64.25
950.4 -64.49
950.8 -64.71
951.2 -64.48
951.6 -64.34
952.0 -64.58
952.4 -64.47
952.8 -64.44
953.2 -64.26
953.6 -64.47
954.0 -64.35
954.4 -64.19
954.8 -64.23
955.2 -64.4
955.6 -64.42
956.0 -64.75
956.4 -64.53
956.8 -64.74
957.2 -64.59
957.6 -64.86
958.0 -64.66
958.4 -64.56
958.8 -64.33
959.2 -64.32
959.6 -64.57
960.0 -64.36
960.4 -64.37
960.8 -64.33
961.2 -64.13
961.6 -64.48
962.0 -64.27
962.4 -64.13
962.8 -64.09
963.2 -64.27
963.6 -63.89
964.0 -64.32
964.4 -63.91
964.8 -64.2
965.2 -64.09
965.6 -63.82
966.0 -63.87
966.4 -63.78
966.8 -63.94
967.2 -63.64
967.6 -63.82
968.0 -64.33
968.4 -63.77
968.8 -63.57
969.2 -63.71
969.6 -63.9
970.0 -63.81
970.4 -63.78
970.8 -64.25
971.2 -64.04
971.6 -64.06
972.0 -64.01
972.4 -64.19
972.8 -64.05
973.2 -64.22
973.6 -64.08
974.0 -64.31
974.4 -63.8
974.8 -64.01
975.2 -64.19
975.6 -64.21
976.0 -63.86
976.4 -63.92
976.8 -64.15
977.2 -64.04
977.6 -64.12
978.0 -63.88
978.4 -64.08
978.8 -63.86
979.2 -63.99
979.6 -63.95
980.0 -63.99
980.4 -63.98
980.8 -63.66
981.2 -63.86
981.6 -63.63
982.0 -63.6
982.4 -63.75
982.8 -63.84
983.2 -63.24
983.6 -63.53
984.0 -63.48
984.4 -63.5
984.8 -63.37
985.2 -63.17
985.6 -62.91
986.0 -62.97
986.4 -63.04
986.8 -62.71
987.2 -63.09
987.6 -62.91
988.0 -62.97
988.4 -62.76
988.8 -62.75
989.2 -62.73
989.6 -62.7
990.0 -62.83
990.4 -62.77
990.8 -62.43
991.2 -62.55
991.6 -62.42
992.0 -62.49
992.4 -62.3
992.8 -62.49
993.2 -62.17
993.6 -62.25
994.0 -62.34
994.4 -62.17
994.8 -62.28
995.2 -62.35
995.6 -62.26
996.0 -62.04
996.4 -62.22
996.8 -62.13
997.2 -62.31
997.6 -62.09
998.0 -62.21
998.4 -62.06
998.8 -62.09
999.2 -62.3
999.6 -62.09
1000.0 -62.1
