600.0 -210.0
600.4 -210.0
600.8 -210.0
601.2 -71.65
601.6 -210.0
602.0 -210.0
602.4 -210.0
602.8 -210.0
603.2 -78.31
603.6 -72.32
604.0 -79.62
604.4 -74.87
604.8 -210.0
605.2 -76.68
605.6 -73.36
606.0 -70.91
606.4 -78.52
606.8 -71.79
607.2 -73.46
607.6 -210.0
608.0 -69.6
608.4 -73.88
608.8 -210.0
609.2 -77.74
609.6 -210.0
610.0 -74.78
610.4 -210.0
610.8 -70.05
611.2 -210.0
611.6 -210.0
612.0 -210.0
612.4 -210.0
612.8 -71.52
613.2 -75.42
613.6 -73.53
614.0 -210.0
614.4 -210.0
614.8 -210.0
615.2 -82.08
615.6 -80.33
616.0 -73.67
616.4 -76.7
616.8 -79.15
617.2 -69.76
617.6 -72.44
618.0 -73.79
618.4 -73.81
618.8 -210.0
619.2 -69.53
619.6 -73.3
620.0 -69.34
620.4 -72.61
620.8 -210.0
621.2 -74.31
621.6 -69.03
622.0 -74.7
622.4 -72.51
622.8 -210.0
623.2 -71.42
623.6 -71.98
624.0 -70.84
624.4 -72.86
624.8 -70.61
625.2 -82.69
625.6 -72.49
626.0 -210.0
626.4 -69.33
626.8 -79.77
627.2 -81.04
627.6 -75.85
628.0 -72.64
628.4 -73.34
628.8 -71.29
629.2 -71.02
629.6 -73.41
630.0 -70.68
630.4 -73.98
630.8 -72.83
631.2 -75.67
631.6 -69.78
632.0 -75.35
632.4 -73.62
632.8 -75.07
633.2 -70.11
633.6 -71.07
634.0 -70.26
634.4 -70.4
634.8 -70.9
635.2 -72.76
635.6 -74.36
636.0 -72.82
636.4 -69.65
636.8 -70.47
637.2 -72.72
637.6 -68.7
638.0 -68.8
638.4 -69.54
638.8 -70.11
639.2 -72.36
639.6 -69.38
640.0 -71.42
640.4 -69.45
640.8 -71.5
641.2 -69.6
641.6 -70.26
642.0 -70.79
642.4 -66.74
642.8 -70.76
643.2 -68.64
643.6 -69.21
644.0 -69.77
644.4 -69.73
644.8 -69.11
645.2 -68.4
645.6 -69.18
646.0 -69.15
646.4 -69.46
646.8 -69.8
647.2 -69.19
647.6 -71.74
648.0 -68.48
648.4 -68.41
648.8 -68.78
649.2 -69.64
649.6 -68.63
650.0 -68.75
650.4 -69.29
650.8 -68.58
651.2 -68.28
651.6 -67.71
652.0 -67.5
652.4 -67.14
652.8 -68.0
653.2 -68.71
653.6 -67.82
654.0 -68.67
654.4 -68.35
654.8 -69.59
655.2 -67.66
655.6 -68.68
656.0 -68.47
656.4 -68.8
656.8 -68.42
657.2 -67.9
657.6 -68.33
658.0 -67.99
658.4 -68.43
658.8 -67.35
659.2 -68.93
659.6 -68.24
660.0 -67.87
660.4 -68.2
660.8 -68.15
661.2 -68.11
661.6 -67.78
662.0 -66.69
662.4 -68.01
662.8 -67.83
663.2 -67.32
663.6 -67.57
664.0 -67.36
664.4 -68.56
664.8 -66.62
665.2 -66.52
665.6 -66.87
666.0 -67.44
666.4 -67.05
666.8 -69.18
667.2 -66.59
667.6 -68.15
668.0 -67.57
668.4 -67.57
668.8 -67.4
669.2 -67.78
669.6 -66.69
670.0 -67.19
670.4 -66.51
670.8 -67.14
671.2 -67.03
671.6 -68.09
672.0 -66.95
672.4 -67.45
672.8 -66.79
673.2 -67.24
673.6 -67.61
674.0 -66.61
674.4 -67.23
674.8 -68.29
675.2 -66.84
675.6 -67.1
676.0 -66.76
676.4 -66.94
676.8 -66.65
677.2 -66.38
677.6 -67.45
678.0 -66.74
678.4 -67.48
678.8 -66.84
679.2 -66.52
679.6 -66.52
680.0 -66.94
680.4 -65.91
680.8 -67.58
681.2 -67.04
681.6 -67.44
682.0 -65.77
682.4 -66.91
682.8 -66.44
683.2 -67.17
683.6 -67.54
684.0 -66.64
684.4 -66.56
684.8 -66.16
685.2 -67.43
685.6 -66.18
686.0 -66.2
686.4 -66.97
686.8 -66.89
687.2 -66.36
687.6 -66.77
688.0 -67.11
688.4 -65.86
688.8 -66.24
689.2 -66.53
689.6 -66.39
690.0 -66.85
690.4 -66.51
690.8 -67.71
691.2 -66.26
691.6 -66.4
692.0 -66.42
692.4 -65.4
692.8 -65.68
693.2 -67.07
693.6 -66.27
694.0 -65.97
694.4 -66.38
694.8 -66.05
695.2 -65.61
695.6 -66.44
696.0 -65.97
696.4 -66.39
696.8 -65.4
697.2 -66.34
697.6 -65.58
698.0 -65.87
698.4 -66.39
698.8 -65.99
699.2 -64.84
699.6 -66.35
700.0 -66.07
700.4 -65.8
700.8 -66.47
701.2 -66.68
701.6 -66.72
702.0 -66.14
702.4 -65.36
702.8 -65.06
703.2 -65.95
703.6 -66.15
704.0 -65.91
704.4 -66.37
704.8 -66.44
705.2 -66.22
705.6 -66.69
706.0 -66.46
706.4 -66.38
706.8 -66.75
707.2 -65.7
707.6 -65.13
708.0 -66.85
708.4 -65.47
708.8 -66.92
709.2 -66.52
709.6 -66.2
710.0 -66.26
710.4 -65.39
710.8 -66.07
711.2 -64.92
711.6 -66.88
712.0 -66.06
712.4 -65.71
712.8 -65.99
713.2 -65.57
713.6 -65.53
714.0 -65.05
714.4 -65.12
714.8 -66.39
715.2 -65.48
715.6 -65.08
716.0 -64.82
716.4 -66.15
716.8 -66.26
717.2 -66.66
717.6 -66.36
718.0 -65.7
718.4 -66.77
718.8 -65.63
719.2 -65.12
719.6 -65.85
720.0 -65.97
720.4 -65.65
720.8 -65.51
721.2 -66.62
721.6 -65.64
722.0 -65.44
722.4 -64.9
722.8 -65.25
723.2 -66.48
723.6 -66.37
724.0 -65.67
724.4 -66.18
724.8 -66.03
725.2 -65.53
725.6 -65.53
726.0 -65.85
726.4 -65.31
726.8 -65.13
727.2 -65.55
727.6 -65.21
728.0 -65.06
728.4 -65.18
728.8 -64.97
729.2 -65.02
729.6 -65.43
730.0 -65.74
730.4 -65.3
730.8 -66.14
731.2 -66.56
731.6 -65.93
732.0 -65.34
732.4 -64.99
732.8 -66.43
733.2 -65.21
733.6 -66.05
734.0 -66.42
734.4 -65.57
734.8 -65.8
735.2 -65.14
735.6 -66.4
736.0 -65.86
736.4 -66.47
736.8 -66.13
737.2 -65.1
737.6 -65.51
738.0 -65.87
738.4 -65.41
738.8 -65.63
739.2 -67.13
739.6 -65.9
740.0 -65.3
740.4 -65.92
740.8 -65.75
741.2 -65.71
741.6 -65.03
742.0 -65.42
742.4 -65.51
742.8 -65.7
743.2 -66.12
743.6 -65.07
744.0 -65.04
744.4 -66.41
744.8 -66.03
745.2 -66.14
745.6 -66.1
746.0 -65.71
746.4 -64.83
746.8 -66.44
747.2 -64.82
747.6 -65.53
748.0 -65.98
748.4 -65.69
748.8 -65.49
749.2 -66.34
749.6 -65.4
750.0 -66.14
750.4 -65.55
750.8 -65.31
751.2 -65.31
751.6 -65.03
752.0 -65.36
752.4 -65.65
752.8 -65.78
753.2 -65.64
753.6 -65.4
754.0 -64.72
754.4 -64.77
754.8 -65.2
755.2 -65.85
755.6 -65.29
756.0 -64.77
756.4 -65.43
756.8 -65.42
757.2 -65.39
757.6 -65.22
758.0 -65.79
758.4 -65.64
758.8 -65.81
759.2 -64.93
759.6 -65.56
760.0 -65.42
760.4 -65.38
760.8 -64.8
761.2 -65.44
761.6 -64.83
762.0 -67.09
762.4 -65.7
762.8 -65.04
763.2 -65.49
763.6 -66.06
764.0 -66.05
764.4 -65.28
764.8 -65.21
765.2 -64.73
765.6 -65.47
766.0 -65.7
766.4 -64.75
766.8 -66.42
767.2 -65.12
767.6 -65.83
768.0 -64.79
768.4 -65.24
768.8 -65.85
769.2 -65.33
769.6 -65.74
770.0 -65.16
770.4 -64.79
770.8 -65.03
771.2 -65.09
771.6 -64.62
772.0 -64.61
772.4 -65.98
772.8 -64.78
773.2 -65.27
773.6 -65.12
774.0 -65.33
774.4 -65.46
774.8 -64.75
775.2 -64.21
775.6 -65.07
776.0 -64.76
776.4 -65.63
776.8 -66.03
777.2 -64.68
777.6 -64.76
778.0 -64.16
778.4 -64.99
778.8 -64.93
779.2 -65.05
779.6 -64.34
780.0 -64.63
780.4 -64.03
780.8 -64.66
781.2 -65.23
781.6 -64.24
782.0 -65.22
782.4 -64.59
782.8 -64.88
783.2 -65.45
783.6 -64.93
784.0 -64.47
784.4 -64.93
784.8 -63.6
785.2 -66.43
785.6 -64.41
786.0 -64.57
786.4 -65.16
786.8 -64.34
787.2 -64.62
787.6 -65.04
788.0 -64.48
788.4 -64.81
788.8 -65.03
789.2 -64.47
789.6 -64.55
790.0 -64.35
790.4 -64.38
790.8 -64.8
791.2 -64.62
791.6 -65.26
792.0 -64.56
792.4 -64.7
792.8 -65.03
793.2 -64.07
793.6 -65.09
794.0 -64.21
794.4 -64.16
794.8 -65.31
795.2 -64.32
795.6 -63.93
796.0 -64.2
796.4 -64.45
796.8 -64.34
797.2 -64.61
797.6 -64.33
798.0 -64.09
798.4 -64.86
798.8 -64.68
799.2 -64.68
799.6 -65.45
800.0 -64.07
800.4 -65.41
800.8 -64.67
801.2 -64.57
801.6 -63.83
802.0 -64.74
802.4 -64.48
802.8 -63.79
803.2 -64.17
803.6 -64.66
804.0 -64.05
804.4 -63.57
804.8 -64.13
805.2 -63.51
805.6 -63.23
806.0 -62.6
806.4 -60.8
806.8 -57.31
807.2 -53.7
807.6 -49.67
808.0 -48.31
808.4 -49.2
808.8 -49.81
809.2 -53.72
809.6 -60.71
810.0 -62.75
810.4 -63.65
810.8 -64.24
811.2 -63.61
811.6 -63.47
812.0 -63.79
812.4 -63.61
812.8 -63.94
813.2 -64.15
813.6 -64.26
814.0 -64.42
814.4 -63.97
814.8 -63.25
815.2 -64.08
815.6 -63.92
816.0 -63.81
816.4 -64.36
816.8 -64.66
817.2 -63.21
817.6 -64.44
818.0 -64.31
818.4 -63.11
818.8 -63.53
819.2 -63.76
819.6 -63.97
820.0 -64.28
820.4 -64.07
820.8 -63.59
821.2 -63.8
821.6 -63.47
822.0 -64.06
822.4 -63.4
822.8 -63.68
823.2 -63.43
823.6 -63.56
824.0 -63.48
824.4 -63.2
824.8 -63.98
825.2 -63.6
825.6 -63.52
826.0 -63.65
826.4 -63.47
826.8 -63.53
827.2 -63.58
827.6 -63.48
828.0 -63.28
828.4 -64.55
828.8 -64.25
829.2 -64.29
829.6 -63.71
830.0 -63.74
830.4 -64.11
830.8 -64.37
831.2 -63.83
831.6 -63.41
832.0 -63.7
832.4 -63.67
832.8 -63.82
833.2 -63.14
833.6 -63.71
834.0 -62.92
834.4 -62.92
834.8 -62.92
835.2 -62.74
835.6 -62.92
836.0 -62.96
836.4 -63.5
836.8 -63.2
837.2 -63.1
837.6 -62.31
838.0 -63.2
838.4 -62.67
838.8 -62.91
839.2 -62.88
839.6 -62.87
840.0 -62.99
840.4 -63.02
840.8 -63.17
841.2 -62.89
841.6 -63.04
842.0 -63.19
842.4 -63.38
842.8 -63.32
843.2 -63.04
843.6 -62.95
844.0 -62.97
844.4 -62.61
844.8 -63.15
845.2 -63.74
845.6 -63.24
846.0 -63.26
846.4 -62.92
846.8 -62.89
847.2 -62.69
847.6 -62.79
848.0 -62.78
848.4 -62.76
848.8 -62.83
849.2 -62.63
849.6 -62.91
850.0 -62.66
850.4 -62.8
850.8 -63.12
851.2 -63.05
851.6 -62.7
852.0 -62.86
852.4 -63.0
852.8 -63.17
853.2 -63.2
853.6 -62.9
854.0 -62.51
854.4 -62.81
854.8 -62.2
855.2 -62.95
855.6 -62.91
856.0 -62.66
856.4 -62.69
856.8 -62.83
857.2 -62.43
857.6 -62.51
858.0 -62.65
858.4 -62.67
858.8 -62.71
859.2 -62.45
859.6 -62.56
860.0 -62.91
860.4 -62.36
860.8 -62.39
861.2 -62.58
861.6 -62.82
862.0 -62.25
862.4 -62.57
862.8 -62.8
863.2 -62.45
863.6 -62.76
864.0 -63.07
864.4 -62.59
864.8 -62.43
865.2 -62.54
865.6 -62.17
866.0 -62.51
866.4 -62.53
866.8 -62.56
867.2 -62.36
867.6 -62.21
868.0 -62.26
868.4 -62.39
868.8 -62.33
869.2 -61.72
869.6 -62.11
870.0 -62.23
870.4 -62.31
870.8 -62.33
871.2 -62.35
871.6 -62.7
872.0 -62.22
872.4 -62.03
872.8 -62.48
873.2 -62.01
873.6 -62.7
874.0 -62.18
874.4 -62.76
874.8 -62.07
875.2 -62.1
875.6 -62.5
876.0 -61.93
876.4 -62.57
876.8 -62.18
877.2 -62.71
877.6 -62.4
878.0 -62.35
878.4 -62.78
878.8 -61.91
879.2 -62.17
879.6 -62.18
880.0 -62.28
880.4 -62.03
880.8 -62.26
881.2 -62.54
881.6 -62.41
882.0 -61.9
882.4 -62.38
882.8 -62.09
883.2 -61.89
883.6 -61.77
884.0 -62.09
884.4 -62.01
884.8 -62.15
885.2 -61.68
885.6 -61.78
886.0 -62.16
886.4 -62.05
886.8 -61.92
887.2 -62.17
887.6 -62.13
888.0 -62.13
888.4 -61.62
888.8 -62.11
889.2 -61.88
889.6 -61.79
890.0 -61.79
890.4 -62.06
890.8 -62.01
891.2 -62.33
891.6 -62.26
892.0 -61.74
892.4 -62.37
892.8 -61.66
893.2 -61.77
893.6 -62.04
894.0 -62.09
894.4 -61.55
894.8 -62.21
895.2 -61.77
895.6 -62.11
896.0 -61.46
896.4 -61.64
896.8 -61.98
897.2 -62.1
897.6 -61.74
898.0 -61.77
898.4 -61.86
898.8 -61.87
899.2 -61.95
899.6 -61.84
900.0 -61.79
900.4 -61.73
900.8 -62.1
901.2 -61.96
901.6 -61.83
902.0 -61.87
902.4 -61.85
902.8 -61.99
903.2 -62.03
903.6 -61.73
904.0 -61.72
904.4 -61.46
904.8 -61.73
905.2 -61.52
905.6 -61.64
906.0 -61.88
906.4 -61.79
906.8 -61.37
907.2 -61.69
907.6 -60.99
908.0 -61.5
908.4 -61.62
908.8 -61.71
909.2 -61.61
909.6 -61.34
910.0 -61.49
910.4 -61.24
910.8 -61.54
911.2 -61.4
911.6 -61.04
912.0 -61.13
912.4 -61.43
912.8 -61.21
913.2 -61.23
913.6 -61.27
914.0 -60.91
914.4 -61.0
914.8 -61.05
915.2 -61.19
915.6 -61.04
916.0 -61.07
916.4 -61.28
916.8 -61.09
917.2 -60.86
917.6 -61.14
918.0 -61.06
918.4 -60.93
918.8 -60.85
919.2 -61.04
919.6 -61.06
920.0 -60.95
920.4 -61.0
920.8 -61.03
921.2 -60.84
921.6 -60.82
922.0 -61.03
922.4 -60.97
922.8 -60.71
923.2 -60.74
923.6 -60.75
924.0 -60.86
924.4 -60.9
924.8 -60.87
925.2 -60.68
925.6 -60.89
926.0 -60.94
926.4 -60.77
926.8 -60.92
927.2 -60.65
927.6 -60.59
928.0 -60.62
928.4 -60.46
928.8 -60.78
929.2 -60.67
929.6 -60.57
930.0 -60.71
930.4 -60.55
930.8 -60.7
931.2 -60.38
931.6 -60.7
932.0 -60.46
932.4 -60.66
932.8 -60.37
933.2 -60.62
933.6 -60.39
934.0 -60.54
934.4 -60.43
934.8 -60.54
935.2 -60.48
935.6 -60.49
936.0 -60.34
936.4 -60.43
936.8 -60.48
937.2 -60.36
937.6 -60.56
938.0 -60.51
938.4 -60.34
938.8 -60.31
939.2 -60.39
939.6 -60.37
940.0 -60.49
940.4 -60.58
940.8 -60.44
941.2 -60.33
941.6 -60.38
942.0 -60.19
942.4 -60.48
942.8 -60.37
943.2 -60.22
943.6 -60.32
944.0 -60.28
944.4 -60.23
944.8 -60.12
945.2 -60.13
945.6 -60.32
946.0 -60.23
946.4 -60.24
946.8 -60.12
947.2 -60.1
947.6 -59.95
948.0 -60.17
948.4 -60.12
948.8 -60.21
949.2 -60.08
949.6 -60.0
950.0 -59.99
950.4 -60.06
950.8 -60.08
951.2 -60.01
951.6 -60.0
952.0 -60.2
952.4 -59.96
952.8 -59.81
953.2 -59.88
953.6 -60.06
954.0 -60.09
954.4 -59.98
954.8 -60.12
955.2 -60.05
955.6 -60.14
956.0 -60.13
956.4 -60.05
956.8 -59.98
957.2 -59.98
957.6 -60.04
958.0 -59.97
958.4 -59.83
958.8 -59.74
959.2 -59.78
959.6 -59.74
960.0 -59.76
960.4 -59.61
960.8 -59.91
961.2 -59.69
961.6 -59.61
962.0 -59.74
962.4 -59.66
962.8 -59.5
963.2 -59.7
963.6 -59.59
964.0 -59.62
964.4 -59.5
964.8 -59.42
965.2 -59.33
965.6 -59.48
966.0 -59.43
966.4 -59.37
966.8 -59.57
967.2 -59.5
967.6 -59.61
968.0 -59.47
968.4 -59.53
968.8 -59.5
969.2 -59.76
969.6 -59.69
970.0 -59.46
970.4 -59.47
970.8 -59.69
971.2 -59.75
971.6 -59.64
972.0 -59.62
972.4 -59.79
972.8 -59.69
973.2 -59.71
973.6 -59.85
974.0 -59.74
974.4 -59.79
974.8 -59.85
975.2 -59.94
975.6 -59.93
976.0 -59.9
976.4 -59.93
976.8 -60.16
977.2 -60.1
977.6 -60.18
978.0 -60.24
978.4 -60.08
978.8 -60.15
979.2 -60.08
979.6 -60.28
980.0 -60.1
980.4 -59.9
980.8 -59.98
981.2 -60.14
981.6 -59.8
982.0 -60.06
982.4 -59.95
982.8 -59.83
983.2 -59.88
983.6 -59.85
984.0 -59.7
984.4 -59.62
984.8 -59.59
985.2 -59.6
985.6 -59.57
986.0 -59.61
986.4 -59.44
986.8 -59.32
987.2 -59.39
987.6 -59.44
988.0 -59.38
988.4 -59.27
988.8 -59.16
989.2 -59.27
989.6 -59.22
990.0 -59.07
990.4 -59.04
990.8 -59.13
991.2 -58.97
991.6 -59.18
992.0 -59.01
992.4 -58.87
992.8 -59.1
993.2 -59.12
993.6 -59.14
994.0 -59.0
994.4 -59.07
994.8 -59.09
995.2 -59.06
995.6 -59.23
996.0 -59.21
996.4 -59.1
996.8 -59.06
997.2 -59.11
997.6 -59.03
998.0 -59.21
998.4 -59.07
998.8 -59.2
999.2 -59.16
999.6 -59.08
1000.0 -58.96
