600.0 -73.34
600.4 -210.0
600.8 -70.96
601.2 -81.2
601.6 -71.23
602.0 -71.04
602.4 -75.25
602.8 -70.89
603.2 -210.0
603.6 -210.0
604.0 -210.0
604.4 -75.96
604.8 -74.9
605.2 -210.0
605.6 -75.46
606.0 -77.54
606.4 -71.12
606.8 -84.58
607.2 -79.82
607.6 -72.32
608.0 -71.65
608.4 -74.68
608.8 -75.67
609.2 -210.0
609.6 -76.97
610.0 -210.0
610.4 -210.0
610.8 -78.8
611.2 -77.06
611.6 -74.08
612.0 -210.0
612.4 -70.01
612.8 -77.96
613.2 -210.0
613.6 -210.0
614.0 -75.02
614.4 -210.0
614.8 -210.0
615.2 -82.08
615.6 -210.0
616.0 -72.83
616.4 -210.0
616.8 -210.0
617.2 -75.66
617.6 -75.23
618.0 -73.49
618.4 -70.22
618.8 -85.3
619.2 -79.3
619.6 -79.32
620.0 -70.74
620.4 -210.0
620.8 -72.86
621.2 -210.0
621.6 -76.43
622.0 -210.0
622.4 -78.53
622.8 -77.09
623.2 -210.0
623.6 -210.0
624.0 -210.0
624.4 -210.0
624.8 -73.62
625.2 -71.55
625.6 -210.0
626.0 -72.74
626.4 -82.76
626.8 -81.02
627.2 -210.0
627.6 -73.29
628.0 -210.0
628.4 -210.0
628.8 -70.12
629.2 -210.0
629.6 -210.0
630.0 -210.0
630.4 -73.02
630.8 -71.58
631.2 -210.0
631.6 -210.0
632.0 -80.12
632.4 -210.0
632.8 -210.0
633.2 -73.68
633.6 -210.0
634.0 -210.0
634.4 -75.52
634.8 -77.31
635.2 -210.0
635.6 -83.4
636.0 -80.41
636.4 -71.99
636.8 -77.46
637.2 -75.06
637.6 -73.13
638.0 -77.55
638.4 -210.0
638.8 -74.09
639.2 -72.53
639.6 -210.0
640.0 -86.74
640.4 -80.75
640.8 -82.04
641.2 -210.0
641.6 -210.0
642.0 -73.3
642.4 -73.15
642.8 -76.58
643.2 -74.02
643.6 -71.38
644.0 -84.09
644.4 -210.0
644.8 -81.15
645.2 -210.0
645.6 -75.2
646.0 -81.25
646.4 -210.0
646.8 -74.57
647.2 -81.36
647.6 -73.62
648.0 -73.65
648.4 -73.88
648.8 -79.75
649.2 -84.56
649.6 -76.14
650.0 -74.83
650.4 -210.0
650.8 -74.19
651.2 -81.6
651.6 -74.2
652.0 -72.31
652.4 -78.6
652.8 -75.08
653.2 -70.73
653.6 -74.42
654.0 -73.33
654.4 -82.87
654.8 -210.0
655.2 -75.35
655.6 -77.24
656.0 -78.63
656.4 -76.2
656.8 -210.0
657.2 -210.0
657.6 -74.67
658.0 -210.0
658.4 -78.64
658.8 -73.88
659.2 -79.9
659.6 -210.0
660.0 -87.7
660.4 -72.51
660.8 -76.9
661.2 -73.22
661.6 -72.38
662.0 -76.23
662.4 -76.23
662.8 -75.14
663.2 -73.22
663.6 -77.28
664.0 -74.69
664.4 -73.22
664.8 -75.65
665.2 -74.91
665.6 -76.23
666.0 -73.07
666.4 -78.66
666.8 -73.72
667.2 -70.62
667.6 -75.14
668.0 -74.47
668.4 -87.7
668.8 -74.27
669.2 -75.65
669.6 -76.23
670.0 -79.23
670.4 -210.0
670.8 -77.26
671.2 -210.0
671.6 -70.77
672.0 -73.52
672.4 -74.66
672.8 -75.1
673.2 -78.62
673.6 -73.51
674.0 -82.87
674.4 -71.85
674.8 -73.32
675.2 -74.02
675.6 -210.0
676.0 -71.6
676.4 -75.07
676.8 -73.81
677.2 -71.08
677.6 -77.62
678.0 -77.19
678.4 -80.62
678.8 -75.55
679.2 -71.47
679.6 -76.46
680.0 -73.11
680.4 -74.36
680.8 -75.53
681.2 -70.5
681.6 -80.58
682.0 -78.01
682.4 -78.01
682.8 -210.0
683.2 -71.63
683.6 -76.4
684.0 -74.11
684.4 -71.84
684.8 -69.01
685.2 -74.51
685.6 -210.0
686.0 -210.0
686.4 -71.48
686.8 -74.71
687.2 -74.71
687.6 -81.46
688.0 -73.68
688.4 -72.03
688.8 -74.92
689.2 -72.99
689.6 -69.98
690.0 -73.14
690.4 -73.64
690.8 -77.03
691.2 -73.29
691.6 -73.82
692.0 -75.12
692.4 -74.86
692.8 -75.95
693.2 -74.62
693.6 -72.93
694.0 -76.6
694.4 -72.61
694.8 -72.47
695.2 -210.0
695.6 -72.19
696.0 -73.75
696.4 -70.2
696.8 -72.58
697.2 -76.21
697.6 -210.0
698.0 -75.87
698.4 -210.0
698.8 -210.0
699.2 -81.29
699.6 -75.55
700.0 -73.33
700.4 -72.82
700.8 -72.38
701.2 -72.81
701.6 -72.1
702.0 -72.8
702.4 -81.24
702.8 -74.26
703.2 -75.21
703.6 -77.71
704.0 -70.34
704.4 -210.0
704.8 -72.46
705.2 -70.32
705.6 -71.78
706.0 -71.9
706.4 -73.78
706.8 -71.41
707.2 -73.58
707.6 -74.64
708.0 -72.0
708.4 -73.2
708.8 -70.74
709.2 -74.86
709.6 -77.17
710.0 -72.68
710.4 -73.93
710.8 -74.84
711.2 -71.02
711.6 -72.99
712.0 -77.14
712.4 -71.34
712.8 -71.0
713.2 -75.66
713.6 -74.81
714.0 -210.0
714.4 -79.32
714.8 -73.88
715.2 -78.64
715.6 -75.33
716.0 -72.32
716.4 -70.55
716.8 -75.62
717.2 -210.0
717.6 -77.08
718.0 -74.28
718.4 -80.08
718.8 -72.14
719.2 -74.05
719.6 -72.58
720.0 -74.04
720.4 -70.92
720.8 -74.25
721.2 -74.99
721.6 -210.0
722.0 -74.47
722.4 -73.41
722.8 -73.79
723.2 -82.24
723.6 -74.71
724.0 -73.03
724.4 -73.39
724.8 -71.2
725.2 -78.54
725.6 -72.37
726.0 -72.67
726.4 -75.85
726.8 -80.95
727.2 -74.67
727.6 -74.67
728.0 -73.96
728.4 -70.73
728.8 -78.5
729.2 -71.16
729.6 -74.91
730.0 -73.33
730.4 -73.94
730.8 -75.47
731.2 -70.03
731.6 -72.79
732.0 -70.2
732.4 -72.15
732.8 -71.24
733.2 -73.11
733.6 -70.01
734.0 -77.88
734.4 -69.66
734.8 -79.12
735.2 -70.99
735.6 -69.91
736.0 -74.11
736.4 -73.66
736.8 -74.1
737.2 -69.9
737.6 -68.49
738.0 -72.73
738.4 -72.4
738.8 -71.81
739.2 -75.1
739.6 -72.24
740.0 -72.88
740.4 -69.45
740.8 -75.72
741.2 -75.08
741.6 -72.53
742.0 -80.82
742.4 -72.07
742.8 -71.15
743.2 -71.92
743.6 -71.39
744.0 -71.14
744.4 -70.91
744.8 -69.67
745.2 -70.39
745.6 -78.36
746.0 -78.36
746.4 -69.91
746.8 -210.0
747.2 -69.82
747.6 -74.25
748.0 -210.0
748.4 -72.17
748.8 -71.11
749.2 -76.0
749.6 -70.77
750.0 -72.64
750.4 -75.32
750.8 -71.46
751.2 -70.24
751.6 -74.72
752.0 -75.96
752.4 -70.32
752.8 -71.97
753.2 -74.44
753.6 -210.0
754.0 -72.59
754.4 -70.0
754.8 -73.72
755.2 -210.0
755.6 -73.71
756.0 -71.93
756.4 -210.0
756.8 -69.14
757.2 -76.28
757.6 -74.64
758.0 -74.38
758.4 -76.68
758.8 -75.21
759.2 -75.53
759.6 -71.1
760.0 -74.89
760.4 -73.23
760.8 -210.0
761.2 -86.65
761.6 -210.0
762.0 -71.45
762.4 -74.08
762.8 -75.49
763.2 -74.07
763.6 -72.31
764.0 -74.31
764.4 -71.56
764.8 -73.18
765.2 -70.07
765.6 -70.81
766.0 -71.03
766.4 -76.6
766.8 -73.36
767.2 -73.58
767.6 -210.0
768.0 -72.96
768.4 -74.81
768.8 -71.51
769.2 -74.8
769.6 -72.09
770.0 -69.23
770.4 -78.1
770.8 -72.75
771.2 -72.58
771.6 -71.5
772.0 -72.23
772.4 -74.78
772.8 -72.74
773.2 -70.98
773.6 -76.13
774.0 -69.55
774.4 -72.39
774.8 -210.0
775.2 -71.62
775.6 -71.09
776.0 -74.48
776.4 -69.71
776.8 -70.73
777.2 -70.73
777.6 -71.47
778.0 -75.05
778.4 -78.73
778.8 -72.54
779.2 -78.06
779.6 -72.04
780.0 -71.45
780.4 -71.32
780.8 -71.32
781.2 -70.71
781.6 -71.18
782.0 -75.36
782.4 -69.34
782.8 -68.64
783.2 -72.51
783.6 -72.17
784.0 -70.46
784.4 -69.33
784.8 -73.47
785.2 -71.16
785.6 -73.69
786.0 -73.69
786.4 -76.47
786.8 -69.93
787.2 -69.22
787.6 -75.33
788.0 -70.67
788.4 -74.15
788.8 -69.38
789.2 -70.66
789.6 -70.54
790.0 -73.44
790.4 -71.97
790.8 -74.68
791.2 -72.82
791.6 -72.29
792.0 -70.1
792.4 -74.13
792.8 -72.28
793.2 -70.3
793.6 -72.28
794.0 -73.86
794.4 -69.69
794.8 -72.99
795.2 -71.23
795.6 -74.1
796.0 -69.68
796.4 -70.72
796.8 -75.99
797.2 -71.21
797.6 -73.84
798.0 -68.84
798.4 -70.26
798.8 -69.06
799.2 -73.6
799.6 -71.33
800.0 -70.46
800.4 -69.3
800.8 -72.23
801.2 -70.82
801.6 -71.33
802.0 -74.34
802.4 -70.26
802.8 -74.93
803.2 -70.83
803.6 -73.61
804.0 -69.68
804.4 -71.35
804.8 -70.96
805.2 -72.43
805.6 -71.5
806.0 -66.92
806.4 -65.92
806.8 -62.25
807.2 -58.32
807.6 -54.39
808.0 -52.77
808.4 -53.84
808.8 -54.55
809.2 -58.25
809.6 -67.04
810.0 -70.76
810.4 -70.43
810.8 -70.44
811.2 -72.85
811.6 -71.85
812.0 -69.86
812.4 -73.26
812.8 -71.18
813.2 -69.6
813.6 -69.98
814.0 -73.73
814.4 -70.19
814.8 -75.74
815.2 -70.74
815.6 -69.64
816.0 -72.94
816.4 -72.76
816.8 -80.54
817.2 -72.26
817.6 -71.81
818.0 -71.53
818.4 -70.57
818.8 -70.17
819.2 -72.64
819.6 -70.7
820.0 -74.08
820.4 -71.73
820.8 -71.75
821.2 -73.25
821.6 -70.36
822.0 -69.98
822.4 -70.7
822.8 -71.17
823.2 -69.77
823.6 -75.0
824.0 -69.23
824.4 -69.47
824.8 -69.91
825.2 -70.2
825.6 -69.86
826.0 -70.04
826.4 -71.31
826.8 -70.66
827.2 -69.2
827.6 -69.6
828.0 -71.49
828.4 -69.63
828.8 -68.7
829.2 -72.21
829.6 -71.08
830.0 -71.46
830.4 -70.72
830.8 -72.03
831.2 -69.33
831.6 -70.15
832.0 -68.13
832.4 -69.71
832.8 -71.43
833.2 -69.47
833.6 -71.05
834.0 -70.24
834.4 -69.22
834.8 -69.38
835.2 -68.06
835.6 -69.88
836.0 -70.31
836.4 -71.47
836.8 -71.18
837.2 -69.28
837.6 -69.72
838.0 -69.54
838.4 -69.85
838.8 -71.64
839.2 -69.57
839.6 -70.02
840.0 -72.68
840.4 -69.22
840.8 -70.1
841.2 -69.41
841.6 -69.95
842.0 -71.11
842.4 -68.38
842.8 -67.64
843.2 -69.21
843.6 -69.46
844.0 -68.14
844.4 -69.27
844.8 -69.45
845.2 -70.31
845.6 -68.32
846.0 -69.93
846.4 -70.23
846.8 -69.59
847.2 -69.71
847.6 -70.38
848.0 -69.01
848.4 -70.55
848.8 -69.64
849.2 -69.51
849.6 -69.13
850.0 -70.29
850.4 -70.62
850.8 -69.43
851.2 -70.2
851.6 -68.49
852.0 -70.87
852.4 -69.05
852.8 -68.7
853.2 -68.04
853.6 -68.7
854.0 -69.47
854.4 -69.09
854.8 -70.76
855.2 -70.94
855.6 -68.36
856.0 -68.62
856.4 -70.02
856.8 -67.49
857.2 -68.51
857.6 -68.56
858.0 -69.65
858.4 -68.66
858.8 -70.31
859.2 -67.14
859.6 -69.57
860.0 -71.09
860.4 -68.82
860.8 -68.27
861.2 -68.17
861.6 -70.36
862.0 -70.45
862.4 -69.75
862.8 -69.81
863.2 -67.38
863.6 -69.26
864.0 -69.39
864.4 -68.33
864.8 -69.79
865.2 -68.99
865.6 -68.7
866.0 -68.59
866.4 -69.29
866.8 -68.47
867.2 -69.35
867.6 -69.76
868.0 -68.45
868.4 -69.68
868.8 -68.95
869.2 -68.28
869.6 -69.07
870.0 -70.61
870.4 -68.42
870.8 -68.11
871.2 -67.54
871.6 -67.11
872.0 -68.62
872.4 -69.35
872.8 -69.28
873.2 -67.55
873.6 -67.29
874.0 -68.21
874.4 -69.12
874.8 -67.75
875.2 -67.31
875.6 -68.67
876.0 -68.17
876.4 -68.84
876.8 -68.27
877.2 -67.85
877.6 -69.01
878.0 -69.06
878.4 -70.85
878.8 -68.24
879.2 -67.68
879.6 -67.63
880.0 -67.27
880.4 -67.36
880.8 -69.23
881.2 -67.06
881.6 -68.32
882.0 -67.91
882.4 -68.37
882.8 -68.77
883.2 -67.95
883.6 -68.71
884.0 -69.42
884.4 -68.48
884.8 -67.17
885.2 -67.56
885.6 -69.27
886.0 -69.55
886.4 -68.25
886.8 -67.89
887.2 -70.51
887.6 -69.47
888.0 -67.5
888.4 -66.68
888.8 -68.75
889.2 -67.16
889.6 -68.46
890.0 -69.46
890.4 -68.34
890.8 -68.46
891.2 -67.83
891.6 -69.33
892.0 -68.14
892.4 -67.38
892.8 -67.3
893.2 -68.59
893.6 -67.95
894.0 -69.95
894.4 -68.66
894.8 -67.92
895.2 -68.33
895.6 -67.28
896.0 -67.79
896.4 -69.25
896.8 -67.65
897.2 -66.82
897.6 -68.41
898.0 -69.47
898.4 -68.1
898.8 -69.62
899.2 -67.91
899.6 -69.14
900.0 -67.73
900.4 -70.02
900.8 -68.63
901.2 -69.38
901.6 -68.47
902.0 -68.11
902.4 -68.95
902.8 -69.55
903.2 -68.97
903.6 -68.24
904.0 -67.76
904.4 -69.51
904.8 -68.43
905.2 -71.5
905.6 -69.46
906.0 -69.61
906.4 -67.86
906.8 -68.26
907.2 -68.53
907.6 -69.24
908.0 -71.14
908.4 -68.55
908.8 -67.64
909.2 -69.97
909.6 -69.68
910.0 -69.17
910.4 -68.95
910.8 -67.79
911.2 -68.59
911.6 -69.77
912.0 -68.21
912.4 -67.27
912.8 -66.78
913.2 -66.93
913.6 -68.48
914.0 -69.22
914.4 -68.17
914.8 -68.63
915.2 -70.52
915.6 -68.88
916.0 -68.43
916.4 -68.45
916.8 -69.64
917.2 -67.63
917.6 -68.75
918.0 -70.71
918.4 -69.11
918.8 -70.92
919.2 -70.93
919.6 -69.39
920.0 -69.41
920.4 -69.61
920.8 -68.64
921.2 -68.9
921.6 -69.85
922.0 -68.05
922.4 -69.83
922.8 -71.02
923.2 -69.86
923.6 -70.28
924.0 -70.03
924.4 -70.84
924.8 -69.13
925.2 -68.54
925.6 -71.86
926.0 -69.28
926.4 -70.7
926.8 -70.8
927.2 -70.44
927.6 -68.22
928.0 -70.28
928.4 -70.16
928.8 -69.41
929.2 -69.7
929.6 -68.61
930.0 -70.71
930.4 -70.73
930.8 -69.84
931.2 -69.01
931.6 -69.88
932.0 -68.97
932.4 -70.99
932.8 -69.01
933.2 -70.74
933.6 -68.31
934.0 -70.71
934.4 -70.94
934.8 -70.89
935.2 -71.78
935.6 -69.54
936.0 -71.9
936.4 -71.04
936.8 -71.77
937.2 -69.33
937.6 -71.19
938.0 -70.53
938.4 -71.3
938.8 -70.2
939.2 -71.73
939.6 -73.2
940.0 -70.69
940.4 -71.89
940.8 -71.91
941.2 -71.54
941.6 -71.87
942.0 -70.5
942.4 -70.36
942.8 -70.86
943.2 -71.58
943.6 -70.66
944.0 -71.47
944.4 -70.83
944.8 -71.38
945.2 -70.3
945.6 -70.49
946.0 -70.8
946.4 -71.14
946.8 -69.93
947.2 -72.92
947.6 -72.07
948.0 -72.25
948.4 -70.39
948.8 -72.73
949.2 -72.09
949.6 -71.6
950.0 -71.04
950.4 -71.37
950.8 -73.63
951.2 -73.14
951.6 -73.78
952.0 -71.33
952.4 -71.28
952.8 -71.97
953.2 -71.08
953.6 -70.87
954.0 -70.28
954.4 -71.65
954.8 -72.38
955.2 -72.9
955.6 -73.47
956.0 -71.54
956.4 -70.65
956.8 -72.89
957.2 -71.01
957.6 -70.51
958.0 -70.94
958.4 -70.91
958.8 -71.74
959.2 -72.53
959.6 -70.97
960.0 -71.55
960.4 -70.45
960.8 -72.03
961.2 -70.72
961.6 -71.61
962.0 -71.27
962.4 -72.02
962.8 -72.44
963.2 -71.49
963.6 -71.45
964.0 -71.81
964.4 -71.36
964.8 -70.85
965.2 -73.24
965.6 -70.93
966.0 -70.3
966.4 -71.6
966.8 -73.39
967.2 -70.84
967.6 -70.77
968.0 -71.49
968.4 -70.57
968.8 -71.75
969.2 -71.95
969.6 -71.84
970.0 -72.57
970.4 -71.26
970.8 -72.97
971.2 -71.73
971.6 -71.11
972.0 -70.49
972.4 -70.9
972.8 -70.92
973.2 -72.1
973.6 -70.22
974.0 -71.4
974.4 -72.34
974.8 -70.94
975.2 -70.96
975.6 -73.31
976.0 -71.8
976.4 -72.11
976.8 -72.43
977.2 -72.32
977.6 -73.88
978.0 -72.11
978.4 -72.43
978.8 -71.06
979.2 -71.27
979.6 -71.89
980.0 -71.79
980.4 -71.5
980.8 -71.46
981.2 -72.22
981.6 -71.01
982.0 -71.69
982.4 -71.86
982.8 -70.47
983.2 -71.63
983.6 -71.3
984.0 -70.66
984.4 -71.51
984.8 -71.98
985.2 -70.77
985.6 -69.77
986.0 -71.1
986.4 -71.11
986.8 -70.39
987.2 -71.79
987.6 -70.23
988.0 -72.79
988.4 -70.67
988.8 -70.76
989.2 -71.51
989.6 -71.11
990.0 -70.34
990.4 -71.5
990.8 -69.55
991.2 -71.04
991.6 -70.61
992.0 -69.92
992.4 -69.53
992.8 -70.61
993.2 -70.4
993.6 -70.38
994.0 -70.68
994.4 -70.47
994.8 -69.97
995.2 -70.28
995.6 -70.47
996.0 -69.92
996.4 -71.02
996.8 -71.32
997.2 -70.44
997.6 -70.52
998.0 -70.8
998.4 -70.92
998.8 -69.47
999.2 -70.9
999.6 -70.31
1000.0 -70.25
