600.0 -73.0
600.4 -68.97
600.8 -74.64
601.2 -84.21
601.6 -210.0
602.0 -73.47
602.4 -74.29
602.8 -70.34
603.2 -84.34
603.6 -210.0
604.0 -84.4
604.4 -70.1
604.8 -210.0
605.2 -76.68
605.6 -76.71
606.0 -72.76
606.4 -69.92
606.8 -72.27
607.2 -76.81
607.6 -210.0
608.0 -71.04
608.4 -78.65
608.8 -70.39
609.2 -210.0
609.6 -210.0
610.0 -210.0
610.4 -73.67
610.8 -74.03
611.2 -210.0
611.6 -78.85
612.0 -210.0
612.4 -75.38
612.8 -74.95
613.2 -70.49
613.6 -71.19
614.0 -77.23
614.4 -70.72
614.8 -210.0
615.2 -80.31
615.6 -71.68
616.0 -210.0
616.4 -210.0
616.8 -75.18
617.2 -71.59
617.6 -72.92
618.0 -70.94
618.4 -71.66
618.8 -210.0
619.2 -71.01
619.6 -74.93
620.0 -210.0
620.4 -210.0
620.8 -71.8
621.2 -210.0
621.6 -70.69
622.0 -71.52
622.4 -210.0
622.8 -210.0
623.2 -71.59
623.6 -71.62
624.0 -77.16
624.4 -210.0
624.8 -210.0
625.2 -72.91
625.6 -70.15
626.0 -74.95
626.4 -71.62
626.8 -70.48
627.2 -72.39
627.6 -210.0
628.0 -77.41
628.4 -69.87
628.8 -74.78
629.2 -210.0
629.6 -75.55
630.0 -73.69
630.4 -71.55
630.8 -73.75
631.2 -72.28
631.6 -71.64
632.0 -76.6
632.4 -70.99
632.8 -73.65
633.2 -210.0
633.6 -78.47
634.0 -73.98
634.4 -72.89
634.8 -72.2
635.2 -77.34
635.6 -70.61
636.0 -74.97
636.4 -69.39
636.8 -74.73
637.2 -72.38
637.6 -71.78
638.0 -68.8
638.4 -76.2
638.8 -71.33
639.2 -69.04
639.6 -71.14
640.0 -71.42
640.4 -69.7
640.8 -71.02
641.2 -71.28
641.6 -69.73
642.0 -70.48
642.4 -72.04
642.8 -74.95
643.2 -70.79
643.6 -70.94
644.0 -69.77
644.4 -69.81
644.8 -69.47
645.2 -70.05
645.6 -68.55
646.0 -70.2
646.4 -69.53
646.8 -69.57
647.2 -70.31
647.6 -68.91
648.0 -71.12
648.4 -70.34
648.8 -70.55
649.2 -72.12
649.6 -71.37
650.0 -73.47
650.4 -70.8
650.8 -71.7
651.2 -69.17
651.6 -69.17
652.0 -71.6
652.4 -70.65
652.8 -69.12
653.2 -71.2
653.6 -69.58
654.0 -69.86
654.4 -68.56
654.8 -69.46
655.2 -67.83
655.6 -69.33
656.0 -69.34
656.4 -70.94
656.8 -68.86
657.2 -67.34
657.6 -71.55
658.0 -69.68
658.4 -69.22
658.8 -69.11
659.2 -70.13
659.6 -69.11
660.0 -69.7
660.4 -69.63
660.8 -68.56
661.2 -68.15
661.6 -68.61
662.0 -68.61
662.4 -67.2
662.8 -69.31
663.2 -70.21
663.6 -68.89
664.0 -69.57
664.4 -68.25
664.8 -69.0
665.2 -68.66
665.6 -70.14
666.0 -69.0
666.4 -68.45
666.8 -69.06
667.2 -69.18
667.6 -68.45
668.0 -68.45
668.4 -68.83
668.8 -67.92
669.2 -68.2
669.6 -69.43
670.0 -67.86
670.4 -68.76
670.8 -68.09
671.2 -67.94
671.6 -67.55
672.0 -69.88
672.4 -67.98
672.8 -69.87
673.2 -67.05
673.6 -68.62
674.0 -68.06
674.4 -68.35
674.8 -67.47
675.2 -67.42
675.6 -67.22
676.0 -68.43
676.4 -67.41
676.8 -67.66
677.2 -68.12
677.6 -67.7
678.0 -66.92
678.4 -68.68
678.8 -67.47
679.2 -69.47
679.6 -66.8
680.0 -67.9
680.4 -68.04
680.8 -67.24
681.2 -67.71
681.6 -68.02
682.0 -68.01
682.4 -68.58
682.8 -66.98
683.2 -69.42
683.6 -68.29
684.0 -67.41
684.4 -67.4
684.8 -68.6
685.2 -69.0
685.6 -68.71
686.0 -67.51
686.4 -66.86
686.8 -67.16
687.2 -68.52
687.6 -67.99
688.0 -67.75
688.4 -67.22
688.8 -66.83
689.2 -68.43
689.6 -68.71
690.0 -68.32
690.4 -67.81
690.8 -68.31
691.2 -68.51
691.6 -66.47
692.0 -66.71
692.4 -67.08
692.8 -68.38
693.2 -67.82
693.6 -67.86
694.0 -67.14
694.4 -69.06
694.8 -67.13
695.2 -67.69
695.6 -66.73
696.0 -67.73
696.4 -67.44
696.8 -67.27
697.2 -69.15
697.6 -66.81
698.0 -67.75
698.4 -66.39
698.8 -66.76
699.2 -67.06
699.6 -67.54
700.0 -65.88
700.4 -67.75
700.8 -66.33
701.2 -66.6
701.6 -66.68
702.0 -66.9
702.4 -66.37
702.8 -67.14
703.2 -66.76
703.6 -67.52
704.0 -67.51
704.4 -66.34
704.8 -65.36
705.2 -66.43
705.6 -66.97
706.0 -67.35
706.4 -66.27
706.8 -65.53
707.2 -65.92
707.6 -65.73
708.0 -67.84
708.4 -67.49
708.8 -65.71
709.2 -66.83
709.6 -66.6
710.0 -66.29
710.4 -66.9
710.8 -66.25
711.2 -66.69
711.6 -67.59
712.0 -66.64
712.4 -66.1
712.8 -67.44
713.2 -66.44
713.6 -65.88
714.0 -66.32
714.4 -65.61
714.8 -66.61
715.2 -66.72
715.6 -67.01
716.0 -65.89
716.4 -66.79
716.8 -66.29
717.2 -66.0
717.6 -65.84
718.0 -65.93
718.4 -67.43
718.8 -66.52
719.2 -66.02
719.6 -66.41
720.0 -65.74
720.4 -67.13
720.8 -66.03
721.2 -67.12
721.6 -65.42
722.0 -66.53
722.4 -66.31
722.8 -65.0
723.2 -65.84
723.6 -66.72
724.0 -65.9
724.4 -66.75
724.8 -65.44
725.2 -65.69
725.6 -66.74
726.0 -65.81
726.4 -66.3
726.8 -64.93
727.2 -66.44
727.6 -66.33
728.0 -67.33
728.4 -66.0
728.8 -65.62
729.2 -65.62
729.6 -66.91
730.0 -65.71
730.4 -65.81
730.8 -66.56
731.2 -65.9
731.6 -65.23
732.0 -65.92
732.4 -65.82
732.8 -66.32
733.2 -65.91
733.6 -66.16
734.0 -66.38
734.4 -65.94
734.8 -66.08
735.2 -66.78
735.6 -66.0
736.0 -66.07
736.4 -65.39
736.8 -65.58
737.2 -65.71
737.6 -65.98
738.0 -66.31
738.4 -65.7
738.8 -66.65
739.2 -66.57
739.6 -66.22
740.0 -65.52
740.4 -66.36
740.8 -65.55
741.2 -65.84
741.6 -66.2
742.0 -65.61
742.4 -66.39
742.8 -66.38
743.2 -66.19
743.6 -65.25
744.0 -65.82
744.4 -66.14
744.8 -65.43
745.2 -65.59
745.6 -64.75
746.0 -67.08
746.4 -65.48
746.8 -66.95
747.2 -65.44
747.6 -65.87
748.0 -66.98
748.4 -65.33
748.8 -65.4
749.2 -65.62
749.6 -66.04
750.0 -66.14
750.4 -67.01
750.8 -65.6
751.2 -65.67
751.6 -65.37
752.0 -65.96
752.4 -65.48
752.8 -67.4
753.2 -66.83
753.6 -67.0
754.0 -66.17
754.4 -64.63
754.8 -65.17
755.2 -65.44
755.6 -65.25
756.0 -64.43
756.4 -66.17
756.8 -64.88
757.2 -65.66
757.6 -65.26
758.0 -66.19
758.4 -64.94
758.8 -65.5
759.2 -65.63
759.6 -65.27
760.0 -64.61
760.4 -65.76
760.8 -65.51
761.2 -65.75
761.6 -66.19
762.0 -65.53
762.4 -64.76
762.8 -65.83
763.2 -65.29
763.6 -64.5
764.0 -65.86
764.4 -64.8
764.8 -65.02
765.2 -65.43
765.6 -65.21
766.0 -64.66
766.4 -65.49
766.8 -65.12
767.2 -64.54
767.6 -64.77
768.0 -65.82
768.4 -64.22
768.8 -65.04
769.2 -64.52
769.6 -64.34
770.0 -64.68
770.4 -65.99
770.8 -64.94
771.2 -64.97
771.6 -65.42
772.0 -65.65
772.4 -64.48
772.8 -66.01
773.2 -64.93
773.6 -65.08
774.0 -64.69
774.4 -65.23
774.8 -63.89
775.2 -64.69
775.6 -64.77
776.0 -64.51
776.4 -64.17
776.8 -65.66
777.2 -64.54
777.6 -64.27
778.0 -64.58
778.4 -64.75
778.8 -64.26
779.2 -64.01
779.6 -64.5
780.0 -64.12
780.4 -65.3
780.8 -65.54
781.2 -64.33
781.6 -64.91
782.0 -64.14
782.4 -64.79
782.8 -64.37
783.2 -65.02
783.6 -64.67
784.0 -64.93
784.4 -63.86
784.8 -65.24
785.2 -64.38
785.6 -64.3
786.0 -64.66
786.4 -64.32
786.8 -64.45
787.2 -64.21
787.6 -64.88
788.0 -63.86
788.4 -64.84
788.8 -64.15
789.2 -64.93
789.6 -64.75
790.0 -64.95
790.4 -64.19
790.8 -64.57
791.2 -64.53
791.6 -63.88
792.0 -64.31
792.4 -63.86
792.8 -64.25
793.2 -64.33
793.6 -64.17
794.0 -64.68
794.4 -64.43
794.8 -64.21
795.2 -64.16
795.6 -64.02
796.0 -64.08
796.4 -64.34
796.8 -64.26
797.2 -63.63
797.6 -65.0
798.0 -65.0
798.4 -63.64
798.8 -64.26
799.2 -64.6
799.6 -64.48
800.0 -64.42
800.4 -64.1
800.8 -64.15
801.2 -63.76
801.6 -64.03
802.0 -64.29
802.4 -64.11
802.8 -63.17
803.2 -65.0
803.6 -63.79
804.0 -63.73
804.4 -63.66
804.8 -63.71
805.2 -63.85
805.6 -62.7
806.0 -62.32
806.4 -60.44
806.8 -57.31
807.2 -53.65
807.6 -49.63
808.0 -48.19
808.4 -49.16
808.8 -49.81
809.2 -53.54
809.6 -60.88
810.0 -62.59
810.4 -63.62
810.8 -64.08
811.2 -64.42
811.6 -63.42
812.0 -63.91
812.4 -64.58
812.8 -63.78
813.2 -63.72
813.6 -64.75
814.0 -63.8
814.4 -63.92
814.8 -63.98
815.2 -63.86
815.6 -64.09
816.0 -64.03
816.4 -63.49
816.8 -64.47
817.2 -63.86
817.6 -64.18
818.0 -64.18
818.4 -64.02
818.8 -63.68
819.2 -64.49
819.6 -63.99
820.0 -64.21
820.4 -64.04
820.8 -63.83
821.2 -63.87
821.6 -63.71
822.0 -63.92
822.4 -64.15
822.8 -63.81
823.2 -63.51
823.6 -63.8
824.0 -64.23
824.4 -64.12
824.8 -63.87
825.2 -63.34
825.6 -63.56
826.0 -63.76
826.4 -63.53
826.8 -63.89
827.2 -63.4
827.6 -63.94
828.0 -63.63
828.4 -64.21
828.8 -63.68
829.2 -63.56
829.6 -63.61
830.0 -64.33
830.4 -63.61
830.8 -64.46
831.2 -63.59
831.6 -63.48
832.0 -63.26
832.4 -63.81
832.8 -63.32
833.2 -63.14
833.6 -63.34
834.0 -63.12
834.4 -63.16
834.8 -63.31
835.2 -63.21
835.6 -62.93
836.0 -62.98
836.4 -63.09
836.8 -63.09
837.2 -62.7
837.6 -63.21
838.0 -62.88
838.4 -62.95
838.8 -63.0
839.2 -63.16
839.6 -62.85
840.0 -63.16
840.4 -62.86
840.8 -63.07
841.2 -63.01
841.6 -63.36
842.0 -63.14
842.4 -63.12
842.8 -63.25
843.2 -63.28
843.6 -62.73
844.0 -62.97
844.4 -63.25
844.8 -63.15
845.2 -62.9
845.6 -62.73
846.0 -62.92
846.4 -62.7
846.8 -62.62
847.2 -62.86
847.6 -62.88
848.0 -62.95
848.4 -62.39
848.8 -62.76
849.2 -62.61
849.6 -62.76
850.0 -62.85
850.4 -62.54
850.8 -62.63
851.2 -62.76
851.6 -62.65
852.0 -62.36
852.4 -62.32
852.8 -62.46
853.2 -62.32
853.6 -62.52
854.0 -62.75
854.4 -62.48
854.8 -62.55
855.2 -62.68
855.6 -62.47
856.0 -62.83
856.4 -62.91
856.8 -62.17
857.2 -62.36
857.6 -62.42
858.0 -62.54
858.4 -62.78
858.8 -62.22
859.2 -62.45
859.6 -61.98
860.0 -62.18
860.4 -62.07
860.8 -62.34
861.2 -62.31
861.6 -62.13
862.0 -62.54
862.4 -62.07
862.8 -62.13
863.2 -62.28
863.6 -62.16
864.0 -62.25
864.4 -62.26
864.8 -62.25
865.2 -62.24
865.6 -62.17
866.0 -62.26
866.4 -62.1
866.8 -62.34
867.2 -62.21
867.6 -62.41
868.0 -62.12
868.4 -62.06
868.8 -62.06
869.2 -62.05
869.6 -62.13
870.0 -61.9
870.4 -61.85
870.8 -62.29
871.2 -62.03
871.6 -62.18
872.0 -62.11
872.4 -61.83
872.8 -61.52
873.2 -62.07
873.6 -61.54
874.0 -61.89
874.4 -62.12
874.8 -61.82
875.2 -62.29
875.6 -61.83
876.0 -61.78
876.4 -61.83
876.8 -62.01
877.2 -61.86
877.6 -61.69
878.0 -61.59
878.4 -61.92
878.8 -61.43
879.2 -61.49
879.6 -61.86
880.0 -61.64
880.4 -61.29
880.8 -61.51
881.2 -61.66
881.6 -61.43
882.0 -61.49
882.4 -61.48
882.8 -61.41
883.2 -61.32
883.6 -61.55
884.0 -61.57
884.4 -61.39
884.8 -61.35
885.2 -61.42
885.6 -61.55
886.0 -61.68
886.4 -61.44
886.8 -61.86
887.2 -61.5
887.6 -61.55
888.0 -61.48
888.4 -61.26
888.8 -61.54
889.2 -61.14
889.6 -61.16
890.0 -61.68
890.4 -61.18
890.8 -61.22
891.2 -61.17
891.6 -61.26
892.0 -61.74
892.4 -61.21
892.8 -60.99
893.2 -61.03
893.6 -61.31
894.0 -61.35
894.4 -61.19
894.8 -61.3
895.2 -61.34
895.6 -60.65
896.0 -61.04
896.4 -60.86
896.8 -61.0
897.2 -61.36
897.6 -61.24
898.0 -60.89
898.4 -61.16
898.8 -60.84
899.2 -61.01
899.6 -61.03
900.0 -60.98
900.4 -61.15
900.8 -61.0
901.2 -61.19
901.6 -60.78
902.0 -61.08
902.4 -61.02
902.8 -61.09
903.2 -60.92
903.6 -61.03
904.0 -60.97
904.4 -60.92
904.8 -60.91
905.2 -60.71
905.6 -60.8
906.0 -60.55
906.4 -61.2
906.8 -60.75
907.2 -60.49
907.6 -60.63
908.0 -60.74
908.4 -60.6
908.8 -60.9
909.2 -60.32
909.6 -60.55
910.0 -60.7
910.4 -60.27
910.8 -60.5
911.2 -60.48
911.6 -60.27
912.0 -60.4
912.4 -60.29
912.8 -60.16
913.2 -60.58
913.6 -60.06
914.0 -60.29
914.4 -60.4
914.8 -60.0
915.2 -60.06
915.6 -60.07
916.0 -60.07
916.4 -60.31
916.8 -60.05
917.2 -60.15
917.6 -60.03
918.0 -60.08
918.4 -60.09
918.8 -59.91
919.2 -60.02
919.6 -59.88
920.0 -60.05
920.4 -60.03
920.8 -59.97
921.2 -59.9
921.6 -59.86
922.0 -59.76
922.4 -59.7
922.8 -59.74
923.2 -59.72
923.6 -59.74
924.0 -59.53
924.4 -59.65
924.8 -59.49
925.2 -59.46
925.6 -59.61
926.0 -59.68
926.4 -59.71
926.8 -59.51
927.2 -59.24
927.6 -59.57
928.0 -59.41
928.4 -59.36
928.8 -59.29
929.2 -59.23
929.6 -59.33
930.0 -59.15
930.4 -59.18
930.8 -59.07
931.2 -59.23
931.6 -59.14
932.0 -59.35
932.4 -59.15
932.8 -59.13
933.2 -59.14
933.6 -59.0
934.0 -59.23
934.4 -58.97
934.8 -58.95
935.2 -59.14
935.6 -59.07
936.0 -58.93
936.4 -58.97
936.8 -58.8
937.2 -58.84
937.6 -58.94
938.0 -58.86
938.4 -58.87
938.8 -58.71
939.2 -58.75
939.6 -58.66
940.0 -58.76
940.4 -58.79
940.8 -58.69
941.2 -58.63
941.6 -58.73
942.0 -58.46
942.4 -58.57
942.8 -58.47
943.2 -58.5
943.6 -58.59
944.0 -58.58
944.4 -58.47
944.8 -58.44
945.2 -58.53
945.6 -58.5
946.0 -58.51
946.4 -58.32
946.8 -58.4
947.2 -58.24
947.6 -58.35
948.0 -58.28
948.4 -58.26
948.8 -58.26
949.2 -58.25
949.6 -58.42
950.0 -58.29
950.4 -58.38
950.8 -58.43
951.2 -58.23
951.6 -58.26
952.0 -58.19
952.4 -58.12
952.8 -58.15
953.2 -58.09
953.6 -58.33
954.0 -58.18
954.4 -58.01
954.8 -58.14
955.2 -58.04
955.6 -58.16
956.0 -58.13
956.4 -58.32
956.8 -58.03
957.2 -58.05
957.6 -58.0
958.0 -58.07
958.4 -57.93
958.8 -58.11
959.2 -58.07
959.6 -58.0
960.0 -57.89
960.4 -57.85
960.8 -57.81
961.2 -57.79
961.6 -57.85
962.0 -57.7
962.4 -57.91
962.8 -57.73
963.2 -57.7
963.6 -57.66
964.0 -57.54
964.4 -57.73
964.8 -57.62
965.2 -57.53
965.6 -57.54
966.0 -57.64
966.4 -57.37
966.8 -57.4
967.2 -57.55
967.6 -57.53
968.0 -57.58
968.4 -57.56
968.8 -57.46
969.2 -57.46
969.6 -57.61
970.0 -57.48
970.4 -57.45
970.8 -57.53
971.2 -57.46
971.6 -57.46
972.0 -57.47
972.4 -57.63
972.8 -57.54
973.2 -57.57
973.6 -57.53
974.0 -57.47
974.4 -57.73
974.8 -57.62
975.2 -57.85
975.6 -57.73
976.0 -57.83
976.4 -57.81
976.8 -57.75
977.2 -57.97
977.6 -57.91
978.0 -57.93
978.4 -57.93
978.8 -57.96
979.2 -57.85
979.6 -57.92
980.0 -58.02
980.4 -57.92
980.8 -57.83
981.2 -57.78
981.6 -57.84
982.0 -57.67
982.4 -57.66
982.8 -57.66
983.2 -57.61
983.6 -57.49
984.0 -57.45
984.4 -57.5
984.8 -57.27
985.2 -57.32
985.6 -57.35
986.0 -57.34
986.4 -57.22
986.8 -57.09
987.2 -57.18
987.6 -56.97
988.0 -57.18
988.4 -56.96
988.8 -57.07
989.2 -56.89
989.6 -56.9
990.0 -56.91
990.4 -56.94
990.8 -56.77
991.2 -56.92
991.6 -56.8
992.0 -56.88
992.4 -56.82
992.8 -56.93
993.2 -56.78
993.6 -56.87
994.0 -56.79
994.4 -56.83
994.8 -56.9
995.2 -56.94
995.6 -56.93
996.0 -56.87
996.4 -56.91
996.8 -56.9
997.2 -56.92
997.6 -56.93
998.0 -57.09
998.4 -57.1
998.8 -57.11
999.2 -57.08
999.6 -57.06
1000.0 -57.03
