600.0 -210.0
600.4 -210.0
600.8 -210.0
601.2 -72.16
601.6 -75.2
602.0 -73.85
602.4 -74.29
602.8 -210.0
603.2 -79.56
603.6 -84.37
604.0 -210.0
604.4 -75.38
604.8 -70.64
605.2 -71.68
605.6 -70.88
606.0 -210.0
606.4 -74.13
606.8 -72.02
607.2 -78.57
607.6 -72.86
608.0 -70.85
608.4 -72.63
608.8 -210.0
609.2 -210.0
609.6 -78.73
610.0 -68.54
610.4 -71.8
610.8 -74.41
611.2 -72.54
611.6 -210.0
612.0 -74.1
612.4 -78.9
612.8 -77.96
613.2 -78.94
613.6 -210.0
614.0 -210.0
614.4 -210.0
614.8 -73.3
615.2 -72.53
615.6 -72.1
616.0 -72.58
616.4 -72.85
616.8 -72.62
617.2 -68.22
617.6 -67.98
618.0 -80.48
618.4 -75.28
618.8 -72.29
619.2 -71.52
619.6 -210.0
620.0 -75.82
620.4 -72.39
620.8 -70.36
621.2 -76.41
621.6 -80.69
622.0 -73.19
622.4 -68.61
622.8 -71.57
623.2 -71.09
623.6 -77.81
624.0 -73.85
624.4 -70.73
624.8 -72.88
625.2 -74.9
625.6 -68.64
626.0 -80.97
626.4 -74.3
626.8 -70.88
627.2 -75.02
627.6 -71.07
628.0 -70.3
628.4 -68.99
628.8 -68.76
629.2 -69.7
629.6 -77.51
630.0 -71.52
630.4 -75.23
630.8 -68.27
631.2 -70.52
631.6 -77.66
632.0 -72.72
632.4 -68.25
632.8 -69.77
633.2 -69.16
633.6 -71.2
634.0 -70.37
634.4 -69.16
634.8 -73.56
635.2 -72.76
635.6 -68.48
636.0 -71.25
636.4 -69.56
636.8 -69.51
637.2 -70.96
637.6 -69.15
638.0 -71.53
638.4 -70.59
638.8 -73.22
639.2 -69.19
639.6 -69.22
640.0 -68.41
640.4 -69.53
640.8 -68.49
641.2 -68.04
641.6 -70.45
642.0 -68.4
642.4 -68.03
642.8 -69.0
643.2 -68.27
643.6 -68.74
644.0 -69.03
644.4 -67.74
644.8 -68.25
645.2 -68.88
645.6 -69.69
646.0 -68.76
646.4 -66.86
646.8 -66.86
647.2 -71.05
647.6 -68.79
648.0 -68.48
648.4 -68.2
648.8 -68.29
649.2 -67.93
649.6 -69.15
650.0 -67.66
650.4 -67.62
650.8 -67.79
651.2 -68.04
651.6 -67.5
652.0 -68.38
652.4 -68.29
652.8 -67.18
653.2 -67.47
653.6 -66.96
654.0 -66.96
654.4 -67.31
654.8 -67.2
655.2 -66.76
655.6 -66.76
656.0 -68.47
656.4 -67.71
656.8 -67.93
657.2 -67.51
657.6 -67.26
658.0 -66.15
658.4 -66.92
658.8 -67.19
659.2 -66.82
659.6 -66.72
660.0 -67.13
660.4 -66.42
660.8 -67.24
661.2 -68.77
661.6 -67.09
662.0 -67.09
662.4 -66.9
662.8 -66.33
663.2 -66.87
663.6 -66.52
664.0 -67.44
664.4 -67.24
664.8 -66.39
665.2 -66.62
665.6 -66.66
666.0 -66.49
666.4 -67.09
666.8 -65.96
667.2 -66.02
667.6 -67.2
668.0 -66.83
668.4 -66.17
668.8 -66.33
669.2 -67.2
669.6 -66.49
670.0 -65.75
670.4 -66.86
670.8 -67.22
671.2 -67.14
671.6 -66.85
672.0 -65.99
672.4 -66.49
672.8 -66.45
673.2 -66.65
673.6 -66.97
674.0 -66.71
674.4 -66.06
674.8 -65.03
675.2 -66.24
675.6 -66.43
676.0 -67.33
676.4 -66.2
676.8 -65.66
677.2 -65.94
677.6 -67.01
678.0 -66.64
678.4 -66.43
678.8 -65.95
679.2 -65.39
679.6 -66.88
680.0 -66.55
680.4 -66.12
680.8 -66.68
681.2 -66.97
681.6 -65.34
682.0 -66.32
682.4 -66.35
682.8 -65.9
683.2 -66.34
683.6 -66.36
684.0 -65.95
684.4 -65.38
684.8 -66.22
685.2 -65.84
685.6 -65.73
686.0 -65.52
686.4 -66.04
686.8 -65.62
687.2 -65.51
687.6 -65.55
688.0 -66.09
688.4 -66.17
688.8 -66.08
689.2 -66.39
689.6 -66.23
690.0 -65.03
690.4 -66.31
690.8 -64.99
691.2 -65.56
691.6 -65.82
692.0 -65.44
692.4 -65.65
692.8 -66.21
693.2 -65.98
693.6 -65.26
694.0 -65.41
694.4 -65.03
694.8 -65.26
695.2 -64.92
695.6 -65.76
696.0 -66.26
696.4 -65.93
696.8 -65.71
697.2 -66.34
697.6 -65.5
698.0 -65.19
698.4 -66.5
698.8 -66.12
699.2 -66.01
699.6 -65.41
700.0 -66.23
700.4 -65.25
700.8 -65.23
701.2 -65.5
701.6 -65.7
702.0 -65.54
702.4 -65.68
702.8 -65.17
703.2 -65.73
703.6 -65.32
704.0 -65.66
704.4 -65.36
704.8 -66.06
705.2 -65.52
705.6 -65.8
706.0 -65.31
706.4 -64.95
706.8 -65.62
707.2 -65.29
707.6 -65.96
708.0 -65.82
708.4 -65.05
708.8 -66.1
709.2 -65.4
709.6 -65.15
710.0 -66.26
710.4 -65.42
710.8 -65.87
711.2 -65.59
711.6 -65.46
712.0 -65.09
712.4 -65.29
712.8 -65.51
713.2 -65.54
713.6 -65.65
714.0 -65.69
714.4 -65.64
714.8 -65.09
715.2 -65.45
715.6 -65.28
716.0 -65.28
716.4 -65.38
716.8 -64.99
717.2 -65.17
717.6 -65.34
718.0 -65.67
718.4 -65.7
718.8 -65.78
719.2 -65.24
719.6 -65.04
720.0 -66.92
720.4 -65.2
720.8 -66.5
721.2 -65.16
721.6 -64.89
722.0 -65.26
722.4 -66.31
722.8 -66.19
723.2 -65.4
723.6 -65.11
724.0 -65.13
724.4 -64.7
724.8 -64.54
725.2 -64.98
725.6 -65.53
726.0 -64.46
726.4 -65.75
726.8 -65.51
727.2 -65.1
727.6 -65.19
728.0 -65.89
728.4 -65.41
728.8 -65.17
729.2 -64.4
729.6 -65.72
730.0 -64.82
730.4 -65.71
730.8 -65.7
731.2 -65.73
731.6 -65.03
732.0 -65.5
732.4 -65.53
732.8 -65.85
733.2 -66.02
733.6 -65.01
734.0 -64.93
734.4 -65.54
734.8 -64.73
735.2 -64.81
735.6 -65.79
736.0 -65.28
736.4 -65.27
736.8 -64.33
737.2 -65.42
737.6 -65.14
738.0 -64.78
738.4 -65.14
738.8 -65.37
739.2 -65.66
739.6 -65.79
740.0 -65.52
740.4 -64.71
740.8 -64.6
741.2 -65.81
741.6 -64.83
742.0 -65.64
742.4 -64.91
742.8 -65.63
743.2 -65.53
743.6 -64.99
744.0 -65.65
744.4 -65.01
744.8 -65.06
745.2 -65.62
745.6 -65.68
746.0 -65.11
746.4 -66.21
746.8 -64.61
747.2 -64.66
747.6 -64.48
748.0 -65.07
748.4 -65.21
748.8 -65.4
749.2 -66.0
749.6 -65.97
750.0 -64.66
750.4 -65.14
750.8 -65.47
751.2 -65.07
751.6 -65.12
752.0 -65.29
752.4 -64.63
752.8 -65.38
753.2 -65.67
753.6 -64.59
754.0 -65.7
754.4 -64.71
754.8 -65.36
755.2 -64.9
755.6 -65.04
756.0 -65.81
756.4 -65.03
756.8 -65.73
757.2 -65.73
757.6 -65.41
758.0 -65.97
758.4 -64.66
758.8 -65.25
759.2 -64.62
759.6 -65.2
760.0 -65.35
760.4 -65.16
760.8 -65.09
761.2 -65.09
761.6 -65.28
762.0 -64.79
762.4 -65.3
762.8 -64.92
763.2 -64.72
763.6 -65.91
764.0 -64.04
764.4 -65.86
764.8 -64.76
765.2 -65.81
765.6 -65.27
766.0 -64.92
766.4 -64.61
766.8 -65.12
767.2 -65.51
767.6 -65.98
768.0 -64.4
768.4 -64.59
768.8 -65.36
769.2 -64.52
769.6 -64.34
770.0 -65.32
770.4 -66.26
770.8 -64.91
771.2 -64.38
771.6 -64.65
772.0 -64.81
772.4 -64.64
772.8 -64.53
773.2 -64.84
773.6 -65.15
774.0 -65.5
774.4 -64.55
774.8 -65.11
775.2 -65.23
775.6 -65.78
776.0 -64.91
776.4 -65.45
776.8 -64.94
777.2 -64.88
777.6 -65.66
778.0 -65.18
778.4 -64.67
778.8 -65.05
779.2 -64.37
779.6 -64.75
780.0 -65.71
780.4 -65.3
780.8 -64.95
781.2 -65.14
781.6 -65.63
782.0 -65.32
782.4 -65.0
782.8 -64.4
783.2 -64.99
783.6 -65.09
784.0 -64.44
784.4 -65.15
784.8 -65.2
785.2 -64.43
785.6 -65.14
786.0 -64.77
786.4 -65.04
786.8 -64.94
787.2 -65.13
787.6 -64.65
788.0 -64.62
788.4 -64.99
788.8 -65.45
789.2 -65.03
789.6 -64.41
790.0 -66.03
790.4 -64.09
790.8 -64.92
791.2 -64.7
791.6 -64.91
792.0 -64.39
792.4 -64.13
792.8 -64.66
793.2 -64.64
793.6 -64.69
794.0 -64.48
794.4 -64.63
794.8 -64.77
795.2 -63.96
795.6 -64.53
796.0 -64.67
796.4 -64.76
796.8 -64.98
797.2 -64.69
797.6 -64.9
798.0 -64.38
798.4 -64.13
798.8 -65.28
799.2 -64.45
799.6 -64.45
800.0 -64.07
800.4 -64.1
800.8 -64.36
801.2 -64.32
801.6 -64.26
802.0 -63.64
802.4 -63.78
802.8 -64.55
803.2 -64.66
803.6 -63.72
804.0 -64.23
804.4 -64.34
804.8 -63.66
805.2 -63.06
805.6 -63.32
806.0 -62.91
806.4 -60.84
806.8 -57.52
807.2 -53.8
807.6 -49.78
808.0 -48.47
808.4 -49.33
808.8 -49.71
809.2 -53.73
809.6 -60.68
810.0 -62.23
810.4 -63.81
810.8 -64.01
811.2 -63.46
811.6 -63.92
812.0 -63.35
812.4 -63.7
812.8 -64.56
813.2 -63.22
813.6 -64.5
814.0 -63.84
814.4 -65.13
814.8 -63.44
815.2 -64.06
815.6 -63.99
816.0 -63.93
816.4 -64.09
816.8 -63.69
817.2 -63.46
817.6 -63.24
818.0 -64.77
818.4 -63.67
818.8 -64.05
819.2 -63.76
819.6 -64.23
820.0 -63.33
820.4 -64.19
820.8 -63.88
821.2 -62.86
821.6 -63.8
822.0 -64.01
822.4 -63.89
822.8 -63.86
823.2 -63.75
823.6 -63.38
824.0 -63.65
824.4 -63.08
824.8 -63.37
825.2 -63.27
825.6 -63.77
826.0 -63.78
826.4 -63.37
826.8 -63.35
827.2 -63.19
827.6 -63.03
828.0 -63.19
828.4 -63.9
828.8 -63.37
829.2 -63.41
829.6 -63.38
830.0 -63.64
830.4 -63.16
830.8 -63.34
831.2 -63.33
831.6 -63.28
832.0 -63.45
832.4 -63.48
832.8 -62.72
833.2 -63.22
833.6 -63.45
834.0 -63.08
834.4 -62.83
834.8 -63.31
835.2 -63.34
835.6 -63.15
836.0 -62.55
836.4 -63.3
836.8 -63.48
837.2 -62.83
837.6 -63.44
838.0 -62.95
838.4 -63.44
838.8 -63.45
839.2 -63.24
839.6 -63.27
840.0 -63.57
840.4 -63.29
840.8 -62.95
841.2 -62.82
841.6 -63.02
842.0 -63.1
842.4 -63.16
842.8 -63.04
843.2 -63.03
843.6 -63.78
844.0 -62.98
844.4 -63.22
844.8 -63.47
845.2 -62.94
845.6 -62.87
846.0 -63.63
846.4 -63.74
846.8 -63.0
847.2 -63.23
847.6 -62.79
848.0 -63.42
848.4 -63.39
848.8 -62.99
849.2 -62.72
849.6 -63.2
850.0 -63.38
850.4 -63.1
850.8 -63.53
851.2 -63.42
851.6 -63.08
852.0 -62.91
852.4 -63.23
852.8 -62.75
853.2 -62.98
853.6 -63.01
854.0 -62.61
854.4 -63.04
854.8 -63.35
855.2 -62.84
855.6 -63.29
856.0 -62.9
856.4 -62.93
856.8 -63.17
857.2 -62.95
857.6 -62.98
858.0 -62.49
858.4 -62.78
858.8 -62.84
859.2 -63.04
859.6 -63.1
860.0 -62.94
860.4 -62.71
860.8 -62.92
861.2 -62.79
861.6 -63.34
862.0 -63.12
862.4 -62.95
862.8 -63.02
863.2 -63.23
863.6 -62.71
864.0 -62.86
864.4 -63.04
864.8 -63.25
865.2 -63.11
865.6 -62.94
866.0 -63.42
866.4 -63.19
866.8 -63.07
867.2 -62.6
867.6 -62.67
868.0 -62.64
868.4 -62.94
868.8 -63.13
869.2 -63.34
869.6 -62.9
870.0 -63.25
870.4 -62.97
870.8 -63.1
871.2 -62.83
871.6 -62.97
872.0 -63.17
872.4 -63.03
872.8 -62.48
873.2 -63.17
873.6 -63.11
874.0 -63.39
874.4 -62.59
874.8 -63.09
875.2 -62.8
875.6 -62.77
876.0 -63.13
876.4 -63.09
876.8 -63.12
877.2 -63.25
877.6 -63.0
878.0 -62.47
878.4 -62.72
878.8 -63.03
879.2 -62.86
879.6 -63.25
880.0 -63.32
880.4 -63.46
880.8 -62.75
881.2 -63.24
881.6 -62.37
882.0 -62.76
882.4 -62.97
882.8 -62.87
883.2 -62.57
883.6 -63.13
884.0 -62.89
884.4 -63.42
884.8 -62.45
885.2 -63.19
885.6 -62.52
886.0 -63.14
886.4 -62.65
886.8 -62.62
887.2 -63.33
887.6 -62.55
888.0 -62.58
888.4 -62.38
888.8 -62.47
889.2 -62.51
889.6 -62.98
890.0 -62.71
890.4 -62.59
890.8 -62.7
891.2 -62.64
891.6 -62.26
892.0 -62.45
892.4 -63.09
892.8 -63.02
893.2 -62.43
893.6 -62.69
894.0 -62.3
894.4 -62.88
894.8 -62.45
895.2 -62.96
895.6 -62.86
896.0 -62.43
896.4 -62.72
896.8 -62.59
897.2 -62.91
897.6 -62.31
898.0 -62.8
898.4 -62.67
898.8 -63.12
899.2 -62.58
899.6 -62.34
900.0 -62.67
900.4 -62.67
900.8 -62.87
901.2 -62.93
901.6 -62.57
902.0 -62.71
902.4 -62.62
902.8 -62.73
903.2 -62.71
903.6 -62.57
904.0 -62.48
904.4 -62.4
904.8 -62.57
905.2 -62.56
905.6 -62.6
906.0 -62.62
906.4 -62.03
906.8 -62.15
907.2 -62.71
907.6 -62.69
908.0 -62.5
908.4 -62.32
908.8 -62.26
909.2 -62.33
909.6 -62.45
910.0 -62.21
910.4 -62.5
910.8 -61.96
911.2 -62.45
911.6 -62.43
912.0 -62.4
912.4 -62.62
912.8 -62.23
913.2 -62.29
913.6 -61.99
914.0 -62.37
914.4 -62.18
914.8 -62.51
915.2 -62.42
915.6 -62.48
916.0 -62.25
916.4 -62.37
916.8 -62.32
917.2 -62.19
917.6 -62.5
918.0 -62.4
918.4 -62.4
918.8 -62.48
919.2 -62.36
919.6 -62.57
920.0 -62.42
920.4 -62.37
920.8 -62.13
921.2 -61.94
921.6 -61.8
922.0 -62.14
922.4 -61.65
922.8 -62.12
923.2 -62.45
923.6 -61.83
924.0 -62.46
924.4 -61.91
924.8 -62.17
925.2 -62.09
925.6 -62.43
926.0 -61.78
926.4 -62.1
926.8 -62.21
927.2 -61.8
927.6 -61.85
928.0 -61.94
928.4 -62.05
928.8 -61.93
929.2 -61.89
929.6 -61.74
930.0 -62.28
930.4 -61.88
930.8 -62.02
931.2 -62.07
931.6 -61.82
932.0 -62.47
932.4 -62.16
932.8 -62.05
933.2 -62.54
933.6 -62.49
934.0 -62.35
934.4 -62.2
934.8 -62.37
935.2 -63.01
935.6 -62.34
936.0 -62.36
936.4 -62.45
936.8 -62.48
937.2 -62.75
937.6 -62.45
938.0 -62.44
938.4 -62.07
938.8 -62.46
939.2 -62.31
939.6 -62.59
940.0 -62.51
940.4 -62.67
940.8 -62.57
941.2 -62.74
941.6 -62.91
942.0 -62.38
942.4 -63.0
942.8 -62.65
943.2 -62.43
943.6 -62.72
944.0 -62.59
944.4 -62.34
944.8 -62.36
945.2 -62.63
945.6 -62.6
946.0 -62.6
946.4 -62.25
946.8 -62.59
947.2 -62.52
947.6 -62.57
948.0 -62.51
948.4 -62.27
948.8 -62.44
949.2 -62.41
949.6 -62.58
950.0 -62.42
950.4 -62.33
950.8 -62.36
951.2 -62.47
951.6 -62.49
952.0 -62.34
952.4 -62.58
952.8 -62.13
953.2 -62.29
953.6 -62.38
954.0 -62.66
954.4 -62.44
954.8 -62.59
955.2 -62.37
955.6 -62.25
956.0 -62.56
956.4 -62.5
956.8 -62.65
957.2 -62.62
957.6 -62.77
958.0 -62.44
958.4 -62.34
958.8 -62.52
959.2 -62.6
959.6 -62.52
960.0 -62.42
960.4 -62.46
960.8 -62.37
961.2 -62.12
961.6 -62.16
962.0 -62.3
962.4 -62.38
962.8 -61.99
963.2 -62.16
963.6 -62.04
964.0 -62.01
964.4 -61.8
964.8 -62.04
965.2 -62.19
965.6 -61.97
966.0 -61.95
966.4 -62.25
966.8 -62.1
967.2 -62.28
967.6 -62.28
968.0 -62.35
968.4 -62.2
968.8 -62.07
969.2 -62.15
969.6 -62.12
970.0 -62.09
970.4 -62.21
970.8 -62.34
971.2 -62.17
971.6 -62.29
972.0 -62.42
972.4 -62.08
972.8 -62.29
973.2 -62.39
973.6 -62.32
974.0 -62.42
974.4 -62.44
974.8 -62.41
975.2 -62.23
975.6 -62.52
976.0 -62.45
976.4 -62.53
976.8 -62.4
977.2 -62.48
977.6 -62.55
978.0 -62.59
978.4 -62.4
978.8 -62.38
979.2 -62.28
979.6 -62.41
980.0 -62.36
980.4 -62.36
980.8 -62.37
981.2 -62.31
981.6 -62.38
982.0 -62.24
982.4 -62.0
982.8 -62.28
983.2 -62.09
983.6 -62.18
984.0 -62.19
984.4 -61.85
984.8 -61.82
985.2 -62.05
985.6 -61.91
986.0 -61.82
986.4 -61.82
986.8 -61.8
987.2 -61.69
987.6 -61.6
988.0 -61.5
988.4 -61.48
988.8 -61.4
989.2 -61.54
989.6 -61.34
990.0 -61.39
990.4 -61.34
990.8 -61.37
991.2 -61.26
991.6 -61.3
992.0 -61.17
992.4 -61.22
992.8 -61.19
993.2 -61.16
993.6 -61.12
994.0 -61.12
994.4 -60.99
994.8 -61.0
995.2 -60.89
995.6 -60.91
996.0 -60.88
996.4 -61.01
996.8 -61.02
997.2 -60.89
997.6 -60.98
998.0 -61.02
998.4 -61.01
998.8 -61.16
999.2 -61.21
999.6 -61.14
1000.0 -60.94
