600.0 -78.11
600.4 -74.16
600.8 -73.39
601.2 -73.41
601.6 -210.0
602.0 -78.24
602.4 -210.0
602.8 -73.52
603.2 -210.0
603.6 -210.0
604.0 -210.0
604.4 -210.0
604.8 -210.0
605.2 -73.0
605.6 -72.73
606.0 -69.34
606.4 -75.0
606.8 -79.8
607.2 -68.8
607.6 -72.07
608.0 -210.0
608.4 -81.67
608.8 -78.68
609.2 -81.72
609.6 -72.2
610.0 -78.75
610.4 -210.0
610.8 -72.78
611.2 -77.06
611.6 -210.0
612.0 -71.67
612.4 -75.89
612.8 -70.17
613.2 -72.66
613.6 -210.0
614.0 -72.46
614.4 -70.12
614.8 -210.0
615.2 -75.09
615.6 -70.48
616.0 -68.7
616.4 -70.24
616.8 -69.73
617.2 -69.41
617.6 -73.46
618.0 -71.64
618.4 -76.82
618.8 -76.84
619.2 -70.85
619.6 -68.81
620.0 -76.91
620.4 -71.25
620.8 -69.18
621.2 -70.67
621.6 -77.68
622.0 -70.58
622.4 -72.51
622.8 -210.0
623.2 -67.93
623.6 -70.03
624.0 -74.48
624.4 -73.6
624.8 -68.59
625.2 -73.39
625.6 -67.65
626.0 -74.95
626.4 -69.33
626.8 -70.11
627.2 -74.35
627.6 -69.93
628.0 -67.94
628.4 -73.85
628.8 -73.36
629.2 -75.52
629.6 -71.99
630.0 -70.43
630.4 -68.78
630.8 -68.98
631.2 -72.47
631.6 -70.8
632.0 -69.91
632.4 -69.19
632.8 -68.21
633.2 -78.45
633.6 -67.99
634.0 -68.5
634.4 -70.29
634.8 -70.32
635.2 -69.3
635.6 -69.59
636.0 -71.81
636.4 -67.43
636.8 -71.87
637.2 -68.97
637.6 -67.63
638.0 -67.5
638.4 -68.49
638.8 -68.52
639.2 -70.34
639.6 -70.37
640.0 -72.26
640.4 -68.08
640.8 -68.55
641.2 -68.39
641.6 -69.25
642.0 -68.85
642.4 -69.17
642.8 -67.45
643.2 -67.11
643.6 -68.87
644.0 -68.52
644.4 -69.14
644.8 -67.68
645.2 -67.71
645.6 -67.66
646.0 -67.64
646.4 -67.54
646.8 -68.32
647.2 -67.8
647.6 -67.65
648.0 -68.21
648.4 -67.33
648.8 -67.58
649.2 -67.83
649.6 -67.97
650.0 -67.66
650.4 -67.62
650.8 -69.04
651.2 -67.13
651.6 -67.94
652.0 -67.37
652.4 -67.22
652.8 -68.09
653.2 -67.34
653.6 -67.52
654.0 -67.04
654.4 -66.93
654.8 -67.83
655.2 -66.76
655.6 -67.44
656.0 -66.66
656.4 -66.73
656.8 -66.2
657.2 -66.81
657.6 -65.89
658.0 -68.7
658.4 -66.37
658.8 -66.35
659.2 -67.23
659.6 -66.89
660.0 -66.98
660.4 -66.98
660.8 -66.33
661.2 -66.62
661.6 -66.62
662.0 -66.17
662.4 -65.39
662.8 -66.8
663.2 -66.02
663.6 -65.71
664.0 -67.16
664.4 -65.96
664.8 -66.02
665.2 -67.28
665.6 -65.65
666.0 -65.82
666.4 -66.33
666.8 -65.91
667.2 -66.39
667.6 -65.88
668.0 -66.05
668.4 -66.11
668.8 -65.63
669.2 -66.11
669.6 -65.88
670.0 -65.9
670.4 -65.43
670.8 -65.72
671.2 -66.15
671.6 -66.21
672.0 -66.02
672.4 -66.11
672.8 -65.61
673.2 -65.35
673.6 -65.78
674.0 -66.54
674.4 -65.26
674.8 -66.63
675.2 -66.11
675.6 -65.28
676.0 -66.1
676.4 -65.75
676.8 -65.14
677.2 -66.25
677.6 -66.09
678.0 -65.46
678.4 -65.48
678.8 -65.55
679.2 -65.61
679.6 -65.34
680.0 -66.0
680.4 -65.82
680.8 -65.12
681.2 -65.56
681.6 -65.55
682.0 -65.97
682.4 -65.41
682.8 -65.67
683.2 -65.64
683.6 -65.63
684.0 -65.18
684.4 -66.03
684.8 -65.43
685.2 -65.24
685.6 -65.24
686.0 -65.36
686.4 -65.57
686.8 -64.92
687.2 -65.19
687.6 -65.67
688.0 -65.08
688.4 -65.86
688.8 -65.41
689.2 -65.4
689.6 -64.63
690.0 -65.33
690.4 -65.3
690.8 -65.57
691.2 -65.11
691.6 -65.05
692.0 -65.9
692.4 -65.01
692.8 -64.84
693.2 -64.95
693.6 -65.45
694.0 -65.46
694.4 -64.81
694.8 -65.11
695.2 -66.27
695.6 -65.17
696.0 -65.66
696.4 -65.45
696.8 -64.97
697.2 -64.56
697.6 -64.92
698.0 -64.88
698.4 -64.75
698.8 -65.31
699.2 -65.04
699.6 -64.99
700.0 -64.8
700.4 -65.09
700.8 -65.15
701.2 -64.76
701.6 -65.06
702.0 -64.6
702.4 -64.84
702.8 -65.28
703.2 -64.61
703.6 -65.19
704.0 -64.77
704.4 -64.2
704.8 -65.01
705.2 -64.87
705.6 -64.53
706.0 -65.26
706.4 -64.56
706.8 -65.03
707.2 -65.32
707.6 -65.32
708.0 -65.23
708.4 -65.13
708.8 -65.08
709.2 -65.1
709.6 -64.86
710.0 -63.97
710.4 -64.9
710.8 -65.27
711.2 -64.82
711.6 -65.15
712.0 -64.42
712.4 -64.39
712.8 -64.52
713.2 -64.65
713.6 -66.04
714.0 -64.47
714.4 -65.34
714.8 -64.98
715.2 -64.4
715.6 -65.33
716.0 -64.4
716.4 -64.58
716.8 -64.68
717.2 -64.82
717.6 -65.17
718.0 -65.42
718.4 -64.71
718.8 -64.38
719.2 -64.43
719.6 -65.18
720.0 -64.82
720.4 -65.34
720.8 -64.46
721.2 -65.02
721.6 -64.43
722.0 -64.9
722.4 -64.33
722.8 -64.21
723.2 -64.18
723.6 -64.66
724.0 -64.45
724.4 -63.91
724.8 -65.09
725.2 -64.85
725.6 -64.44
726.0 -64.34
726.4 -65.52
726.8 -64.85
727.2 -65.55
727.6 -64.8
728.0 -64.84
728.4 -65.15
728.8 -65.22
729.2 -64.63
729.6 -64.55
730.0 -64.23
730.4 -64.88
730.8 -65.17
731.2 -65.09
731.6 -65.38
732.0 -64.8
732.4 -65.08
732.8 -64.25
733.2 -64.9
733.6 -64.98
734.0 -65.52
734.4 -64.65
734.8 -64.21
735.2 -64.55
735.6 -64.57
736.0 -65.19
736.4 -65.15
736.8 -65.92
737.2 -64.82
737.6 -64.6
738.0 -64.78
738.4 -65.0
738.8 -64.24
739.2 -64.93
739.6 -64.72
740.0 -64.3
740.4 -64.87
740.8 -65.07
741.2 -64.59
741.6 -65.35
742.0 -65.0
742.4 -65.06
742.8 -64.69
743.2 -64.53
743.6 -64.38
744.0 -65.18
744.4 -64.68
744.8 -65.15
745.2 -64.89
745.6 -64.72
746.0 -64.86
746.4 -64.59
746.8 -64.26
747.2 -64.58
747.6 -64.68
748.0 -64.71
748.4 -64.1
748.8 -65.12
749.2 -65.27
749.6 -64.98
750.0 -64.43
750.4 -64.74
750.8 -65.07
751.2 -65.1
751.6 -64.46
752.0 -65.65
752.4 -64.5
752.8 -64.81
753.2 -65.35
753.6 -64.64
754.0 -64.53
754.4 -65.08
754.8 -64.55
755.2 -64.73
755.6 -65.07
756.0 -64.48
756.4 -65.6
756.8 -64.91
757.2 -64.88
757.6 -64.33
758.0 -64.33
758.4 -64.72
758.8 -64.17
759.2 -64.26
759.6 -64.79
760.0 -65.52
760.4 -64.56
760.8 -65.03
761.2 -64.44
761.6 -64.29
762.0 -64.82
762.4 -65.21
762.8 -65.87
763.2 -64.58
763.6 -64.67
764.0 -65.48
764.4 -64.97
764.8 -64.76
765.2 -64.56
765.6 -65.08
766.0 -64.47
766.4 -64.39
766.8 -65.19
767.2 -65.12
767.6 -63.96
768.0 -64.37
768.4 -64.59
768.8 -64.86
769.2 -64.66
769.6 -65.36
770.0 -64.77
770.4 -64.97
770.8 -64.35
771.2 -64.49
771.6 -65.06
772.0 -65.75
772.4 -65.02
772.8 -63.6
773.2 -64.81
773.6 -64.64
774.0 -64.69
774.4 -64.83
774.8 -65.26
775.2 -64.36
775.6 -65.74
776.0 -64.17
776.4 -64.14
776.8 -64.62
777.2 -64.71
777.6 -65.03
778.0 -64.24
778.4 -64.61
778.8 -64.06
779.2 -64.19
779.6 -64.11
780.0 -65.23
780.4 -64.46
780.8 -64.44
781.2 -64.3
781.6 -64.68
782.0 -64.62
782.4 -64.02
782.8 -64.17
783.2 -64.53
783.6 -64.64
784.0 -65.59
784.4 -64.08
784.8 -64.52
785.2 -65.27
785.6 -64.63
786.0 -64.54
786.4 -65.1
786.8 -64.68
787.2 -64.34
787.6 -65.39
788.0 -64.32
788.4 -64.33
788.8 -64.5
789.2 -64.28
789.6 -64.39
790.0 -63.92
790.4 -64.09
790.8 -63.82
791.2 -64.03
791.6 -63.69
792.0 -63.91
792.4 -63.79
792.8 -63.87
793.2 -63.71
793.6 -63.71
794.0 -64.48
794.4 -63.81
794.8 -63.05
795.2 -64.32
795.6 -63.93
796.0 -64.13
796.4 -63.14
796.8 -63.8
797.2 -63.87
797.6 -63.5
798.0 -63.97
798.4 -63.64
798.8 -63.46
799.2 -63.67
799.6 -63.93
800.0 -64.39
800.4 -63.8
800.8 -63.66
801.2 -63.1
801.6 -63.4
802.0 -63.74
802.4 -64.18
802.8 -63.79
803.2 -63.77
803.6 -63.3
804.0 -63.1
804.4 -62.75
804.8 -63.37
805.2 -63.06
805.6 -62.8
806.0 -62.18
806.4 -60.08
806.8 -56.85
807.2 -53.31
807.6 -49.34
808.0 -47.99
808.4 -48.92
808.8 -49.68
809.2 -53.67
809.6 -60.23
810.0 -62.1
810.4 -62.97
810.8 -63.91
811.2 -63.02
811.6 -63.42
812.0 -63.06
812.4 -63.14
812.8 -63.03
813.2 -62.98
813.6 -63.62
814.0 -63.29
814.4 -63.28
814.8 -63.03
815.2 -62.72
815.6 -62.89
816.0 -63.09
816.4 -63.06
816.8 -63.51
817.2 -63.33
817.6 -63.4
818.0 -63.43
818.4 -62.87
818.8 -62.95
819.2 -63.29
819.6 -63.35
820.0 -63.13
820.4 -63.3
820.8 -62.92
821.2 -63.12
821.6 -63.29
822.0 -63.52
822.4 -63.05
822.8 -63.21
823.2 -63.06
823.6 -62.42
824.0 -63.58
824.4 -62.71
824.8 -63.18
825.2 -63.21
825.6 -63.25
826.0 -63.14
826.4 -63.69
826.8 -63.47
827.2 -63.27
827.6 -63.2
828.0 -63.01
828.4 -62.99
828.8 -63.22
829.2 -63.52
829.6 -63.0
830.0 -62.91
830.4 -62.99
830.8 -63.14
831.2 -62.82
831.6 -63.41
832.0 -63.29
832.4 -63.15
832.8 -62.65
833.2 -62.93
833.6 -63.09
834.0 -62.69
834.4 -62.69
834.8 -63.18
835.2 -63.01
835.6 -62.69
836.0 -62.78
836.4 -63.38
836.8 -62.44
837.2 -62.92
837.6 -62.92
838.0 -62.81
838.4 -63.44
838.8 -63.27
839.2 -63.06
839.6 -62.87
840.0 -63.2
840.4 -63.08
840.8 -63.05
841.2 -63.01
841.6 -63.23
842.0 -62.71
842.4 -63.1
842.8 -62.81
843.2 -63.21
843.6 -62.87
844.0 -63.25
844.4 -63.19
844.8 -62.82
845.2 -63.31
845.6 -63.17
846.0 -63.37
846.4 -62.8
846.8 -63.18
847.2 -62.83
847.6 -63.33
848.0 -63.16
848.4 -63.25
848.8 -63.64
849.2 -63.36
849.6 -63.67
850.0 -62.91
850.4 -63.04
850.8 -63.07
851.2 -63.23
851.6 -63.26
852.0 -63.24
852.4 -62.74
852.8 -63.33
853.2 -63.16
853.6 -63.2
854.0 -62.97
854.4 -63.3
854.8 -63.12
855.2 -63.0
855.6 -63.54
856.0 -63.21
856.4 -62.8
856.8 -63.15
857.2 -62.77
857.6 -63.41
858.0 -63.41
858.4 -62.94
858.8 -62.85
859.2 -63.6
859.6 -62.97
860.0 -63.31
860.4 -63.33
860.8 -62.98
861.2 -62.79
861.6 -62.95
862.0 -63.03
862.4 -63.12
862.8 -63.33
863.2 -62.88
863.6 -63.34
864.0 -63.21
864.4 -62.78
864.8 -63.18
865.2 -63.19
865.6 -62.91
866.0 -63.33
866.4 -63.07
866.8 -63.44
867.2 -62.75
867.6 -63.15
868.0 -63.25
868.4 -62.97
868.8 -63.21
869.2 -63.24
869.6 -62.71
870.0 -63.04
870.4 -62.96
870.8 -63.14
871.2 -62.81
871.6 -62.57
872.0 -62.67
872.4 -62.62
872.8 -62.52
873.2 -62.64
873.6 -62.77
874.0 -62.64
874.4 -62.66
874.8 -62.74
875.2 -62.83
875.6 -63.14
876.0 -62.52
876.4 -63.02
876.8 -62.87
877.2 -63.42
877.6 -62.57
878.0 -62.76
878.4 -63.09
878.8 -62.87
879.2 -62.76
879.6 -62.65
880.0 -63.01
880.4 -63.36
880.8 -62.61
881.2 -62.75
881.6 -62.76
882.0 -62.5
882.4 -62.8
882.8 -62.53
883.2 -63.2
883.6 -63.08
884.0 -62.24
884.4 -62.84
884.8 -62.86
885.2 -63.17
885.6 -62.82
886.0 -62.99
886.4 -62.82
886.8 -63.12
887.2 -63.06
887.6 -62.78
888.0 -62.69
888.4 -62.75
888.8 -62.96
889.2 -62.31
889.6 -62.9
890.0 -62.84
890.4 -62.81
890.8 -62.5
891.2 -62.76
891.6 -62.44
892.0 -62.79
892.4 -62.41
892.8 -62.86
893.2 -62.68
893.6 -62.53
894.0 -63.04
894.4 -62.85
894.8 -62.55
895.2 -62.74
895.6 -62.91
896.0 -62.93
896.4 -62.34
896.8 -62.76
897.2 -62.63
897.6 -63.19
898.0 -63.05
898.4 -63.05
898.8 -62.74
899.2 -62.66
899.6 -62.58
900.0 -62.67
900.4 -62.89
900.8 -62.75
901.2 -63.21
901.6 -62.76
902.0 -63.19
902.4 -62.69
902.8 -62.33
903.2 -62.5
903.6 -62.73
904.0 -62.93
904.4 -62.71
904.8 -62.46
905.2 -62.42
905.6 -62.96
906.0 -62.54
906.4 -62.6
906.8 -62.34
907.2 -62.49
907.6 -62.34
908.0 -62.94
908.4 -62.18
908.8 -62.45
909.2 -62.25
909.6 -62.41
910.0 -62.63
910.4 -62.54
910.8 -62.33
911.2 -62.08
911.6 -62.5
912.0 -62.48
912.4 -62.25
912.8 -62.93
913.2 -62.27
913.6 -62.37
914.0 -62.49
914.4 -62.09
914.8 -62.64
915.2 -62.36
915.6 -62.55
916.0 -62.11
916.4 -62.1
916.8 -62.58
917.2 -62.69
917.6 -62.93
918.0 -62.53
918.4 -61.85
918.8 -62.63
919.2 -62.59
919.6 -62.51
920.0 -62.54
920.4 -62.26
920.8 -62.22
921.2 -62.57
921.6 -62.43
922.0 -62.4
922.4 -62.42
922.8 -62.51
923.2 -62.41
923.6 -62.67
924.0 -62.53
924.4 -62.51
924.8 -62.43
925.2 -62.13
925.6 -62.52
926.0 -62.29
926.4 -62.57
926.8 -62.39
927.2 -62.64
927.6 -62.17
928.0 -62.43
928.4 -62.32
928.8 -62.28
929.2 -62.21
929.6 -61.86
930.0 -62.12
930.4 -62.23
930.8 -62.1
931.2 -62.76
931.6 -62.37
932.0 -62.68
932.4 -62.23
932.8 -62.35
933.2 -62.3
933.6 -62.35
934.0 -62.68
934.4 -62.29
934.8 -62.51
935.2 -62.58
935.6 -62.36
936.0 -62.62
936.4 -62.1
936.8 -62.5
937.2 -62.58
937.6 -62.5
938.0 -62.58
938.4 -62.31
938.8 -62.42
939.2 -62.4
939.6 -62.31
940.0 -62.19
940.4 -62.03
940.8 -62.26
941.2 -62.46
941.6 -62.1
942.0 -62.32
942.4 -62.31
942.8 -62.29
943.2 -62.14
943.6 -62.11
944.0 -62.27
944.4 -61.96
944.8 -62.1
945.2 -62.08
945.6 -62.11
946.0 -61.96
946.4 -62.25
946.8 -62.12
947.2 -62.52
947.6 -62.53
948.0 -62.54
948.4 -62.46
948.8 -62.25
949.2 -62.35
949.6 -62.44
950.0 -62.53
950.4 -62.24
950.8 -62.37
951.2 -62.42
951.6 -62.46
952.0 -62.36
952.4 -62.51
952.8 -62.65
953.2 -62.29
953.6 -62.64
954.0 -62.37
954.4 -62.43
954.8 -62.49
955.2 -62.74
955.6 -62.84
956.0 -62.59
956.4 -62.6
956.8 -62.4
957.2 -62.44
957.6 -62.34
958.0 -62.5
958.4 -62.26
958.8 -62.58
959.2 -62.22
959.6 -62.55
960.0 -62.26
960.4 -62.28
960.8 -62.31
961.2 -62.47
961.6 -62.21
962.0 -62.08
962.4 -61.97
962.8 -62.19
963.2 -62.49
963.6 -62.36
964.0 -62.1
964.4 -61.95
964.8 -62.31
965.2 -62.04
965.6 -62.08
966.0 -62.09
966.4 -62.05
966.8 -62.14
967.2 -62.26
967.6 -62.31
968.0 -62.38
968.4 -61.9
968.8 -62.23
969.2 -62.33
969.6 -62.35
970.0 -62.19
970.4 -62.19
970.8 -62.3
971.2 -62.38
971.6 -62.19
972.0 -62.17
972.4 -62.45
972.8 -62.14
973.2 -62.32
973.6 -62.03
974.0 -62.33
974.4 -62.08
974.8 -62.02
975.2 -62.31
975.6 -62.05
976.0 -62.12
976.4 -62.11
976.8 -62.15
977.2 -62.23
977.6 -62.21
978.0 -62.21
978.4 -62.21
978.8 -62.11
979.2 -62.33
979.6 -62.14
980.0 -62.15
980.4 -62.1
980.8 -61.97
981.2 -62.0
981.6 -61.94
982.0 -62.1
982.4 -61.75
982.8 -61.9
983.2 -61.91
983.6 -61.76
984.0 -61.95
984.4 -61.86
984.8 -61.64
985.2 -61.76
985.6 -61.65
986.0 -61.6
986.4 -61.64
986.8 -61.61
987.2 -61.52
987.6 -61.63
988.0 -61.37
988.4 -61.54
988.8 -61.37
989.2 -61.25
989.6 -61.57
990.0 -61.26
990.4 -61.18
990.8 -61.11
991.2 -61.29
991.6 -61.37
992.0 -61.01
992.4 -60.95
992.8 -60.93
993.2 -61.07
993.6 -61.14
994.0 -60.96
994.4 -60.94
994.8 -61.09
995.2 -60.78
995.6 -60.92
996.0 -60.91
996.4 -60.8
996.8 -60.93
997.2 -61.0
997.6 -60.95
998.0 -61.06
998.4 -61.22
998.8 -60.98
999.2 -61.07
999.6 -60.93
1000.0 -61.02
