600.0 -73.0
600.4 -210.0
600.8 -81.18
601.2 -74.21
601.6 -75.2
602.0 -71.71
602.4 -210.0
602.8 -210.0
603.2 -68.42
603.6 -71.81
604.0 -210.0
604.4 -75.38
604.8 -69.82
605.2 -71.68
605.6 -74.5
606.0 -70.05
606.4 -210.0
606.8 -210.0
607.2 -210.0
607.6 -73.83
608.0 -70.34
608.4 -69.9
608.8 -69.39
609.2 -71.72
609.6 -210.0
610.0 -73.98
610.4 -210.0
610.8 -80.05
611.2 -74.43
611.6 -81.87
612.0 -70.42
612.4 -210.0
612.8 -210.0
613.2 -210.0
613.6 -85.0
614.0 -210.0
614.4 -210.0
614.8 -76.61
615.2 -210.0
615.6 -210.0
616.0 -71.33
616.4 -210.0
616.8 -75.63
617.2 -210.0
617.6 -210.0
618.0 -70.78
618.4 -210.0
618.8 -210.0
619.2 -210.0
619.6 -73.88
620.0 -79.34
620.4 -71.59
620.8 -73.65
621.2 -70.26
621.6 -74.67
622.0 -210.0
622.4 -76.48
622.8 -210.0
623.2 -210.0
623.6 -210.0
624.0 -71.14
624.4 -210.0
624.8 -72.88
625.2 -85.7
625.6 -210.0
626.0 -69.72
626.4 -80.99
626.8 -210.0
627.2 -82.81
627.6 -210.0
628.0 -79.84
628.4 -210.0
628.8 -71.77
629.2 -69.81
629.6 -210.0
630.0 -210.0
630.4 -210.0
630.8 -75.64
631.2 -77.63
631.6 -76.12
632.0 -74.1
632.4 -210.0
632.8 -210.0
633.2 -72.09
633.6 -75.12
634.0 -73.28
634.4 -71.84
634.8 -86.35
635.2 -70.35
635.6 -72.6
636.0 -73.88
636.4 -71.55
636.8 -75.36
637.2 -71.08
637.6 -210.0
638.0 -70.67
638.4 -78.83
638.8 -83.64
639.2 -72.53
639.6 -73.09
640.0 -210.0
640.4 -76.78
640.8 -210.0
641.2 -77.3
641.6 -210.0
642.0 -210.0
642.4 -71.51
642.8 -72.08
643.2 -71.58
643.6 -81.04
644.0 -72.62
644.4 -210.0
644.8 -80.19
645.2 -73.23
645.6 -210.0
646.0 -73.13
646.4 -73.89
646.8 -79.57
647.2 -72.47
647.6 -210.0
648.0 -75.41
648.4 -74.94
648.8 -84.53
649.2 -70.94
649.6 -73.8
650.0 -73.47
650.4 -80.63
650.8 -74.61
651.2 -78.08
651.6 -76.16
652.0 -72.06
652.4 -71.4
652.8 -77.64
653.2 -82.86
653.6 -75.34
654.0 -79.86
654.4 -79.86
654.8 -74.87
655.2 -75.35
655.6 -75.61
656.0 -78.63
656.4 -73.52
656.8 -72.1
657.2 -73.2
657.6 -73.7
658.0 -79.22
658.4 -76.21
658.8 -71.56
659.2 -72.24
659.6 -78.65
660.0 -210.0
660.4 -82.92
660.8 -70.88
661.2 -77.7
661.6 -70.14
662.0 -70.71
662.4 -75.65
662.8 -76.56
663.2 -73.07
663.6 -73.89
664.0 -70.21
664.4 -73.22
664.8 -74.27
665.2 -73.89
665.6 -72.92
666.0 -71.16
666.4 -70.21
666.8 -71.07
667.2 -71.9
667.6 -210.0
668.0 -73.55
668.4 -76.23
668.8 -73.07
669.2 -76.56
669.6 -72.01
670.0 -73.71
670.4 -74.9
670.8 -73.2
671.2 -210.0
671.6 -72.49
672.0 -70.42
672.4 -70.18
672.8 -70.41
673.2 -72.74
673.6 -76.19
674.0 -72.33
674.4 -70.74
674.8 -70.15
675.2 -71.61
675.6 -70.39
676.0 -73.65
676.4 -72.71
676.8 -75.31
677.2 -76.15
677.6 -73.64
678.0 -71.69
678.4 -76.47
678.8 -70.52
679.2 -73.28
679.6 -70.04
680.0 -74.8
680.4 -72.81
680.8 -73.77
681.2 -69.31
681.6 -72.38
682.0 -71.32
682.4 -71.22
682.8 -72.36
683.2 -72.1
683.6 -71.1
684.0 -71.62
684.4 -71.61
684.8 -72.34
685.2 -71.72
685.6 -71.08
686.0 -71.07
686.4 -71.07
686.8 -70.96
687.2 -70.77
687.6 -68.79
688.0 -71.57
688.4 -76.01
688.8 -73.16
689.2 -71.55
689.6 -70.14
690.0 -72.83
690.4 -69.52
690.8 -74.44
691.2 -74.43
691.6 -71.41
692.0 -72.65
692.4 -71.18
692.8 -71.08
693.2 -72.22
693.6 -70.25
694.0 -79.61
694.4 -73.07
694.8 -70.66
695.2 -69.05
695.6 -70.56
696.0 -72.45
696.4 -73.04
696.8 -69.09
697.2 -73.92
697.6 -72.03
698.0 -71.65
698.4 -70.89
698.8 -70.7
699.2 -70.69
699.6 -72.13
700.0 -72.53
700.4 -71.98
700.8 -69.3
701.2 -70.75
701.6 -71.72
702.0 -70.29
702.4 -69.94
702.8 -72.49
703.2 -69.93
703.6 -69.55
704.0 -72.19
704.4 -75.77
704.8 -70.9
705.2 -70.07
705.6 -69.16
706.0 -70.06
706.4 -69.96
706.8 -70.58
707.2 -68.87
707.6 -69.27
708.0 -70.28
708.4 -69.85
708.8 -71.05
709.2 -69.04
709.6 -70.44
710.0 -74.6
710.4 -69.52
710.8 -70.91
711.2 -69.9
711.6 -73.52
712.0 -71.57
712.4 -71.34
712.8 -71.68
713.2 -68.04
713.6 -73.31
714.0 -68.99
714.4 -71.92
714.8 -71.79
715.2 -72.95
715.6 -69.1
716.0 -69.54
716.4 -71.52
716.8 -70.1
717.2 -70.54
717.6 -70.45
718.0 -70.53
718.4 -75.02
718.8 -76.64
719.2 -71.61
719.6 -70.43
720.0 -70.23
720.4 -71.02
720.8 -71.35
721.2 -67.69
721.6 -69.04
722.0 -69.87
722.4 -68.7
722.8 -69.02
723.2 -69.31
723.6 -72.1
724.0 -70.88
724.4 -68.49
724.8 -68.07
725.2 -69.14
725.6 -70.46
726.0 -70.36
726.4 -69.43
726.8 -78.52
727.2 -70.54
727.6 -67.39
728.0 -69.64
728.4 -70.84
728.8 -68.96
729.2 -67.71
729.6 -68.69
730.0 -71.26
730.4 -70.32
730.8 -69.95
731.2 -68.3
731.6 -69.15
732.0 -69.6
732.4 -76.93
732.8 -69.37
733.2 -73.3
733.6 -68.92
734.0 -69.59
734.4 -70.88
734.8 -69.35
735.2 -70.57
735.6 -70.08
736.0 -71.45
736.4 -68.82
736.8 -80.86
737.2 -71.97
737.6 -69.24
738.0 -69.02
738.4 -76.46
738.8 -80.84
739.2 -70.84
739.6 -70.74
740.0 -68.4
740.4 -67.88
740.8 -71.54
741.2 -70.72
741.6 -71.93
742.0 -71.05
742.4 -70.51
742.8 -70.92
743.2 -70.5
743.6 -68.57
744.0 -69.27
744.4 -69.84
744.8 -70.01
745.2 -70.39
745.6 -69.33
746.0 -69.83
746.4 -71.9
746.8 -69.57
747.2 -71.62
747.6 -69.25
748.0 -71.89
748.4 -69.24
748.8 -72.02
749.2 -73.18
749.6 -70.46
750.0 -70.45
750.4 -69.54
750.8 -69.45
751.2 -70.54
751.6 -69.95
752.0 -69.68
752.4 -69.77
752.8 -70.12
753.2 -72.12
753.6 -68.28
754.0 -67.93
754.4 -69.82
754.8 -69.74
755.2 -69.81
755.6 -68.93
756.0 -70.79
756.4 -69.72
756.8 -70.78
757.2 -70.26
757.6 -69.96
758.0 -67.6
758.4 -75.21
758.8 -70.88
759.2 -67.22
759.6 -69.26
760.0 -67.07
760.4 -70.12
760.8 -71.2
761.2 -70.62
761.6 -71.2
762.0 -69.08
762.4 -68.71
762.8 -67.99
763.2 -69.9
763.6 -69.72
764.0 -71.3
764.4 -71.17
764.8 -67.97
765.2 -72.29
765.6 -68.75
766.0 -66.47
766.4 -69.11
766.8 -68.26
767.2 -69.86
767.6 -68.59
768.0 -69.42
768.4 -69.42
768.8 -67.81
769.2 -68.64
769.6 -67.99
770.0 -69.57
770.4 -69.57
770.8 -71.11
771.2 -70.87
771.6 -69.65
772.0 -68.55
772.4 -69.22
772.8 -71.1
773.2 -70.31
773.6 -70.42
774.0 -69.81
774.4 -70.41
774.8 -69.21
775.2 -72.06
775.6 -70.3
776.0 -68.46
776.4 -69.62
776.8 -69.45
777.2 -67.95
777.6 -67.55
778.0 -69.27
778.4 -69.89
778.8 -68.81
779.2 -69.98
779.6 -67.76
780.0 -70.59
780.4 -68.58
780.8 -70.38
781.2 -69.26
781.6 -68.86
782.0 -67.86
782.4 -67.69
782.8 -68.23
783.2 -74.72
783.6 -68.22
784.0 -68.29
784.4 -67.4
784.8 -68.99
785.2 -69.15
785.6 -69.94
786.0 -72.33
786.4 -68.76
786.8 -67.95
787.2 -69.14
787.6 -67.07
788.0 -67.27
788.4 -68.0
788.8 -67.37
789.2 -70.02
789.6 -66.87
790.0 -68.38
790.4 -68.81
790.8 -68.25
791.2 -68.31
791.6 -70.0
792.0 -68.44
792.4 -68.95
792.8 -68.36
793.2 -67.5
793.6 -70.19
794.0 -67.9
794.4 -72.8
794.8 -68.03
795.2 -68.42
795.6 -69.68
796.0 -68.85
796.4 -67.89
796.8 -70.38
797.2 -67.36
797.6 -69.07
798.0 -68.4
798.4 -69.06
798.8 -70.82
799.2 -68.75
799.6 -67.93
800.0 -69.94
800.4 -67.86
800.8 -69.3
801.2 -67.63
801.6 -68.19
802.0 -68.46
802.4 -67.69
802.8 -68.91
803.2 -67.42
803.6 -67.1
804.0 -69.25
804.4 -69.68
804.8 -67.21
805.2 -67.16
805.6 -66.42
806.0 -65.59
806.4 -64.43
806.8 -60.0
807.2 -56.27
807.6 -52.45
808.0 -50.98
808.4 -52.04
808.8 -52.53
809.2 -56.06
809.6 -64.21
810.0 -65.73
810.4 -66.2
810.8 -67.22
811.2 -67.89
811.6 -67.03
812.0 -67.79
812.4 -68.93
812.8 -69.59
813.2 -68.72
813.6 -67.38
814.0 -68.88
814.4 -67.72
814.8 -66.95
815.2 -69.38
815.6 -68.91
816.0 -67.11
816.4 -68.5
816.8 -67.64
817.2 -68.94
817.6 -67.34
818.0 -67.19
818.4 -67.51
818.8 -66.52
819.2 -66.75
819.6 -67.98
820.0 -68.85
820.4 -68.19
820.8 -71.61
821.2 -66.85
821.6 -67.66
822.0 -67.46
822.4 -67.92
822.8 -67.29
823.2 -67.62
823.6 -67.37
824.0 -67.24
824.4 -71.23
824.8 -67.27
825.2 -67.43
825.6 -67.07
826.0 -67.27
826.4 -67.58
826.8 -68.97
827.2 -67.04
827.6 -69.68
828.0 -67.39
828.4 -66.35
828.8 -67.19
829.2 -67.3
829.6 -68.13
830.0 -66.61
830.4 -66.93
830.8 -66.26
831.2 -66.25
831.6 -69.01
832.0 -67.67
832.4 -66.74
832.8 -65.95
833.2 -67.52
833.6 -67.12
834.0 -67.19
834.4 -67.76
834.8 -67.42
835.2 -66.99
835.6 -67.1
836.0 -67.13
836.4 -66.36
836.8 -66.51
837.2 -66.51
837.6 -67.04
838.0 -69.82
838.4 -68.0
838.8 -66.91
839.2 -67.87
839.6 -67.16
840.0 -66.37
840.4 -66.91
840.8 -66.7
841.2 -67.61
841.6 -66.24
842.0 -65.97
842.4 -67.19
842.8 -66.65
843.2 -67.04
843.6 -67.51
844.0 -67.81
844.4 -67.19
844.8 -66.41
845.2 -66.68
845.6 -66.01
846.0 -66.1
846.4 -66.71
846.8 -66.54
847.2 -67.02
847.6 -66.37
848.0 -65.89
848.4 -65.77
848.8 -66.99
849.2 -66.0
849.6 -67.54
850.0 -66.69
850.4 -65.96
850.8 -67.48
851.2 -67.23
851.6 -67.04
852.0 -66.01
852.4 -66.51
852.8 -66.31
853.2 -67.11
853.6 -65.58
854.0 -66.11
854.4 -66.63
854.8 -66.66
855.2 -65.73
855.6 -66.38
856.0 -65.84
856.4 -66.07
856.8 -65.35
857.2 -66.31
857.6 -66.22
858.0 -66.54
858.4 -65.57
858.8 -66.24
859.2 -65.73
859.6 -65.33
860.0 -66.39
860.4 -66.04
860.8 -65.83
861.2 -65.71
861.6 -65.13
862.0 -65.51
862.4 -65.46
862.8 -65.89
863.2 -65.37
863.6 -65.38
864.0 -65.2
864.4 -65.27
864.8 -65.62
865.2 -65.42
865.6 -65.11
866.0 -66.36
866.4 -66.48
866.8 -66.06
867.2 -64.83
867.6 -66.24
868.0 -66.01
868.4 -65.33
868.8 -64.85
869.2 -64.65
869.6 -65.38
870.0 -65.58
870.4 -64.76
870.8 -65.95
871.2 -65.65
871.6 -65.23
872.0 -65.36
872.4 -64.8
872.8 -65.69
873.2 -65.45
873.6 -66.03
874.0 -65.15
874.4 -64.68
874.8 -65.39
875.2 -65.45
875.6 -65.25
876.0 -64.86
876.4 -66.08
876.8 -65.15
877.2 -65.12
877.6 -65.44
878.0 -65.62
878.4 -65.65
878.8 -65.91
879.2 -66.43
879.6 -64.79
880.0 -65.26
880.4 -64.73
880.8 -64.61
881.2 -65.71
881.6 -65.31
882.0 -65.54
882.4 -65.12
882.8 -65.67
883.2 -65.92
883.6 -65.47
884.0 -65.7
884.4 -64.99
884.8 -64.88
885.2 -64.71
885.6 -64.91
886.0 -64.98
886.4 -64.81
886.8 -64.73
887.2 -65.2
887.6 -65.31
888.0 -65.07
888.4 -65.12
888.8 -65.2
889.2 -65.26
889.6 -64.85
890.0 -65.09
890.4 -64.67
890.8 -64.82
891.2 -64.85
891.6 -65.42
892.0 -65.13
892.4 -65.49
892.8 -64.56
893.2 -65.02
893.6 -64.74
894.0 -65.03
894.4 -64.78
894.8 -65.27
895.2 -64.91
895.6 -64.94
896.0 -64.87
896.4 -65.42
896.8 -64.76
897.2 -65.68
897.6 -64.81
898.0 -64.87
898.4 -65.01
898.8 -65.26
899.2 -65.36
899.6 -64.98
900.0 -64.89
900.4 -65.22
900.8 -65.21
901.2 -65.24
901.6 -65.43
902.0 -64.76
902.4 -64.89
902.8 -64.69
903.2 -64.88
903.6 -65.55
904.0 -65.48
904.4 -65.36
904.8 -64.96
905.2 -65.05
905.6 -65.48
906.0 -65.66
906.4 -65.04
906.8 -65.33
907.2 -64.67
907.6 -64.64
908.0 -65.35
908.4 -65.33
908.8 -64.95
909.2 -65.22
909.6 -64.8
910.0 -64.36
910.4 -64.61
910.8 -65.4
911.2 -64.64
911.6 -65.31
912.0 -64.52
912.4 -64.89
912.8 -64.28
913.2 -64.04
913.6 -64.72
914.0 -64.57
914.4 -65.02
914.8 -65.27
915.2 -65.24
915.6 -64.3
916.0 -65.11
916.4 -64.74
916.8 -65.3
917.2 -65.4
917.6 -64.87
918.0 -65.12
918.4 -65.4
918.8 -64.86
919.2 -65.91
919.6 -65.4
920.0 -65.47
920.4 -65.03
920.8 -64.78
921.2 -64.85
921.6 -65.22
922.0 -65.04
922.4 -65.08
922.8 -64.77
923.2 -64.64
923.6 -65.15
924.0 -65.33
924.4 -65.21
924.8 -65.08
925.2 -64.99
925.6 -64.7
926.0 -64.72
926.4 -65.46
926.8 -65.22
927.2 -65.08
927.6 -65.31
928.0 -65.25
928.4 -65.1
928.8 -66.14
929.2 -65.13
929.6 -64.58
930.0 -64.9
930.4 -64.75
930.8 -65.03
931.2 -65.09
931.6 -65.15
932.0 -66.25
932.4 -64.99
932.8 -64.99
933.2 -64.99
933.6 -64.57
934.0 -65.13
934.4 -65.42
934.8 -65.56
935.2 -65.56
935.6 -65.5
936.0 -65.54
936.4 -65.67
936.8 -65.03
937.2 -65.07
937.6 -65.32
938.0 -64.82
938.4 -65.57
938.8 -65.47
939.2 -65.23
939.6 -65.03
940.0 -65.32
940.4 -65.23
940.8 -65.26
941.2 -64.98
941.6 -66.02
942.0 -65.23
942.4 -65.38
942.8 -65.46
943.2 -64.81
943.6 -65.22
944.0 -64.93
944.4 -65.19
944.8 -65.43
945.2 -65.14
945.6 -64.88
946.0 -65.5
946.4 -65.27
946.8 -65.52
947.2 -65.03
947.6 -64.76
948.0 -65.6
948.4 -65.67
948.8 -65.53
949.2 -65.15
949.6 -65.4
950.0 -65.45
950.4 -65.52
950.8 -65.76
951.2 -66.1
951.6 -65.88
952.0 -65.47
952.4 -65.7
952.8 -65.38
953.2 -65.54
953.6 -65.51
954.0 -65.26
954.4 -65.92
954.8 -65.52
955.2 -65.74
955.6 -65.54
956.0 -65.55
956.4 -65.81
956.8 -65.52
957.2 -65.94
957.6 -65.41
958.0 -66.03
958.4 -65.57
958.8 -65.67
959.2 -65.97
959.6 -65.86
960.0 -65.02
960.4 -65.39
960.8 -65.16
961.2 -65.65
961.6 -65.74
962.0 -65.69
962.4 -65.52
962.8 -65.62
963.2 -65.32
963.6 -65.59
964.0 -65.28
964.4 -64.92
964.8 -65.27
965.2 -65.16
965.6 -64.96
966.0 -64.84
966.4 -65.66
966.8 -65.62
967.2 -65.9
967.6 -65.75
968.0 -65.66
968.4 -65.68
968.8 -65.84
969.2 -65.67
969.6 -65.44
970.0 -65.38
970.4 -65.84
970.8 -65.68
971.2 -65.48
971.6 -65.9
972.0 -65.78
972.4 -65.44
972.8 -65.42
973.2 -65.39
973.6 -65.89
974.0 -65.72
974.4 -65.68
974.8 -65.78
975.2 -66.06
975.6 -65.62
976.0 -66.09
976.4 -66.29
976.8 -66.01
977.2 -65.83
977.6 -66.15
978.0 -66.24
978.4 -66.1
978.8 -65.92
979.2 -66.06
979.6 -65.72
980.0 -66.08
980.4 -66.12
980.8 -66.28
981.2 -66.16
981.6 -65.82
982.0 -66.04
982.4 -65.79
982.8 -66.21
983.2 -65.8
983.6 -65.73
984.0 -65.66
984.4 -65.28
984.8 -65.75
985.2 -64.95
985.6 -65.43
986.0 -65.44
986.4 -65.17
986.8 -65.59
987.2 -65.36
987.6 -65.44
988.0 -65.18
988.4 -65.33
988.8 -64.88
989.2 -65.11
989.6 -65.24
990.0 -65.34
990.4 -64.85
990.8 -65.03
991.2 -65.04
991.6 -65.06
992.0 -64.76
992.4 -64.82
992.8 -64.87
993.2 -64.68
993.6 -64.75
994.0 -64.71
994.4 -64.78
994.8 -64.97
995.2 -64.74
995.6 -64.53
996.0 -64.71
996.4 -64.63
996.8 -64.74
997.2 -64.55
997.6 -64.69
998.0 -64.59
998.4 -64.72
998.8 -64.54
999.2 -64.76
999.6 -64.52
1000.0 -64.78
