600.0 -72.09
600.4 -72.69
600.8 -77.2
601.2 -78.18
601.6 -68.55
602.0 -210.0
602.4 -72.82
602.8 -210.0
603.2 -74.34
603.6 -70.05
604.0 -73.98
604.4 -210.0
604.8 -75.99
605.2 -71.91
605.6 -74.95
606.0 -70.91
606.4 -210.0
606.8 -71.57
607.2 -76.14
607.6 -210.0
608.0 -68.03
608.4 -210.0
608.8 -74.29
609.2 -71.11
609.6 -76.97
610.0 -210.0
610.4 -210.0
610.8 -210.0
611.2 -72.8
611.6 -68.96
612.0 -210.0
612.4 -70.95
612.8 -72.39
613.2 -210.0
613.6 -68.66
614.0 -210.0
614.4 -72.99
614.8 -68.83
615.2 -73.62
615.6 -77.32
616.0 -69.82
616.4 -72.37
616.8 -210.0
617.2 -210.0
617.6 -72.0
618.0 -68.1
618.4 -72.97
618.8 -68.31
619.2 -75.78
619.6 -70.03
620.0 -73.06
620.4 -79.37
620.8 -70.1
621.2 -210.0
621.6 -73.7
622.0 -72.49
622.4 -74.72
622.8 -70.1
623.2 -72.78
623.6 -70.82
624.0 -71.14
624.4 -73.88
624.8 -69.75
625.2 -70.13
625.6 -78.73
626.0 -68.93
626.4 -74.97
626.8 -75.0
627.2 -70.76
627.6 -69.61
628.0 -75.45
628.4 -70.33
628.8 -72.3
629.2 -210.0
629.6 -71.82
630.0 -69.27
630.4 -68.87
630.8 -72.63
631.2 -71.94
631.6 -77.66
632.0 -71.67
632.4 -69.19
632.8 -70.76
633.2 -72.26
633.6 -68.85
634.0 -72.67
634.4 -73.09
634.8 -75.93
635.2 -72.76
635.6 -70.07
636.0 -70.87
636.4 -68.98
636.8 -67.63
637.2 -69.28
637.6 -71.11
638.0 -71.96
638.4 -71.17
638.8 -70.52
639.2 -68.16
639.6 -70.37
640.0 -69.58
640.4 -69.7
640.8 -70.0
641.2 -69.29
641.6 -71.83
642.0 -70.79
642.4 -70.33
642.8 -68.67
643.2 -69.62
643.6 -70.53
644.0 -68.17
644.4 -69.14
644.8 -68.91
645.2 -67.62
645.6 -70.34
646.0 -70.37
646.4 -68.28
646.8 -68.11
647.2 -68.58
647.6 -68.85
648.0 -69.26
648.4 -67.91
648.8 -68.29
649.2 -68.32
649.6 -68.36
650.0 -67.88
650.4 -69.29
650.8 -68.42
651.2 -67.8
651.6 -67.06
652.0 -66.83
652.4 -68.94
652.8 -69.85
653.2 -67.22
653.6 -68.45
654.0 -66.57
654.4 -68.61
654.8 -68.46
655.2 -66.94
655.6 -67.83
656.0 -68.17
656.4 -67.02
656.8 -68.22
657.2 -67.94
657.6 -68.23
658.0 -66.37
658.4 -67.46
658.8 -67.04
659.2 -67.56
659.6 -67.23
660.0 -66.83
660.4 -66.8
660.8 -66.9
661.2 -68.94
661.6 -67.96
662.0 -67.57
662.4 -67.2
662.8 -66.76
663.2 -68.61
663.6 -66.8
664.0 -66.98
664.4 -66.87
664.8 -68.15
665.2 -69.12
665.6 -67.01
666.0 -66.42
666.4 -66.14
666.8 -67.01
667.2 -67.2
667.6 -67.74
668.0 -66.49
668.4 -66.76
668.8 -67.87
669.2 -65.85
669.6 -67.28
670.0 -66.82
670.4 -67.23
670.8 -66.92
671.2 -67.11
671.6 -67.14
672.0 -67.41
672.4 -66.91
672.8 -66.52
673.2 -66.97
673.6 -67.24
674.0 -66.64
674.4 -66.71
674.8 -66.33
675.2 -66.84
675.6 -66.74
676.0 -66.29
676.4 -66.59
676.8 -66.44
677.2 -66.41
677.6 -66.54
678.0 -67.39
678.4 -66.11
678.8 -66.01
679.2 -65.92
679.6 -66.7
680.0 -66.28
680.4 -65.63
680.8 -65.79
681.2 -66.3
681.6 -65.86
682.0 -67.18
682.4 -67.69
682.8 -66.79
683.2 -66.54
683.6 -67.28
684.0 -66.93
684.4 -66.35
684.8 -66.59
685.2 -66.58
685.6 -66.69
686.0 -66.43
686.4 -65.57
686.8 -66.32
687.2 -66.07
687.6 -66.69
688.0 -66.73
688.4 -66.37
688.8 -66.44
689.2 -65.82
689.6 -66.36
690.0 -66.45
690.4 -65.68
690.8 -65.83
691.2 -65.65
691.6 -65.97
692.0 -65.49
692.4 -66.21
692.8 -66.28
693.2 -66.54
693.6 -66.37
694.0 -66.09
694.4 -66.35
694.8 -65.68
695.2 -66.01
695.6 -66.1
696.0 -66.26
696.4 -65.68
696.8 -65.96
697.2 -65.88
697.6 -66.66
698.0 -65.78
698.4 -66.39
698.8 -66.29
699.2 -65.82
699.6 -66.49
700.0 -66.0
700.4 -66.54
700.8 -65.56
701.2 -65.98
701.6 -66.6
702.0 -65.46
702.4 -65.33
702.8 -65.9
703.2 -65.0
703.6 -65.64
704.0 -66.91
704.4 -65.42
704.8 -66.34
705.2 -66.02
705.6 -65.44
706.0 -66.21
706.4 -66.03
706.8 -66.07
707.2 -65.52
707.6 -66.02
708.0 -65.28
708.4 -64.92
708.8 -65.71
709.2 -65.64
709.6 -65.23
710.0 -65.82
710.4 -66.51
710.8 -66.14
711.2 -65.59
711.6 -65.37
712.0 -66.34
712.4 -65.2
712.8 -65.7
713.2 -65.63
713.6 -65.5
714.0 -66.29
714.4 -65.49
714.8 -65.97
715.2 -66.41
715.6 -65.82
716.0 -66.34
716.4 -66.05
716.8 -65.95
717.2 -65.94
717.6 -65.29
718.0 -65.73
718.4 -64.64
718.8 -65.07
719.2 -65.72
719.6 -65.27
720.0 -65.34
720.4 -65.11
720.8 -65.76
721.2 -66.24
721.6 -65.36
722.0 -66.23
722.4 -66.49
722.8 -66.05
723.2 -66.48
723.6 -65.71
724.0 -65.24
724.4 -66.47
724.8 -65.82
725.2 -65.35
725.6 -65.92
726.0 -65.17
726.4 -65.08
726.8 -65.8
727.2 -65.9
727.6 -65.84
728.0 -65.18
728.4 -65.06
728.8 -65.62
729.2 -65.82
729.6 -65.14
730.0 -65.16
730.4 -65.87
730.8 -64.79
731.2 -65.12
731.6 -66.07
732.0 -65.79
732.4 -65.05
732.8 -66.39
733.2 -65.55
733.6 -65.36
734.0 -65.52
734.4 -65.87
734.8 -65.48
735.2 -66.34
735.6 -65.69
736.0 -65.37
736.4 -66.8
736.8 -64.08
737.2 -65.85
737.6 -66.54
738.0 -65.84
738.4 -64.94
738.8 -65.22
739.2 -66.3
739.6 -65.22
740.0 -64.9
740.4 -65.65
740.8 -65.49
741.2 -64.59
741.6 -65.77
742.0 -65.98
742.4 -66.13
742.8 -66.15
743.2 -66.19
743.6 -65.5
744.0 -65.93
744.4 -65.46
744.8 -65.46
745.2 -65.24
745.6 -66.36
746.0 -65.88
746.4 -65.03
746.8 -65.81
747.2 -66.01
747.6 -66.05
748.0 -66.2
748.4 -65.72
748.8 -66.67
749.2 -66.19
749.6 -65.46
750.0 -66.45
750.4 -66.7
750.8 -65.01
751.2 -65.91
751.6 -65.03
752.0 -65.39
752.4 -65.29
752.8 -65.78
753.2 -65.32
753.6 -64.92
754.0 -65.63
754.4 -65.83
754.8 -65.72
755.2 -65.07
755.6 -65.51
756.0 -66.06
756.4 -65.18
756.8 -65.94
757.2 -65.76
757.6 -66.08
758.0 -65.61
758.4 -64.77
758.8 -65.44
759.2 -65.59
759.6 -65.49
760.0 -65.29
760.4 -66.83
760.8 -66.27
761.2 -66.0
761.6 -65.85
762.0 -65.77
762.4 -66.51
762.8 -66.37
763.2 -66.54
763.6 -65.23
764.0 -65.0
764.4 -66.16
764.8 -65.53
765.2 -65.92
765.6 -64.56
766.0 -66.34
766.4 -66.22
766.8 -66.05
767.2 -66.09
767.6 -65.35
768.0 -64.87
768.4 -67.08
768.8 -64.86
769.2 -66.0
769.6 -65.17
770.0 -66.14
770.4 -65.66
770.8 -64.88
771.2 -67.16
771.6 -66.56
772.0 -65.08
772.4 -66.13
772.8 -65.72
773.2 -65.65
773.6 -65.02
774.0 -65.26
774.4 -65.11
774.8 -66.8
775.2 -65.23
775.6 -64.47
776.0 -65.59
776.4 -65.22
776.8 -66.44
777.2 -65.77
777.6 -65.1
778.0 -64.31
778.4 -65.12
778.8 -66.14
779.2 -64.9
779.6 -65.44
780.0 -64.83
780.4 -64.52
780.8 -64.77
781.2 -64.36
781.6 -65.63
782.0 -64.85
782.4 -65.22
782.8 -65.81
783.2 -65.84
783.6 -66.03
784.0 -65.66
784.4 -64.75
784.8 -65.54
785.2 -65.44
785.6 -64.6
786.0 -64.83
786.4 -65.67
786.8 -65.36
787.2 -65.19
787.6 -65.07
788.0 -65.0
788.4 -65.63
788.8 -65.09
789.2 -65.06
789.6 -65.22
790.0 -66.03
790.4 -65.02
790.8 -64.24
791.2 -65.36
791.6 -64.94
792.0 -65.16
792.4 -65.47
792.8 -65.06
793.2 -64.9
793.6 -65.22
794.0 -64.8
794.4 -65.48
794.8 -65.24
795.2 -65.73
795.6 -65.27
796.0 -65.84
796.4 -64.82
796.8 -65.1
797.2 -65.32
797.6 -65.12
798.0 -64.12
798.4 -64.74
798.8 -64.16
799.2 -64.43
799.6 -64.96
800.0 -64.15
800.4 -64.95
800.8 -65.1
801.2 -64.83
801.6 -64.06
802.0 -64.0
802.4 -64.96
802.8 -64.58
803.2 -64.78
803.6 -64.49
804.0 -64.56
804.4 -64.34
804.8 -64.59
805.2 -63.78
805.6 -63.56
806.0 -62.78
806.4 -60.42
806.8 -57.85
807.2 -53.77
807.6 -49.82
808.0 -48.93
808.4 -49.47
808.8 -50.42
809.2 -54.03
809.6 -61.32
810.0 -63.22
810.4 -63.19
810.8 -63.54
811.2 -63.5
811.6 -64.25
812.0 -64.58
812.4 -65.31
812.8 -65.0
813.2 -63.93
813.6 -64.06
814.0 -64.84
814.4 -64.4
814.8 -64.47
815.2 -64.41
815.6 -64.24
816.0 -64.68
816.4 -64.04
816.8 -64.63
817.2 -64.67
817.6 -64.23
818.0 -64.46
818.4 -65.04
818.8 -64.13
819.2 -64.01
819.6 -63.81
820.0 -63.74
820.4 -64.71
820.8 -63.99
821.2 -64.53
821.6 -64.39
822.0 -64.25
822.4 -63.78
822.8 -64.83
823.2 -64.35
823.6 -64.67
824.0 -64.11
824.4 -64.75
824.8 -64.26
825.2 -63.86
825.6 -63.38
826.0 -64.95
826.4 -63.69
826.8 -64.22
827.2 -64.05
827.6 -64.16
828.0 -64.68
828.4 -64.01
828.8 -63.98
829.2 -64.2
829.6 -63.88
830.0 -64.22
830.4 -64.48
830.8 -64.19
831.2 -64.22
831.6 -64.71
832.0 -63.78
832.4 -63.91
832.8 -64.04
833.2 -63.44
833.6 -64.57
834.0 -64.24
834.4 -64.04
834.8 -63.76
835.2 -63.94
835.6 -64.23
836.0 -64.12
836.4 -64.11
836.8 -63.68
837.2 -63.99
837.6 -64.35
838.0 -64.36
838.4 -64.52
838.8 -63.83
839.2 -64.17
839.6 -64.4
840.0 -64.58
840.4 -63.97
840.8 -64.73
841.2 -64.14
841.6 -64.37
842.0 -63.9
842.4 -64.61
842.8 -64.98
843.2 -63.96
843.6 -64.61
844.0 -64.87
844.4 -64.11
844.8 -64.43
845.2 -64.66
845.6 -64.58
846.0 -64.47
846.4 -64.97
846.8 -64.91
847.2 -63.94
847.6 -64.16
848.0 -65.08
848.4 -64.16
848.8 -64.63
849.2 -64.3
849.6 -64.57
850.0 -64.66
850.4 -64.62
850.8 -64.69
851.2 -64.28
851.6 -64.07
852.0 -64.63
852.4 -65.01
852.8 -64.91
853.2 -64.91
853.6 -64.6
854.0 -64.77
854.4 -64.9
854.8 -64.4
855.2 -65.26
855.6 -65.01
856.0 -64.73
856.4 -65.01
856.8 -63.96
857.2 -64.09
857.6 -64.84
858.0 -64.3
858.4 -65.59
858.8 -64.78
859.2 -64.56
859.6 -64.85
860.0 -64.38
860.4 -64.4
860.8 -64.48
861.2 -64.5
861.6 -64.6
862.0 -64.47
862.4 -64.3
862.8 -64.95
863.2 -64.61
863.6 -65.54
864.0 -64.01
864.4 -63.9
864.8 -64.44
865.2 -64.49
865.6 -65.24
866.0 -64.45
866.4 -65.17
866.8 -64.48
867.2 -64.92
867.6 -64.67
868.0 -64.03
868.4 -64.4
868.8 -64.95
869.2 -65.35
869.6 -64.83
870.0 -65.34
870.4 -65.15
870.8 -64.54
871.2 -64.17
871.6 -65.21
872.0 -64.26
872.4 -65.17
872.8 -64.64
873.2 -64.86
873.6 -65.25
874.0 -64.45
874.4 -65.3
874.8 -64.81
875.2 -64.32
875.6 -64.73
876.0 -64.36
876.4 -65.19
876.8 -64.55
877.2 -64.24
877.6 -65.07
878.0 -63.94
878.4 -65.24
878.8 -64.99
879.2 -64.69
879.6 -65.11
880.0 -64.95
880.4 -64.93
880.8 -64.39
881.2 -64.41
881.6 -65.42
882.0 -65.86
882.4 -64.92
882.8 -64.27
883.2 -64.74
883.6 -64.4
884.0 -64.04
884.4 -63.8
884.8 -64.78
885.2 -64.41
885.6 -64.57
886.0 -64.66
886.4 -64.88
886.8 -64.78
887.2 -64.34
887.6 -64.87
888.0 -65.07
888.4 -64.27
888.8 -64.9
889.2 -64.43
889.6 -64.77
890.0 -65.14
890.4 -64.96
890.8 -64.77
891.2 -65.15
891.6 -64.94
892.0 -64.76
892.4 -64.66
892.8 -64.31
893.2 -65.02
893.6 -64.79
894.0 -64.61
894.4 -64.95
894.8 -64.74
895.2 -65.38
895.6 -64.36
896.0 -65.82
896.4 -65.1
896.8 -65.0
897.2 -64.91
897.6 -64.71
898.0 -65.52
898.4 -64.7
898.8 -65.28
899.2 -65.02
899.6 -65.45
900.0 -64.58
900.4 -64.68
900.8 -65.08
901.2 -65.22
901.6 -64.7
902.0 -65.0
902.4 -65.51
902.8 -65.33
903.2 -64.98
903.6 -65.96
904.0 -64.89
904.4 -64.58
904.8 -64.71
905.2 -65.62
905.6 -65.27
906.0 -64.64
906.4 -64.36
906.8 -64.81
907.2 -65.09
907.6 -64.32
908.0 -64.95
908.4 -64.73
908.8 -65.27
909.2 -64.64
909.6 -64.82
910.0 -64.64
910.4 -64.36
910.8 -65.35
911.2 -65.12
911.6 -65.05
912.0 -64.7
912.4 -65.15
912.8 -64.63
913.2 -65.01
913.6 -65.52
914.0 -65.01
914.4 -65.33
914.8 -64.99
915.2 -65.67
915.6 -64.98
916.0 -64.98
916.4 -65.15
916.8 -64.94
917.2 -65.32
917.6 -65.74
918.0 -64.9
918.4 -65.91
918.8 -65.3
919.2 -65.13
919.6 -65.6
920.0 -65.62
920.4 -65.1
920.8 -64.49
921.2 -65.35
921.6 -65.24
922.0 -64.87
922.4 -65.77
922.8 -65.19
923.2 -64.86
923.6 -64.68
924.0 -65.04
924.4 -66.02
924.8 -64.8
925.2 -65.18
925.6 -65.03
926.0 -65.53
926.4 -65.3
926.8 -64.85
927.2 -65.02
927.6 -65.38
928.0 -65.31
928.4 -64.81
928.8 -65.2
929.2 -65.93
929.6 -65.42
930.0 -65.38
930.4 -65.33
930.8 -65.73
931.2 -65.13
931.6 -64.88
932.0 -65.77
932.4 -65.34
932.8 -65.95
933.2 -65.88
933.6 -65.32
934.0 -65.83
934.4 -65.5
934.8 -65.89
935.2 -65.54
935.6 -65.52
936.0 -65.52
936.4 -65.64
936.8 -65.69
937.2 -64.91
937.6 -66.09
938.0 -65.78
938.4 -65.99
938.8 -65.86
939.2 -65.61
939.6 -66.07
940.0 -65.92
940.4 -66.49
940.8 -65.54
941.2 -65.87
941.6 -66.17
942.0 -66.0
942.4 -65.47
942.8 -65.94
943.2 -65.47
943.6 -65.85
944.0 -65.97
944.4 -65.61
944.8 -65.54
945.2 -65.46
945.6 -66.26
946.0 -65.68
946.4 -65.9
946.8 -65.81
947.2 -66.19
947.6 -66.11
948.0 -66.15
948.4 -65.72
948.8 -65.58
949.2 -66.21
949.6 -66.65
950.0 -66.29
950.4 -65.87
950.8 -65.93
951.2 -66.04
951.6 -65.66
952.0 -66.1
952.4 -65.42
952.8 -66.39
953.2 -65.87
953.6 -65.87
954.0 -66.1
954.4 -65.65
954.8 -65.52
955.2 -65.98
955.6 -66.46
956.0 -65.81
956.4 -66.02
956.8 -65.65
957.2 -66.26
957.6 -65.49
958.0 -65.57
958.4 -65.48
958.8 -66.19
959.2 -66.16
959.6 -66.09
960.0 -65.37
960.4 -65.94
960.8 -65.73
961.2 -66.02
961.6 -66.07
962.0 -65.54
962.4 -66.08
962.8 -65.85
963.2 -65.53
963.6 -65.44
964.0 -65.95
964.4 -65.49
964.8 -65.44
965.2 -65.72
965.6 -65.26
966.0 -65.45
966.4 -65.37
966.8 -65.39
967.2 -65.35
967.6 -65.33
968.0 -65.46
968.4 -65.18
968.8 -65.22
969.2 -65.5
969.6 -65.6
970.0 -65.62
970.4 -65.56
970.8 -65.15
971.2 -65.06
971.6 -65.42
972.0 -65.3
972.4 -65.67
972.8 -65.42
973.2 -65.54
973.6 -65.31
974.0 -65.41
974.4 -65.53
974.8 -65.44
975.2 -65.82
975.6 -65.53
976.0 -65.54
976.4 -65.65
976.8 -65.53
977.2 -65.58
977.6 -65.34
978.0 -65.57
978.4 -65.53
978.8 -65.05
979.2 -65.19
979.6 -65.16
980.0 -65.3
980.4 -65.13
980.8 -64.9
981.2 -65.46
981.6 -65.21
982.0 -64.94
982.4 -65.05
982.8 -64.76
983.2 -65.12
983.6 -64.78
984.0 -64.54
984.4 -64.45
984.8 -64.53
985.2 -64.45
985.6 -64.37
986.0 -64.78
986.4 -64.3
986.8 -64.25
987.2 -64.3
987.6 -64.14
988.0 -64.28
988.4 -64.14
988.8 -64.05
989.2 -63.95
989.6 -64.05
990.0 -63.82
990.4 -63.92
990.8 -63.87
991.2 -63.65
991.6 -63.8
992.0 -63.76
992.4 -63.78
992.8 -63.5
993.2 -63.53
993.6 -63.6
994.0 -63.3
994.4 -63.41
994.8 -63.51
995.2 -63.3
995.6 -63.4
996.0 -63.4
996.4 -63.57
996.8 -63.43
997.2 -63.44
997.6 -63.53
998.0 -63.4
998.4 -63.23
998.8 -63.54
999.2 -63.41
999.6 -63.29
1000.0 -63.52
