600.0 -71.58
600.4 -70.01
600.8 -84.19
601.2 -210.0
601.6 -210.0
602.0 -69.64
602.4 -210.0
602.8 -71.76
603.2 -70.36
603.6 -73.57
604.0 -71.61
604.4 -210.0
604.8 -210.0
605.2 -72.16
605.6 -84.5
606.0 -78.5
606.4 -73.41
606.8 -79.8
607.2 -72.55
607.6 -72.07
608.0 -71.87
608.4 -68.65
608.8 -76.92
609.2 -72.17
609.6 -210.0
610.0 -210.0
610.4 -71.38
610.8 -210.0
611.2 -70.53
611.6 -210.0
612.0 -210.0
612.4 -68.02
612.8 -69.5
613.2 -72.41
613.6 -74.2
614.0 -73.25
614.4 -80.26
614.8 -73.02
615.2 -75.09
615.6 -76.07
616.0 -68.7
616.4 -71.35
616.8 -74.76
617.2 -70.15
617.6 -71.61
618.0 -210.0
618.4 -71.3
618.8 -74.88
619.2 -70.41
619.6 -68.02
620.0 -210.0
620.4 -71.25
620.8 -71.61
621.2 -70.67
621.6 -71.49
622.0 -69.26
622.4 -68.19
622.8 -73.78
623.2 -77.78
623.6 -210.0
624.0 -69.49
624.4 -69.73
624.8 -70.35
625.2 -71.55
625.6 -69.48
626.0 -68.93
626.4 -68.61
626.8 -85.8
627.2 -71.84
627.6 -82.84
628.0 -71.72
628.4 -73.34
628.8 -70.6
629.2 -73.63
629.6 -72.54
630.0 -69.09
630.4 -73.02
630.8 -71.43
631.2 -83.08
631.6 -76.12
632.0 -72.17
632.4 -67.85
632.8 -69.58
633.2 -72.81
633.6 -70.13
634.0 -69.3
634.4 -69.24
634.8 -71.57
635.2 -71.06
635.6 -68.34
636.0 -71.66
636.4 -71.15
636.8 -72.35
637.2 -68.97
637.6 -73.13
638.0 -70.05
638.4 -69.13
638.8 -68.72
639.2 -68.89
639.6 -70.17
640.0 -68.67
640.4 -70.86
640.8 -68.49
641.2 -68.92
641.6 -69.48
642.0 -69.84
642.4 -70.42
642.8 -70.27
643.2 -68.51
643.6 -70.44
644.0 -69.03
644.4 -68.94
644.8 -70.36
645.2 -68.69
645.6 -68.61
646.0 -69.08
646.4 -67.92
646.8 -69.16
647.2 -69.83
647.6 -68.79
648.0 -70.13
648.4 -68.25
648.8 -68.34
649.2 -68.76
649.6 -66.74
650.0 -68.58
650.4 -69.49
650.8 -67.79
651.2 -68.04
651.6 -67.71
652.0 -67.29
652.4 -68.39
652.8 -68.5
653.2 -67.59
653.6 -68.61
654.0 -67.52
654.4 -66.82
654.8 -66.16
655.2 -67.92
655.6 -66.19
656.0 -68.91
656.4 -67.17
656.8 -68.37
657.2 -66.21
657.6 -66.6
658.0 -67.55
658.4 -67.63
658.8 -67.86
659.2 -67.19
659.6 -66.29
660.0 -66.3
660.4 -67.13
660.8 -66.36
661.2 -66.98
661.6 -66.66
662.0 -67.36
662.4 -67.48
662.8 -67.01
663.2 -67.48
663.6 -66.76
664.0 -67.7
664.4 -67.36
664.8 -66.94
665.2 -66.94
665.6 -66.87
666.0 -66.66
666.4 -66.23
666.8 -66.11
667.2 -66.98
667.6 -66.66
668.0 -66.02
668.4 -66.94
668.8 -68.56
669.2 -66.36
669.6 -66.73
670.0 -66.45
670.4 -66.19
670.8 -66.57
671.2 -65.83
671.6 -67.76
672.0 -67.25
672.4 -66.91
672.8 -65.95
673.2 -66.62
673.6 -66.26
674.0 -66.68
674.4 -65.86
674.8 -65.82
675.2 -66.11
675.6 -66.92
676.0 -66.16
676.4 -66.62
676.8 -66.48
677.2 -66.72
677.6 -65.97
678.0 -65.67
678.4 -66.5
678.8 -66.23
679.2 -65.89
679.6 -65.61
680.0 -66.51
680.4 -66.28
680.8 -66.34
681.2 -66.08
681.6 -66.96
682.0 -66.09
682.4 -65.62
682.8 -65.99
683.2 -65.9
683.6 -67.08
684.0 -65.98
684.4 -66.84
684.8 -65.68
685.2 -65.5
685.6 -65.58
686.0 -66.14
686.4 -65.98
686.8 -65.79
687.2 -65.11
687.6 -66.18
688.0 -66.84
688.4 -65.86
688.8 -65.22
689.2 -65.29
689.6 -65.48
690.0 -66.28
690.4 -65.6
690.8 -65.09
691.2 -65.76
691.6 -65.73
692.0 -65.96
692.4 -65.74
692.8 -65.57
693.2 -65.88
693.6 -65.64
694.0 -65.33
694.4 -66.21
694.8 -65.34
695.2 -65.44
695.6 -66.1
696.0 -65.78
696.4 -65.37
696.8 -65.08
697.2 -64.94
697.6 -65.5
698.0 -66.4
698.4 -64.94
698.8 -65.99
699.2 -66.31
699.6 -65.82
700.0 -65.54
700.4 -65.42
700.8 -65.87
701.2 -65.76
701.6 -65.41
702.0 -65.4
702.4 -65.31
702.8 -65.5
703.2 -65.79
703.6 -66.15
704.0 -64.79
704.4 -65.22
704.8 -65.9
705.2 -65.16
705.6 -65.7
706.0 -65.45
706.4 -65.53
706.8 -65.16
707.2 -64.97
707.6 -65.1
708.0 -65.69
708.4 -65.19
708.8 -65.59
709.2 -65.26
709.6 -65.21
710.0 -65.03
710.4 -65.51
710.8 -65.5
711.2 -65.19
711.6 -65.96
712.0 -65.93
712.4 -65.15
712.8 -65.25
713.2 -65.08
713.6 -65.16
714.0 -65.3
714.4 -65.04
714.8 -65.9
715.2 -64.38
715.6 -65.57
716.0 -66.23
716.4 -65.41
716.8 -65.62
717.2 -65.58
717.6 -65.03
718.0 -65.48
718.4 -65.02
718.8 -64.91
719.2 -65.21
719.6 -65.66
720.0 -65.74
720.4 -64.62
720.8 -65.19
721.2 -65.08
721.6 -65.83
722.0 -65.38
722.4 -65.18
722.8 -65.06
723.2 -65.84
723.6 -65.17
724.0 -66.0
724.4 -64.29
724.8 -65.63
725.2 -64.82
725.6 -64.95
726.0 -65.4
726.4 -65.56
726.8 -65.42
727.2 -65.16
727.6 -65.33
728.0 -65.6
728.4 -64.11
728.8 -65.17
729.2 -64.81
729.6 -65.08
730.0 -65.39
730.4 -65.39
730.8 -64.81
731.2 -65.66
731.6 -66.0
732.0 -65.16
732.4 -64.35
732.8 -64.35
733.2 -64.82
733.6 -65.42
734.0 -65.45
734.4 -65.26
734.8 -64.45
735.2 -65.57
735.6 -64.22
736.0 -65.25
736.4 -64.31
736.8 -64.84
737.2 -65.42
737.6 -65.74
738.0 -65.17
738.4 -64.73
738.8 -65.56
739.2 -64.77
739.6 -65.97
740.0 -65.43
740.4 -64.63
740.8 -64.73
741.2 -65.11
741.6 -65.29
742.0 -65.57
742.4 -66.35
742.8 -64.79
743.2 -65.34
743.6 -64.63
744.0 -65.72
744.4 -66.0
744.8 -64.65
745.2 -65.01
745.6 -65.11
746.0 -65.23
746.4 -64.51
746.8 -65.71
747.2 -65.28
747.6 -65.22
748.0 -65.1
748.4 -65.01
748.8 -65.86
749.2 -64.47
749.6 -65.03
750.0 -65.0
750.4 -65.61
750.8 -64.99
751.2 -65.28
751.6 -65.15
752.0 -66.0
752.4 -66.04
752.8 -65.19
753.2 -65.25
753.6 -65.6
754.0 -65.8
754.4 -65.02
754.8 -64.99
755.2 -65.07
755.6 -64.65
756.0 -65.57
756.4 -65.47
756.8 -65.98
757.2 -65.27
757.6 -65.07
758.0 -64.95
758.4 -64.8
758.8 -64.42
759.2 -64.96
759.6 -63.9
760.0 -65.76
760.4 -65.13
760.8 -64.22
761.2 -65.75
761.6 -64.94
762.0 -64.93
762.4 -64.06
762.8 -65.35
763.2 -65.2
763.6 -64.98
764.0 -65.34
764.4 -64.57
764.8 -66.07
765.2 -64.93
765.6 -64.79
766.0 -64.17
766.4 -65.56
766.8 -66.09
767.2 -64.33
767.6 -64.65
768.0 -64.79
768.4 -64.25
768.8 -65.56
769.2 -64.55
769.6 -65.14
770.0 -64.51
770.4 -64.62
770.8 -65.59
771.2 -65.62
771.6 -65.55
772.0 -65.18
772.4 -66.13
772.8 -64.59
773.2 -64.24
773.6 -65.02
774.0 -64.33
774.4 -64.47
774.8 -65.36
775.2 -64.66
775.6 -64.72
776.0 -64.4
776.4 -64.0
776.8 -64.4
777.2 -64.88
777.6 -64.94
778.0 -65.24
778.4 -65.34
778.8 -64.39
779.2 -64.64
779.6 -66.02
780.0 -65.27
780.4 -64.3
780.8 -64.36
781.2 -64.92
781.6 -65.81
782.0 -64.11
782.4 -65.13
782.8 -64.45
783.2 -65.21
783.6 -64.5
784.0 -65.12
784.4 -65.35
784.8 -64.69
785.2 -64.41
785.6 -64.83
786.0 -64.77
786.4 -64.08
786.8 -65.82
787.2 -65.04
787.6 -65.78
788.0 -64.21
788.4 -65.89
788.8 -65.09
789.2 -65.22
789.6 -64.99
790.0 -64.86
790.4 -65.17
790.8 -64.4
791.2 -65.5
791.6 -64.62
792.0 -64.42
792.4 -64.01
792.8 -63.95
793.2 -64.61
793.6 -64.87
794.0 -64.86
794.4 -65.34
794.8 -63.72
795.2 -64.8
795.6 -64.62
796.0 -64.0
796.4 -64.31
796.8 -64.85
797.2 -64.04
797.6 -64.52
798.0 -65.0
798.4 -64.32
798.8 -64.24
799.2 -63.81
799.6 -63.71
800.0 -64.36
800.4 -64.56
800.8 -64.23
801.2 -63.93
801.6 -64.13
802.0 -64.6
802.4 -63.83
802.8 -63.56
803.2 -64.07
803.6 -63.34
804.0 -63.62
804.4 -64.34
804.8 -64.0
805.2 -63.02
805.6 -63.03
806.0 -62.22
806.4 -60.64
806.8 -57.22
807.2 -53.42
807.6 -49.48
808.0 -48.21
808.4 -49.16
808.8 -49.81
809.2 -53.89
809.6 -60.68
810.0 -63.24
810.4 -62.88
810.8 -63.22
811.2 -64.68
811.6 -63.73
812.0 -63.61
812.4 -63.65
812.8 -63.49
813.2 -63.41
813.6 -63.11
814.0 -63.07
814.4 -64.0
814.8 -64.01
815.2 -64.11
815.6 -63.62
816.0 -63.59
816.4 -64.18
816.8 -63.28
817.2 -64.22
817.6 -63.55
818.0 -63.8
818.4 -64.02
818.8 -63.49
819.2 -63.33
819.6 -63.78
820.0 -63.27
820.4 -63.86
820.8 -63.81
821.2 -62.98
821.6 -62.97
822.0 -63.2
822.4 -63.46
822.8 -62.72
823.2 -63.39
823.6 -63.22
824.0 -64.0
824.4 -63.49
824.8 -63.16
825.2 -63.46
825.6 -63.3
826.0 -62.96
826.4 -63.74
826.8 -63.09
827.2 -63.6
827.6 -63.38
828.0 -63.88
828.4 -63.26
828.8 -63.42
829.2 -63.18
829.6 -63.25
830.0 -62.98
830.4 -63.5
830.8 -62.97
831.2 -63.0
831.6 -63.21
832.0 -63.61
832.4 -62.71
832.8 -63.41
833.2 -63.17
833.6 -63.04
834.0 -62.6
834.4 -63.13
834.8 -62.66
835.2 -62.93
835.6 -62.77
836.0 -62.64
836.4 -62.99
836.8 -63.11
837.2 -63.17
837.6 -63.21
838.0 -63.12
838.4 -62.86
838.8 -62.94
839.2 -63.35
839.6 -62.59
840.0 -63.42
840.4 -63.02
840.8 -63.28
841.2 -63.47
841.6 -63.59
842.0 -63.29
842.4 -62.97
842.8 -63.0
843.2 -62.84
843.6 -62.9
844.0 -63.0
844.4 -63.12
844.8 -63.0
845.2 -63.02
845.6 -62.87
846.0 -62.89
846.4 -63.11
846.8 -62.84
847.2 -63.04
847.6 -62.93
848.0 -63.05
848.4 -62.74
848.8 -63.08
849.2 -62.82
849.6 -62.79
850.0 -63.09
850.4 -63.3
850.8 -63.0
851.2 -62.93
851.6 -63.2
852.0 -63.49
852.4 -62.74
852.8 -63.11
853.2 -62.82
853.6 -63.05
854.0 -62.81
854.4 -62.55
854.8 -62.67
855.2 -62.72
855.6 -62.87
856.0 -63.09
856.4 -63.06
856.8 -62.84
857.2 -63.02
857.6 -62.62
858.0 -62.49
858.4 -62.86
858.8 -63.07
859.2 -62.98
859.6 -62.56
860.0 -62.64
860.4 -62.81
860.8 -62.56
861.2 -62.96
861.6 -63.23
862.0 -62.82
862.4 -62.64
862.8 -62.28
863.2 -62.6
863.6 -62.77
864.0 -63.02
864.4 -63.03
864.8 -63.21
865.2 -63.06
865.6 -62.65
866.0 -63.02
866.4 -62.84
866.8 -63.27
867.2 -62.69
867.6 -62.75
868.0 -62.62
868.4 -62.47
868.8 -62.77
869.2 -62.58
869.6 -62.92
870.0 -63.19
870.4 -62.39
870.8 -62.91
871.2 -63.01
871.6 -62.6
872.0 -62.57
872.4 -62.56
872.8 -62.49
873.2 -62.52
873.6 -62.43
874.0 -62.8
874.4 -62.91
874.8 -62.99
875.2 -62.86
875.6 -62.95
876.0 -62.36
876.4 -62.34
876.8 -62.45
877.2 -62.54
877.6 -62.67
878.0 -62.66
878.4 -62.64
878.8 -62.56
879.2 -62.61
879.6 -62.59
880.0 -62.32
880.4 -62.56
880.8 -62.72
881.2 -62.4
881.6 -62.16
882.0 -62.51
882.4 -62.35
882.8 -62.35
883.2 -62.43
883.6 -62.59
884.0 -62.49
884.4 -62.35
884.8 -62.26
885.2 -62.76
885.6 -62.1
886.0 -62.27
886.4 -62.83
886.8 -62.06
887.2 -62.41
887.6 -62.19
888.0 -62.95
888.4 -62.34
888.8 -62.22
889.2 -62.45
889.6 -62.21
890.0 -62.17
890.4 -62.74
890.8 -62.06
891.2 -62.48
891.6 -62.61
892.0 -62.74
892.4 -62.2
892.8 -62.74
893.2 -62.81
893.6 -62.31
894.0 -62.21
894.4 -62.16
894.8 -62.3
895.2 -62.15
895.6 -62.34
896.0 -62.09
896.4 -62.6
896.8 -62.23
897.2 -62.66
897.6 -62.39
898.0 -61.93
898.4 -62.34
898.8 -62.17
899.2 -62.13
899.6 -62.25
900.0 -62.27
900.4 -62.32
900.8 -62.12
901.2 -62.23
901.6 -61.89
902.0 -62.06
902.4 -62.44
902.8 -62.53
903.2 -62.13
903.6 -61.83
904.0 -61.86
904.4 -62.06
904.8 -62.38
905.2 -62.27
905.6 -61.87
906.0 -62.28
906.4 -61.86
906.8 -61.9
907.2 -62.21
907.6 -62.29
908.0 -62.25
908.4 -61.81
908.8 -61.91
909.2 -62.23
909.6 -61.92
910.0 -62.09
910.4 -62.43
910.8 -62.12
911.2 -61.97
911.6 -62.03
912.0 -61.99
912.4 -62.14
912.8 -61.68
913.2 -61.46
913.6 -61.89
914.0 -62.18
914.4 -61.96
914.8 -61.98
915.2 -61.9
915.6 -61.91
916.0 -61.3
916.4 -62.18
916.8 -61.8
917.2 -61.88
917.6 -61.84
918.0 -62.18
918.4 -61.93
918.8 -62.21
919.2 -61.72
919.6 -61.8
920.0 -61.85
920.4 -61.98
920.8 -61.75
921.2 -62.0
921.6 -61.87
922.0 -61.45
922.4 -61.37
922.8 -61.76
923.2 -61.66
923.6 -61.79
924.0 -62.03
924.4 -61.71
924.8 -61.65
925.2 -61.69
925.6 -61.42
926.0 -61.95
926.4 -62.0
926.8 -61.81
927.2 -61.76
927.6 -61.92
928.0 -61.51
928.4 -62.0
928.8 -61.66
929.2 -61.79
929.6 -61.81
930.0 -62.04
930.4 -61.41
930.8 -61.71
931.2 -61.71
931.6 -61.88
932.0 -62.11
932.4 -61.85
932.8 -61.61
933.2 -62.06
933.6 -61.4
934.0 -62.0
934.4 -61.76
934.8 -61.93
935.2 -61.86
935.6 -61.95
936.0 -61.86
936.4 -61.92
936.8 -61.97
937.2 -61.88
937.6 -61.82
938.0 -61.71
938.4 -61.67
938.8 -61.71
939.2 -61.86
939.6 -61.66
940.0 -61.56
940.4 -61.67
940.8 -61.79
941.2 -61.53
941.6 -61.77
942.0 -61.51
942.4 -61.8
942.8 -61.46
943.2 -61.98
943.6 -61.55
944.0 -61.79
944.4 -61.5
944.8 -61.39
945.2 -61.31
945.6 -61.33
946.0 -61.63
946.4 -61.75
946.8 -61.38
947.2 -61.44
947.6 -61.74
948.0 -62.11
948.4 -61.44
948.8 -61.55
949.2 -61.72
949.6 -61.59
950.0 -61.66
950.4 -61.59
950.8 -61.36
951.2 -61.53
951.6 -61.76
952.0 -61.83
952.4 -61.67
952.8 -61.58
953.2 -61.59
953.6 -61.56
954.0 -61.66
954.4 -61.91
954.8 -61.77
955.2 -61.83
955.6 -61.77
956.0 -61.92
956.4 -61.76
956.8 -61.83
957.2 -61.8
957.6 -61.49
958.0 -61.56
958.4 -61.76
958.8 -61.73
959.2 -61.86
959.6 -61.76
960.0 -61.63
960.4 -61.73
960.8 -61.84
961.2 -61.48
961.6 -61.63
962.0 -61.83
962.4 -61.53
962.8 -61.83
963.2 -61.78
963.6 -61.55
964.0 -61.64
964.4 -61.6
964.8 -61.41
965.2 -61.48
965.6 -61.55
966.0 -61.34
966.4 -61.5
966.8 -61.64
967.2 -61.53
967.6 -61.65
968.0 -61.57
968.4 -61.68
968.8 -61.84
969.2 -61.84
969.6 -61.78
970.0 -61.83
970.4 -62.0
970.8 -61.89
971.2 -61.94
971.6 -62.14
972.0 -62.11
972.4 -62.23
972.8 -62.42
973.2 -62.26
973.6 -62.17
974.0 -62.15
974.4 -62.11
974.8 -62.32
975.2 -62.32
975.6 -62.3
976.0 -62.37
976.4 -62.25
976.8 -62.22
977.2 -62.09
977.6 -62.37
978.0 -62.24
978.4 -62.37
978.8 -62.18
979.2 -62.33
979.6 -62.41
980.0 -62.18
980.4 -62.17
980.8 -62.24
981.2 -62.2
981.6 -62.28
982.0 -62.01
982.4 -62.04
982.8 -62.07
983.2 -61.97
983.6 -61.81
984.0 -61.85
984.4 -61.75
984.8 -61.64
985.2 -61.68
985.6 -61.6
986.0 -61.64
986.4 -61.53
986.8 -61.54
987.2 -61.46
987.6 -61.39
988.0 -61.28
988.4 -61.4
988.8 -61.18
989.2 -61.34
989.6 -61.06
990.0 -61.2
990.4 -60.99
990.8 -61.14
991.2 -61.01
991.6 -61.03
992.0 -61.06
992.4 -60.88
992.8 -60.84
993.2 -60.83
993.6 -60.83
994.0 -60.73
994.4 -60.75
994.8 -60.88
995.2 -60.82
995.6 -60.71
996.0 -60.78
996.4 -60.77
996.8 -60.75
997.2 -60.77
997.6 -60.69
998.0 -60.89
998.4 -60.77
998.8 -60.84
999.2 -60.87
999.6 -60.98
1000.0 -60.87
