600.0 -210.0
600.4 -210.0
600.8 -210.0
601.2 -210.0
601.6 -210.0
602.0 -210.0
602.4 -78.26
602.8 -210.0
603.2 -70.36
603.6 -210.0
604.0 -69.92
604.4 -69.36
604.8 -210.0
605.2 -74.92
605.6 -69.87
606.0 -76.07
606.4 -210.0
606.8 -69.39
607.2 -210.0
607.6 -73.16
608.0 -78.63
608.4 -70.2
608.8 -210.0
609.2 -210.0
609.6 -76.97
610.0 -210.0
610.4 -73.04
610.8 -73.36
611.2 -210.0
611.6 -210.0
612.0 -73.13
612.4 -210.0
612.8 -71.33
613.2 -210.0
613.6 -78.97
614.0 -72.97
614.4 -72.73
614.8 -79.04
615.2 -77.3
615.6 -73.06
616.0 -76.68
616.4 -210.0
616.8 -73.13
617.2 -210.0
617.6 -73.18
618.0 -210.0
618.4 -210.0
618.8 -210.0
619.2 -210.0
619.6 -69.43
620.0 -210.0
620.4 -69.71
620.8 -210.0
621.2 -73.14
621.6 -73.16
622.0 -74.7
622.4 -75.52
622.8 -71.23
623.2 -71.42
623.6 -77.81
624.0 -75.62
624.4 -210.0
624.8 -74.2
625.2 -74.9
625.6 -72.71
626.0 -80.97
626.4 -79.74
626.8 -210.0
627.2 -74.35
627.6 -75.05
628.0 -70.81
628.4 -210.0
628.8 -71.77
629.2 -71.46
629.6 -74.83
630.0 -86.0
630.4 -71.25
630.8 -210.0
631.2 -210.0
631.6 -72.5
632.0 -74.38
632.4 -70.15
632.8 -73.2
633.2 -74.77
633.6 -70.46
634.0 -69.38
634.4 -74.27
634.8 -74.04
635.2 -71.75
635.6 -76.41
636.0 -72.46
636.4 -79.48
636.8 -71.72
637.2 -72.91
637.6 -79.57
638.0 -69.86
638.4 -75.82
638.8 -71.46
639.2 -74.12
639.6 -79.72
640.0 -72.76
640.4 -210.0
640.8 -71.25
641.2 -70.93
641.6 -72.57
642.0 -70.58
642.4 -72.98
642.8 -68.8
643.2 -74.02
643.6 -72.59
644.0 -70.37
644.4 -74.35
644.8 -70.84
645.2 -72.02
645.6 -74.69
646.0 -69.64
646.4 -72.26
646.8 -71.91
647.2 -70.66
647.6 -70.18
648.0 -72.14
648.4 -75.19
648.8 -69.47
649.2 -72.65
649.6 -72.83
650.0 -70.8
650.4 -72.99
650.8 -69.49
651.2 -72.18
651.6 -71.5
652.0 -69.7
652.4 -71.01
652.8 -75.33
653.2 -73.01
653.6 -72.2
654.0 -70.92
654.4 -71.85
654.8 -70.75
655.2 -70.93
655.6 -69.95
656.0 -69.47
656.4 -70.68
656.8 -70.03
657.2 -69.29
657.6 -69.1
658.0 -69.1
658.4 -68.98
658.8 -70.2
659.2 -70.61
659.6 -70.13
660.0 -67.83
660.4 -68.72
660.8 -69.18
661.2 -67.92
661.6 -68.2
662.0 -68.3
662.4 -69.99
662.8 -68.94
663.2 -68.4
663.6 -68.3
664.0 -70.29
664.4 -68.15
664.8 -68.94
665.2 -70.62
665.6 -69.77
666.0 -69.84
666.4 -71.78
666.8 -69.31
667.2 -69.91
667.6 -69.37
668.0 -69.57
668.4 -68.89
668.8 -68.5
669.2 -70.71
669.6 -70.88
670.0 -69.36
670.4 -68.65
670.8 -70.27
671.2 -70.04
671.6 -69.61
672.0 -70.51
672.4 -69.09
672.8 -68.68
673.2 -69.2
673.6 -67.28
674.0 -69.13
674.4 -69.86
674.8 -67.95
675.2 -70.15
675.6 -68.19
676.0 -69.11
676.4 -68.7
676.8 -68.98
677.2 -69.55
677.6 -68.69
678.0 -67.48
678.4 -67.92
678.8 -68.73
679.2 -68.56
679.6 -68.79
680.0 -68.34
680.4 -68.04
680.8 -70.5
681.2 -69.58
681.6 -68.07
682.0 -68.31
682.4 -69.17
682.8 -68.79
683.2 -69.35
683.6 -67.58
684.0 -70.21
684.4 -68.72
684.8 -68.77
685.2 -68.43
685.6 -70.27
686.0 -69.18
686.4 -69.12
686.8 -68.0
687.2 -68.36
687.6 -67.94
688.0 -67.15
688.4 -68.9
688.8 -67.35
689.2 -68.43
689.6 -67.92
690.0 -68.32
690.4 -68.81
690.8 -68.99
691.2 -69.17
691.6 -68.24
692.0 -67.51
692.4 -67.83
692.8 -67.46
693.2 -68.16
693.6 -67.67
694.0 -67.35
694.4 -67.61
694.8 -68.14
695.2 -69.45
695.6 -67.04
696.0 -68.98
696.4 -68.84
696.8 -69.29
697.2 -66.59
697.6 -67.09
698.0 -68.14
698.4 -67.5
698.8 -68.08
699.2 -67.15
699.6 -68.28
700.0 -67.81
700.4 -67.71
700.8 -69.37
701.2 -67.42
701.6 -67.84
702.0 -68.7
702.4 -67.35
702.8 -68.4
703.2 -66.72
703.6 -67.34
704.0 -67.12
704.4 -67.55
704.8 -67.32
705.2 -67.59
705.6 -68.42
706.0 -68.35
706.4 -66.64
706.8 -67.86
707.2 -65.92
707.6 -66.4
708.0 -67.36
708.4 -67.54
708.8 -67.35
709.2 -67.58
709.6 -67.62
710.0 -67.81
710.4 -66.55
710.8 -67.9
711.2 -66.18
711.6 -67.4
712.0 -67.55
712.4 -66.42
712.8 -67.44
713.2 -66.44
713.6 -66.29
714.0 -66.99
714.4 -67.33
714.8 -66.89
715.2 -68.17
715.6 -67.41
716.0 -67.23
716.4 -66.15
716.8 -68.05
717.2 -66.74
717.6 -65.84
718.0 -66.69
718.4 -66.69
718.8 -67.56
719.2 -67.14
719.6 -68.08
720.0 -66.63
720.4 -66.51
720.8 -67.45
721.2 -67.64
721.6 -68.71
722.0 -66.81
722.4 -67.44
722.8 -65.78
723.2 -67.98
723.6 -67.33
724.0 -66.59
724.4 -67.23
724.8 -67.13
725.2 -67.0
725.6 -66.31
726.0 -66.12
726.4 -65.65
726.8 -66.68
727.2 -67.68
727.6 -66.26
728.0 -66.63
728.4 -65.57
728.8 -65.78
729.2 -65.99
729.6 -66.09
730.0 -66.05
730.4 -67.91
730.8 -65.83
731.2 -66.22
731.6 -66.72
732.0 -66.63
732.4 -68.54
732.8 -67.19
733.2 -66.83
733.6 -65.71
734.0 -66.54
734.4 -66.15
734.8 -66.08
735.2 -66.65
735.6 -66.18
736.0 -65.79
736.4 -65.68
736.8 -67.39
737.2 -66.93
737.6 -67.63
738.0 -66.79
738.4 -66.62
738.8 -66.65
739.2 -65.4
739.6 -66.87
740.0 -66.32
740.4 -66.86
740.8 -66.9
741.2 -65.95
741.6 -65.71
742.0 -66.35
742.4 -66.13
742.8 -66.19
743.2 -64.96
743.6 -66.62
744.0 -65.93
744.4 -65.93
744.8 -67.28
745.2 -65.89
745.6 -65.78
746.0 -66.73
746.4 -65.51
746.8 -66.77
747.2 -65.87
747.6 -66.47
748.0 -66.39
748.4 -66.38
748.8 -66.23
749.2 -67.21
749.6 -65.4
750.0 -65.51
750.4 -66.66
750.8 -66.24
751.2 -65.67
751.6 -66.16
752.0 -65.05
752.4 -65.79
752.8 -65.95
753.2 -66.58
753.6 -67.0
754.0 -66.52
754.4 -65.59
754.8 -66.12
755.2 -65.48
755.6 -66.26
756.0 -65.5
756.4 -67.07
756.8 -65.98
757.2 -65.3
757.6 -65.97
758.0 -65.48
758.4 -64.47
758.8 -64.8
759.2 -66.25
759.6 -65.56
760.0 -64.7
760.4 -65.38
760.8 -67.2
761.2 -66.04
761.6 -65.37
762.0 -65.24
762.4 -66.72
762.8 -66.29
763.2 -66.5
763.6 -65.83
764.0 -65.86
764.4 -66.84
764.8 -65.81
765.2 -66.0
765.6 -66.74
766.0 -66.18
766.4 -65.46
766.8 -65.76
767.2 -65.9
767.6 -65.06
768.0 -65.78
768.4 -66.01
768.8 -65.49
769.2 -66.11
769.6 -66.07
770.0 -65.73
770.4 -66.22
770.8 -65.95
771.2 -65.84
771.6 -65.22
772.0 -65.31
772.4 -65.15
772.8 -66.42
773.2 -65.98
773.6 -65.34
774.0 -65.33
774.4 -65.43
774.8 -64.83
775.2 -65.97
775.6 -65.57
776.0 -65.0
776.4 -65.66
776.8 -65.13
777.2 -65.73
777.6 -65.06
778.0 -65.72
778.4 -65.72
778.8 -65.05
779.2 -64.9
779.6 -65.65
780.0 -66.05
780.4 -65.47
780.8 -66.25
781.2 -67.16
781.6 -65.42
782.0 -66.04
782.4 -66.08
782.8 -65.96
783.2 -65.06
783.6 -65.06
784.0 -64.99
784.4 -64.84
784.8 -64.66
785.2 -64.74
785.6 -65.37
786.0 -65.14
786.4 -64.85
786.8 -64.94
787.2 -64.94
787.6 -64.68
788.0 -64.59
788.4 -65.66
788.8 -64.99
789.2 -64.87
789.6 -65.74
790.0 -65.37
790.4 -65.17
790.8 -66.19
791.2 -64.59
791.6 -64.01
792.0 -64.73
792.4 -64.76
792.8 -64.87
793.2 -65.22
793.6 -65.42
794.0 -64.92
794.4 -65.08
794.8 -64.24
795.2 -64.32
795.6 -64.5
796.0 -64.62
796.4 -65.61
796.8 -63.93
797.2 -64.55
797.6 -64.46
798.0 -64.84
798.4 -65.74
798.8 -64.74
799.2 -64.51
799.6 -65.08
800.0 -65.1
800.4 -64.15
800.8 -65.37
801.2 -65.35
801.6 -64.57
802.0 -65.18
802.4 -65.25
802.8 -64.01
803.2 -64.27
803.6 -64.27
804.0 -64.76
804.4 -65.07
804.8 -64.59
805.2 -63.9
805.6 -63.43
806.0 -63.45
806.4 -60.9
806.8 -57.46
807.2 -53.89
807.6 -49.96
808.0 -48.55
808.4 -49.49
808.8 -50.05
809.2 -53.81
809.6 -61.49
810.0 -63.66
810.4 -64.03
810.8 -65.43
811.2 -64.97
811.6 -64.35
812.0 -65.15
812.4 -64.78
812.8 -64.48
813.2 -64.36
813.6 -63.71
814.0 -64.93
814.4 -64.35
814.8 -64.92
815.2 -64.31
815.6 -64.59
816.0 -63.52
816.4 -64.42
816.8 -64.66
817.2 -63.97
817.6 -65.16
818.0 -65.03
818.4 -63.97
818.8 -65.78
819.2 -63.78
819.6 -64.34
820.0 -64.23
820.4 -64.26
820.8 -64.41
821.2 -65.09
821.6 -64.47
822.0 -63.96
822.4 -64.32
822.8 -63.7
823.2 -63.81
823.6 -64.51
824.0 -64.46
824.4 -64.62
824.8 -64.17
825.2 -64.22
825.6 -64.22
826.0 -64.0
826.4 -64.25
826.8 -64.0
827.2 -64.68
827.6 -63.98
828.0 -63.63
828.4 -64.43
828.8 -64.44
829.2 -64.18
829.6 -64.03
830.0 -63.56
830.4 -63.81
830.8 -64.08
831.2 -64.24
831.6 -63.5
832.0 -64.64
832.4 -63.99
832.8 -64.65
833.2 -64.03
833.6 -63.48
834.0 -64.2
834.4 -63.84
834.8 -63.83
835.2 -63.43
835.6 -63.39
836.0 -63.56
836.4 -63.68
836.8 -63.61
837.2 -63.69
837.6 -64.39
838.0 -63.47
838.4 -63.87
838.8 -63.34
839.2 -63.63
839.6 -63.36
840.0 -63.79
840.4 -63.59
840.8 -63.36
841.2 -63.31
841.6 -63.42
842.0 -63.86
842.4 -63.75
842.8 -63.21
843.2 -63.64
843.6 -63.66
844.0 -63.09
844.4 -62.98
844.8 -63.45
845.2 -63.4
845.6 -62.96
846.0 -63.48
846.4 -63.57
846.8 -62.92
847.2 -63.19
847.6 -63.83
848.0 -63.64
848.4 -63.05
848.8 -63.01
849.2 -63.25
849.6 -62.57
850.0 -63.33
850.4 -63.16
850.8 -63.09
851.2 -63.23
851.6 -63.03
852.0 -63.2
852.4 -63.47
852.8 -63.3
853.2 -62.95
853.6 -62.65
854.0 -62.81
854.4 -63.09
854.8 -62.91
855.2 -62.56
855.6 -62.91
856.0 -62.71
856.4 -62.71
856.8 -62.48
857.2 -63.05
857.6 -62.73
858.0 -62.61
858.4 -63.26
858.8 -62.69
859.2 -62.64
859.6 -62.62
860.0 -62.55
860.4 -62.32
860.8 -62.25
861.2 -62.39
861.6 -62.58
862.0 -62.64
862.4 -62.5
862.8 -62.37
863.2 -62.5
863.6 -62.62
864.0 -62.6
864.4 -62.86
864.8 -62.58
865.2 -62.55
865.6 -62.72
866.0 -62.21
866.4 -62.2
866.8 -62.45
867.2 -62.72
867.6 -62.19
868.0 -62.57
868.4 -62.44
868.8 -61.97
869.2 -62.31
869.6 -62.12
870.0 -62.18
870.4 -61.95
870.8 -62.61
871.2 -61.96
871.6 -62.34
872.0 -62.31
872.4 -62.42
872.8 -62.4
873.2 -62.15
873.6 -61.87
874.0 -62.12
874.4 -62.27
874.8 -62.07
875.2 -62.18
875.6 -62.2
876.0 -62.34
876.4 -61.7
876.8 -61.84
877.2 -61.91
877.6 -61.87
878.0 -61.98
878.4 -62.15
878.8 -61.87
879.2 -61.73
879.6 -62.22
880.0 -61.8
880.4 -61.6
880.8 -61.87
881.2 -61.91
881.6 -61.83
882.0 -62.1
882.4 -62.25
882.8 -62.09
883.2 -61.78
883.6 -61.87
884.0 -61.79
884.4 -61.87
884.8 -61.98
885.2 -61.81
885.6 -61.96
886.0 -61.86
886.4 -61.51
886.8 -61.81
887.2 -61.6
887.6 -61.95
888.0 -61.8
888.4 -61.69
888.8 -62.01
889.2 -61.76
889.6 -61.55
890.0 -61.44
890.4 -61.7
890.8 -61.54
891.2 -61.34
891.6 -61.64
892.0 -61.85
892.4 -61.48
892.8 -61.73
893.2 -61.89
893.6 -61.58
894.0 -61.59
894.4 -61.31
894.8 -61.4
895.2 -61.78
895.6 -61.88
896.0 -61.24
896.4 -61.32
896.8 -61.28
897.2 -61.66
897.6 -61.32
898.0 -61.55
898.4 -61.21
898.8 -61.36
899.2 -61.67
899.6 -61.11
900.0 -61.1
900.4 -61.04
900.8 -61.35
901.2 -60.91
901.6 -61.57
902.0 -61.42
902.4 -61.54
902.8 -61.03
903.2 -61.26
903.6 -61.36
904.0 -61.5
904.4 -61.36
904.8 -61.23
905.2 -61.29
905.6 -61.32
906.0 -61.12
906.4 -60.91
906.8 -61.23
907.2 -61.12
907.6 -60.7
908.0 -61.11
908.4 -61.15
908.8 -61.04
909.2 -61.02
909.6 -60.97
910.0 -61.2
910.4 -60.65
910.8 -60.81
911.2 -60.84
911.6 -60.74
912.0 -60.65
912.4 -60.63
912.8 -60.56
913.2 -60.52
913.6 -60.52
914.0 -60.67
914.4 -60.72
914.8 -60.55
915.2 -60.74
915.6 -60.53
916.0 -60.35
916.4 -60.45
916.8 -60.49
917.2 -60.29
917.6 -60.33
918.0 -60.28
918.4 -60.42
918.8 -60.29
919.2 -60.25
919.6 -60.2
920.0 -60.16
920.4 -60.23
920.8 -60.22
921.2 -60.25
921.6 -60.14
922.0 -60.04
922.4 -60.01
922.8 -60.02
923.2 -59.97
923.6 -60.17
924.0 -60.06
924.4 -60.25
924.8 -59.82
925.2 -60.13
925.6 -59.8
926.0 -59.86
926.4 -59.97
926.8 -59.69
927.2 -60.05
927.6 -59.74
928.0 -59.78
928.4 -59.88
928.8 -59.58
929.2 -59.82
929.6 -59.66
930.0 -59.66
930.4 -59.52
930.8 -59.74
931.2 -59.6
931.6 -59.64
932.0 -59.51
932.4 -59.82
932.8 -59.69
933.2 -59.7
933.6 -59.58
934.0 -59.55
934.4 -59.37
934.8 -59.45
935.2 -59.54
935.6 -59.46
936.0 -59.38
936.4 -59.36
936.8 -59.42
937.2 -59.47
937.6 -59.35
938.0 -59.43
938.4 -59.18
938.8 -59.31
939.2 -59.23
939.6 -59.22
940.0 -59.34
940.4 -59.08
940.8 -59.21
941.2 -59.25
941.6 -59.0
942.0 -59.21
942.4 -59.18
942.8 -59.2
943.2 -59.05
943.6 -59.17
944.0 -59.11
944.4 -58.94
944.8 -59.02
945.2 -58.95
945.6 -58.87
946.0 -58.89
946.4 -58.94
946.8 -59.02
947.2 -58.85
947.6 -59.0
948.0 -58.94
948.4 -58.8
948.8 -58.96
949.2 -58.92
949.6 -58.76
950.0 -58.81
950.4 -58.71
950.8 -58.84
951.2 -58.63
951.6 -58.9
952.0 -58.78
952.4 -58.63
952.8 -58.74
953.2 -58.77
953.6 -58.63
954.0 -58.71
954.4 -58.68
954.8 -58.7
955.2 -58.8
955.6 -58.7
956.0 -58.7
956.4 -58.73
956.8 -58.67
957.2 -58.58
957.6 -58.52
958.0 -58.71
958.4 -58.57
958.8 -58.72
959.2 -58.44
959.6 -58.51
960.0 -58.44
960.4 -58.39
960.8 -58.43
961.2 -58.52
961.6 -58.37
962.0 -58.35
962.4 -58.43
962.8 -58.48
963.2 -58.11
963.6 -58.16
964.0 -58.09
964.4 -58.31
964.8 -58.07
965.2 -58.12
965.6 -58.03
966.0 -58.08
966.4 -58.08
966.8 -58.12
967.2 -58.18
967.6 -58.17
968.0 -58.05
968.4 -58.0
968.8 -58.18
969.2 -58.2
969.6 -58.16
970.0 -58.1
970.4 -58.14
970.8 -58.09
971.2 -58.21
971.6 -58.26
972.0 -58.18
972.4 -58.13
972.8 -58.15
973.2 -58.09
973.6 -58.21
974.0 -58.37
974.4 -58.24
974.8 -58.28
975.2 -58.35
975.6 -58.23
976.0 -58.5
976.4 -58.41
976.8 -58.33
977.2 -58.52
977.6 -58.56
978.0 -58.53
978.4 -58.52
978.8 -58.53
979.2 -58.56
979.6 -58.41
980.0 -58.56
980.4 -58.5
980.8 -58.33
981.2 -58.34
981.6 -58.39
982.0 -58.37
982.4 -58.26
982.8 -58.16
983.2 -58.25
983.6 -58.11
984.0 -58.14
984.4 -58.0
984.8 -57.91
985.2 -57.99
985.6 -58.02
986.0 -57.86
986.4 -57.92
986.8 -57.71
987.2 -57.86
987.6 -57.72
988.0 -57.65
988.4 -57.6
988.8 -57.63
989.2 -57.59
989.6 -57.57
990.0 -57.57
990.4 -57.71
990.8 -57.6
991.2 -57.47
991.6 -57.42
992.0 -57.38
992.4 -57.44
992.8 -57.32
993.2 -57.45
993.6 -57.3
994.0 -57.32
994.4 -57.31
994.8 -57.35
995.2 -57.3
995.6 -57.41
996.0 -57.35
996.4 -57.4
996.8 -57.46
997.2 -57.55
997.6 -57.44
998.0 -57.54
998.4 -57.48
998.8 -57.52
999.2 -57.61
999.6 -57.64
1000.0 -57.52
