600.0 -69.99
600.4 -70.73
600.8 -210.0
601.2 -73.79
601.6 -210.0
602.0 -210.0
602.4 -71.5
602.8 -70.17
603.2 -75.88
603.6 -70.56
604.0 -71.84
604.4 -71.63
604.8 -71.44
605.2 -210.0
605.6 -210.0
606.0 -75.49
606.4 -81.54
606.8 -73.78
607.2 -210.0
607.6 -78.6
608.0 -74.66
608.4 -77.69
608.8 -73.91
609.2 -73.26
609.6 -68.03
610.0 -80.0
610.4 -76.35
610.8 -210.0
611.2 -210.0
611.6 -72.32
612.0 -74.48
612.4 -75.89
612.8 -71.33
613.2 -76.51
613.6 -75.0
614.0 -210.0
614.4 -210.0
614.8 -72.06
615.2 -210.0
615.6 -71.68
616.0 -210.0
616.4 -70.38
616.8 -71.56
617.2 -78.22
617.6 -75.23
618.0 -74.46
618.4 -75.28
618.8 -76.26
619.2 -210.0
619.6 -70.87
620.0 -71.39
620.4 -71.42
620.8 -75.42
621.2 -69.11
621.6 -70.55
622.0 -85.5
622.4 -70.46
622.8 -75.55
623.2 -77.11
623.6 -67.89
624.0 -71.81
624.4 -69.31
624.8 -74.53
625.2 -77.24
625.6 -210.0
626.0 -68.34
626.4 -71.29
626.8 -70.11
627.2 -79.79
627.6 -70.4
628.0 -69.84
628.4 -68.49
628.8 -82.91
629.2 -70.14
629.6 -68.64
630.0 -70.68
630.4 -69.4
630.8 -72.08
631.2 -73.3
631.6 -69.99
632.0 -67.39
632.4 -69.94
632.8 -70.89
633.2 -70.21
633.6 -69.82
634.0 -70.26
634.4 -69.33
634.8 -72.03
635.2 -70.81
635.6 -69.68
636.0 -72.63
636.4 -70.34
636.8 -72.18
637.2 -68.82
637.6 -73.55
638.0 -69.86
638.4 -69.71
638.8 -69.4
639.2 -70.99
639.6 -69.3
640.0 -69.1
640.4 -69.45
640.8 -67.23
641.2 -69.44
641.6 -70.76
642.0 -67.88
642.4 -70.52
642.8 -67.65
643.2 -70.3
643.6 -67.38
644.0 -67.9
644.4 -68.38
644.8 -68.6
645.2 -67.52
645.6 -69.18
646.0 -66.98
646.4 -68.8
646.8 -68.11
647.2 -68.3
647.6 -66.63
648.0 -67.96
648.4 -67.72
648.8 -67.37
649.2 -67.03
649.6 -66.67
650.0 -67.84
650.4 -66.9
650.8 -68.12
651.2 -66.98
651.6 -67.99
652.0 -66.32
652.4 -66.99
652.8 -66.77
653.2 -67.3
653.6 -66.64
654.0 -65.88
654.4 -67.52
654.8 -66.01
655.2 -68.16
655.6 -66.04
656.0 -67.58
656.4 -67.06
656.8 -67.62
657.2 -67.26
657.6 -66.12
658.0 -66.81
658.4 -66.88
658.8 -67.15
659.2 -67.35
659.6 -66.22
660.0 -67.44
660.4 -66.73
660.8 -68.35
661.2 -66.59
661.6 -66.94
662.0 -66.56
662.4 -65.82
662.8 -66.49
663.2 -66.39
663.6 -65.74
664.0 -66.17
664.4 -66.62
664.8 -66.87
665.2 -66.3
665.6 -66.3
666.0 -66.8
666.4 -66.98
666.8 -66.33
667.2 -66.46
667.6 -65.42
668.0 -65.79
668.4 -65.99
668.8 -65.82
669.2 -66.36
669.6 -66.23
670.0 -67.08
670.4 -66.89
670.8 -66.31
671.2 -66.28
671.6 -65.72
672.0 -65.96
672.4 -66.46
672.8 -66.42
673.2 -66.97
673.6 -66.13
674.0 -66.57
674.4 -65.37
674.8 -66.17
675.2 -65.93
675.6 -66.11
676.0 -65.98
676.4 -65.75
676.8 -66.0
677.2 -65.8
677.6 -65.63
678.0 -65.99
678.4 -66.3
678.8 -65.89
679.2 -65.02
679.6 -65.66
680.0 -66.48
680.4 -65.71
680.8 -66.57
681.2 -65.67
681.6 -66.14
682.0 -65.82
682.4 -65.91
682.8 -65.24
683.2 -65.73
683.6 -65.92
684.0 -66.01
684.4 -66.35
684.8 -65.48
685.2 -65.42
685.6 -65.42
686.0 -65.92
686.4 -64.76
686.8 -67.0
687.2 -65.73
687.6 -65.03
688.0 -65.39
688.4 -65.63
688.8 -65.0
689.2 -65.34
689.6 -65.37
690.0 -66.59
690.4 -65.8
690.8 -66.24
691.2 -64.91
691.6 -65.91
692.0 -65.07
692.4 -65.24
692.8 -66.05
693.2 -65.28
693.6 -66.1
694.0 -65.87
694.4 -65.37
694.8 -65.48
695.2 -66.37
695.6 -65.1
696.0 -65.06
696.4 -65.42
696.8 -65.37
697.2 -65.82
697.6 -64.89
698.0 -65.49
698.4 -66.29
698.8 -65.56
699.2 -65.82
699.6 -65.25
700.0 -65.52
700.4 -65.9
700.8 -65.56
701.2 -65.24
701.6 -64.98
702.0 -65.63
702.4 -64.76
702.8 -65.45
703.2 -65.86
703.6 -65.24
704.0 -64.5
704.4 -65.42
704.8 -64.56
705.2 -65.44
705.6 -64.65
706.0 -64.94
706.4 -64.7
706.8 -65.3
707.2 -65.1
707.6 -64.67
708.0 -65.23
708.4 -65.22
708.8 -65.65
709.2 -64.69
709.6 -64.56
710.0 -65.39
710.4 -66.36
710.8 -66.77
711.2 -64.74
711.6 -64.78
712.0 -65.15
712.4 -65.49
712.8 -65.45
713.2 -65.45
713.6 -65.16
714.0 -65.5
714.4 -65.71
714.8 -65.23
715.2 -65.16
715.6 -64.92
716.0 -64.64
716.4 -65.02
716.8 -65.44
717.2 -65.14
717.6 -65.87
718.0 -64.76
718.4 -65.48
718.8 -64.99
719.2 -65.29
719.6 -65.41
720.0 -65.74
720.4 -65.17
720.8 -65.39
721.2 -64.81
721.6 -65.13
722.0 -65.72
722.4 -65.85
722.8 -64.74
723.2 -64.92
723.6 -64.76
724.0 -65.07
724.4 -64.45
724.8 -65.32
725.2 -65.15
725.6 -65.44
726.0 -65.43
726.4 -65.2
726.8 -65.67
727.2 -64.8
727.6 -64.67
728.0 -65.29
728.4 -66.03
728.8 -64.57
729.2 -64.91
729.6 -65.02
730.0 -65.13
730.4 -64.9
730.8 -65.09
731.2 -64.55
731.6 -65.73
732.0 -64.88
732.4 -65.16
732.8 -65.19
733.2 -64.82
733.6 -65.52
734.0 -64.74
734.4 -65.14
734.8 -66.01
735.2 -65.73
735.6 -64.88
736.0 -65.43
736.4 -66.17
736.8 -64.87
737.2 -66.13
737.6 -64.78
738.0 -64.45
738.4 -65.57
738.8 -65.22
739.2 -65.19
739.6 -66.53
740.0 -64.84
740.4 -65.3
740.8 -65.58
741.2 -65.48
741.6 -64.91
742.0 -65.26
742.4 -64.78
742.8 -64.85
743.2 -64.93
743.6 -65.6
744.0 -65.3
744.4 -64.5
744.8 -65.82
745.2 -64.32
745.6 -64.8
746.0 -65.48
746.4 -65.26
746.8 -64.94
747.2 -66.31
747.6 -65.22
748.0 -65.98
748.4 -65.33
748.8 -65.21
749.2 -64.95
749.6 -65.59
750.0 -65.11
750.4 -65.68
750.8 -64.45
751.2 -64.6
751.6 -65.27
752.0 -65.72
752.4 -65.39
752.8 -65.38
753.2 -65.19
753.6 -65.53
754.0 -65.94
754.4 -65.97
754.8 -64.4
755.2 -65.61
755.6 -64.76
756.0 -65.06
756.4 -66.06
756.8 -65.42
757.2 -64.68
757.6 -65.55
758.0 -65.68
758.4 -64.89
758.8 -65.18
759.2 -65.91
759.6 -66.45
760.0 -66.49
760.4 -65.79
760.8 -65.18
761.2 -65.44
761.6 -64.5
762.0 -64.59
762.4 -65.14
762.8 -66.02
763.2 -64.95
763.6 -64.69
764.0 -65.72
764.4 -64.55
764.8 -65.37
765.2 -66.23
765.6 -65.81
766.0 -65.01
766.4 -65.59
766.8 -64.52
767.2 -65.9
767.6 -64.16
768.0 -65.4
768.4 -65.08
768.8 -65.29
769.2 -65.17
769.6 -64.66
770.0 -65.73
770.4 -64.94
770.8 -65.66
771.2 -64.85
771.6 -65.25
772.0 -65.94
772.4 -64.99
772.8 -66.01
773.2 -65.54
773.6 -65.02
774.0 -64.92
774.4 -65.04
774.8 -64.21
775.2 -65.04
775.6 -65.89
776.0 -64.88
776.4 -65.1
776.8 -65.13
777.2 -65.39
777.6 -65.03
778.0 -65.24
778.4 -66.06
778.8 -65.38
779.2 -65.15
779.6 -64.96
780.0 -65.61
780.4 -64.66
780.8 -64.72
781.2 -65.82
781.6 -64.94
782.0 -63.99
782.4 -65.03
782.8 -64.35
783.2 -65.41
783.6 -64.87
784.0 -65.55
784.4 -65.55
784.8 -64.17
785.2 -64.83
785.6 -64.49
786.0 -65.24
786.4 -64.59
786.8 -64.56
787.2 -64.51
787.6 -64.42
788.0 -65.36
788.4 -64.58
788.8 -64.87
789.2 -65.18
789.6 -65.22
790.0 -64.66
790.4 -64.98
790.8 -64.77
791.2 -64.39
791.6 -64.7
792.0 -64.85
792.4 -64.48
792.8 -64.69
793.2 -64.61
793.6 -64.58
794.0 -65.52
794.4 -64.86
794.8 -64.57
795.2 -64.24
795.6 -63.93
796.0 -64.2
796.4 -64.82
796.8 -64.73
797.2 -64.49
797.6 -64.01
798.0 -64.09
798.4 -64.89
798.8 -64.11
799.2 -65.38
799.6 -64.54
800.0 -63.59
800.4 -63.75
800.8 -63.8
801.2 -64.29
801.6 -63.93
802.0 -64.29
802.4 -64.43
802.8 -63.97
803.2 -63.84
803.6 -63.77
804.0 -64.0
804.4 -63.4
804.8 -63.18
805.2 -63.6
805.6 -63.41
806.0 -62.82
806.4 -60.59
806.8 -57.35
807.2 -53.65
807.6 -49.58
808.0 -48.2
808.4 -49.23
808.8 -49.69
809.2 -53.8
809.6 -60.54
810.0 -62.72
810.4 -63.67
810.8 -63.86
811.2 -63.68
811.6 -63.87
812.0 -63.04
812.4 -63.52
812.8 -63.75
813.2 -63.54
813.6 -63.57
814.0 -64.09
814.4 -64.25
814.8 -63.64
815.2 -63.86
815.6 -63.94
816.0 -63.59
816.4 -63.78
816.8 -63.69
817.2 -63.35
817.6 -63.58
818.0 -64.08
818.4 -63.63
818.8 -64.05
819.2 -63.13
819.6 -63.92
820.0 -63.0
820.4 -63.72
820.8 -63.74
821.2 -63.6
821.6 -64.57
822.0 -63.67
822.4 -63.89
822.8 -63.97
823.2 -63.86
823.6 -63.54
824.0 -63.52
824.4 -63.64
824.8 -63.53
825.2 -64.55
825.6 -63.9
826.0 -63.74
826.4 -63.61
826.8 -63.89
827.2 -63.79
827.6 -63.74
828.0 -63.78
828.4 -63.47
828.8 -63.83
829.2 -63.87
829.6 -63.92
830.0 -63.35
830.4 -64.38
830.8 -63.84
831.2 -63.48
831.6 -63.32
832.0 -63.07
832.4 -63.6
832.8 -63.72
833.2 -64.33
833.6 -63.5
834.0 -63.37
834.4 -63.51
834.8 -63.11
835.2 -63.62
835.6 -63.39
836.0 -63.57
836.4 -63.99
836.8 -63.22
837.2 -63.73
837.6 -63.33
838.0 -63.46
838.4 -63.37
838.8 -64.07
839.2 -64.12
839.6 -63.68
840.0 -63.79
840.4 -63.97
840.8 -64.12
841.2 -63.86
841.6 -63.9
842.0 -64.02
842.4 -63.87
842.8 -63.46
843.2 -64.03
843.6 -63.98
844.0 -64.11
844.4 -63.89
844.8 -63.84
845.2 -63.52
845.6 -64.25
846.0 -63.84
846.4 -64.12
846.8 -64.49
847.2 -63.83
847.6 -64.07
848.0 -64.55
848.4 -63.81
848.8 -64.15
849.2 -64.61
849.6 -64.24
850.0 -64.17
850.4 -63.6
850.8 -63.93
851.2 -64.13
851.6 -64.34
852.0 -64.44
852.4 -63.67
852.8 -63.64
853.2 -64.06
853.6 -64.69
854.0 -63.95
854.4 -63.83
854.8 -63.43
855.2 -64.36
855.6 -63.78
856.0 -63.82
856.4 -64.73
856.8 -64.29
857.2 -63.6
857.6 -64.51
858.0 -64.95
858.4 -64.29
858.8 -63.4
859.2 -64.71
859.6 -63.82
860.0 -64.3
860.4 -64.55
860.8 -63.81
861.2 -64.15
861.6 -63.99
862.0 -64.64
862.4 -64.1
862.8 -64.67
863.2 -64.79
863.6 -64.49
864.0 -64.1
864.4 -64.29
864.8 -64.19
865.2 -64.36
865.6 -64.45
866.0 -63.85
866.4 -64.21
866.8 -64.4
867.2 -64.22
867.6 -64.39
868.0 -64.44
868.4 -63.99
868.8 -64.45
869.2 -64.76
869.6 -63.46
870.0 -64.91
870.4 -64.95
870.8 -64.43
871.2 -64.44
871.6 -64.54
872.0 -63.98
872.4 -64.38
872.8 -64.32
873.2 -64.37
873.6 -64.17
874.0 -63.99
874.4 -63.96
874.8 -64.25
875.2 -64.05
875.6 -64.33
876.0 -63.95
876.4 -64.01
876.8 -64.18
877.2 -64.34
877.6 -64.07
878.0 -63.69
878.4 -64.6
878.8 -64.03
879.2 -63.9
879.6 -64.58
880.0 -64.26
880.4 -64.09
880.8 -63.64
881.2 -64.3
881.6 -64.35
882.0 -64.03
882.4 -64.1
882.8 -64.47
883.2 -64.12
883.6 -64.19
884.0 -64.34
884.4 -64.04
884.8 -63.79
885.2 -64.73
885.6 -65.01
886.0 -64.73
886.4 -65.06
886.8 -64.37
887.2 -64.34
887.6 -64.19
888.0 -63.71
888.4 -64.49
888.8 -63.94
889.2 -64.63
889.6 -64.58
890.0 -64.99
890.4 -64.51
890.8 -64.14
891.2 -64.02
891.6 -63.63
892.0 -64.44
892.4 -64.24
892.8 -63.8
893.2 -64.42
893.6 -64.36
894.0 -64.24
894.4 -64.68
894.8 -64.91
895.2 -64.65
895.6 -64.65
896.0 -64.26
896.4 -63.97
896.8 -64.08
897.2 -64.38
897.6 -64.46
898.0 -64.92
898.4 -64.21
898.8 -64.31
899.2 -64.22
899.6 -64.18
900.0 -64.65
900.4 -63.71
900.8 -64.38
901.2 -64.14
901.6 -64.77
902.0 -64.53
902.4 -64.54
902.8 -64.13
903.2 -63.94
903.6 -64.26
904.0 -64.27
904.4 -64.45
904.8 -64.25
905.2 -64.74
905.6 -64.45
906.0 -64.11
906.4 -64.74
906.8 -64.37
907.2 -64.12
907.6 -64.1
908.0 -64.33
908.4 -63.73
908.8 -64.46
909.2 -64.47
909.6 -63.7
910.0 -64.66
910.4 -64.53
910.8 -64.52
911.2 -64.49
911.6 -64.8
912.0 -64.99
912.4 -64.5
912.8 -64.44
913.2 -64.7
913.6 -64.29
914.0 -64.45
914.4 -64.8
914.8 -64.3
915.2 -64.48
915.6 -64.7
916.0 -64.78
916.4 -64.8
916.8 -64.01
917.2 -64.85
917.6 -65.02
918.0 -64.36
918.4 -64.97
918.8 -64.61
919.2 -64.56
919.6 -65.26
920.0 -64.6
920.4 -65.19
920.8 -64.86
921.2 -65.0
921.6 -64.59
922.0 -65.3
922.4 -65.04
922.8 -64.67
923.2 -64.86
923.6 -64.82
924.0 -64.7
924.4 -64.55
924.8 -64.52
925.2 -64.89
925.6 -64.89
926.0 -65.22
926.4 -65.22
926.8 -64.55
927.2 -65.0
927.6 -65.0
928.0 -64.88
928.4 -65.0
928.8 -65.08
929.2 -64.9
929.6 -64.73
930.0 -65.21
930.4 -65.68
930.8 -65.17
931.2 -65.27
931.6 -65.37
932.0 -65.14
932.4 -65.38
932.8 -65.07
933.2 -65.24
933.6 -65.76
934.0 -65.2
934.4 -65.18
934.8 -65.4
935.2 -66.21
935.6 -65.15
936.0 -65.02
936.4 -65.58
936.8 -65.12
937.2 -65.3
937.6 -65.84
938.0 -65.2
938.4 -65.47
938.8 -65.19
939.2 -64.84
939.6 -65.1
940.0 -65.59
940.4 -65.49
940.8 -65.51
941.2 -65.2
941.6 -65.17
942.0 -65.52
942.4 -65.45
942.8 -65.46
943.2 -65.62
943.6 -65.83
944.0 -65.07
944.4 -65.14
944.8 -65.07
945.2 -65.09
945.6 -65.36
946.0 -65.01
946.4 -65.5
946.8 -65.62
947.2 -65.39
947.6 -65.48
948.0 -65.57
948.4 -65.33
948.8 -65.76
949.2 -65.29
949.6 -66.05
950.0 -65.29
950.4 -65.6
950.8 -65.41
951.2 -65.66
951.6 -65.43
952.0 -65.75
952.4 -65.29
952.8 -65.49
953.2 -65.45
953.6 -65.94
954.0 -65.51
954.4 -65.71
954.8 -65.77
955.2 -65.0
955.6 -65.53
956.0 -65.0
956.4 -65.73
956.8 -65.22
957.2 -65.53
957.6 -65.79
958.0 -65.63
958.4 -65.22
958.8 -65.35
959.2 -64.94
959.6 -65.51
960.0 -65.05
960.4 -65.5
960.8 -65.36
961.2 -65.13
961.6 -65.43
962.0 -65.57
962.4 -65.36
962.8 -65.08
963.2 -64.92
963.6 -65.03
964.0 -65.21
964.4 -65.44
964.8 -64.82
965.2 -65.1
965.6 -64.74
966.0 -64.69
966.4 -64.89
966.8 -64.95
967.2 -64.77
967.6 -65.05
968.0 -64.64
968.4 -64.57
968.8 -64.72
969.2 -64.47
969.6 -65.17
970.0 -64.37
970.4 -64.67
970.8 -64.75
971.2 -64.96
971.6 -64.73
972.0 -64.65
972.4 -64.56
972.8 -64.96
973.2 -64.78
973.6 -64.94
974.0 -65.0
974.4 -64.68
974.8 -64.59
975.2 -65.01
975.6 -64.8
976.0 -65.07
976.4 -64.81
976.8 -64.79
977.2 -64.74
977.6 -64.72
978.0 -64.72
978.4 -64.72
978.8 -64.64
979.2 -64.97
979.6 -64.64
980.0 -64.39
980.4 -64.41
980.8 -64.44
981.2 -64.45
981.6 -64.72
982.0 -64.2
982.4 -64.62
982.8 -64.36
983.2 -64.39
983.6 -64.58
984.0 -64.42
984.4 -64.07
984.8 -64.33
985.2 -63.87
985.6 -64.34
986.0 -64.26
986.4 -63.95
986.8 -64.06
987.2 -63.81
987.6 -63.79
988.0 -63.9
988.4 -63.79
988.8 -63.55
989.2 -63.82
989.6 -63.67
990.0 -63.64
990.4 -63.61
990.8 -63.52
991.2 -63.56
991.6 -63.48
992.0 -63.37
992.4 -63.48
992.8 -63.29
993.2 -63.22
993.6 -63.37
994.0 -63.41
994.4 -63.34
994.8 -63.19
995.2 -63.34
995.6 -63.31
996.0 -63.13
996.4 -63.29
996.8 -63.37
997.2 -63.29
997.6 -63.26
998.0 -62.91
998.4 -63.21
998.8 -63.16
999.2 -63.12
999.6 -63.2
1000.0 -63.16
