600.0 -210.0
600.4 -72.69
600.8 -210.0
601.2 -72.44
601.6 -72.19
602.0 -72.5
602.4 -73.49
602.8 -210.0
603.2 -70.91
603.6 -75.91
604.0 -76.61
604.4 -210.0
604.8 -69.0
605.2 -69.02
605.6 -81.49
606.0 -71.1
606.4 -71.99
606.8 -68.89
607.2 -78.57
607.6 -71.84
608.0 -210.0
608.4 -210.0
608.8 -73.57
609.2 -74.31
609.6 -84.76
610.0 -73.64
610.4 -73.34
610.8 -73.36
611.2 -73.38
611.6 -69.96
612.0 -69.58
612.4 -78.9
612.8 -70.03
613.2 -72.41
613.6 -72.44
614.0 -70.7
614.4 -73.27
614.8 -69.62
615.2 -70.94
615.6 -71.88
616.0 -71.91
616.4 -210.0
616.8 -71.56
617.2 -70.29
617.6 -210.0
618.0 -71.64
618.4 -71.13
618.8 -71.49
619.2 -70.55
619.6 -72.56
620.0 -210.0
620.4 -68.07
620.8 -68.79
621.2 -70.97
621.6 -70.99
622.0 -72.07
622.4 -69.83
622.8 -82.54
623.2 -70.12
623.6 -74.13
624.0 -76.07
624.4 -74.51
624.8 -70.48
625.2 -70.38
625.6 -70.94
626.0 -74.61
626.4 -72.34
626.8 -70.48
627.2 -210.0
627.6 -70.53
628.0 -71.24
628.4 -72.67
628.8 -210.0
629.2 -70.37
629.6 -69.84
630.0 -70.2
630.4 -68.54
630.8 -69.07
631.2 -73.78
631.6 -67.92
632.0 -69.71
632.4 -70.26
632.8 -70.89
633.2 -70.79
633.6 -69.01
634.0 -67.96
634.4 -72.0
634.8 -73.34
635.2 -74.07
635.6 -69.78
636.0 -68.44
636.4 -68.34
636.8 -69.51
637.2 -68.14
637.6 -68.85
638.0 -69.51
638.4 -68.69
638.8 -68.86
639.2 -70.76
639.6 -68.85
640.0 -70.3
640.4 -68.71
640.8 -70.9
641.2 -67.87
641.6 -69.1
642.0 -70.01
642.4 -67.61
642.8 -67.6
643.2 -67.25
643.6 -68.26
644.0 -68.77
644.4 -67.09
644.8 -68.14
645.2 -67.38
645.6 -66.83
646.0 -67.41
646.4 -67.63
646.8 -68.01
647.2 -70.31
647.6 -67.47
648.0 -68.42
648.4 -67.72
648.8 -67.62
649.2 -66.63
649.6 -68.52
650.0 -68.12
650.4 -68.22
650.8 -67.93
651.2 -67.76
651.6 -67.85
652.0 -67.54
652.4 -67.81
652.8 -66.43
653.2 -66.7
653.6 -66.75
654.0 -67.15
654.4 -66.75
654.8 -67.36
655.2 -67.2
655.6 -67.7
656.0 -66.84
656.4 -67.1
656.8 -66.95
657.2 -66.21
657.6 -66.25
658.0 -66.88
658.4 -67.22
658.8 -67.35
659.2 -66.97
659.6 -66.65
660.0 -66.76
660.4 -66.56
660.8 -66.17
661.2 -66.56
661.6 -65.93
662.0 -66.23
662.4 -66.59
662.8 -66.69
663.2 -66.69
663.6 -67.53
664.0 -66.39
664.4 -67.16
664.8 -66.11
665.2 -66.27
665.6 -67.01
666.0 -66.76
666.4 -65.44
666.8 -66.27
667.2 -65.99
667.6 -66.3
668.0 -65.85
668.4 -67.05
668.8 -65.6
669.2 -66.62
669.6 -65.65
670.0 -66.61
670.4 -65.78
670.8 -65.55
671.2 -65.58
671.6 -65.8
672.0 -66.24
672.4 -65.9
672.8 -65.64
673.2 -67.01
673.6 -65.48
674.0 -65.69
674.4 -65.69
674.8 -66.56
675.2 -66.33
675.6 -65.11
676.0 -65.37
676.4 -65.61
676.8 -66.28
677.2 -66.06
677.6 -66.25
678.0 -66.14
678.4 -65.93
678.8 -65.66
679.2 -65.78
679.6 -65.81
680.0 -66.06
680.4 -65.63
680.8 -65.37
681.2 -65.62
681.6 -65.52
682.0 -66.28
682.4 -65.85
682.8 -65.16
683.2 -64.9
683.6 -66.17
684.0 -65.86
684.4 -66.25
684.8 -65.48
685.2 -65.78
685.6 -65.96
686.0 -65.0
686.4 -64.63
686.8 -65.24
687.2 -65.88
687.6 -65.55
688.0 -66.06
688.4 -65.6
688.8 -65.15
689.2 -64.77
689.6 -65.37
690.0 -65.31
690.4 -66.02
690.8 -65.27
691.2 -65.01
691.6 -65.67
692.0 -65.0
692.4 -65.03
692.8 -65.57
693.2 -65.39
693.6 -65.0
694.0 -64.82
694.4 -66.05
694.8 -64.88
695.2 -64.39
695.6 -65.05
696.0 -64.47
696.4 -65.77
696.8 -64.93
697.2 -65.17
697.6 -65.36
698.0 -65.63
698.4 -65.26
698.8 -64.25
699.2 -65.61
699.6 -64.84
700.0 -65.57
700.4 -65.51
700.8 -65.51
701.2 -65.55
701.6 -65.58
702.0 -65.91
702.4 -65.36
702.8 -65.84
703.2 -65.49
703.6 -66.46
704.0 -64.64
704.4 -64.68
704.8 -65.74
705.2 -65.52
705.6 -64.58
706.0 -64.86
706.4 -64.95
706.8 -66.17
707.2 -65.41
707.6 -64.84
708.0 -65.23
708.4 -65.53
708.8 -66.17
709.2 -65.15
709.6 -64.54
710.0 -65.57
710.4 -64.35
710.8 -64.57
711.2 -65.02
711.6 -64.91
712.0 -64.93
712.4 -64.91
712.8 -63.68
713.2 -65.28
713.6 -64.59
714.0 -64.47
714.4 -64.68
714.8 -65.04
715.2 -64.87
715.6 -65.22
716.0 -65.0
716.4 -64.88
716.8 -65.13
717.2 -64.52
717.6 -65.43
718.0 -65.51
718.4 -64.74
718.8 -64.67
719.2 -65.1
719.6 -64.85
720.0 -64.87
720.4 -64.42
720.8 -64.65
721.2 -64.71
721.6 -65.48
722.0 -64.22
722.4 -64.72
722.8 -64.87
723.2 -64.16
723.6 -65.62
724.0 -64.83
724.4 -64.94
724.8 -64.54
725.2 -64.82
725.6 -63.88
726.0 -64.78
726.4 -64.68
726.8 -64.83
727.2 -64.91
727.6 -64.19
728.0 -65.09
728.4 -64.82
728.8 -64.78
729.2 -64.6
729.6 -64.91
730.0 -64.34
730.4 -65.21
730.8 -65.0
731.2 -65.29
731.6 -64.89
732.0 -65.34
732.4 -64.7
732.8 -64.65
733.2 -65.07
733.6 -64.98
734.0 -64.74
734.4 -64.81
734.8 -65.7
735.2 -65.2
735.6 -64.77
736.0 -64.25
736.4 -65.33
736.8 -65.21
737.2 -65.07
737.6 -65.0
738.0 -65.35
738.4 -64.67
738.8 -65.02
739.2 -65.22
739.6 -65.4
740.0 -65.21
740.4 -64.65
740.8 -64.71
741.2 -64.8
741.6 -65.08
742.0 -64.97
742.4 -65.74
742.8 -64.82
743.2 -65.19
743.6 -65.73
744.0 -64.32
744.4 -65.62
744.8 -64.95
745.2 -64.62
745.6 -65.0
746.0 -64.91
746.4 -65.2
746.8 -64.77
747.2 -64.87
747.6 -65.67
748.0 -65.1
748.4 -65.03
748.8 -64.81
749.2 -64.89
749.6 -65.18
750.0 -65.11
750.4 -64.36
750.8 -65.19
751.2 -64.5
751.6 -64.7
752.0 -64.04
752.4 -65.02
752.8 -64.81
753.2 -65.47
753.6 -65.73
754.0 -64.83
754.4 -65.49
754.8 -64.2
755.2 -65.01
755.6 -65.19
756.0 -64.83
756.4 -64.38
756.8 -65.08
757.2 -64.42
757.6 -65.01
758.0 -65.07
758.4 -64.61
758.8 -65.28
759.2 -64.85
759.6 -64.62
760.0 -64.03
760.4 -64.4
760.8 -65.06
761.2 -64.69
761.6 -64.94
762.0 -64.36
762.4 -65.3
762.8 -65.01
763.2 -64.45
763.6 -65.2
764.0 -64.44
764.4 -64.8
764.8 -65.33
765.2 -65.11
765.6 -64.59
766.0 -64.78
766.4 -64.32
766.8 -64.36
767.2 -64.68
767.6 -64.82
768.0 -64.35
768.4 -64.59
768.8 -65.2
769.2 -64.95
769.6 -65.07
770.0 -64.71
770.4 -64.82
770.8 -65.28
771.2 -64.28
771.6 -64.77
772.0 -64.67
772.4 -64.14
772.8 -64.78
773.2 -63.99
773.6 -63.8
774.0 -64.66
774.4 -64.75
774.8 -64.23
775.2 -65.33
775.6 -64.72
776.0 -65.49
776.4 -64.74
776.8 -64.68
777.2 -65.52
777.6 -64.82
778.0 -64.53
778.4 -64.09
778.8 -64.67
779.2 -64.5
779.6 -64.21
780.0 -64.57
780.4 -65.47
780.8 -64.44
781.2 -64.05
781.6 -64.19
782.0 -64.32
782.4 -64.76
782.8 -64.24
783.2 -64.23
783.6 -64.58
784.0 -64.42
784.4 -64.53
784.8 -64.17
785.2 -64.69
785.6 -64.09
786.0 -64.54
786.4 -64.65
786.8 -64.45
787.2 -65.67
787.6 -64.01
788.0 -65.1
788.4 -64.23
788.8 -64.1
789.2 -63.9
789.6 -64.81
790.0 -64.35
790.4 -63.87
790.8 -64.22
791.2 -63.72
791.6 -64.21
792.0 -63.81
792.4 -64.16
792.8 -63.97
793.2 -64.07
793.6 -64.17
794.0 -64.11
794.4 -64.43
794.8 -63.77
795.2 -63.72
795.6 -63.66
796.0 -64.56
796.4 -64.23
796.8 -63.35
797.2 -63.99
797.6 -64.19
798.0 -63.61
798.4 -63.69
798.8 -64.4
799.2 -63.67
799.6 -64.51
800.0 -63.82
800.4 -64.12
800.8 -63.66
801.2 -63.74
801.6 -63.91
802.0 -63.81
802.4 -63.98
802.8 -63.5
803.2 -63.72
803.6 -63.79
804.0 -62.69
804.4 -63.31
804.8 -62.75
805.2 -62.6
805.6 -63.19
806.0 -62.22
806.4 -60.32
806.8 -56.83
807.2 -53.31
807.6 -49.28
808.0 -48.0
808.4 -48.94
808.8 -49.49
809.2 -53.5
809.6 -60.44
810.0 -61.97
810.4 -62.44
810.8 -63.46
811.2 -63.02
811.6 -63.11
812.0 -63.79
812.4 -63.26
812.8 -63.49
813.2 -63.58
813.6 -63.55
814.0 -62.97
814.4 -63.26
814.8 -63.46
815.2 -63.11
815.6 -62.93
816.0 -63.01
816.4 -63.2
816.8 -63.8
817.2 -63.29
817.6 -63.8
818.0 -63.53
818.4 -63.35
818.8 -62.93
819.2 -63.48
819.6 -63.33
820.0 -63.48
820.4 -63.24
820.8 -63.48
821.2 -62.89
821.6 -63.73
822.0 -62.57
822.4 -62.92
822.8 -63.66
823.2 -63.25
823.6 -63.4
824.0 -63.19
824.4 -63.25
824.8 -63.22
825.2 -63.84
825.6 -63.4
826.0 -63.26
826.4 -63.24
826.8 -63.0
827.2 -63.29
827.6 -62.66
828.0 -63.69
828.4 -63.23
828.8 -63.6
829.2 -63.74
829.6 -63.81
830.0 -63.3
830.4 -63.71
830.8 -63.16
831.2 -63.21
831.6 -63.39
832.0 -63.29
832.4 -63.13
832.8 -63.08
833.2 -63.64
833.6 -63.41
834.0 -62.99
834.4 -63.03
834.8 -62.59
835.2 -62.61
835.6 -63.07
836.0 -62.81
836.4 -63.01
836.8 -62.77
837.2 -63.22
837.6 -63.15
838.0 -63.32
838.4 -62.98
838.8 -63.15
839.2 -63.04
839.6 -63.09
840.0 -63.52
840.4 -62.79
840.8 -63.74
841.2 -62.81
841.6 -62.85
842.0 -63.36
842.4 -63.44
842.8 -63.43
843.2 -63.27
843.6 -63.35
844.0 -63.54
844.4 -63.44
844.8 -63.68
845.2 -63.39
845.6 -63.6
846.0 -63.65
846.4 -63.09
846.8 -63.7
847.2 -63.23
847.6 -63.42
848.0 -63.05
848.4 -63.42
848.8 -63.19
849.2 -63.08
849.6 -63.01
850.0 -63.35
850.4 -63.38
850.8 -63.55
851.2 -63.37
851.6 -63.32
852.0 -63.65
852.4 -63.69
852.8 -63.71
853.2 -63.59
853.6 -63.61
854.0 -63.77
854.4 -63.62
854.8 -64.12
855.2 -63.52
855.6 -63.23
856.0 -64.1
856.4 -63.52
856.8 -63.17
857.2 -63.65
857.6 -64.09
858.0 -63.5
858.4 -63.26
858.8 -63.54
859.2 -63.55
859.6 -63.47
860.0 -63.88
860.4 -63.48
860.8 -63.19
861.2 -63.32
861.6 -63.29
862.0 -63.77
862.4 -63.86
862.8 -64.07
863.2 -62.88
863.6 -63.68
864.0 -63.73
864.4 -63.53
864.8 -63.49
865.2 -62.99
865.6 -63.08
866.0 -63.11
866.4 -63.29
866.8 -63.63
867.2 -63.45
867.6 -63.46
868.0 -63.39
868.4 -63.73
868.8 -63.55
869.2 -63.28
869.6 -63.39
870.0 -63.42
870.4 -63.93
870.8 -63.49
871.2 -63.57
871.6 -63.44
872.0 -63.45
872.4 -63.33
872.8 -63.39
873.2 -62.93
873.6 -63.34
874.0 -63.41
874.4 -63.59
874.8 -63.4
875.2 -63.04
875.6 -63.48
876.0 -63.84
876.4 -63.76
876.8 -63.46
877.2 -63.49
877.6 -63.35
878.0 -63.25
878.4 -63.3
878.8 -64.03
879.2 -63.08
879.6 -63.53
880.0 -63.14
880.4 -62.98
880.8 -63.54
881.2 -63.22
881.6 -63.29
882.0 -63.29
882.4 -63.13
882.8 -63.45
883.2 -63.13
883.6 -63.44
884.0 -62.9
884.4 -62.98
884.8 -62.96
885.2 -63.25
885.6 -62.8
886.0 -63.09
886.4 -62.99
886.8 -62.96
887.2 -63.01
887.6 -63.33
888.0 -63.01
888.4 -63.54
888.8 -62.79
889.2 -63.21
889.6 -63.03
890.0 -62.97
890.4 -62.84
890.8 -62.87
891.2 -62.44
891.6 -63.04
892.0 -62.89
892.4 -63.5
892.8 -62.39
893.2 -62.72
893.6 -63.02
894.0 -63.16
894.4 -62.87
894.8 -62.83
895.2 -63.17
895.6 -62.82
896.0 -62.89
896.4 -62.86
896.8 -62.87
897.2 -62.88
897.6 -63.69
898.0 -63.03
898.4 -63.18
898.8 -62.95
899.2 -62.59
899.6 -63.08
900.0 -62.76
900.4 -62.94
900.8 -62.99
901.2 -63.35
901.6 -62.97
902.0 -63.08
902.4 -63.14
902.8 -63.55
903.2 -62.92
903.6 -62.83
904.0 -63.36
904.4 -63.0
904.8 -62.79
905.2 -63.65
905.6 -62.8
906.0 -62.71
906.4 -63.28
906.8 -63.04
907.2 -62.85
907.6 -63.14
908.0 -62.86
908.4 -63.07
908.8 -63.11
909.2 -63.01
909.6 -63.03
910.0 -63.53
910.4 -63.33
910.8 -62.55
911.2 -63.19
911.6 -62.9
912.0 -63.41
912.4 -62.74
912.8 -62.89
913.2 -63.09
913.6 -63.26
914.0 -62.97
914.4 -63.23
914.8 -63.0
915.2 -63.13
915.6 -62.84
916.0 -62.85
916.4 -62.88
916.8 -63.01
917.2 -63.38
917.6 -62.73
918.0 -62.99
918.4 -63.02
918.8 -62.69
919.2 -62.87
919.6 -63.08
920.0 -63.09
920.4 -62.75
920.8 -62.46
921.2 -63.13
921.6 -62.49
922.0 -62.6
922.4 -62.8
922.8 -62.81
923.2 -62.97
923.6 -62.76
924.0 -63.04
924.4 -62.84
924.8 -62.87
925.2 -62.82
925.6 -63.01
926.0 -62.91
926.4 -63.1
926.8 -63.09
927.2 -63.06
927.6 -63.11
928.0 -63.25
928.4 -63.51
928.8 -63.04
929.2 -62.84
929.6 -62.86
930.0 -62.7
930.4 -63.21
930.8 -62.94
931.2 -63.09
931.6 -62.89
932.0 -62.72
932.4 -62.84
932.8 -62.85
933.2 -62.83
933.6 -63.18
934.0 -63.44
934.4 -63.28
934.8 -63.01
935.2 -62.93
935.6 -62.87
936.0 -62.86
936.4 -63.13
936.8 -63.58
937.2 -62.98
937.6 -63.45
938.0 -63.14
938.4 -63.16
938.8 -63.33
939.2 -63.1
939.6 -62.97
940.0 -62.97
940.4 -63.08
940.8 -62.95
941.2 -63.46
941.6 -62.7
942.0 -63.09
942.4 -63.02
942.8 -63.21
943.2 -63.6
943.6 -63.45
944.0 -63.26
944.4 -63.06
944.8 -63.16
945.2 -63.44
945.6 -63.19
946.0 -62.94
946.4 -63.31
946.8 -62.98
947.2 -63.3
947.6 -63.32
948.0 -63.22
948.4 -63.01
948.8 -63.59
949.2 -63.03
949.6 -63.06
950.0 -62.98
950.4 -62.98
950.8 -63.02
951.2 -63.05
951.6 -63.07
952.0 -63.14
952.4 -63.11
952.8 -63.15
953.2 -63.35
953.6 -63.42
954.0 -63.47
954.4 -63.52
954.8 -63.31
955.2 -63.19
955.6 -62.99
956.0 -63.18
956.4 -63.43
956.8 -63.16
957.2 -63.31
957.6 -63.21
958.0 -62.98
958.4 -63.22
958.8 -63.29
959.2 -63.04
959.6 -62.95
960.0 -62.97
960.4 -62.93
960.8 -62.86
961.2 -62.9
961.6 -62.81
962.0 -63.1
962.4 -63.03
962.8 -63.02
963.2 -62.96
963.6 -62.96
964.0 -62.92
964.4 -63.14
964.8 -62.85
965.2 -62.94
965.6 -62.87
966.0 -62.84
966.4 -62.8
966.8 -63.19
967.2 -62.93
967.6 -63.17
968.0 -63.14
968.4 -62.76
968.8 -62.92
969.2 -62.82
969.6 -63.14
970.0 -63.19
970.4 -63.15
970.8 -63.12
971.2 -63.09
971.6 -63.0
972.0 -63.03
972.4 -62.93
972.8 -62.93
973.2 -62.76
973.6 -63.08
974.0 -62.93
974.4 -63.13
974.8 -63.22
975.2 -63.17
975.6 -63.14
976.0 -63.14
976.4 -63.07
976.8 -63.47
977.2 -62.96
977.6 -63.25
978.0 -63.35
978.4 -63.35
978.8 -63.27
979.2 -63.17
979.6 -63.34
980.0 -62.9
980.4 -63.34
980.8 -63.07
981.2 -63.18
981.6 -62.95
982.0 -62.96
982.4 -62.91
982.8 -62.78
983.2 -62.75
983.6 -62.55
984.0 -62.58
984.4 -62.54
984.8 -62.54
985.2 -62.29
985.6 -62.48
986.0 -62.49
986.4 -62.25
986.8 -62.15
987.2 -62.13
987.6 -62.15
988.0 -62.05
988.4 -62.11
988.8 -62.0
989.2 -62.0
989.6 -61.91
990.0 -62.01
990.4 -62.07
990.8 -61.61
991.2 -61.7
991.6 -61.69
992.0 -61.97
992.4 -61.68
992.8 -61.6
993.2 -61.64
993.6 -61.73
994.0 -61.7
994.4 -61.67
994.8 -61.64
995.2 -61.67
995.6 -61.87
996.0 -61.68
996.4 -61.74
996.8 -61.66
997.2 -61.7
997.6 -61.66
998.0 -61.55
998.4 -61.62
998.8 -61.67
999.2 -61.84
999.6 -61.64
1000.0 -61.77
