600.0 -210.0
600.4 -210.0
600.8 -73.05
601.2 -71.2
601.6 -210.0
602.0 -73.47
602.4 -68.49
602.8 -210.0
603.2 -210.0
603.6 -210.0
604.0 -210.0
604.4 -71.86
604.8 -210.0
605.2 -210.0
605.6 -69.31
606.0 -73.06
606.4 -71.54
606.8 -210.0
607.2 -73.46
607.6 -70.65
608.0 -76.2
608.4 -71.67
608.8 -74.71
609.2 -72.68
609.6 -68.32
610.0 -69.21
610.4 -210.0
610.8 -72.27
611.2 -74.43
611.6 -210.0
612.0 -72.11
612.4 -69.74
612.8 -72.39
613.2 -72.41
613.6 -73.53
614.0 -72.71
614.4 -75.49
614.8 -210.0
615.2 -210.0
615.6 -69.54
616.0 -73.67
616.4 -210.0
616.8 -210.0
617.2 -72.65
617.6 -78.24
618.0 -72.95
618.4 -210.0
618.8 -210.0
619.2 -79.3
619.6 -73.04
620.0 -69.68
620.4 -70.48
620.8 -75.87
621.2 -69.53
621.6 -210.0
622.0 -73.45
622.4 -210.0
622.8 -77.09
623.2 -71.09
623.6 -74.46
624.0 -75.62
624.4 -72.86
624.8 -69.04
625.2 -70.13
625.6 -210.0
626.0 -73.19
626.4 -73.72
626.8 -71.65
627.2 -70.02
627.6 -71.07
628.0 -77.41
628.4 -70.84
628.8 -68.76
629.2 -70.62
629.6 -78.18
630.0 -70.43
630.4 -74.26
630.8 -73.5
631.2 -70.9
631.6 -70.67
632.0 -74.38
632.4 -74.13
632.8 -72.59
633.2 -70.67
633.6 -69.82
634.0 -68.96
634.4 -72.17
634.8 -71.43
635.2 -72.4
635.6 -68.7
636.0 -70.1
636.4 -73.91
636.8 -70.26
637.2 -71.21
637.6 -70.53
638.0 -69.03
638.4 -75.15
638.8 -70.31
639.2 -70.99
639.6 -73.92
640.0 -72.93
640.4 -69.87
640.8 -70.0
641.2 -74.29
641.6 -69.56
642.0 -69.84
642.4 -72.64
642.8 -68.54
643.2 -70.79
643.6 -69.66
644.0 -70.28
644.4 -70.15
644.8 -69.39
645.2 -67.81
645.6 -69.05
646.0 -70.37
646.4 -70.59
646.8 -68.9
647.2 -69.06
647.6 -68.18
648.0 -69.0
648.4 -69.94
648.8 -67.58
649.2 -69.24
649.6 -70.36
650.0 -69.69
650.4 -68.69
650.8 -69.42
651.2 -68.08
651.6 -69.56
652.0 -68.7
652.4 -69.51
652.8 -70.15
653.2 -67.18
653.6 -68.45
654.0 -69.13
654.4 -69.07
654.8 -67.83
655.2 -67.61
655.6 -68.31
656.0 -69.21
656.4 -68.53
656.8 -69.09
657.2 -69.55
657.6 -66.85
658.0 -67.9
658.4 -67.46
658.8 -68.24
659.2 -67.43
659.6 -69.36
660.0 -68.4
660.4 -67.24
660.8 -67.4
661.2 -68.15
661.6 -67.48
662.0 -67.92
662.4 -67.7
662.8 -67.2
663.2 -69.0
663.6 -68.61
664.0 -67.53
664.4 -68.72
664.8 -67.57
665.2 -67.48
665.6 -68.56
666.0 -67.09
666.4 -67.4
666.8 -66.69
667.2 -67.16
667.6 -66.8
668.0 -67.36
668.4 -67.09
668.8 -67.83
669.2 -67.44
669.6 -67.78
670.0 -68.1
670.4 -68.99
670.8 -70.12
671.2 -67.76
671.6 -70.04
672.0 -67.41
672.4 -66.87
672.8 -67.49
673.2 -68.85
673.6 -67.74
674.0 -68.72
674.4 -66.37
674.8 -65.85
675.2 -67.14
675.6 -66.81
676.0 -67.06
676.4 -67.33
676.8 -66.65
677.2 -66.41
677.6 -66.25
678.0 -67.56
678.4 -66.11
678.8 -67.38
679.2 -67.6
679.6 -66.91
680.0 -66.9
680.4 -66.94
680.8 -67.49
681.2 -66.86
681.6 -66.17
682.0 -66.8
682.4 -66.35
682.8 -66.61
683.2 -66.24
683.6 -66.14
684.0 -67.28
684.4 -66.77
684.8 -66.66
685.2 -67.69
685.6 -66.83
686.0 -66.47
686.4 -66.71
686.8 -66.46
687.2 -66.89
687.6 -66.48
688.0 -66.88
688.4 -67.14
688.8 -66.79
689.2 -66.86
689.6 -66.82
690.0 -66.49
690.4 -67.32
690.8 -66.58
691.2 -66.54
691.6 -66.07
692.0 -65.93
692.4 -66.28
692.8 -66.73
693.2 -67.07
693.6 -66.54
694.0 -66.5
694.4 -66.52
694.8 -66.42
695.2 -66.73
695.6 -65.73
696.0 -66.61
696.4 -65.96
696.8 -66.39
697.2 -65.92
697.6 -67.13
698.0 -66.88
698.4 -65.86
698.8 -65.65
699.2 -66.71
699.6 -66.04
700.0 -65.72
700.4 -65.62
700.8 -66.06
701.2 -66.64
701.6 -66.49
702.0 -66.71
702.4 -66.66
702.8 -65.68
703.2 -65.64
703.6 -66.32
704.0 -65.66
704.4 -66.44
704.8 -65.71
705.2 -65.95
705.6 -66.4
706.0 -66.68
706.4 -65.93
706.8 -66.13
707.2 -66.74
707.6 -66.48
708.0 -65.79
708.4 -65.78
708.8 -66.0
709.2 -66.03
709.6 -66.27
710.0 -65.95
710.4 -66.29
710.8 -66.01
711.2 -65.94
711.6 -65.64
712.0 -65.58
712.4 -65.96
712.8 -66.3
713.2 -66.96
713.6 -65.53
714.0 -65.53
714.4 -65.83
714.8 -66.07
715.2 -65.25
715.6 -66.16
716.0 -66.45
716.4 -65.72
716.8 -64.99
717.2 -66.32
717.6 -65.65
718.0 -65.96
718.4 -65.79
718.8 -65.59
719.2 -65.69
719.6 -65.47
720.0 -65.71
720.4 -65.49
720.8 -67.12
721.2 -66.54
721.6 -65.96
722.0 -65.69
722.4 -65.07
722.8 -65.55
723.2 -66.45
723.6 -66.37
724.0 -67.37
724.4 -65.24
724.8 -65.35
725.2 -65.6
725.6 -66.1
726.0 -65.4
726.4 -66.27
726.8 -65.3
727.2 -65.8
727.6 -65.7
728.0 -66.84
728.4 -65.5
728.8 -66.13
729.2 -65.28
729.6 -67.04
730.0 -66.82
730.4 -65.13
730.8 -65.57
731.2 -66.4
731.6 -66.22
732.0 -66.17
732.4 -66.21
732.8 -64.91
733.2 -65.95
733.6 -65.91
734.0 -65.24
734.4 -65.32
734.8 -65.0
735.2 -65.87
735.6 -65.11
736.0 -65.31
736.4 -65.1
736.8 -65.58
737.2 -65.78
737.6 -65.6
738.0 -66.01
738.4 -65.98
738.8 -66.18
739.2 -65.22
739.6 -65.73
740.0 -65.12
740.4 -65.33
740.8 -65.49
741.2 -65.77
741.6 -65.64
742.0 -67.21
742.4 -66.02
742.8 -65.47
743.2 -66.71
743.6 -65.63
744.0 -66.33
744.4 -65.79
744.8 -66.33
745.2 -65.33
745.6 -65.95
746.0 -64.91
746.4 -66.65
746.8 -66.02
747.2 -65.7
747.6 -65.34
748.0 -66.05
748.4 -66.15
748.8 -64.89
749.2 -67.16
749.6 -65.76
750.0 -64.28
750.4 -66.25
750.8 -66.02
751.2 -65.19
751.6 -65.4
752.0 -65.65
752.4 -65.89
752.8 -64.52
753.2 -65.74
753.6 -65.8
754.0 -65.15
754.4 -65.36
754.8 -66.16
755.2 -65.82
755.6 -64.59
756.0 -65.24
756.4 -65.6
756.8 -65.59
757.2 -65.9
757.6 -65.13
758.0 -66.15
758.4 -64.89
758.8 -65.37
759.2 -66.54
759.6 -65.87
760.0 -64.98
760.4 -65.62
760.8 -66.73
761.2 -65.09
761.6 -65.47
762.0 -65.11
762.4 -65.7
762.8 -65.07
763.2 -64.86
763.6 -65.73
764.0 -66.4
764.4 -66.28
764.8 -65.71
765.2 -65.67
765.6 -65.5
766.0 -64.64
766.4 -65.73
766.8 -66.02
767.2 -65.51
767.6 -65.51
768.0 -64.9
768.4 -65.08
768.8 -64.42
769.2 -64.66
769.6 -65.1
770.0 -65.42
770.4 -65.73
770.8 -64.46
771.2 -65.84
771.6 -65.25
772.0 -65.34
772.4 -65.54
772.8 -64.61
773.2 -65.65
773.6 -66.46
774.0 -66.37
774.4 -65.17
774.8 -65.11
775.2 -64.89
775.6 -65.67
776.0 -65.59
776.4 -66.03
776.8 -66.07
777.2 -65.0
777.6 -66.19
778.0 -65.18
778.4 -66.14
778.8 -64.75
779.2 -65.48
779.6 -64.75
780.0 -66.68
780.4 -64.95
780.8 -65.94
781.2 -65.01
781.6 -65.63
782.0 -64.62
782.4 -64.91
782.8 -64.65
783.2 -65.35
783.6 -64.58
784.0 -65.09
784.4 -65.25
784.8 -65.61
785.2 -65.47
785.6 -65.65
786.0 -66.35
786.4 -65.33
786.8 -65.19
787.2 -65.6
787.6 -64.65
788.0 -65.1
788.4 -64.9
788.8 -65.35
789.2 -65.18
789.6 -65.15
790.0 -65.73
790.4 -64.32
790.8 -64.68
791.2 -64.5
791.6 -64.97
792.0 -64.45
792.4 -66.48
792.8 -64.49
793.2 -64.41
793.6 -64.22
794.0 -64.29
794.4 -64.71
794.8 -65.02
795.2 -65.31
795.6 -65.8
796.0 -65.07
796.4 -64.08
796.8 -64.64
797.2 -64.49
797.6 -64.87
798.0 -64.9
798.4 -65.02
798.8 -65.25
799.2 -64.13
799.6 -65.52
800.0 -64.17
800.4 -64.73
800.8 -64.17
801.2 -64.77
801.6 -64.21
802.0 -64.8
802.4 -64.77
802.8 -64.25
803.2 -64.46
803.6 -64.09
804.0 -64.23
804.4 -64.5
804.8 -64.34
805.2 -64.02
805.6 -63.58
806.0 -62.58
806.4 -60.93
806.8 -57.59
807.2 -53.94
807.6 -49.85
808.0 -48.51
808.4 -49.46
808.8 -49.97
809.2 -53.82
809.6 -61.38
810.0 -63.1
810.4 -63.6
810.8 -64.26
811.2 -64.16
811.6 -64.33
812.0 -64.1
812.4 -64.08
812.8 -64.02
813.2 -64.1
813.6 -63.89
814.0 -65.09
814.4 -65.52
814.8 -64.08
815.2 -64.39
815.6 -63.87
816.0 -63.88
816.4 -63.34
816.8 -64.39
817.2 -63.83
817.6 -64.41
818.0 -64.01
818.4 -64.47
818.8 -64.13
819.2 -64.23
819.6 -64.19
820.0 -64.38
820.4 -63.86
820.8 -64.09
821.2 -63.73
821.6 -63.54
822.0 -63.74
822.4 -63.72
822.8 -63.93
823.2 -63.99
823.6 -63.98
824.0 -65.17
824.4 -64.1
824.8 -63.66
825.2 -63.36
825.6 -63.66
826.0 -64.73
826.4 -64.2
826.8 -64.32
827.2 -63.68
827.6 -64.47
828.0 -63.61
828.4 -64.06
828.8 -63.07
829.2 -63.52
829.6 -63.21
830.0 -63.54
830.4 -64.02
830.8 -63.25
831.2 -63.69
831.6 -64.08
832.0 -63.27
832.4 -63.52
832.8 -63.65
833.2 -63.53
833.6 -63.84
834.0 -63.18
834.4 -63.56
834.8 -63.14
835.2 -63.98
835.6 -62.75
836.0 -63.25
836.4 -62.74
836.8 -63.33
837.2 -63.4
837.6 -63.6
838.0 -63.1
838.4 -63.59
838.8 -63.45
839.2 -63.35
839.6 -63.54
840.0 -63.34
840.4 -63.13
840.8 -63.5
841.2 -63.76
841.6 -63.02
842.0 -63.62
842.4 -63.54
842.8 -63.46
843.2 -63.35
843.6 -63.85
844.0 -63.59
844.4 -63.27
844.8 -63.17
845.2 -63.03
845.6 -63.55
846.0 -63.5
846.4 -63.02
846.8 -63.58
847.2 -63.62
847.6 -63.57
848.0 -63.31
848.4 -63.33
848.8 -63.56
849.2 -63.28
849.6 -63.17
850.0 -63.37
850.4 -63.07
850.8 -63.09
851.2 -63.17
851.6 -63.11
852.0 -63.37
852.4 -62.99
852.8 -62.98
853.2 -62.83
853.6 -62.76
854.0 -62.97
854.4 -62.71
854.8 -63.04
855.2 -62.74
855.6 -62.9
856.0 -63.15
856.4 -62.83
856.8 -62.74
857.2 -63.5
857.6 -63.08
858.0 -62.82
858.4 -63.04
858.8 -63.09
859.2 -63.19
859.6 -62.92
860.0 -62.88
860.4 -62.84
860.8 -62.9
861.2 -62.54
861.6 -62.53
862.0 -63.37
862.4 -63.23
862.8 -62.78
863.2 -63.2
863.6 -63.24
864.0 -62.66
864.4 -62.5
864.8 -62.47
865.2 -62.38
865.6 -63.11
866.0 -62.77
866.4 -63.27
866.8 -63.04
867.2 -62.73
867.6 -62.52
868.0 -62.64
868.4 -62.91
868.8 -62.13
869.2 -62.83
869.6 -62.63
870.0 -62.74
870.4 -62.65
870.8 -62.65
871.2 -62.65
871.6 -62.76
872.0 -62.86
872.4 -62.73
872.8 -63.16
873.2 -62.44
873.6 -63.03
874.0 -62.19
874.4 -62.67
874.8 -62.72
875.2 -62.81
875.6 -62.48
876.0 -62.93
876.4 -62.69
876.8 -63.03
877.2 -62.47
877.6 -62.52
878.0 -62.47
878.4 -62.39
878.8 -62.55
879.2 -62.29
879.6 -62.27
880.0 -62.56
880.4 -62.63
880.8 -62.41
881.2 -62.87
881.6 -62.63
882.0 -62.44
882.4 -62.06
882.8 -62.63
883.2 -62.6
883.6 -62.53
884.0 -62.2
884.4 -62.55
884.8 -62.15
885.2 -62.23
885.6 -62.42
886.0 -62.23
886.4 -62.22
886.8 -62.28
887.2 -62.04
887.6 -62.04
888.0 -62.21
888.4 -62.36
888.8 -62.69
889.2 -62.17
889.6 -62.55
890.0 -62.46
890.4 -62.0
890.8 -62.25
891.2 -62.04
891.6 -62.25
892.0 -62.18
892.4 -62.14
892.8 -61.68
893.2 -62.33
893.6 -62.24
894.0 -62.39
894.4 -62.43
894.8 -62.14
895.2 -62.74
895.6 -62.08
896.0 -62.31
896.4 -62.04
896.8 -62.24
897.2 -62.49
897.6 -62.19
898.0 -62.22
898.4 -62.54
898.8 -62.49
899.2 -62.41
899.6 -62.46
900.0 -62.15
900.4 -62.07
900.8 -62.36
901.2 -62.18
901.6 -62.31
902.0 -62.04
902.4 -62.78
902.8 -62.49
903.2 -61.96
903.6 -62.33
904.0 -62.12
904.4 -62.55
904.8 -62.34
905.2 -61.66
905.6 -61.84
906.0 -62.27
906.4 -62.24
906.8 -61.97
907.2 -61.98
907.6 -61.97
908.0 -61.95
908.4 -62.41
908.8 -62.11
909.2 -61.82
909.6 -62.23
910.0 -61.93
910.4 -62.03
910.8 -62.19
911.2 -61.76
911.6 -61.97
912.0 -61.76
912.4 -62.1
912.8 -61.94
913.2 -61.76
913.6 -61.78
914.0 -62.06
914.4 -62.14
914.8 -62.34
915.2 -61.73
915.6 -62.01
916.0 -61.89
916.4 -61.96
916.8 -61.97
917.2 -61.97
917.6 -61.68
918.0 -61.96
918.4 -61.86
918.8 -61.85
919.2 -61.95
919.6 -61.78
920.0 -61.72
920.4 -61.4
920.8 -61.96
921.2 -61.61
921.6 -61.68
922.0 -61.75
922.4 -61.69
922.8 -61.68
923.2 -61.73
923.6 -61.84
924.0 -61.65
924.4 -61.93
924.8 -61.42
925.2 -61.68
925.6 -61.88
926.0 -61.37
926.4 -61.57
926.8 -61.8
927.2 -61.4
927.6 -61.56
928.0 -61.59
928.4 -61.61
928.8 -61.27
929.2 -61.78
929.6 -61.45
930.0 -61.28
930.4 -61.46
930.8 -61.46
931.2 -61.51
931.6 -61.77
932.0 -61.57
932.4 -61.58
932.8 -61.35
933.2 -61.5
933.6 -61.12
934.0 -61.55
934.4 -61.53
934.8 -61.26
935.2 -61.39
935.6 -61.21
936.0 -61.3
936.4 -61.53
936.8 -61.35
937.2 -61.14
937.6 -61.42
938.0 -61.42
938.4 -61.52
938.8 -61.24
939.2 -61.43
939.6 -61.17
940.0 -61.18
940.4 -61.41
940.8 -61.22
941.2 -61.39
941.6 -61.15
942.0 -61.25
942.4 -61.33
942.8 -61.08
943.2 -61.15
943.6 -61.33
944.0 -61.31
944.4 -61.1
944.8 -61.18
945.2 -61.03
945.6 -61.19
946.0 -61.11
946.4 -60.97
946.8 -61.38
947.2 -61.06
947.6 -61.16
948.0 -61.07
948.4 -61.01
948.8 -61.23
949.2 -61.06
949.6 -61.28
950.0 -60.98
950.4 -60.97
950.8 -61.19
951.2 -60.98
951.6 -61.09
952.0 -61.15
952.4 -61.0
952.8 -60.92
953.2 -60.93
953.6 -61.32
954.0 -60.95
954.4 -61.15
954.8 -61.07
955.2 -61.07
955.6 -61.27
956.0 -61.05
956.4 -61.21
956.8 -60.92
957.2 -60.96
957.6 -61.0
958.0 -61.08
958.4 -60.89
958.8 -61.0
959.2 -61.0
959.6 -60.8
960.0 -61.04
960.4 -61.1
960.8 -60.93
961.2 -60.8
961.6 -60.82
962.0 -60.6
962.4 -60.73
962.8 -60.58
963.2 -60.55
963.6 -60.66
964.0 -60.49
964.4 -60.48
964.8 -60.45
965.2 -60.55
965.6 -60.23
966.0 -60.42
966.4 -60.42
966.8 -60.37
967.2 -60.42
967.6 -60.62
968.0 -60.56
968.4 -60.51
968.8 -60.32
969.2 -60.55
969.6 -60.58
970.0 -60.66
970.4 -60.62
970.8 -60.54
971.2 -60.68
971.6 -60.61
972.0 -60.7
972.4 -60.68
972.8 -60.76
973.2 -60.66
973.6 -60.83
974.0 -60.8
974.4 -60.75
974.8 -60.76
975.2 -60.82
975.6 -60.8
976.0 -60.86
976.4 -61.07
976.8 -60.87
977.2 -60.9
977.6 -60.93
978.0 -60.92
978.4 -60.84
978.8 -60.89
979.2 -60.85
979.6 -61.08
980.0 -61.13
980.4 -61.03
980.8 -61.23
981.2 -61.03
981.6 -61.02
982.0 -60.88
982.4 -60.83
982.8 -61.02
983.2 -60.74
983.6 -60.74
984.0 -60.73
984.4 -60.61
984.8 -60.67
985.2 -60.58
985.6 -60.53
986.0 -60.34
986.4 -60.31
986.8 -60.31
987.2 -60.33
987.6 -60.29
988.0 -60.2
988.4 -59.99
988.8 -59.92
989.2 -60.1
989.6 -60.1
990.0 -59.84
990.4 -59.96
990.8 -59.81
991.2 -59.83
991.6 -59.86
992.0 -59.75
992.4 -59.76
992.8 -59.71
993.2 -59.79
993.6 -59.83
994.0 -59.57
994.4 -59.74
994.8 -59.65
995.2 -59.63
995.6 -59.68
996.0 -59.6
996.4 -59.62
996.8 -59.76
997.2 -59.58
997.6 -59.56
998.0 -59.82
998.4 -59.77
998.8 -59.81
999.2 -59.84
999.6 -59.79
1000.0 -59.76
