600.0 -210.0
600.4 -72.69
600.8 -210.0
601.2 -79.43
601.6 -71.45
602.0 -79.49
602.4 -210.0
602.8 -210.0
603.2 -79.56
603.6 -70.94
604.0 -72.93
604.4 -71.63
604.8 -210.0
605.2 -210.0
605.6 -72.19
606.0 -84.53
606.4 -77.56
606.8 -78.55
607.2 -210.0
607.6 -210.0
608.0 -210.0
608.4 -81.67
608.8 -69.39
609.2 -68.19
609.6 -72.99
610.0 -210.0
610.4 -210.0
610.8 -69.38
611.2 -71.42
611.6 -210.0
612.0 -69.21
612.4 -71.7
612.8 -69.38
613.2 -71.96
613.6 -210.0
614.0 -72.71
614.4 -67.96
614.8 -73.02
615.2 -72.53
615.6 -71.13
616.0 -210.0
616.4 -68.72
616.8 -71.2
617.2 -70.58
617.6 -70.04
618.0 -79.23
618.4 -71.47
618.8 -69.27
619.2 -70.41
619.6 -73.88
620.0 -76.33
620.4 -76.36
620.8 -71.1
621.2 -68.54
621.6 -69.78
622.0 -73.45
622.4 -72.09
622.8 -72.99
623.2 -69.03
623.6 -67.89
624.0 -73.85
624.4 -71.02
624.8 -68.68
625.2 -210.0
625.6 -70.27
626.0 -71.27
626.4 -71.79
626.8 -73.01
627.2 -210.0
627.6 -71.37
628.0 -69.33
628.4 -70.84
628.8 -76.88
629.2 -67.94
629.6 -69.53
630.0 -72.02
630.4 -74.89
630.8 -71.74
631.2 -72.66
631.6 -71.8
632.0 -76.15
632.4 -69.84
632.8 -71.73
633.2 -73.93
633.6 -70.46
634.0 -68.65
634.4 -69.78
634.8 -68.42
635.2 -72.57
635.6 -77.37
636.0 -71.25
636.4 -69.06
636.8 -71.72
637.2 -67.72
637.6 -70.22
638.0 -72.78
638.4 -68.49
638.8 -70.31
639.2 -68.61
639.6 -72.56
640.0 -71.82
640.4 -68.02
640.8 -72.84
641.2 -70.22
641.6 -68.43
642.0 -69.13
642.4 -71.27
642.8 -67.55
643.2 -67.94
643.6 -70.25
644.0 -67.9
644.4 -68.62
644.8 -71.15
645.2 -68.63
645.6 -69.92
646.0 -67.73
646.4 -67.15
646.8 -69.09
647.2 -67.01
647.6 -67.13
648.0 -69.0
648.4 -70.09
648.8 -67.95
649.2 -68.76
649.6 -67.83
650.0 -67.57
650.4 -68.22
650.8 -66.65
651.2 -67.33
651.6 -67.46
652.0 -68.59
652.4 -68.09
652.8 -67.22
653.2 -68.83
653.6 -67.52
654.0 -68.06
654.4 -67.48
654.8 -66.42
655.2 -67.32
655.6 -67.4
656.0 -67.17
656.4 -67.62
656.8 -67.67
657.2 -68.18
657.6 -66.6
658.0 -67.26
658.4 -66.64
658.8 -66.79
659.2 -66.75
659.6 -66.86
660.0 -68.3
660.4 -67.28
660.8 -65.65
661.2 -67.44
661.6 -67.65
662.0 -66.83
662.4 -65.85
662.8 -67.13
663.2 -66.8
663.6 -66.94
664.0 -66.87
664.4 -66.56
664.8 -66.33
665.2 -66.76
665.6 -66.56
666.0 -66.3
666.4 -67.61
666.8 -66.49
667.2 -66.73
667.6 -66.23
668.0 -66.36
668.4 -67.44
668.8 -66.46
669.2 -66.98
669.6 -65.6
670.0 -67.31
670.4 -66.86
670.8 -67.03
671.2 -66.37
671.6 -66.15
672.0 -65.49
672.4 -66.27
672.8 -65.95
673.2 -66.65
673.6 -66.38
674.0 -67.78
674.4 -65.88
674.8 -66.56
675.2 -66.4
675.6 -66.99
676.0 -66.04
676.4 -65.95
676.8 -66.61
677.2 -65.97
677.6 -66.28
678.0 -65.96
678.4 -66.43
678.8 -66.17
679.2 -65.89
679.6 -65.86
680.0 -65.94
680.4 -67.13
680.8 -66.5
681.2 -66.21
681.6 -66.53
682.0 -65.79
682.4 -65.91
682.8 -65.45
683.2 -65.59
683.6 -67.54
684.0 -66.85
684.4 -66.56
684.8 -66.32
685.2 -66.44
685.6 -66.24
686.0 -66.37
686.4 -67.17
686.8 -66.56
687.2 -66.03
687.6 -66.15
688.0 -66.28
688.4 -65.92
688.8 -66.61
689.2 -65.85
689.6 -65.88
690.0 -65.47
690.4 -66.41
690.8 -66.34
691.2 -66.2
691.6 -66.01
692.0 -65.87
692.4 -65.95
692.8 -65.65
693.2 -66.1
693.6 -66.17
694.0 -65.81
694.4 -65.68
694.8 -66.21
695.2 -66.2
695.6 -66.34
696.0 -65.11
696.4 -65.86
696.8 -65.99
697.2 -66.41
697.6 -65.39
698.0 -65.55
698.4 -65.56
698.8 -66.09
699.2 -65.36
699.6 -65.76
700.0 -66.3
700.4 -65.93
700.8 -66.29
701.2 -65.41
701.6 -66.05
702.0 -66.14
702.4 -66.62
702.8 -65.42
703.2 -65.73
703.6 -65.7
704.0 -65.6
704.4 -65.93
704.8 -66.41
705.2 -65.41
705.6 -66.12
706.0 -65.48
706.4 -65.03
706.8 -65.06
707.2 -65.21
707.6 -66.09
708.0 -65.4
708.4 -66.49
708.8 -65.71
709.2 -65.52
709.6 -65.46
710.0 -65.54
710.4 -65.28
710.8 -64.87
711.2 -65.19
711.6 -65.43
712.0 -65.96
712.4 -65.77
712.8 -64.95
713.2 -65.22
713.6 -66.11
714.0 -66.08
714.4 -65.17
714.8 -65.4
715.2 -65.48
715.6 -66.09
716.0 -65.36
716.4 -65.3
716.8 -65.56
717.2 -65.77
717.6 -65.71
718.0 -65.02
718.4 -65.6
718.8 -65.35
719.2 -64.83
719.6 -65.72
720.0 -65.43
720.4 -65.62
720.8 -65.51
721.2 -66.1
721.6 -65.61
722.0 -64.93
722.4 -65.63
722.8 -65.65
723.2 -66.48
723.6 -65.59
724.0 -65.39
724.4 -65.73
724.8 -66.13
725.2 -65.57
725.6 -65.66
726.0 -66.02
726.4 -66.05
726.8 -65.36
727.2 -66.89
727.6 -65.3
728.0 -65.76
728.4 -66.25
728.8 -65.0
729.2 -65.88
729.6 -65.53
730.0 -64.96
730.4 -64.77
730.8 -65.93
731.2 -65.8
731.6 -65.6
732.0 -64.83
732.4 -65.37
732.8 -65.14
733.2 -66.42
733.6 -65.33
734.0 -65.39
734.4 -65.41
734.8 -65.35
735.2 -65.32
735.6 -66.07
736.0 -66.18
736.4 -64.79
736.8 -65.42
737.2 -65.46
737.6 -66.01
738.0 -66.42
738.4 -65.09
738.8 -65.19
739.2 -65.37
739.6 -65.86
740.0 -65.99
740.4 -66.21
740.8 -65.75
741.2 -65.61
741.6 -65.91
742.0 -66.24
742.4 -65.45
742.8 -65.73
743.2 -64.85
743.6 -66.46
744.0 -65.82
744.4 -66.41
744.8 -66.66
745.2 -65.43
745.6 -65.29
746.0 -65.85
746.4 -66.86
746.8 -65.99
747.2 -65.77
747.6 -66.43
748.0 -65.6
748.4 -65.52
748.8 -65.27
749.2 -65.56
749.6 -64.73
750.0 -65.99
750.4 -65.78
750.8 -66.4
751.2 -66.09
751.6 -66.08
752.0 -66.46
752.4 -64.99
752.8 -65.54
753.2 -66.25
753.6 -65.6
754.0 -65.7
754.4 -65.08
754.8 -64.94
755.2 -65.19
755.6 -65.48
756.0 -65.6
756.4 -65.67
756.8 -66.2
757.2 -65.42
757.6 -65.68
758.0 -64.48
758.4 -65.15
758.8 -65.64
759.2 -65.08
759.6 -65.73
760.0 -65.94
760.4 -65.76
760.8 -65.82
761.2 -66.08
761.6 -65.54
762.0 -65.63
762.4 -66.1
762.8 -65.52
763.2 -65.62
763.6 -65.42
764.0 -65.19
764.4 -65.54
764.8 -65.37
765.2 -65.4
765.6 -65.21
766.0 -65.46
766.4 -65.95
766.8 -65.58
767.2 -65.62
767.6 -66.17
768.0 -65.24
768.4 -65.61
768.8 -65.33
769.2 -65.53
769.6 -66.98
770.0 -66.14
770.4 -67.06
770.8 -65.48
771.2 -65.52
771.6 -65.28
772.0 -64.99
772.4 -64.34
772.8 -65.61
773.2 -65.54
773.6 -65.47
774.0 -64.89
774.4 -65.17
774.8 -64.31
775.2 -65.93
775.6 -65.2
776.0 -65.7
776.4 -65.45
776.8 -64.97
777.2 -64.97
777.6 -65.56
778.0 -65.41
778.4 -65.62
778.8 -64.99
779.2 -65.62
779.6 -64.99
780.0 -64.89
780.4 -65.82
780.8 -65.43
781.2 -65.01
781.6 -66.08
782.0 -64.88
782.4 -65.16
782.8 -65.74
783.2 -64.03
783.6 -65.69
784.0 -65.55
784.4 -64.36
784.8 -66.18
785.2 -65.58
785.6 -65.76
786.0 -65.98
786.4 -64.91
786.8 -64.45
787.2 -64.59
787.6 -65.9
788.0 -65.46
788.4 -64.99
788.8 -65.09
789.2 -64.61
789.6 -64.72
790.0 -64.49
790.4 -65.08
790.8 -65.41
791.2 -65.1
791.6 -65.75
792.0 -64.29
792.4 -63.93
792.8 -64.2
793.2 -64.2
793.6 -64.36
794.0 -64.6
794.4 -64.57
794.8 -64.86
795.2 -63.96
795.6 -64.73
796.0 -65.23
796.4 -64.0
796.8 -64.31
797.2 -65.19
797.6 -64.87
798.0 -64.9
798.4 -64.51
798.8 -64.62
799.2 -64.96
799.6 -63.88
800.0 -64.44
800.4 -64.56
800.8 -64.53
801.2 -63.86
801.6 -64.18
802.0 -64.45
802.4 -64.34
802.8 -63.82
803.2 -64.3
803.6 -63.65
804.0 -64.47
804.4 -63.53
804.8 -63.51
805.2 -63.62
805.6 -63.13
806.0 -62.49
806.4 -60.83
806.8 -57.49
807.2 -53.84
807.6 -49.92
808.0 -48.54
808.4 -49.49
808.8 -50.18
809.2 -54.25
809.6 -61.08
810.0 -62.96
810.4 -63.36
810.8 -63.59
811.2 -63.59
811.6 -64.8
812.0 -64.08
812.4 -63.3
812.8 -63.53
813.2 -63.74
813.6 -64.5
814.0 -63.73
814.4 -64.85
814.8 -63.66
815.2 -63.66
815.6 -63.62
816.0 -63.72
816.4 -63.92
816.8 -64.29
817.2 -64.59
817.6 -64.31
818.0 -63.98
818.4 -64.55
818.8 -63.86
819.2 -63.48
819.6 -63.65
820.0 -63.56
820.4 -63.7
820.8 -64.04
821.2 -63.98
821.6 -63.98
822.0 -64.43
822.4 -63.78
822.8 -63.95
823.2 -63.77
823.6 -63.63
824.0 -63.69
824.4 -63.85
824.8 -64.29
825.2 -63.84
825.6 -64.01
826.0 -64.02
826.4 -64.04
826.8 -63.65
827.2 -63.68
827.6 -64.07
828.0 -64.04
828.4 -64.24
828.8 -64.76
829.2 -63.58
829.6 -63.53
830.0 -64.02
830.4 -63.57
830.8 -64.21
831.2 -63.69
831.6 -64.61
832.0 -64.4
832.4 -64.19
832.8 -63.61
833.2 -64.42
833.6 -64.19
834.0 -63.95
834.4 -63.77
834.8 -64.26
835.2 -63.75
835.6 -64.05
836.0 -64.1
836.4 -64.49
836.8 -64.27
837.2 -64.36
837.6 -64.44
838.0 -63.93
838.4 -64.33
838.8 -64.42
839.2 -64.56
839.6 -64.65
840.0 -64.66
840.4 -64.84
840.8 -64.39
841.2 -64.08
841.6 -64.6
842.0 -64.35
842.4 -64.65
842.8 -64.65
843.2 -64.36
843.6 -64.32
844.0 -64.72
844.4 -64.61
844.8 -64.37
845.2 -64.6
845.6 -64.02
846.0 -64.31
846.4 -64.33
846.8 -64.97
847.2 -64.67
847.6 -64.09
848.0 -64.61
848.4 -63.92
848.8 -64.81
849.2 -64.57
849.6 -64.11
850.0 -64.84
850.4 -64.33
850.8 -64.6
851.2 -64.72
851.6 -64.26
852.0 -64.34
852.4 -64.92
852.8 -64.17
853.2 -64.6
853.6 -64.33
854.0 -64.99
854.4 -64.57
854.8 -64.86
855.2 -64.32
855.6 -64.85
856.0 -64.82
856.4 -64.85
856.8 -64.73
857.2 -64.51
857.6 -65.42
858.0 -64.97
858.4 -64.78
858.8 -64.74
859.2 -64.5
859.6 -65.21
860.0 -64.53
860.4 -64.64
860.8 -64.56
861.2 -64.13
861.6 -64.38
862.0 -64.38
862.4 -64.8
862.8 -64.5
863.2 -65.32
863.6 -64.73
864.0 -64.64
864.4 -64.72
864.8 -64.27
865.2 -64.92
865.6 -64.99
866.0 -65.01
866.4 -64.98
866.8 -65.38
867.2 -64.62
867.6 -64.04
868.0 -64.68
868.4 -65.33
868.8 -65.65
869.2 -64.97
869.6 -64.97
870.0 -64.87
870.4 -65.03
870.8 -64.95
871.2 -65.59
871.6 -65.16
872.0 -64.45
872.4 -65.17
872.8 -64.64
873.2 -65.06
873.6 -65.28
874.0 -65.28
874.4 -65.24
874.8 -64.81
875.2 -65.53
875.6 -65.38
876.0 -64.96
876.4 -65.27
876.8 -65.08
877.2 -64.54
877.6 -65.72
878.0 -65.21
878.4 -65.21
878.8 -65.07
879.2 -65.14
879.6 -64.36
880.0 -65.54
880.4 -64.9
880.8 -64.66
881.2 -64.71
881.6 -65.62
882.0 -65.29
882.4 -65.09
882.8 -65.12
883.2 -65.2
883.6 -65.25
884.0 -65.22
884.4 -65.58
884.8 -64.95
885.2 -65.06
885.6 -64.57
886.0 -65.27
886.4 -65.13
886.8 -65.75
887.2 -64.63
887.6 -64.85
888.0 -65.31
888.4 -65.02
888.8 -65.99
889.2 -64.7
889.6 -65.39
890.0 -65.44
890.4 -65.36
890.8 -64.72
891.2 -66.15
891.6 -65.96
892.0 -65.08
892.4 -64.64
892.8 -65.7
893.2 -65.47
893.6 -64.96
894.0 -65.08
894.4 -65.83
894.8 -64.76
895.2 -66.23
895.6 -65.63
896.0 -65.44
896.4 -64.43
896.8 -65.51
897.2 -66.52
897.6 -65.89
898.0 -66.12
898.4 -65.75
898.8 -64.69
899.2 -65.88
899.6 -64.66
900.0 -65.68
900.4 -65.55
900.8 -65.85
901.2 -65.06
901.6 -65.14
902.0 -64.98
902.4 -65.73
902.8 -66.11
903.2 -66.02
903.6 -64.84
904.0 -66.0
904.4 -65.63
904.8 -65.81
905.2 -66.0
905.6 -65.07
906.0 -65.41
906.4 -65.7
906.8 -65.25
907.2 -65.69
907.6 -65.72
908.0 -65.35
908.4 -65.65
908.8 -64.79
909.2 -66.24
909.6 -65.9
910.0 -65.02
910.4 -65.94
910.8 -65.53
911.2 -65.32
911.6 -65.14
912.0 -65.92
912.4 -65.34
912.8 -64.96
913.2 -64.62
913.6 -65.45
914.0 -65.22
914.4 -65.85
914.8 -65.5
915.2 -65.97
915.6 -65.53
916.0 -65.09
916.4 -65.77
916.8 -64.98
917.2 -65.52
917.6 -65.27
918.0 -65.97
918.4 -65.52
918.8 -65.61
919.2 -66.54
919.6 -65.5
920.0 -65.35
920.4 -65.49
920.8 -66.35
921.2 -65.38
921.6 -65.91
922.0 -66.43
922.4 -67.19
922.8 -65.92
923.2 -66.63
923.6 -66.16
924.0 -66.0
924.4 -65.53
924.8 -65.64
925.2 -66.29
925.6 -66.15
926.0 -66.22
926.4 -66.87
926.8 -66.83
927.2 -66.32
927.6 -66.48
928.0 -66.42
928.4 -66.96
928.8 -66.06
929.2 -66.39
929.6 -65.76
930.0 -66.85
930.4 -66.45
930.8 -66.13
931.2 -66.41
931.6 -66.48
932.0 -66.79
932.4 -65.95
932.8 -66.6
933.2 -67.14
933.6 -66.54
934.0 -67.53
934.4 -67.26
934.8 -66.57
935.2 -66.7
935.6 -66.46
936.0 -66.76
936.4 -66.76
936.8 -66.1
937.2 -66.75
937.6 -66.27
938.0 -66.04
938.4 -67.15
938.8 -66.91
939.2 -66.96
939.6 -65.99
940.0 -66.59
940.4 -66.92
940.8 -67.3
941.2 -66.79
941.6 -67.13
942.0 -67.09
942.4 -66.71
942.8 -66.54
943.2 -66.47
943.6 -67.39
944.0 -67.13
944.4 -66.73
944.8 -66.54
945.2 -66.66
945.6 -66.32
946.0 -66.92
946.4 -67.34
946.8 -66.57
947.2 -66.65
947.6 -67.52
948.0 -67.19
948.4 -67.0
948.8 -67.61
949.2 -67.64
949.6 -67.66
950.0 -67.47
950.4 -66.78
950.8 -67.59
951.2 -68.12
951.6 -67.34
952.0 -67.21
952.4 -67.04
952.8 -67.25
953.2 -67.82
953.6 -67.32
954.0 -67.06
954.4 -66.84
954.8 -67.17
955.2 -66.92
955.6 -66.9
956.0 -67.16
956.4 -67.2
956.8 -66.7
957.2 -67.6
957.6 -67.17
958.0 -66.76
958.4 -66.7
958.8 -66.97
959.2 -67.56
959.6 -67.39
960.0 -66.8
960.4 -67.17
960.8 -67.51
961.2 -67.09
961.6 -67.22
962.0 -66.79
962.4 -66.99
962.8 -66.35
963.2 -66.69
963.6 -66.26
964.0 -66.45
964.4 -66.73
964.8 -66.6
965.2 -66.95
965.6 -66.88
966.0 -66.86
966.4 -66.38
966.8 -66.63
967.2 -66.58
967.6 -66.22
968.0 -66.6
968.4 -66.53
968.8 -66.28
969.2 -66.59
969.6 -66.41
970.0 -66.36
970.4 -66.83
970.8 -66.51
971.2 -66.27
971.6 -66.72
972.0 -66.13
972.4 -66.1
972.8 -66.01
973.2 -66.57
973.6 -66.64
974.0 -66.74
974.4 -66.57
974.8 -66.39
975.2 -66.41
975.6 -66.65
976.0 -66.64
976.4 -66.23
976.8 -66.49
977.2 -66.17
977.6 -66.25
978.0 -66.59
978.4 -66.36
978.8 -66.57
979.2 -66.22
979.6 -66.38
980.0 -66.0
980.4 -66.24
980.8 -66.03
981.2 -65.68
981.6 -66.13
982.0 -65.87
982.4 -66.19
982.8 -65.59
983.2 -65.51
983.6 -65.58
984.0 -65.86
984.4 -65.61
984.8 -65.8
985.2 -65.26
985.6 -65.41
986.0 -65.13
986.4 -65.36
986.8 -65.43
987.2 -65.04
987.6 -65.34
988.0 -65.02
988.4 -64.78
988.8 -64.85
989.2 -65.08
989.6 -64.77
990.0 -64.63
990.4 -65.03
990.8 -64.91
991.2 -64.59
991.6 -64.86
992.0 -64.74
992.4 -64.55
992.8 -64.45
993.2 -64.55
993.6 -64.36
994.0 -64.44
994.4 -64.3
994.8 -64.22
995.2 -64.39
995.6 -64.77
996.0 -64.62
996.4 -64.2
996.8 -64.48
997.2 -64.26
997.6 -64.33
998.0 -64.36
998.4 -64.31
998.8 -64.22
999.2 -64.33
999.6 -64.27
1000.0 -64.37
