600.0 -79.36
600.4 -76.37
600.8 -210.0
601.2 -210.0
601.6 -210.0
602.0 -72.22
602.4 -210.0
602.8 -210.0
603.2 -210.0
603.6 -210.0
604.0 -71.39
604.4 -210.0
604.8 -210.0
605.2 -84.47
605.6 -210.0
606.0 -71.52
606.4 -210.0
606.8 -69.8
607.2 -84.6
607.6 -72.58
608.0 -76.2
608.4 -81.67
608.8 -210.0
609.2 -210.0
609.6 -70.61
610.0 -72.22
610.4 -72.76
610.8 -210.0
611.2 -69.16
611.6 -75.84
612.0 -68.27
612.4 -67.44
612.8 -210.0
613.2 -75.42
613.6 -210.0
614.0 -210.0
614.4 -72.48
614.8 -210.0
615.2 -71.47
615.6 -69.79
616.0 -210.0
616.4 -71.73
616.8 -76.72
617.2 -70.43
617.6 -69.1
618.0 -78.27
618.4 -70.8
618.8 -71.68
619.2 -67.54
619.6 -69.9
620.0 -69.34
620.4 -73.93
620.8 -70.23
621.2 -72.44
621.6 -75.92
622.0 -74.03
622.4 -72.73
622.8 -68.39
623.2 -73.01
623.6 -73.83
624.0 -69.18
624.4 -73.6
624.8 -71.04
625.2 -77.91
625.6 -77.93
626.0 -69.62
626.4 -68.28
626.8 -69.88
627.2 -69.28
627.6 -69.72
628.0 -69.33
628.4 -69.56
628.8 -72.11
629.2 -71.96
629.6 -73.18
630.0 -70.2
630.4 -68.95
630.8 -75.26
631.2 -70.64
631.6 -69.99
632.0 -70.12
632.4 -68.62
632.8 -71.58
633.2 -68.24
633.6 -72.64
634.0 -68.5
634.4 -70.19
634.8 -71.03
635.2 -72.06
635.6 -69.33
636.0 -67.57
636.4 -75.33
636.8 -71.05
637.2 -70.5
637.6 -70.87
638.0 -68.95
638.4 -71.43
638.8 -70.21
639.2 -71.9
639.6 -69.22
640.0 -68.95
640.4 -68.08
640.8 -66.99
641.2 -67.87
641.6 -67.91
642.0 -69.93
642.4 -68.89
642.8 -70.01
643.2 -69.78
643.6 -68.26
644.0 -68.64
644.4 -68.05
644.8 -68.37
645.2 -68.75
645.6 -69.32
646.0 -67.69
646.4 -69.12
646.8 -67.62
647.2 -69.06
647.6 -68.5
648.0 -68.48
648.4 -69.57
648.8 -68.09
649.2 -68.59
649.6 -68.8
650.0 -67.62
650.4 -68.22
650.8 -67.2
651.2 -66.76
651.6 -68.43
652.0 -67.58
652.4 -67.81
652.8 -67.68
653.2 -67.64
653.6 -66.47
654.0 -67.73
654.4 -68.06
654.8 -67.61
655.2 -67.28
655.6 -67.88
656.0 -66.73
656.4 -66.46
656.8 -67.1
657.2 -68.18
657.6 -67.38
658.0 -65.91
658.4 -67.14
658.8 -68.65
659.2 -67.08
659.6 -66.29
660.0 -67.16
660.4 -66.76
660.8 -65.79
661.2 -66.27
661.6 -66.94
662.0 -68.35
662.4 -66.98
662.8 -68.25
663.2 -66.36
663.6 -67.32
664.0 -67.01
664.4 -66.3
664.8 -66.66
665.2 -66.73
665.6 -65.63
666.0 -66.56
666.4 -67.4
666.8 -66.62
667.2 -67.7
667.6 -66.33
668.0 -67.09
668.4 -67.16
668.8 -66.66
669.2 -66.05
669.6 -67.13
670.0 -67.27
670.4 -67.6
670.8 -67.55
671.2 -67.14
671.6 -66.64
672.0 -66.63
672.4 -65.93
672.8 -67.28
673.2 -65.59
673.6 -65.61
674.0 -66.18
674.4 -66.25
674.8 -65.65
675.2 -66.5
675.6 -65.96
676.0 -67.85
676.4 -65.95
676.8 -67.24
677.2 -66.54
677.6 -66.97
678.0 -65.82
678.4 -65.87
678.8 -65.69
679.2 -66.32
679.6 -66.01
680.0 -66.31
680.4 -65.94
680.8 -66.47
681.2 -66.44
681.6 -66.7
682.0 -66.0
682.4 -65.97
682.8 -66.61
683.2 -65.42
683.6 -65.95
684.0 -66.33
684.4 -66.49
684.8 -66.63
685.2 -65.75
685.6 -66.18
686.0 -65.74
686.4 -65.77
686.8 -66.42
687.2 -65.62
687.6 -65.75
688.0 -65.67
688.4 -65.63
688.8 -65.98
689.2 -65.91
689.6 -65.56
690.0 -65.47
690.4 -66.55
690.8 -65.46
691.2 -65.59
691.6 -66.16
692.0 -66.25
692.4 -66.48
692.8 -65.92
693.2 -65.76
693.6 -66.04
694.0 -65.55
694.4 -65.92
694.8 -65.4
695.2 -66.14
695.6 -65.33
696.0 -66.95
696.4 -65.59
696.8 -66.05
697.2 -66.66
697.6 -66.34
698.0 -65.84
698.4 -67.03
698.8 -66.36
699.2 -65.76
699.6 -65.73
700.0 -65.84
700.4 -65.77
700.8 -65.8
701.2 -65.47
701.6 -64.86
702.0 -65.49
702.4 -66.16
702.8 -65.99
703.2 -65.49
703.6 -66.12
704.0 -66.31
704.4 -65.3
704.8 -65.65
705.2 -65.73
705.6 -66.15
706.0 -64.71
706.4 -65.71
706.8 -65.44
707.2 -65.58
707.6 -65.1
708.0 -65.37
708.4 -65.44
708.8 -65.53
709.2 -66.09
709.6 -65.74
710.0 -65.79
710.4 -65.01
710.8 -66.11
711.2 -65.44
711.6 -65.2
712.0 -65.23
712.4 -64.91
712.8 -66.02
713.2 -65.76
713.6 -65.65
714.0 -64.89
714.4 -66.1
714.8 -66.0
715.2 -65.89
715.6 -65.54
716.0 -64.84
716.4 -65.27
716.8 -65.47
717.2 -66.28
717.6 -65.26
718.0 -66.2
718.4 -65.76
718.8 -65.07
719.2 -66.12
719.6 -65.29
720.0 -65.84
720.4 -65.71
720.8 -65.13
721.2 -66.21
721.6 -65.33
722.0 -65.89
722.4 -64.9
722.8 -66.12
723.2 -65.52
723.6 -65.37
724.0 -65.27
724.4 -66.75
724.8 -65.47
725.2 -65.82
725.6 -65.21
726.0 -65.2
726.4 -66.05
726.8 -65.77
727.2 -64.99
727.6 -65.02
728.0 -64.98
728.4 -65.6
728.8 -65.02
729.2 -65.25
729.6 -65.75
730.0 -66.01
730.4 -64.88
730.8 -65.9
731.2 -65.9
731.6 -66.29
732.0 -65.62
732.4 -65.65
732.8 -65.85
733.2 -65.15
733.6 -65.98
734.0 -66.75
734.4 -65.44
734.8 -65.6
735.2 -65.73
735.6 -66.44
736.0 -66.14
736.4 -64.53
736.8 -65.65
737.2 -65.52
737.6 -66.05
738.0 -65.06
738.4 -65.51
738.8 -65.86
739.2 -65.86
739.6 -65.37
740.0 -65.46
740.4 -65.89
740.8 -65.12
741.2 -65.38
741.6 -65.61
742.0 -65.61
742.4 -66.43
742.8 -66.38
743.2 -65.05
743.6 -65.87
744.0 -66.45
744.4 -65.69
744.8 -65.96
745.2 -65.18
745.6 -65.74
746.0 -65.78
746.4 -65.11
746.8 -66.36
747.2 -66.09
747.6 -65.77
748.0 -66.16
748.4 -66.04
748.8 -65.15
749.2 -64.92
749.6 -64.95
750.0 -66.37
750.4 -65.58
750.8 -64.65
751.2 -66.21
751.6 -65.63
752.0 -65.58
752.4 -64.99
752.8 -65.78
753.2 -65.92
753.6 -66.05
754.0 -65.6
754.4 -66.6
754.8 -65.55
755.2 -65.51
755.6 -65.07
756.0 -66.06
756.4 -65.21
756.8 -65.11
757.2 -64.76
757.6 -65.72
758.0 -64.95
758.4 -66.94
758.8 -65.78
759.2 -66.37
759.6 -65.8
760.0 -65.76
760.4 -65.29
760.8 -66.15
761.2 -64.69
761.6 -64.39
762.0 -66.51
762.4 -65.74
762.8 -66.06
763.2 -65.55
763.6 -65.73
764.0 -65.38
764.4 -66.12
764.8 -65.53
765.2 -65.4
765.6 -65.78
766.0 -66.38
766.4 -65.26
766.8 -65.9
767.2 -64.63
767.6 -65.19
768.0 -65.3
768.4 -64.99
768.8 -64.92
769.2 -65.39
769.6 -65.07
770.0 -66.26
770.4 -66.14
770.8 -65.45
771.2 -65.69
771.6 -65.73
772.0 -65.98
772.4 -66.29
772.8 -65.15
773.2 -65.18
773.6 -65.27
774.0 -65.23
774.4 -65.78
774.8 -65.07
775.2 -65.97
775.6 -65.93
776.0 -65.13
776.4 -65.52
776.8 -65.03
777.2 -66.36
777.6 -66.36
778.0 -64.99
778.4 -66.26
778.8 -65.51
779.2 -65.83
779.6 -65.95
780.0 -65.57
780.4 -64.46
780.8 -65.33
781.2 -65.82
781.6 -64.94
782.0 -65.26
782.4 -65.63
782.8 -65.74
783.2 -65.15
783.6 -65.35
784.0 -65.48
784.4 -66.49
784.8 -65.34
785.2 -65.2
785.6 -65.58
786.0 -65.14
786.4 -66.13
786.8 -64.53
787.2 -66.05
787.6 -65.6
788.0 -65.82
788.4 -65.28
788.8 -65.56
789.2 -64.9
789.6 -65.25
790.0 -65.99
790.4 -64.77
790.8 -65.8
791.2 -65.94
791.6 -65.04
792.0 -64.37
792.4 -65.1
792.8 -64.84
793.2 -66.21
793.6 -65.06
794.0 -64.83
794.4 -65.41
794.8 -64.92
795.2 -64.83
795.6 -64.18
796.0 -64.36
796.4 -64.7
796.8 -64.7
797.2 -64.52
797.6 -65.22
798.0 -65.94
798.4 -64.16
798.8 -64.89
799.2 -64.74
799.6 -64.68
800.0 -65.55
800.4 -64.12
800.8 -64.39
801.2 -64.29
801.6 -64.62
802.0 -64.92
802.4 -64.03
802.8 -64.81
803.2 -64.66
803.6 -63.92
804.0 -64.05
804.4 -63.62
804.8 -64.1
805.2 -64.0
805.6 -63.91
806.0 -63.28
806.4 -61.16
806.8 -57.68
807.2 -53.82
807.6 -49.83
808.0 -48.43
808.4 -49.46
808.8 -49.99
809.2 -53.92
809.6 -61.32
810.0 -63.02
810.4 -63.67
810.8 -63.91
811.2 -63.54
811.6 -63.83
812.0 -64.03
812.4 -64.55
812.8 -63.71
813.2 -63.63
813.6 -64.37
814.0 -64.42
814.4 -64.59
814.8 -65.14
815.2 -64.13
815.6 -63.67
816.0 -64.6
816.4 -64.26
816.8 -64.31
817.2 -64.19
817.6 -64.08
818.0 -63.89
818.4 -63.65
818.8 -63.86
819.2 -64.16
819.6 -63.99
820.0 -63.87
820.4 -64.17
820.8 -63.81
821.2 -64.5
821.6 -64.29
822.0 -64.72
822.4 -64.91
822.8 -63.6
823.2 -63.83
823.6 -64.44
824.0 -63.91
824.4 -64.24
824.8 -63.39
825.2 -64.65
825.6 -63.58
826.0 -63.96
826.4 -64.27
826.8 -64.2
827.2 -64.23
827.6 -63.83
828.0 -63.43
828.4 -63.59
828.8 -64.18
829.2 -64.02
829.6 -64.52
830.0 -63.84
830.4 -63.63
830.8 -64.86
831.2 -63.81
831.6 -63.52
832.0 -64.03
832.4 -63.89
832.8 -64.55
833.2 -63.97
833.6 -64.48
834.0 -64.39
834.4 -63.79
834.8 -64.34
835.2 -63.66
835.6 -63.86
836.0 -64.22
836.4 -63.94
836.8 -64.29
837.2 -64.0
837.6 -63.98
838.0 -64.28
838.4 -63.82
838.8 -64.22
839.2 -64.1
839.6 -63.48
840.0 -64.14
840.4 -64.14
840.8 -63.62
841.2 -64.53
841.6 -64.19
842.0 -64.12
842.4 -64.26
842.8 -64.15
843.2 -64.24
843.6 -64.05
844.0 -64.44
844.4 -63.76
844.8 -64.73
845.2 -64.14
845.6 -64.33
846.0 -64.6
846.4 -64.02
846.8 -64.39
847.2 -65.06
847.6 -64.28
848.0 -64.15
848.4 -63.98
848.8 -64.87
849.2 -65.08
849.6 -63.94
850.0 -64.98
850.4 -64.71
850.8 -64.77
851.2 -64.59
851.6 -64.32
852.0 -64.81
852.4 -64.76
852.8 -65.29
853.2 -64.6
853.6 -64.62
854.0 -64.59
854.4 -64.9
854.8 -64.4
855.2 -64.83
855.6 -65.01
856.0 -64.65
856.4 -64.73
856.8 -64.47
857.2 -64.34
857.6 -64.32
858.0 -64.61
858.4 -65.06
858.8 -64.41
859.2 -65.16
859.6 -64.56
860.0 -65.02
860.4 -65.12
860.8 -65.06
861.2 -64.33
861.6 -65.84
862.0 -65.2
862.4 -64.86
862.8 -64.54
863.2 -64.76
863.6 -64.47
864.0 -64.51
864.4 -64.9
864.8 -64.79
865.2 -64.78
865.6 -64.99
866.0 -65.5
866.4 -64.95
866.8 -65.13
867.2 -64.6
867.6 -64.43
868.0 -65.66
868.4 -64.31
868.8 -64.37
869.2 -65.3
869.6 -65.3
870.0 -64.48
870.4 -64.98
870.8 -64.72
871.2 -64.19
871.6 -64.84
872.0 -64.65
872.4 -65.02
872.8 -64.71
873.2 -64.59
873.6 -64.47
874.0 -64.56
874.4 -65.06
874.8 -64.36
875.2 -64.25
875.6 -64.71
876.0 -64.77
876.4 -65.92
876.8 -64.98
877.2 -64.54
877.6 -65.41
878.0 -64.69
878.4 -64.64
878.8 -64.28
879.2 -64.33
879.6 -65.19
880.0 -65.08
880.4 -64.75
880.8 -64.95
881.2 -64.66
881.6 -64.71
882.0 -64.39
882.4 -64.27
882.8 -64.49
883.2 -64.82
883.6 -64.38
884.0 -64.84
884.4 -64.47
884.8 -64.64
885.2 -64.46
885.6 -64.88
886.0 -64.76
886.4 -64.55
886.8 -64.86
887.2 -65.2
887.6 -64.97
888.0 -64.68
888.4 -65.05
888.8 -65.1
889.2 -64.29
889.6 -64.7
890.0 -65.22
890.4 -64.57
890.8 -64.68
891.2 -64.75
891.6 -64.68
892.0 -64.93
892.4 -65.16
892.8 -64.99
893.2 -65.76
893.6 -65.12
894.0 -64.64
894.4 -65.26
894.8 -64.96
895.2 -65.69
895.6 -64.79
896.0 -63.99
896.4 -65.25
896.8 -65.32
897.2 -64.67
897.6 -64.74
898.0 -65.19
898.4 -64.89
898.8 -65.15
899.2 -65.28
899.6 -65.42
900.0 -65.27
900.4 -64.75
900.8 -65.82
901.2 -64.59
901.6 -65.4
902.0 -65.55
902.4 -65.19
902.8 -65.41
903.2 -64.81
903.6 -65.61
904.0 -65.29
904.4 -65.83
904.8 -65.06
905.2 -65.32
905.6 -64.43
906.0 -65.03
906.4 -65.45
906.8 -65.82
907.2 -65.58
907.6 -64.94
908.0 -65.56
908.4 -65.31
908.8 -65.02
909.2 -64.82
909.6 -65.33
910.0 -65.53
910.4 -66.09
910.8 -65.84
911.2 -65.83
911.6 -65.74
912.0 -64.94
912.4 -65.25
912.8 -65.54
913.2 -65.53
913.6 -65.06
914.0 -65.39
914.4 -65.09
914.8 -65.87
915.2 -65.75
915.6 -65.25
916.0 -65.37
916.4 -66.34
916.8 -66.35
917.2 -65.67
917.6 -65.2
918.0 -64.69
918.4 -66.42
918.8 -64.51
919.2 -66.19
919.6 -65.45
920.0 -65.98
920.4 -65.76
920.8 -65.88
921.2 -65.47
921.6 -65.13
922.0 -65.61
922.4 -65.48
922.8 -66.05
923.2 -66.09
923.6 -66.06
924.0 -65.44
924.4 -65.6
924.8 -65.86
925.2 -66.18
925.6 -65.87
926.0 -66.76
926.4 -66.69
926.8 -66.29
927.2 -66.81
927.6 -66.57
928.0 -65.33
928.4 -65.97
928.8 -66.09
929.2 -66.07
929.6 -65.38
930.0 -65.73
930.4 -66.06
930.8 -65.57
931.2 -66.41
931.6 -66.3
932.0 -65.68
932.4 -66.37
932.8 -66.26
933.2 -66.6
933.6 -65.99
934.0 -66.15
934.4 -67.42
934.8 -65.8
935.2 -65.82
935.6 -66.18
936.0 -66.68
936.4 -66.18
936.8 -66.34
937.2 -66.52
937.6 -66.85
938.0 -67.3
938.4 -66.68
938.8 -66.4
939.2 -66.65
939.6 -67.06
940.0 -67.11
940.4 -66.3
940.8 -65.99
941.2 -66.35
941.6 -66.81
942.0 -66.42
942.4 -66.59
942.8 -66.47
943.2 -67.01
943.6 -66.38
944.0 -66.03
944.4 -66.1
944.8 -66.36
945.2 -67.38
945.6 -66.66
946.0 -66.57
946.4 -66.37
946.8 -66.29
947.2 -66.65
947.6 -66.11
948.0 -66.03
948.4 -66.49
948.8 -66.9
949.2 -65.98
949.6 -66.65
950.0 -66.65
950.4 -66.83
950.8 -66.35
951.2 -66.43
951.6 -66.29
952.0 -66.56
952.4 -66.25
952.8 -66.55
953.2 -65.85
953.6 -65.98
954.0 -66.48
954.4 -66.46
954.8 -66.1
955.2 -66.83
955.6 -66.03
956.0 -66.14
956.4 -65.73
956.8 -66.2
957.2 -66.58
957.6 -66.08
958.0 -66.58
958.4 -66.54
958.8 -66.54
959.2 -66.32
959.6 -66.13
960.0 -65.88
960.4 -66.04
960.8 -66.41
961.2 -66.78
961.6 -66.68
962.0 -66.2
962.4 -65.58
962.8 -66.53
963.2 -66.32
963.6 -66.19
964.0 -66.52
964.4 -66.07
964.8 -66.16
965.2 -65.97
965.6 -66.13
966.0 -66.44
966.4 -66.16
966.8 -66.13
967.2 -66.3
967.6 -65.87
968.0 -66.09
968.4 -66.09
968.8 -66.21
969.2 -66.15
969.6 -66.24
970.0 -65.99
970.4 -66.41
970.8 -65.99
971.2 -66.4
971.6 -65.73
972.0 -66.43
972.4 -66.14
972.8 -66.21
973.2 -66.4
973.6 -65.72
974.0 -66.27
974.4 -66.21
974.8 -65.99
975.2 -66.25
975.6 -65.99
976.0 -66.33
976.4 -66.03
976.8 -65.56
977.2 -65.98
977.6 -66.46
978.0 -66.27
978.4 -66.52
978.8 -66.32
979.2 -65.82
979.6 -65.76
980.0 -65.84
980.4 -65.93
980.8 -65.67
981.2 -65.77
981.6 -65.81
982.0 -65.47
982.4 -65.28
982.8 -65.61
983.2 -65.58
983.6 -65.56
984.0 -65.35
984.4 -65.53
984.8 -65.42
985.2 -65.2
985.6 -65.15
986.0 -65.12
986.4 -65.01
986.8 -64.91
987.2 -65.05
987.6 -64.99
988.0 -64.7
988.4 -65.08
988.8 -64.77
989.2 -64.85
989.6 -64.95
990.0 -64.15
990.4 -64.36
990.8 -64.43
991.2 -64.59
991.6 -64.3
992.0 -64.46
992.4 -64.13
992.8 -64.38
993.2 -64.51
993.6 -64.16
994.0 -64.26
994.4 -64.26
994.8 -64.07
995.2 -64.08
995.6 -64.03
996.0 -64.1
996.4 -64.1
996.8 -64.01
997.2 -64.22
997.6 -63.88
998.0 -64.07
998.4 -64.02
998.8 -64.05
999.2 -64.03
999.6 -64.11
1000.0 -63.99
