600.0 -76.35
600.4 -210.0
600.8 -210.0
601.2 -210.0
601.6 -210.0
602.0 -71.26
602.4 -78.26
602.8 -210.0
603.2 -210.0
603.6 -210.0
604.0 -69.48
604.4 -70.1
604.8 -69.39
605.2 -72.16
605.6 -71.94
606.0 -210.0
606.4 -210.0
606.8 -76.12
607.2 -72.83
607.6 -71.84
608.0 -210.0
608.4 -210.0
608.8 -210.0
609.2 -210.0
609.6 -71.14
610.0 -71.16
610.4 -210.0
610.8 -210.0
611.2 -210.0
611.6 -73.41
612.0 -210.0
612.4 -210.0
612.8 -76.49
613.2 -74.97
613.6 -210.0
614.0 -210.0
614.4 -73.27
614.8 -73.93
615.2 -210.0
615.6 -82.1
616.0 -210.0
616.4 -74.74
616.8 -210.0
617.2 -71.98
617.6 -210.0
618.0 -210.0
618.4 -82.27
618.8 -210.0
619.2 -210.0
619.6 -73.58
620.0 -76.33
620.4 -210.0
620.8 -73.65
621.2 -210.0
621.6 -210.0
622.0 -210.0
622.4 -75.1
622.8 -71.4
623.2 -80.79
623.6 -80.82
624.0 -210.0
624.4 -75.65
624.8 -210.0
625.2 -73.65
625.6 -75.72
626.0 -210.0
626.4 -210.0
626.8 -69.17
627.2 -75.82
627.6 -210.0
628.0 -71.55
628.4 -210.0
628.8 -76.88
629.2 -70.25
629.6 -69.24
630.0 -70.68
630.4 -75.23
630.8 -71.43
631.2 -71.94
631.6 -210.0
632.0 -69.42
632.4 -71.86
632.8 -73.9
633.2 -86.24
633.6 -86.26
634.0 -70.84
634.4 -72.34
634.8 -75.55
635.2 -70.58
635.6 -69.0
636.0 -81.66
636.4 -210.0
636.8 -210.0
637.2 -72.38
637.6 -71.64
638.0 -75.12
638.4 -73.61
638.8 -72.67
639.2 -71.11
639.6 -71.26
640.0 -72.59
640.4 -71.21
640.8 -71.13
641.2 -83.84
641.6 -80.86
642.0 -71.35
642.4 -71.39
642.8 -69.75
643.2 -73.22
643.6 -73.64
644.0 -70.76
644.4 -73.52
644.8 -73.03
645.2 -75.44
645.6 -73.1
646.0 -80.29
646.4 -73.51
646.8 -73.55
647.2 -79.6
647.6 -73.28
648.0 -77.46
648.4 -70.09
648.8 -72.76
649.2 -70.75
649.6 -72.29
650.0 -75.85
650.4 -73.14
650.8 -75.85
651.2 -76.49
651.6 -74.84
652.0 -73.48
652.4 -73.01
652.8 -69.85
653.2 -71.72
653.6 -72.46
654.0 -73.02
654.4 -74.22
654.8 -79.87
655.2 -78.62
655.6 -72.21
656.0 -70.94
656.4 -70.85
656.8 -72.22
657.2 -71.24
657.6 -78.13
658.0 -72.36
658.4 -69.61
658.8 -71.66
659.2 -71.45
659.6 -74.26
660.0 -72.92
660.4 -73.55
660.8 -70.06
661.2 -71.26
661.6 -72.25
662.0 -71.07
662.4 -72.78
662.8 -70.62
663.2 -70.71
663.6 -70.79
664.0 -75.39
664.4 -70.45
664.8 -76.23
665.2 -69.5
665.6 -69.37
666.0 -76.9
666.4 -69.43
666.8 -68.56
667.2 -73.22
667.6 -68.89
668.0 -71.26
668.4 -72.51
668.8 -71.57
669.2 -72.51
669.6 -70.62
670.0 -72.12
670.4 -69.98
670.8 -71.76
671.2 -72.49
671.6 -71.05
672.0 -70.42
672.4 -72.1
672.8 -70.58
673.2 -69.59
673.6 -69.27
674.0 -70.16
674.4 -67.65
674.8 -72.19
675.2 -70.48
675.6 -71.01
676.0 -71.5
676.4 -69.56
676.8 -72.17
677.2 -68.81
677.6 -71.28
678.0 -71.07
678.4 -69.41
678.8 -70.52
679.2 -70.87
679.6 -70.44
680.0 -70.18
680.4 -72.4
680.8 -71.78
681.2 -70.5
681.6 -70.41
682.0 -68.58
682.4 -71.53
682.8 -69.16
683.2 -70.39
683.6 -70.29
684.0 -72.09
684.4 -69.14
684.8 -72.61
685.2 -69.45
685.6 -71.6
686.0 -70.26
686.4 -68.37
686.8 -69.71
687.2 -68.3
687.6 -71.15
688.0 -70.67
688.4 -69.41
688.8 -69.84
689.2 -70.93
689.6 -71.34
690.0 -72.27
690.4 -69.18
690.8 -71.32
691.2 -71.41
691.6 -67.85
692.0 -70.7
692.4 -68.72
692.8 -69.35
693.2 -68.32
693.6 -73.79
694.0 -69.27
694.4 -68.58
694.8 -69.98
695.2 -70.05
695.6 -68.03
696.0 -70.21
696.4 -70.28
696.8 -71.44
697.2 -70.53
697.6 -69.71
698.0 -69.85
698.4 -69.47
698.8 -70.25
699.2 -69.46
699.6 -69.76
700.0 -69.67
700.4 -67.9
700.8 -68.05
701.2 -70.38
701.6 -68.77
702.0 -69.28
702.4 -68.81
702.8 -72.35
703.2 -70.18
703.6 -69.93
704.0 -69.46
704.4 -68.1
704.8 -71.44
705.2 -69.37
705.6 -67.54
706.0 -68.7
706.4 -68.94
706.8 -71.52
707.2 -69.13
707.6 -69.71
708.0 -69.4
708.4 -68.91
708.8 -71.38
709.2 -69.38
709.6 -68.65
710.0 -69.67
710.4 -71.24
710.8 -69.22
711.2 -68.51
711.6 -68.56
712.0 -68.75
712.4 -68.62
712.8 -68.86
713.2 -69.2
713.6 -69.33
714.0 -67.92
714.4 -69.18
714.8 -69.78
715.2 -68.83
715.6 -72.18
716.0 -67.85
716.4 -68.76
716.8 -70.01
717.2 -69.83
717.6 -70.54
718.0 -68.55
718.4 -69.28
718.8 -68.48
719.2 -69.42
719.6 -69.35
720.0 -69.05
720.4 -68.85
720.8 -68.23
721.2 -68.34
721.6 -69.88
722.0 -68.76
722.4 -67.44
722.8 -70.58
723.2 -68.15
723.6 -68.26
724.0 -69.45
724.4 -68.03
724.8 -69.59
725.2 -68.67
725.6 -67.86
726.0 -68.23
726.4 -68.72
726.8 -66.81
727.2 -68.65
727.6 -68.52
728.0 -68.7
728.4 -67.33
728.8 -67.87
729.2 -69.17
729.6 -67.61
730.0 -68.49
730.4 -67.5
730.8 -67.74
731.2 -68.13
731.6 -68.24
732.0 -68.73
732.4 -67.53
732.8 -70.9
733.2 -68.4
733.6 -67.0
734.0 -67.52
734.4 -66.86
734.8 -70.78
735.2 -67.41
735.6 -67.35
736.0 -67.55
736.4 -67.3
736.8 -67.69
737.2 -67.96
737.6 -67.79
738.0 -67.24
738.4 -70.15
738.8 -68.8
739.2 -69.62
739.6 -67.73
740.0 -67.66
740.4 -67.31
740.8 -67.31
741.2 -66.8
741.6 -67.55
742.0 -67.4
742.4 -68.85
742.8 -67.2
743.2 -67.75
743.6 -69.68
744.0 -67.05
744.4 -67.85
744.8 -68.13
745.2 -69.12
745.6 -69.66
746.0 -67.62
746.4 -69.49
746.8 -68.49
747.2 -68.17
747.6 -67.77
748.0 -68.05
748.4 -68.34
748.8 -67.99
749.2 -67.87
749.6 -67.87
750.0 -67.39
750.4 -67.81
750.8 -69.14
751.2 -67.33
751.6 -69.36
752.0 -68.06
752.4 -67.95
752.8 -68.42
753.2 -67.82
753.6 -67.44
754.0 -67.7
754.4 -68.27
754.8 -68.27
755.2 -67.63
755.6 -67.91
756.0 -69.0
756.4 -69.22
756.8 -67.25
757.2 -67.61
757.6 -66.6
758.0 -68.17
758.4 -66.26
758.8 -67.54
759.2 -69.11
759.6 -68.34
760.0 -66.97
760.4 -66.83
760.8 -67.1
761.2 -67.25
761.6 -68.19
762.0 -68.71
762.4 -67.0
762.8 -67.82
763.2 -67.82
763.6 -67.38
764.0 -68.76
764.4 -67.53
764.8 -68.09
765.2 -67.47
765.6 -66.39
766.0 -68.08
766.4 -66.14
766.8 -68.13
767.2 -67.83
767.6 -69.86
768.0 -66.32
768.4 -66.99
768.8 -67.32
769.2 -68.64
769.6 -67.99
770.0 -67.01
770.4 -68.23
770.8 -68.43
771.2 -66.97
771.6 -67.86
772.0 -65.75
772.4 -67.1
772.8 -67.05
773.2 -66.72
773.6 -68.42
774.0 -66.62
774.4 -66.45
774.8 -66.76
775.2 -68.54
775.6 -67.9
776.0 -66.89
776.4 -69.9
776.8 -68.2
777.2 -69.04
777.6 -65.92
778.0 -66.56
778.4 -67.65
778.8 -67.32
779.2 -67.59
779.6 -67.32
780.0 -66.87
780.4 -66.46
780.8 -67.16
781.2 -66.55
781.6 -68.3
782.0 -66.24
782.4 -68.86
782.8 -68.23
783.2 -67.35
783.6 -66.75
784.0 -69.58
784.4 -66.75
784.8 -67.67
785.2 -67.18
785.6 -66.35
786.0 -66.7
786.4 -67.33
786.8 -65.75
787.2 -67.33
787.6 -66.6
788.0 -67.43
788.4 -66.77
788.8 -66.96
789.2 -66.63
789.6 -65.77
790.0 -65.55
790.4 -66.58
790.8 -66.71
791.2 -66.02
791.6 -65.98
792.0 -65.23
792.4 -66.7
792.8 -66.3
793.2 -67.73
793.6 -66.93
794.0 -65.92
794.4 -66.33
794.8 -65.34
795.2 -66.25
795.6 -66.11
796.0 -66.67
796.4 -66.54
796.8 -66.15
797.2 -66.44
797.6 -66.53
798.0 -66.66
798.4 -65.45
798.8 -67.09
799.2 -67.19
799.6 -66.8
800.0 -65.01
800.4 -66.83
800.8 -66.69
801.2 -66.09
801.6 -66.05
802.0 -66.01
802.4 -66.3
802.8 -65.86
803.2 -65.6
803.6 -65.86
804.0 -67.32
804.4 -65.84
804.8 -65.87
805.2 -66.03
805.6 -64.89
806.0 -64.48
806.4 -62.04
806.8 -58.75
807.2 -55.01
807.6 -51.09
808.0 -49.7
808.4 -50.79
808.8 -51.05
809.2 -54.61
809.6 -62.42
810.0 -64.38
810.4 -64.72
810.8 -65.82
811.2 -65.93
811.6 -65.37
812.0 -66.32
812.4 -65.18
812.8 -65.63
813.2 -66.87
813.6 -65.55
814.0 -66.26
814.4 -65.92
814.8 -64.89
815.2 -65.6
815.6 -66.72
816.0 -65.59
816.4 -66.11
816.8 -65.67
817.2 -67.33
817.6 -65.62
818.0 -66.72
818.4 -65.7
818.8 -66.69
819.2 -65.03
819.6 -65.93
820.0 -67.14
820.4 -66.48
820.8 -65.11
821.2 -65.78
821.6 -65.66
822.0 -66.97
822.4 -65.39
822.8 -66.13
823.2 -66.19
823.6 -65.94
824.0 -66.14
824.4 -66.23
824.8 -65.71
825.2 -65.75
825.6 -65.17
826.0 -64.98
826.4 -65.7
826.8 -65.93
827.2 -65.94
827.6 -64.88
828.0 -65.76
828.4 -66.02
828.8 -65.76
829.2 -65.52
829.6 -66.24
830.0 -65.85
830.4 -65.98
830.8 -66.22
831.2 -65.3
831.6 -66.1
832.0 -66.41
832.4 -66.06
832.8 -65.38
833.2 -66.36
833.6 -65.35
834.0 -65.53
834.4 -64.77
834.8 -64.61
835.2 -65.31
835.6 -64.69
836.0 -65.97
836.4 -65.22
836.8 -64.84
837.2 -65.37
837.6 -65.15
838.0 -64.75
838.4 -65.54
838.8 -65.16
839.2 -64.93
839.6 -65.03
840.0 -64.95
840.4 -65.26
840.8 -65.06
841.2 -65.28
841.6 -65.23
842.0 -65.11
842.4 -65.25
842.8 -64.72
843.2 -64.34
843.6 -65.22
844.0 -64.94
844.4 -65.94
844.8 -64.97
845.2 -65.24
845.6 -64.64
846.0 -64.62
846.4 -64.86
846.8 -64.49
847.2 -64.26
847.6 -64.85
848.0 -64.92
848.4 -64.11
848.8 -65.2
849.2 -64.36
849.6 -64.78
850.0 -65.19
850.4 -64.8
850.8 -65.02
851.2 -64.61
851.6 -64.18
852.0 -64.53
852.4 -64.32
852.8 -64.75
853.2 -65.25
853.6 -64.62
854.0 -64.48
854.4 -64.51
854.8 -64.28
855.2 -64.2
855.6 -64.5
856.0 -64.11
856.4 -64.71
856.8 -64.67
857.2 -64.34
857.6 -64.75
858.0 -64.55
858.4 -64.71
858.8 -64.45
859.2 -64.83
859.6 -64.54
860.0 -64.28
860.4 -63.86
860.8 -63.94
861.2 -63.81
861.6 -64.32
862.0 -63.93
862.4 -64.57
862.8 -64.46
863.2 -64.15
863.6 -63.86
864.0 -64.32
864.4 -63.98
864.8 -64.25
865.2 -64.04
865.6 -64.06
866.0 -63.82
866.4 -63.92
866.8 -63.46
867.2 -63.89
867.6 -63.53
868.0 -63.99
868.4 -63.98
868.8 -63.65
869.2 -63.74
869.6 -63.83
870.0 -63.77
870.4 -63.42
870.8 -63.7
871.2 -63.48
871.6 -63.85
872.0 -63.91
872.4 -63.67
872.8 -63.29
873.2 -63.61
873.6 -63.41
874.0 -64.05
874.4 -63.43
874.8 -63.49
875.2 -64.23
875.6 -63.79
876.0 -63.65
876.4 -63.12
876.8 -63.16
877.2 -63.61
877.6 -63.4
878.0 -63.35
878.4 -63.88
878.8 -63.63
879.2 -63.33
879.6 -62.82
880.0 -62.95
880.4 -63.31
880.8 -63.36
881.2 -63.17
881.6 -63.55
882.0 -63.74
882.4 -63.71
882.8 -63.49
883.2 -63.15
883.6 -63.56
884.0 -63.13
884.4 -62.9
884.8 -62.96
885.2 -62.89
885.6 -63.39
886.0 -62.89
886.4 -62.76
886.8 -62.88
887.2 -63.47
887.6 -63.26
888.0 -62.88
888.4 -63.38
888.8 -62.98
889.2 -63.01
889.6 -63.08
890.0 -62.74
890.4 -62.68
890.8 -63.96
891.2 -62.93
891.6 -63.01
892.0 -63.27
892.4 -62.59
892.8 -62.43
893.2 -63.26
893.6 -63.3
894.0 -62.6
894.4 -63.22
894.8 -63.47
895.2 -62.54
895.6 -62.8
896.0 -63.29
896.4 -63.09
896.8 -62.85
897.2 -62.51
897.6 -62.9
898.0 -62.82
898.4 -63.16
898.8 -62.89
899.2 -63.04
899.6 -62.83
900.0 -63.12
900.4 -62.76
900.8 -63.44
901.2 -62.85
901.6 -63.16
902.0 -62.89
902.4 -62.89
902.8 -62.84
903.2 -62.57
903.6 -63.14
904.0 -62.55
904.4 -63.24
904.8 -62.38
905.2 -62.78
905.6 -62.95
906.0 -62.85
906.4 -62.97
906.8 -62.41
907.2 -62.49
907.6 -62.94
908.0 -62.5
908.4 -62.87
908.8 -63.05
909.2 -62.43
909.6 -62.73
910.0 -62.48
910.4 -62.77
910.8 -62.43
911.2 -62.8
911.6 -62.34
912.0 -62.12
912.4 -62.13
912.8 -62.43
913.2 -62.24
913.6 -62.56
914.0 -62.44
914.4 -61.92
914.8 -62.12
915.2 -62.63
915.6 -62.22
916.0 -62.5
916.4 -62.54
916.8 -62.65
917.2 -62.71
917.6 -62.5
918.0 -62.19
918.4 -62.41
918.8 -62.54
919.2 -62.48
919.6 -62.29
920.0 -62.51
920.4 -62.24
920.8 -62.36
921.2 -62.46
921.6 -62.13
922.0 -62.31
922.4 -61.95
922.8 -62.06
923.2 -62.06
923.6 -62.26
924.0 -61.99
924.4 -62.06
924.8 -61.94
925.2 -61.92
925.6 -61.94
926.0 -62.11
926.4 -62.48
926.8 -62.26
927.2 -62.44
927.6 -61.91
928.0 -62.24
928.4 -62.06
928.8 -62.11
929.2 -62.18
929.6 -61.88
930.0 -61.86
930.4 -62.0
930.8 -61.91
931.2 -62.2
931.6 -62.42
932.0 -62.18
932.4 -62.29
932.8 -62.03
933.2 -61.78
933.6 -62.08
934.0 -62.05
934.4 -62.1
934.8 -62.05
935.2 -61.85
935.6 -62.06
936.0 -61.99
936.4 -62.16
936.8 -61.98
937.2 -62.04
937.6 -62.09
938.0 -61.93
938.4 -62.32
938.8 -62.21
939.2 -61.82
939.6 -62.08
940.0 -62.06
940.4 -62.21
940.8 -61.81
941.2 -62.16
941.6 -62.23
942.0 -62.02
942.4 -62.01
942.8 -61.98
943.2 -61.79
943.6 -61.89
944.0 -61.79
944.4 -61.72
944.8 -61.78
945.2 -61.76
945.6 -61.92
946.0 -61.87
946.4 -61.67
946.8 -61.69
947.2 -62.08
947.6 -61.69
948.0 -61.88
948.4 -61.67
948.8 -61.96
949.2 -61.82
949.6 -61.55
950.0 -61.99
950.4 -61.75
950.8 -61.82
951.2 -61.85
951.6 -62.21
952.0 -61.81
952.4 -61.95
952.8 -61.69
953.2 -62.06
953.6 -61.79
954.0 -61.76
954.4 -62.02
954.8 -61.83
955.2 -61.84
955.6 -62.13
956.0 -62.09
956.4 -61.94
956.8 -61.89
957.2 -61.78
957.6 -61.88
958.0 -61.83
958.4 -62.01
958.8 -61.92
959.2 -61.63
959.6 -61.73
960.0 -61.88
960.4 -61.78
960.8 -61.8
961.2 -61.8
961.6 -61.79
962.0 -61.73
962.4 -61.68
962.8 -61.66
963.2 -61.84
963.6 -61.65
964.0 -61.61
964.4 -61.43
964.8 -61.61
965.2 -61.52
965.6 -61.38
966.0 -61.25
966.4 -61.56
966.8 -61.47
967.2 -61.46
967.6 -61.45
968.0 -61.32
968.4 -61.43
968.8 -61.45
969.2 -61.42
969.6 -61.64
970.0 -61.5
970.4 -61.45
970.8 -61.37
971.2 -61.64
971.6 -61.52
972.0 -61.49
972.4 -61.71
972.8 -61.68
973.2 -61.54
973.6 -61.54
974.0 -61.74
974.4 -61.6
974.8 -61.63
975.2 -61.8
975.6 -61.91
976.0 -61.81
976.4 -61.75
976.8 -61.9
977.2 -61.8
977.6 -61.66
978.0 -62.02
978.4 -61.96
978.8 -61.95
979.2 -61.86
979.6 -61.87
980.0 -61.55
980.4 -61.92
980.8 -61.79
981.2 -61.67
981.6 -61.61
982.0 -61.66
982.4 -61.66
982.8 -61.61
983.2 -61.46
983.6 -61.28
984.0 -61.43
984.4 -61.34
984.8 -61.42
985.2 -61.13
985.6 -61.3
986.0 -61.31
986.4 -61.27
986.8 -61.05
987.2 -61.09
987.6 -60.91
988.0 -60.9
988.4 -60.95
988.8 -61.17
989.2 -60.88
989.6 -60.86
990.0 -60.77
990.4 -60.91
990.8 -60.81
991.2 -60.71
991.6 -60.69
992.0 -60.68
992.4 -60.75
992.8 -60.72
993.2 -60.57
993.6 -60.7
994.0 -60.63
994.4 -60.7
994.8 -60.63
995.2 -60.63
995.6 -60.55
996.0 -60.79
996.4 -60.79
996.8 -60.63
997.2 -60.74
997.6 -60.84
998.0 -60.74
998.4 -60.67
998.8 -60.86
999.2 -60.65
999.6 -60.77
1000.0 -60.63
