600.0 -71.13
600.4 -72.11
600.8 -70.38
601.2 -75.75
601.6 -210.0
602.0 -69.21
602.4 -210.0
602.8 -76.53
603.2 -81.33
603.6 -210.0
604.0 -71.39
604.4 -71.86
604.8 -210.0
605.2 -210.0
605.6 -75.46
606.0 -73.06
606.4 -71.12
606.8 -70.6
607.2 -72.04
607.6 -68.83
608.0 -76.2
608.4 -210.0
608.8 -72.66
609.2 -69.95
609.6 -210.0
610.0 -210.0
610.4 -77.82
610.8 -78.8
611.2 -68.82
611.6 -71.65
612.0 -210.0
612.4 -71.31
612.8 -68.71
613.2 -74.17
613.6 -77.21
614.0 -68.29
614.4 -73.57
614.8 -73.02
615.2 -210.0
615.6 -210.0
616.0 -77.35
616.4 -71.54
616.8 -72.17
617.2 -78.22
617.6 -210.0
618.0 -210.0
618.4 -82.27
618.8 -69.98
619.2 -69.2
619.6 -210.0
620.0 -72.81
620.4 -69.95
620.8 -73.11
621.2 -73.68
621.6 -72.04
622.0 -69.7
622.4 -76.48
622.8 -68.3
623.2 -210.0
623.6 -73.29
624.0 -210.0
624.4 -210.0
624.8 -210.0
625.2 -75.7
625.6 -210.0
626.0 -210.0
626.4 -210.0
626.8 -75.0
627.2 -72.01
627.6 -72.42
628.0 -71.09
628.4 -210.0
628.8 -71.6
629.2 -72.93
629.6 -72.35
630.0 -76.96
630.4 -75.23
630.8 -76.06
631.2 -69.85
631.6 -72.69
632.0 -72.53
632.4 -80.15
632.8 -70.89
633.2 -72.43
633.6 -75.46
634.0 -72.86
634.4 -73.76
634.8 -74.88
635.2 -70.93
635.6 -72.6
636.0 -77.98
636.4 -72.32
636.8 -73.71
637.2 -69.71
637.6 -70.64
638.0 -71.02
638.4 -70.59
638.8 -70.85
639.2 -69.77
639.6 -68.44
640.0 -72.42
640.4 -83.77
640.8 -76.02
641.2 -70.31
641.6 -69.33
642.0 -69.67
642.4 -70.72
642.8 -69.51
643.2 -71.34
643.6 -69.99
644.0 -69.31
644.4 -72.51
644.8 -69.39
645.2 -70.22
645.6 -71.93
646.0 -70.37
646.4 -68.51
646.8 -70.54
647.2 -68.41
647.6 -69.94
648.0 -69.33
648.4 -70.25
648.8 -68.73
649.2 -68.76
649.6 -68.16
650.0 -69.83
650.4 -72.3
650.8 -69.04
651.2 -68.82
651.6 -69.92
652.0 -68.87
652.4 -67.51
652.8 -68.88
653.2 -69.06
653.6 -70.66
654.0 -69.94
654.4 -70.4
654.8 -69.46
655.2 -68.85
655.6 -67.7
656.0 -67.62
656.4 -70.59
656.8 -68.37
657.2 -68.7
657.6 -67.59
658.0 -68.38
658.4 -67.76
658.8 -68.05
659.2 -68.55
659.6 -67.69
660.0 -67.53
660.4 -68.06
660.8 -68.77
661.2 -68.77
661.6 -67.44
662.0 -68.77
662.4 -68.11
662.8 -67.74
663.2 -68.35
663.6 -67.28
664.0 -68.3
664.4 -68.56
664.8 -66.36
665.2 -67.53
665.6 -68.25
666.0 -67.65
666.4 -67.09
666.8 -68.56
667.2 -68.25
667.6 -67.87
668.0 -67.4
668.4 -67.87
668.8 -66.94
669.2 -68.25
669.6 -67.28
670.0 -68.34
670.4 -67.82
670.8 -66.88
671.2 -67.38
671.6 -67.42
672.0 -67.62
672.4 -69.6
672.8 -67.24
673.2 -66.9
673.6 -68.21
674.0 -67.15
674.4 -66.37
674.8 -66.84
675.2 -67.38
675.6 -67.1
676.0 -67.37
676.4 -67.46
676.8 -66.82
677.2 -66.82
677.6 -66.97
678.0 -66.43
678.4 -66.6
678.8 -67.96
679.2 -66.8
679.6 -66.63
680.0 -66.69
680.4 -66.65
680.8 -67.01
681.2 -67.01
681.6 -66.6
682.0 -66.66
682.4 -67.56
682.8 -67.05
683.2 -66.21
683.6 -67.16
684.0 -67.16
684.4 -67.4
684.8 -66.66
685.2 -67.93
685.6 -67.1
686.0 -66.75
686.4 -66.14
686.8 -67.91
687.2 -67.2
687.6 -67.23
688.0 -65.72
688.4 -65.95
688.8 -67.93
689.2 -67.01
689.6 -67.21
690.0 -67.04
690.4 -66.73
690.8 -66.27
691.2 -67.14
691.6 -66.72
692.0 -67.17
692.4 -67.25
692.8 -67.25
693.2 -65.18
693.6 -66.37
694.0 -66.06
694.4 -66.42
694.8 -66.89
695.2 -67.12
695.6 -66.66
696.0 -67.11
696.4 -67.31
696.8 -66.94
697.2 -67.39
697.6 -66.41
698.0 -66.4
698.4 -67.24
698.8 -66.46
699.2 -67.49
699.6 -66.75
700.0 -66.27
700.4 -65.45
700.8 -66.36
701.2 -66.35
701.6 -66.95
702.0 -65.97
702.4 -66.44
702.8 -65.8
703.2 -65.24
703.6 -65.79
704.0 -66.83
704.4 -65.77
704.8 -66.2
705.2 -65.83
705.6 -65.67
706.0 -66.04
706.4 -66.6
706.8 -65.59
707.2 -66.19
707.6 -66.74
708.0 -65.45
708.4 -67.09
708.8 -65.56
709.2 -65.89
709.6 -65.4
710.0 -66.12
710.4 -65.51
710.8 -65.87
711.2 -65.53
711.6 -66.24
712.0 -65.15
712.4 -66.2
712.8 -65.42
713.2 -66.26
713.6 -66.22
714.0 -65.18
714.4 -65.8
714.8 -65.43
715.2 -66.02
715.6 -66.34
716.0 -65.42
716.4 -65.5
716.8 -65.41
717.2 -65.17
717.6 -66.25
718.0 -65.57
718.4 -67.38
718.8 -65.85
719.2 -65.88
719.6 -66.56
720.0 -65.4
720.4 -65.87
720.8 -65.7
721.2 -65.1
721.6 -65.19
722.0 -65.44
722.4 -65.18
722.8 -66.12
723.2 -66.22
723.6 -65.71
724.0 -64.96
724.4 -66.04
724.8 -65.44
725.2 -64.82
725.6 -65.63
726.0 -64.81
726.4 -66.27
726.8 -65.55
727.2 -64.91
727.6 -64.75
728.0 -66.25
728.4 -66.47
728.8 -66.02
729.2 -65.34
729.6 -65.4
730.0 -65.87
730.4 -65.98
730.8 -65.32
731.2 -65.47
731.6 -65.15
732.0 -65.85
732.4 -65.4
732.8 -65.59
733.2 -65.24
733.6 -65.88
734.0 -65.45
734.4 -65.51
734.8 -65.35
735.2 -66.11
735.6 -65.43
736.0 -66.0
736.4 -66.2
736.8 -65.33
737.2 -65.18
737.6 -65.6
738.0 -65.14
738.4 -66.19
738.8 -65.19
739.2 -64.74
739.6 -65.86
740.0 -64.81
740.4 -65.78
740.8 -65.75
741.2 -65.48
741.6 -65.45
742.0 -65.81
742.4 -65.26
742.8 -66.08
743.2 -65.25
743.6 -65.63
744.0 -65.59
744.4 -65.24
744.8 -65.52
745.2 -65.24
745.6 -65.32
746.0 -66.02
746.4 -64.8
746.8 -66.1
747.2 -65.13
747.6 -65.02
748.0 -65.53
748.4 -65.4
748.8 -65.27
749.2 -65.03
749.6 -64.7
750.0 -64.74
750.4 -65.02
750.8 -64.79
751.2 -64.99
751.6 -64.49
752.0 -64.94
752.4 -66.0
752.8 -65.64
753.2 -65.64
753.6 -65.56
754.0 -64.31
754.4 -64.66
754.8 -65.42
755.2 -66.46
755.6 -65.51
756.0 -65.67
756.4 -64.77
756.8 -65.3
757.2 -64.55
757.6 -65.51
758.0 -65.68
758.4 -65.6
758.8 -65.18
759.2 -65.08
759.6 -65.53
760.0 -66.36
760.4 -65.55
760.8 -65.25
761.2 -65.28
761.6 -65.25
762.0 -65.11
762.4 -64.73
762.8 -65.76
763.2 -64.86
763.6 -64.61
764.0 -65.22
764.4 -65.28
764.8 -64.65
765.2 -65.57
765.6 -64.3
766.0 -64.19
766.4 -64.72
766.8 -64.41
767.2 -64.18
767.6 -64.44
768.0 -64.0
768.4 -64.32
768.8 -64.58
769.2 -64.31
769.6 -64.06
770.0 -65.13
770.4 -64.65
770.8 -64.6
771.2 -64.28
771.6 -64.49
772.0 -64.29
772.4 -65.31
772.8 -65.18
773.2 -64.59
773.6 -64.19
774.0 -64.98
774.4 -64.36
774.8 -64.44
775.2 -65.43
775.6 -64.66
776.0 -64.79
776.4 -64.65
776.8 -64.65
777.2 -64.43
777.6 -64.46
778.0 -64.31
778.4 -64.5
778.8 -64.84
779.2 -63.82
779.6 -64.61
780.0 -64.57
780.4 -64.95
780.8 -64.92
781.2 -65.14
781.6 -65.19
782.0 -64.62
782.4 -64.24
782.8 -64.14
783.2 -63.88
783.6 -64.36
784.0 -65.02
784.4 -65.84
784.8 -63.9
785.2 -63.62
785.6 -63.6
786.0 -64.89
786.4 -63.99
786.8 -64.26
787.2 -64.32
787.6 -65.0
788.0 -64.7
788.4 -64.72
788.8 -64.96
789.2 -64.05
789.6 -63.83
790.0 -64.66
790.4 -64.35
790.8 -64.24
791.2 -63.6
791.6 -63.81
792.0 -63.43
792.4 -64.03
792.8 -64.07
793.2 -63.82
793.6 -64.44
794.0 -63.23
794.4 -63.89
794.8 -64.24
795.2 -63.7
795.6 -63.76
796.0 -63.71
796.4 -63.85
796.8 -63.76
797.2 -64.49
797.6 -63.56
798.0 -64.12
798.4 -64.6
798.8 -63.31
799.2 -63.98
799.6 -63.93
800.0 -64.1
800.4 -63.9
800.8 -63.07
801.2 -64.37
801.6 -64.03
802.0 -63.74
802.4 -63.86
802.8 -63.65
803.2 -64.01
803.6 -63.59
804.0 -63.35
804.4 -64.18
804.8 -63.35
805.2 -63.02
805.6 -63.47
806.0 -62.4
806.4 -60.04
806.8 -56.84
807.2 -53.29
807.6 -49.36
808.0 -47.98
808.4 -48.9
808.8 -49.42
809.2 -53.25
809.6 -60.5
810.0 -62.45
810.4 -62.69
810.8 -63.31
811.2 -63.12
811.6 -63.42
812.0 -63.2
812.4 -63.91
812.8 -63.46
813.2 -63.95
813.6 -63.51
814.0 -63.29
814.4 -63.02
814.8 -63.11
815.2 -64.11
815.6 -63.65
816.0 -63.57
816.4 -63.67
816.8 -65.01
817.2 -63.35
817.6 -63.32
818.0 -63.16
818.4 -63.59
818.8 -63.34
819.2 -63.78
819.6 -63.29
820.0 -63.56
820.4 -64.09
820.8 -63.46
821.2 -63.23
821.6 -62.8
822.0 -63.03
822.4 -63.42
822.8 -63.77
823.2 -63.37
823.6 -63.44
824.0 -62.91
824.4 -63.1
824.8 -63.39
825.2 -63.23
825.6 -63.86
826.0 -63.31
826.4 -63.18
826.8 -63.06
827.2 -63.7
827.6 -63.4
828.0 -63.71
828.4 -63.24
828.8 -63.27
829.2 -63.37
829.6 -63.09
830.0 -63.39
830.4 -62.82
830.8 -62.85
831.2 -63.39
831.6 -62.89
832.0 -63.0
832.4 -63.0
832.8 -62.96
833.2 -63.66
833.6 -62.91
834.0 -63.22
834.4 -63.08
834.8 -62.72
835.2 -62.62
835.6 -62.47
836.0 -62.52
836.4 -62.83
836.8 -62.94
837.2 -62.98
837.6 -62.63
838.0 -62.98
838.4 -63.16
838.8 -63.06
839.2 -62.6
839.6 -62.81
840.0 -62.75
840.4 -62.99
840.8 -63.16
841.2 -62.68
841.6 -62.7
842.0 -62.54
842.4 -62.71
842.8 -62.62
843.2 -62.8
843.6 -62.32
844.0 -62.74
844.4 -62.59
844.8 -62.66
845.2 -62.82
845.6 -62.54
846.0 -62.49
846.4 -62.38
846.8 -62.52
847.2 -62.65
847.6 -62.23
848.0 -61.99
848.4 -62.71
848.8 -62.47
849.2 -62.29
849.6 -62.38
850.0 -62.32
850.4 -62.41
850.8 -62.11
851.2 -62.32
851.6 -62.12
852.0 -62.4
852.4 -62.1
852.8 -62.12
853.2 -62.26
853.6 -62.48
854.0 -62.31
854.4 -62.4
854.8 -62.41
855.2 -61.94
855.6 -62.38
856.0 -62.47
856.4 -62.52
856.8 -62.24
857.2 -62.13
857.6 -62.03
858.0 -62.02
858.4 -61.91
858.8 -62.28
859.2 -61.95
859.6 -62.32
860.0 -61.87
860.4 -62.05
860.8 -61.85
861.2 -62.16
861.6 -62.23
862.0 -62.03
862.4 -61.6
862.8 -62.07
863.2 -62.02
863.6 -61.97
864.0 -62.22
864.4 -61.43
864.8 -61.87
865.2 -61.92
865.6 -61.91
866.0 -61.79
866.4 -61.78
866.8 -62.22
867.2 -61.89
867.6 -61.75
868.0 -61.76
868.4 -61.87
868.8 -61.64
869.2 -61.93
869.6 -62.11
870.0 -61.9
870.4 -61.77
870.8 -61.88
871.2 -61.77
871.6 -61.96
872.0 -61.86
872.4 -62.21
872.8 -61.53
873.2 -61.76
873.6 -61.74
874.0 -62.01
874.4 -61.92
874.8 -61.78
875.2 -61.8
875.6 -61.83
876.0 -61.61
876.4 -61.59
876.8 -61.87
877.2 -61.73
877.6 -61.48
878.0 -61.46
878.4 -61.6
878.8 -61.43
879.2 -61.32
879.6 -61.31
880.0 -61.48
880.4 -61.56
880.8 -61.27
881.2 -61.57
881.6 -61.5
882.0 -61.26
882.4 -61.47
882.8 -61.42
883.2 -61.09
883.6 -61.28
884.0 -61.49
884.4 -61.35
884.8 -61.22
885.2 -61.17
885.6 -61.18
886.0 -61.45
886.4 -61.31
886.8 -61.33
887.2 -61.23
887.6 -61.11
888.0 -60.98
888.4 -61.03
888.8 -61.03
889.2 -61.17
889.6 -60.94
890.0 -61.04
890.4 -61.04
890.8 -60.9
891.2 -61.09
891.6 -61.26
892.0 -61.23
892.4 -61.23
892.8 -60.82
893.2 -61.23
893.6 -61.18
894.0 -61.08
894.4 -60.81
894.8 -61.04
895.2 -61.09
895.6 -60.87
896.0 -61.17
896.4 -60.66
896.8 -60.69
897.2 -60.81
897.6 -60.8
898.0 -60.94
898.4 -60.62
898.8 -60.83
899.2 -61.0
899.6 -60.93
900.0 -60.59
900.4 -60.61
900.8 -60.78
901.2 -60.68
901.6 -60.72
902.0 -60.6
902.4 -60.82
902.8 -60.67
903.2 -60.68
903.6 -60.6
904.0 -61.06
904.4 -60.7
904.8 -60.6
905.2 -60.43
905.6 -60.76
906.0 -60.43
906.4 -60.4
906.8 -60.45
907.2 -60.44
907.6 -60.37
908.0 -60.28
908.4 -60.31
908.8 -60.76
909.2 -60.62
909.6 -60.42
910.0 -60.2
910.4 -60.26
910.8 -60.53
911.2 -60.25
911.6 -60.44
912.0 -60.16
912.4 -60.04
912.8 -60.09
913.2 -60.1
913.6 -60.11
914.0 -60.23
914.4 -60.2
914.8 -59.97
915.2 -60.05
915.6 -60.18
916.0 -60.04
916.4 -59.87
916.8 -59.86
917.2 -59.76
917.6 -59.72
918.0 -59.99
918.4 -59.61
918.8 -60.04
919.2 -59.92
919.6 -59.74
920.0 -59.56
920.4 -59.75
920.8 -59.73
921.2 -59.65
921.6 -59.5
922.0 -59.59
922.4 -59.56
922.8 -59.47
923.2 -59.48
923.6 -59.49
924.0 -59.68
924.4 -59.39
924.8 -59.51
925.2 -59.38
925.6 -59.39
926.0 -59.47
926.4 -59.35
926.8 -59.2
927.2 -59.33
927.6 -59.24
928.0 -59.36
928.4 -59.28
928.8 -59.04
929.2 -59.31
929.6 -59.06
930.0 -58.99
930.4 -58.96
930.8 -59.18
931.2 -59.27
931.6 -58.99
932.0 -59.09
932.4 -59.13
932.8 -58.9
933.2 -58.81
933.6 -58.91
934.0 -58.71
934.4 -58.91
934.8 -58.85
935.2 -58.78
935.6 -58.89
936.0 -58.8
936.4 -58.89
936.8 -58.67
937.2 -58.65
937.6 -58.61
938.0 -58.75
938.4 -58.75
938.8 -58.51
939.2 -58.62
939.6 -58.53
940.0 -58.67
940.4 -58.66
940.8 -58.47
941.2 -58.6
941.6 -58.51
942.0 -58.47
942.4 -58.58
942.8 -58.28
943.2 -58.52
943.6 -58.48
944.0 -58.46
944.4 -58.19
944.8 -58.41
945.2 -58.23
945.6 -58.21
946.0 -58.3
946.4 -58.17
946.8 -58.32
947.2 -58.17
947.6 -58.21
948.0 -58.25
948.4 -58.01
948.8 -58.18
949.2 -58.0
949.6 -58.05
950.0 -58.11
950.4 -57.89
950.8 -57.99
951.2 -58.03
951.6 -58.11
952.0 -58.0
952.4 -57.98
952.8 -57.95
953.2 -58.1
953.6 -57.88
954.0 -58.0
954.4 -57.99
954.8 -57.99
955.2 -58.01
955.6 -57.9
956.0 -57.92
956.4 -58.0
956.8 -57.7
957.2 -57.89
957.6 -57.72
958.0 -57.68
958.4 -57.85
958.8 -57.64
959.2 -57.8
959.6 -57.83
960.0 -57.74
960.4 -57.7
960.8 -57.61
961.2 -57.5
961.6 -57.55
962.0 -57.58
962.4 -57.46
962.8 -57.61
963.2 -57.47
963.6 -57.48
964.0 -57.34
964.4 -57.37
964.8 -57.41
965.2 -57.33
965.6 -57.31
966.0 -57.2
966.4 -57.41
966.8 -57.31
967.2 -57.37
967.6 -57.36
968.0 -57.32
968.4 -57.28
968.8 -57.3
969.2 -57.37
969.6 -57.4
970.0 -57.35
970.4 -57.29
970.8 -57.25
971.2 -57.31
971.6 -57.29
972.0 -57.28
972.4 -57.23
972.8 -57.3
973.2 -57.3
973.6 -57.51
974.0 -57.46
974.4 -57.49
974.8 -57.53
975.2 -57.54
975.6 -57.5
976.0 -57.42
976.4 -57.56
976.8 -57.5
977.2 -57.69
977.6 -57.7
978.0 -57.69
978.4 -57.66
978.8 -57.73
979.2 -57.72
979.6 -57.67
980.0 -57.75
980.4 -57.53
980.8 -57.83
981.2 -57.61
981.6 -57.53
982.0 -57.54
982.4 -57.35
982.8 -57.45
983.2 -57.44
983.6 -57.37
984.0 -57.26
984.4 -57.15
984.8 -57.12
985.2 -57.12
985.6 -57.17
986.0 -56.99
986.4 -57.03
986.8 -57.07
987.2 -57.1
987.6 -56.94
988.0 -57.0
988.4 -56.93
988.8 -56.91
989.2 -56.77
989.6 -56.87
990.0 -56.73
990.4 -56.8
990.8 -56.66
991.2 -56.67
991.6 -56.63
992.0 -56.67
992.4 -56.76
992.8 -56.68
993.2 -56.51
993.6 -56.72
994.0 -56.64
994.4 -56.65
994.8 -56.69
995.2 -56.71
995.6 -56.76
996.0 -56.78
996.4 -56.76
996.8 -56.72
997.2 -56.82
997.6 -56.72
998.0 -56.84
998.4 -57.04
998.8 -57.03
999.2 -56.9
999.6 -56.88
1000.0 -56.99
