600.0 -78.11
600.4 -78.13
600.8 -69.0
601.2 -75.75
601.6 -70.09
602.0 -210.0
602.4 -210.0
602.8 -210.0
603.2 -210.0
603.6 -210.0
604.0 -76.61
604.4 -73.62
604.8 -71.66
605.2 -75.43
605.6 -210.0
606.0 -70.55
606.4 -210.0
606.8 -210.0
607.2 -210.0
607.6 -210.0
608.0 -69.6
608.4 -79.9
608.8 -75.67
609.2 -210.0
609.6 -210.0
610.0 -210.0
610.4 -70.33
610.8 -80.05
611.2 -77.86
611.6 -210.0
612.0 -69.84
612.4 -67.77
612.8 -75.91
613.2 -72.18
613.6 -69.68
614.0 -72.97
614.4 -70.56
614.8 -71.45
615.2 -69.17
615.6 -69.92
616.0 -79.11
616.4 -69.84
616.8 -73.13
617.2 -70.58
617.6 -70.17
618.0 -210.0
618.4 -77.49
618.8 -70.98
619.2 -74.91
619.6 -70.72
620.0 -70.18
620.4 -69.16
620.8 -73.37
621.2 -70.13
621.6 -210.0
622.0 -68.68
622.4 -69.72
622.8 -73.24
623.2 -210.0
623.6 -70.41
624.0 -70.7
624.4 -73.6
624.8 -77.21
625.2 -70.51
625.6 -71.09
626.0 -70.18
626.4 -69.74
626.8 -71.17
627.2 -76.27
627.6 -70.93
628.0 -72.44
628.4 -70.71
628.8 -72.11
629.2 -77.48
629.6 -70.28
630.0 -70.94
630.4 -71.88
630.8 -77.6
631.2 -72.47
631.6 -71.49
632.0 -68.99
632.4 -70.99
632.8 -71.73
633.2 -69.08
633.6 -71.2
634.0 -73.28
634.4 -71.84
634.8 -68.94
635.2 -69.75
635.6 -73.4
636.0 -70.0
636.4 -68.27
636.8 -68.64
637.2 -70.73
637.6 -67.98
638.0 -68.26
638.4 -73.19
638.8 -68.32
639.2 -70.24
639.6 -67.12
640.0 -70.11
640.4 -70.44
640.8 -72.84
641.2 -69.21
641.6 -68.56
642.0 -69.28
642.4 -68.44
642.8 -69.92
643.2 -69.17
643.6 -67.67
644.0 -67.32
644.4 -70.41
644.8 -68.04
645.2 -68.63
645.6 -68.92
646.0 -70.37
646.4 -67.97
646.8 -68.32
647.2 -68.41
647.6 -68.29
648.0 -68.21
648.4 -68.8
648.8 -68.9
649.2 -67.83
649.6 -69.09
650.0 -68.48
650.4 -68.32
650.8 -69.16
651.2 -69.56
651.6 -68.43
652.0 -69.99
652.4 -67.72
652.8 -68.66
653.2 -67.42
653.6 -67.87
654.0 -69.79
654.4 -67.23
654.8 -69.08
655.2 -68.02
655.6 -67.36
656.0 -68.97
656.4 -67.33
656.8 -67.8
657.2 -67.85
657.6 -67.59
658.0 -67.26
658.4 -68.87
658.8 -67.27
659.2 -67.64
659.6 -66.22
660.0 -68.01
660.4 -66.83
660.8 -67.24
661.2 -68.25
661.6 -67.16
662.0 -67.61
662.4 -68.25
662.8 -67.44
663.2 -67.61
663.6 -68.01
664.0 -66.52
664.4 -66.73
664.8 -66.87
665.2 -67.83
665.6 -67.05
666.0 -66.46
666.4 -68.35
666.8 -67.87
667.2 -66.83
667.6 -67.09
668.0 -66.9
668.4 -66.56
668.8 -68.01
669.2 -66.76
669.6 -67.74
670.0 -66.61
670.4 -67.64
670.8 -66.96
671.2 -66.64
671.6 -66.96
672.0 -66.63
672.4 -66.66
672.8 -67.2
673.2 -67.16
673.6 -66.13
674.0 -67.65
674.4 -66.37
674.8 -66.81
675.2 -66.4
675.6 -67.34
676.0 -66.2
676.4 -66.55
676.8 -65.97
677.2 -68.07
677.6 -67.2
678.0 -67.0
678.4 -66.53
678.8 -65.86
679.2 -65.66
679.6 -68.05
680.0 -66.72
680.4 -66.28
680.8 -67.94
681.2 -66.5
681.6 -66.36
682.0 -67.64
682.4 -66.35
682.8 -67.46
683.2 -65.5
683.6 -66.14
684.0 -65.52
684.4 -66.25
684.8 -66.06
685.2 -66.41
685.6 -66.05
686.0 -65.6
686.4 -67.09
686.8 -66.0
687.2 -65.97
687.6 -66.62
688.0 -65.96
688.4 -66.4
688.8 -66.37
689.2 -66.82
689.6 -66.5
690.0 -66.12
690.4 -66.24
690.8 -65.19
691.2 -65.03
691.6 -66.16
692.0 -65.55
692.4 -65.43
692.8 -65.83
693.2 -67.24
693.6 -65.91
694.0 -66.94
694.4 -66.45
694.8 -66.35
695.2 -67.42
695.6 -67.25
696.0 -66.76
696.4 -65.54
696.8 -65.74
697.2 -66.24
697.6 -65.28
698.0 -65.72
698.4 -65.71
698.8 -66.12
699.2 -65.33
699.6 -66.38
700.0 -65.75
700.4 -66.22
700.8 -66.12
701.2 -65.5
701.6 -65.61
702.0 -67.23
702.4 -65.93
702.8 -65.74
703.2 -66.36
703.6 -66.18
704.0 -65.75
704.4 -66.48
704.8 -65.62
705.2 -66.02
705.6 -65.49
706.0 -65.57
706.4 -66.0
706.8 -66.24
707.2 -66.09
707.6 -65.96
708.0 -66.93
708.4 -65.94
708.8 -66.42
709.2 -65.93
709.6 -66.95
710.0 -65.51
710.4 -65.82
710.8 -66.46
711.2 -65.97
711.6 -65.01
712.0 -66.1
712.4 -66.24
712.8 -65.76
713.2 -66.3
713.6 -66.32
714.0 -64.84
714.4 -65.12
714.8 -66.1
715.2 -66.27
715.6 -65.86
716.0 -66.23
716.4 -66.92
716.8 -65.75
717.2 -66.18
717.6 -65.61
718.0 -66.06
718.4 -65.51
718.8 -66.16
719.2 -65.41
719.6 -66.45
720.0 -65.55
720.4 -65.97
720.8 -67.26
721.2 -65.67
721.6 -65.67
722.0 -66.23
722.4 -65.15
722.8 -66.26
723.2 -65.68
723.6 -65.71
724.0 -66.32
724.4 -65.39
724.8 -65.89
725.2 -65.86
725.6 -65.66
726.0 -66.02
726.4 -66.94
726.8 -65.51
727.2 -65.27
727.6 -65.64
728.0 -66.71
728.4 -66.0
728.8 -67.37
729.2 -65.95
729.6 -65.02
730.0 -65.81
730.4 -65.71
730.8 -66.48
731.2 -65.54
731.6 -66.04
732.0 -66.1
732.4 -65.82
732.8 -66.36
733.2 -65.55
733.6 -66.42
734.0 -65.45
734.4 -65.83
734.8 -65.83
735.2 -66.26
735.6 -65.25
736.0 -65.59
736.4 -66.17
736.8 -66.59
737.2 -65.33
737.6 -65.91
738.0 -64.94
738.4 -65.6
738.8 -66.87
739.2 -65.86
739.6 -66.37
740.0 -65.99
740.4 -65.65
740.8 -65.62
741.2 -65.98
741.6 -66.05
742.0 -65.81
742.4 -66.98
742.8 -66.5
743.2 -65.87
743.6 -65.47
744.0 -64.87
744.4 -66.66
744.8 -65.62
745.2 -65.65
745.6 -65.51
746.0 -65.68
746.4 -66.69
746.8 -65.61
747.2 -66.94
747.6 -64.93
748.0 -66.24
748.4 -66.04
748.8 -65.97
749.2 -65.18
749.6 -65.86
750.0 -64.85
750.4 -65.08
750.8 -66.21
751.2 -66.28
751.6 -66.2
752.0 -65.52
752.4 -65.58
752.8 -65.16
753.2 -65.19
753.6 -65.8
754.0 -66.4
754.4 -64.85
754.8 -66.56
755.2 -66.38
755.6 -66.03
756.0 -65.53
756.4 -65.95
756.8 -64.91
757.2 -65.98
757.6 -66.86
758.0 -65.07
758.4 -65.64
758.8 -66.81
759.2 -65.27
759.6 -65.95
760.0 -65.94
760.4 -65.58
760.8 -66.82
761.2 -65.47
761.6 -65.25
762.0 -67.71
762.4 -66.1
762.8 -65.35
763.2 -65.76
763.6 -65.32
764.0 -65.72
764.4 -66.01
764.8 -66.0
765.2 -64.9
765.6 -65.33
766.0 -66.06
766.4 -65.46
766.8 -66.46
767.2 -66.5
767.6 -65.31
768.0 -64.81
768.4 -66.01
768.8 -65.26
769.2 -65.88
769.6 -64.92
770.0 -64.1
770.4 -65.8
770.8 -65.52
771.2 -64.97
771.6 -65.38
772.0 -65.65
772.4 -66.5
772.8 -66.68
773.2 -65.47
773.6 -64.9
774.0 -66.08
774.4 -64.95
774.8 -65.78
775.2 -65.5
775.6 -65.93
776.0 -65.66
776.4 -66.36
776.8 -65.7
777.2 -66.94
777.6 -65.32
778.0 -65.51
778.4 -64.67
778.8 -67.02
779.2 -66.06
779.6 -65.83
780.0 -65.11
780.4 -65.57
780.8 -65.33
781.2 -65.14
781.6 -65.74
782.0 -65.42
782.4 -65.78
782.8 -65.39
783.2 -65.8
783.6 -65.69
784.0 -65.48
784.4 -65.48
784.8 -65.91
785.2 -66.26
785.6 -65.72
786.0 -65.01
786.4 -66.55
786.8 -65.53
787.2 -66.3
787.6 -64.7
788.0 -65.19
788.4 -65.42
788.8 -67.82
789.2 -65.32
789.6 -65.32
790.0 -65.41
790.4 -64.71
790.8 -66.36
791.2 -66.06
791.6 -65.9
792.0 -65.16
792.4 -64.97
792.8 -65.39
793.2 -65.03
793.6 -65.35
794.0 -65.02
794.4 -64.99
794.8 -65.52
795.2 -65.52
795.6 -65.44
796.0 -64.53
796.4 -64.91
796.8 -64.94
797.2 -64.46
797.6 -64.97
798.0 -64.58
798.4 -65.78
798.8 -65.31
799.2 -64.96
799.6 -64.13
800.0 -64.82
800.4 -64.15
800.8 -64.79
801.2 -64.51
801.6 -64.6
802.0 -64.86
802.4 -64.37
802.8 -64.81
803.2 -64.12
803.6 -64.55
804.0 -64.23
804.4 -63.57
804.8 -64.18
805.2 -64.28
805.6 -64.03
806.0 -62.87
806.4 -60.91
806.8 -57.72
807.2 -53.96
807.6 -50.13
808.0 -48.78
808.4 -49.8
808.8 -50.38
809.2 -54.62
809.6 -60.92
810.0 -63.16
810.4 -63.71
810.8 -64.56
811.2 -64.48
811.6 -64.09
812.0 -64.13
812.4 -63.7
812.8 -64.56
813.2 -64.28
813.6 -64.31
814.0 -64.45
814.4 -64.17
814.8 -64.58
815.2 -64.36
815.6 -63.56
816.0 -63.77
816.4 -63.94
816.8 -64.5
817.2 -63.97
817.6 -64.36
818.0 -64.01
818.4 -64.09
818.8 -64.84
819.2 -64.34
819.6 -63.56
820.0 -64.18
820.4 -63.97
820.8 -64.28
821.2 -63.89
821.6 -64.12
822.0 -64.03
822.4 -64.6
822.8 -64.43
823.2 -64.15
823.6 -64.38
824.0 -64.58
824.4 -64.73
824.8 -64.39
825.2 -64.02
825.6 -64.94
826.0 -64.81
826.4 -63.95
826.8 -64.94
827.2 -64.5
827.6 -64.35
828.0 -64.1
828.4 -63.99
828.8 -64.9
829.2 -64.02
829.6 -64.3
830.0 -64.47
830.4 -64.41
830.8 -64.56
831.2 -64.66
831.6 -64.06
832.0 -64.47
832.4 -64.62
832.8 -63.61
833.2 -63.7
833.6 -64.3
834.0 -64.05
834.4 -64.51
834.8 -64.5
835.2 -64.04
835.6 -64.17
836.0 -64.08
836.4 -64.53
836.8 -64.21
837.2 -64.3
837.6 -64.27
838.0 -64.03
838.4 -64.71
838.8 -64.81
839.2 -64.82
839.6 -64.36
840.0 -64.14
840.4 -64.99
840.8 -64.55
841.2 -64.86
841.6 -64.41
842.0 -64.84
842.4 -65.03
842.8 -64.54
843.2 -64.38
843.6 -64.54
844.0 -64.67
844.4 -64.8
844.8 -64.6
845.2 -64.56
845.6 -65.09
846.0 -64.86
846.4 -65.24
846.8 -64.29
847.2 -64.94
847.6 -65.3
848.0 -64.72
848.4 -64.85
848.8 -65.28
849.2 -64.52
849.6 -64.57
850.0 -64.89
850.4 -63.89
850.8 -65.52
851.2 -65.23
851.6 -65.3
852.0 -64.59
852.4 -65.28
852.8 -65.17
853.2 -65.53
853.6 -65.12
854.0 -64.59
854.4 -65.14
854.8 -65.34
855.2 -64.7
855.6 -65.33
856.0 -64.96
856.4 -65.98
856.8 -65.45
857.2 -65.83
857.6 -65.66
858.0 -65.32
858.4 -65.21
858.8 -65.93
859.2 -65.59
859.6 -65.51
860.0 -65.12
860.4 -66.32
860.8 -64.39
861.2 -64.07
861.6 -65.25
862.0 -65.18
862.4 -65.2
862.8 -65.83
863.2 -65.81
863.6 -65.74
864.0 -66.16
864.4 -65.79
864.8 -64.65
865.2 -65.78
865.6 -66.1
866.0 -65.06
866.4 -65.94
866.8 -65.3
867.2 -65.45
867.6 -65.5
868.0 -65.49
868.4 -65.26
868.8 -65.07
869.2 -65.43
869.6 -65.74
870.0 -65.29
870.4 -65.36
870.8 -65.69
871.2 -65.82
871.6 -65.84
872.0 -65.67
872.4 -65.43
872.8 -65.71
873.2 -65.76
873.6 -65.25
874.0 -64.19
874.4 -65.89
874.8 -66.16
875.2 -66.36
875.6 -65.33
876.0 -65.65
876.4 -65.8
876.8 -65.1
877.2 -65.69
877.6 -65.58
878.0 -65.83
878.4 -65.48
878.8 -66.07
879.2 -65.22
879.6 -65.35
880.0 -65.83
880.4 -66.67
880.8 -65.51
881.2 -65.96
881.6 -66.08
882.0 -65.34
882.4 -65.12
882.8 -64.89
883.2 -67.61
883.6 -65.2
884.0 -66.17
884.4 -65.61
884.8 -65.4
885.2 -66.54
885.6 -66.13
886.0 -65.08
886.4 -65.81
886.8 -65.49
887.2 -65.68
887.6 -65.71
888.0 -65.56
888.4 -66.02
888.8 -65.77
889.2 -65.74
889.6 -66.32
890.0 -65.7
890.4 -65.79
890.8 -65.42
891.2 -65.83
891.6 -65.77
892.0 -65.97
892.4 -64.73
892.8 -65.58
893.2 -65.3
893.6 -66.21
894.0 -66.05
894.4 -65.99
894.8 -65.84
895.2 -67.41
895.6 -65.58
896.0 -66.17
896.4 -66.24
896.8 -65.96
897.2 -65.51
897.6 -66.7
898.0 -65.25
898.4 -65.49
898.8 -66.4
899.2 -65.67
899.6 -66.4
900.0 -66.14
900.4 -65.87
900.8 -66.01
901.2 -66.24
901.6 -65.09
902.0 -66.7
902.4 -65.97
902.8 -66.91
903.2 -66.31
903.6 -66.52
904.0 -66.26
904.4 -65.95
904.8 -68.82
905.2 -66.66
905.6 -66.81
906.0 -66.89
906.4 -65.9
906.8 -67.22
907.2 -67.03
907.6 -66.6
908.0 -66.24
908.4 -65.82
908.8 -65.92
909.2 -66.43
909.6 -66.74
910.0 -67.21
910.4 -67.27
910.8 -65.33
911.2 -66.74
911.6 -65.82
912.0 -65.75
912.4 -65.77
912.8 -66.61
913.2 -67.34
913.6 -66.5
914.0 -66.76
914.4 -66.63
914.8 -67.57
915.2 -66.2
915.6 -66.46
916.0 -65.94
916.4 -67.44
916.8 -67.15
917.2 -66.22
917.6 -67.78
918.0 -65.97
918.4 -66.55
918.8 -66.82
919.2 -66.83
919.6 -66.72
920.0 -67.29
920.4 -66.89
920.8 -67.26
921.2 -67.3
921.6 -66.27
922.0 -67.72
922.4 -66.88
922.8 -67.31
923.2 -67.08
923.6 -66.74
924.0 -67.51
924.4 -67.45
924.8 -67.09
925.2 -67.2
925.6 -67.12
926.0 -66.14
926.4 -67.58
926.8 -67.42
927.2 -67.19
927.6 -66.6
928.0 -66.94
928.4 -66.36
928.8 -67.34
929.2 -66.13
929.6 -66.05
930.0 -67.56
930.4 -67.02
930.8 -68.08
931.2 -67.28
931.6 -67.34
932.0 -67.78
932.4 -66.53
932.8 -67.64
933.2 -66.88
933.6 -68.0
934.0 -67.74
934.4 -67.39
934.8 -67.38
935.2 -67.83
935.6 -67.55
936.0 -68.09
936.4 -67.72
936.8 -66.91
937.2 -68.23
937.6 -68.14
938.0 -67.07
938.4 -68.98
938.8 -68.74
939.2 -67.74
939.6 -67.5
940.0 -67.59
940.4 -67.49
940.8 -67.99
941.2 -67.51
941.6 -69.67
942.0 -67.4
942.4 -68.03
942.8 -67.09
943.2 -67.09
943.6 -67.59
944.0 -67.83
944.4 -68.08
944.8 -68.07
945.2 -68.03
945.6 -68.28
946.0 -67.67
946.4 -67.39
946.8 -68.6
947.2 -67.75
947.6 -68.14
948.0 -69.04
948.4 -67.22
948.8 -67.81
949.2 -68.75
949.6 -67.58
950.0 -67.66
950.4 -68.77
950.8 -68.45
951.2 -68.15
951.6 -67.57
952.0 -67.81
952.4 -68.87
952.8 -67.5
953.2 -67.47
953.6 -68.52
954.0 -68.75
954.4 -68.84
954.8 -68.28
955.2 -67.48
955.6 -67.78
956.0 -68.5
956.4 -67.82
956.8 -67.71
957.2 -67.89
957.6 -68.39
958.0 -67.33
958.4 -67.12
958.8 -68.6
959.2 -68.44
959.6 -68.23
960.0 -67.67
960.4 -67.75
960.8 -68.14
961.2 -66.64
961.6 -67.11
962.0 -67.43
962.4 -66.52
962.8 -66.82
963.2 -66.92
963.6 -66.49
964.0 -66.92
964.4 -66.8
964.8 -67.03
965.2 -67.26
965.6 -66.56
966.0 -67.1
966.4 -66.85
966.8 -67.52
967.2 -67.04
967.6 -66.85
968.0 -66.95
968.4 -67.09
968.8 -66.89
969.2 -67.39
969.6 -66.76
970.0 -67.25
970.4 -67.26
970.8 -67.12
971.2 -67.44
971.6 -67.31
972.0 -67.07
972.4 -66.78
972.8 -67.49
973.2 -67.21
973.6 -67.02
974.0 -67.49
974.4 -66.88
974.8 -66.86
975.2 -67.39
975.6 -67.35
976.0 -67.5
976.4 -67.32
976.8 -67.06
977.2 -67.22
977.6 -67.24
978.0 -67.21
978.4 -67.78
978.8 -66.93
979.2 -67.04
979.6 -67.23
980.0 -67.2
980.4 -66.88
980.8 -66.71
981.2 -66.75
981.6 -66.98
982.0 -66.36
982.4 -67.2
982.8 -66.52
983.2 -66.94
983.6 -66.85
984.0 -66.83
984.4 -66.72
984.8 -66.33
985.2 -66.52
985.6 -66.39
986.0 -65.83
986.4 -66.0
986.8 -66.11
987.2 -65.99
987.6 -65.61
988.0 -65.86
988.4 -65.76
988.8 -65.94
989.2 -65.61
989.6 -65.79
990.0 -65.36
990.4 -65.72
990.8 -65.25
991.2 -65.57
991.6 -65.34
992.0 -64.93
992.4 -65.15
992.8 -65.02
993.2 -65.06
993.6 -64.79
994.0 -64.68
994.4 -64.94
994.8 -64.97
995.2 -65.03
995.6 -64.76
996.0 -64.86
996.4 -65.06
996.8 -64.81
997.2 -64.72
997.6 -65.18
998.0 -64.81
998.4 -65.04
998.8 -65.28
999.2 -65.08
999.6 -64.92
1000.0 -65.02
