600.0 -73.34
600.4 -68.36
600.8 -72.72
601.2 -73.79
601.6 -74.24
602.0 -74.27
602.4 -210.0
602.8 -68.52
603.2 -69.86
603.6 -210.0
604.0 -70.59
604.4 -210.0
604.8 -74.03
605.2 -210.0
605.6 -73.03
606.0 -210.0
606.4 -68.31
606.8 -77.59
607.2 -75.05
607.6 -75.59
608.0 -73.86
608.4 -210.0
608.8 -210.0
609.2 -70.75
609.6 -69.57
610.0 -84.78
610.4 -69.49
610.8 -75.28
611.2 -75.3
611.6 -72.83
612.0 -72.85
612.4 -73.46
612.8 -72.39
613.2 -210.0
613.6 -76.54
614.0 -74.22
614.4 -69.85
614.8 -72.76
615.2 -77.3
615.6 -210.0
616.0 -68.9
616.4 -72.6
616.8 -210.0
617.2 -79.18
617.6 -210.0
618.0 -210.0
618.4 -70.22
618.8 -70.52
619.2 -70.7
619.6 -71.54
620.0 -77.58
620.4 -69.6
620.8 -70.94
621.2 -71.3
621.6 -210.0
622.0 -73.45
622.4 -210.0
622.8 -69.21
623.2 -210.0
623.6 -210.0
624.0 -210.0
624.4 -210.0
624.8 -73.62
625.2 -79.67
625.6 -210.0
626.0 -73.19
626.4 -76.73
626.8 -76.25
627.2 -70.9
627.6 -74.71
628.0 -70.81
628.4 -71.92
628.8 -73.61
629.2 -75.52
629.6 -72.54
630.0 -70.55
630.4 -72.6
630.8 -70.87
631.2 -69.55
631.6 -75.32
632.0 -79.16
632.4 -70.99
632.8 -77.17
633.2 -210.0
633.6 -71.34
634.0 -83.28
634.4 -76.77
634.8 -69.19
635.2 -74.91
635.6 -210.0
636.0 -71.81
636.4 -72.32
636.8 -70.47
637.2 -76.98
637.6 -72.75
638.0 -72.78
638.4 -71.43
638.8 -71.33
639.2 -74.63
639.6 -71.39
640.0 -71.82
640.4 -75.31
640.8 -75.35
641.2 -68.65
641.6 -71.09
642.0 -70.58
642.4 -69.03
642.8 -68.93
643.2 -75.56
643.6 -77.52
644.0 -71.78
644.4 -72.82
644.8 -71.05
645.2 -69.35
645.6 -69.76
646.0 -69.95
646.4 -69.76
646.8 -69.72
647.2 -73.77
647.6 -68.79
648.0 -70.83
648.4 -68.3
648.8 -70.91
649.2 -69.93
649.6 -68.47
650.0 -69.42
650.4 -69.35
650.8 -70.8
651.2 -70.22
651.6 -70.47
652.0 -71.71
652.4 -69.93
652.8 -71.84
653.2 -71.72
653.6 -71.31
654.0 -70.57
654.4 -70.09
654.8 -69.33
655.2 -67.79
655.6 -68.57
656.0 -69.15
656.4 -69.67
656.8 -69.6
657.2 -68.75
657.6 -69.75
658.0 -68.98
658.4 -67.3
658.8 -69.9
659.2 -70.87
659.6 -68.76
660.0 -69.24
660.4 -67.87
660.8 -69.91
661.2 -70.54
661.6 -68.5
662.0 -69.5
662.4 -70.62
662.8 -68.45
663.2 -68.35
663.6 -68.4
664.0 -68.3
664.4 -67.87
664.8 -69.18
665.2 -70.14
665.6 -68.89
666.0 -68.72
666.4 -69.12
666.8 -67.92
667.2 -69.84
667.6 -68.3
668.0 -68.01
668.4 -69.24
668.8 -68.06
669.2 -68.5
669.6 -69.37
670.0 -68.76
670.4 -69.9
670.8 -67.99
671.2 -68.81
671.6 -68.13
672.0 -69.88
672.4 -69.28
672.8 -68.62
673.2 -68.46
673.6 -69.08
674.0 -68.01
674.4 -69.58
674.8 -66.84
675.2 -68.34
675.6 -69.0
676.0 -69.5
676.4 -69.17
676.8 -67.66
677.2 -68.58
677.6 -67.7
678.0 -68.41
678.4 -69.54
678.8 -68.3
679.2 -67.77
679.6 -68.3
680.0 -67.76
680.4 -69.13
680.8 -67.24
681.2 -68.18
681.6 -68.22
682.0 -68.86
682.4 -67.92
682.8 -67.91
683.2 -67.33
683.6 -67.76
684.0 -68.5
684.4 -68.39
684.8 -67.36
685.2 -67.69
685.6 -67.3
686.0 -68.21
686.4 -67.64
686.8 -67.5
687.2 -67.16
687.6 -67.66
688.0 -67.49
688.4 -68.08
688.8 -69.09
689.2 -67.97
689.6 -68.77
690.0 -67.54
690.4 -67.58
690.8 -67.81
691.2 -66.94
691.6 -67.48
692.0 -67.74
692.4 -67.0
692.8 -66.24
693.2 -67.54
693.6 -68.43
694.0 -67.44
694.4 -67.01
694.8 -67.17
695.2 -67.21
695.6 -66.96
696.0 -67.41
696.4 -66.9
696.8 -68.16
697.2 -68.1
697.6 -67.39
698.0 -66.84
698.4 -66.95
698.8 -66.22
699.2 -67.82
699.6 -66.42
700.0 -68.06
700.4 -67.9
700.8 -66.4
701.2 -67.46
701.6 -66.6
702.0 -67.59
702.4 -67.05
702.8 -66.93
703.2 -67.86
703.6 -67.76
704.0 -67.33
704.4 -67.11
704.8 -66.23
705.2 -67.59
705.6 -66.54
706.0 -67.97
706.4 -66.64
706.8 -67.21
707.2 -65.86
707.6 -66.44
708.0 -67.27
708.4 -67.05
708.8 -66.42
709.2 -66.6
709.6 -66.6
710.0 -66.74
710.4 -65.54
710.8 -65.08
711.2 -66.14
711.6 -66.72
712.0 -66.06
712.4 -66.13
712.8 -66.63
713.2 -66.75
713.6 -67.03
714.0 -66.25
714.4 -66.39
714.8 -66.89
715.2 -66.3
715.6 -66.34
716.0 -66.16
716.4 -66.37
716.8 -65.88
717.2 -65.71
717.6 -67.3
718.0 -66.17
718.4 -65.99
718.8 -65.98
719.2 -66.72
719.6 -65.72
720.0 -65.91
720.4 -66.08
720.8 -66.1
721.2 -66.1
721.6 -66.58
722.0 -65.66
722.4 -66.69
722.8 -66.8
723.2 -66.26
723.6 -66.76
724.0 -66.67
724.4 -65.33
724.8 -66.39
725.2 -66.66
725.6 -66.24
726.0 -66.23
726.4 -66.19
726.8 -67.39
727.2 -66.64
727.6 -64.8
728.0 -65.26
728.4 -66.14
728.8 -66.46
729.2 -66.96
729.6 -66.02
730.0 -66.01
730.4 -65.16
730.8 -66.56
731.2 -66.64
731.6 -66.22
732.0 -65.96
732.4 -65.59
732.8 -66.17
733.2 -67.14
733.6 -67.18
734.0 -65.64
734.4 -66.78
734.8 -65.87
735.2 -65.9
735.6 -66.03
736.0 -65.72
736.4 -65.01
736.8 -65.99
737.2 -67.06
737.6 -65.94
738.0 -65.41
738.4 -66.38
738.8 -66.57
739.2 -65.97
739.6 -65.69
740.0 -65.72
740.4 -65.89
740.8 -66.94
741.2 -65.71
741.6 -65.48
742.0 -66.2
742.4 -66.02
742.8 -67.54
743.2 -65.9
743.6 -66.5
744.0 -66.14
744.4 -66.66
744.8 -66.87
745.2 -65.52
745.6 -65.48
746.0 -65.71
746.4 -67.32
746.8 -67.32
747.2 -65.34
747.6 -66.05
748.0 -65.6
748.4 -66.0
748.8 -66.84
749.2 -66.08
749.6 -66.08
750.0 -65.39
750.4 -66.53
750.8 -65.84
751.2 -65.74
751.6 -66.12
752.0 -67.12
752.4 -65.58
752.8 -66.29
753.2 -65.25
753.6 -65.84
754.0 -65.98
754.4 -66.39
754.8 -66.31
755.2 -65.85
755.6 -65.89
756.0 -65.77
756.4 -65.37
756.8 -66.48
757.2 -65.66
757.6 -65.13
758.0 -64.73
758.4 -64.83
758.8 -65.88
759.2 -65.8
759.6 -65.8
760.0 -64.67
760.4 -66.12
760.8 -65.93
761.2 -65.25
761.6 -64.44
762.0 -66.81
762.4 -65.21
762.8 -65.01
763.2 -65.35
763.6 -65.62
764.0 -64.83
764.4 -65.48
764.8 -65.67
765.2 -65.02
765.6 -64.79
766.0 -65.99
766.4 -66.18
766.8 -66.33
767.2 -65.12
767.6 -65.38
768.0 -65.68
768.4 -65.05
768.8 -65.46
769.2 -64.98
769.6 -65.81
770.0 -65.73
770.4 -65.91
770.8 -65.48
771.2 -66.06
771.6 -64.85
772.0 -65.83
772.4 -64.42
772.8 -64.76
773.2 -66.21
773.6 -65.47
774.0 -65.78
774.4 -65.11
774.8 -64.41
775.2 -65.97
775.6 -64.89
776.0 -64.74
776.4 -65.35
776.8 -64.4
777.2 -65.32
777.6 -65.52
778.0 -65.05
778.4 -65.98
778.8 -65.44
779.2 -65.31
779.6 -65.34
780.0 -65.47
780.4 -64.6
780.8 -65.37
781.2 -64.63
781.6 -65.53
782.0 -65.6
782.4 -64.68
782.8 -64.73
783.2 -64.44
783.6 -65.18
784.0 -64.5
784.4 -65.18
784.8 -65.58
785.2 -65.17
785.6 -65.2
786.0 -64.66
786.4 -64.68
786.8 -65.1
787.2 -65.53
787.6 -65.67
788.0 -63.89
788.4 -64.64
788.8 -64.0
789.2 -64.13
789.6 -65.25
790.0 -64.98
790.4 -65.41
790.8 -64.74
791.2 -64.62
791.6 -64.18
792.0 -64.88
792.4 -64.65
792.8 -63.71
793.2 -64.66
793.6 -64.28
794.0 -63.74
794.4 -65.14
794.8 -65.52
795.2 -64.54
795.6 -63.93
796.0 -64.64
796.4 -64.82
796.8 -64.62
797.2 -65.16
797.6 -64.52
798.0 -64.81
798.4 -65.49
798.8 -63.98
799.2 -64.62
799.6 -63.64
800.0 -64.61
800.4 -64.36
800.8 -64.47
801.2 -64.13
801.6 -64.03
802.0 -65.05
802.4 -64.21
802.8 -64.25
803.2 -64.19
803.6 -64.25
804.0 -64.5
804.4 -64.08
804.8 -63.76
805.2 -63.57
805.6 -63.36
806.0 -62.13
806.4 -60.38
806.8 -57.33
807.2 -53.79
807.6 -49.7
808.0 -48.32
808.4 -49.32
808.8 -49.88
809.2 -53.64
809.6 -60.82
810.0 -62.79
810.4 -63.36
810.8 -63.99
811.2 -64.59
811.6 -64.38
812.0 -64.87
812.4 -64.16
812.8 -63.82
813.2 -63.74
813.6 -63.42
814.0 -64.61
814.4 -64.22
814.8 -64.28
815.2 -63.77
815.6 -63.99
816.0 -64.2
816.4 -64.21
816.8 -64.06
817.2 -64.27
817.6 -64.54
818.0 -63.75
818.4 -63.67
818.8 -64.1
819.2 -63.94
819.6 -64.04
820.0 -63.78
820.4 -63.84
820.8 -64.34
821.2 -63.54
821.6 -63.84
822.0 -63.99
822.4 -63.98
822.8 -64.48
823.2 -63.51
823.6 -64.46
824.0 -63.95
824.4 -64.54
824.8 -63.83
825.2 -63.73
825.6 -64.2
826.0 -63.7
826.4 -64.07
826.8 -63.93
827.2 -63.98
827.6 -63.89
828.0 -64.13
828.4 -64.28
828.8 -63.74
829.2 -63.89
829.6 -63.77
830.0 -63.72
830.4 -64.13
830.8 -63.82
831.2 -64.26
831.6 -63.48
832.0 -64.24
832.4 -63.18
832.8 -63.25
833.2 -63.53
833.6 -63.94
834.0 -62.95
834.4 -63.58
834.8 -63.74
835.2 -63.04
835.6 -62.8
836.0 -63.06
836.4 -62.87
836.8 -63.15
837.2 -63.25
837.6 -63.04
838.0 -63.54
838.4 -63.49
838.8 -63.5
839.2 -63.3
839.6 -63.33
840.0 -63.36
840.4 -63.54
840.8 -63.72
841.2 -63.25
841.6 -63.5
842.0 -63.07
842.4 -62.95
842.8 -63.18
843.2 -63.43
843.6 -63.41
844.0 -63.13
844.4 -63.46
844.8 -62.68
845.2 -62.94
845.6 -63.12
846.0 -63.15
846.4 -63.18
846.8 -63.21
847.2 -63.08
847.6 -63.34
848.0 -63.17
848.4 -63.28
848.8 -62.89
849.2 -63.02
849.6 -63.07
850.0 -62.82
850.4 -63.35
850.8 -63.16
851.2 -62.51
851.6 -62.73
852.0 -62.9
852.4 -62.51
852.8 -62.96
853.2 -62.57
853.6 -62.83
854.0 -62.4
854.4 -62.53
854.8 -62.63
855.2 -62.52
855.6 -62.73
856.0 -62.77
856.4 -62.48
856.8 -62.93
857.2 -62.47
857.6 -62.49
858.0 -62.68
858.4 -62.38
858.8 -62.18
859.2 -62.48
859.6 -62.44
860.0 -62.44
860.4 -62.15
860.8 -62.51
861.2 -62.3
861.6 -62.02
862.0 -62.07
862.4 -62.55
862.8 -62.56
863.2 -62.42
863.6 -62.3
864.0 -62.18
864.4 -62.43
864.8 -62.1
865.2 -62.09
865.6 -62.6
866.0 -62.31
866.4 -61.92
866.8 -62.2
867.2 -62.28
867.6 -62.12
868.0 -62.03
868.4 -61.9
868.8 -62.07
869.2 -62.29
869.6 -62.1
870.0 -62.24
870.4 -62.43
870.8 -62.04
871.2 -62.16
871.6 -62.34
872.0 -62.45
872.4 -61.96
872.8 -62.36
873.2 -62.11
873.6 -62.13
874.0 -62.15
874.4 -62.25
874.8 -62.01
875.2 -61.65
875.6 -61.39
876.0 -61.99
876.4 -62.22
876.8 -62.0
877.2 -61.89
877.6 -62.0
878.0 -61.73
878.4 -62.02
878.8 -61.54
879.2 -61.6
879.6 -61.56
880.0 -61.55
880.4 -61.94
880.8 -61.44
881.2 -61.41
881.6 -61.73
882.0 -61.41
882.4 -61.65
882.8 -61.83
883.2 -61.15
883.6 -61.31
884.0 -61.48
884.4 -61.89
884.8 -61.44
885.2 -61.19
885.6 -61.86
886.0 -61.51
886.4 -61.41
886.8 -61.31
887.2 -61.38
887.6 -61.74
888.0 -61.43
888.4 -61.35
888.8 -61.02
889.2 -61.36
889.6 -61.26
890.0 -61.38
890.4 -61.47
890.8 -61.11
891.2 -61.37
891.6 -61.28
892.0 -61.37
892.4 -61.02
892.8 -61.31
893.2 -61.46
893.6 -61.25
894.0 -61.14
894.4 -61.55
894.8 -61.17
895.2 -61.15
895.6 -61.16
896.0 -61.52
896.4 -61.12
896.8 -61.13
897.2 -61.19
897.6 -61.12
898.0 -61.35
898.4 -61.16
898.8 -61.11
899.2 -60.9
899.6 -61.14
900.0 -61.01
900.4 -60.92
900.8 -60.88
901.2 -61.01
901.6 -60.93
902.0 -60.84
902.4 -61.07
902.8 -61.2
903.2 -61.1
903.6 -60.7
904.0 -60.98
904.4 -60.8
904.8 -61.22
905.2 -60.97
905.6 -60.87
906.0 -60.81
906.4 -60.96
906.8 -60.93
907.2 -60.6
907.6 -60.58
908.0 -60.66
908.4 -60.8
908.8 -60.71
909.2 -60.74
909.6 -60.57
910.0 -60.53
910.4 -60.56
910.8 -60.7
911.2 -60.74
911.6 -60.19
912.0 -60.47
912.4 -60.26
912.8 -60.29
913.2 -60.46
913.6 -60.26
914.0 -60.36
914.4 -60.3
914.8 -60.3
915.2 -60.47
915.6 -59.99
916.0 -60.08
916.4 -60.01
916.8 -59.89
917.2 -60.17
917.6 -59.99
918.0 -60.18
918.4 -60.2
918.8 -60.24
919.2 -60.0
919.6 -60.09
920.0 -60.18
920.4 -60.16
920.8 -59.96
921.2 -59.99
921.6 -60.13
922.0 -59.72
922.4 -60.08
922.8 -59.99
923.2 -59.87
923.6 -59.89
924.0 -59.71
924.4 -59.83
924.8 -59.61
925.2 -59.54
925.6 -59.59
926.0 -59.59
926.4 -59.61
926.8 -59.4
927.2 -59.74
927.6 -59.58
928.0 -59.51
928.4 -59.32
928.8 -59.34
929.2 -59.31
929.6 -59.38
930.0 -59.37
930.4 -59.38
930.8 -59.21
931.2 -59.24
931.6 -59.48
932.0 -59.31
932.4 -59.39
932.8 -59.21
933.2 -59.27
933.6 -59.2
934.0 -59.21
934.4 -59.07
934.8 -59.24
935.2 -59.26
935.6 -59.26
936.0 -59.01
936.4 -59.16
936.8 -59.1
937.2 -58.97
937.6 -59.04
938.0 -58.97
938.4 -58.93
938.8 -59.02
939.2 -58.83
939.6 -59.04
940.0 -58.86
940.4 -59.07
940.8 -58.96
941.2 -58.97
941.6 -58.93
942.0 -59.0
942.4 -58.9
942.8 -58.86
943.2 -58.68
943.6 -58.81
944.0 -58.83
944.4 -58.82
944.8 -58.67
945.2 -58.74
945.6 -58.82
946.0 -58.85
946.4 -58.65
946.8 -58.47
947.2 -58.58
947.6 -58.68
948.0 -58.73
948.4 -58.62
948.8 -58.48
949.2 -58.4
949.6 -58.35
950.0 -58.56
950.4 -58.44
950.8 -58.54
951.2 -58.46
951.6 -58.47
952.0 -58.44
952.4 -58.49
952.8 -58.26
953.2 -58.44
953.6 -58.37
954.0 -58.66
954.4 -58.53
954.8 -58.59
955.2 -58.38
955.6 -58.54
956.0 -58.37
956.4 -58.43
956.8 -58.64
957.2 -58.45
957.6 -58.41
958.0 -58.26
958.4 -58.42
958.8 -58.27
959.2 -58.32
959.6 -58.09
960.0 -58.16
960.4 -58.02
960.8 -58.03
961.2 -58.0
961.6 -58.03
962.0 -58.1
962.4 -58.08
962.8 -57.96
963.2 -57.83
963.6 -57.85
964.0 -57.79
964.4 -57.64
964.8 -57.87
965.2 -57.74
965.6 -57.81
966.0 -57.75
966.4 -57.81
966.8 -57.78
967.2 -57.78
967.6 -57.76
968.0 -57.93
968.4 -57.68
968.8 -57.69
969.2 -57.83
969.6 -57.81
970.0 -57.73
970.4 -57.79
970.8 -57.74
971.2 -57.7
971.6 -57.84
972.0 -57.76
972.4 -57.78
972.8 -57.84
973.2 -57.75
973.6 -57.83
974.0 -57.88
974.4 -57.79
974.8 -57.99
975.2 -57.9
975.6 -57.97
976.0 -58.04
976.4 -58.01
976.8 -58.04
977.2 -58.04
977.6 -58.09
978.0 -58.07
978.4 -58.12
978.8 -58.23
979.2 -58.1
979.6 -58.1
980.0 -58.12
980.4 -57.96
980.8 -58.08
981.2 -58.01
981.6 -57.92
982.0 -57.85
982.4 -57.83
982.8 -57.72
983.2 -57.8
983.6 -57.56
984.0 -57.7
984.4 -57.57
984.8 -57.62
985.2 -57.51
985.6 -57.48
986.0 -57.44
986.4 -57.51
986.8 -57.43
987.2 -57.41
987.6 -57.19
988.0 -57.26
988.4 -57.23
988.8 -57.15
989.2 -57.17
989.6 -57.23
990.0 -57.11
990.4 -57.05
990.8 -57.04
991.2 -57.05
991.6 -56.98
992.0 -57.01
992.4 -56.95
992.8 -56.95
993.2 -56.96
993.6 -57.01
994.0 -57.05
994.4 -56.94
994.8 -57.04
995.2 -56.98
995.6 -57.07
996.0 -57.1
996.4 -57.01
996.8 -57.16
997.2 -57.05
997.6 -56.99
998.0 -57.2
998.4 -57.13
998.8 -57.33
999.2 -57.26
999.6 -57.25
1000.0 -57.11
