600.0 -72.37
600.4 -72.69
600.8 -69.0
601.2 -210.0
601.6 -210.0
602.0 -210.0
602.4 -210.0
602.8 -210.0
603.2 -71.33
603.6 -69.05
604.0 -74.85
604.4 -210.0
604.8 -67.54
605.2 -71.91
605.6 -74.08
606.0 -72.48
606.4 -75.0
606.8 -68.45
607.2 -73.46
607.6 -69.06
608.0 -210.0
608.4 -74.26
608.8 -210.0
609.2 -210.0
609.6 -210.0
610.0 -74.78
610.4 -81.8
610.8 -77.04
611.2 -73.38
611.6 -210.0
612.0 -72.59
612.4 -71.12
612.8 -73.81
613.2 -70.19
613.6 -72.44
614.0 -210.0
614.4 -76.58
614.8 -73.93
615.2 -74.29
615.6 -78.12
616.0 -75.14
616.4 -210.0
616.8 -73.71
617.2 -77.42
617.6 -71.42
618.0 -210.0
618.4 -85.28
618.8 -75.3
619.2 -75.78
619.6 -210.0
620.0 -70.31
620.4 -74.6
620.8 -71.8
621.2 -69.88
621.6 -69.9
622.0 -72.49
622.4 -85.52
622.8 -76.51
623.2 -79.54
623.6 -73.55
624.0 -85.62
624.4 -71.84
624.8 -68.85
625.2 -73.14
625.6 -70.03
626.0 -76.2
626.4 -78.78
626.8 -71.65
627.2 -73.03
627.6 -73.06
628.0 -68.01
628.4 -70.71
628.8 -71.77
629.2 -71.46
629.6 -76.93
630.0 -67.93
630.4 -68.24
630.8 -71.91
631.2 -68.45
631.6 -81.34
632.0 -75.35
632.4 -70.38
632.8 -69.3
633.2 -69.42
633.6 -72.45
634.0 -69.85
634.4 -70.75
634.8 -68.42
635.2 -77.34
635.6 -75.61
636.0 -70.2
636.4 -75.0
636.8 -68.94
637.2 -70.84
637.6 -72.24
638.0 -68.39
638.4 -67.92
638.8 -70.41
639.2 -69.12
639.6 -69.22
640.0 -68.47
640.4 -69.22
640.8 -70.19
641.2 -67.07
641.6 -68.89
642.0 -74.61
642.4 -67.61
642.8 -68.42
643.2 -68.7
643.6 -68.26
644.0 -70.02
644.4 -69.73
644.8 -68.6
645.2 -68.07
645.6 -68.32
646.0 -69.01
646.4 -68.99
646.8 -68.6
647.2 -67.75
647.6 -68.56
648.0 -68.42
648.4 -70.01
648.8 -67.04
649.2 -67.79
649.6 -69.48
650.0 -68.27
650.4 -68.03
650.8 -68.98
651.2 -69.36
651.6 -69.3
652.0 -67.21
652.4 -66.84
652.8 -69.0
653.2 -67.26
653.6 -67.96
654.0 -68.84
654.4 -68.1
654.8 -68.46
655.2 -67.28
655.6 -68.62
656.0 -67.89
656.4 -70.34
656.8 -67.5
657.2 -67.94
657.6 -67.72
658.0 -68.87
658.4 -66.85
658.8 -68.14
659.2 -66.89
659.6 -67.12
660.0 -67.28
660.4 -67.44
660.8 -67.83
661.2 -68.3
661.6 -67.36
662.0 -68.45
662.4 -66.76
662.8 -66.94
663.2 -67.09
663.6 -67.65
664.0 -66.52
664.4 -67.61
664.8 -66.94
665.2 -68.35
665.6 -67.57
666.0 -67.7
666.4 -67.09
666.8 -66.69
667.2 -68.01
667.6 -66.9
668.0 -68.56
668.4 -67.44
668.8 -67.65
669.2 -66.39
669.6 -66.76
670.0 -66.72
670.4 -66.41
670.8 -67.72
671.2 -65.86
671.6 -65.89
672.0 -67.45
672.4 -66.14
672.8 -66.79
673.2 -66.45
673.6 -66.19
674.0 -66.18
674.4 -66.34
674.8 -66.53
675.2 -66.67
675.6 -65.49
676.0 -66.49
676.4 -66.42
676.8 -66.61
677.2 -66.28
677.6 -67.2
678.0 -67.07
678.4 -65.9
678.8 -65.98
679.2 -65.45
679.6 -67.22
680.0 -66.0
680.4 -66.25
680.8 -66.61
681.2 -66.18
681.6 -67.0
682.0 -65.97
682.4 -67.02
682.8 -67.13
683.2 -66.44
683.6 -65.92
684.0 -66.11
684.4 -65.68
684.8 -66.13
685.2 -66.62
685.6 -65.9
686.0 -67.17
686.4 -65.8
686.8 -66.1
687.2 -66.1
687.6 -65.64
688.0 -66.25
688.4 -66.27
688.8 -66.11
689.2 -65.85
689.6 -66.39
690.0 -66.35
690.4 -66.11
690.8 -65.77
691.2 -66.04
691.6 -66.61
692.0 -66.29
692.4 -65.65
692.8 -65.77
693.2 -66.84
693.6 -66.4
694.0 -65.52
694.4 -65.06
694.8 -65.86
695.2 -66.01
695.6 -65.02
696.0 -64.91
696.4 -67.02
696.8 -65.74
697.2 -65.41
697.6 -65.28
698.0 -65.46
698.4 -64.63
698.8 -67.2
699.2 -65.19
699.6 -66.45
700.0 -66.03
700.4 -65.93
700.8 -67.04
701.2 -66.08
701.6 -66.21
702.0 -66.17
702.4 -65.42
702.8 -65.48
703.2 -65.55
703.6 -65.3
704.0 -65.69
704.4 -65.77
704.8 -65.9
705.2 -64.87
705.6 -65.64
706.0 -64.99
706.4 -66.67
706.8 -65.5
707.2 -64.89
707.6 -66.12
708.0 -66.65
708.4 -66.07
708.8 -65.24
709.2 -65.04
709.6 -65.4
710.0 -64.85
710.4 -65.69
710.8 -65.53
711.2 -65.24
711.6 -65.46
712.0 -65.96
712.4 -65.09
712.8 -65.45
713.2 -65.89
713.6 -65.56
714.0 -65.59
714.4 -64.85
714.8 -66.14
715.2 -66.02
715.6 -65.51
716.0 -65.67
716.4 -65.04
716.8 -65.98
717.2 -64.47
717.6 -65.34
718.0 -65.76
718.4 -65.19
718.8 -65.44
719.2 -65.63
719.6 -65.78
720.0 -66.04
720.4 -64.98
720.8 -64.91
721.2 -66.07
721.6 -65.39
722.0 -65.44
722.4 -64.96
722.8 -66.15
723.2 -64.61
723.6 -64.81
724.0 -64.78
724.4 -65.39
724.8 -65.5
725.2 -64.61
725.6 -64.72
726.0 -65.08
726.4 -65.17
726.8 -65.36
727.2 -65.97
727.6 -65.9
728.0 -65.12
728.4 -65.79
728.8 -65.68
729.2 -65.85
729.6 -64.94
730.0 -65.04
730.4 -65.48
730.8 -64.76
731.2 -65.03
731.6 -64.87
732.0 -65.14
732.4 -65.08
732.8 -65.46
733.2 -66.2
733.6 -65.45
734.0 -65.24
734.4 -65.38
734.8 -65.23
735.2 -65.48
735.6 -64.94
736.0 -66.56
736.4 -65.85
736.8 -65.81
737.2 -65.42
737.6 -65.17
738.0 -65.87
738.4 -65.94
738.8 -65.25
739.2 -65.59
739.6 -66.26
740.0 -66.4
740.4 -65.72
740.8 -65.78
741.2 -65.71
741.6 -65.88
742.0 -64.8
742.4 -65.42
742.8 -66.23
743.2 -66.27
743.6 -65.31
744.0 -65.89
744.4 -65.49
744.8 -65.52
745.2 -66.87
745.6 -65.85
746.0 -66.02
746.4 -65.64
746.8 -65.48
747.2 -66.09
747.6 -65.41
748.0 -65.63
748.4 -65.46
748.8 -66.38
749.2 -65.83
749.6 -65.79
750.0 -65.89
750.4 -64.77
750.8 -65.98
751.2 -66.02
751.6 -65.53
752.0 -66.0
752.4 -66.46
752.8 -65.44
753.2 -64.73
753.6 -65.21
754.0 -65.56
754.4 -65.42
754.8 -66.16
755.2 -65.51
755.6 -65.64
756.0 -64.56
756.4 -64.83
756.8 -65.9
757.2 -65.66
757.6 -65.45
758.0 -65.86
758.4 -65.21
758.8 -65.37
759.2 -65.98
759.6 -65.66
760.0 -64.84
760.4 -64.75
760.8 -64.58
761.2 -65.96
761.6 -65.12
762.0 -64.68
762.4 -65.14
762.8 -66.5
763.2 -64.81
763.6 -65.45
764.0 -65.41
764.4 -65.48
764.8 -66.31
765.2 -64.4
765.6 -65.05
766.0 -64.64
766.4 -64.92
766.8 -64.71
767.2 -65.45
767.6 -65.83
768.0 -65.97
768.4 -65.15
768.8 -65.63
769.2 -65.1
769.6 -65.85
770.0 -66.56
770.4 -65.03
770.8 -64.51
771.2 -64.85
771.6 -65.52
772.0 -64.78
772.4 -64.99
772.8 -65.44
773.2 -64.5
773.6 -65.18
774.0 -64.58
774.4 -67.34
774.8 -65.2
775.2 -64.83
775.6 -65.6
776.0 -64.74
776.4 -65.52
776.8 -65.16
777.2 -65.59
777.6 -65.77
778.0 -65.12
778.4 -65.05
778.8 -65.44
779.2 -65.91
779.6 -65.41
780.0 -64.44
780.4 -65.37
780.8 -65.27
781.2 -65.82
781.6 -65.39
782.0 -65.03
782.4 -64.51
782.8 -65.26
783.2 -64.9
783.6 -65.55
784.0 -64.39
784.4 -64.61
784.8 -65.24
785.2 -65.2
785.6 -65.01
786.0 -64.38
786.4 -64.68
786.8 -64.73
787.2 -64.56
787.6 -65.71
788.0 -64.04
788.4 -64.84
788.8 -65.74
789.2 -65.77
789.6 -64.69
790.0 -65.08
790.4 -64.46
790.8 -64.98
791.2 -64.45
791.6 -64.88
792.0 -64.31
792.4 -65.07
792.8 -64.47
793.2 -65.6
793.6 -63.97
794.0 -64.95
794.4 -64.71
794.8 -63.99
795.2 -65.05
795.6 -64.26
796.0 -65.07
796.4 -64.42
796.8 -64.31
797.2 -63.97
797.6 -64.81
798.0 -64.61
798.4 -64.57
798.8 -63.96
799.2 -63.78
799.6 -64.06
800.0 -64.59
800.4 -64.91
800.8 -64.36
801.2 -63.55
801.6 -63.69
802.0 -63.64
802.4 -63.33
802.8 -64.25
803.2 -63.89
803.6 -63.61
804.0 -63.48
804.4 -63.88
804.8 -63.35
805.2 -63.64
805.6 -63.03
806.0 -62.58
806.4 -60.85
806.8 -57.12
807.2 -53.56
807.6 -49.73
808.0 -48.4
808.4 -49.28
808.8 -50.02
809.2 -54.09
809.6 -60.59
810.0 -62.23
810.4 -63.36
810.8 -62.77
811.2 -63.68
811.6 -64.66
812.0 -63.93
812.4 -63.84
812.8 -64.02
813.2 -63.52
813.6 -63.36
814.0 -63.99
814.4 -63.6
814.8 -63.27
815.2 -63.64
815.6 -63.43
816.0 -64.62
816.4 -63.76
816.8 -64.18
817.2 -64.07
817.6 -63.53
818.0 -63.36
818.4 -63.65
818.8 -63.47
819.2 -63.61
819.6 -63.61
820.0 -64.31
820.4 -63.16
820.8 -63.36
821.2 -63.02
821.6 -63.45
822.0 -63.85
822.4 -63.67
822.8 -63.73
823.2 -63.64
823.6 -63.48
824.0 -63.78
824.4 -63.68
824.8 -63.57
825.2 -63.04
825.6 -64.2
826.0 -64.58
826.4 -63.33
826.8 -63.82
827.2 -64.16
827.6 -63.94
828.0 -63.59
828.4 -64.21
828.8 -63.91
829.2 -63.54
829.6 -63.65
830.0 -63.76
830.4 -63.79
830.8 -63.49
831.2 -63.19
831.6 -64.13
832.0 -63.61
832.4 -64.06
832.8 -63.74
833.2 -64.03
833.6 -63.56
834.0 -63.74
834.4 -63.98
834.8 -63.76
835.2 -63.88
835.6 -63.44
836.0 -63.22
836.4 -64.03
836.8 -63.84
837.2 -64.12
837.6 -63.83
838.0 -63.95
838.4 -63.35
838.8 -64.24
839.2 -64.06
839.6 -64.34
840.0 -64.02
840.4 -64.23
840.8 -63.99
841.2 -63.81
841.6 -64.21
842.0 -64.18
842.4 -64.3
842.8 -64.11
843.2 -64.92
843.6 -63.73
844.0 -64.34
844.4 -64.44
844.8 -64.35
845.2 -64.66
845.6 -64.25
846.0 -64.49
846.4 -64.56
846.8 -64.17
847.2 -64.15
847.6 -64.42
848.0 -64.72
848.4 -64.09
848.8 -64.65
849.2 -64.96
849.6 -64.83
850.0 -64.19
850.4 -64.04
850.8 -64.27
851.2 -64.59
851.6 -64.65
852.0 -64.46
852.4 -64.18
852.8 -64.27
853.2 -64.62
853.6 -64.75
854.0 -63.97
854.4 -64.57
854.8 -64.59
855.2 -64.28
855.6 -63.98
856.0 -65.48
856.4 -64.52
856.8 -63.87
857.2 -64.46
857.6 -64.22
858.0 -64.44
858.4 -63.69
858.8 -65.13
859.2 -64.52
859.6 -64.27
860.0 -64.12
860.4 -64.28
860.8 -64.52
861.2 -64.52
861.6 -64.26
862.0 -64.26
862.4 -64.89
862.8 -64.17
863.2 -64.74
863.6 -64.43
864.0 -64.69
864.4 -64.81
864.8 -64.72
865.2 -64.22
865.6 -64.53
866.0 -64.45
866.4 -64.61
866.8 -64.61
867.2 -64.39
867.6 -64.32
868.0 -64.61
868.4 -64.61
868.8 -64.69
869.2 -64.56
869.6 -64.81
870.0 -64.48
870.4 -64.47
870.8 -64.52
871.2 -64.8
871.6 -64.26
872.0 -64.7
872.4 -64.51
872.8 -64.85
873.2 -64.43
873.6 -64.17
874.0 -64.19
874.4 -63.85
874.8 -64.67
875.2 -64.28
875.6 -64.75
876.0 -64.72
876.4 -64.74
876.8 -65.15
877.2 -64.26
877.6 -64.34
878.0 -64.53
878.4 -64.62
878.8 -64.13
879.2 -64.56
879.6 -64.02
880.0 -63.99
880.4 -64.09
880.8 -64.61
881.2 -64.93
881.6 -64.37
882.0 -64.05
882.4 -63.8
882.8 -64.92
883.2 -64.04
883.6 -63.77
884.0 -63.51
884.4 -64.06
884.8 -64.46
885.2 -64.69
885.6 -64.57
886.0 -64.01
886.4 -64.5
886.8 -64.22
887.2 -63.61
887.6 -64.36
888.0 -64.32
888.4 -64.7
888.8 -64.43
889.2 -64.4
889.6 -64.32
890.0 -65.01
890.4 -64.67
890.8 -64.75
891.2 -63.98
891.6 -64.45
892.0 -64.24
892.4 -64.91
892.8 -64.56
893.2 -64.16
893.6 -64.38
894.0 -64.8
894.4 -65.05
894.8 -64.14
895.2 -64.96
895.6 -65.04
896.0 -64.09
896.4 -64.92
896.8 -64.1
897.2 -64.33
897.6 -64.81
898.0 -64.77
898.4 -64.39
898.8 -64.14
899.2 -65.23
899.6 -64.25
900.0 -64.38
900.4 -63.81
900.8 -64.45
901.2 -65.14
901.6 -64.94
902.0 -64.38
902.4 -64.57
902.8 -64.73
903.2 -64.68
903.6 -64.02
904.0 -64.75
904.4 -64.65
904.8 -64.53
905.2 -64.83
905.6 -65.25
906.0 -64.91
906.4 -65.84
906.8 -65.33
907.2 -64.51
907.6 -64.56
908.0 -64.5
908.4 -64.75
908.8 -64.83
909.2 -64.38
909.6 -64.75
910.0 -64.57
910.4 -64.28
910.8 -65.23
911.2 -64.87
911.6 -64.56
912.0 -64.3
912.4 -64.44
912.8 -64.46
913.2 -65.15
913.6 -64.35
914.0 -64.57
914.4 -64.23
914.8 -64.21
915.2 -64.27
915.6 -65.11
916.0 -65.47
916.4 -64.74
916.8 -65.01
917.2 -64.52
917.6 -64.44
918.0 -64.63
918.4 -64.01
918.8 -64.59
919.2 -65.2
919.6 -64.45
920.0 -64.76
920.4 -65.03
920.8 -64.66
921.2 -64.46
921.6 -64.59
922.0 -65.49
922.4 -64.58
922.8 -65.55
923.2 -64.68
923.6 -65.73
924.0 -64.8
924.4 -64.67
924.8 -64.61
925.2 -64.64
925.6 -64.57
926.0 -64.99
926.4 -65.01
926.8 -64.93
927.2 -64.6
927.6 -64.51
928.0 -64.85
928.4 -64.68
928.8 -64.79
929.2 -64.95
929.6 -64.97
930.0 -65.01
930.4 -64.9
930.8 -64.79
931.2 -64.65
931.6 -64.77
932.0 -65.05
932.4 -65.01
932.8 -64.92
933.2 -65.2
933.6 -65.32
934.0 -65.28
934.4 -64.49
934.8 -64.84
935.2 -65.28
935.6 -65.8
936.0 -64.74
936.4 -64.66
936.8 -65.71
937.2 -64.93
937.6 -64.68
938.0 -64.75
938.4 -64.69
938.8 -65.06
939.2 -65.63
939.6 -64.98
940.0 -65.3
940.4 -65.17
940.8 -65.17
941.2 -65.26
941.6 -65.07
942.0 -65.16
942.4 -65.27
942.8 -65.04
943.2 -64.98
943.6 -65.1
944.0 -65.44
944.4 -65.19
944.8 -65.14
945.2 -65.34
945.6 -65.32
946.0 -65.13
946.4 -65.12
946.8 -65.33
947.2 -65.24
947.6 -65.43
948.0 -64.99
948.4 -65.43
948.8 -65.46
949.2 -65.58
949.6 -64.68
950.0 -65.55
950.4 -65.78
950.8 -65.41
951.2 -65.17
951.6 -65.65
952.0 -65.65
952.4 -65.59
952.8 -65.27
953.2 -65.63
953.6 -65.16
954.0 -65.35
954.4 -65.21
954.8 -65.92
955.2 -65.87
955.6 -65.81
956.0 -65.96
956.4 -66.18
956.8 -65.68
957.2 -66.08
957.6 -65.66
958.0 -65.51
958.4 -66.32
958.8 -66.05
959.2 -65.61
959.6 -65.74
960.0 -65.78
960.4 -65.69
960.8 -65.47
961.2 -65.69
961.6 -65.84
962.0 -65.42
962.4 -65.64
962.8 -65.72
963.2 -65.47
963.6 -65.57
964.0 -65.47
964.4 -65.51
964.8 -65.54
965.2 -65.21
965.6 -65.17
966.0 -65.17
966.4 -65.39
966.8 -65.78
967.2 -65.81
967.6 -65.55
968.0 -65.73
968.4 -65.59
968.8 -65.48
969.2 -65.77
969.6 -65.63
970.0 -65.3
970.4 -65.58
970.8 -65.26
971.2 -65.68
971.6 -65.19
972.0 -65.22
972.4 -65.45
972.8 -65.79
973.2 -65.34
973.6 -65.72
974.0 -65.25
974.4 -65.57
974.8 -65.27
975.2 -65.84
975.6 -65.9
976.0 -65.81
976.4 -65.32
976.8 -65.65
977.2 -65.6
977.6 -65.46
978.0 -65.43
978.4 -65.49
978.8 -65.44
979.2 -65.27
979.6 -65.31
980.0 -65.31
980.4 -65.24
980.8 -65.53
981.2 -65.28
981.6 -65.05
982.0 -65.2
982.4 -65.0
982.8 -64.84
983.2 -64.71
983.6 -65.15
984.0 -64.71
984.4 -65.05
984.8 -64.35
985.2 -64.49
985.6 -64.38
986.0 -64.4
986.4 -64.6
986.8 -64.24
987.2 -64.31
987.6 -64.17
988.0 -64.07
988.4 -64.21
988.8 -64.29
989.2 -63.99
989.6 -63.85
990.0 -64.01
990.4 -63.78
990.8 -63.68
991.2 -63.69
991.6 -63.89
992.0 -63.57
992.4 -63.65
992.8 -63.7
993.2 -63.63
993.6 -63.31
994.0 -63.5
994.4 -63.43
994.8 -63.52
995.2 -63.36
995.6 -63.27
996.0 -63.2
996.4 -63.42
996.8 -63.38
997.2 -63.47
997.6 -63.56
998.0 -63.24
998.4 -63.45
998.8 -63.32
999.2 -63.21
999.6 -63.09
1000.0 -63.39
