600.0 -74.14
600.4 -210.0
600.8 -81.18
601.2 -210.0
601.6 -75.78
602.0 -210.0
602.4 -84.29
602.8 -210.0
603.2 -84.34
603.6 -210.0
604.0 -73.26
604.4 -210.0
604.8 -69.67
605.2 -81.46
605.6 -210.0
606.0 -72.76
606.4 -210.0
606.8 -76.79
607.2 -210.0
607.6 -210.0
608.0 -210.0
608.4 -71.67
608.8 -75.67
609.2 -210.0
609.6 -73.29
610.0 -73.01
610.4 -77.02
610.8 -74.83
611.2 -73.08
611.6 -210.0
612.0 -74.48
612.4 -210.0
612.8 -73.48
613.2 -70.99
613.6 -78.97
614.0 -69.7
614.4 -75.49
614.8 -80.29
615.2 -75.09
615.6 -73.34
616.0 -82.13
616.4 -75.61
616.8 -80.4
617.2 -70.15
617.6 -73.18
618.0 -76.22
618.4 -75.28
618.8 -72.99
619.2 -210.0
619.6 -73.88
620.0 -82.36
620.4 -74.98
620.8 -210.0
621.2 -210.0
621.6 -210.0
622.0 -75.08
622.4 -70.6
622.8 -75.55
623.2 -210.0
623.6 -210.0
624.0 -73.85
624.4 -70.33
624.8 -210.0
625.2 -75.7
625.6 -72.29
626.0 -80.97
626.4 -210.0
626.8 -210.0
627.2 -85.82
627.6 -78.06
628.0 -72.86
628.4 -210.0
628.8 -210.0
629.2 -210.0
629.6 -73.92
630.0 -210.0
630.4 -210.0
630.8 -73.05
631.2 -74.32
631.6 -73.33
632.0 -210.0
632.4 -72.75
632.8 -210.0
633.2 -75.44
633.6 -81.48
634.0 -80.26
634.4 -74.85
634.8 -74.3
635.2 -71.19
635.6 -71.93
636.0 -73.65
636.4 -71.55
636.8 -72.35
637.2 -72.21
637.6 -71.5
638.0 -71.96
638.4 -72.14
638.8 -71.87
639.2 -75.88
639.6 -72.9
640.0 -71.68
640.4 -75.98
640.8 -75.68
641.2 -70.22
641.6 -78.43
642.0 -75.45
642.4 -73.95
642.8 -79.21
643.2 -210.0
643.6 -74.51
644.0 -71.78
644.4 -73.71
644.8 -72.26
645.2 -73.59
645.6 -74.69
646.0 -69.87
646.4 -73.0
646.8 -74.13
647.2 -72.47
647.6 -71.74
648.0 -73.65
648.4 -74.27
648.8 -71.1
649.2 -72.94
649.6 -72.98
650.0 -74.0
650.4 -73.81
650.8 -72.3
651.2 -76.49
651.6 -71.09
652.0 -71.19
652.4 -73.32
652.8 -74.85
653.2 -76.84
653.6 -69.58
654.0 -71.31
654.4 -73.67
654.8 -71.12
655.2 -70.67
655.6 -73.68
656.0 -70.18
656.4 -73.86
656.8 -72.35
657.2 -210.0
657.6 -72.11
658.0 -69.75
658.4 -210.0
658.8 -69.69
659.2 -71.66
659.6 -70.78
660.0 -72.78
660.4 -73.55
660.8 -69.5
661.2 -73.38
661.6 -78.66
662.0 -70.06
662.4 -73.38
662.8 -70.14
663.2 -69.91
663.6 -72.64
664.0 -71.46
664.4 -72.01
664.8 -74.08
665.2 -71.78
665.6 -73.72
666.0 -70.79
666.4 -69.91
666.8 -76.23
667.2 -72.13
667.6 -73.89
668.0 -71.16
668.4 -75.39
668.8 -72.92
669.2 -71.36
669.6 -70.29
670.0 -70.36
670.4 -70.87
670.8 -70.19
671.2 -70.04
671.6 -72.23
672.0 -71.04
672.4 -71.43
672.8 -69.73
673.2 -71.12
673.6 -71.22
674.0 -69.72
674.4 -71.31
674.8 -74.02
675.2 -69.37
675.6 -72.19
676.0 -68.43
676.4 -72.44
676.8 -71.28
677.2 -72.17
677.6 -71.18
678.0 -69.82
678.4 -70.53
678.8 -68.96
679.2 -70.69
679.6 -72.28
680.0 -69.73
680.4 -70.86
680.8 -74.15
681.2 -70.59
681.6 -72.12
682.0 -70.07
682.4 -69.17
682.8 -69.69
683.2 -70.64
683.6 -68.5
684.0 -68.84
684.4 -69.07
684.8 -68.77
685.2 -70.61
685.6 -69.59
686.0 -70.35
686.4 -71.48
686.8 -72.31
687.2 -68.2
687.6 -68.91
688.0 -69.1
688.4 -69.69
688.8 -69.41
689.2 -69.61
689.6 -69.83
690.0 -68.16
690.4 -68.69
690.8 -69.25
691.2 -69.37
691.6 -71.64
692.0 -68.97
692.4 -69.09
692.8 -68.66
693.2 -69.55
693.6 -70.25
694.0 -70.49
694.4 -70.95
694.8 -69.26
695.2 -69.74
695.6 -69.05
696.0 -69.24
696.4 -69.72
696.8 -70.11
697.2 -70.02
697.6 -69.94
698.0 -70.09
698.4 -70.34
698.8 -68.08
699.2 -69.61
699.6 -72.84
700.0 -69.31
700.4 -69.81
700.8 -68.1
701.2 -67.74
701.6 -69.29
702.0 -73.85
702.4 -70.02
702.8 -68.23
703.2 -69.19
703.6 -69.77
704.0 -71.56
704.4 -68.1
704.8 -67.84
705.2 -69.3
705.6 -69.23
706.0 -67.82
706.4 -68.57
706.8 -69.65
707.2 -69.56
707.6 -68.74
708.0 -71.16
708.4 -68.79
708.8 -68.85
709.2 -68.41
709.6 -68.53
710.0 -69.03
710.4 -69.23
710.8 -70.61
711.2 -69.02
711.6 -68.5
712.0 -68.68
712.4 -68.56
712.8 -68.8
713.2 -69.34
713.6 -67.57
714.0 -67.57
714.4 -69.32
714.8 -69.04
715.2 -71.65
715.6 -69.46
716.0 -68.01
716.4 -67.84
716.8 -66.96
717.2 -68.62
717.6 -68.62
718.0 -69.0
718.4 -68.87
718.8 -67.28
719.2 -69.81
719.6 -68.73
720.0 -69.72
720.4 -69.8
720.8 -68.34
721.2 -68.77
721.6 -68.0
722.0 -69.54
722.4 -68.7
722.8 -68.21
723.2 -69.86
723.6 -67.33
724.0 -69.37
724.4 -68.03
724.8 -67.45
725.2 -69.0
725.6 -67.6
726.0 -68.66
726.4 -68.01
726.8 -68.4
727.2 -68.65
727.6 -67.58
728.0 -70.34
728.4 -67.93
728.8 -68.2
729.2 -68.2
729.6 -68.38
730.0 -67.7
730.4 -67.75
730.8 -68.81
731.2 -68.18
731.6 -67.9
732.0 -70.2
732.4 -68.93
732.8 -66.88
733.2 -69.28
733.6 -70.1
734.0 -68.11
734.4 -66.95
734.8 -67.71
735.2 -67.04
735.6 -69.49
736.0 -67.21
736.4 -67.8
736.8 -67.91
737.2 -68.37
737.6 -67.74
738.0 -70.06
738.4 -69.32
738.8 -66.95
739.2 -69.46
739.6 -67.04
740.0 -69.3
740.4 -69.7
740.8 -68.93
741.2 -68.52
741.6 -67.45
742.0 -70.31
742.4 -69.06
742.8 -68.64
743.2 -69.68
743.6 -67.29
744.0 -67.58
744.4 -66.61
744.8 -67.28
745.2 -67.0
745.6 -67.73
746.0 -67.37
746.4 -67.84
746.8 -66.28
747.2 -68.42
747.6 -68.29
748.0 -66.85
748.4 -68.47
748.8 -69.39
749.2 -68.34
749.6 -68.04
750.0 -68.59
750.4 -67.75
750.8 -68.08
751.2 -68.32
751.6 -67.42
752.0 -67.78
752.4 -69.27
752.8 -68.68
753.2 -68.17
753.6 -67.93
754.0 -68.67
754.4 -69.09
754.8 -68.15
755.2 -67.47
755.6 -67.68
756.0 -67.21
756.4 -68.51
756.8 -69.21
757.2 -70.57
757.6 -67.44
758.0 -67.19
758.4 -68.48
758.8 -69.6
759.2 -67.53
759.6 -68.34
760.0 -66.4
760.4 -68.87
760.8 -67.95
761.2 -67.61
761.6 -67.84
762.0 -67.55
762.4 -67.5
762.8 -67.28
763.2 -68.63
763.6 -67.87
764.0 -66.45
764.4 -67.07
764.8 -66.27
765.2 -67.06
765.6 -67.8
766.0 -68.21
766.4 -66.34
766.8 -67.39
767.2 -68.8
767.6 -68.2
768.0 -68.31
768.4 -68.58
768.8 -66.48
769.2 -69.58
769.6 -68.05
770.0 -68.49
770.4 -67.98
770.8 -68.92
771.2 -67.58
771.6 -67.98
772.0 -68.03
772.4 -66.72
772.8 -66.68
773.2 -68.03
773.6 -67.0
774.0 -67.5
774.4 -66.49
774.8 -67.09
775.2 -67.14
775.6 -67.56
776.0 -66.36
776.4 -67.44
776.8 -66.94
777.2 -67.28
777.6 -68.2
778.0 -67.88
778.4 -67.07
778.8 -67.38
779.2 -66.88
779.6 -66.52
780.0 -68.05
780.4 -66.68
780.8 -66.34
781.2 -66.51
781.6 -67.74
782.0 -68.3
782.4 -66.24
782.8 -66.12
783.2 -67.56
783.6 -65.95
784.0 -66.23
784.4 -67.24
784.8 -66.52
785.2 -66.26
785.6 -66.84
786.0 -66.02
786.4 -66.97
786.8 -67.54
787.2 -66.38
787.6 -66.88
788.0 -66.47
788.4 -67.06
788.8 -66.91
789.2 -66.91
789.6 -66.96
790.0 -67.47
790.4 -65.17
790.8 -67.05
791.2 -66.18
791.6 -65.33
792.0 -66.52
792.4 -65.75
792.8 -67.23
793.2 -66.05
793.6 -66.65
794.0 -66.5
794.4 -67.07
794.8 -67.44
795.2 -67.33
795.6 -66.28
796.0 -67.37
796.4 -65.37
796.8 -68.08
797.2 -65.98
797.6 -67.0
798.0 -67.0
798.4 -67.63
798.8 -67.41
799.2 -66.39
799.6 -65.97
800.0 -66.69
800.4 -66.12
800.8 -65.96
801.2 -66.22
801.6 -65.78
802.0 -68.19
802.4 -66.94
802.8 -66.85
803.2 -65.5
803.6 -65.53
804.0 -66.63
804.4 -66.49
804.8 -66.03
805.2 -64.73
805.6 -65.73
806.0 -64.8
806.4 -62.89
806.8 -58.58
807.2 -55.07
807.6 -51.08
808.0 -49.73
808.4 -50.84
808.8 -51.2
809.2 -54.75
809.6 -62.63
810.0 -64.22
810.4 -65.03
810.8 -65.33
811.2 -65.46
811.6 -65.17
812.0 -65.35
812.4 -65.21
812.8 -66.86
813.2 -66.09
813.6 -66.02
814.0 -67.27
814.4 -65.96
814.8 -67.4
815.2 -65.64
815.6 -67.1
816.0 -66.39
816.4 -66.7
816.8 -66.11
817.2 -65.75
817.6 -65.22
818.0 -66.9
818.4 -65.46
818.8 -65.92
819.2 -65.86
819.6 -66.62
820.0 -66.38
820.4 -66.0
820.8 -65.27
821.2 -67.75
821.6 -66.61
822.0 -65.7
822.4 -67.23
822.8 -66.2
823.2 -65.33
823.6 -65.37
824.0 -67.15
824.4 -67.06
824.8 -65.54
825.2 -65.18
825.6 -65.91
826.0 -65.78
826.4 -66.46
826.8 -65.56
827.2 -66.65
827.6 -66.47
828.0 -66.68
828.4 -65.31
828.8 -65.63
829.2 -65.03
829.6 -65.53
830.0 -65.35
830.4 -66.56
830.8 -66.33
831.2 -66.11
831.6 -65.83
832.0 -66.23
832.4 -65.99
832.8 -65.55
833.2 -64.85
833.6 -65.52
834.0 -65.25
834.4 -65.39
834.8 -64.85
835.2 -65.23
835.6 -64.76
836.0 -65.85
836.4 -64.92
836.8 -65.21
837.2 -65.12
837.6 -65.87
838.0 -65.1
838.4 -65.25
838.8 -65.21
839.2 -65.63
839.6 -65.15
840.0 -65.53
840.4 -65.56
840.8 -65.18
841.2 -65.83
841.6 -65.41
842.0 -65.13
842.4 -65.82
842.8 -65.3
843.2 -65.42
843.6 -65.08
844.0 -65.5
844.4 -65.94
844.8 -65.24
845.2 -65.39
845.6 -64.79
846.0 -65.49
846.4 -65.39
846.8 -66.1
847.2 -64.83
847.6 -64.99
848.0 -65.45
848.4 -64.52
848.8 -64.92
849.2 -64.48
849.6 -64.72
850.0 -65.02
850.4 -64.69
850.8 -64.66
851.2 -64.99
851.6 -64.99
852.0 -64.83
852.4 -65.08
852.8 -64.89
853.2 -64.87
853.6 -64.78
854.0 -64.57
854.4 -65.44
854.8 -63.97
855.2 -64.66
855.6 -64.89
856.0 -64.8
856.4 -64.41
856.8 -64.62
857.2 -64.05
857.6 -64.46
858.0 -63.97
858.4 -64.45
858.8 -63.85
859.2 -64.33
859.6 -64.27
860.0 -63.79
860.4 -64.2
860.8 -64.54
861.2 -64.43
861.6 -63.88
862.0 -64.24
862.4 -64.18
862.8 -63.79
863.2 -64.23
863.6 -64.32
864.0 -63.91
864.4 -64.35
864.8 -64.33
865.2 -63.91
865.6 -64.24
866.0 -64.12
866.4 -64.11
866.8 -64.44
867.2 -64.54
867.6 -64.02
868.0 -63.5
868.4 -63.9
868.8 -63.34
869.2 -63.53
869.6 -63.97
870.0 -63.54
870.4 -64.06
870.8 -63.32
871.2 -63.9
871.6 -63.56
872.0 -64.02
872.4 -63.64
872.8 -63.38
873.2 -63.4
873.6 -63.78
874.0 -63.32
874.4 -64.14
874.8 -63.34
875.2 -63.47
875.6 -63.88
876.0 -63.61
876.4 -63.32
876.8 -63.44
877.2 -63.97
877.6 -63.2
878.0 -63.44
878.4 -63.1
878.8 -63.08
879.2 -63.46
879.6 -63.33
880.0 -63.21
880.4 -63.09
880.8 -63.24
881.2 -62.98
881.6 -63.34
882.0 -63.38
882.4 -63.58
882.8 -63.82
883.2 -63.54
883.6 -63.62
884.0 -63.06
884.4 -63.51
884.8 -63.2
885.2 -63.68
885.6 -63.36
886.0 -63.1
886.4 -62.8
886.8 -63.5
887.2 -63.11
887.6 -63.18
888.0 -62.92
888.4 -63.58
888.8 -63.54
889.2 -63.28
889.6 -63.18
890.0 -62.97
890.4 -63.64
890.8 -63.0
891.2 -63.28
891.6 -62.93
892.0 -62.99
892.4 -63.39
892.8 -62.77
893.2 -62.97
893.6 -63.37
894.0 -63.06
894.4 -63.26
894.8 -63.46
895.2 -63.18
895.6 -63.17
896.0 -62.97
896.4 -62.81
896.8 -62.7
897.2 -62.99
897.6 -63.37
898.0 -63.18
898.4 -62.74
898.8 -63.32
899.2 -63.26
899.6 -63.37
900.0 -62.67
900.4 -63.14
900.8 -62.99
901.2 -62.97
901.6 -63.02
902.0 -63.05
902.4 -62.83
902.8 -62.93
903.2 -62.77
903.6 -62.63
904.0 -62.8
904.4 -62.87
904.8 -62.7
905.2 -62.75
905.6 -62.41
906.0 -62.91
906.4 -63.1
906.8 -62.77
907.2 -62.69
907.6 -63.03
908.0 -62.8
908.4 -62.92
908.8 -62.58
909.2 -62.81
909.6 -62.53
910.0 -62.55
910.4 -62.89
910.8 -62.55
911.2 -62.68
911.6 -63.04
912.0 -62.57
912.4 -62.55
912.8 -62.19
913.2 -62.49
913.6 -62.42
914.0 -62.56
914.4 -62.4
914.8 -62.81
915.2 -62.95
915.6 -62.33
916.0 -62.54
916.4 -62.41
916.8 -62.33
917.2 -62.57
917.6 -62.42
918.0 -62.49
918.4 -63.16
918.8 -62.73
919.2 -62.53
919.6 -62.58
920.0 -62.73
920.4 -62.69
920.8 -62.32
921.2 -63.06
921.6 -62.38
922.0 -62.45
922.4 -62.28
922.8 -62.8
923.2 -62.39
923.6 -62.29
924.0 -62.64
924.4 -62.36
924.8 -62.64
925.2 -62.25
925.6 -62.46
926.0 -62.18
926.4 -62.25
926.8 -62.33
927.2 -62.36
927.6 -62.69
928.0 -62.55
928.4 -62.29
928.8 -62.35
929.2 -62.08
929.6 -62.12
930.0 -62.29
930.4 -62.04
930.8 -62.3
931.2 -62.05
931.6 -62.3
932.0 -62.49
932.4 -62.1
932.8 -62.38
933.2 -62.03
933.6 -62.33
934.0 -62.2
934.4 -62.15
934.8 -62.19
935.2 -62.31
935.6 -62.37
936.0 -62.48
936.4 -62.3
936.8 -62.32
937.2 -62.31
937.6 -62.5
938.0 -62.45
938.4 -62.0
938.8 -62.42
939.2 -62.33
939.6 -62.1
940.0 -62.07
940.4 -62.25
940.8 -62.02
941.2 -62.3
941.6 -62.13
942.0 -62.23
942.4 -62.28
942.8 -62.18
943.2 -62.04
943.6 -62.08
944.0 -62.05
944.4 -61.87
944.8 -61.79
945.2 -62.1
945.6 -62.04
946.0 -61.97
946.4 -61.86
946.8 -62.01
947.2 -62.02
947.6 -62.27
948.0 -62.08
948.4 -61.91
948.8 -62.18
949.2 -61.99
949.6 -62.01
950.0 -62.06
950.4 -61.92
950.8 -62.18
951.2 -61.74
951.6 -62.11
952.0 -62.18
952.4 -62.03
952.8 -61.96
953.2 -61.85
953.6 -62.16
954.0 -62.19
954.4 -62.04
954.8 -62.19
955.2 -62.35
955.6 -62.15
956.0 -62.29
956.4 -62.17
956.8 -62.01
957.2 -61.89
957.6 -62.14
958.0 -61.94
958.4 -62.14
958.8 -61.92
959.2 -61.9
959.6 -61.83
960.0 -61.92
960.4 -62.3
960.8 -61.9
961.2 -61.69
961.6 -61.86
962.0 -62.09
962.4 -61.82
962.8 -61.76
963.2 -61.78
963.6 -61.94
964.0 -61.74
964.4 -61.68
964.8 -61.6
965.2 -61.52
965.6 -61.33
966.0 -61.56
966.4 -61.68
966.8 -61.56
967.2 -61.7
967.6 -61.81
968.0 -61.64
968.4 -61.63
968.8 -61.58
969.2 -61.7
969.6 -61.81
970.0 -61.8
970.4 -61.8
970.8 -61.73
971.2 -61.85
971.6 -61.77
972.0 -61.69
972.4 -61.8
972.8 -61.81
973.2 -62.1
973.6 -61.88
974.0 -62.18
974.4 -61.95
974.8 -62.11
975.2 -62.1
975.6 -62.02
976.0 -62.15
976.4 -62.15
976.8 -62.15
977.2 -62.0
977.6 -62.12
978.0 -62.22
978.4 -62.38
978.8 -62.24
979.2 -62.02
979.6 -62.16
980.0 -62.27
980.4 -61.91
980.8 -61.89
981.2 -62.03
981.6 -61.73
982.0 -61.9
982.4 -61.72
982.8 -61.79
983.2 -61.71
983.6 -61.47
984.0 -61.52
984.4 -61.43
984.8 -61.46
985.2 -61.43
985.6 -61.38
986.0 -61.34
986.4 -61.27
986.8 -61.41
987.2 -61.37
987.6 -61.37
988.0 -61.18
988.4 -61.12
988.8 -60.99
989.2 -61.11
989.6 -61.24
990.0 -61.13
990.4 -61.09
990.8 -60.92
991.2 -61.0
991.6 -61.01
992.0 -60.87
992.4 -60.92
992.8 -60.98
993.2 -60.93
993.6 -60.89
994.0 -60.81
994.4 -60.89
994.8 -61.04
995.2 -60.81
995.6 -61.08
996.0 -60.94
996.4 -60.95
996.8 -60.9
997.2 -60.73
997.6 -61.18
998.0 -61.02
998.4 -61.01
998.8 -60.98
999.2 -60.99
999.6 -60.94
1000.0 -60.97
