600.0 -210.0
600.4 -210.0
600.8 -210.0
601.2 -210.0
601.6 -70.09
602.0 -210.0
602.4 -78.26
602.8 -70.17
603.2 -78.31
603.6 -210.0
604.0 -69.21
604.4 -210.0
604.8 -210.0
605.2 -75.43
605.6 -210.0
606.0 -70.55
606.4 -210.0
606.8 -210.0
607.2 -72.29
607.6 -210.0
608.0 -210.0
608.4 -210.0
608.8 -76.25
609.2 -68.81
609.6 -71.97
610.0 -71.16
610.4 -73.34
610.8 -71.02
611.2 -72.29
611.6 -81.87
612.0 -68.98
612.4 -70.15
612.8 -73.81
613.2 -71.35
613.6 -210.0
614.0 -75.47
614.4 -72.48
614.8 -74.65
615.2 -210.0
615.6 -68.87
616.0 -76.68
616.4 -71.73
616.8 -75.63
617.2 -74.07
617.6 -210.0
618.0 -73.79
618.4 -74.14
618.8 -71.87
619.2 -210.0
619.6 -210.0
620.0 -210.0
620.4 -71.42
620.8 -73.65
621.2 -69.65
621.6 -68.48
622.0 -74.36
622.4 -75.1
622.8 -67.76
623.2 -74.1
623.6 -73.29
624.0 -73.31
624.4 -72.42
624.8 -70.48
625.2 -76.15
625.6 -70.8
626.0 -72.96
626.4 -74.63
626.8 -71.82
627.2 -70.9
627.6 -68.6
628.0 -68.46
628.4 -76.35
628.8 -70.35
629.2 -76.9
629.6 -71.49
630.0 -68.36
630.4 -69.79
630.8 -70.49
631.2 -70.06
631.6 -75.32
632.0 -70.96
632.4 -68.77
632.8 -73.9
633.2 -70.92
633.6 -68.7
634.0 -70.16
634.4 -72.89
634.8 -71.03
635.2 -69.56
635.6 -71.09
636.0 -71.66
636.4 -70.13
636.8 -68.3
637.2 -68.82
637.6 -71.5
638.0 -74.82
638.4 -70.28
638.8 -74.34
639.2 -69.69
639.6 -210.0
640.0 -69.1
640.4 -69.79
640.8 -68.12
641.2 -70.41
641.6 -70.97
642.0 -69.59
642.4 -68.89
642.8 -68.54
643.2 -68.57
643.6 -69.82
644.0 -68.46
644.4 -69.21
644.8 -70.19
645.2 -70.05
645.6 -68.44
646.0 -69.49
646.4 -70.24
646.8 -68.43
647.2 -69.53
647.6 -68.5
648.0 -69.75
648.4 -68.46
648.8 -70.05
649.2 -67.11
649.6 -68.47
650.0 -69.42
650.4 -67.84
650.8 -68.58
651.2 -69.05
651.6 -68.49
652.0 -66.69
652.4 -68.05
652.8 -67.64
653.2 -68.88
653.6 -70.24
654.0 -69.19
654.4 -68.72
654.8 -68.21
655.2 -69.59
655.6 -68.26
656.0 -68.12
656.4 -68.69
656.8 -69.03
657.2 -67.46
657.6 -68.43
658.0 -69.1
658.4 -69.04
658.8 -68.6
659.2 -68.19
659.6 -68.29
660.0 -69.0
660.4 -67.4
660.8 -68.4
661.2 -67.61
661.6 -67.7
662.0 -67.57
662.4 -66.66
662.8 -68.3
663.2 -67.7
663.6 -67.24
664.0 -68.2
664.4 -66.94
664.8 -66.83
665.2 -67.96
665.6 -66.49
666.0 -67.24
666.4 -66.56
666.8 -67.87
667.2 -67.53
667.6 -68.66
668.0 -67.01
668.4 -68.11
668.8 -67.2
669.2 -67.7
669.6 -67.24
670.0 -67.64
670.4 -67.12
670.8 -67.55
671.2 -67.07
671.6 -66.88
672.0 -66.56
672.4 -67.02
672.8 -67.16
673.2 -66.76
673.6 -66.65
674.0 -69.72
674.4 -67.04
674.8 -67.38
675.2 -66.6
675.6 -68.0
676.0 -67.89
676.4 -66.01
676.8 -68.27
677.2 -66.93
677.6 -66.19
678.0 -67.15
678.4 -66.08
678.8 -66.7
679.2 -67.3
679.6 -67.43
680.0 -66.38
680.4 -66.25
680.8 -66.57
681.2 -67.45
681.6 -67.19
682.0 -67.06
682.4 -67.06
682.8 -66.79
683.2 -66.37
683.6 -66.97
684.0 -67.2
684.4 -66.66
684.8 -67.23
685.2 -67.26
685.6 -66.55
686.0 -66.94
686.4 -66.37
686.8 -66.74
687.2 -67.54
687.6 -66.69
688.0 -66.15
688.4 -67.52
688.8 -66.4
689.2 -66.64
689.6 -66.07
690.0 -66.52
690.4 -66.08
690.8 -66.08
691.2 -67.48
691.6 -66.47
692.0 -67.69
692.4 -66.73
692.8 -66.14
693.2 -66.58
693.6 -66.65
694.0 -67.81
694.4 -66.56
694.8 -66.25
695.2 -67.0
695.6 -67.55
696.0 -66.4
696.4 -66.15
696.8 -66.56
697.2 -66.01
697.6 -66.59
698.0 -67.08
698.4 -67.11
698.8 -67.37
699.2 -66.18
699.6 -66.18
700.0 -67.48
700.4 -65.68
700.8 -65.99
701.2 -65.73
701.6 -66.05
702.0 -67.11
702.4 -66.7
702.8 -65.53
703.2 -66.12
703.6 -66.29
704.0 -66.31
704.4 -66.37
704.8 -66.59
705.2 -66.29
705.6 -65.83
706.0 -66.61
706.4 -67.21
706.8 -66.38
707.2 -66.02
707.6 -66.02
708.0 -66.81
708.4 -66.38
708.8 -66.96
709.2 -65.93
709.6 -66.03
710.0 -66.22
710.4 -65.98
710.8 -66.98
711.2 -66.93
711.6 -66.64
712.0 -65.37
712.4 -66.34
712.8 -67.39
713.2 -65.89
713.6 -67.34
714.0 -65.33
714.4 -66.24
714.8 -65.8
715.2 -67.1
715.6 -66.68
716.0 -66.53
716.4 -65.75
716.8 -66.26
717.2 -66.82
717.6 -65.61
718.0 -67.15
718.4 -66.35
718.8 -65.72
719.2 -66.52
719.6 -65.95
720.0 -66.15
720.4 -65.97
720.8 -66.07
721.2 -65.64
721.6 -66.7
722.0 -66.53
722.4 -67.58
722.8 -65.43
723.2 -65.11
723.6 -65.88
724.0 -65.87
724.4 -66.21
724.8 -65.92
725.2 -66.31
725.6 -65.63
726.0 -65.91
726.4 -66.3
726.8 -66.26
727.2 -66.15
727.6 -67.15
728.0 -65.89
728.4 -66.43
728.8 -66.46
729.2 -68.09
729.6 -65.75
730.0 -65.48
730.4 -66.49
730.8 -65.29
731.2 -66.29
731.6 -65.93
732.0 -66.06
732.4 -65.22
732.8 -65.89
733.2 -67.14
733.6 -66.23
734.0 -66.38
734.4 -65.97
734.8 -65.77
735.2 -65.29
735.6 -66.25
736.0 -66.44
736.4 -67.11
736.8 -66.2
737.2 -66.39
737.6 -66.01
738.0 -65.57
738.4 -66.5
738.8 -66.15
739.2 -65.93
739.6 -66.53
740.0 -66.14
740.4 -65.52
740.8 -66.36
741.2 -65.64
741.6 -66.51
742.0 -66.93
742.4 -65.74
742.8 -65.76
743.2 -65.6
743.6 -65.34
744.0 -66.29
744.4 -65.89
744.8 -67.33
745.2 -66.37
745.6 -66.06
746.0 -68.55
746.4 -66.99
746.8 -65.81
747.2 -65.53
747.6 -66.98
748.0 -66.76
748.4 -65.21
748.8 -65.09
749.2 -66.93
749.6 -66.5
750.0 -65.02
750.4 -66.29
750.8 -66.21
751.2 -66.17
751.6 -65.87
752.0 -66.3
752.4 -65.55
752.8 -66.45
753.2 -65.61
753.6 -66.44
754.0 -67.05
754.4 -66.39
754.8 -66.64
755.2 -66.85
755.6 -66.3
756.0 -67.57
756.4 -66.84
756.8 -66.4
757.2 -66.01
757.6 -66.27
758.0 -65.75
758.4 -66.68
758.8 -65.96
759.2 -65.66
759.6 -66.41
760.0 -66.57
760.4 -66.16
760.8 -66.15
761.2 -67.06
761.6 -66.27
762.0 -66.59
762.4 -66.68
762.8 -66.33
763.2 -65.55
763.6 -65.29
764.0 -66.7
764.4 -66.66
764.8 -65.81
765.2 -65.92
765.6 -66.35
766.0 -65.59
766.4 -65.46
766.8 -65.79
767.2 -66.29
767.6 -66.54
768.0 -66.16
768.4 -66.89
768.8 -67.22
769.2 -65.63
769.6 -66.11
770.0 -65.66
770.4 -65.91
770.8 -66.47
771.2 -66.26
771.6 -66.69
772.0 -66.68
772.4 -65.9
772.8 -67.05
773.2 -65.98
773.6 -67.15
774.0 -65.53
774.4 -65.04
774.8 -65.93
775.2 -65.89
775.6 -66.49
776.0 -67.55
776.4 -65.84
776.8 -66.31
777.2 -66.27
777.6 -67.13
778.0 -65.95
778.4 -65.55
778.8 -66.06
779.2 -66.3
779.6 -66.52
780.0 -66.25
780.4 -66.42
780.8 -67.21
781.2 -66.29
781.6 -66.2
782.0 -66.81
782.4 -65.93
782.8 -65.78
783.2 -65.95
783.6 -67.79
784.0 -65.59
784.4 -66.85
784.8 -67.61
785.2 -65.83
785.6 -66.89
786.0 -65.08
786.4 -67.38
786.8 -65.82
787.2 -66.51
787.6 -65.6
788.0 -67.38
788.4 -65.52
788.8 -66.5
789.2 -66.0
789.6 -65.77
790.0 -65.69
790.4 -66.53
790.8 -65.34
791.2 -66.18
791.6 -66.06
792.0 -65.47
792.4 -65.47
792.8 -66.05
793.2 -65.74
793.6 -66.01
794.0 -66.08
794.4 -65.24
794.8 -66.25
795.2 -66.04
795.6 -66.24
796.0 -66.11
796.4 -66.41
796.8 -65.54
797.2 -66.81
797.6 -65.75
798.0 -66.4
798.4 -65.49
798.8 -65.52
799.2 -67.09
799.6 -64.99
800.0 -65.3
800.4 -65.27
800.8 -65.27
801.2 -65.85
801.6 -65.7
802.0 -64.86
802.4 -64.92
802.8 -66.02
803.2 -65.06
803.6 -65.39
804.0 -65.01
804.4 -66.11
804.8 -64.76
805.2 -65.2
805.6 -64.19
806.0 -64.32
806.4 -61.3
806.8 -58.44
807.2 -54.58
807.6 -50.54
808.0 -49.15
808.4 -50.08
808.8 -50.85
809.2 -54.8
809.6 -61.68
810.0 -64.35
810.4 -64.55
810.8 -65.46
811.2 -64.59
811.6 -65.3
812.0 -64.87
812.4 -64.99
812.8 -65.07
813.2 -64.72
813.6 -65.38
814.0 -65.18
814.4 -64.71
814.8 -65.14
815.2 -65.04
815.6 -65.27
816.0 -64.68
816.4 -65.67
816.8 -64.36
817.2 -65.02
817.6 -64.91
818.0 -65.45
818.4 -64.53
818.8 -64.51
819.2 -65.65
819.6 -64.49
820.0 -64.7
820.4 -65.47
820.8 -64.57
821.2 -64.0
821.6 -63.89
822.0 -64.77
822.4 -65.97
822.8 -64.8
823.2 -64.63
823.6 -65.12
824.0 -64.88
824.4 -64.89
824.8 -64.8
825.2 -64.3
825.6 -65.51
826.0 -64.55
826.4 -64.42
826.8 -64.51
827.2 -64.43
827.6 -64.54
828.0 -64.48
828.4 -65.05
828.8 -64.39
829.2 -64.13
829.6 -64.3
830.0 -64.55
830.4 -64.85
830.8 -64.39
831.2 -64.15
831.6 -64.21
832.0 -64.71
832.4 -64.1
832.8 -64.39
833.2 -64.7
833.6 -64.39
834.0 -64.46
834.4 -64.21
834.8 -64.13
835.2 -64.37
835.6 -63.91
836.0 -64.31
836.4 -64.53
836.8 -64.51
837.2 -64.56
837.6 -64.35
838.0 -64.03
838.4 -64.67
838.8 -64.42
839.2 -64.73
839.6 -64.69
840.0 -64.86
840.4 -64.31
840.8 -64.77
841.2 -64.47
841.6 -65.09
842.0 -64.21
842.4 -64.94
842.8 -64.38
843.2 -64.85
843.6 -64.76
844.0 -65.01
844.4 -64.65
844.8 -64.29
845.2 -65.41
845.6 -64.71
846.0 -64.17
846.4 -64.71
846.8 -65.09
847.2 -64.81
847.6 -65.1
848.0 -64.34
848.4 -65.03
848.8 -64.52
849.2 -64.92
849.6 -64.76
850.0 -64.8
850.4 -65.29
850.8 -65.31
851.2 -65.28
851.6 -64.59
852.0 -65.26
852.4 -64.53
852.8 -64.43
853.2 -64.56
853.6 -64.98
854.0 -64.77
854.4 -65.04
854.8 -64.88
855.2 -65.34
855.6 -64.52
856.0 -64.52
856.4 -64.69
856.8 -64.94
857.2 -66.06
857.6 -65.39
858.0 -65.74
858.4 -65.31
858.8 -64.92
859.2 -65.21
859.6 -66.99
860.0 -65.0
860.4 -65.42
860.8 -64.99
861.2 -64.85
861.6 -65.4
862.0 -65.35
862.4 -65.76
862.8 -65.39
863.2 -65.45
863.6 -65.33
864.0 -66.16
864.4 -65.76
864.8 -65.56
865.2 -65.47
865.6 -65.58
866.0 -65.8
866.4 -65.94
866.8 -65.91
867.2 -65.87
867.6 -65.59
868.0 -66.11
868.4 -66.11
868.8 -65.62
869.2 -65.79
869.6 -66.25
870.0 -66.83
870.4 -66.33
870.8 -65.98
871.2 -66.07
871.6 -65.87
872.0 -66.48
872.4 -66.05
872.8 -66.79
873.2 -66.16
873.6 -66.49
874.0 -66.18
874.4 -65.71
874.8 -65.45
875.2 -66.33
875.6 -66.0
876.0 -66.21
876.4 -65.19
876.8 -65.98
877.2 -66.94
877.6 -66.03
878.0 -65.74
878.4 -66.28
878.8 -66.2
879.2 -66.43
879.6 -65.72
880.0 -65.8
880.4 -67.1
880.8 -66.71
881.2 -65.23
881.6 -66.46
882.0 -66.64
882.4 -66.21
882.8 -66.38
883.2 -66.85
883.6 -66.48
884.0 -66.31
884.4 -66.55
884.8 -66.58
885.2 -66.13
885.6 -66.69
886.0 -67.0
886.4 -66.23
886.8 -67.34
887.2 -66.32
887.6 -66.29
888.0 -67.33
888.4 -66.68
888.8 -66.79
889.2 -65.86
889.6 -66.12
890.0 -66.94
890.4 -67.49
890.8 -66.79
891.2 -66.79
891.6 -66.91
892.0 -66.73
892.4 -68.64
892.8 -67.05
893.2 -66.93
893.6 -67.09
894.0 -67.14
894.4 -67.49
894.8 -66.72
895.2 -66.09
895.6 -66.8
896.0 -67.16
896.4 -67.42
896.8 -67.8
897.2 -68.09
897.6 -67.61
898.0 -67.06
898.4 -68.59
898.8 -67.36
899.2 -67.24
899.6 -66.4
900.0 -66.48
900.4 -66.86
900.8 -67.1
901.2 -67.45
901.6 -68.47
902.0 -67.41
902.4 -67.13
902.8 -67.93
903.2 -67.19
903.6 -67.94
904.0 -67.33
904.4 -67.01
904.8 -67.97
905.2 -68.08
905.6 -66.49
906.0 -66.46
906.4 -66.94
906.8 -68.75
907.2 -67.52
907.6 -68.87
908.0 -67.28
908.4 -67.95
908.8 -67.64
909.2 -67.0
909.6 -67.52
910.0 -67.37
910.4 -67.52
910.8 -68.02
911.2 -67.76
911.6 -67.53
912.0 -66.31
912.4 -67.9
912.8 -67.79
913.2 -67.04
913.6 -68.0
914.0 -66.79
914.4 -67.31
914.8 -68.48
915.2 -66.71
915.6 -66.89
916.0 -67.58
916.4 -68.07
916.8 -67.91
917.2 -67.55
917.6 -67.86
918.0 -67.16
918.4 -66.84
918.8 -67.87
919.2 -68.27
919.6 -68.25
920.0 -69.66
920.4 -68.07
920.8 -67.96
921.2 -65.92
921.6 -66.94
922.0 -66.77
922.4 -67.36
922.8 -66.84
923.2 -67.77
923.6 -67.83
924.0 -67.54
924.4 -68.38
924.8 -68.72
925.2 -67.86
925.6 -67.02
926.0 -68.19
926.4 -67.8
926.8 -68.53
927.2 -67.43
927.6 -66.99
928.0 -67.65
928.4 -66.96
928.8 -68.58
929.2 -68.04
929.6 -67.51
930.0 -67.39
930.4 -67.48
930.8 -68.41
931.2 -68.43
931.6 -68.01
932.0 -67.78
932.4 -68.63
932.8 -68.73
933.2 -68.45
933.6 -67.32
934.0 -69.57
934.4 -68.47
934.8 -68.29
935.2 -68.51
935.6 -68.53
936.0 -68.2
936.4 -69.85
936.8 -68.43
937.2 -68.71
937.6 -68.68
938.0 -67.88
938.4 -67.47
938.8 -68.83
939.2 -68.33
939.6 -67.01
940.0 -68.12
940.4 -67.97
940.8 -67.67
941.2 -67.42
941.6 -67.56
942.0 -67.46
942.4 -67.64
942.8 -67.06
943.2 -67.88
943.6 -67.5
944.0 -67.47
944.4 -67.03
944.8 -66.85
945.2 -67.97
945.6 -67.59
946.0 -67.44
946.4 -67.73
946.8 -67.78
947.2 -67.64
947.6 -67.15
948.0 -67.51
948.4 -67.59
948.8 -67.87
949.2 -67.99
949.6 -67.27
950.0 -67.36
950.4 -67.18
950.8 -67.35
951.2 -67.58
951.6 -67.12
952.0 -68.07
952.4 -68.34
952.8 -67.13
953.2 -67.17
953.6 -67.65
954.0 -67.76
954.4 -67.1
954.8 -67.77
955.2 -67.66
955.6 -67.14
956.0 -67.65
956.4 -67.2
956.8 -67.95
957.2 -67.51
957.6 -66.78
958.0 -66.95
958.4 -67.44
958.8 -67.35
959.2 -67.91
959.6 -66.62
960.0 -66.94
960.4 -67.83
960.8 -67.28
961.2 -68.04
961.6 -67.51
962.0 -67.55
962.4 -67.57
962.8 -67.24
963.2 -67.32
963.6 -67.01
964.0 -66.43
964.4 -67.21
964.8 -66.97
965.2 -67.07
965.6 -66.63
966.0 -67.06
966.4 -67.26
966.8 -67.22
967.2 -67.58
967.6 -67.33
968.0 -66.97
968.4 -66.72
968.8 -66.79
969.2 -66.77
969.6 -66.62
970.0 -67.55
970.4 -67.14
970.8 -66.63
971.2 -66.98
971.6 -66.98
972.0 -66.76
972.4 -66.93
972.8 -66.68
973.2 -67.23
973.6 -66.83
974.0 -66.65
974.4 -66.86
974.8 -67.02
975.2 -66.5
975.6 -67.14
976.0 -66.89
976.4 -66.66
976.8 -66.88
977.2 -66.69
977.6 -67.09
978.0 -67.08
978.4 -67.05
978.8 -67.07
979.2 -66.98
979.6 -67.5
980.0 -66.81
980.4 -66.66
980.8 -67.25
981.2 -66.7
981.6 -66.6
982.0 -66.65
982.4 -67.13
982.8 -66.33
983.2 -66.32
983.6 -65.99
984.0 -66.59
984.4 -66.31
984.8 -66.27
985.2 -66.14
985.6 -66.39
986.0 -66.16
986.4 -65.97
986.8 -66.22
987.2 -65.98
987.6 -65.63
988.0 -65.72
988.4 -65.82
988.8 -65.3
989.2 -65.19
989.6 -65.33
990.0 -65.4
990.4 -65.38
990.8 -64.95
991.2 -65.09
991.6 -65.13
992.0 -65.17
992.4 -65.07
992.8 -65.29
993.2 -64.93
993.6 -65.05
994.0 -64.87
994.4 -64.87
994.8 -65.02
995.2 -64.71
995.6 -64.75
996.0 -64.52
996.4 -64.32
996.8 -64.64
997.2 -64.53
997.6 -64.49
998.0 -64.68
998.4 -64.69
998.8 -64.45
999.2 -64.75
999.6 -64.44
1000.0 -64.53
