600.0 -74.14
600.4 -71.15
600.8 -72.72
601.2 -70.78
601.6 -210.0
602.0 -73.47
602.4 -210.0
602.8 -67.88
603.2 -210.0
603.6 -210.0
604.0 -75.36
604.4 -210.0
604.8 -210.0
605.2 -210.0
605.6 -81.49
606.0 -210.0
606.4 -210.0
606.8 -84.58
607.2 -69.03
607.6 -76.17
608.0 -73.19
608.4 -210.0
608.8 -210.0
609.2 -70.92
609.6 -72.45
610.0 -84.78
610.4 -73.34
610.8 -210.0
611.2 -210.0
611.6 -74.08
612.0 -210.0
612.4 -72.88
612.8 -81.94
613.2 -210.0
613.6 -73.23
614.0 -69.45
614.4 -70.89
614.8 -72.51
615.2 -73.62
615.6 -210.0
616.0 -210.0
616.4 -210.0
616.8 -210.0
617.2 -210.0
617.6 -71.08
618.0 -79.23
618.4 -210.0
618.8 -77.51
619.2 -210.0
619.6 -210.0
620.0 -210.0
620.4 -73.93
620.8 -75.42
621.2 -210.0
621.6 -70.84
622.0 -70.18
622.4 -210.0
622.8 -210.0
623.2 -71.42
623.6 -73.04
624.0 -72.61
624.4 -210.0
624.8 -76.12
625.2 -82.69
625.6 -71.57
626.0 -210.0
626.4 -71.29
626.8 -75.38
627.2 -73.26
627.6 -73.54
628.0 -72.25
628.4 -72.09
628.8 -76.88
629.2 -210.0
629.6 -74.5
630.0 -76.45
630.4 -76.99
630.8 -210.0
631.2 -74.32
631.6 -76.12
632.0 -210.0
632.4 -210.0
632.8 -75.41
633.2 -210.0
633.6 -210.0
634.0 -210.0
634.4 -71.54
634.8 -70.11
635.2 -210.0
635.6 -75.61
636.0 -77.98
636.4 -73.91
636.8 -77.46
637.2 -74.76
637.6 -70.64
638.0 -210.0
638.4 -71.7
638.8 -74.6
639.2 -210.0
639.6 -73.7
640.0 -73.31
640.4 -71.21
640.8 -210.0
641.2 -72.53
641.6 -82.11
642.0 -210.0
642.4 -210.0
642.8 -74.21
643.2 -210.0
643.6 -72.92
644.0 -75.63
644.4 -77.59
644.8 -84.17
645.2 -72.43
645.6 -210.0
646.0 -72.96
646.4 -75.55
646.8 -72.3
647.2 -79.6
647.6 -73.28
648.0 -71.02
648.4 -74.49
648.8 -73.06
649.2 -210.0
649.6 -72.42
650.0 -75.31
650.4 -75.31
650.8 -75.85
651.2 -210.0
651.6 -210.0
652.0 -210.0
652.4 -71.95
652.8 -72.07
653.2 -71.72
653.6 -73.84
654.0 -75.34
654.4 -74.42
654.8 -77.66
655.2 -72.09
655.6 -72.47
656.0 -210.0
656.4 -74.66
656.8 -76.53
657.2 -210.0
657.6 -71.76
658.0 -77.68
658.4 -77.68
658.8 -71.66
659.2 -71.77
659.6 -75.64
660.0 -72.78
660.4 -72.38
660.8 -74.08
661.2 -72.13
661.6 -72.78
662.0 -72.51
662.4 -75.39
662.8 -75.65
663.2 -75.65
663.6 -72.38
664.0 -76.23
664.4 -71.78
664.8 -73.72
665.2 -87.7
665.6 -72.64
666.0 -72.38
666.4 -76.9
666.8 -79.24
667.2 -72.38
667.6 -72.92
668.0 -79.91
668.4 -76.9
668.8 -77.28
669.2 -75.14
669.6 -70.06
670.0 -71.25
670.4 -70.05
670.8 -74.45
671.2 -71.65
671.6 -70.19
672.0 -76.87
672.4 -210.0
672.8 -73.85
673.2 -70.25
673.6 -73.18
674.0 -75.34
674.4 -72.59
674.8 -70.48
675.2 -73.83
675.6 -71.2
676.0 -78.08
676.4 -71.71
676.8 -70.21
677.2 -72.05
677.6 -71.59
678.0 -70.45
678.4 -69.48
678.8 -72.15
679.2 -72.15
679.6 -73.45
680.0 -70.43
680.4 -73.11
680.8 -69.45
681.2 -73.77
681.6 -73.09
682.0 -71.43
682.4 -74.55
682.8 -70.14
683.2 -71.31
683.6 -72.91
684.0 -72.48
684.4 -70.8
684.8 -76.73
685.2 -68.88
685.6 -74.29
686.0 -73.03
686.4 -71.38
686.8 -71.7
687.2 -78.46
687.6 -71.46
688.0 -71.57
688.4 -72.16
688.8 -73.0
689.2 -75.42
689.6 -71.34
690.0 -71.22
690.4 -70.04
690.8 -73.64
691.2 -71.41
691.6 -71.1
692.0 -72.37
692.4 -72.36
692.8 -73.61
693.2 -76.99
693.6 -70.59
694.0 -69.91
694.4 -71.36
694.8 -74.83
695.2 -69.52
695.6 -75.33
696.0 -74.81
696.4 -71.02
696.8 -71.33
697.2 -72.16
697.6 -71.78
698.0 -72.86
698.4 -71.64
698.8 -70.7
699.2 -71.63
699.6 -70.98
700.0 -71.28
700.4 -69.1
700.8 -72.11
701.2 -70.21
701.6 -72.66
702.0 -76.48
702.4 -74.96
702.8 -70.83
703.2 -73.28
703.6 -69.47
704.0 -72.77
704.4 -71.21
704.8 -70.42
705.2 -72.45
705.6 -69.44
706.0 -72.74
706.4 -72.89
706.8 -72.43
707.2 -68.74
707.6 -73.22
708.0 -73.38
708.4 -71.99
708.8 -69.18
709.2 -69.68
709.6 -70.35
710.0 -72.38
710.4 -69.52
710.8 -69.82
711.2 -73.17
711.6 -70.15
712.0 -68.87
712.4 -75.37
712.8 -74.57
713.2 -69.88
713.6 -69.96
714.0 -69.87
714.4 -72.48
714.8 -71.79
715.2 -72.47
715.6 -69.94
716.0 -75.96
716.4 -69.16
716.8 -72.31
717.2 -73.65
717.6 -70.64
718.0 -71.38
718.4 -71.75
718.8 -69.65
719.2 -69.98
719.6 -69.57
720.0 -69.72
720.4 -74.04
720.8 -75.27
721.2 -71.35
721.6 -70.7
722.0 -69.17
722.4 -74.02
722.8 -69.69
723.2 -69.69
723.6 -69.02
724.0 -70.88
724.4 -71.21
724.8 -72.22
725.2 -69.84
725.6 -71.31
726.0 -69.58
726.4 -70.08
726.8 -68.4
727.2 -72.83
727.6 -69.82
728.0 -69.81
728.4 -68.64
728.8 -74.17
729.2 -69.8
729.6 -69.47
730.0 -72.32
730.4 -70.41
730.8 -71.88
731.2 -74.15
731.6 -68.48
732.0 -72.45
732.4 -68.6
732.8 -68.86
733.2 -77.88
733.6 -69.84
734.0 -69.13
734.4 -70.37
734.8 -69.66
735.2 -70.67
735.6 -68.97
736.0 -69.82
736.4 -70.07
736.8 -69.4
737.2 -70.16
737.6 -71.08
738.0 -70.44
738.4 -70.15
738.8 -71.42
739.2 -68.06
739.6 -70.24
740.0 -76.06
740.4 -71.06
740.8 -71.06
741.2 -71.05
741.6 -71.66
742.0 -68.39
742.4 -71.4
742.8 -69.59
743.2 -69.43
743.6 -70.02
744.0 -68.5
744.4 -70.7
744.8 -71.38
745.2 -71.03
745.6 -70.38
746.0 -68.12
746.4 -70.48
746.8 -68.96
747.2 -70.89
747.6 -70.37
748.0 -68.11
748.4 -71.61
748.8 -69.89
749.2 -69.01
749.6 -74.01
750.0 -74.23
750.4 -74.48
750.8 -70.98
751.2 -70.44
751.6 -69.21
752.0 -71.07
752.4 -67.56
752.8 -68.96
753.2 -70.02
753.6 -71.68
754.0 -70.11
754.4 -69.91
754.8 -67.69
755.2 -73.49
755.6 -68.79
756.0 -68.78
756.4 -68.58
756.8 -73.91
757.2 -68.37
757.6 -69.87
758.0 -68.62
758.4 -69.52
758.8 -71.23
759.2 -68.88
759.6 -69.42
760.0 -69.67
760.4 -69.84
760.8 -72.17
761.2 -70.11
761.6 -69.83
762.0 -68.57
762.4 -69.08
762.8 -70.39
763.2 -71.85
763.6 -70.39
764.0 -68.29
764.4 -68.91
764.8 -71.83
765.2 -71.42
765.6 -68.54
766.0 -70.8
766.4 -68.81
766.8 -69.34
767.2 -68.73
767.6 -68.26
768.0 -69.76
768.4 -71.13
768.8 -70.77
769.2 -72.76
769.6 -69.32
770.0 -71.24
770.4 -70.43
770.8 -67.52
771.2 -72.58
771.6 -68.63
772.0 -68.62
772.4 -68.03
772.8 -67.85
773.2 -71.92
773.6 -71.63
774.0 -70.1
774.4 -68.9
774.8 -67.96
775.2 -69.29
775.6 -72.92
776.0 -71.75
776.4 -69.99
776.8 -72.05
777.2 -70.29
777.6 -71.75
778.0 -72.54
778.4 -68.19
778.8 -72.71
779.2 -69.98
779.6 -68.81
780.0 -68.38
780.4 -69.52
780.8 -70.17
781.2 -70.71
781.6 -70.81
782.0 -69.09
782.4 -68.5
782.8 -68.3
783.2 -69.67
783.6 -70.36
784.0 -68.42
784.4 -69.16
784.8 -67.67
785.2 -69.32
785.6 -69.15
786.0 -67.39
786.4 -68.98
786.8 -67.77
787.2 -70.34
787.6 -70.67
788.0 -71.15
788.4 -69.21
788.8 -68.26
789.2 -68.75
789.6 -67.88
790.0 -68.96
790.4 -68.38
790.8 -76.45
791.2 -70.52
791.6 -70.99
792.0 -67.19
792.4 -70.64
792.8 -70.4
793.2 -68.87
793.6 -70.63
794.0 -69.98
794.4 -71.94
794.8 -72.99
795.2 -70.08
795.6 -71.93
796.0 -69.33
796.4 -68.02
796.8 -69.16
797.2 -69.86
797.6 -67.82
798.0 -71.21
798.4 -68.19
798.8 -70.15
799.2 -70.94
799.6 -68.19
800.0 -66.83
800.4 -69.65
800.8 -67.34
801.2 -67.35
801.6 -67.3
802.0 -67.41
802.4 -69.76
802.8 -68.4
803.2 -68.47
803.6 -68.07
804.0 -67.27
804.4 -69.78
804.8 -67.16
805.2 -68.28
805.6 -69.26
806.0 -65.73
806.4 -63.77
806.8 -60.14
807.2 -56.46
807.6 -52.63
808.0 -51.15
808.4 -52.31
808.8 -52.75
809.2 -56.06
809.6 -64.11
810.0 -66.62
810.4 -68.53
810.8 -67.71
811.2 -68.27
811.6 -69.57
812.0 -68.56
812.4 -68.42
812.8 -68.57
813.2 -70.82
813.6 -70.6
814.0 -68.32
814.4 -67.13
814.8 -67.4
815.2 -69.46
815.6 -69.47
816.0 -67.58
816.4 -68.18
816.8 -67.99
817.2 -68.25
817.6 -68.52
818.0 -69.18
818.4 -68.27
818.8 -68.34
819.2 -67.17
819.6 -68.91
820.0 -67.94
820.4 -67.06
820.8 -68.03
821.2 -69.12
821.6 -70.26
822.0 -68.01
822.4 -66.51
822.8 -69.33
823.2 -68.9
823.6 -68.57
824.0 -69.0
824.4 -67.87
824.8 -68.36
825.2 -67.79
825.6 -67.98
826.0 -68.66
826.4 -68.81
826.8 -69.34
827.2 -69.75
827.6 -66.84
828.0 -68.74
828.4 -67.09
828.8 -67.42
829.2 -67.21
829.6 -68.8
830.0 -68.27
830.4 -67.32
830.8 -68.76
831.2 -69.26
831.6 -67.59
832.0 -68.78
832.4 -68.62
832.8 -68.25
833.2 -68.28
833.6 -66.99
834.0 -66.86
834.4 -68.37
834.8 -67.25
835.2 -67.41
835.6 -67.85
836.0 -67.17
836.4 -68.1
836.8 -67.3
837.2 -67.33
837.6 -67.32
838.0 -67.0
838.4 -67.34
838.8 -68.08
839.2 -66.9
839.6 -67.47
840.0 -67.17
840.4 -67.4
840.8 -67.44
841.2 -67.2
841.6 -67.57
842.0 -66.77
842.4 -65.99
842.8 -67.01
843.2 -67.99
843.6 -66.14
844.0 -66.49
844.4 -67.19
844.8 -66.25
845.2 -67.38
845.6 -66.58
846.0 -67.59
846.4 -67.42
846.8 -67.07
847.2 -67.17
847.6 -68.31
848.0 -68.07
848.4 -67.25
848.8 -66.84
849.2 -67.37
849.6 -66.06
850.0 -66.49
850.4 -66.14
850.8 -67.16
851.2 -66.07
851.6 -67.35
852.0 -66.61
852.4 -66.51
852.8 -67.63
853.2 -66.64
853.6 -68.09
854.0 -66.98
854.4 -66.95
854.8 -66.84
855.2 -66.39
855.6 -66.01
856.0 -66.79
856.4 -66.58
856.8 -66.52
857.2 -68.56
857.6 -65.63
858.0 -66.25
858.4 -66.46
858.8 -66.21
859.2 -66.02
859.6 -66.56
860.0 -66.04
860.4 -65.35
860.8 -65.47
861.2 -66.41
861.6 -66.02
862.0 -66.18
862.4 -66.37
862.8 -65.55
863.2 -66.56
863.6 -66.62
864.0 -65.94
864.4 -66.15
864.8 -65.37
865.2 -66.6
865.6 -65.8
866.0 -66.53
866.4 -64.95
866.8 -66.22
867.2 -66.68
867.6 -66.54
868.0 -65.92
868.4 -66.26
868.8 -66.25
869.2 -66.52
869.6 -65.59
870.0 -66.15
870.4 -66.79
870.8 -65.89
871.2 -65.32
871.6 -66.02
872.0 -66.18
872.4 -65.83
872.8 -65.89
873.2 -66.36
873.6 -65.87
874.0 -66.32
874.4 -66.37
874.8 -65.48
875.2 -64.79
875.6 -66.25
876.0 -66.14
876.4 -65.86
876.8 -65.02
877.2 -65.61
877.6 -65.78
878.0 -65.0
878.4 -65.43
878.8 -65.39
879.2 -65.01
879.6 -65.55
880.0 -66.05
880.4 -65.74
880.8 -65.15
881.2 -65.31
881.6 -65.26
882.0 -65.74
882.4 -65.73
882.8 -65.73
883.2 -65.95
883.6 -65.98
884.0 -65.3
884.4 -65.39
884.8 -65.03
885.2 -65.29
885.6 -64.78
886.0 -66.33
886.4 -66.03
886.8 -65.32
887.2 -65.93
887.6 -65.39
888.0 -65.39
888.4 -65.62
888.8 -65.28
889.2 -65.07
889.6 -65.23
890.0 -66.28
890.4 -65.98
890.8 -66.15
891.2 -65.96
891.6 -64.97
892.0 -65.27
892.4 -65.03
892.8 -65.47
893.2 -65.39
893.6 -65.53
894.0 -65.37
894.4 -65.26
894.8 -66.47
895.2 -64.94
895.6 -65.9
896.0 -65.33
896.4 -65.39
896.8 -65.8
897.2 -66.11
897.6 -65.96
898.0 -65.52
898.4 -65.72
898.8 -66.07
899.2 -65.02
899.6 -65.98
900.0 -64.34
900.4 -66.03
900.8 -65.85
901.2 -65.35
901.6 -65.63
902.0 -65.1
902.4 -65.62
902.8 -65.52
903.2 -65.31
903.6 -65.84
904.0 -65.76
904.4 -65.69
904.8 -65.67
905.2 -65.48
905.6 -65.76
906.0 -66.57
906.4 -66.05
906.8 -64.88
907.2 -65.36
907.6 -65.39
908.0 -65.7
908.4 -66.38
908.8 -65.83
909.2 -66.02
909.6 -65.84
910.0 -65.45
910.4 -65.74
910.8 -65.95
911.2 -65.47
911.6 -65.31
912.0 -66.21
912.4 -65.79
912.8 -64.32
913.2 -65.01
913.6 -65.65
914.0 -66.15
914.4 -65.48
914.8 -65.44
915.2 -66.08
915.6 -66.07
916.0 -66.2
916.4 -65.11
916.8 -65.23
917.2 -65.86
917.6 -65.49
918.0 -65.73
918.4 -65.8
918.8 -66.53
919.2 -65.31
919.6 -65.82
920.0 -66.17
920.4 -65.86
920.8 -65.51
921.2 -66.48
921.6 -66.41
922.0 -65.68
922.4 -65.63
922.8 -66.0
923.2 -66.25
923.6 -66.11
924.0 -66.46
924.4 -65.84
924.8 -65.71
925.2 -66.07
925.6 -66.09
926.0 -66.19
926.4 -66.94
926.8 -66.31
927.2 -65.76
927.6 -65.58
928.0 -66.34
928.4 -65.9
928.8 -65.97
929.2 -66.13
929.6 -66.43
930.0 -66.07
930.4 -65.77
930.8 -66.13
931.2 -66.25
931.6 -65.81
932.0 -65.66
932.4 -66.3
932.8 -66.17
933.2 -65.55
933.6 -65.59
934.0 -65.65
934.4 -66.4
934.8 -65.98
935.2 -66.56
935.6 -66.28
936.0 -66.16
936.4 -67.18
936.8 -66.44
937.2 -65.45
937.6 -66.59
938.0 -66.31
938.4 -67.32
938.8 -65.77
939.2 -66.33
939.6 -66.77
940.0 -66.32
940.4 -66.87
940.8 -66.26
941.2 -66.0
941.6 -66.0
942.0 -66.63
942.4 -66.84
942.8 -66.68
943.2 -66.03
943.6 -66.96
944.0 -66.36
944.4 -66.61
944.8 -66.0
945.2 -66.57
945.6 -66.75
946.0 -66.95
946.4 -66.85
946.8 -66.73
947.2 -66.53
947.6 -66.64
948.0 -66.82
948.4 -66.58
948.8 -67.19
949.2 -67.17
949.6 -66.74
950.0 -66.04
950.4 -66.83
950.8 -66.47
951.2 -66.29
951.6 -66.37
952.0 -66.73
952.4 -66.75
952.8 -66.53
953.2 -66.39
953.6 -66.9
954.0 -66.93
954.4 -66.97
954.8 -67.17
955.2 -66.52
955.6 -67.05
956.0 -66.83
956.4 -67.14
956.8 -67.44
957.2 -66.89
957.6 -67.88
958.0 -66.87
958.4 -67.12
958.8 -66.76
959.2 -67.03
959.6 -67.39
960.0 -66.76
960.4 -67.3
960.8 -66.91
961.2 -66.88
961.6 -66.61
962.0 -67.14
962.4 -66.73
962.8 -66.32
963.2 -66.96
963.6 -66.89
964.0 -66.57
964.4 -66.71
964.8 -67.14
965.2 -66.55
965.6 -66.94
966.0 -66.44
966.4 -66.87
966.8 -67.26
967.2 -66.75
967.6 -66.94
968.0 -67.11
968.4 -66.6
968.8 -67.06
969.2 -66.83
969.6 -66.82
970.0 -66.69
970.4 -66.96
970.8 -67.26
971.2 -67.35
971.6 -66.56
972.0 -66.58
972.4 -67.12
972.8 -66.44
973.2 -66.83
973.6 -66.49
974.0 -66.83
974.4 -67.22
974.8 -67.64
975.2 -66.84
975.6 -67.39
976.0 -66.83
976.4 -67.32
976.8 -67.03
977.2 -66.58
977.6 -66.69
978.0 -67.4
978.4 -66.75
978.8 -67.12
979.2 -66.84
979.6 -66.97
980.0 -67.15
980.4 -67.17
980.8 -67.42
981.2 -66.92
981.6 -68.05
982.0 -67.03
982.4 -67.25
982.8 -66.92
983.2 -67.49
983.6 -67.29
984.0 -67.4
984.4 -66.86
984.8 -66.9
985.2 -66.58
985.6 -66.38
986.0 -66.74
986.4 -66.43
986.8 -66.44
987.2 -66.69
987.6 -67.0
988.0 -66.39
988.4 -66.58
988.8 -66.19
989.2 -66.11
989.6 -66.75
990.0 -66.37
990.4 -66.16
990.8 -65.74
991.2 -66.26
991.6 -66.58
992.0 -66.57
992.4 -66.04
992.8 -66.16
993.2 -66.03
993.6 -65.87
994.0 -65.97
994.4 -65.56
994.8 -66.04
995.2 -65.61
995.6 -65.6
996.0 -65.83
996.4 -65.87
996.8 -66.13
997.2 -65.96
997.6 -66.25
998.0 -65.99
998.4 -66.11
998.8 -65.96
999.2 -65.87
999.6 -65.89
1000.0 -65.52
