600.0 -69.99
600.4 -69.53
600.8 -72.42
601.2 -73.41
601.6 -210.0
602.0 -210.0
602.4 -210.0
602.8 -68.87
603.2 -210.0
603.6 -81.36
604.0 -210.0
604.4 -210.0
604.8 -210.0
605.2 -210.0
605.6 -73.7
606.0 -74.53
606.4 -210.0
606.8 -76.12
607.2 -210.0
607.6 -210.0
608.0 -74.66
608.4 -210.0
608.8 -210.0
609.2 -76.94
609.6 -74.34
610.0 -210.0
610.4 -69.12
610.8 -210.0
611.2 -72.06
611.6 -72.83
612.0 -210.0
612.4 -78.9
612.8 -210.0
613.2 -210.0
613.6 -72.21
614.0 -71.59
614.4 -210.0
614.8 -210.0
615.2 -85.09
615.6 -85.11
616.0 -210.0
616.4 -70.68
616.8 -74.38
617.2 -72.2
617.6 -71.42
618.0 -210.0
618.4 -74.86
618.8 -72.07
619.2 -72.32
619.6 -210.0
620.0 -75.82
620.4 -70.08
620.8 -210.0
621.2 -72.44
621.6 -210.0
622.0 -210.0
622.4 -210.0
622.8 -210.0
623.2 -210.0
623.6 -74.13
624.0 -74.15
624.4 -210.0
624.8 -210.0
625.2 -210.0
625.6 -76.68
626.0 -210.0
626.4 -85.77
626.8 -210.0
627.2 -210.0
627.6 -77.39
628.0 -75.45
628.4 -73.59
628.8 -210.0
629.2 -210.0
629.6 -72.35
630.0 -76.96
630.4 -73.02
630.8 -72.44
631.2 -74.62
631.6 -70.2
632.0 -74.38
632.4 -210.0
632.8 -75.41
633.2 -210.0
633.6 -78.47
634.0 -83.28
634.4 -74.27
634.8 -71.87
635.2 -74.61
635.6 -71.35
636.0 -75.3
636.4 -78.68
636.8 -210.0
637.2 -78.74
637.6 -73.13
638.0 -78.13
638.4 -81.84
638.8 -74.6
639.2 -71.9
639.6 -72.39
640.0 -81.96
640.4 -74.22
640.8 -71.25
641.2 -72.87
641.6 -76.47
642.0 -210.0
642.4 -76.16
642.8 -82.22
643.2 -210.0
643.6 -82.29
644.0 -71.41
644.4 -78.68
644.8 -210.0
645.2 -75.44
645.6 -75.48
646.0 -210.0
646.4 -72.84
646.8 -73.38
647.2 -74.6
647.6 -87.43
648.0 -72.14
648.4 -74.71
648.8 -76.74
649.2 -72.25
649.6 -210.0
650.0 -74.19
650.4 -74.83
650.8 -77.62
651.2 -72.85
651.6 -73.15
652.0 -70.81
652.4 -73.01
652.8 -73.49
653.2 -74.63
653.6 -70.24
654.0 -79.19
654.4 -210.0
654.8 -75.1
655.2 -75.61
655.6 -71.32
656.0 -72.35
656.4 -74.05
656.8 -71.43
657.2 -74.06
657.6 -76.54
658.0 -73.05
658.4 -72.36
658.8 -74.07
659.2 -74.46
659.6 -75.64
660.0 -78.66
660.4 -76.9
660.8 -72.25
661.2 -71.46
661.6 -71.78
662.0 -78.66
662.4 -73.72
662.8 -77.28
663.2 -72.13
663.6 -78.66
664.0 -71.57
664.4 -73.89
664.8 -84.69
665.2 -210.0
665.6 -71.07
666.0 -74.91
666.4 -210.0
666.8 -70.97
667.2 -72.64
667.6 -71.36
668.0 -72.78
668.4 -72.13
668.8 -75.39
669.2 -74.69
669.6 -71.9
670.0 -72.77
670.4 -70.87
670.8 -78.13
671.2 -71.34
671.6 -74.89
672.0 -72.75
672.4 -77.25
672.8 -72.21
673.2 -72.6
673.6 -73.85
674.0 -75.34
674.4 -70.49
674.8 -73.66
675.2 -71.01
675.6 -75.87
676.0 -70.3
676.4 -74.01
676.8 -74.0
677.2 -74.61
677.6 -76.15
678.0 -71.07
678.4 -73.63
678.8 -73.79
679.2 -73.45
679.6 -78.56
680.0 -73.78
680.4 -75.54
680.8 -71.55
681.2 -73.1
681.6 -74.14
682.0 -70.15
682.4 -71.43
682.8 -71.11
683.2 -79.76
683.6 -71.51
684.0 -80.55
684.4 -70.45
684.8 -70.04
685.2 -71.72
685.6 -71.83
686.0 -72.19
686.4 -76.71
686.8 -70.96
687.2 -74.49
687.6 -73.01
688.0 -71.25
688.4 -74.92
688.8 -70.23
689.2 -73.85
689.6 -74.68
690.0 -72.27
690.4 -70.82
690.8 -70.91
691.2 -74.43
691.6 -70.53
692.0 -71.51
692.4 -69.63
692.8 -72.36
693.2 -69.62
693.6 -72.49
694.0 -71.95
694.4 -77.84
694.8 -79.6
695.2 -210.0
695.6 -70.3
696.0 -70.83
696.4 -70.63
696.8 -75.59
697.2 -70.02
697.6 -76.93
698.0 -72.28
698.4 -72.01
698.8 -72.85
699.2 -71.52
699.6 -71.29
700.0 -75.0
700.4 -71.85
700.8 -70.05
701.2 -72.81
701.6 -77.74
702.0 -69.95
702.4 -71.24
702.8 -71.14
703.2 -73.45
703.6 -71.69
704.0 -71.22
704.4 -72.76
704.8 -71.79
705.2 -74.22
705.6 -70.41
706.0 -72.3
706.4 -71.18
706.8 -74.42
707.2 -71.07
707.6 -72.72
708.0 -70.85
708.4 -70.19
708.8 -70.74
709.2 -75.7
709.6 -71.85
710.0 -73.35
710.4 -71.13
710.8 -73.34
711.2 -70.33
711.6 -71.01
712.0 -71.34
712.4 -70.51
712.8 -77.13
713.2 -69.88
713.6 -74.56
714.0 -70.39
714.4 -71.54
714.8 -69.95
715.2 -68.23
715.6 -74.79
716.0 -71.3
716.4 -70.65
716.8 -73.47
717.2 -70.0
717.6 -74.07
718.0 -71.62
718.4 -70.63
718.8 -69.98
719.2 -76.64
719.6 -72.58
720.0 -70.61
720.4 -70.51
720.8 -75.9
721.2 -71.24
721.6 -74.99
722.0 -72.11
722.4 -71.71
722.8 -71.83
723.2 -71.7
723.6 -70.29
724.0 -74.0
724.4 -72.23
724.8 -71.31
725.2 -70.56
725.6 -70.01
726.0 -69.66
726.4 -74.2
726.8 -70.74
727.2 -68.98
727.6 -71.41
728.0 -68.9
728.4 -73.96
728.8 -71.16
729.2 -72.48
729.6 -74.17
730.0 -69.02
730.4 -75.48
730.8 -70.21
731.2 -69.01
731.6 -73.71
732.0 -71.87
732.4 -69.6
732.8 -70.39
733.2 -68.34
733.6 -71.6
734.0 -72.14
734.4 -83.9
734.8 -70.47
735.2 -71.46
735.6 -73.28
736.0 -72.12
736.4 -70.97
736.8 -70.07
737.2 -69.48
737.6 -74.32
738.0 -73.26
738.4 -71.96
738.8 -72.09
739.2 -69.01
739.6 -74.82
740.0 -72.54
740.4 -69.78
740.8 -69.78
741.2 -68.92
741.6 -70.03
742.0 -70.61
742.4 -70.82
742.8 -71.39
743.2 -67.49
743.6 -74.53
744.0 -72.85
744.4 -72.2
744.8 -74.27
745.2 -70.01
745.6 -71.76
746.0 -70.69
746.4 -70.69
746.8 -70.28
747.2 -71.89
747.6 -68.88
748.0 -71.24
748.4 -72.17
748.8 -68.87
749.2 -77.25
749.6 -69.72
750.0 -69.71
750.4 -68.59
750.8 -70.24
751.2 -71.21
751.6 -69.06
752.0 -67.72
752.4 -70.73
752.8 -69.93
753.2 -70.72
753.6 -73.95
754.0 -69.83
754.4 -70.7
754.8 -69.09
755.2 -70.48
755.6 -75.25
756.0 -71.93
756.4 -71.52
756.8 -70.26
757.2 -69.54
757.6 -69.87
758.0 -71.37
758.4 -69.77
758.8 -71.36
759.2 -73.05
759.6 -70.64
760.0 -69.41
760.4 -69.41
760.8 -70.31
761.2 -70.31
761.6 -70.31
762.0 -71.58
762.4 -68.71
762.8 -69.9
763.2 -69.38
763.6 -210.0
764.0 -70.28
764.4 -71.05
764.8 -73.82
765.2 -69.2
765.6 -70.07
766.0 -70.68
766.4 -69.35
766.8 -72.11
767.2 -70.35
767.6 -69.34
768.0 -68.51
768.4 -71.13
768.8 -72.76
769.2 -70.44
769.6 -71.94
770.0 -74.25
770.4 -69.15
770.8 -70.12
771.2 -69.0
771.6 -70.87
772.0 -71.92
772.4 -69.06
772.8 -70.98
773.2 -66.96
773.6 -71.49
774.0 -69.13
774.4 -72.56
774.8 -68.75
775.2 -70.3
775.6 -73.98
776.0 -68.6
776.4 -68.33
776.8 -70.19
777.2 -69.99
777.6 -70.96
778.0 -71.74
778.4 -71.46
778.8 -70.6
779.2 -68.25
779.6 -68.39
780.0 -69.78
780.4 -68.44
780.8 -73.5
781.2 -70.82
781.6 -68.3
782.0 -71.05
782.4 -68.71
782.8 -69.77
783.2 -70.69
783.6 -68.49
784.0 -70.8
784.4 -67.51
784.8 -70.45
785.2 -71.42
785.6 -72.0
786.0 -70.35
786.4 -69.39
786.8 -70.44
787.2 -68.47
787.6 -68.47
788.0 -67.22
788.4 -68.82
788.8 -71.4
789.2 -72.65
789.6 -69.05
790.0 -69.12
790.4 -69.91
790.8 -72.83
791.2 -73.88
791.6 -67.92
792.0 -73.65
792.4 -70.75
792.8 -71.24
793.2 -68.16
793.6 -70.98
794.0 -69.51
794.4 -73.63
794.8 -76.42
795.2 -71.36
795.6 -69.78
796.0 -70.07
796.4 -68.34
796.8 -71.49
797.2 -67.88
797.6 -67.94
798.0 -69.77
798.4 -71.61
798.8 -69.23
799.2 -70.82
799.6 -68.26
800.0 -69.22
800.4 -68.18
800.8 -68.45
801.2 -68.46
801.6 -69.23
802.0 -68.19
802.4 -68.9
802.8 -68.91
803.2 -67.64
803.6 -68.76
804.0 -69.42
804.4 -68.41
804.8 -75.61
805.2 -68.14
805.6 -68.22
806.0 -66.64
806.4 -64.51
806.8 -61.02
807.2 -57.12
807.6 -53.22
808.0 -51.69
808.4 -52.86
808.8 -53.45
809.2 -56.89
809.6 -64.16
810.0 -66.36
810.4 -68.82
810.8 -67.33
811.2 -69.14
811.6 -69.75
812.0 -68.42
812.4 -69.33
812.8 -69.68
813.2 -68.18
813.6 -71.6
814.0 -72.71
814.4 -69.45
814.8 -69.29
815.2 -67.67
815.6 -69.64
816.0 -70.87
816.4 -69.41
816.8 -68.57
817.2 -70.24
817.6 -68.8
818.0 -72.97
818.4 -69.87
818.8 -70.17
819.2 -70.82
819.6 -72.64
820.0 -69.23
820.4 -69.4
820.8 -69.34
821.2 -67.64
821.6 -68.37
822.0 -68.92
822.4 -68.46
822.8 -68.28
823.2 -68.06
823.6 -68.84
824.0 -66.53
824.4 -71.23
824.8 -69.03
825.2 -68.7
825.6 -67.81
826.0 -70.42
826.4 -67.84
826.8 -68.26
827.2 -68.58
827.6 -68.47
828.0 -68.07
828.4 -68.96
828.8 -67.67
829.2 -68.06
829.6 -69.44
830.0 -69.32
830.4 -69.5
830.8 -68.82
831.2 -68.85
831.6 -70.15
832.0 -68.53
832.4 -67.8
832.8 -68.09
833.2 -68.99
833.6 -69.96
834.0 -69.19
834.4 -70.53
834.8 -67.29
835.2 -69.02
835.6 -67.8
836.0 -68.22
836.4 -67.86
836.8 -68.12
837.2 -69.22
837.6 -69.0
838.0 -68.52
838.4 -67.86
838.8 -67.84
839.2 -67.83
839.6 -68.23
840.0 -69.54
840.4 -70.03
840.8 -68.65
841.2 -67.52
841.6 -69.16
842.0 -68.15
842.4 -68.8
842.8 -67.64
843.2 -68.23
843.6 -67.77
844.0 -67.43
844.4 -67.27
844.8 -68.27
845.2 -67.46
845.6 -67.46
846.0 -69.33
846.4 -68.08
846.8 -67.11
847.2 -68.9
847.6 -66.95
848.0 -67.58
848.4 -68.62
848.8 -68.07
849.2 -67.62
849.6 -67.06
850.0 -66.8
850.4 -68.01
850.8 -67.92
851.2 -69.62
851.6 -66.89
852.0 -67.69
852.4 -67.43
852.8 -67.07
853.2 -67.22
853.6 -67.94
854.0 -67.54
854.4 -67.29
854.8 -68.8
855.2 -66.95
855.6 -66.79
856.0 -67.57
856.4 -67.49
856.8 -67.36
857.2 -66.85
857.6 -67.19
858.0 -66.51
858.4 -67.72
858.8 -68.09
859.2 -66.63
859.6 -66.67
860.0 -67.02
860.4 -68.23
860.8 -66.72
861.2 -67.01
861.6 -67.04
862.0 -67.83
862.4 -68.47
862.8 -65.81
863.2 -67.55
863.6 -67.54
864.0 -67.13
864.4 -67.62
864.8 -66.24
865.2 -66.85
865.6 -67.27
866.0 -66.77
866.4 -66.95
866.8 -66.8
867.2 -67.46
867.6 -67.55
868.0 -66.74
868.4 -66.97
868.8 -67.31
869.2 -66.19
869.6 -66.99
870.0 -65.99
870.4 -67.38
870.8 -67.82
871.2 -66.49
871.6 -66.88
872.0 -67.19
872.4 -67.56
872.8 -67.02
873.2 -66.26
873.6 -66.85
874.0 -66.81
874.4 -66.44
874.8 -66.54
875.2 -66.94
875.6 -66.39
876.0 -66.41
876.4 -66.11
876.8 -66.61
877.2 -66.19
877.6 -66.75
878.0 -66.82
878.4 -66.82
878.8 -67.08
879.2 -67.03
879.6 -65.97
880.0 -66.82
880.4 -66.49
880.8 -66.53
881.2 -66.28
881.6 -66.15
882.0 -65.89
882.4 -66.59
882.8 -67.48
883.2 -66.59
883.6 -67.3
884.0 -66.17
884.4 -66.41
884.8 -67.56
885.2 -66.33
885.6 -66.77
886.0 -67.38
886.4 -66.84
886.8 -65.29
887.2 -65.9
887.6 -66.39
888.0 -66.02
888.4 -67.46
888.8 -66.95
889.2 -66.83
889.6 -65.8
890.0 -66.18
890.4 -66.24
890.8 -67.93
891.2 -66.76
891.6 -66.25
892.0 -66.96
892.4 -66.77
892.8 -67.3
893.2 -67.48
893.6 -66.78
894.0 -66.08
894.4 -66.18
894.8 -66.54
895.2 -66.29
895.6 -66.72
896.0 -65.88
896.4 -66.73
896.8 -66.85
897.2 -67.17
897.6 -66.56
898.0 -66.26
898.4 -66.64
898.8 -66.65
899.2 -65.85
899.6 -66.58
900.0 -66.24
900.4 -66.49
900.8 -67.18
901.2 -65.89
901.6 -67.11
902.0 -66.81
902.4 -65.88
902.8 -65.98
903.2 -66.99
903.6 -66.09
904.0 -67.86
904.4 -66.97
904.8 -66.58
905.2 -67.27
905.6 -66.84
906.0 -67.62
906.4 -67.29
906.8 -67.47
907.2 -66.7
907.6 -65.92
908.0 -65.93
908.4 -66.62
908.8 -66.2
909.2 -66.81
909.6 -66.6
910.0 -67.09
910.4 -66.96
910.8 -66.69
911.2 -66.64
911.6 -66.23
912.0 -67.1
912.4 -66.72
912.8 -65.73
913.2 -65.63
913.6 -66.31
914.0 -65.98
914.4 -66.87
914.8 -66.62
915.2 -66.95
915.6 -65.95
916.0 -66.14
916.4 -66.82
916.8 -68.17
917.2 -67.36
917.6 -66.1
918.0 -66.31
918.4 -66.97
918.8 -66.21
919.2 -66.87
919.6 -66.75
920.0 -66.68
920.4 -66.76
920.8 -66.98
921.2 -67.49
921.6 -67.15
922.0 -67.06
922.4 -66.66
922.8 -67.04
923.2 -66.82
923.6 -66.62
924.0 -67.12
924.4 -66.4
924.8 -67.77
925.2 -67.82
925.6 -66.53
926.0 -67.56
926.4 -67.37
926.8 -67.05
927.2 -67.23
927.6 -68.01
928.0 -67.23
928.4 -68.34
928.8 -66.6
929.2 -66.99
929.6 -67.65
930.0 -67.67
930.4 -66.84
930.8 -67.11
931.2 -67.25
931.6 -68.45
932.0 -68.11
932.4 -67.55
932.8 -67.44
933.2 -67.3
933.6 -68.64
934.0 -67.57
934.4 -67.11
934.8 -68.49
935.2 -69.37
935.6 -68.79
936.0 -68.43
936.4 -67.96
936.8 -68.47
937.2 -67.48
937.6 -68.68
938.0 -68.35
938.4 -68.72
938.8 -67.85
939.2 -68.98
939.6 -67.82
940.0 -67.98
940.4 -68.48
940.8 -67.83
941.2 -67.25
941.6 -67.35
942.0 -67.71
942.4 -68.16
942.8 -68.62
943.2 -68.01
943.6 -68.2
944.0 -68.12
944.4 -68.91
944.8 -67.54
945.2 -68.13
945.6 -68.25
946.0 -68.3
946.4 -69.32
946.8 -69.21
947.2 -69.24
947.6 -68.05
948.0 -68.16
948.4 -68.77
948.8 -67.87
949.2 -68.5
949.6 -68.1
950.0 -68.72
950.4 -68.5
950.8 -68.45
951.2 -68.25
951.6 -67.93
952.0 -68.19
952.4 -68.8
952.8 -68.36
953.2 -68.28
953.6 -68.37
954.0 -69.26
954.4 -68.71
954.8 -68.9
955.2 -68.27
955.6 -68.73
956.0 -68.43
956.4 -68.98
956.8 -68.41
957.2 -68.78
957.6 -68.02
958.0 -68.56
958.4 -68.77
958.8 -69.65
959.2 -68.72
959.6 -68.68
960.0 -68.95
960.4 -69.1
960.8 -68.34
961.2 -68.89
961.6 -68.76
962.0 -69.33
962.4 -68.72
962.8 -68.13
963.2 -68.34
963.6 -68.13
964.0 -67.86
964.4 -69.35
964.8 -68.07
965.2 -68.09
965.6 -68.2
966.0 -67.54
966.4 -68.62
966.8 -67.99
967.2 -68.24
967.6 -68.45
968.0 -68.63
968.4 -68.16
968.8 -68.24
969.2 -68.06
969.6 -68.43
970.0 -67.87
970.4 -68.36
970.8 -68.65
971.2 -68.95
971.6 -68.0
972.0 -68.15
972.4 -68.11
972.8 -68.73
973.2 -68.6
973.6 -68.57
974.0 -68.17
974.4 -68.49
974.8 -67.98
975.2 -68.71
975.6 -68.33
976.0 -68.66
976.4 -68.68
976.8 -68.5
977.2 -68.37
977.6 -67.6
978.0 -68.96
978.4 -68.34
978.8 -69.05
979.2 -68.84
979.6 -69.63
980.0 -69.41
980.4 -69.62
980.8 -68.76
981.2 -68.82
981.6 -68.83
982.0 -68.73
982.4 -68.34
982.8 -68.69
983.2 -68.5
983.6 -68.73
984.0 -68.67
984.4 -68.68
984.8 -68.34
985.2 -69.24
985.6 -68.64
986.0 -67.83
986.4 -67.93
986.8 -68.33
987.2 -67.74
987.6 -68.49
988.0 -68.4
988.4 -68.09
988.8 -67.98
989.2 -68.52
989.6 -67.65
990.0 -68.52
990.4 -68.44
990.8 -67.54
991.2 -67.72
991.6 -68.59
992.0 -67.68
992.4 -67.79
992.8 -67.71
993.2 -67.32
993.6 -67.64
994.0 -67.38
994.4 -67.23
994.8 -67.43
995.2 -67.32
995.6 -67.41
996.0 -67.13
996.4 -68.15
996.8 -67.33
997.2 -67.5
997.6 -67.2
998.0 -67.43
998.4 -67.69
998.8 -67.81
999.2 -67.74
999.6 -67.48
1000.0 -67.8
