600.0 -210.0
600.4 -78.13
600.8 -77.2
601.2 -75.17
601.6 -81.23
602.0 -210.0
602.4 -210.0
602.8 -69.84
603.2 -71.33
603.6 -210.0
604.0 -72.63
604.4 -78.39
604.8 -210.0
605.2 -69.84
605.6 -78.47
606.0 -73.06
606.4 -210.0
606.8 -210.0
607.2 -210.0
607.6 -210.0
608.0 -210.0
608.4 -210.0
608.8 -210.0
609.2 -81.72
609.6 -210.0
610.0 -74.78
610.4 -72.76
610.8 -210.0
611.2 -210.0
611.6 -73.11
612.0 -210.0
612.4 -210.0
612.8 -210.0
613.2 -70.49
613.6 -77.21
614.0 -75.02
614.4 -210.0
614.8 -73.93
615.2 -73.32
615.6 -72.55
616.0 -76.1
616.4 -73.69
616.8 -74.76
617.2 -210.0
617.6 -76.77
618.0 -70.63
618.4 -210.0
618.8 -70.11
619.2 -210.0
619.6 -73.3
620.0 -210.0
620.4 -72.39
620.8 -73.11
621.2 -73.68
621.6 -210.0
622.0 -210.0
622.4 -210.0
622.8 -71.07
623.2 -69.54
623.6 -210.0
624.0 -210.0
624.4 -70.33
624.8 -70.89
625.2 -74.9
625.6 -72.71
626.0 -72.52
626.4 -70.71
626.8 -85.8
627.2 -210.0
627.6 -71.53
628.0 -71.55
628.4 -70.58
628.8 -72.91
629.2 -78.95
629.6 -73.66
630.0 -71.68
630.4 -76.99
630.8 -75.26
631.2 -210.0
631.6 -71.97
632.0 -71.52
632.4 -69.64
632.8 -71.89
633.2 -72.26
633.6 -79.27
634.0 -70.84
634.4 -72.51
634.8 -74.58
635.2 -71.6
635.6 -75.99
636.0 -210.0
636.4 -210.0
636.8 -74.45
637.2 -72.55
637.6 -69.4
638.0 -72.44
638.4 -78.83
638.8 -74.6
639.2 -70.34
639.6 -72.39
640.0 -71.17
640.4 -72.0
640.8 -70.28
641.2 -69.69
641.6 -73.08
642.0 -71.86
642.4 -70.23
642.8 -70.56
643.2 -70.59
643.6 -70.16
644.0 -72.32
644.4 -69.89
644.8 -70.55
645.2 -70.77
645.6 -72.19
646.0 -70.37
646.4 -70.78
646.8 -69.29
647.2 -72.47
647.6 -67.98
648.0 -72.4
648.4 -68.57
648.8 -68.34
649.2 -72.12
649.6 -70.12
650.0 -71.18
650.4 -69.55
650.8 -68.98
651.2 -68.28
651.6 -69.43
652.0 -69.36
652.4 -71.4
652.8 -72.19
653.2 -68.88
653.6 -69.72
654.0 -70.01
654.4 -69.26
654.8 -70.25
655.2 -68.96
655.6 -68.52
656.0 -69.09
656.4 -68.91
656.8 -70.68
657.2 -70.35
657.6 -68.28
658.0 -69.75
658.4 -69.35
658.8 -69.9
659.2 -69.49
659.6 -67.82
660.0 -71.16
660.4 -69.63
660.8 -72.38
661.2 -69.5
661.6 -68.35
662.0 -68.2
662.4 -70.21
662.8 -69.31
663.2 -69.57
663.6 -69.5
664.0 -68.4
664.4 -68.4
664.8 -69.91
665.2 -67.53
665.6 -67.87
666.0 -68.45
666.4 -68.06
666.8 -68.72
667.2 -70.45
667.6 -67.13
668.0 -67.78
668.4 -68.35
668.8 -69.7
669.2 -68.66
669.6 -70.54
670.0 -68.24
670.4 -69.36
670.8 -68.09
671.2 -67.26
671.6 -67.9
672.0 -68.08
672.4 -67.25
672.8 -68.73
673.2 -67.74
673.6 -69.08
674.0 -67.35
674.4 -69.32
674.8 -68.5
675.2 -68.94
675.6 -69.06
676.0 -68.59
676.4 -68.65
676.8 -67.7
677.2 -67.08
677.6 -68.27
678.0 -68.91
678.4 -69.48
678.8 -68.62
679.2 -66.52
679.6 -67.77
680.0 -67.42
680.4 -68.24
680.8 -67.84
681.2 -68.54
681.6 -67.44
682.0 -67.51
682.4 -67.3
682.8 -67.63
683.2 -68.41
683.6 -68.78
684.0 -68.56
684.4 -68.77
684.8 -66.73
685.2 -67.35
685.6 -66.98
686.0 -67.82
686.4 -68.37
686.8 -69.17
687.2 -68.05
687.6 -67.99
688.0 -68.19
688.4 -67.35
688.8 -66.91
689.2 -66.39
689.6 -67.97
690.0 -66.52
690.4 -68.0
690.8 -67.19
691.2 -67.99
691.6 -66.94
692.0 -67.93
692.4 -66.92
692.8 -66.96
693.2 -66.58
693.6 -68.21
694.0 -67.85
694.4 -67.47
694.8 -65.92
695.2 -67.6
695.6 -66.27
696.0 -67.41
696.4 -66.15
696.8 -66.35
697.2 -67.71
697.6 -66.93
698.0 -67.56
698.4 -67.55
698.8 -67.16
699.2 -66.71
699.6 -67.19
700.0 -66.74
700.4 -67.34
700.8 -68.21
701.2 -67.16
701.6 -66.05
702.0 -68.3
702.4 -67.18
702.8 -67.27
703.2 -66.15
703.6 -66.54
704.0 -66.75
704.4 -66.7
704.8 -66.9
705.2 -66.4
705.6 -66.93
706.0 -67.13
706.4 -66.64
706.8 -66.75
707.2 -66.12
707.6 -67.33
708.0 -66.77
708.4 -66.84
708.8 -66.38
709.2 -66.23
709.6 -66.34
710.0 -66.44
710.4 -65.76
710.8 -65.62
711.2 -67.06
711.6 -66.8
712.0 -66.38
712.4 -66.34
712.8 -68.2
713.2 -67.0
713.6 -67.25
714.0 -67.07
714.4 -66.98
714.8 -66.77
715.2 -66.72
715.6 -66.84
716.0 -66.41
716.4 -66.59
716.8 -66.37
717.2 -66.66
717.6 -66.47
718.0 -66.24
718.4 -65.86
718.8 -65.92
719.2 -65.66
719.6 -66.34
720.0 -66.22
720.4 -65.52
720.8 -66.32
721.2 -66.54
721.6 -65.76
722.0 -65.92
722.4 -66.38
722.8 -67.19
723.2 -65.91
723.6 -66.05
724.0 -66.51
724.4 -66.59
724.8 -65.57
725.2 -66.35
725.6 -66.2
726.0 -65.71
726.4 -65.68
726.8 -66.22
727.2 -67.63
727.6 -65.64
728.0 -66.17
728.4 -65.38
728.8 -65.34
729.2 -65.56
729.6 -66.09
730.0 -65.52
730.4 -66.82
730.8 -66.14
731.2 -65.73
731.6 -66.98
732.0 -65.79
732.4 -66.32
732.8 -66.06
733.2 -67.57
733.6 -65.42
734.0 -65.36
734.4 -67.04
734.8 -66.45
735.2 -65.03
735.6 -65.69
736.0 -66.4
736.4 -66.51
736.8 -65.21
737.2 -65.46
737.6 -65.6
738.0 -66.54
738.4 -66.19
738.8 -66.95
739.2 -66.45
739.6 -66.04
740.0 -66.03
740.4 -65.78
740.8 -65.15
741.2 -66.51
741.6 -65.57
742.0 -65.95
742.4 -65.38
742.8 -66.75
743.2 -65.8
743.6 -66.67
744.0 -66.03
744.4 -65.49
744.8 -65.96
745.2 -65.62
745.6 -65.54
746.0 -66.69
746.4 -66.06
746.8 -66.28
747.2 -66.55
747.6 -65.8
748.0 -65.84
748.4 -65.43
748.8 -65.33
749.2 -65.66
749.6 -66.84
750.0 -65.36
750.4 -65.02
750.8 -65.88
751.2 -65.47
751.6 -64.98
752.0 -65.48
752.4 -65.45
752.8 -65.47
753.2 -65.74
753.6 -65.53
754.0 -66.24
754.4 -65.62
754.8 -65.83
755.2 -65.51
755.6 -65.64
756.0 -65.0
756.4 -65.81
756.8 -65.49
757.2 -65.14
757.6 -64.98
758.0 -65.22
758.4 -66.11
758.8 -64.72
759.2 -65.53
759.6 -66.06
760.0 -65.26
760.4 -65.45
760.8 -65.68
761.2 -65.37
761.6 -65.85
762.0 -65.3
762.4 -64.41
762.8 -65.07
763.2 -65.32
763.6 -65.1
764.0 -64.74
764.4 -64.97
764.8 -65.33
765.2 -65.89
765.6 -64.82
766.0 -65.39
766.4 -65.36
766.8 -65.06
767.2 -65.69
767.6 -65.55
768.0 -65.18
768.4 -65.18
768.8 -65.23
769.2 -65.49
769.6 -64.78
770.0 -64.94
770.4 -65.73
770.8 -65.03
771.2 -65.16
771.6 -64.65
772.0 -65.34
772.4 -64.73
772.8 -65.47
773.2 -64.73
773.6 -64.37
774.0 -65.17
774.4 -64.36
774.8 -65.07
775.2 -64.77
775.6 -65.4
776.0 -64.57
776.4 -65.25
776.8 -65.66
777.2 -65.0
777.6 -64.32
778.0 -64.67
778.4 -65.44
778.8 -64.42
779.2 -64.42
779.6 -65.34
780.0 -65.82
780.4 -64.74
780.8 -65.14
781.2 -65.11
781.6 -64.85
782.0 -64.79
782.4 -65.19
782.8 -64.73
783.2 -65.35
783.6 -64.7
784.0 -64.1
784.4 -65.31
784.8 -65.34
785.2 -64.57
785.6 -64.12
786.0 -64.6
786.4 -64.62
786.8 -64.59
787.2 -65.23
787.6 -63.94
788.0 -66.01
788.4 -64.81
788.8 -65.18
789.2 -64.78
789.6 -64.47
790.0 -64.74
790.4 -65.05
790.8 -64.38
791.2 -64.85
791.6 -63.93
792.0 -64.5
792.4 -65.23
792.8 -65.25
793.2 -64.96
793.6 -64.75
794.0 -64.48
794.4 -63.86
794.8 -64.65
795.2 -64.24
795.6 -63.66
796.0 -64.2
796.4 -64.85
796.8 -64.94
797.2 -65.19
797.6 -64.93
798.0 -64.38
798.4 -64.24
798.8 -64.8
799.2 -64.32
799.6 -64.62
800.0 -63.95
800.4 -65.3
800.8 -63.97
801.2 -64.24
801.6 -64.51
802.0 -64.54
802.4 -65.11
802.8 -63.89
803.2 -64.35
803.6 -64.09
804.0 -63.98
804.4 -64.62
804.8 -64.36
805.2 -63.88
805.6 -63.61
806.0 -62.51
806.4 -60.63
806.8 -57.26
807.2 -53.68
807.6 -49.63
808.0 -48.27
808.4 -49.21
808.8 -49.75
809.2 -53.61
809.6 -60.64
810.0 -63.0
810.4 -63.3
810.8 -63.28
811.2 -64.06
811.6 -63.92
812.0 -63.98
812.4 -64.06
812.8 -64.07
813.2 -63.54
813.6 -64.04
814.0 -64.19
814.4 -63.14
814.8 -64.28
815.2 -63.96
815.6 -63.97
816.0 -64.28
816.4 -63.73
816.8 -64.26
817.2 -64.3
817.6 -63.64
818.0 -64.08
818.4 -63.76
818.8 -64.9
819.2 -64.85
819.6 -64.16
820.0 -64.57
820.4 -64.63
820.8 -63.95
821.2 -63.87
821.6 -63.73
822.0 -63.4
822.4 -64.45
822.8 -64.28
823.2 -64.48
823.6 -63.78
824.0 -63.86
824.4 -63.55
824.8 -64.46
825.2 -64.57
825.6 -63.84
826.0 -64.55
826.4 -63.89
826.8 -64.44
827.2 -63.14
827.6 -63.38
828.0 -63.9
828.4 -63.43
828.8 -64.09
829.2 -62.87
829.6 -63.4
830.0 -63.82
830.4 -63.87
830.8 -63.9
831.2 -64.19
831.6 -63.63
832.0 -63.53
832.4 -63.99
832.8 -63.59
833.2 -63.31
833.6 -62.97
834.0 -63.64
834.4 -63.25
834.8 -63.72
835.2 -63.26
835.6 -63.01
836.0 -63.17
836.4 -63.07
836.8 -63.3
837.2 -63.1
837.6 -63.15
838.0 -62.91
838.4 -63.35
838.8 -63.5
839.2 -63.29
839.6 -63.07
840.0 -63.13
840.4 -63.42
840.8 -63.39
841.2 -62.77
841.6 -62.88
842.0 -62.82
842.4 -62.95
842.8 -63.16
843.2 -63.24
843.6 -63.21
844.0 -62.7
844.4 -63.13
844.8 -62.89
845.2 -62.57
845.6 -63.27
846.0 -63.2
846.4 -63.26
846.8 -62.77
847.2 -62.85
847.6 -63.17
848.0 -62.75
848.4 -62.91
848.8 -62.99
849.2 -62.47
849.6 -62.56
850.0 -62.7
850.4 -62.82
850.8 -62.64
851.2 -62.17
851.6 -63.02
852.0 -63.02
852.4 -62.57
852.8 -62.72
853.2 -62.53
853.6 -62.72
854.0 -62.84
854.4 -62.39
854.8 -62.64
855.2 -62.47
855.6 -62.86
856.0 -62.14
856.4 -62.87
856.8 -62.04
857.2 -62.49
857.6 -62.36
858.0 -62.43
858.4 -62.37
858.8 -62.42
859.2 -62.4
859.6 -62.75
860.0 -62.44
860.4 -62.3
860.8 -62.48
861.2 -62.24
861.6 -62.38
862.0 -62.47
862.4 -62.38
862.8 -61.96
863.2 -62.8
863.6 -62.35
864.0 -62.39
864.4 -62.06
864.8 -62.39
865.2 -62.45
865.6 -62.04
866.0 -61.69
866.4 -62.09
866.8 -62.4
867.2 -62.33
867.6 -61.97
868.0 -62.34
868.4 -62.13
868.8 -62.27
869.2 -62.19
869.6 -61.96
870.0 -61.99
870.4 -61.93
870.8 -62.19
871.2 -62.5
871.6 -62.09
872.0 -61.84
872.4 -62.2
872.8 -62.11
873.2 -61.94
873.6 -61.8
874.0 -62.24
874.4 -61.79
874.8 -61.66
875.2 -61.68
875.6 -61.95
876.0 -61.89
876.4 -62.0
876.8 -61.74
877.2 -61.82
877.6 -62.02
878.0 -61.47
878.4 -61.83
878.8 -61.51
879.2 -61.45
879.6 -61.8
880.0 -61.38
880.4 -61.91
880.8 -62.18
881.2 -61.5
881.6 -61.74
882.0 -61.41
882.4 -61.27
882.8 -61.5
883.2 -61.34
883.6 -61.31
884.0 -61.65
884.4 -61.64
884.8 -61.58
885.2 -61.38
885.6 -61.58
886.0 -61.21
886.4 -61.27
886.8 -61.81
887.2 -61.53
887.6 -61.34
888.0 -61.68
888.4 -61.22
888.8 -61.49
889.2 -61.24
889.6 -61.64
890.0 -61.61
890.4 -61.35
890.8 -61.45
891.2 -61.35
891.6 -61.33
892.0 -61.25
892.4 -61.47
892.8 -61.37
893.2 -61.3
893.6 -61.51
894.0 -61.42
894.4 -61.43
894.8 -61.12
895.2 -60.98
895.6 -61.25
896.0 -61.42
896.4 -61.39
896.8 -61.47
897.2 -61.17
897.6 -61.11
898.0 -60.89
898.4 -61.14
898.8 -61.31
899.2 -60.95
899.6 -60.99
900.0 -61.19
900.4 -61.2
900.8 -61.23
901.2 -60.98
901.6 -61.16
902.0 -60.79
902.4 -60.85
902.8 -60.86
903.2 -61.08
903.6 -60.88
904.0 -61.06
904.4 -60.97
904.8 -60.81
905.2 -61.03
905.6 -60.98
906.0 -61.09
906.4 -60.53
906.8 -60.65
907.2 -60.71
907.6 -60.73
908.0 -60.7
908.4 -60.55
908.8 -60.55
909.2 -60.6
909.6 -60.74
910.0 -60.58
910.4 -60.37
910.8 -60.61
911.2 -60.2
911.6 -60.39
912.0 -60.32
912.4 -60.24
912.8 -60.06
913.2 -60.03
913.6 -60.19
914.0 -60.42
914.4 -60.11
914.8 -60.05
915.2 -60.09
915.6 -60.2
916.0 -60.24
916.4 -60.0
916.8 -60.18
917.2 -60.1
917.6 -60.33
918.0 -60.23
918.4 -59.85
918.8 -59.93
919.2 -60.19
919.6 -60.06
920.0 -59.84
920.4 -59.87
920.8 -59.89
921.2 -59.83
921.6 -60.0
922.0 -59.76
922.4 -59.67
922.8 -59.63
923.2 -59.83
923.6 -59.87
924.0 -59.71
924.4 -59.77
924.8 -59.67
925.2 -59.52
925.6 -59.4
926.0 -59.64
926.4 -59.39
926.8 -59.41
927.2 -59.39
927.6 -59.54
928.0 -59.24
928.4 -59.23
928.8 -59.32
929.2 -59.23
929.6 -59.24
930.0 -59.01
930.4 -59.15
930.8 -59.36
931.2 -59.23
931.6 -59.28
932.0 -59.06
932.4 -59.08
932.8 -59.16
933.2 -59.07
933.6 -59.03
934.0 -59.15
934.4 -59.05
934.8 -58.99
935.2 -59.02
935.6 -58.99
936.0 -58.98
936.4 -58.9
936.8 -58.92
937.2 -59.04
937.6 -58.78
938.0 -58.89
938.4 -58.86
938.8 -58.74
939.2 -58.75
939.6 -58.83
940.0 -58.65
940.4 -58.96
940.8 -58.76
941.2 -58.83
941.6 -58.75
942.0 -58.57
942.4 -58.85
942.8 -58.71
943.2 -58.77
943.6 -58.75
944.0 -58.59
944.4 -58.62
944.8 -58.54
945.2 -58.72
945.6 -58.6
946.0 -58.53
946.4 -58.53
946.8 -58.55
947.2 -58.51
947.6 -58.48
948.0 -58.46
948.4 -58.5
948.8 -58.4
949.2 -58.39
949.6 -58.31
950.0 -58.38
950.4 -58.14
950.8 -57.95
951.2 -58.25
951.6 -58.32
952.0 -58.43
952.4 -58.2
952.8 -58.2
953.2 -58.21
953.6 -58.01
954.0 -58.22
954.4 -58.22
954.8 -58.15
955.2 -58.23
955.6 -58.11
956.0 -58.1
956.4 -58.17
956.8 -58.1
957.2 -58.17
957.6 -58.15
958.0 -57.92
958.4 -58.01
958.8 -58.15
959.2 -58.04
959.6 -57.92
960.0 -58.08
960.4 -57.94
960.8 -58.04
961.2 -57.86
961.6 -57.96
962.0 -57.83
962.4 -57.7
962.8 -57.75
963.2 -57.8
963.6 -57.58
964.0 -57.59
964.4 -57.56
964.8 -57.56
965.2 -57.7
965.6 -57.46
966.0 -57.44
966.4 -57.55
966.8 -57.7
967.2 -57.54
967.6 -57.61
968.0 -57.59
968.4 -57.51
968.8 -57.53
969.2 -57.53
969.6 -57.47
970.0 -57.54
970.4 -57.46
970.8 -57.52
971.2 -57.54
971.6 -57.62
972.0 -57.61
972.4 -57.67
972.8 -57.46
973.2 -57.57
973.6 -57.56
974.0 -57.69
974.4 -57.64
974.8 -57.75
975.2 -57.72
975.6 -57.91
976.0 -57.87
976.4 -57.91
976.8 -57.9
977.2 -57.88
977.6 -57.85
978.0 -57.98
978.4 -57.9
978.8 -57.97
979.2 -57.99
979.6 -57.89
980.0 -57.85
980.4 -57.93
980.8 -57.9
981.2 -57.81
981.6 -57.86
982.0 -57.78
982.4 -57.73
982.8 -57.64
983.2 -57.66
983.6 -57.52
984.0 -57.44
984.4 -57.25
984.8 -57.4
985.2 -57.37
985.6 -57.37
986.0 -57.22
986.4 -57.29
986.8 -57.28
987.2 -57.13
987.6 -57.26
988.0 -57.11
988.4 -57.1
988.8 -57.02
989.2 -57.06
989.6 -57.04
990.0 -56.94
990.4 -56.94
990.8 -56.92
991.2 -56.91
991.6 -56.86
992.0 -56.91
992.4 -56.86
992.8 -56.81
993.2 -56.82
993.6 -56.92
994.0 -56.9
994.4 -56.77
994.8 -56.83
995.2 -56.95
995.6 -56.9
996.0 -56.89
996.4 -56.9
996.8 -56.95
997.2 -57.06
997.6 -56.97
998.0 -57.08
998.4 -57.08
998.8 -57.15
999.2 -57.02
999.6 -57.18
1000.0 -57.17
