600.0 -71.58
600.4 -75.12
600.8 -70.38
601.2 -72.16
601.6 -210.0
602.0 -69.49
602.4 -77.3
602.8 -78.29
603.2 -78.31
603.6 -210.0
604.0 -75.36
604.4 -74.87
604.8 -78.42
605.2 -210.0
605.6 -78.47
606.0 -210.0
606.4 -70.07
606.8 -210.0
607.2 -78.57
607.6 -71.84
608.0 -72.35
608.4 -210.0
608.8 -75.67
609.2 -73.93
609.6 -76.97
610.0 -76.32
610.4 -71.19
610.8 -77.84
611.2 -70.07
611.6 -77.89
612.0 -210.0
612.4 -74.93
612.8 -76.49
613.2 -210.0
613.6 -74.58
614.0 -71.4
614.4 -71.81
614.8 -80.29
615.2 -72.3
615.6 -72.32
616.0 -72.83
616.4 -67.75
616.8 -82.17
617.2 -70.89
617.6 -70.31
618.0 -68.18
618.4 -73.51
618.8 -74.5
619.2 -82.32
619.6 -71.37
620.0 -68.93
620.4 -69.6
620.8 -210.0
621.2 -75.45
621.6 -67.61
622.0 -74.36
622.4 -69.95
622.8 -72.54
623.2 -77.78
623.6 -70.03
624.0 -72.19
624.4 -210.0
624.8 -79.64
625.2 -72.47
625.6 -68.73
626.0 -72.74
626.4 -68.52
626.8 -72.37
627.2 -69.0
627.6 -73.54
628.0 -73.08
628.4 -71.92
628.8 -72.91
629.2 -70.25
629.6 -68.64
630.0 -70.08
630.4 -73.24
630.8 -68.2
631.2 -70.77
631.6 -70.55
632.0 -69.52
632.4 -69.84
632.8 -68.57
633.2 -78.45
633.6 -69.92
634.0 -68.96
634.4 -67.86
634.8 -71.03
635.2 -68.82
635.6 -68.7
636.0 -70.87
636.4 -69.56
636.8 -68.86
637.2 -68.82
637.6 -69.74
638.0 -72.97
638.4 -71.17
638.8 -70.02
639.2 -72.05
639.6 -69.98
640.0 -67.65
640.4 -69.79
640.8 -69.03
641.2 -68.46
641.6 -67.75
642.0 -68.59
642.4 -68.5
642.8 -69.0
643.2 -69.54
643.6 -67.87
644.0 -67.7
644.4 -69.5
644.8 -67.44
645.2 -67.21
645.6 -68.16
646.0 -68.19
646.4 -67.58
646.8 -67.36
647.2 -68.41
647.6 -69.64
648.0 -66.66
648.4 -68.25
648.8 -68.73
649.2 -68.22
649.6 -67.56
650.0 -67.79
650.4 -67.98
650.8 -67.05
651.2 -67.02
651.6 -67.89
652.0 -67.76
652.4 -67.26
652.8 -68.09
653.2 -66.77
653.6 -68.01
654.0 -65.55
654.4 -67.15
654.8 -68.21
655.2 -68.11
655.6 -67.53
656.0 -66.87
656.4 -66.17
656.8 -66.84
657.2 -66.44
657.6 -66.5
658.0 -66.44
658.4 -68.18
658.8 -66.61
659.2 -66.72
659.6 -66.97
660.0 -68.56
660.4 -67.16
660.8 -66.11
661.2 -67.57
661.6 -66.08
662.0 -67.48
662.4 -68.11
662.8 -67.28
663.2 -66.83
663.6 -66.02
664.0 -66.14
664.4 -65.88
664.8 -65.74
665.2 -65.85
665.6 -66.02
666.0 -66.27
666.4 -65.99
666.8 -66.36
667.2 -66.42
667.6 -66.49
668.0 -66.8
668.4 -66.49
668.8 -65.79
669.2 -65.34
669.6 -65.76
670.0 -65.95
670.4 -65.33
670.8 -66.09
671.2 -66.37
671.6 -66.34
672.0 -65.24
672.4 -65.54
672.8 -65.95
673.2 -65.35
673.6 -65.18
674.0 -66.51
674.4 -65.19
674.8 -65.62
675.2 -66.21
675.6 -65.87
676.0 -65.15
676.4 -65.5
676.8 -65.94
677.2 -65.83
677.6 -65.52
678.0 -65.93
678.4 -65.15
678.8 -65.17
679.2 -65.55
679.6 -65.34
680.0 -65.65
680.4 -65.23
680.8 -65.99
681.2 -65.59
681.6 -64.99
682.0 -65.68
682.4 -66.35
682.8 -65.59
683.2 -65.09
683.6 -65.55
684.0 -66.33
684.4 -65.43
684.8 -65.54
685.2 -65.47
685.6 -65.96
686.0 -65.46
686.4 -66.14
686.8 -64.97
687.2 -65.62
687.6 -65.61
688.0 -65.53
688.4 -65.02
688.8 -65.12
689.2 -64.91
689.6 -66.1
690.0 -65.47
690.4 -65.4
690.8 -65.19
691.2 -65.39
691.6 -65.42
692.0 -65.2
692.4 -65.09
692.8 -65.4
693.2 -65.23
693.6 -65.28
694.0 -65.41
694.4 -66.15
694.8 -65.71
695.2 -64.99
695.6 -65.02
696.0 -65.04
696.4 -66.28
696.8 -65.34
697.2 -64.94
697.6 -65.44
698.0 -65.29
698.4 -65.2
698.8 -64.82
699.2 -64.79
699.6 -65.06
700.0 -65.4
700.4 -65.04
700.8 -64.97
701.2 -65.86
701.6 -65.55
702.0 -65.37
702.4 -65.39
702.8 -65.59
703.2 -64.61
703.6 -66.12
704.0 -66.21
704.4 -65.45
704.8 -64.96
705.2 -65.05
705.6 -64.9
706.0 -66.18
706.4 -65.78
706.8 -64.85
707.2 -64.97
707.6 -64.77
708.0 -64.86
708.4 -65.24
708.8 -64.72
709.2 -65.04
709.6 -65.04
710.0 -64.9
710.4 -65.31
710.8 -64.4
711.2 -65.08
711.6 -63.95
712.0 -65.23
712.4 -64.78
712.8 -65.03
713.2 -65.31
713.6 -65.27
714.0 -64.56
714.4 -65.32
714.8 -65.12
715.2 -65.48
715.6 -65.14
716.0 -64.45
716.4 -65.44
716.8 -64.12
717.2 -64.77
717.6 -64.77
718.0 -63.78
718.4 -64.86
718.8 -65.01
719.2 -66.19
719.6 -64.58
720.0 -64.74
720.4 -65.0
720.8 -64.63
721.2 -64.39
721.6 -65.13
722.0 -64.85
722.4 -65.24
722.8 -64.92
723.2 -65.2
723.6 -64.69
724.0 -64.73
724.4 -64.7
724.8 -64.21
725.2 -64.28
725.6 -64.82
726.0 -64.63
726.4 -65.25
726.8 -64.42
727.2 -64.42
727.6 -65.24
728.0 -64.82
728.4 -64.98
728.8 -64.26
729.2 -64.35
729.6 -64.65
730.0 -65.81
730.4 -64.74
730.8 -64.38
731.2 -64.24
731.6 -64.73
732.0 -65.31
732.4 -63.77
732.8 -64.99
733.2 -65.01
733.6 -64.71
734.0 -65.88
734.4 -64.55
734.8 -64.92
735.2 -65.73
735.6 -64.96
736.0 -64.75
736.4 -64.56
736.8 -64.71
737.2 -64.98
737.6 -64.42
738.0 -64.73
738.4 -64.97
738.8 -66.37
739.2 -64.85
739.6 -64.96
740.0 -64.63
740.4 -65.18
740.8 -64.6
741.2 -65.48
741.6 -64.59
742.0 -64.83
742.4 -65.77
742.8 -64.79
743.2 -64.63
743.6 -65.1
744.0 -66.07
744.4 -64.87
744.8 -64.76
745.2 -64.98
745.6 -65.51
746.0 -65.95
746.4 -64.26
746.8 -65.32
747.2 -64.55
747.6 -64.58
748.0 -64.38
748.4 -65.09
748.8 -64.86
749.2 -64.95
749.6 -65.15
750.0 -64.16
750.4 -65.11
750.8 -64.3
751.2 -65.44
751.6 -65.49
752.0 -65.55
752.4 -64.91
752.8 -64.52
753.2 -64.52
753.6 -65.18
754.0 -64.51
754.4 -64.58
754.8 -64.22
755.2 -63.84
755.6 -64.78
756.0 -64.4
756.4 -64.77
756.8 -64.99
757.2 -64.42
757.6 -65.48
758.0 -64.92
758.4 -65.09
758.8 -64.63
759.2 -64.88
759.6 -64.52
760.0 -64.67
760.4 -64.89
760.8 -66.04
761.2 -64.69
761.6 -64.66
762.0 -64.96
762.4 -64.59
762.8 -64.35
763.2 -64.27
763.6 -65.55
764.0 -64.36
764.4 -64.6
764.8 -64.08
765.2 -64.99
765.6 -64.13
766.0 -65.2
766.4 -64.66
766.8 -64.36
767.2 -65.12
767.6 -65.94
768.0 -64.59
768.4 -64.43
768.8 -64.58
769.2 -65.33
769.6 -64.39
770.0 -65.03
770.4 -64.2
770.8 -65.09
771.2 -64.51
771.6 -63.95
772.0 -65.51
772.4 -64.45
772.8 -64.02
773.2 -64.67
773.6 -64.87
774.0 -64.83
774.4 -64.69
774.8 -64.58
775.2 -64.28
775.6 -64.49
776.0 -64.48
776.4 -64.71
776.8 -64.38
777.2 -64.91
777.6 -64.65
778.0 -64.21
778.4 -64.21
778.8 -64.58
779.2 -64.5
779.6 -63.96
780.0 -64.89
780.4 -64.3
780.8 -64.6
781.2 -64.1
781.6 -64.17
782.0 -64.32
782.4 -64.45
782.8 -65.07
783.2 -64.55
783.6 -64.58
784.0 -64.13
784.4 -65.92
784.8 -65.37
785.2 -64.41
785.6 -63.78
786.0 -64.25
786.4 -63.75
786.8 -64.73
787.2 -65.07
787.6 -65.07
788.0 -64.91
788.4 -64.75
788.8 -63.88
789.2 -63.9
789.6 -64.44
790.0 -63.44
790.4 -64.3
790.8 -63.39
791.2 -64.53
791.6 -63.88
792.0 -64.37
792.4 -63.93
792.8 -64.17
793.2 -64.15
793.6 -64.04
794.0 -64.92
794.4 -64.29
794.8 -63.32
795.2 -63.54
795.6 -63.76
796.0 -64.18
796.4 -63.71
796.8 -63.6
797.2 -63.7
797.6 -64.12
798.0 -64.01
798.4 -63.93
798.8 -64.37
799.2 -63.71
799.6 -63.18
800.0 -63.45
800.4 -63.82
800.8 -64.17
801.2 -63.46
801.6 -63.98
802.0 -63.44
802.4 -64.43
802.8 -63.87
803.2 -63.94
803.6 -63.82
804.0 -63.02
804.4 -62.94
804.8 -63.16
805.2 -62.85
805.6 -62.97
806.0 -61.81
806.4 -60.22
806.8 -56.84
807.2 -53.42
807.6 -49.63
808.0 -48.25
808.4 -48.83
808.8 -49.28
809.2 -53.34
809.6 -60.56
810.0 -62.02
810.4 -63.83
810.8 -62.35
811.2 -63.12
811.6 -63.01
812.0 -63.3
812.4 -63.1
812.8 -63.87
813.2 -63.67
813.6 -62.84
814.0 -63.19
814.4 -63.39
814.8 -63.44
815.2 -63.11
815.6 -62.85
816.0 -63.46
816.4 -63.28
816.8 -63.18
817.2 -63.21
817.6 -63.14
818.0 -62.5
818.4 -63.37
818.8 -63.06
819.2 -63.29
819.6 -63.52
820.0 -63.02
820.4 -63.09
820.8 -63.44
821.2 -62.95
821.6 -62.98
822.0 -63.32
822.4 -63.18
822.8 -63.35
823.2 -63.49
823.6 -62.89
824.0 -62.91
824.4 -63.43
824.8 -63.07
825.2 -63.36
825.6 -63.38
826.0 -63.35
826.4 -63.15
826.8 -63.39
827.2 -63.14
827.6 -62.98
828.0 -62.89
828.4 -63.19
828.8 -62.9
829.2 -63.35
829.6 -62.98
830.0 -62.79
830.4 -62.79
830.8 -62.68
831.2 -62.77
831.6 -62.85
832.0 -63.15
832.4 -62.96
832.8 -62.9
833.2 -63.45
833.6 -62.94
834.0 -63.37
834.4 -63.26
834.8 -62.78
835.2 -63.19
835.6 -62.87
836.0 -62.99
836.4 -62.87
836.8 -62.74
837.2 -62.22
837.6 -62.7
838.0 -62.71
838.4 -62.69
838.8 -62.68
839.2 -62.84
839.6 -63.22
840.0 -63.13
840.4 -63.19
840.8 -62.81
841.2 -62.96
841.6 -63.02
842.0 -62.95
842.4 -62.95
842.8 -63.07
843.2 -63.38
843.6 -62.85
844.0 -63.33
844.4 -63.07
844.8 -62.93
845.2 -63.23
845.6 -63.29
846.0 -62.62
846.4 -63.32
846.8 -63.03
847.2 -62.82
847.6 -62.78
848.0 -63.26
848.4 -62.88
848.8 -63.14
849.2 -63.47
849.6 -63.28
850.0 -62.94
850.4 -62.94
850.8 -62.95
851.2 -62.62
851.6 -63.34
852.0 -62.79
852.4 -62.99
852.8 -63.01
853.2 -63.68
853.6 -63.33
854.0 -63.13
854.4 -62.95
854.8 -62.88
855.2 -63.16
855.6 -62.74
856.0 -62.62
856.4 -62.78
856.8 -63.21
857.2 -62.79
857.6 -62.65
858.0 -63.1
858.4 -63.09
858.8 -62.91
859.2 -62.91
859.6 -63.26
860.0 -63.03
860.4 -63.08
860.8 -62.92
861.2 -62.92
861.6 -63.07
862.0 -62.76
862.4 -63.34
862.8 -63.02
863.2 -62.97
863.6 -62.67
864.0 -63.16
864.4 -62.68
864.8 -63.23
865.2 -62.91
865.6 -63.22
866.0 -63.55
866.4 -62.99
866.8 -63.29
867.2 -63.14
867.6 -62.35
868.0 -62.75
868.4 -63.42
868.8 -63.13
869.2 -62.81
869.6 -62.84
870.0 -62.77
870.4 -62.94
870.8 -62.73
871.2 -62.9
871.6 -62.73
872.0 -63.11
872.4 -63.07
872.8 -62.73
873.2 -62.98
873.6 -62.6
874.0 -63.11
874.4 -62.7
874.8 -62.83
875.2 -62.77
875.6 -62.95
876.0 -62.81
876.4 -62.6
876.8 -62.68
877.2 -62.54
877.6 -62.95
878.0 -63.01
878.4 -62.39
878.8 -62.81
879.2 -62.64
879.6 -62.48
880.0 -62.99
880.4 -62.56
880.8 -62.85
881.2 -62.58
881.6 -62.41
882.0 -62.6
882.4 -62.53
882.8 -62.74
883.2 -62.38
883.6 -62.72
884.0 -62.66
884.4 -62.94
884.8 -62.93
885.2 -62.93
885.6 -62.71
886.0 -62.79
886.4 -63.07
886.8 -62.54
887.2 -62.67
887.6 -62.69
888.0 -62.19
888.4 -62.57
888.8 -62.41
889.2 -62.58
889.6 -62.73
890.0 -62.26
890.4 -62.71
890.8 -62.38
891.2 -62.38
891.6 -62.67
892.0 -62.54
892.4 -62.65
892.8 -62.02
893.2 -62.28
893.6 -62.29
894.0 -62.54
894.4 -62.63
894.8 -62.64
895.2 -62.45
895.6 -62.22
896.0 -62.35
896.4 -62.3
896.8 -62.25
897.2 -62.6
897.6 -62.46
898.0 -62.52
898.4 -62.52
898.8 -61.96
899.2 -62.46
899.6 -62.34
900.0 -62.2
900.4 -62.58
900.8 -62.15
901.2 -62.3
901.6 -62.55
902.0 -62.54
902.4 -62.07
902.8 -62.48
903.2 -62.12
903.6 -62.61
904.0 -62.48
904.4 -62.54
904.8 -62.32
905.2 -62.25
905.6 -62.42
906.0 -62.07
906.4 -62.22
906.8 -62.07
907.2 -62.5
907.6 -62.25
908.0 -62.25
908.4 -62.33
908.8 -62.44
909.2 -62.18
909.6 -62.25
910.0 -62.03
910.4 -62.0
910.8 -62.12
911.2 -61.98
911.6 -61.87
912.0 -62.13
912.4 -62.11
912.8 -61.65
913.2 -61.73
913.6 -61.78
914.0 -62.29
914.4 -61.89
914.8 -61.93
915.2 -62.67
915.6 -61.93
916.0 -62.05
916.4 -62.0
916.8 -62.15
917.2 -62.55
917.6 -62.25
918.0 -62.0
918.4 -61.92
918.8 -61.9
919.2 -61.97
919.6 -61.77
920.0 -62.04
920.4 -61.77
920.8 -62.1
921.2 -61.59
921.6 -62.26
922.0 -62.03
922.4 -61.9
922.8 -62.03
923.2 -61.9
923.6 -61.94
924.0 -62.26
924.4 -61.6
924.8 -62.01
925.2 -61.86
925.6 -61.73
926.0 -62.07
926.4 -61.85
926.8 -61.72
927.2 -62.01
927.6 -62.0
928.0 -61.97
928.4 -61.84
928.8 -61.69
929.2 -62.05
929.6 -61.71
930.0 -61.82
930.4 -61.68
930.8 -62.2
931.2 -61.9
931.6 -61.9
932.0 -62.07
932.4 -62.13
932.8 -62.19
933.2 -62.02
933.6 -61.62
934.0 -61.92
934.4 -61.9
934.8 -61.96
935.2 -61.9
935.6 -62.1
936.0 -62.04
936.4 -61.78
936.8 -62.07
937.2 -61.83
937.6 -61.84
938.0 -61.83
938.4 -61.63
938.8 -61.8
939.2 -62.11
939.6 -61.75
940.0 -61.88
940.4 -61.89
940.8 -61.64
941.2 -62.06
941.6 -62.04
942.0 -61.81
942.4 -61.87
942.8 -61.88
943.2 -61.99
943.6 -62.01
944.0 -61.75
944.4 -61.69
944.8 -61.97
945.2 -61.97
945.6 -61.61
946.0 -61.85
946.4 -61.91
946.8 -61.8
947.2 -61.82
947.6 -61.76
948.0 -61.86
948.4 -61.81
948.8 -61.77
949.2 -61.85
949.6 -62.06
950.0 -61.98
950.4 -62.05
950.8 -61.98
951.2 -62.09
951.6 -61.99
952.0 -62.23
952.4 -62.09
952.8 -62.23
953.2 -62.28
953.6 -62.2
954.0 -62.08
954.4 -62.24
954.8 -62.14
955.2 -62.18
955.6 -61.95
956.0 -62.0
956.4 -62.19
956.8 -61.94
957.2 -61.83
957.6 -62.16
958.0 -61.82
958.4 -61.86
958.8 -62.31
959.2 -62.02
959.6 -61.86
960.0 -61.83
960.4 -61.84
960.8 -61.96
961.2 -61.68
961.6 -61.52
962.0 -61.74
962.4 -61.94
962.8 -61.63
963.2 -61.65
963.6 -61.62
964.0 -61.6
964.4 -61.83
964.8 -61.72
965.2 -61.73
965.6 -61.46
966.0 -61.53
966.4 -61.63
966.8 -61.64
967.2 -61.57
967.6 -61.49
968.0 -61.57
968.4 -61.68
968.8 -61.67
969.2 -61.63
969.6 -61.67
970.0 -61.77
970.4 -61.74
970.8 -61.54
971.2 -61.64
971.6 -61.56
972.0 -61.87
972.4 -61.5
972.8 -61.9
973.2 -61.67
973.6 -61.77
974.0 -61.74
974.4 -61.79
974.8 -61.85
975.2 -61.97
975.6 -61.86
976.0 -61.71
976.4 -62.02
976.8 -62.07
977.2 -62.14
977.6 -62.06
978.0 -62.12
978.4 -61.99
978.8 -62.14
979.2 -61.93
979.6 -62.02
980.0 -62.04
980.4 -62.2
980.8 -62.07
981.2 -62.11
981.6 -62.08
982.0 -61.85
982.4 -61.91
982.8 -61.86
983.2 -61.96
983.6 -61.7
984.0 -61.65
984.4 -61.7
984.8 -61.73
985.2 -61.6
985.6 -61.61
986.0 -61.71
986.4 -61.51
986.8 -61.53
987.2 -61.48
987.6 -61.21
988.0 -61.43
988.4 -61.33
988.8 -61.15
989.2 -61.12
989.6 -61.15
990.0 -61.24
990.4 -61.01
990.8 -61.01
991.2 -60.95
991.6 -60.97
992.0 -60.78
992.4 -60.9
992.8 -60.77
993.2 -60.67
993.6 -60.58
994.0 -60.64
994.4 -60.57
994.8 -60.59
995.2 -60.56
995.6 -60.66
996.0 -60.38
996.4 -60.76
996.8 -60.69
997.2 -60.59
997.6 -60.69
998.0 -60.57
998.4 -60.75
998.8 -60.53
999.2 -60.54
999.6 -60.38
1000.0 -60.39
