600.0 -210.0
600.4 -210.0
600.8 -76.4
601.2 -74.66
601.6 -210.0
602.0 -70.65
602.4 -210.0
602.8 -71.09
603.2 -210.0
603.6 -69.31
604.0 -70.42
604.4 -210.0
604.8 -75.99
605.2 -210.0
605.6 -73.7
606.0 -77.54
606.4 -210.0
606.8 -72.27
607.2 -210.0
607.6 -210.0
608.0 -68.63
608.4 -75.13
608.8 -77.72
609.2 -210.0
609.6 -78.73
610.0 -78.75
610.4 -210.0
610.8 -210.0
611.2 -70.37
611.6 -73.74
612.0 -69.33
612.4 -210.0
612.8 -210.0
613.2 -78.94
613.6 -210.0
614.0 -76.56
614.4 -77.25
614.8 -210.0
615.2 -72.3
615.6 -210.0
616.0 -80.36
616.4 -70.1
616.8 -210.0
617.2 -69.41
617.6 -210.0
618.0 -76.22
618.4 -76.24
618.8 -76.26
619.2 -210.0
619.6 -71.37
620.0 -77.58
620.4 -210.0
620.8 -78.43
621.2 -210.0
621.6 -72.46
622.0 -74.7
622.4 -82.51
622.8 -210.0
623.2 -85.57
623.6 -79.57
624.0 -72.0
624.4 -210.0
624.8 -80.89
625.2 -210.0
625.6 -210.0
626.0 -210.0
626.4 -76.73
626.8 -73.75
627.2 -210.0
627.6 -210.0
628.0 -81.09
628.4 -78.91
628.8 -210.0
629.2 -210.0
629.6 -78.18
630.0 -79.97
630.4 -210.0
630.8 -77.6
631.2 -72.28
631.6 -74.65
632.0 -210.0
632.4 -210.0
632.8 -210.0
633.2 -73.23
633.6 -73.47
634.0 -210.0
634.4 -76.32
634.8 -77.89
635.2 -71.19
635.6 -75.61
636.0 -75.64
636.4 -210.0
636.8 -210.0
637.2 -210.0
637.6 -72.41
638.0 -71.14
638.4 -75.48
638.8 -72.02
639.2 -70.99
639.6 -210.0
640.0 -210.0
640.4 -74.73
640.8 -210.0
641.2 -69.69
641.6 -76.89
642.0 -70.68
642.4 -210.0
642.8 -74.95
643.2 -71.71
643.6 -78.61
644.0 -79.31
644.4 -70.9
644.8 -74.17
645.2 -74.9
645.6 -72.33
646.0 -77.28
646.4 -210.0
646.8 -73.38
647.2 -78.93
647.6 -72.8
648.0 -73.48
648.4 -73.35
648.8 -73.56
649.2 -76.1
649.6 -76.81
650.0 -72.99
650.4 -210.0
650.8 -210.0
651.2 -210.0
651.6 -76.83
652.0 -74.62
652.4 -73.66
652.8 -210.0
653.2 -73.01
653.6 -75.34
654.0 -210.0
654.4 -78.61
654.8 -78.11
655.2 -210.0
655.6 -81.63
656.0 -79.88
656.4 -210.0
656.8 -75.36
657.2 -77.26
657.6 -73.2
658.0 -77.68
658.4 -74.06
658.8 -73.37
659.2 -84.68
659.6 -72.37
660.0 -75.65
660.4 -210.0
660.8 -75.39
661.2 -74.91
661.6 -74.27
662.0 -72.13
662.4 -74.91
662.8 -80.71
663.2 -76.23
663.6 -74.27
664.0 -71.78
664.4 -77.28
664.8 -210.0
665.2 -71.46
665.6 -80.71
666.0 -75.65
666.4 -70.62
666.8 -75.39
667.2 -74.08
667.6 -72.38
668.0 -73.22
668.4 -70.97
668.8 -72.13
669.2 -71.9
669.6 -71.9
670.0 -72.63
670.4 -74.9
670.8 -73.2
671.2 -71.34
671.6 -75.63
672.0 -74.88
672.4 -76.87
672.8 -72.88
673.2 -70.41
673.6 -73.18
674.0 -72.59
674.4 -210.0
674.8 -72.32
675.2 -71.61
675.6 -69.93
676.0 -76.16
676.4 -73.15
676.8 -210.0
677.2 -79.83
677.6 -72.99
678.0 -75.3
678.4 -73.8
678.8 -74.59
679.2 -210.0
679.6 -73.62
680.0 -72.02
680.4 -72.81
680.8 -75.81
681.2 -71.14
681.6 -72.51
682.0 -71.32
682.4 -71.64
682.8 -210.0
683.2 -71.11
683.6 -73.56
684.0 -77.12
684.4 -210.0
684.8 -69.89
685.2 -72.33
685.6 -73.04
686.0 -80.52
686.4 -77.96
686.8 -71.58
687.2 -72.87
687.6 -76.02
688.0 -72.04
688.4 -75.43
688.8 -70.66
689.2 -70.48
689.6 -72.28
690.0 -73.65
690.4 -70.54
690.8 -69.66
691.2 -71.0
691.6 -76.64
692.0 -77.88
692.4 -69.86
692.8 -70.79
693.2 -70.33
693.6 -72.63
694.0 -70.58
694.4 -71.47
694.8 -72.76
695.2 -72.32
695.6 -71.46
696.0 -76.57
696.4 -75.05
696.8 -72.44
697.2 -81.32
697.6 -71.66
698.0 -210.0
698.4 -73.52
698.8 -73.35
699.2 -71.29
699.6 -73.0
700.0 -74.08
700.4 -70.96
700.8 -71.85
701.2 -72.51
701.6 -71.16
702.0 -82.5
702.4 -72.49
702.8 -78.23
703.2 -70.92
703.6 -70.1
704.0 -70.52
704.4 -72.61
704.8 -73.43
705.2 -73.08
705.6 -72.17
706.0 -69.15
706.4 -72.02
706.8 -71.52
707.2 -71.28
707.6 -71.51
708.0 -75.14
708.4 -80.19
708.8 -71.26
709.2 -210.0
709.6 -70.44
710.0 -74.15
710.4 -69.6
710.8 -70.91
711.2 -72.67
711.6 -72.51
712.0 -75.67
712.4 -70.6
712.8 -71.94
713.2 -71.21
713.6 -69.71
714.0 -71.43
714.4 -71.31
714.8 -70.67
715.2 -70.86
715.6 -70.56
716.0 -78.06
716.4 -70.27
716.8 -76.29
717.2 -70.26
717.6 -76.28
718.0 -70.83
718.4 -70.63
718.8 -71.74
719.2 -71.49
719.6 -73.08
720.0 -74.26
720.4 -74.04
720.8 -71.01
721.2 -75.57
721.6 -70.91
722.0 -71.23
722.4 -74.72
722.8 -72.54
723.2 -70.48
723.6 -69.86
724.0 -74.0
724.4 -71.44
724.8 -72.37
725.2 -72.85
725.6 -67.36
726.0 -70.26
726.4 -70.36
726.8 -73.17
727.2 -70.64
727.6 -70.25
728.0 -69.04
728.4 -71.65
728.8 -72.48
729.2 -69.55
729.6 -73.15
730.0 -68.82
730.4 -71.63
730.8 -70.31
731.2 -77.9
731.6 -86.94
732.0 -70.2
732.4 -72.45
732.8 -73.5
733.2 -72.0
733.6 -77.37
734.0 -73.91
734.4 -72.13
734.8 -69.75
735.2 -72.28
735.6 -72.58
736.0 -77.35
736.4 -75.12
736.8 -73.88
737.2 -73.88
737.6 -70.85
738.0 -72.9
738.4 -69.55
738.8 -73.25
739.2 -70.33
739.6 -70.95
740.0 -82.08
740.4 -79.07
740.8 -69.3
741.2 -71.16
741.6 -70.61
742.0 -68.09
742.4 -72.07
742.8 -71.04
743.2 -68.77
743.6 -75.37
744.0 -83.82
744.4 -72.85
744.8 -69.92
745.2 -72.68
745.6 -72.84
746.0 -70.38
746.4 -70.0
746.8 -70.69
747.2 -70.78
747.6 -71.36
748.0 -71.75
748.4 -73.18
748.8 -71.74
749.2 -69.89
749.6 -83.79
750.0 -71.1
750.4 -72.01
750.8 -72.0
751.2 -72.63
751.6 -70.85
752.0 -73.75
752.4 -71.7
752.8 -71.83
753.2 -69.76
753.6 -74.69
754.0 -70.3
754.4 -70.19
754.8 -72.1
755.2 -72.91
755.6 -74.95
756.0 -68.58
756.4 -74.66
756.8 -71.64
757.2 -70.07
757.6 -72.71
758.0 -70.25
758.4 -69.52
758.8 -75.88
759.2 -71.1
759.6 -69.18
760.0 -70.97
760.4 -72.18
760.8 -70.85
761.2 -70.41
761.6 -73.22
762.0 -71.58
762.4 -68.0
762.8 -69.72
763.2 -71.44
763.6 -72.82
764.0 -70.28
764.4 -73.83
764.8 -73.6
765.2 -70.69
765.6 -69.7
766.0 -86.6
766.4 -70.16
766.8 -72.44
767.2 -72.11
767.6 -71.67
768.0 -71.39
768.4 -71.01
768.8 -73.14
769.2 -70.33
769.6 -70.77
770.0 -70.87
770.4 -70.76
770.8 -68.36
771.2 -71.11
771.6 -69.65
772.0 -69.22
772.4 -72.07
772.8 -70.42
773.2 -67.57
773.6 -68.48
774.0 -72.22
774.4 -81.76
774.8 -70.41
775.2 -70.2
775.6 -72.92
776.0 -69.9
776.4 -68.2
776.8 -73.1
777.2 -73.97
777.6 -73.97
778.0 -71.46
778.4 -68.66
778.8 -71.33
779.2 -69.03
779.6 -70.28
780.0 -74.46
780.4 -69.26
780.8 -75.04
781.2 -73.08
781.6 -76.5
782.0 -68.11
782.4 -70.16
782.8 -73.07
783.2 -70.57
783.6 -68.22
784.0 -68.03
784.4 -72.01
784.8 -70.04
785.2 -70.68
785.6 -70.79
786.0 -71.03
786.4 -71.55
786.8 -70.03
787.2 -70.13
787.6 -70.78
788.0 -69.56
788.4 -68.0
788.8 -69.55
789.2 -69.13
789.6 -75.32
790.0 -70.53
790.4 -68.96
790.8 -70.88
791.2 -71.96
791.6 -69.45
792.0 -71.25
792.4 -69.03
792.8 -69.44
793.2 -70.86
793.6 -68.94
794.0 -68.09
794.4 -69.6
794.8 -69.51
795.2 -68.09
795.6 -69.78
796.0 -68.92
796.4 -67.95
796.8 -69.25
797.2 -68.69
797.6 -70.6
798.0 -68.13
798.4 -70.36
798.8 -70.15
799.2 -71.61
799.6 -69.06
800.0 -68.89
800.4 -68.25
800.8 -68.97
801.2 -69.14
801.6 -70.15
802.0 -69.23
802.4 -68.75
802.8 -70.06
803.2 -67.31
803.6 -68.13
804.0 -67.6
804.4 -71.63
804.8 -67.65
805.2 -68.92
805.6 -68.71
806.0 -66.42
806.4 -65.41
806.8 -60.85
807.2 -57.22
807.6 -53.42
808.0 -51.84
808.4 -52.95
808.8 -53.5
809.2 -57.31
809.6 -66.02
810.0 -67.47
810.4 -68.6
810.8 -69.22
811.2 -72.66
811.6 -69.32
812.0 -67.04
812.4 -70.69
812.8 -70.16
813.2 -68.12
813.6 -68.81
814.0 -69.03
814.4 -68.33
814.8 -67.29
815.2 -68.61
815.6 -69.56
816.0 -70.76
816.4 -69.49
816.8 -69.94
817.2 -69.33
817.6 -69.86
818.0 -72.61
818.4 -69.69
818.8 -67.74
819.2 -72.3
819.6 -71.84
820.0 -69.56
820.4 -68.38
820.8 -69.85
821.2 -66.68
821.6 -72.89
822.0 -73.7
822.4 -68.15
822.8 -70.2
823.2 -67.95
823.6 -70.14
824.0 -70.99
824.4 -68.6
824.8 -69.33
825.2 -68.02
825.6 -71.53
826.0 -70.52
826.4 -71.31
826.8 -68.9
827.2 -68.84
827.6 -69.6
828.0 -68.94
828.4 -69.1
828.8 -68.97
829.2 -69.13
829.6 -68.02
830.0 -70.59
830.4 -69.27
830.8 -69.16
831.2 -69.48
831.6 -68.62
832.0 -69.04
832.4 -69.07
832.8 -69.03
833.2 -68.87
833.6 -69.36
834.0 -67.63
834.4 -68.89
834.8 -69.31
835.2 -67.07
835.6 -70.71
836.0 -67.6
836.4 -69.04
836.8 -68.17
837.2 -67.86
837.6 -69.65
838.0 -68.97
838.4 -68.55
838.8 -68.58
839.2 -68.94
839.6 -68.48
840.0 -67.52
840.4 -67.44
840.8 -69.74
841.2 -68.93
841.6 -68.1
842.0 -67.36
842.4 -69.03
842.8 -68.59
843.2 -68.97
843.6 -68.86
844.0 -69.09
844.4 -67.99
844.8 -69.79
845.2 -69.65
845.6 -68.08
846.0 -67.85
846.4 -67.46
846.8 -69.39
847.2 -68.57
847.6 -69.78
848.0 -68.67
848.4 -67.66
848.8 -67.75
849.2 -68.78
849.6 -68.73
850.0 -67.96
850.4 -67.28
850.8 -69.7
851.2 -67.56
851.6 -67.91
852.0 -68.19
852.4 -66.68
852.8 -67.81
853.2 -67.72
853.6 -68.7
854.0 -67.75
854.4 -68.37
854.8 -68.27
855.2 -68.22
855.6 -68.21
856.0 -66.94
856.4 -67.7
856.8 -68.79
857.2 -68.3
857.6 -67.87
858.0 -68.3
858.4 -67.81
858.8 -68.19
859.2 -69.06
859.6 -66.56
860.0 -67.5
860.4 -67.63
860.8 -67.88
861.2 -67.75
861.6 -66.85
862.0 -67.27
862.4 -67.39
862.8 -67.47
863.2 -67.51
863.6 -68.45
864.0 -66.83
864.4 -66.57
864.8 -68.82
865.2 -66.85
865.6 -66.81
866.0 -66.56
866.4 -66.69
866.8 -68.42
867.2 -66.12
867.6 -68.2
868.0 -67.8
868.4 -66.78
868.8 -66.29
869.2 -66.7
869.6 -67.4
870.0 -67.18
870.4 -68.93
870.8 -67.29
871.2 -67.12
871.6 -66.92
872.0 -66.59
872.4 -66.47
872.8 -67.02
873.2 -67.34
873.6 -67.68
874.0 -67.96
874.4 -66.34
874.8 -66.9
875.2 -67.27
875.6 -66.93
876.0 -66.88
876.4 -67.0
876.8 -68.16
877.2 -66.57
877.6 -67.44
878.0 -67.56
878.4 -67.65
878.8 -67.93
879.2 -66.99
879.6 -66.76
880.0 -67.1
880.4 -67.36
880.8 -67.49
881.2 -66.94
881.6 -66.35
882.0 -66.6
882.4 -67.39
882.8 -66.85
883.2 -66.93
883.6 -66.7
884.0 -67.57
884.4 -67.35
884.8 -66.84
885.2 -66.58
885.6 -66.33
886.0 -67.29
886.4 -65.81
886.8 -67.51
887.2 -66.05
887.6 -67.59
888.0 -69.4
888.4 -66.32
888.8 -67.2
889.2 -66.79
889.6 -67.64
890.0 -67.15
890.4 -67.06
890.8 -68.03
891.2 -66.79
891.6 -67.03
892.0 -67.75
892.4 -67.99
892.8 -66.27
893.2 -66.07
893.6 -68.05
894.0 -66.42
894.4 -67.49
894.8 -66.5
895.2 -67.11
895.6 -67.78
896.0 -67.33
896.4 -66.2
896.8 -67.05
897.2 -67.84
897.6 -66.97
898.0 -68.15
898.4 -66.53
898.8 -66.47
899.2 -66.65
899.6 -66.91
900.0 -67.25
900.4 -65.66
900.8 -66.43
901.2 -67.15
901.6 -67.67
902.0 -66.45
902.4 -67.25
902.8 -66.76
903.2 -66.95
903.6 -68.4
904.0 -66.19
904.4 -68.53
904.8 -67.74
905.2 -67.19
905.6 -67.27
906.0 -66.89
906.4 -67.33
906.8 -66.62
907.2 -67.44
907.6 -67.44
908.0 -68.03
908.4 -68.0
908.8 -67.34
909.2 -67.31
909.6 -67.35
910.0 -66.94
910.4 -68.06
910.8 -66.45
911.2 -66.31
911.6 -66.66
912.0 -66.21
912.4 -65.94
912.8 -66.44
913.2 -65.99
913.6 -67.4
914.0 -67.54
914.4 -66.13
914.8 -68.28
915.2 -66.88
915.6 -68.82
916.0 -67.54
916.4 -67.52
916.8 -66.87
917.2 -67.51
917.6 -68.75
918.0 -67.2
918.4 -68.06
918.8 -67.74
919.2 -68.61
919.6 -66.99
920.0 -67.92
920.4 -66.73
920.8 -69.39
921.2 -67.23
921.6 -67.25
922.0 -69.0
922.4 -67.78
922.8 -67.61
923.2 -66.88
923.6 -68.57
924.0 -67.22
924.4 -67.95
924.8 -67.73
925.2 -67.78
925.6 -69.21
926.0 -68.92
926.4 -67.06
926.8 -68.1
927.2 -67.47
927.6 -67.56
928.0 -69.27
928.4 -68.69
928.8 -68.07
929.2 -66.33
929.6 -67.98
930.0 -67.29
930.4 -67.8
930.8 -68.37
931.2 -67.48
931.6 -67.97
932.0 -67.5
932.4 -68.8
932.8 -67.93
933.2 -68.8
933.6 -67.58
934.0 -68.49
934.4 -68.81
934.8 -68.88
935.2 -68.9
935.6 -68.79
936.0 -68.2
936.4 -68.18
936.8 -67.98
937.2 -69.53
937.6 -68.33
938.0 -68.5
938.4 -68.81
938.8 -70.63
939.2 -68.04
939.6 -69.7
940.0 -68.64
940.4 -68.67
940.8 -68.53
941.2 -68.45
941.6 -68.62
942.0 -68.84
942.4 -69.39
942.8 -69.41
943.2 -68.92
943.6 -68.37
944.0 -68.96
944.4 -68.72
944.8 -68.51
945.2 -68.58
945.6 -68.67
946.0 -67.98
946.4 -68.65
946.8 -70.79
947.2 -69.5
947.6 -68.76
948.0 -69.67
948.4 -70.03
948.8 -68.94
949.2 -69.41
949.6 -69.18
950.0 -69.24
950.4 -69.51
950.8 -70.52
951.2 -71.16
951.6 -69.36
952.0 -69.72
952.4 -68.53
952.8 -68.82
953.2 -68.7
953.6 -69.0
954.0 -70.19
954.4 -70.55
954.8 -68.9
955.2 -70.34
955.6 -68.77
956.0 -69.17
956.4 -69.65
956.8 -68.69
957.2 -68.34
957.6 -69.21
958.0 -68.85
958.4 -69.63
958.8 -68.93
959.2 -69.01
959.6 -69.1
960.0 -70.21
960.4 -68.77
960.8 -69.7
961.2 -68.93
961.6 -69.08
962.0 -69.44
962.4 -69.21
962.8 -69.47
963.2 -68.54
963.6 -69.54
964.0 -69.4
964.4 -69.87
964.8 -68.12
965.2 -68.27
965.6 -68.51
966.0 -68.47
966.4 -68.26
966.8 -69.66
967.2 -69.45
967.6 -69.69
968.0 -68.65
968.4 -69.3
968.8 -68.89
969.2 -69.0
969.6 -69.65
970.0 -68.97
970.4 -68.95
970.8 -68.79
971.2 -68.89
971.6 -69.09
972.0 -68.45
972.4 -68.49
972.8 -68.96
973.2 -69.61
973.6 -69.56
974.0 -69.96
974.4 -69.02
974.8 -69.81
975.2 -69.62
975.6 -69.68
976.0 -69.62
976.4 -70.06
976.8 -69.33
977.2 -70.02
977.6 -68.97
978.0 -68.99
978.4 -69.32
978.8 -69.66
979.2 -70.06
979.6 -68.54
980.0 -69.26
980.4 -69.28
980.8 -69.73
981.2 -69.84
981.6 -68.78
982.0 -69.03
982.4 -69.07
982.8 -68.98
983.2 -69.04
983.6 -68.73
984.0 -68.37
984.4 -68.75
984.8 -68.27
985.2 -68.8
985.6 -69.26
986.0 -68.31
986.4 -68.74
986.8 -68.62
987.2 -68.44
987.6 -68.35
988.0 -67.89
988.4 -67.97
988.8 -68.96
989.2 -68.74
989.6 -68.93
990.0 -68.47
990.4 -68.61
990.8 -67.77
991.2 -68.0
991.6 -68.27
992.0 -67.94
992.4 -67.89
992.8 -67.33
993.2 -67.92
993.6 -67.6
994.0 -67.86
994.4 -68.24
994.8 -67.59
995.2 -67.53
995.6 -67.72
996.0 -67.69
996.4 -67.76
996.8 -68.16
997.2 -68.19
997.6 -67.67
998.0 -67.5
998.4 -67.61
998.8 -67.81
999.2 -68.23
999.6 -67.79
1000.0 -67.97
