600.0 -73.34
600.4 -68.03
600.8 -73.77
601.2 -71.42
601.6 -79.46
602.0 -210.0
602.4 -67.75
602.8 -210.0
603.2 -210.0
603.6 -210.0
604.0 -210.0
604.4 -73.62
604.8 -75.41
605.2 -71.91
605.6 -68.16
606.0 -69.47
606.4 -210.0
606.8 -210.0
607.2 -210.0
607.6 -72.07
608.0 -69.74
608.4 -70.7
608.8 -210.0
609.2 -76.94
609.6 -69.44
610.0 -84.78
610.4 -210.0
610.8 -74.41
611.2 -73.38
611.6 -78.85
612.0 -71.67
612.4 -71.12
612.8 -71.94
613.2 -68.34
613.6 -74.2
614.0 -74.6
614.4 -74.24
614.8 -79.04
615.2 -70.61
615.6 -85.11
616.0 -75.14
616.4 -74.02
616.8 -71.95
617.2 -76.17
617.6 -210.0
618.0 -79.23
618.4 -72.27
618.8 -210.0
619.2 -75.33
619.6 -210.0
620.0 -210.0
620.4 -80.62
620.8 -76.96
621.2 -73.4
621.6 -70.55
622.0 -71.69
622.4 -210.0
622.8 -74.41
623.2 -72.34
623.6 -74.13
624.0 -70.56
624.4 -72.42
624.8 -73.62
625.2 -72.08
625.6 -70.4
626.0 -70.06
626.4 -72.98
626.8 -73.75
627.2 -71.67
627.6 -70.16
628.0 -71.89
628.4 -81.12
628.8 -70.35
629.2 -77.48
629.6 -72.16
630.0 -74.23
630.4 -68.95
630.8 -72.08
631.2 -70.77
631.6 -72.69
632.0 -76.15
632.4 -70.99
632.8 -72.98
633.2 -68.75
633.6 -75.12
634.0 -70.6
634.4 -74.55
634.8 -210.0
635.2 -72.4
635.6 -74.1
636.0 -69.53
636.4 -210.0
636.8 -72.52
637.2 -72.72
637.6 -69.4
638.0 -68.2
638.4 -72.47
638.8 -72.17
639.2 -71.36
639.6 -72.39
640.0 -70.3
640.4 -68.45
640.8 -73.01
641.2 -71.05
641.6 -72.11
642.0 -70.29
642.4 -69.32
642.8 -72.85
643.2 -69.62
643.6 -70.63
644.0 -71.53
644.4 -68.62
644.8 -68.98
645.2 -69.5
645.6 -70.34
646.0 -68.41
646.4 -72.0
646.8 -70.54
647.2 -69.98
647.6 -69.43
648.0 -70.55
648.4 -70.25
648.8 -68.67
649.2 -69.11
649.6 -68.63
650.0 -68.12
650.4 -68.86
650.8 -69.1
651.2 -69.84
651.6 -68.49
652.0 -67.76
652.4 -67.9
652.8 -68.39
653.2 -70.73
653.6 -68.84
654.0 -69.13
654.4 -68.61
654.8 -67.49
655.2 -68.73
655.6 -68.41
656.0 -68.42
656.4 -68.32
656.8 -70.18
657.2 -67.94
657.6 -67.81
658.0 -67.68
658.4 -67.07
658.8 -69.62
659.2 -68.05
659.6 -68.29
660.0 -67.09
660.4 -68.77
660.8 -68.94
661.2 -67.96
661.6 -67.01
662.0 -69.06
662.4 -67.53
662.8 -68.2
663.2 -68.2
663.6 -68.94
664.0 -67.09
664.4 -69.12
664.8 -67.05
665.2 -66.98
665.6 -67.57
666.0 -67.92
666.4 -66.66
666.8 -67.92
667.2 -67.57
667.6 -68.72
668.0 -67.74
668.4 -67.32
668.8 -67.01
669.2 -67.74
669.6 -66.9
670.0 -67.56
670.4 -66.38
670.8 -66.31
671.2 -67.9
671.6 -66.15
672.0 -67.06
672.4 -68.32
672.8 -67.09
673.2 -67.49
673.6 -66.79
674.0 -66.89
674.4 -67.48
674.8 -67.14
675.2 -67.38
675.6 -68.71
676.0 -66.42
676.4 -66.73
676.8 -66.48
677.2 -66.79
677.6 -66.68
678.0 -66.89
678.4 -67.04
678.8 -66.59
679.2 -67.26
679.6 -66.73
680.0 -66.94
680.4 -67.25
680.8 -67.01
681.2 -68.33
681.6 -67.4
682.0 -67.78
682.4 -67.3
682.8 -66.44
683.2 -67.63
683.6 -67.54
684.0 -66.46
684.4 -66.63
684.8 -66.22
685.2 -66.95
685.6 -66.41
686.0 -66.86
686.4 -66.5
686.8 -66.46
687.2 -67.41
687.6 -66.45
688.0 -65.55
688.4 -66.91
688.8 -66.65
689.2 -65.73
689.6 -66.29
690.0 -66.74
690.4 -66.44
690.8 -66.17
691.2 -66.16
691.6 -66.04
692.0 -67.09
692.4 -67.25
692.8 -67.08
693.2 -67.49
693.6 -66.8
694.0 -65.81
694.4 -65.6
694.8 -65.83
695.2 -66.01
695.6 -66.58
696.0 -66.95
696.4 -65.86
696.8 -66.49
697.2 -66.31
697.6 -65.95
698.0 -65.01
698.4 -66.36
698.8 -65.59
699.2 -66.01
699.6 -66.71
700.0 -65.94
700.4 -66.19
700.8 -66.96
701.2 -65.61
701.6 -66.25
702.0 -66.14
702.4 -66.62
702.8 -66.73
703.2 -65.67
703.6 -66.08
704.0 -66.38
704.4 -66.03
704.8 -66.34
705.2 -65.61
705.6 -65.99
706.0 -66.46
706.4 -65.9
706.8 -66.67
707.2 -66.06
707.6 -66.12
708.0 -65.48
708.4 -65.97
708.8 -64.97
709.2 -66.06
709.6 -66.27
710.0 -65.66
710.4 -66.22
710.8 -67.15
711.2 -65.0
711.6 -65.93
712.0 -65.15
712.4 -66.34
712.8 -66.87
713.2 -65.7
713.6 -65.24
714.0 -65.91
714.4 -66.24
714.8 -65.77
715.2 -66.13
715.6 -67.14
716.0 -65.54
716.4 -66.79
716.8 -66.48
717.2 -65.68
717.6 -65.58
718.0 -65.22
718.4 -65.3
718.8 -65.92
719.2 -65.88
719.6 -65.24
720.0 -66.4
720.4 -65.97
720.8 -67.04
721.2 -65.67
721.6 -65.05
722.0 -65.41
722.4 -65.89
722.8 -65.25
723.2 -65.68
723.6 -65.78
724.0 -65.07
724.4 -65.3
724.8 -66.17
725.2 -65.99
725.6 -65.18
726.0 -65.11
726.4 -66.23
726.8 -66.15
727.2 -65.77
727.6 -65.77
728.0 -65.79
728.4 -65.6
728.8 -66.24
729.2 -66.27
729.6 -65.25
730.0 -65.58
730.4 -65.91
730.8 -64.51
731.2 -65.09
731.6 -65.17
732.0 -66.43
732.4 -66.03
732.8 -65.02
733.2 -66.16
733.6 -64.9
734.0 -66.46
734.4 -65.48
734.8 -65.29
735.2 -66.08
735.6 -65.25
736.0 -65.79
736.4 -66.63
736.8 -64.56
737.2 -66.02
737.6 -65.91
738.0 -65.8
738.4 -66.23
738.8 -65.4
739.2 -65.79
739.6 -65.25
740.0 -66.25
740.4 -65.04
740.8 -65.33
741.2 -66.35
741.6 -66.85
742.0 -65.2
742.4 -65.95
742.8 -64.9
743.2 -66.38
743.6 -65.73
744.0 -65.49
744.4 -65.65
744.8 -65.04
745.2 -65.27
745.6 -65.08
746.0 -65.32
746.4 -65.45
746.8 -65.14
747.2 -65.38
747.6 -65.22
748.0 -66.05
748.4 -64.86
748.8 -64.78
749.2 -65.03
749.6 -65.03
750.0 -64.91
750.4 -65.08
750.8 -66.06
751.2 -66.06
751.6 -64.98
752.0 -65.23
752.4 -65.02
752.8 -65.85
753.2 -65.41
753.6 -65.98
754.0 -65.63
754.4 -65.49
754.8 -66.43
755.2 -66.55
755.6 -65.25
756.0 -65.77
756.4 -65.31
756.8 -64.85
757.2 -65.36
757.6 -65.65
758.0 -65.38
758.4 -64.63
758.8 -65.78
759.2 -65.36
759.6 -64.96
760.0 -65.52
760.4 -64.92
760.8 -65.15
761.2 -65.25
761.6 -64.09
762.0 -65.5
762.4 -64.68
762.8 -64.95
763.2 -66.21
763.6 -65.45
764.0 -64.83
764.4 -66.88
764.8 -64.99
765.2 -64.51
765.6 -65.21
766.0 -64.75
766.4 -66.77
766.8 -65.35
767.2 -65.48
767.6 -64.65
768.0 -66.08
768.4 -64.96
768.8 -65.1
769.2 -65.04
769.6 -64.75
770.0 -65.38
770.4 -65.35
770.8 -64.62
771.2 -65.09
771.6 -64.94
772.0 -65.21
772.4 -64.78
772.8 -64.99
773.2 -65.79
773.6 -65.02
774.0 -66.58
774.4 -65.5
774.8 -65.46
775.2 -66.08
775.6 -64.92
776.0 -65.25
776.4 -65.06
776.8 -65.59
777.2 -64.0
777.6 -65.03
778.0 -65.12
778.4 -65.05
778.8 -64.96
779.2 -64.67
779.6 -65.05
780.0 -64.49
780.4 -64.98
780.8 -64.72
781.2 -65.47
781.6 -64.4
782.0 -64.79
782.4 -64.73
782.8 -65.36
783.2 -64.67
783.6 -64.7
784.0 -64.28
784.4 -64.67
784.8 -65.27
785.2 -63.97
785.6 -64.52
786.0 -63.58
786.4 -64.21
786.8 -64.62
787.2 -65.36
787.6 -65.53
788.0 -65.07
788.4 -64.58
788.8 -64.41
789.2 -65.32
789.6 -65.74
790.0 -64.68
790.4 -64.57
790.8 -64.98
791.2 -64.88
791.6 -64.16
792.0 -64.39
792.4 -63.98
792.8 -64.93
793.2 -64.81
793.6 -64.84
794.0 -64.57
794.4 -64.01
794.8 -64.11
795.2 -63.99
795.6 -64.62
796.0 -64.02
796.4 -63.88
796.8 -64.85
797.2 -64.84
797.6 -64.38
798.0 -64.87
798.4 -64.4
798.8 -64.99
799.2 -65.08
799.6 -64.51
800.0 -64.79
800.4 -64.5
800.8 -64.02
801.2 -64.11
801.6 -64.24
802.0 -63.74
802.4 -64.21
802.8 -64.44
803.2 -64.17
803.6 -64.66
804.0 -64.82
804.4 -63.64
804.8 -63.83
805.2 -64.0
805.6 -63.49
806.0 -62.25
806.4 -60.53
806.8 -57.22
807.2 -53.6
807.6 -49.58
808.0 -48.23
808.4 -49.21
808.8 -49.94
809.2 -53.93
809.6 -60.82
810.0 -62.7
810.4 -63.32
810.8 -63.94
811.2 -64.37
811.6 -63.49
812.0 -63.93
812.4 -63.98
812.8 -64.68
813.2 -63.93
813.6 -63.87
814.0 -63.77
814.4 -63.58
814.8 -64.28
815.2 -63.86
815.6 -64.19
816.0 -64.2
816.4 -63.71
816.8 -63.56
817.2 -64.15
817.6 -64.82
818.0 -63.47
818.4 -64.17
818.8 -64.08
819.2 -64.09
819.6 -64.29
820.0 -64.11
820.4 -63.66
820.8 -64.39
821.2 -64.07
821.6 -64.0
822.0 -64.1
822.4 -63.5
822.8 -64.41
823.2 -63.43
823.6 -64.16
824.0 -63.82
824.4 -63.39
824.8 -63.59
825.2 -63.58
825.6 -63.46
826.0 -63.61
826.4 -63.47
826.8 -63.82
827.2 -63.31
827.6 -63.6
828.0 -63.75
828.4 -63.92
828.8 -63.7
829.2 -63.76
829.6 -63.27
830.0 -63.87
830.4 -64.02
830.8 -63.66
831.2 -63.31
831.6 -63.14
832.0 -63.0
832.4 -63.01
832.8 -63.67
833.2 -63.31
833.6 -63.39
834.0 -62.69
834.4 -63.11
834.8 -63.16
835.2 -63.03
835.6 -63.06
836.0 -63.2
836.4 -62.89
836.8 -62.98
837.2 -63.45
837.6 -63.09
838.0 -63.21
838.4 -62.95
838.8 -63.07
839.2 -63.09
839.6 -63.48
840.0 -63.28
840.4 -62.92
840.8 -63.26
841.2 -63.37
841.6 -62.79
842.0 -62.84
842.4 -63.24
842.8 -62.94
843.2 -62.98
843.6 -62.98
844.0 -62.85
844.4 -62.97
844.8 -62.89
845.2 -63.23
845.6 -62.86
846.0 -63.29
846.4 -63.06
846.8 -62.94
847.2 -63.22
847.6 -62.65
848.0 -63.01
848.4 -62.85
848.8 -62.83
849.2 -62.69
849.6 -63.01
850.0 -62.52
850.4 -62.84
850.8 -62.67
851.2 -62.86
851.6 -62.38
852.0 -62.35
852.4 -62.58
852.8 -62.88
853.2 -62.49
853.6 -62.66
854.0 -62.67
854.4 -62.05
854.8 -62.44
855.2 -63.06
855.6 -62.73
856.0 -62.78
856.4 -62.46
856.8 -62.58
857.2 -62.99
857.6 -62.9
858.0 -62.72
858.4 -62.23
858.8 -62.32
859.2 -62.57
859.6 -62.19
860.0 -62.57
860.4 -62.74
860.8 -62.19
861.2 -62.44
861.6 -62.59
862.0 -62.83
862.4 -62.62
862.8 -62.78
863.2 -62.91
863.6 -62.59
864.0 -62.36
864.4 -62.54
864.8 -62.39
865.2 -62.14
865.6 -62.61
866.0 -62.69
866.4 -62.36
866.8 -61.9
867.2 -62.49
867.6 -62.52
868.0 -62.16
868.4 -62.62
868.8 -62.42
869.2 -62.75
869.6 -62.29
870.0 -62.33
870.4 -62.24
870.8 -62.19
871.2 -62.34
871.6 -62.69
872.0 -62.46
872.4 -62.41
872.8 -61.92
873.2 -62.51
873.6 -62.13
874.0 -62.17
874.4 -62.38
874.8 -62.41
875.2 -62.07
875.6 -62.25
876.0 -61.94
876.4 -62.35
876.8 -62.18
877.2 -61.73
877.6 -61.8
878.0 -62.28
878.4 -62.03
878.8 -61.75
879.2 -62.19
879.6 -61.89
880.0 -62.03
880.4 -61.88
880.8 -62.29
881.2 -62.08
881.6 -62.17
882.0 -62.4
882.4 -61.99
882.8 -62.04
883.2 -62.68
883.6 -61.98
884.0 -61.68
884.4 -61.72
884.8 -62.12
885.2 -62.07
885.6 -61.61
886.0 -61.83
886.4 -62.0
886.8 -62.1
887.2 -61.77
887.6 -61.87
888.0 -61.52
888.4 -62.1
888.8 -61.66
889.2 -61.35
889.6 -61.71
890.0 -61.86
890.4 -62.22
890.8 -61.54
891.2 -61.9
891.6 -61.99
892.0 -61.71
892.4 -61.58
892.8 -62.06
893.2 -61.65
893.6 -61.94
894.0 -61.74
894.4 -62.22
894.8 -61.95
895.2 -62.01
895.6 -61.9
896.0 -61.95
896.4 -61.39
896.8 -61.7
897.2 -62.2
897.6 -62.02
898.0 -61.67
898.4 -61.97
898.8 -61.77
899.2 -61.56
899.6 -61.82
900.0 -61.78
900.4 -62.11
900.8 -61.43
901.2 -62.04
901.6 -61.91
902.0 -61.7
902.4 -61.14
902.8 -61.85
903.2 -61.54
903.6 -61.73
904.0 -61.53
904.4 -61.97
904.8 -61.39
905.2 -61.5
905.6 -61.52
906.0 -61.38
906.4 -61.56
906.8 -61.45
907.2 -61.41
907.6 -61.19
908.0 -61.65
908.4 -61.31
908.8 -61.41
909.2 -60.89
909.6 -61.74
910.0 -61.33
910.4 -61.46
910.8 -61.12
911.2 -61.27
911.6 -61.47
912.0 -61.3
912.4 -61.21
912.8 -61.38
913.2 -61.26
913.6 -61.34
914.0 -61.49
914.4 -61.3
914.8 -61.15
915.2 -61.25
915.6 -61.37
916.0 -61.47
916.4 -61.05
916.8 -61.21
917.2 -61.01
917.6 -61.08
918.0 -61.14
918.4 -61.07
918.8 -61.08
919.2 -61.09
919.6 -60.87
920.0 -61.17
920.4 -60.9
920.8 -60.94
921.2 -61.01
921.6 -60.77
922.0 -60.99
922.4 -60.63
922.8 -60.86
923.2 -60.69
923.6 -60.86
924.0 -61.01
924.4 -60.99
924.8 -60.85
925.2 -60.67
925.6 -60.56
926.0 -60.53
926.4 -61.13
926.8 -60.7
927.2 -60.49
927.6 -60.88
928.0 -60.63
928.4 -60.35
928.8 -60.5
929.2 -60.5
929.6 -60.31
930.0 -60.43
930.4 -60.47
930.8 -60.35
931.2 -60.67
931.6 -60.42
932.0 -60.34
932.4 -60.55
932.8 -60.29
933.2 -60.3
933.6 -60.33
934.0 -60.36
934.4 -60.26
934.8 -60.45
935.2 -60.51
935.6 -60.23
936.0 -60.38
936.4 -60.4
936.8 -60.35
937.2 -60.36
937.6 -60.3
938.0 -60.33
938.4 -60.37
938.8 -60.12
939.2 -60.08
939.6 -60.2
940.0 -60.16
940.4 -60.11
940.8 -60.29
941.2 -60.24
941.6 -60.0
942.0 -60.12
942.4 -60.03
942.8 -60.05
943.2 -60.02
943.6 -60.07
944.0 -60.03
944.4 -60.09
944.8 -59.87
945.2 -59.81
945.6 -59.87
946.0 -60.04
946.4 -59.84
946.8 -59.84
947.2 -59.98
947.6 -59.92
948.0 -60.0
948.4 -59.76
948.8 -59.73
949.2 -59.87
949.6 -59.92
950.0 -59.72
950.4 -59.89
950.8 -59.99
951.2 -59.92
951.6 -59.88
952.0 -59.9
952.4 -59.81
952.8 -59.8
953.2 -60.03
953.6 -59.9
954.0 -60.11
954.4 -59.75
954.8 -59.93
955.2 -59.99
955.6 -59.84
956.0 -59.92
956.4 -59.74
956.8 -59.95
957.2 -59.77
957.6 -59.92
958.0 -59.96
958.4 -59.68
958.8 -59.74
959.2 -59.88
959.6 -59.66
960.0 -59.73
960.4 -59.66
960.8 -59.63
961.2 -59.47
961.6 -59.57
962.0 -59.56
962.4 -59.6
962.8 -59.58
963.2 -59.61
963.6 -59.53
964.0 -59.33
964.4 -59.51
964.8 -59.39
965.2 -59.59
965.6 -59.39
966.0 -59.44
966.4 -59.51
966.8 -59.31
967.2 -59.51
967.6 -59.52
968.0 -59.24
968.4 -59.38
968.8 -59.4
969.2 -59.46
969.6 -59.41
970.0 -59.35
970.4 -59.43
970.8 -59.5
971.2 -59.3
971.6 -59.49
972.0 -59.53
972.4 -59.41
972.8 -59.66
973.2 -59.49
973.6 -59.42
974.0 -59.67
974.4 -59.55
974.8 -59.58
975.2 -59.6
975.6 -59.71
976.0 -59.71
976.4 -59.91
976.8 -59.74
977.2 -59.73
977.6 -59.76
978.0 -59.64
978.4 -59.76
978.8 -59.71
979.2 -59.71
979.6 -59.75
980.0 -59.72
980.4 -59.7
980.8 -59.78
981.2 -59.65
981.6 -59.47
982.0 -59.52
982.4 -59.7
982.8 -59.49
983.2 -59.46
983.6 -59.4
984.0 -59.34
984.4 -59.43
984.8 -59.26
985.2 -59.14
985.6 -59.15
986.0 -59.27
986.4 -59.07
986.8 -59.21
987.2 -59.06
987.6 -58.89
988.0 -58.95
988.4 -58.95
988.8 -58.71
989.2 -58.75
989.6 -58.92
990.0 -58.62
990.4 -58.63
990.8 -58.74
991.2 -58.74
991.6 -58.76
992.0 -58.63
992.4 -58.55
992.8 -58.65
993.2 -58.75
993.6 -58.56
994.0 -58.59
994.4 -58.71
994.8 -58.73
995.2 -58.67
995.6 -58.58
996.0 -58.89
996.4 -58.82
996.8 -58.95
997.2 -58.72
997.6 -58.84
998.0 -58.86
998.4 -58.77
998.8 -59.02
999.2 -58.81
999.6 -58.83
1000.0 -58.83
