600.0 -71.13
600.4 -78.13
600.8 -78.16
601.2 -67.97
601.6 -210.0
602.0 -210.0
602.4 -210.0
602.8 -68.29
603.2 -210.0
603.6 -74.37
604.0 -210.0
604.4 -210.0
604.8 -210.0
605.2 -72.7
605.6 -78.47
606.0 -75.49
606.4 -71.76
606.8 -74.16
607.2 -75.56
607.6 -210.0
608.0 -210.0
608.4 -210.0
608.8 -71.48
609.2 -71.3
609.6 -68.42
610.0 -210.0
610.4 -74.81
610.8 -210.0
611.2 -210.0
611.6 -210.0
612.0 -74.9
612.4 -210.0
612.8 -74.95
613.2 -210.0
613.6 -210.0
614.0 -82.01
614.4 -76.58
614.8 -210.0
615.2 -210.0
615.6 -210.0
616.0 -74.0
616.4 -210.0
616.8 -210.0
617.2 -210.0
617.6 -210.0
618.0 -76.22
618.4 -70.22
618.8 -210.0
619.2 -210.0
619.6 -72.56
620.0 -74.95
620.4 -210.0
620.8 -85.42
621.2 -210.0
621.6 -210.0
622.0 -210.0
622.4 -74.72
622.8 -210.0
623.2 -71.59
623.6 -80.82
624.0 -72.83
624.4 -210.0
624.8 -73.9
625.2 -210.0
625.6 -79.69
626.0 -76.2
626.4 -210.0
626.8 -210.0
627.2 -73.03
627.6 -210.0
628.0 -75.87
628.4 -210.0
628.8 -210.0
629.2 -82.93
629.6 -75.17
630.0 -71.22
630.4 -76.48
630.8 -210.0
631.2 -86.09
631.6 -210.0
632.0 -210.0
632.4 -72.95
632.8 -76.66
633.2 -83.23
633.6 -72.64
634.0 -210.0
634.4 -210.0
634.8 -81.57
635.2 -79.39
635.6 -83.4
636.0 -72.12
636.4 -210.0
636.8 -210.0
637.2 -71.9
637.6 -74.25
638.0 -86.59
638.4 -80.59
638.8 -75.18
639.2 -210.0
639.6 -76.71
640.0 -77.19
640.4 -210.0
640.8 -76.4
641.2 -210.0
641.6 -73.88
642.0 -210.0
642.4 -77.41
642.8 -72.68
643.2 -73.41
643.6 -73.45
644.0 -78.64
644.4 -75.09
644.8 -87.18
645.2 -210.0
645.6 -74.02
646.0 -70.84
646.4 -71.29
646.8 -84.35
647.2 -73.96
647.6 -210.0
648.0 -76.66
648.4 -79.71
648.8 -77.99
649.2 -74.14
649.6 -210.0
650.0 -71.82
650.4 -75.31
650.8 -70.37
651.2 -74.62
651.6 -76.83
652.0 -74.2
652.4 -75.59
652.8 -210.0
653.2 -210.0
653.6 -70.92
654.0 -81.62
654.4 -73.17
654.8 -73.03
655.2 -71.42
655.6 -69.66
656.0 -73.52
656.4 -72.22
656.8 -70.76
657.2 -73.7
657.6 -82.9
658.0 -72.62
658.4 -76.88
658.8 -81.66
659.2 -75.64
659.6 -210.0
660.0 -210.0
660.4 -74.27
660.8 -72.51
661.2 -71.57
661.6 -71.78
662.0 -75.39
662.4 -74.08
662.8 -210.0
663.2 -72.78
663.6 -70.88
664.0 -72.78
664.4 -72.64
664.8 -75.39
665.2 -69.57
665.6 -79.24
666.0 -73.07
666.4 -74.69
666.8 -75.14
667.2 -72.38
667.6 -72.13
668.0 -73.55
668.4 -77.28
668.8 -72.51
669.2 -73.89
669.6 -75.14
670.0 -73.37
670.4 -72.37
670.8 -71.24
671.2 -210.0
671.6 -73.53
672.0 -210.0
672.4 -74.44
672.8 -73.18
673.2 -75.61
673.6 -70.25
674.0 -81.62
674.4 -69.79
674.8 -76.17
675.2 -72.45
675.6 -70.48
676.0 -74.01
676.4 -71.29
676.8 -73.3
677.2 -71.93
677.6 -72.56
678.0 -74.6
678.4 -76.14
678.8 -73.62
679.2 -72.41
679.6 -72.28
680.0 -72.53
680.4 -78.04
680.8 -71.66
681.2 -77.58
681.6 -76.77
682.0 -75.25
682.4 -71.64
682.8 -81.52
683.2 -70.3
683.6 -71.51
684.0 -73.06
684.4 -210.0
684.8 -70.8
685.2 -74.73
685.6 -72.89
686.0 -69.31
686.4 -73.7
686.8 -73.18
687.2 -73.52
687.6 -71.46
688.0 -74.7
688.4 -69.28
688.8 -73.86
689.2 -72.55
689.6 -72.41
690.0 -71.54
690.4 -73.13
690.8 -69.89
691.2 -70.71
691.6 -75.67
692.0 -70.99
692.4 -71.85
692.8 -78.38
693.2 -68.43
693.6 -74.18
694.0 -72.62
694.4 -69.32
694.8 -70.66
695.2 -74.37
695.6 -72.32
696.0 -70.64
696.4 -72.58
696.8 -73.38
697.2 -72.16
697.6 -71.78
698.0 -72.02
698.4 -71.53
698.8 -72.41
699.2 -210.0
699.6 -71.63
700.0 -75.26
700.4 -74.51
700.8 -69.44
701.2 -71.16
701.6 -73.48
702.0 -70.29
702.4 -71.03
702.8 -71.82
703.2 -71.81
703.6 -70.18
704.0 -70.34
704.4 -73.81
704.8 -72.61
705.2 -71.2
705.6 -69.03
706.0 -72.3
706.4 -73.23
706.8 -69.14
707.2 -70.04
707.6 -73.22
708.0 -72.71
708.4 -70.02
708.8 -73.37
709.2 -70.83
709.6 -69.61
710.0 -73.73
710.4 -72.1
710.8 -75.68
711.2 -76.01
711.6 -71.34
712.0 -71.82
712.4 -71.45
712.8 -68.86
713.2 -75.36
713.6 -74.56
714.0 -71.55
714.4 -72.79
714.8 -82.33
715.2 -70.66
715.6 -74.79
716.0 -71.91
716.4 -69.45
716.8 -73.28
717.2 -72.02
717.6 -70.35
718.0 -74.51
718.4 -69.28
718.8 -70.52
719.2 -69.13
719.6 -75.92
720.0 -72.57
720.4 -75.0
720.8 -210.0
721.2 -70.05
721.6 -74.25
722.0 -70.59
722.4 -69.62
722.8 -69.61
723.2 -73.04
723.6 -70.89
724.0 -72.23
724.4 -69.45
724.8 -70.37
725.2 -68.02
725.6 -71.55
726.0 -68.66
726.4 -70.96
726.8 -71.41
727.2 -68.52
727.6 -70.95
728.0 -69.89
728.4 -74.92
728.8 -74.65
729.2 -82.18
729.6 -70.83
730.0 -71.63
730.4 -71.38
730.8 -69.86
731.2 -72.96
731.6 -69.86
732.0 -70.9
732.4 -72.45
732.8 -70.3
733.2 -74.61
733.6 -72.14
734.0 -70.1
734.4 -71.22
734.8 -68.71
735.2 -68.78
735.6 -82.12
736.0 -70.46
736.4 -69.1
736.8 -70.86
737.2 -73.88
737.6 -71.43
738.0 -73.26
738.4 -73.26
738.8 -68.74
739.2 -70.14
739.6 -71.3
740.0 -70.83
740.4 -210.0
740.8 -73.24
741.2 -75.38
741.6 -72.37
742.0 -69.21
742.4 -78.39
742.8 -71.52
743.2 -71.04
743.6 -68.64
744.0 -70.49
744.4 -71.91
744.8 -68.5
745.2 -73.4
745.6 -70.9
746.0 -67.78
746.4 -72.19
746.8 -69.74
747.2 -69.25
747.6 -70.37
748.0 -73.8
748.4 -73.57
748.8 -69.98
749.2 -69.98
749.6 -68.6
750.0 -70.66
750.4 -70.06
750.8 -70.05
751.2 -71.21
751.6 -69.69
752.0 -71.84
752.4 -71.98
752.8 -80.72
753.2 -69.5
753.6 -70.71
754.0 -68.88
754.4 -74.68
754.8 -69.4
755.2 -68.65
755.6 -68.39
756.0 -70.91
756.4 -70.68
756.8 -71.51
757.2 -68.12
757.6 -72.06
758.0 -71.24
758.4 -70.88
758.8 -70.05
759.2 -69.68
759.6 -76.67
760.0 -68.59
760.4 -70.86
760.8 -71.59
761.2 -68.72
761.6 -70.02
762.0 -73.41
762.4 -70.2
762.8 -70.39
763.2 -70.6
763.6 -68.77
764.0 -69.89
764.4 -70.82
764.8 -68.97
765.2 -70.81
765.6 -71.69
766.0 -70.57
766.4 -69.35
766.8 -70.15
767.2 -68.13
767.6 -68.59
768.0 -69.95
768.4 -70.14
768.8 -68.78
769.2 -70.03
769.6 -70.03
770.0 -69.4
770.4 -71.5
770.8 -74.0
771.2 -71.24
771.6 -74.0
772.0 -68.62
772.4 -69.73
772.8 -68.69
773.2 -69.47
773.6 -71.63
774.0 -69.46
774.4 -68.02
774.8 -72.39
775.2 -68.83
775.6 -69.63
776.0 -69.9
776.4 -70.19
776.8 -68.97
777.2 -67.89
777.6 -70.96
778.0 -69.36
778.4 -68.06
778.8 -70.95
779.2 -69.44
779.6 -71.2
780.0 -71.59
780.4 -69.88
780.8 -70.07
781.2 -69.88
781.6 -69.51
782.0 -68.94
782.4 -67.98
782.8 -70.16
783.2 -73.26
783.6 -68.03
784.0 -70.36
784.4 -72.87
784.8 -70.14
785.2 -69.57
785.6 -71.85
786.0 -68.84
786.4 -70.9
786.8 -71.69
787.2 -68.61
787.6 -69.22
788.0 -69.31
788.4 -70.66
788.8 -71.14
789.2 -69.55
789.6 -68.19
790.0 -68.25
790.4 -74.14
790.8 -69.82
791.2 -69.19
791.6 -70.31
792.0 -71.25
792.4 -70.1
792.8 -68.1
793.2 -67.97
793.6 -70.74
794.0 -70.08
794.4 -71.36
794.8 -69.98
795.2 -68.71
795.6 -69.78
796.0 -70.07
796.4 -71.09
796.8 -67.71
797.2 -68.69
797.6 -69.86
798.0 -70.71
798.4 -71.07
798.8 -68.98
799.2 -68.12
799.6 -70.15
800.0 -69.22
800.4 -67.51
800.8 -67.8
801.2 -71.91
801.6 -68.68
802.0 -68.06
802.4 -68.46
802.8 -69.58
803.2 -69.49
803.6 -68.84
804.0 -69.08
804.4 -68.48
804.8 -67.06
805.2 -70.28
805.6 -68.22
806.0 -68.22
806.4 -64.06
806.8 -60.7
807.2 -57.31
807.6 -53.22
808.0 -51.66
808.4 -52.81
808.8 -53.36
809.2 -56.89
809.6 -65.9
810.0 -66.95
810.4 -68.33
810.8 -68.4
811.2 -67.33
811.6 -67.9
812.0 -68.29
812.4 -69.41
812.8 -70.58
813.2 -67.01
813.6 -69.19
814.0 -67.82
814.4 -70.09
814.8 -71.62
815.2 -72.22
815.6 -70.21
816.0 -67.69
816.4 -67.27
816.8 -68.93
817.2 -69.5
817.6 -71.02
818.0 -69.77
818.4 -68.47
818.8 -68.03
819.2 -68.55
819.6 -70.7
820.0 -68.0
820.4 -67.3
820.8 -67.12
821.2 -68.61
821.6 -67.66
822.0 -69.3
822.4 -69.57
822.8 -69.58
823.2 -70.22
823.6 -68.7
824.0 -68.86
824.4 -69.72
824.8 -67.78
825.2 -68.63
825.6 -69.77
826.0 -68.66
826.4 -70.25
826.8 -69.19
827.2 -69.05
827.6 -69.07
828.0 -69.53
828.4 -69.32
828.8 -67.33
829.2 -68.92
829.6 -67.13
830.0 -71.58
830.4 -69.65
830.8 -68.11
831.2 -69.33
831.6 -69.43
832.0 -68.24
832.4 -67.42
832.8 -67.68
833.2 -67.3
833.6 -69.16
834.0 -69.91
834.4 -68.54
834.8 -68.68
835.2 -67.82
835.6 -69.65
836.0 -69.14
836.4 -68.41
836.8 -70.27
837.2 -68.46
837.6 -67.62
838.0 -68.31
838.4 -67.77
838.8 -69.96
839.2 -67.92
839.6 -69.53
840.0 -68.15
840.4 -67.69
840.8 -68.1
841.2 -67.28
841.6 -67.87
842.0 -68.65
842.4 -68.09
842.8 -69.15
843.2 -68.04
843.6 -67.12
844.0 -68.18
844.4 -68.23
844.8 -68.17
845.2 -69.02
845.6 -67.42
846.0 -67.59
846.4 -67.8
846.8 -68.37
847.2 -67.54
847.6 -68.07
848.0 -67.02
848.4 -67.71
848.8 -66.74
849.2 -68.67
849.6 -66.6
850.0 -66.8
850.4 -67.2
850.8 -67.32
851.2 -67.12
851.6 -67.12
852.0 -68.29
852.4 -67.39
852.8 -67.68
853.2 -67.03
853.6 -68.43
854.0 -67.41
854.4 -67.45
854.8 -67.45
855.2 -67.29
855.6 -67.4
856.0 -67.49
856.4 -66.62
856.8 -67.44
857.2 -66.85
857.6 -65.55
858.0 -67.35
858.4 -67.64
858.8 -67.07
859.2 -66.3
859.6 -66.84
860.0 -67.06
860.4 -66.69
860.8 -67.16
861.2 -66.58
861.6 -67.27
862.0 -67.65
862.4 -67.39
862.8 -65.98
863.2 -67.3
863.6 -67.42
864.0 -67.67
864.4 -67.24
864.8 -67.49
865.2 -67.31
865.6 -67.61
866.0 -66.96
866.4 -66.69
866.8 -67.18
867.2 -67.91
867.6 -66.05
868.0 -66.78
868.4 -67.41
868.8 -66.88
869.2 -67.27
869.6 -66.81
870.0 -66.21
870.4 -66.2
870.8 -67.73
871.2 -67.16
871.6 -66.38
872.0 -66.99
872.4 -66.24
872.8 -67.18
873.2 -66.0
873.6 -67.08
874.0 -66.49
874.4 -68.15
874.8 -67.1
875.2 -67.48
875.6 -65.81
876.0 -66.34
876.4 -66.66
876.8 -67.03
877.2 -66.86
877.6 -66.6
878.0 -66.28
878.4 -67.43
878.8 -67.12
879.2 -66.23
879.6 -66.13
880.0 -67.06
880.4 -65.0
880.8 -68.38
881.2 -67.53
881.6 -67.81
882.0 -65.71
882.4 -65.7
882.8 -66.63
883.2 -66.74
883.6 -66.41
884.0 -66.31
884.4 -66.34
884.8 -66.62
885.2 -67.08
885.6 -66.4
886.0 -66.58
886.4 -65.72
886.8 -66.23
887.2 -67.11
887.6 -66.46
888.0 -67.03
888.4 -67.46
888.8 -66.19
889.2 -66.46
889.6 -67.78
890.0 -66.82
890.4 -65.98
890.8 -66.02
891.2 -66.91
891.6 -66.36
892.0 -66.26
892.4 -67.56
892.8 -67.09
893.2 -65.98
893.6 -66.52
894.0 -66.98
894.4 -67.19
894.8 -65.9
895.2 -67.28
895.6 -66.72
896.0 -66.17
896.4 -66.48
896.8 -66.02
897.2 -66.49
897.6 -66.02
898.0 -66.0
898.4 -66.68
898.8 -66.3
899.2 -65.76
899.6 -66.44
900.0 -67.16
900.4 -66.71
900.8 -66.47
901.2 -66.73
901.6 -66.91
902.0 -65.9
902.4 -67.92
902.8 -66.14
903.2 -66.48
903.6 -66.77
904.0 -66.56
904.4 -66.54
904.8 -66.62
905.2 -69.07
905.6 -67.15
906.0 -67.0
906.4 -67.09
906.8 -66.91
907.2 -66.01
907.6 -66.88
908.0 -66.82
908.4 -66.87
908.8 -66.23
909.2 -66.05
909.6 -67.19
910.0 -65.89
910.4 -65.91
910.8 -66.29
911.2 -66.31
911.6 -66.69
912.0 -66.43
912.4 -66.17
912.8 -65.81
913.2 -64.92
913.6 -66.25
914.0 -66.52
914.4 -67.39
914.8 -66.86
915.2 -67.09
915.6 -66.46
916.0 -66.8
916.4 -66.76
916.8 -66.09
917.2 -66.92
917.6 -66.21
918.0 -67.16
918.4 -67.6
918.8 -68.22
919.2 -68.46
919.6 -67.16
920.0 -67.08
920.4 -67.38
920.8 -67.44
921.2 -67.41
921.6 -67.4
922.0 -67.92
922.4 -66.48
922.8 -67.17
923.2 -67.05
923.6 -66.22
924.0 -66.44
924.4 -66.57
924.8 -67.4
925.2 -66.81
925.6 -67.29
926.0 -66.53
926.4 -67.62
926.8 -67.28
927.2 -67.87
927.6 -67.67
928.0 -67.87
928.4 -68.3
928.8 -67.31
929.2 -67.66
929.6 -67.87
930.0 -66.73
930.4 -67.48
930.8 -68.2
931.2 -66.46
931.6 -67.5
932.0 -67.81
932.4 -67.62
932.8 -68.65
933.2 -67.56
933.6 -67.86
934.0 -67.34
934.4 -67.55
934.8 -68.29
935.2 -67.73
935.6 -69.54
936.0 -68.76
936.4 -68.07
936.8 -68.05
937.2 -68.16
937.6 -68.36
938.0 -67.74
938.4 -68.89
938.8 -67.82
939.2 -67.84
939.6 -67.79
940.0 -68.41
940.4 -66.92
940.8 -67.93
941.2 -68.8
941.6 -67.62
942.0 -68.27
942.4 -68.75
942.8 -67.95
943.2 -68.53
943.6 -67.81
944.0 -68.8
944.4 -68.53
944.8 -68.66
945.2 -68.51
945.6 -68.64
946.0 -68.3
946.4 -67.7
946.8 -68.82
947.2 -68.15
947.6 -68.87
948.0 -68.49
948.4 -69.44
948.8 -69.63
949.2 -68.15
949.6 -68.01
950.0 -68.03
950.4 -67.79
950.8 -67.51
951.2 -68.0
951.6 -68.59
952.0 -67.93
952.4 -68.53
952.8 -68.65
953.2 -67.63
953.6 -68.9
954.0 -68.62
954.4 -69.05
954.8 -68.22
955.2 -68.42
955.6 -68.6
956.0 -68.85
956.4 -68.42
956.8 -68.57
957.2 -67.66
957.6 -69.11
958.0 -68.72
958.4 -68.11
958.8 -67.3
959.2 -68.02
959.6 -69.07
960.0 -68.28
960.4 -68.18
960.8 -68.51
961.2 -68.1
961.6 -68.09
962.0 -68.35
962.4 -69.14
962.8 -68.08
963.2 -68.6
963.6 -67.83
964.0 -68.48
964.4 -67.5
964.8 -68.36
965.2 -68.09
965.6 -67.43
966.0 -67.51
966.4 -67.95
966.8 -68.23
967.2 -68.26
967.6 -68.59
968.0 -68.09
968.4 -68.5
968.8 -68.27
969.2 -69.13
969.6 -68.2
970.0 -68.19
970.4 -68.55
970.8 -68.85
971.2 -68.58
971.6 -68.08
972.0 -68.45
972.4 -69.19
972.8 -68.2
973.2 -68.23
973.6 -68.73
974.0 -69.28
974.4 -68.73
974.8 -68.74
975.2 -68.14
975.6 -68.54
976.0 -68.63
976.4 -69.04
976.8 -68.45
977.2 -68.65
977.6 -68.4
978.0 -68.71
978.4 -68.72
978.8 -69.07
979.2 -68.5
979.6 -68.72
980.0 -68.86
980.4 -68.67
980.8 -68.92
981.2 -69.07
981.6 -69.05
982.0 -68.31
982.4 -69.16
982.8 -69.01
983.2 -67.99
983.6 -68.31
984.0 -68.12
984.4 -68.88
984.8 -68.74
985.2 -69.18
985.6 -68.95
986.0 -68.18
986.4 -68.49
986.8 -68.6
987.2 -68.73
987.6 -68.59
988.0 -68.61
988.4 -68.38
988.8 -68.68
989.2 -68.05
989.6 -68.83
990.0 -67.86
990.4 -68.49
990.8 -67.91
991.2 -68.37
991.6 -68.54
992.0 -68.3
992.4 -67.73
992.8 -67.81
993.2 -67.43
993.6 -67.33
994.0 -67.61
994.4 -67.25
994.8 -67.69
995.2 -67.28
995.6 -66.93
996.0 -67.71
996.4 -68.01
996.8 -67.56
997.2 -67.56
997.6 -68.08
998.0 -67.36
998.4 -67.12
998.8 -67.87
999.2 -67.07
999.6 -67.41
1000.0 -68.15
