600.0 -79.36
600.4 -81.15
600.8 -78.16
601.2 -210.0
601.6 -210.0
602.0 -70.84
602.4 -210.0
602.8 -210.0
603.2 -210.0
603.6 -210.0
604.0 -210.0
604.4 -68.39
604.8 -70.3
605.2 -68.78
605.6 -71.07
606.0 -210.0
606.4 -210.0
606.8 -210.0
607.2 -210.0
607.6 -76.17
608.0 -71.23
608.4 -79.9
608.8 -210.0
609.2 -84.73
609.6 -70.78
610.0 -210.0
610.4 -75.26
610.8 -210.0
611.2 -71.84
611.6 -68.85
612.0 -71.89
612.4 -76.47
612.8 -70.17
613.2 -74.55
613.6 -210.0
614.0 -210.0
614.4 -210.0
614.8 -71.64
615.2 -79.06
615.6 -75.11
616.0 -75.14
616.4 -74.74
616.8 -71.56
617.2 -210.0
617.6 -69.91
618.0 -80.48
618.4 -76.24
618.8 -80.52
619.2 -210.0
619.6 -210.0
620.0 -210.0
620.4 -74.6
620.8 -79.39
621.2 -77.66
621.6 -210.0
622.0 -210.0
622.4 -75.1
622.8 -210.0
623.2 -73.8
623.6 -210.0
624.0 -70.99
624.4 -75.23
624.8 -85.67
625.2 -210.0
625.6 -85.72
626.0 -70.18
626.4 -72.34
626.8 -73.01
627.2 -70.37
627.6 -73.54
628.0 -72.44
628.4 -75.48
628.8 -72.3
629.2 -210.0
629.6 -82.96
630.0 -78.21
630.4 -73.72
630.8 -86.06
631.2 -210.0
631.6 -83.11
632.0 -83.14
632.4 -210.0
632.8 -210.0
633.2 -75.44
633.6 -80.23
634.0 -210.0
634.4 -77.86
634.8 -75.93
635.2 -75.58
635.6 -74.64
636.0 -73.88
636.4 -210.0
636.8 -72.35
637.2 -80.5
637.6 -72.41
638.0 -210.0
638.4 -71.56
638.8 -76.65
639.2 -74.12
639.6 -80.68
640.0 -76.74
640.4 -75.31
640.8 -76.02
641.2 -210.0
641.6 -73.46
642.0 -210.0
642.4 -83.95
642.8 -73.99
643.2 -210.0
643.6 -210.0
644.0 -210.0
644.4 -76.34
644.8 -210.0
645.2 -76.79
645.6 -210.0
646.0 -82.5
646.4 -73.89
646.8 -74.8
647.2 -75.62
647.6 -210.0
648.0 -72.54
648.4 -210.0
648.8 -210.0
649.2 -82.79
649.6 -210.0
650.0 -75.57
650.4 -81.59
650.8 -80.63
651.2 -72.18
651.6 -87.63
652.0 -87.63
652.4 -74.63
652.8 -73.49
653.2 -87.64
653.6 -76.51
654.0 -73.17
654.4 -75.6
654.8 -72.6
655.2 -72.47
655.6 -210.0
656.0 -79.88
656.4 -210.0
656.8 -73.86
657.2 -72.23
657.6 -75.12
658.0 -76.54
658.4 -75.91
658.8 -210.0
659.2 -72.5
659.6 -76.89
660.0 -72.38
660.4 -71.07
660.8 -72.51
661.2 -81.67
661.6 -73.89
662.0 -210.0
662.4 -75.39
662.8 -82.92
663.2 -71.9
663.6 -74.91
664.0 -74.27
664.4 -73.22
664.8 -81.67
665.2 -210.0
665.6 -74.69
666.0 -77.7
666.4 -82.92
666.8 -75.14
667.2 -77.7
667.6 -77.7
668.0 -84.69
668.4 -78.66
668.8 -79.91
669.2 -72.64
669.6 -76.23
670.0 -73.88
670.4 -73.71
670.8 -75.63
671.2 -72.11
671.6 -70.43
672.0 -210.0
672.4 -74.66
672.8 -82.88
673.2 -75.1
673.6 -71.32
674.0 -210.0
674.4 -75.6
674.8 -72.72
675.2 -75.08
675.6 -76.5
676.0 -75.07
676.4 -210.0
676.8 -210.0
677.2 -73.3
677.6 -78.58
678.0 -73.99
678.4 -73.8
678.8 -79.81
679.2 -76.13
679.6 -76.13
680.0 -78.55
680.4 -210.0
680.8 -76.11
681.2 -72.39
681.6 -71.13
682.0 -72.11
682.4 -210.0
682.8 -78.51
683.2 -210.0
683.6 -74.53
684.0 -73.22
684.4 -210.0
684.8 -80.54
685.2 -74.09
685.6 -71.49
686.0 -77.51
686.4 -71.94
686.8 -73.88
687.2 -74.94
687.6 -72.57
688.0 -78.45
688.4 -74.25
688.8 -82.7
689.2 -73.66
689.6 -79.01
690.0 -72.83
690.4 -78.99
690.8 -71.88
691.2 -74.88
691.6 -71.99
692.0 -210.0
692.4 -73.8
692.8 -72.5
693.2 -72.78
693.6 -71.84
694.0 -72.21
694.4 -74.83
694.8 -78.93
695.2 -79.59
695.6 -74.15
696.0 -73.22
696.4 -73.21
696.8 -78.32
697.2 -76.21
697.6 -76.55
698.0 -71.1
698.4 -74.77
698.8 -75.56
699.2 -210.0
699.6 -75.27
700.0 -73.69
700.4 -73.15
700.8 -72.24
701.2 -71.16
701.6 -81.26
702.0 -72.36
702.4 -74.26
702.8 -72.79
703.2 -70.92
703.6 -71.69
704.0 -72.93
704.4 -78.2
704.8 -77.69
705.2 -69.98
705.6 -69.9
706.0 -73.24
706.4 -74.9
706.8 -77.66
707.2 -73.22
707.6 -74.19
708.0 -80.2
708.4 -71.99
708.8 -210.0
709.2 -74.61
709.6 -81.14
710.0 -69.67
710.4 -210.0
710.8 -78.69
711.2 -80.16
711.6 -74.35
712.0 -75.37
712.4 -72.36
712.8 -73.9
713.2 -71.68
713.6 -74.81
714.0 -73.31
714.4 -75.97
714.8 -77.56
715.2 -72.62
715.6 -76.68
716.0 -71.18
716.4 -70.1
716.8 -74.08
717.2 -70.26
717.6 -210.0
718.0 -71.27
718.4 -72.44
718.8 -74.5
719.2 -71.26
719.6 -73.44
720.0 -69.49
720.4 -75.91
720.8 -70.41
721.2 -210.0
721.6 -73.81
722.0 -71.97
722.4 -73.22
722.8 -75.25
723.2 -72.1
723.6 -73.59
724.0 -74.0
724.4 -82.23
724.8 -71.81
725.2 -73.77
725.6 -73.19
726.0 -70.08
726.4 -74.68
726.8 -71.29
727.2 -75.21
727.6 -72.35
728.0 -73.96
728.4 -72.05
728.8 -74.4
729.2 -72.18
729.6 -70.93
730.0 -72.17
730.4 -210.0
730.8 -70.21
731.2 -210.0
731.6 -72.46
732.0 -73.31
732.4 -75.79
732.8 -71.13
733.2 -80.89
733.6 -73.91
734.0 -70.38
734.4 -210.0
734.8 -72.28
735.2 -72.28
735.6 -76.48
736.0 -70.56
736.4 -74.84
736.8 -71.7
737.2 -72.57
737.6 -76.46
738.0 -72.56
738.4 -72.4
738.8 -71.18
739.2 -76.07
739.6 -74.82
740.0 -73.24
740.4 -83.85
740.8 -74.3
741.2 -75.08
741.6 -72.7
742.0 -72.53
742.4 -72.22
742.8 -75.37
743.2 -70.92
743.6 -71.04
744.0 -78.37
744.4 -72.05
744.8 -74.04
745.2 -73.82
745.6 -70.69
746.0 -72.04
746.4 -74.26
746.8 -75.35
747.2 -72.03
747.6 -210.0
748.0 -73.0
748.4 -74.24
748.8 -71.48
749.2 -72.32
749.6 -74.49
750.0 -73.78
750.4 -70.55
750.8 -74.73
751.2 -78.99
751.6 -73.76
752.0 -78.97
752.4 -78.3
752.8 -71.97
753.2 -70.31
753.6 -72.59
754.0 -77.19
754.4 -70.39
754.8 -71.04
755.2 -70.09
755.6 -70.59
756.0 -70.47
756.4 -70.68
756.8 -70.46
757.2 -72.22
757.6 -71.77
758.0 -70.89
758.4 -70.44
758.8 -72.87
759.2 -69.18
759.6 -75.2
760.0 -69.93
760.4 -72.68
760.8 -72.67
761.2 -75.85
761.6 -73.64
762.0 -74.87
762.4 -71.72
762.8 -71.06
763.2 -78.84
763.6 -73.2
764.0 -70.49
764.4 -80.59
764.8 -71.42
765.2 -70.81
765.6 -72.46
766.0 -69.69
766.4 -71.82
766.8 -80.56
767.2 -78.8
767.6 -70.46
768.0 -71.52
768.4 -75.44
768.8 -210.0
769.2 -74.26
769.6 -70.13
770.0 -72.08
770.4 -70.99
770.8 -70.99
771.2 -70.22
771.6 -74.25
772.0 -74.78
772.4 -73.32
772.8 -70.98
773.2 -71.1
773.6 -69.14
774.0 -70.74
774.4 -71.91
774.8 -75.74
775.2 -70.1
775.6 -74.49
776.0 -69.54
776.4 -73.52
776.8 -69.9
777.2 -70.5
777.6 -71.61
778.0 -71.6
778.4 -71.6
778.8 -71.89
779.2 -71.74
779.6 -70.49
780.0 -72.53
780.4 -72.19
780.8 -70.82
781.2 -70.94
781.6 -70.58
782.0 -71.18
782.4 -69.17
782.8 -73.49
783.2 -70.05
783.6 -69.5
784.0 -71.86
784.4 -73.06
784.8 -78.02
785.2 -72.0
785.6 -68.02
786.0 -70.04
786.4 -71.55
786.8 -71.28
787.2 -71.15
787.6 -73.24
788.0 -69.14
788.4 -71.01
788.8 -69.3
789.2 -79.47
789.6 -72.84
790.0 -70.42
790.4 -70.42
790.8 -75.31
791.2 -76.02
791.6 -70.99
792.0 -71.12
792.4 -70.75
792.8 -81.65
793.2 -71.37
793.6 -73.0
794.0 -68.22
794.4 -71.23
794.8 -71.23
795.2 -70.73
795.6 -79.42
796.0 -72.79
796.4 -71.93
796.8 -72.43
797.2 -71.08
797.6 -73.84
798.0 -69.96
798.4 -69.85
798.8 -68.98
799.2 -68.46
799.6 -71.47
800.0 -69.3
800.4 -75.24
800.8 -70.69
801.2 -71.33
801.6 -69.66
802.0 -78.6
802.4 -71.91
802.8 -68.61
803.2 -69.67
803.6 -72.42
804.0 -69.08
804.4 -81.63
804.8 -71.93
805.2 -67.37
805.6 -67.78
806.0 -66.92
806.4 -65.7
806.8 -61.9
807.2 -57.97
807.6 -54.41
808.0 -52.62
808.4 -53.7
808.8 -54.41
809.2 -57.88
809.6 -66.57
810.0 -68.25
810.4 -69.47
810.8 -71.28
811.2 -71.69
811.6 -70.68
812.0 -70.8
812.4 -69.08
812.8 -72.02
813.2 -69.88
813.6 -69.79
814.0 -72.71
814.4 -72.38
814.8 -68.98
815.2 -74.77
815.6 -69.06
816.0 -70.22
816.4 -71.79
816.8 -69.84
817.2 -73.15
817.6 -69.86
818.0 -69.96
818.4 -70.06
818.8 -69.28
819.2 -70.28
819.6 -68.98
820.0 -69.0
820.4 -67.45
820.8 -68.96
821.2 -70.55
821.6 -69.88
822.0 -73.7
822.4 -77.18
822.8 -71.42
823.2 -70.03
823.6 -70.14
824.0 -70.45
824.4 -67.87
824.8 -69.49
825.2 -72.2
825.6 -71.16
826.0 -70.42
826.4 -69.97
826.8 -68.57
827.2 -71.11
827.6 -70.69
828.0 -68.24
828.4 -70.42
828.8 -70.84
829.2 -69.74
829.6 -68.87
830.0 -71.84
830.4 -70.15
830.8 -70.01
831.2 -68.54
831.6 -70.8
832.0 -68.03
832.4 -69.13
832.8 -69.23
833.2 -71.46
833.6 -69.09
834.0 -68.23
834.4 -72.03
834.8 -69.18
835.2 -68.65
835.6 -68.92
836.0 -71.23
836.4 -70.51
836.8 -69.96
837.2 -69.69
837.6 -70.76
838.0 -73.46
838.4 -70.0
838.8 -70.11
839.2 -69.18
839.6 -69.4
840.0 -70.58
840.4 -70.03
840.8 -68.76
841.2 -73.26
841.6 -68.87
842.0 -70.49
842.4 -69.46
842.8 -71.6
843.2 -70.02
843.6 -68.69
844.0 -67.08
844.4 -70.74
844.8 -69.65
845.2 -68.52
845.6 -70.23
846.0 -68.74
846.4 -68.91
846.8 -71.18
847.2 -69.13
847.6 -69.32
848.0 -69.07
848.4 -69.58
848.8 -68.57
849.2 -69.13
849.6 -71.17
850.0 -69.06
850.4 -69.37
850.8 -68.4
851.2 -69.23
851.6 -68.34
852.0 -69.9
852.4 -68.6
852.8 -69.16
853.2 -70.12
853.6 -68.92
854.0 -68.12
854.4 -70.26
854.8 -68.12
855.2 -67.41
855.6 -68.73
856.0 -69.33
856.4 -68.02
856.8 -68.73
857.2 -70.74
857.6 -67.23
858.0 -68.95
858.4 -68.0
858.8 -67.77
859.2 -69.12
859.6 -67.18
860.0 -69.56
860.4 -68.93
860.8 -69.16
861.2 -68.69
861.6 -67.04
862.0 -68.63
862.4 -68.85
862.8 -69.08
863.2 -67.91
863.6 -68.24
864.0 -68.19
864.4 -68.44
864.8 -68.94
865.2 -67.57
865.6 -67.7
866.0 -68.37
866.4 -67.56
866.8 -69.1
867.2 -68.0
867.6 -67.86
868.0 -68.96
868.4 -68.09
868.8 -67.98
869.2 -67.36
869.6 -67.75
870.0 -68.65
870.4 -69.58
870.8 -68.11
871.2 -68.8
871.6 -69.16
872.0 -68.79
872.4 -66.68
872.8 -67.74
873.2 -68.22
873.6 -69.9
874.0 -67.33
874.4 -68.93
874.8 -68.8
875.2 -68.04
875.6 -66.39
876.0 -67.55
876.4 -68.84
876.8 -69.14
877.2 -67.71
877.6 -68.42
878.0 -68.19
878.4 -68.04
878.8 -68.8
879.2 -68.61
879.6 -68.07
880.0 -67.36
880.4 -68.84
880.8 -68.84
881.2 -67.27
881.6 -68.27
882.0 -68.72
882.4 -68.1
882.8 -68.54
883.2 -68.21
883.6 -68.65
884.0 -68.54
884.4 -68.77
884.8 -68.41
885.2 -68.88
885.6 -67.75
886.0 -66.51
886.4 -67.25
886.8 -68.14
887.2 -67.83
887.6 -68.4
888.0 -69.77
888.4 -67.98
888.8 -67.78
889.2 -67.33
889.6 -66.83
890.0 -67.63
890.4 -67.77
890.8 -67.16
891.2 -68.19
891.6 -67.24
892.0 -68.36
892.4 -69.34
892.8 -67.22
893.2 -67.9
893.6 -68.05
894.0 -69.09
894.4 -69.03
894.8 -69.24
895.2 -67.03
895.6 -68.02
896.0 -67.0
896.4 -68.57
896.8 -67.09
897.2 -68.63
897.6 -67.05
898.0 -69.4
898.4 -70.41
898.8 -66.72
899.2 -67.96
899.6 -68.37
900.0 -66.62
900.4 -68.5
900.8 -68.04
901.2 -67.58
901.6 -67.71
902.0 -67.82
902.4 -68.27
902.8 -68.03
903.2 -69.03
903.6 -69.93
904.0 -68.69
904.4 -67.59
904.8 -68.65
905.2 -67.4
905.6 -67.23
906.0 -68.19
906.4 -68.46
906.8 -70.93
907.2 -67.57
907.6 -67.31
908.0 -67.58
908.4 -67.54
908.8 -68.2
909.2 -71.81
909.6 -68.41
910.0 -69.7
910.4 -66.82
910.8 -67.32
911.2 -68.04
911.6 -68.11
912.0 -67.41
912.4 -66.3
912.8 -66.25
913.2 -66.58
913.6 -66.91
914.0 -67.63
914.4 -68.12
914.8 -68.43
915.2 -67.98
915.6 -67.64
916.0 -67.66
916.4 -68.7
916.8 -69.27
917.2 -68.43
917.6 -68.4
918.0 -68.09
918.4 -68.58
918.8 -68.75
919.2 -68.56
919.6 -68.11
920.0 -67.63
920.4 -67.27
920.8 -67.63
921.2 -68.6
921.6 -69.31
922.0 -67.57
922.4 -69.07
922.8 -67.84
923.2 -68.64
923.6 -67.95
924.0 -69.03
924.4 -67.79
924.8 -68.72
925.2 -69.47
925.6 -68.71
926.0 -67.75
926.4 -68.51
926.8 -68.06
927.2 -67.5
927.6 -69.41
928.0 -68.24
928.4 -69.62
928.8 -69.99
929.2 -70.0
929.6 -68.61
930.0 -68.2
930.4 -67.98
930.8 -68.54
931.2 -69.01
931.6 -69.03
932.0 -68.52
932.4 -68.85
932.8 -69.35
933.2 -68.84
933.6 -68.47
934.0 -69.26
934.4 -68.77
934.8 -68.66
935.2 -69.9
935.6 -67.68
936.0 -69.83
936.4 -70.07
936.8 -69.45
937.2 -70.81
937.6 -68.98
938.0 -69.72
938.4 -69.49
938.8 -68.79
939.2 -69.73
939.6 -70.19
940.0 -69.47
940.4 -70.78
940.8 -68.94
941.2 -71.39
941.6 -69.98
942.0 -70.33
942.4 -68.95
942.8 -68.58
943.2 -69.67
943.6 -70.2
944.0 -68.76
944.4 -69.2
944.8 -70.33
945.2 -69.04
945.6 -70.72
946.0 -69.98
946.4 -69.86
946.8 -69.05
947.2 -69.5
947.6 -69.02
948.0 -71.17
948.4 -69.89
948.8 -69.81
949.2 -70.44
949.6 -69.68
950.0 -70.22
950.4 -69.18
950.8 -71.33
951.2 -70.54
951.6 -69.74
952.0 -69.5
952.4 -71.35
952.8 -70.02
953.2 -70.85
953.6 -70.76
954.0 -70.9
954.4 -70.11
954.8 -69.82
955.2 -69.59
955.6 -70.82
956.0 -70.24
956.4 -70.26
956.8 -69.1
957.2 -69.99
957.6 -71.49
958.0 -69.86
958.4 -69.67
958.8 -70.52
959.2 -68.44
959.6 -69.39
960.0 -69.91
960.4 -70.22
960.8 -69.36
961.2 -71.03
961.6 -69.43
962.0 -69.48
962.4 -70.39
962.8 -69.47
963.2 -69.35
963.6 -69.65
964.0 -69.66
964.4 -69.08
964.8 -69.33
965.2 -68.89
965.6 -68.31
966.0 -69.78
966.4 -69.71
966.8 -69.17
967.2 -69.7
967.6 -71.06
968.0 -70.08
968.4 -69.72
968.8 -70.71
969.2 -70.47
969.6 -70.93
970.0 -69.78
970.4 -69.9
970.8 -71.03
971.2 -70.95
971.6 -69.73
972.0 -69.44
972.4 -70.42
972.8 -70.87
973.2 -70.57
973.6 -70.86
974.0 -70.23
974.4 -69.84
974.8 -70.85
975.2 -70.44
975.6 -70.46
976.0 -70.56
976.4 -70.53
976.8 -70.04
977.2 -70.56
977.6 -70.66
978.0 -70.39
978.4 -71.73
978.8 -70.67
979.2 -70.14
979.6 -70.18
980.0 -70.16
980.4 -72.57
980.8 -71.08
981.2 -69.95
981.6 -70.21
982.0 -71.39
982.4 -70.78
982.8 -69.76
983.2 -69.48
983.6 -69.88
984.0 -70.06
984.4 -69.27
984.8 -69.71
985.2 -69.38
985.6 -69.52
986.0 -69.44
986.4 -69.67
986.8 -69.61
987.2 -69.21
987.6 -69.11
988.0 -69.27
988.4 -69.08
988.8 -68.3
989.2 -69.56
989.6 -69.25
990.0 -68.64
990.4 -69.98
990.8 -68.67
991.2 -69.68
991.6 -68.64
992.0 -69.02
992.4 -69.39
992.8 -69.16
993.2 -69.36
993.6 -69.57
994.0 -69.08
994.4 -68.6
994.8 -68.9
995.2 -68.64
995.6 -69.01
996.0 -69.64
996.4 -69.83
996.8 -69.11
997.2 -69.1
997.6 -69.18
998.0 -69.0
998.4 -69.37
998.8 -69.17
999.2 -68.72
999.6 -68.52
1000.0 -69.52
