600.0 -210.0
600.4 -210.0
600.8 -210.0
601.2 -73.41
601.6 -210.0
602.0 -69.21
602.4 -210.0
602.8 -70.51
603.2 -70.02
603.6 -72.9
604.0 -210.0
604.4 -210.0
604.8 -78.42
605.2 -81.46
605.6 -73.03
606.0 -72.22
606.4 -210.0
606.8 -68.89
607.2 -69.28
607.6 -71.62
608.0 -81.65
608.4 -71.67
608.8 -72.15
609.2 -75.69
609.6 -75.21
610.0 -73.98
610.4 -73.67
610.8 -210.0
611.2 -210.0
611.6 -73.74
612.0 -70.58
612.4 -77.14
612.8 -210.0
613.2 -74.17
613.6 -71.19
614.0 -210.0
614.4 -69.59
614.8 -72.51
615.2 -74.29
615.6 -70.19
616.0 -74.72
616.4 -210.0
616.8 -72.17
617.2 -74.79
617.6 -210.0
618.0 -80.48
618.4 -210.0
618.8 -71.87
619.2 -71.18
619.6 -72.56
620.0 -76.33
620.4 -74.98
620.8 -210.0
621.2 -70.53
621.6 -72.91
622.0 -71.52
622.4 -210.0
622.8 -210.0
623.2 -73.52
623.6 -210.0
624.0 -70.84
624.4 -74.85
624.8 -71.86
625.2 -74.9
625.6 -73.16
626.0 -71.6
626.4 -71.96
626.8 -69.56
627.2 -76.27
627.6 -85.85
628.0 -70.07
628.4 -72.28
628.8 -71.0
629.2 -69.6
629.6 -73.41
630.0 -70.94
630.4 -83.02
630.8 -73.75
631.2 -74.32
631.6 -77.08
632.0 -72.0
632.4 -210.0
632.8 -73.65
633.2 -74.19
633.6 -81.48
634.0 -72.31
634.4 -72.0
634.8 -75.55
635.2 -83.37
635.6 -71.35
636.0 -70.31
636.4 -69.48
636.8 -71.05
637.2 -69.45
637.6 -71.37
638.0 -79.6
638.4 -74.31
638.8 -72.02
639.2 -72.2
639.6 -71.79
640.0 -70.5
640.4 -73.35
640.8 -69.74
641.2 -72.37
641.6 -73.88
642.0 -73.49
642.4 -74.4
642.8 -73.02
643.2 -71.23
643.6 -71.04
644.0 -69.39
644.4 -69.5
644.8 -69.69
645.2 -70.48
645.6 -71.01
646.0 -71.59
646.4 -71.63
646.8 -69.43
647.2 -71.59
647.6 -70.1
648.0 -69.46
648.4 -70.87
648.8 -70.29
649.2 -71.44
649.6 -71.48
650.0 -74.83
650.4 -70.99
650.8 -74.83
651.2 -71.0
651.6 -69.92
652.0 -69.56
652.4 -69.0
652.8 -71.4
653.2 -69.64
653.6 -70.49
654.0 -68.84
654.4 -70.01
654.8 -69.08
655.2 -68.9
655.6 -72.21
656.0 -70.11
656.4 -69.47
656.8 -69.47
657.2 -67.85
657.6 -69.75
658.0 -69.97
658.4 -68.7
658.8 -68.6
659.2 -69.17
659.6 -70.2
660.0 -68.3
660.4 -68.83
660.8 -69.7
661.2 -70.29
661.6 -67.74
662.0 -70.88
662.4 -72.01
662.8 -68.15
663.2 -69.37
663.6 -68.3
664.0 -69.24
664.4 -67.53
664.8 -70.29
665.2 -70.21
665.6 -69.63
666.0 -70.54
666.4 -68.35
666.8 -68.56
667.2 -67.7
667.6 -69.63
668.0 -69.99
668.4 -69.84
668.8 -70.14
669.2 -69.84
669.6 -69.43
670.0 -68.29
670.4 -69.36
670.8 -67.76
671.2 -69.41
671.6 -68.48
672.0 -68.74
672.4 -68.63
672.8 -69.33
673.2 -68.31
673.6 -69.95
674.0 -69.45
674.4 -70.01
674.8 -69.85
675.2 -68.0
675.6 -68.0
676.0 -69.7
676.4 -69.17
676.8 -71.82
677.2 -70.54
677.6 -70.06
678.0 -68.8
678.4 -68.63
678.8 -68.01
679.2 -70.11
679.6 -67.18
680.0 -66.76
680.4 -69.26
680.8 -67.99
681.2 -68.28
681.6 -68.32
682.0 -68.75
682.4 -67.51
682.8 -67.96
683.2 -68.97
683.6 -68.09
684.0 -68.09
684.4 -70.04
684.8 -67.98
685.2 -67.65
685.6 -67.93
686.0 -68.7
686.4 -69.38
686.8 -69.57
687.2 -67.63
687.6 -69.7
688.0 -67.19
688.4 -67.65
688.8 -67.89
689.2 -68.33
689.6 -68.02
690.0 -68.94
690.4 -67.4
690.8 -66.95
691.2 -68.51
691.6 -67.57
692.0 -66.93
692.4 -68.12
692.8 -68.61
693.2 -68.06
693.6 -68.16
694.0 -67.31
694.4 -66.49
694.8 -68.69
695.2 -67.42
695.6 -67.6
696.0 -67.92
696.4 -67.77
696.8 -69.03
697.2 -67.57
697.6 -68.15
698.0 -66.88
698.4 -66.36
698.8 -68.69
699.2 -66.94
699.6 -68.68
700.0 -66.74
700.4 -67.43
700.8 -67.04
701.2 -67.33
701.6 -67.46
702.0 -66.38
702.4 -66.7
702.8 -67.01
703.2 -66.25
703.6 -67.09
704.0 -67.29
704.4 -66.52
704.8 -67.89
705.2 -67.23
705.6 -66.29
706.0 -67.67
706.4 -68.07
706.8 -66.0
707.2 -66.63
707.6 -67.07
708.0 -66.36
708.4 -66.8
708.8 -67.4
709.2 -67.3
709.6 -66.6
710.0 -67.2
710.4 -67.66
710.8 -66.28
711.2 -66.77
711.6 -66.72
712.0 -66.57
712.4 -66.24
712.8 -67.13
713.2 -66.56
713.6 -68.31
714.0 -66.7
714.4 -68.07
714.8 -66.14
715.2 -68.34
715.6 -66.8
716.0 -66.06
716.4 -67.26
716.8 -66.79
717.2 -67.25
717.6 -66.04
718.0 -66.31
718.4 -67.48
718.8 -66.26
719.2 -65.95
719.6 -66.52
720.0 -66.63
720.4 -66.04
720.8 -65.86
721.2 -66.47
721.6 -66.87
722.0 -67.25
722.4 -66.06
722.8 -66.26
723.2 -66.26
723.6 -66.33
724.0 -65.9
724.4 -66.0
724.8 -66.78
725.2 -66.24
725.6 -66.58
726.0 -66.12
726.4 -66.45
726.8 -65.8
727.2 -66.64
727.6 -66.48
728.0 -67.62
728.4 -65.38
728.8 -67.0
729.2 -66.46
729.6 -65.37
730.0 -66.19
730.4 -65.98
730.8 -66.52
731.2 -66.18
731.6 -66.89
732.0 -65.99
732.4 -66.28
732.8 -65.46
733.2 -65.21
733.6 -66.7
734.0 -66.42
734.4 -65.38
734.8 -65.77
735.2 -66.45
735.6 -66.77
736.0 -65.59
736.4 -66.63
736.8 -66.32
737.2 -66.55
737.6 -66.46
738.0 -65.45
738.4 -65.87
738.8 -66.53
739.2 -67.52
739.6 -65.44
740.0 -66.36
740.4 -65.21
740.8 -65.07
741.2 -65.35
741.6 -65.71
742.0 -65.74
742.4 -66.16
742.8 -66.19
743.2 -66.71
743.6 -65.9
744.0 -66.78
744.4 -65.69
744.8 -66.18
745.2 -65.86
745.6 -64.24
746.0 -66.6
746.4 -65.58
746.8 -66.13
747.2 -66.2
747.6 -65.57
748.0 -66.16
748.4 -66.3
748.8 -65.83
749.2 -65.52
749.6 -64.98
750.0 -67.24
750.4 -65.08
750.8 -66.28
751.2 -65.98
751.6 -65.12
752.0 -66.0
752.4 -65.93
752.8 -66.45
753.2 -66.49
753.6 -66.13
754.0 -65.77
754.4 -65.62
754.8 -66.39
755.2 -66.72
755.6 -64.98
756.0 -65.84
756.4 -65.99
756.8 -65.49
757.2 -65.62
757.6 -65.45
758.0 -65.13
758.4 -65.47
758.8 -65.4
759.2 -65.43
759.6 -66.58
760.0 -66.4
760.4 -64.67
760.8 -65.71
761.2 -66.04
761.6 -65.37
762.0 -65.36
762.4 -65.6
762.8 -65.59
763.2 -65.98
763.6 -65.2
764.0 -65.12
764.4 -65.9
764.8 -64.43
765.2 -66.19
765.6 -65.33
766.0 -64.83
766.4 -66.3
766.8 -66.21
767.2 -65.28
767.6 -65.22
768.0 -65.44
768.4 -65.21
768.8 -65.43
769.2 -64.98
769.6 -65.7
770.0 -65.87
770.4 -65.62
770.8 -65.25
771.2 -64.85
771.6 -66.69
772.0 -63.87
772.4 -65.44
772.8 -65.05
773.2 -64.5
773.6 -65.61
774.0 -65.57
774.4 -65.2
774.8 -64.33
775.2 -64.89
775.6 -65.23
776.0 -64.2
776.4 -65.59
776.8 -64.71
777.2 -64.17
777.6 -64.65
778.0 -65.18
778.4 -65.05
778.8 -65.05
779.2 -65.69
779.6 -64.78
780.0 -64.38
780.4 -65.33
780.8 -64.6
781.2 -64.55
781.6 -65.0
782.0 -64.76
782.4 -64.73
782.8 -65.16
783.2 -65.66
783.6 -64.93
784.0 -64.93
784.4 -64.9
784.8 -65.47
785.2 -65.08
785.6 -65.98
786.0 -64.54
786.4 -65.07
786.8 -64.16
787.2 -65.57
787.6 -65.16
788.0 -64.97
788.4 -64.36
788.8 -65.12
789.2 -64.67
789.6 -64.31
790.0 -64.71
790.4 -64.57
790.8 -64.57
791.2 -64.37
791.6 -64.18
792.0 -64.88
792.4 -63.98
792.8 -64.78
793.2 -65.06
793.6 -64.75
794.0 -63.7
794.4 -65.14
794.8 -64.4
795.2 -64.99
795.6 -64.56
796.0 -64.15
796.4 -64.45
796.8 -64.56
797.2 -64.41
797.6 -64.12
798.0 -64.75
798.4 -64.71
798.8 -64.74
799.2 -64.32
799.6 -65.11
800.0 -64.79
800.4 -64.82
800.8 -64.28
801.2 -64.18
801.6 -64.83
802.0 -64.34
802.4 -64.45
802.8 -64.25
803.2 -64.66
803.6 -63.82
804.0 -64.05
804.4 -64.13
804.8 -63.78
805.2 -64.05
805.6 -63.58
806.0 -63.03
806.4 -60.89
806.8 -57.37
807.2 -53.73
807.6 -49.79
808.0 -48.4
808.4 -49.37
808.8 -49.94
809.2 -53.68
809.6 -60.82
810.0 -62.98
810.4 -62.97
810.8 -63.84
811.2 -64.21
811.6 -64.69
812.0 -64.1
812.4 -64.72
812.8 -63.66
813.2 -64.63
813.6 -64.21
814.0 -64.01
814.4 -64.27
814.8 -63.33
815.2 -64.01
815.6 -64.4
816.0 -64.41
816.4 -64.04
816.8 -63.71
817.2 -64.25
817.6 -64.13
818.0 -64.68
818.4 -63.65
818.8 -64.03
819.2 -63.97
819.6 -64.21
820.0 -64.21
820.4 -64.12
820.8 -64.57
821.2 -64.45
821.6 -64.47
822.0 -64.35
822.4 -64.1
822.8 -63.6
823.2 -63.99
823.6 -64.05
824.0 -64.4
824.4 -64.49
824.8 -64.12
825.2 -64.92
825.6 -63.56
826.0 -64.02
826.4 -63.35
826.8 -64.04
827.2 -64.33
827.6 -64.21
828.0 -64.17
828.4 -63.51
828.8 -63.56
829.2 -63.31
829.6 -63.67
830.0 -63.68
830.4 -63.42
830.8 -63.82
831.2 -63.35
831.6 -64.28
832.0 -63.86
832.4 -62.98
832.8 -63.48
833.2 -62.85
833.6 -63.69
834.0 -63.41
834.4 -63.3
834.8 -63.74
835.2 -63.12
835.6 -63.54
836.0 -63.5
836.4 -63.25
836.8 -62.88
837.2 -63.53
837.6 -62.98
838.0 -63.36
838.4 -62.98
838.8 -63.16
839.2 -63.3
839.6 -63.33
840.0 -63.04
840.4 -63.52
840.8 -63.62
841.2 -63.41
841.6 -63.45
842.0 -63.31
842.4 -62.9
842.8 -63.33
843.2 -63.24
843.6 -63.27
844.0 -63.96
844.4 -63.24
844.8 -63.26
845.2 -62.86
845.6 -63.18
846.0 -63.26
846.4 -62.97
846.8 -62.9
847.2 -63.05
847.6 -62.72
848.0 -63.08
848.4 -62.93
848.8 -62.96
849.2 -62.88
849.6 -62.88
850.0 -62.87
850.4 -62.94
850.8 -62.58
851.2 -63.0
851.6 -62.87
852.0 -62.76
852.4 -62.84
852.8 -63.33
853.2 -62.82
853.6 -62.49
854.0 -63.03
854.4 -62.34
854.8 -62.78
855.2 -62.81
855.6 -63.25
856.0 -62.74
856.4 -62.44
856.8 -62.8
857.2 -63.27
857.6 -62.95
858.0 -62.12
858.4 -62.67
858.8 -62.85
859.2 -62.67
859.6 -62.85
860.0 -62.27
860.4 -62.47
860.8 -62.59
861.2 -62.31
861.6 -62.1
862.0 -62.19
862.4 -62.25
862.8 -61.89
863.2 -62.11
863.6 -62.16
864.0 -62.25
864.4 -62.22
864.8 -62.39
865.2 -61.94
865.6 -62.35
866.0 -62.11
866.4 -62.29
866.8 -62.14
867.2 -62.29
867.6 -61.97
868.0 -62.35
868.4 -62.54
868.8 -62.16
869.2 -62.08
869.6 -62.45
870.0 -62.57
870.4 -61.97
870.8 -62.09
871.2 -62.24
871.6 -62.35
872.0 -62.01
872.4 -62.05
872.8 -61.95
873.2 -61.98
873.6 -62.09
874.0 -61.97
874.4 -61.82
874.8 -62.12
875.2 -61.66
875.6 -61.96
876.0 -62.05
876.4 -62.0
876.8 -61.58
877.2 -61.95
877.6 -61.89
878.0 -61.56
878.4 -61.59
878.8 -61.79
879.2 -61.78
879.6 -61.78
880.0 -61.53
880.4 -61.79
880.8 -61.71
881.2 -61.52
881.6 -61.5
882.0 -61.88
882.4 -62.03
882.8 -61.58
883.2 -61.38
883.6 -61.42
884.0 -61.54
884.4 -61.62
884.8 -61.78
885.2 -61.58
885.6 -61.7
886.0 -61.67
886.4 -61.48
886.8 -61.54
887.2 -61.54
887.6 -61.67
888.0 -61.3
888.4 -61.57
888.8 -61.24
889.2 -61.46
889.6 -61.26
890.0 -61.4
890.4 -61.39
890.8 -61.61
891.2 -61.29
891.6 -61.19
892.0 -61.15
892.4 -61.4
892.8 -61.55
893.2 -61.48
893.6 -61.08
894.0 -61.25
894.4 -60.93
894.8 -61.36
895.2 -61.59
895.6 -61.56
896.0 -61.13
896.4 -61.23
896.8 -61.39
897.2 -61.08
897.6 -61.14
898.0 -61.32
898.4 -61.3
898.8 -61.25
899.2 -61.19
899.6 -60.95
900.0 -61.31
900.4 -61.29
900.8 -61.18
901.2 -60.96
901.6 -61.08
902.0 -60.88
902.4 -61.32
902.8 -61.14
903.2 -61.02
903.6 -61.04
904.0 -61.06
904.4 -61.09
904.8 -61.13
905.2 -61.14
905.6 -60.96
906.0 -61.02
906.4 -60.83
906.8 -61.04
907.2 -60.61
907.6 -60.78
908.0 -60.87
908.4 -60.64
908.8 -60.9
909.2 -61.01
909.6 -60.72
910.0 -60.58
910.4 -60.48
910.8 -60.6
911.2 -60.63
911.6 -60.53
912.0 -60.72
912.4 -60.48
912.8 -60.41
913.2 -60.36
913.6 -60.29
914.0 -60.41
914.4 -60.36
914.8 -60.39
915.2 -60.16
915.6 -60.16
916.0 -60.38
916.4 -60.34
916.8 -60.18
917.2 -60.34
917.6 -60.21
918.0 -60.17
918.4 -60.04
918.8 -60.04
919.2 -59.75
919.6 -60.13
920.0 -60.39
920.4 -59.94
920.8 -60.06
921.2 -60.03
921.6 -60.05
922.0 -59.75
922.4 -59.89
922.8 -59.69
923.2 -59.81
923.6 -60.08
924.0 -59.82
924.4 -59.79
924.8 -59.63
925.2 -59.58
925.6 -59.63
926.0 -59.58
926.4 -59.76
926.8 -59.84
927.2 -59.57
927.6 -59.41
928.0 -59.86
928.4 -59.55
928.8 -59.43
929.2 -59.6
929.6 -59.55
930.0 -59.4
930.4 -59.56
930.8 -59.29
931.2 -59.42
931.6 -59.48
932.0 -59.13
932.4 -59.32
932.8 -59.27
933.2 -59.35
933.6 -59.17
934.0 -59.49
934.4 -59.12
934.8 -59.39
935.2 -59.35
935.6 -59.31
936.0 -59.02
936.4 -59.14
936.8 -59.17
937.2 -58.97
937.6 -59.16
938.0 -59.17
938.4 -59.2
938.8 -58.93
939.2 -58.87
939.6 -58.98
940.0 -58.77
940.4 -59.03
940.8 -58.86
941.2 -58.92
941.6 -59.01
942.0 -58.85
942.4 -59.0
942.8 -58.93
943.2 -59.14
943.6 -58.78
944.0 -58.7
944.4 -58.61
944.8 -58.78
945.2 -58.77
945.6 -58.83
946.0 -58.72
946.4 -58.72
946.8 -58.51
947.2 -58.54
947.6 -58.67
948.0 -58.66
948.4 -58.33
948.8 -58.39
949.2 -58.51
949.6 -58.53
950.0 -58.41
950.4 -58.44
950.8 -58.52
951.2 -58.48
951.6 -58.4
952.0 -58.46
952.4 -58.41
952.8 -58.44
953.2 -58.33
953.6 -58.42
954.0 -58.57
954.4 -58.27
954.8 -58.37
955.2 -58.32
955.6 -58.42
956.0 -58.36
956.4 -58.41
956.8 -58.44
957.2 -58.42
957.6 -58.32
958.0 -58.19
958.4 -58.27
958.8 -58.4
959.2 -58.16
959.6 -58.08
960.0 -58.21
960.4 -58.1
960.8 -58.14
961.2 -58.11
961.6 -58.02
962.0 -58.0
962.4 -57.88
962.8 -57.84
963.2 -57.94
963.6 -57.86
964.0 -58.02
964.4 -57.9
964.8 -57.61
965.2 -57.84
965.6 -57.57
966.0 -57.7
966.4 -57.87
966.8 -57.68
967.2 -57.67
967.6 -57.75
968.0 -57.68
968.4 -57.68
968.8 -57.78
969.2 -57.73
969.6 -57.73
970.0 -57.73
970.4 -57.62
970.8 -57.68
971.2 -57.68
971.6 -57.82
972.0 -57.55
972.4 -57.6
972.8 -57.76
973.2 -57.82
973.6 -57.78
974.0 -57.9
974.4 -57.86
974.8 -57.87
975.2 -57.92
975.6 -57.99
976.0 -57.92
976.4 -57.98
976.8 -58.04
977.2 -57.95
977.6 -58.12
978.0 -58.15
978.4 -58.06
978.8 -58.06
979.2 -58.17
979.6 -58.22
980.0 -58.0
980.4 -58.05
980.8 -58.25
981.2 -58.0
981.6 -57.98
982.0 -57.9
982.4 -57.87
982.8 -57.89
983.2 -57.81
983.6 -57.73
984.0 -57.67
984.4 -57.57
984.8 -57.58
985.2 -57.5
985.6 -57.5
986.0 -57.43
986.4 -57.39
986.8 -57.4
987.2 -57.29
987.6 -57.39
988.0 -57.19
988.4 -57.18
988.8 -57.14
989.2 -57.15
989.6 -57.12
990.0 -57.12
990.4 -57.02
990.8 -57.16
991.2 -56.94
991.6 -57.04
992.0 -57.03
992.4 -57.1
992.8 -56.97
993.2 -56.96
993.6 -57.05
994.0 -57.01
994.4 -57.12
994.8 -56.97
995.2 -56.97
995.6 -57.1
996.0 -57.09
996.4 -57.09
996.8 -57.0
997.2 -57.15
997.6 -57.21
998.0 -57.18
998.4 -57.17
998.8 -57.19
999.2 -57.24
999.6 -57.38
1000.0 -57.24
