600.0 -210.0
600.4 -78.13
600.8 -210.0
601.2 -210.0
601.6 -210.0
602.0 -210.0
602.4 -67.95
602.8 -210.0
603.2 -81.33
603.6 -71.81
604.0 -210.0
604.4 -210.0
604.8 -210.0
605.2 -74.05
605.6 -210.0
606.0 -210.0
606.4 -71.54
606.8 -75.54
607.2 -75.56
607.6 -210.0
608.0 -69.21
608.4 -78.65
608.8 -72.66
609.2 -71.3
609.6 -74.34
610.0 -210.0
610.4 -210.0
610.8 -71.21
611.2 -70.53
611.6 -74.46
612.0 -210.0
612.4 -78.9
612.8 -71.52
613.2 -73.2
613.6 -210.0
614.0 -70.7
614.4 -210.0
614.8 -210.0
615.2 -210.0
615.6 -77.32
616.0 -72.13
616.4 -210.0
616.8 -82.17
617.2 -210.0
617.6 -210.0
618.0 -210.0
618.4 -79.25
618.8 -82.29
619.2 -210.0
619.6 -210.0
620.0 -210.0
620.4 -75.85
620.8 -210.0
621.2 -210.0
621.6 -210.0
622.0 -210.0
622.4 -82.51
622.8 -210.0
623.2 -77.11
623.6 -73.29
624.0 -210.0
624.4 -71.67
624.8 -69.64
625.2 -75.28
625.6 -210.0
626.0 -75.33
626.4 -210.0
626.8 -71.99
627.2 -210.0
627.6 -73.29
628.0 -81.09
628.4 -210.0
628.8 -70.0
629.2 -71.16
629.6 -210.0
630.0 -82.99
630.4 -210.0
630.8 -75.26
631.2 -210.0
631.6 -210.0
632.0 -80.12
632.4 -71.55
632.8 -210.0
633.2 -72.81
633.6 -210.0
634.0 -73.73
634.4 -69.88
634.8 -77.89
635.2 -76.38
635.6 -210.0
636.0 -210.0
636.4 -73.24
636.8 -210.0
637.2 -75.06
637.6 -71.64
638.0 -76.17
638.4 -72.47
638.8 -210.0
639.2 -81.9
639.6 -210.0
640.0 -210.0
640.4 -210.0
640.8 -72.5
641.2 -69.52
641.6 -210.0
642.0 -73.3
642.4 -80.93
642.8 -82.22
643.2 -74.24
643.6 -77.07
644.0 -210.0
644.4 -75.67
644.8 -78.14
645.2 -73.59
645.6 -210.0
646.0 -80.29
646.4 -79.53
646.8 -73.21
647.2 -80.4
647.6 -72.51
648.0 -210.0
648.4 -72.87
648.8 -77.54
649.2 -70.32
649.6 -210.0
650.0 -210.0
650.4 -74.39
650.8 -210.0
651.2 -74.62
651.6 -77.63
652.0 -76.83
652.4 -82.86
652.8 -210.0
653.2 -78.6
653.6 -72.59
654.0 -72.73
654.4 -210.0
654.8 -78.62
655.2 -76.86
655.6 -75.1
656.0 -210.0
656.4 -71.54
656.8 -81.64
657.2 -84.67
657.6 -74.67
658.0 -79.22
658.4 -76.54
658.8 -210.0
659.2 -74.9
659.6 -78.14
660.0 -71.78
660.4 -81.67
660.8 -210.0
661.2 -74.91
661.6 -76.9
662.0 -210.0
662.4 -210.0
662.8 -73.38
663.2 -78.66
663.6 -75.14
664.0 -70.14
664.4 -210.0
664.8 -80.71
665.2 -75.65
665.6 -75.93
666.0 -71.26
666.4 -76.56
666.8 -210.0
667.2 -82.92
667.6 -70.88
668.0 -76.9
668.4 -74.91
668.8 -73.89
669.2 -210.0
669.6 -75.93
670.0 -210.0
670.4 -210.0
670.8 -210.0
671.2 -73.05
671.6 -79.22
672.0 -79.21
672.4 -72.75
672.8 -210.0
673.2 -78.11
673.6 -79.87
674.0 -210.0
674.4 -79.86
674.8 -210.0
675.2 -81.61
675.6 -71.1
676.0 -210.0
676.4 -72.85
676.8 -76.15
677.2 -73.64
677.6 -71.82
678.0 -82.83
678.4 -73.63
678.8 -76.46
679.2 -84.59
679.6 -70.52
680.0 -210.0
680.4 -210.0
680.8 -78.54
681.2 -72.8
681.6 -84.56
682.0 -73.58
682.4 -72.64
682.8 -75.78
683.2 -84.54
683.6 -210.0
684.0 -210.0
684.4 -72.61
684.8 -76.73
685.2 -210.0
685.6 -70.7
686.0 -74.72
686.4 -210.0
686.8 -76.7
687.2 -84.49
687.6 -70.95
688.0 -70.67
688.4 -71.04
688.8 -69.84
689.2 -73.49
689.6 -82.69
690.0 -73.65
690.4 -71.53
690.8 -74.02
691.2 -69.73
691.6 -87.44
692.0 -72.51
692.4 -70.43
692.8 -76.62
693.2 -70.5
693.6 -77.41
694.0 -72.92
694.4 -71.7
694.8 -74.83
695.2 -70.94
695.6 -76.96
696.0 -72.31
696.4 -210.0
696.8 -75.59
697.2 -74.79
697.6 -73.37
698.0 -70.8
698.4 -210.0
698.8 -70.99
699.2 -76.9
699.6 -77.32
700.0 -72.83
700.4 -71.73
700.8 -71.06
701.2 -70.21
701.6 -210.0
702.0 -74.72
702.4 -78.23
702.8 -74.48
703.2 -210.0
703.6 -73.28
704.0 -78.21
704.4 -74.93
704.8 -73.26
705.2 -210.0
705.6 -69.37
706.0 -74.66
706.4 -74.65
706.8 -210.0
707.2 -75.43
707.6 -73.05
708.0 -75.72
708.4 -76.38
708.8 -74.87
709.2 -71.48
709.6 -74.16
710.0 -73.18
710.4 -81.13
710.8 -77.15
711.2 -74.14
711.6 -74.83
712.0 -71.22
712.4 -73.52
712.8 -73.51
713.2 -73.15
713.6 -72.8
714.0 -70.3
714.4 -210.0
714.8 -71.19
715.2 -72.18
715.6 -72.47
716.0 -210.0
716.4 -78.63
716.8 -74.08
717.2 -72.16
717.6 -81.05
718.0 -70.16
718.4 -72.29
718.8 -73.08
719.2 -210.0
719.6 -71.37
720.0 -72.13
720.4 -75.28
720.8 -74.25
721.2 -72.89
721.6 -72.26
722.0 -71.34
722.4 -77.48
722.8 -72.1
723.2 -210.0
723.6 -71.57
724.0 -70.67
724.4 -72.69
724.8 -70.56
725.2 -70.01
725.6 -73.38
726.0 -70.26
726.4 -74.43
726.8 -73.0
727.2 -72.2
727.6 -76.98
728.0 -79.18
728.4 -210.0
728.8 -78.5
729.2 -72.48
729.6 -69.71
730.0 -70.13
730.4 -69.79
730.8 -69.53
731.2 -72.79
731.6 -70.91
732.0 -73.5
732.4 -71.74
732.8 -73.12
733.2 -76.5
733.6 -73.11
734.0 -70.48
734.4 -73.29
734.8 -74.35
735.2 -83.9
735.6 -210.0
736.0 -69.65
736.4 -71.2
736.8 -70.26
737.2 -70.35
737.6 -71.19
738.0 -71.96
738.4 -71.69
738.8 -72.55
739.2 -71.95
739.6 -70.84
740.0 -73.24
740.4 -71.54
740.8 -75.09
741.2 -210.0
741.6 -73.42
742.0 -72.53
742.4 -72.53
742.8 -73.83
743.2 -75.37
743.6 -69.51
744.0 -71.51
744.4 -71.51
744.8 -75.06
745.2 -75.06
745.6 -69.83
746.0 -71.02
746.4 -70.9
746.8 -74.03
747.2 -71.24
747.6 -210.0
748.0 -76.01
748.4 -75.33
748.8 -71.35
749.2 -71.0
749.6 -73.57
750.0 -71.87
750.4 -70.45
750.8 -70.75
751.2 -210.0
751.6 -72.96
752.0 -79.77
752.4 -76.76
752.8 -77.71
753.2 -74.44
753.6 -210.0
754.0 -72.93
754.4 -69.82
754.8 -75.26
755.2 -74.16
755.6 -70.92
756.0 -71.14
756.4 -72.23
756.8 -70.78
757.2 -70.07
757.6 -73.26
758.0 -73.07
758.4 -69.69
758.8 -71.23
759.2 -78.21
759.6 -71.48
760.0 -75.86
760.4 -70.63
760.8 -74.88
761.2 -210.0
761.6 -72.33
762.0 -72.49
762.4 -71.58
762.8 -69.55
763.2 -73.01
763.6 -70.19
764.0 -73.61
764.4 -72.3
764.8 -68.28
765.2 -69.98
765.6 -74.56
766.0 -70.91
766.4 -72.45
766.8 -210.0
767.2 -71.81
767.6 -71.02
768.0 -72.96
768.4 -74.27
768.8 -83.56
769.2 -72.95
769.6 -72.42
770.0 -73.55
770.4 -71.5
770.8 -72.41
771.2 -72.24
771.6 -71.37
772.0 -75.08
772.4 -69.22
772.8 -73.32
773.2 -70.98
773.6 -210.0
774.0 -69.29
774.4 -70.51
774.8 -71.76
775.2 -78.08
775.6 -77.5
776.0 -72.55
776.4 -72.91
776.8 -71.47
777.2 -72.21
777.6 -70.73
778.0 -72.2
778.4 -75.72
778.8 -73.51
779.2 -73.09
779.6 -76.52
780.0 -71.19
780.4 -68.65
780.8 -71.73
781.2 -71.88
781.6 -75.7
782.0 -72.35
782.4 -70.7
782.8 -210.0
783.2 -70.57
783.6 -71.43
784.0 -73.06
784.4 -77.45
784.8 -75.68
785.2 -68.62
785.6 -71.56
786.0 -71.29
786.4 -73.91
786.8 -68.4
787.2 -73.46
787.6 -71.84
788.0 -70.55
788.4 -69.73
788.8 -73.03
789.2 -71.14
789.6 -73.23
790.0 -71.67
790.4 -69.46
790.8 -68.89
791.2 -70.52
791.6 -71.52
792.0 -69.11
792.4 -72.82
792.8 -71.51
793.2 -72.81
793.6 -69.89
794.0 -72.99
794.4 -71.94
794.8 -69.43
795.2 -70.08
795.6 -73.18
796.0 -72.6
796.4 -71.78
796.8 -75.61
797.2 -70.6
797.6 -72.08
798.0 -71.92
798.4 -69.85
798.8 -73.16
799.2 -68.68
799.6 -70.36
800.0 -70.35
800.4 -72.06
800.8 -70.58
801.2 -74.08
801.6 -72.07
802.0 -69.95
802.4 -70.82
802.8 -72.97
803.2 -71.21
803.6 -70.48
804.0 -75.61
804.4 -69.87
804.8 -68.34
805.2 -68.77
805.6 -68.86
806.0 -68.78
806.4 -67.17
806.8 -62.07
807.2 -58.06
807.6 -54.33
808.0 -52.6
808.4 -53.67
808.8 -54.47
809.2 -57.98
809.6 -65.94
810.0 -70.88
810.4 -69.73
810.8 -67.83
811.2 -69.31
811.6 -69.94
812.0 -70.69
812.4 -71.43
812.8 -69.42
813.2 -72.19
813.6 -69.44
814.0 -70.49
814.4 -71.21
814.8 -72.73
815.2 -70.97
815.6 -69.92
816.0 -72.75
816.4 -69.94
816.8 -69.49
817.2 -68.94
817.6 -71.14
818.0 -69.26
818.4 -72.12
818.8 -68.48
819.2 -68.16
819.6 -70.38
820.0 -72.66
820.4 -73.03
820.8 -68.74
821.2 -70.65
821.6 -69.71
822.0 -71.93
822.4 -69.82
822.8 -70.82
823.2 -70.96
823.6 -73.15
824.0 -71.1
824.4 -67.3
824.8 -69.74
825.2 -68.76
825.6 -74.29
826.0 -72.23
826.4 -69.55
826.8 -72.75
827.2 -68.71
827.6 -72.01
828.0 -69.61
828.4 -69.03
828.8 -71.28
829.2 -74.94
829.6 -67.22
830.0 -70.21
830.4 -70.15
830.8 -68.45
831.2 -70.04
831.6 -70.51
832.0 -68.13
832.4 -68.62
832.8 -69.3
833.2 -70.27
833.6 -72.23
834.0 -68.74
834.4 -69.35
834.8 -68.45
835.2 -70.78
835.6 -69.17
836.0 -69.91
836.4 -69.37
836.8 -67.43
837.2 -70.47
837.6 -68.28
838.0 -68.97
838.4 -69.57
838.8 -70.59
839.2 -69.84
839.6 -72.41
840.0 -70.49
840.4 -70.33
840.8 -72.17
841.2 -68.19
841.6 -70.25
842.0 -68.24
842.4 -69.8
842.8 -71.0
843.2 -69.53
843.6 -69.09
844.0 -69.15
844.4 -70.4
844.8 -70.23
845.2 -69.45
845.6 -68.27
846.0 -71.28
846.4 -70.9
846.8 -69.08
847.2 -69.85
847.6 -69.13
848.0 -70.46
848.4 -69.44
848.8 -69.51
849.2 -68.78
849.6 -71.91
850.0 -70.37
850.4 -69.84
850.8 -67.87
851.2 -72.24
851.6 -69.42
852.0 -68.76
852.4 -69.11
852.8 -71.76
853.2 -68.81
853.6 -70.6
854.0 -68.17
854.4 -70.26
854.8 -71.43
855.2 -68.08
855.6 -71.32
856.0 -68.85
856.4 -68.16
856.8 -69.59
857.2 -67.43
857.6 -68.15
858.0 -69.07
858.4 -68.5
858.8 -71.1
859.2 -68.6
859.6 -68.09
860.0 -70.47
860.4 -70.47
860.8 -68.64
861.2 -68.12
861.6 -68.91
862.0 -67.07
862.4 -69.61
862.8 -68.96
863.2 -70.04
863.6 -67.46
864.0 -68.29
864.4 -68.23
864.8 -67.66
865.2 -69.78
865.6 -68.99
866.0 -69.93
866.4 -70.57
866.8 -69.1
867.2 -68.05
867.6 -67.46
868.0 -69.02
868.4 -68.45
868.8 -68.55
869.2 -69.67
869.6 -68.18
870.0 -68.07
870.4 -69.18
870.8 -67.77
871.2 -67.54
871.6 -69.85
872.0 -68.19
872.4 -68.03
872.8 -68.55
873.2 -69.27
873.6 -68.06
874.0 -67.46
874.4 -69.12
874.8 -68.8
875.2 -69.44
875.6 -68.79
876.0 -70.79
876.4 -68.55
876.8 -66.54
877.2 -71.83
877.6 -68.26
878.0 -70.23
878.4 -68.52
878.8 -68.68
879.2 -67.24
879.6 -67.41
880.0 -68.66
880.4 -68.32
880.8 -68.22
881.2 -67.67
881.6 -66.94
882.0 -68.27
882.4 -68.48
882.8 -68.89
883.2 -66.85
883.6 -67.48
884.0 -67.9
884.4 -67.01
884.8 -67.84
885.2 -67.51
885.6 -68.14
886.0 -66.96
886.4 -67.65
886.8 -67.34
887.2 -68.35
887.6 -67.98
888.0 -67.59
888.4 -68.35
888.8 -68.35
889.2 -68.29
889.6 -69.77
890.0 -68.18
890.4 -67.63
890.8 -67.74
891.2 -68.08
891.6 -67.98
892.0 -67.21
892.4 -69.01
892.8 -68.05
893.2 -68.48
893.6 -67.43
894.0 -68.16
894.4 -67.27
894.8 -67.59
895.2 -68.67
895.6 -68.67
896.0 -68.74
896.4 -68.57
896.8 -68.87
897.2 -67.8
897.6 -67.99
898.0 -67.9
898.4 -67.23
898.8 -67.82
899.2 -67.96
899.6 -67.86
900.0 -67.16
900.4 -69.04
900.8 -68.86
901.2 -69.06
901.6 -68.81
902.0 -68.32
902.4 -67.92
902.8 -68.28
903.2 -68.73
903.6 -67.94
904.0 -68.1
904.4 -67.42
904.8 -67.65
905.2 -67.94
905.6 -68.83
906.0 -68.34
906.4 -69.99
906.8 -66.95
907.2 -67.93
907.6 -67.88
908.0 -67.41
908.4 -68.39
908.8 -67.77
909.2 -68.36
909.6 -67.92
910.0 -68.18
910.4 -67.23
910.8 -67.92
911.2 -66.96
911.6 -67.53
912.0 -67.62
912.4 -66.97
912.8 -67.06
913.2 -68.95
913.6 -66.81
914.0 -67.71
914.4 -67.76
914.8 -67.57
915.2 -68.16
915.6 -67.77
916.0 -68.68
916.4 -67.68
916.8 -68.22
917.2 -69.6
917.6 -69.31
918.0 -69.89
918.4 -70.73
918.8 -67.74
919.2 -68.09
919.6 -69.9
920.0 -69.59
920.4 -69.03
920.8 -68.26
921.2 -68.14
921.6 -67.62
922.0 -68.45
922.4 -68.61
922.8 -69.91
923.2 -69.55
923.6 -70.08
924.0 -69.09
924.4 -68.25
924.8 -67.89
925.2 -69.35
925.6 -69.49
926.0 -68.15
926.4 -69.82
926.8 -69.32
927.2 -69.5
927.6 -69.14
928.0 -68.45
928.4 -68.69
928.8 -69.52
929.2 -70.0
929.6 -69.03
930.0 -67.93
930.4 -69.38
930.8 -69.34
931.2 -68.69
931.6 -69.33
932.0 -67.57
932.4 -69.13
932.8 -69.56
933.2 -68.89
933.6 -70.05
934.0 -69.41
934.4 -68.43
934.8 -70.42
935.2 -68.77
935.6 -70.52
936.0 -69.36
936.4 -69.43
936.8 -70.78
937.2 -71.55
937.6 -70.83
938.0 -70.53
938.4 -69.64
938.8 -70.2
939.2 -71.49
939.6 -70.13
940.0 -68.93
940.4 -70.53
940.8 -71.07
941.2 -69.46
941.6 -71.48
942.0 -69.59
942.4 -69.58
942.8 -71.55
943.2 -69.48
943.6 -71.45
944.0 -70.68
944.4 -70.9
944.8 -70.06
945.2 -71.01
945.6 -71.29
946.0 -69.25
946.4 -70.48
946.8 -68.86
947.2 -70.32
947.6 -70.55
948.0 -69.16
948.4 -71.2
948.8 -70.46
949.2 -70.88
949.6 -70.01
950.0 -70.27
950.4 -71.44
950.8 -70.02
951.2 -70.54
951.6 -70.35
952.0 -71.08
952.4 -74.96
952.8 -72.94
953.2 -70.85
953.6 -70.87
954.0 -71.02
954.4 -69.28
954.8 -71.54
955.2 -69.89
955.6 -70.17
956.0 -70.79
956.4 -71.14
956.8 -72.33
957.2 -70.74
957.6 -72.6
958.0 -70.48
958.4 -71.98
958.8 -69.38
959.2 -73.46
959.6 -71.24
960.0 -71.26
960.4 -70.84
960.8 -70.07
961.2 -71.24
961.6 -68.88
962.0 -69.63
962.4 -71.76
962.8 -69.85
963.2 -70.66
963.6 -70.76
964.0 -72.71
964.4 -72.02
964.8 -69.8
965.2 -70.23
965.6 -70.24
966.0 -69.66
966.4 -70.81
966.8 -70.88
967.2 -71.58
967.6 -70.41
968.0 -69.81
968.4 -70.66
968.8 -70.19
969.2 -70.55
969.6 -70.22
970.0 -69.74
970.4 -71.06
970.8 -70.48
971.2 -70.28
971.6 -69.76
972.0 -71.03
972.4 -70.54
972.8 -70.92
973.2 -71.22
973.6 -71.09
974.0 -71.84
974.4 -70.13
974.8 -71.59
975.2 -71.56
975.6 -71.13
976.0 -71.59
976.4 -70.18
976.8 -69.79
977.2 -71.69
977.6 -72.09
978.0 -70.55
978.4 -69.74
978.8 -71.91
979.2 -70.36
979.6 -71.13
980.0 -71.14
980.4 -71.76
980.8 -70.57
981.2 -70.92
981.6 -70.97
982.0 -72.18
982.4 -70.53
982.8 -71.47
983.2 -70.29
983.6 -71.16
984.0 -71.13
984.4 -71.37
984.8 -71.67
985.2 -70.16
985.6 -71.0
986.0 -70.93
986.4 -71.07
986.8 -70.36
987.2 -70.4
987.6 -70.23
988.0 -70.86
988.4 -70.48
988.8 -70.03
989.2 -70.25
989.6 -70.51
990.0 -70.09
990.4 -69.79
990.8 -69.8
991.2 -69.56
991.6 -70.46
992.0 -69.7
992.4 -69.9
992.8 -69.98
993.2 -70.44
993.6 -69.23
994.0 -68.96
994.4 -69.48
994.8 -69.75
995.2 -69.27
995.6 -69.11
996.0 -69.85
996.4 -69.99
996.8 -69.35
997.2 -70.51
997.6 -69.6
998.0 -69.0
998.4 -69.74
998.8 -70.09
999.2 -68.93
999.6 -69.8
1000.0 -69.96
