600.0 -70.33
600.4 -210.0
600.8 -71.18
601.2 -74.21
601.6 -210.0
602.0 -210.0
602.4 -78.26
602.8 -210.0
603.2 -210.0
603.6 -210.0
604.0 -75.94
604.4 -71.63
604.8 -210.0
605.2 -210.0
605.6 -210.0
606.0 -210.0
606.4 -74.13
606.8 -73.44
607.2 -210.0
607.6 -210.0
608.0 -210.0
608.4 -210.0
608.8 -210.0
609.2 -210.0
609.6 -210.0
610.0 -210.0
610.4 -81.8
610.8 -210.0
611.2 -210.0
611.6 -76.42
612.0 -74.9
612.4 -74.51
612.8 -210.0
613.2 -80.19
613.6 -210.0
614.0 -210.0
614.4 -210.0
614.8 -71.64
615.2 -76.05
615.6 -75.56
616.0 -210.0
616.4 -72.85
616.8 -210.0
617.2 -210.0
617.6 -210.0
618.0 -210.0
618.4 -76.82
618.8 -74.5
619.2 -210.0
619.6 -77.56
620.0 -80.59
620.4 -76.36
620.8 -73.65
621.2 -76.41
621.6 -77.01
622.0 -79.47
622.4 -77.73
622.8 -82.54
623.2 -210.0
623.6 -76.56
624.0 -210.0
624.4 -76.1
624.8 -74.53
625.2 -210.0
625.6 -76.17
626.0 -70.43
626.4 -74.3
626.8 -210.0
627.2 -210.0
627.6 -210.0
628.0 -75.87
628.4 -210.0
628.8 -210.0
629.2 -73.15
629.6 -71.19
630.0 -79.01
630.4 -77.57
630.8 -210.0
631.2 -210.0
631.6 -210.0
632.0 -73.84
632.4 -77.14
632.8 -210.0
633.2 -210.0
633.6 -210.0
634.0 -72.86
634.4 -72.89
634.8 -76.35
635.2 -74.61
635.6 -73.62
636.0 -86.44
636.4 -78.01
636.8 -210.0
637.2 -77.49
637.6 -210.0
638.0 -210.0
638.4 -74.06
638.8 -73.64
639.2 -83.67
639.6 -80.68
640.0 -210.0
640.4 -75.98
640.8 -72.67
641.2 -210.0
641.6 -75.12
642.0 -74.36
642.4 -77.92
642.8 -73.19
643.2 -210.0
643.6 -210.0
644.0 -74.31
644.4 -80.15
644.8 -210.0
645.2 -82.43
645.6 -210.0
646.0 -82.5
646.4 -210.0
646.8 -210.0
647.2 -210.0
647.6 -75.96
648.0 -74.45
648.4 -210.0
648.8 -74.98
649.2 -76.1
649.6 -76.81
650.0 -210.0
650.4 -77.2
650.8 -210.0
651.2 -73.48
651.6 -73.65
652.0 -210.0
652.4 -78.6
652.8 -76.84
653.2 -76.84
653.6 -210.0
654.0 -74.22
654.4 -74.86
654.8 -82.88
655.2 -77.24
655.6 -210.0
656.0 -77.25
656.4 -84.66
656.8 -210.0
657.2 -76.88
657.6 -75.12
658.0 -76.21
658.4 -87.68
658.8 -74.68
659.2 -81.66
659.6 -74.9
660.0 -71.46
660.4 -71.46
660.8 -76.56
661.2 -210.0
661.6 -72.64
662.0 -75.39
662.4 -75.39
662.8 -75.14
663.2 -210.0
663.6 -210.0
664.0 -78.66
664.4 -210.0
664.8 -74.91
665.2 -70.88
665.6 -71.46
666.0 -210.0
666.4 -210.0
666.8 -75.65
667.2 -77.28
667.6 -72.51
668.0 -73.22
668.4 -79.24
668.8 -210.0
669.2 -210.0
669.6 -75.93
670.0 -70.78
670.4 -75.64
670.8 -210.0
671.2 -75.63
671.6 -210.0
672.0 -210.0
672.4 -74.66
672.8 -77.24
673.2 -70.93
673.6 -74.04
674.0 -70.16
674.4 -77.23
674.8 -74.85
675.2 -76.84
675.6 -76.84
676.0 -72.85
676.4 -81.6
676.8 -210.0
677.2 -74.19
677.6 -210.0
678.0 -70.12
678.4 -84.6
678.8 -79.81
679.2 -77.18
679.6 -79.81
680.0 -70.68
680.4 -73.97
680.8 -210.0
681.2 -76.78
681.6 -73.25
682.0 -74.55
682.4 -210.0
682.8 -74.99
683.2 -73.23
683.6 -73.56
684.0 -76.4
684.4 -77.11
684.8 -84.52
685.2 -75.21
685.6 -79.06
686.0 -69.51
686.4 -210.0
686.8 -75.19
687.2 -82.72
687.6 -74.26
688.0 -87.49
688.4 -77.06
688.8 -74.69
689.2 -73.66
689.6 -72.15
690.0 -87.46
690.4 -87.45
690.8 -70.46
691.2 -70.45
691.6 -210.0
692.0 -210.0
692.4 -74.41
692.8 -75.37
693.2 -75.36
693.6 -72.78
694.0 -79.61
694.4 -73.58
694.8 -73.96
695.2 -75.91
695.6 -74.15
696.0 -75.6
696.4 -73.55
696.8 -74.35
697.2 -73.03
697.6 -74.34
698.0 -74.78
698.4 -72.41
698.8 -75.56
699.2 -73.17
699.6 -71.19
700.0 -81.28
700.4 -72.38
700.8 -74.29
701.2 -210.0
701.6 -72.23
702.0 -82.5
702.4 -80.28
702.8 -73.65
703.2 -76.84
703.6 -78.8
704.0 -77.25
704.4 -74.23
704.8 -71.67
705.2 -74.44
705.6 -72.04
706.0 -74.43
706.4 -75.74
706.8 -76.41
707.2 -74.19
707.6 -72.88
708.0 -84.18
708.4 -72.26
708.8 -210.0
709.2 -71.14
709.6 -78.71
710.0 -71.84
710.4 -81.13
710.8 -210.0
711.2 -81.12
711.6 -210.0
712.0 -70.32
712.4 -73.91
712.8 -73.7
713.2 -210.0
713.6 -73.69
714.0 -76.7
714.4 -80.12
714.8 -73.68
715.2 -74.09
715.6 -77.1
716.0 -72.32
716.4 -77.54
716.8 -75.04
717.2 -69.75
717.6 -76.28
718.0 -69.28
718.4 -210.0
718.8 -73.83
719.2 -72.28
719.6 -210.0
720.0 -74.74
720.4 -71.99
720.8 -210.0
721.2 -75.9
721.6 -81.01
722.0 -70.04
722.4 -70.9
722.8 -76.6
723.2 -73.59
723.6 -73.21
724.0 -77.97
724.4 -75.54
724.8 -70.56
725.2 -78.54
725.6 -74.21
726.0 -73.98
726.4 -71.67
726.8 -71.66
727.2 -72.2
727.6 -72.06
728.0 -73.16
728.4 -73.16
728.8 -74.91
729.2 -78.5
729.6 -71.9
730.0 -210.0
730.4 -210.0
730.8 -73.32
731.2 -72.02
731.6 -74.63
732.0 -70.39
732.4 -72.95
732.8 -86.93
733.2 -71.35
733.6 -73.11
734.0 -210.0
734.4 -74.86
734.8 -79.12
735.2 -70.99
735.6 -75.13
736.0 -76.1
736.4 -72.41
736.8 -70.76
737.2 -69.73
737.6 -74.57
738.0 -73.65
738.4 -73.07
738.8 -73.86
739.2 -72.72
739.6 -76.07
740.0 -73.24
740.4 -210.0
740.8 -71.94
741.2 -76.43
741.6 -72.53
742.0 -210.0
742.4 -75.38
742.8 -71.52
743.2 -68.57
743.6 -78.38
744.0 -73.02
744.4 -73.02
744.8 -72.35
745.2 -69.58
745.6 -69.83
746.0 -70.38
746.4 -71.02
746.8 -72.67
747.2 -72.03
747.6 -71.49
748.0 -73.0
748.4 -74.01
748.8 -70.36
749.2 -76.0
749.6 -71.74
750.0 -75.65
750.4 -74.48
750.8 -70.98
751.2 -72.46
751.6 -70.33
752.0 -73.14
752.4 -72.61
752.8 -76.33
753.2 -74.19
753.6 -77.7
754.0 -71.05
754.4 -69.57
754.8 -69.48
755.2 -71.4
755.6 -70.8
756.0 -81.93
756.4 -73.92
756.8 -73.91
757.2 -73.27
757.6 -75.55
758.0 -70.77
758.4 -73.89
758.8 -72.2
759.2 -74.36
759.6 -72.52
760.0 -73.04
760.4 -72.34
760.8 -74.09
761.2 -69.66
761.6 -70.52
762.0 -210.0
762.4 -73.63
762.8 -72.0
763.2 -71.44
763.6 -71.44
764.0 -72.14
764.4 -70.82
764.8 -75.81
765.2 -69.98
765.6 -210.0
766.0 -69.27
766.4 -74.83
766.8 -72.78
767.2 -70.9
767.6 -71.02
768.0 -72.6
768.4 -71.66
768.8 -74.26
769.2 -71.51
769.6 -75.77
770.0 -69.74
770.4 -70.87
770.8 -71.78
771.2 -75.09
771.6 -74.79
772.0 -69.06
772.4 -76.55
772.8 -68.99
773.2 -72.93
773.6 -70.11
774.0 -72.39
774.4 -71.09
774.8 -71.48
775.2 -75.74
775.6 -73.31
776.0 -73.3
776.4 -70.09
776.8 -70.29
777.2 -69.12
777.6 -71.34
778.0 -68.45
778.4 -72.54
778.8 -68.81
779.2 -70.18
779.6 -69.98
780.0 -75.04
780.4 -70.27
780.8 -75.71
781.2 -69.97
781.6 -73.07
782.0 -70.7
782.4 -71.58
782.8 -74.19
783.2 -70.36
783.6 -74.72
784.0 -71.04
784.4 -75.02
784.8 -70.14
785.2 -72.16
785.6 -71.16
786.0 -78.02
786.4 -70.9
786.8 -76.47
787.2 -69.74
787.6 -73.46
788.0 -69.84
788.4 -70.33
788.8 -72.48
789.2 -72.14
789.6 -68.9
790.0 -70.88
790.4 -69.91
790.8 -73.44
791.2 -71.96
791.6 -75.64
792.0 -70.99
792.4 -72.29
792.8 -69.8
793.2 -71.11
793.6 -74.96
794.0 -70.5
794.4 -68.93
794.8 -73.19
795.2 -69.98
795.6 -70.17
796.0 -69.0
796.4 -69.87
796.8 -71.63
797.2 -70.83
797.6 -70.6
798.0 -72.78
798.4 -72.07
798.8 -70.36
799.2 -69.48
799.6 -72.41
800.0 -69.22
800.4 -70.46
800.8 -69.47
801.2 -72.41
801.6 -70.7
802.0 -71.76
802.4 -69.31
802.8 -74.35
803.2 -70.37
803.6 -70.83
804.0 -69.0
804.4 -70.49
804.8 -72.79
805.2 -69.42
805.6 -67.78
806.0 -69.09
806.4 -66.25
806.8 -62.32
807.2 -57.97
807.6 -54.15
808.0 -52.46
808.4 -53.4
808.8 -54.24
809.2 -57.75
809.6 -66.31
810.0 -69.37
810.4 -69.73
810.8 -73.46
811.2 -68.83
811.6 -68.15
812.0 -70.05
812.4 -72.34
812.8 -69.87
813.2 -70.59
813.6 -70.83
814.0 -70.95
814.4 -68.82
814.8 -75.4
815.2 -68.34
815.6 -69.64
816.0 -70.76
816.4 -70.23
816.8 -71.25
817.2 -69.76
817.6 -72.27
818.0 -73.16
818.4 -70.06
818.8 -70.69
819.2 -70.08
819.6 -70.7
820.0 -69.31
820.4 -69.92
820.8 -70.54
821.2 -70.65
821.6 -73.69
822.0 -70.08
822.4 -71.16
822.8 -70.94
823.2 -72.61
823.6 -69.69
824.0 -71.1
824.4 -70.36
824.8 -71.5
825.2 -69.84
825.6 -69.52
826.0 -73.05
826.4 -71.96
826.8 -70.98
827.2 -67.61
827.6 -67.84
828.0 -68.36
828.4 -70.23
828.8 -71.05
829.2 -69.91
829.6 -69.67
830.0 -70.69
830.4 -69.57
830.8 -72.46
831.2 -71.93
831.6 -70.7
832.0 -67.77
832.4 -69.0
832.8 -73.61
833.2 -70.44
833.6 -69.5
834.0 -68.74
834.4 -68.31
834.8 -69.74
835.2 -69.34
835.6 -70.03
836.0 -69.27
836.4 -69.71
836.8 -71.28
837.2 -68.3
837.6 -70.17
838.0 -70.2
838.4 -71.72
838.8 -69.67
839.2 -72.01
839.6 -68.92
840.0 -69.28
840.4 -68.98
840.8 -68.65
841.2 -71.01
841.6 -70.03
842.0 -69.74
842.4 -69.73
842.8 -69.4
843.2 -70.65
843.6 -70.82
844.0 -68.48
844.4 -68.38
844.8 -70.64
845.2 -68.74
845.6 -70.23
846.0 -69.72
846.4 -70.31
846.8 -67.76
847.2 -68.78
847.6 -68.57
848.0 -69.51
848.4 -68.26
848.8 -68.57
849.2 -68.31
849.6 -68.36
850.0 -68.56
850.4 -68.35
850.8 -69.24
851.2 -70.44
851.6 -70.05
852.0 -68.29
852.4 -70.87
852.8 -67.99
853.2 -70.52
853.6 -68.38
854.0 -69.74
854.4 -70.18
854.8 -71.75
855.2 -67.93
855.6 -69.14
856.0 -68.73
856.4 -68.96
856.8 -68.9
857.2 -69.13
857.6 -68.72
858.0 -68.78
858.4 -67.55
858.8 -68.55
859.2 -67.95
859.6 -68.88
860.0 -67.41
860.4 -69.11
860.8 -68.64
861.2 -67.98
861.6 -67.87
862.0 -68.57
862.4 -69.28
862.8 -67.51
863.2 -68.62
863.6 -68.29
864.0 -69.07
864.4 -67.75
864.8 -69.12
865.2 -67.31
865.6 -69.86
866.0 -69.5
866.4 -69.04
866.8 -68.58
867.2 -67.42
867.6 -68.05
868.0 -68.19
868.4 -66.93
868.8 -69.46
869.2 -67.31
869.6 -69.01
870.0 -66.87
870.4 -68.7
870.8 -68.06
871.2 -68.1
871.6 -69.29
872.0 -67.23
872.4 -67.35
872.8 -66.72
873.2 -67.69
873.6 -67.29
874.0 -68.11
874.4 -68.52
874.8 -68.63
875.2 -67.94
875.6 -67.56
876.0 -68.66
876.4 -70.17
876.8 -68.01
877.2 -67.14
877.6 -66.71
878.0 -67.39
878.4 -68.04
878.8 -67.93
879.2 -67.97
879.6 -68.17
880.0 -66.67
880.4 -67.02
880.8 -68.43
881.2 -66.79
881.6 -67.31
882.0 -67.58
882.4 -69.49
882.8 -67.18
883.2 -68.59
883.6 -67.76
884.0 -69.56
884.4 -66.89
884.8 -67.17
885.2 -66.84
885.6 -67.89
886.0 -67.89
886.4 -68.7
886.8 -66.47
887.2 -67.28
887.6 -66.91
888.0 -66.64
888.4 -67.2
888.8 -67.83
889.2 -68.29
889.6 -67.59
890.0 -67.68
890.4 -67.97
890.8 -67.88
891.2 -67.93
891.6 -66.61
892.0 -66.84
892.4 -67.99
892.8 -67.18
893.2 -68.31
893.6 -69.22
894.0 -66.82
894.4 -67.23
894.8 -66.83
895.2 -68.12
895.6 -68.23
896.0 -67.98
896.4 -67.93
896.8 -66.82
897.2 -67.56
897.6 -67.8
898.0 -67.53
898.4 -67.62
898.8 -67.96
899.2 -67.32
899.6 -67.45
900.0 -67.59
900.4 -67.47
900.8 -67.85
901.2 -67.11
901.6 -67.9
902.0 -68.37
902.4 -67.21
902.8 -67.31
903.2 -66.69
903.6 -67.75
904.0 -68.92
904.4 -67.13
904.8 -66.31
905.2 -67.4
905.6 -67.89
906.0 -67.99
906.4 -66.9
906.8 -69.85
907.2 -67.07
907.6 -66.77
908.0 -68.13
908.4 -66.9
908.8 -67.77
909.2 -67.07
909.6 -66.92
910.0 -67.8
910.4 -67.27
910.8 -67.61
911.2 -67.07
911.6 -68.2
912.0 -67.33
912.4 -67.39
912.8 -67.41
913.2 -66.93
913.6 -66.64
914.0 -66.59
914.4 -68.17
914.8 -68.14
915.2 -67.35
915.6 -67.94
916.0 -67.71
916.4 -67.25
916.8 -67.22
917.2 -67.17
917.6 -66.87
918.0 -67.79
918.4 -68.58
918.8 -67.91
919.2 -68.66
919.6 -67.49
920.0 -67.83
920.4 -68.38
920.8 -67.92
921.2 -69.17
921.6 -69.19
922.0 -67.27
922.4 -67.82
922.8 -67.61
923.2 -68.74
923.6 -67.45
924.0 -68.83
924.4 -67.6
924.8 -67.58
925.2 -66.94
925.6 -67.58
926.0 -68.27
926.4 -67.3
926.8 -68.19
927.2 -68.59
927.6 -68.26
928.0 -67.69
928.4 -68.56
928.8 -68.53
929.2 -67.74
929.6 -67.58
930.0 -67.63
930.4 -67.28
930.8 -67.67
931.2 -68.02
931.6 -67.27
932.0 -67.33
932.4 -67.52
932.8 -69.45
933.2 -68.25
933.6 -68.39
934.0 -68.02
934.4 -68.77
934.8 -70.36
935.2 -67.76
935.6 -67.23
936.0 -67.98
936.4 -69.85
936.8 -68.43
937.2 -68.83
937.6 -68.9
938.0 -68.87
938.4 -70.36
938.8 -69.27
939.2 -67.8
939.6 -69.31
940.0 -70.04
940.4 -68.22
940.8 -68.77
941.2 -69.23
941.6 -68.43
942.0 -70.5
942.4 -70.78
942.8 -68.93
943.2 -70.18
943.6 -68.98
944.0 -69.96
944.4 -68.11
944.8 -67.69
945.2 -68.62
945.6 -69.1
946.0 -68.92
946.4 -69.63
946.8 -69.38
947.2 -68.89
947.6 -69.35
948.0 -69.33
948.4 -70.33
948.8 -69.55
949.2 -68.89
949.6 -69.68
950.0 -68.93
950.4 -69.03
950.8 -69.24
951.2 -69.22
951.6 -70.3
952.0 -68.89
952.4 -70.19
952.8 -70.17
953.2 -68.95
953.6 -69.71
954.0 -68.86
954.4 -69.2
954.8 -69.91
955.2 -69.59
955.6 -68.41
956.0 -68.59
956.4 -70.5
956.8 -69.88
957.2 -69.73
957.6 -68.77
958.0 -69.23
958.4 -69.79
958.8 -70.48
959.2 -69.37
959.6 -69.07
960.0 -70.04
960.4 -69.42
960.8 -69.29
961.2 -69.27
961.6 -69.85
962.0 -69.09
962.4 -69.35
962.8 -68.89
963.2 -69.14
963.6 -68.83
964.0 -70.1
964.4 -69.15
964.8 -69.96
965.2 -69.28
965.6 -69.43
966.0 -69.17
966.4 -69.71
966.8 -69.62
967.2 -69.18
967.6 -69.3
968.0 -70.25
968.4 -68.31
968.8 -69.08
969.2 -69.33
969.6 -70.31
970.0 -69.1
970.4 -70.64
970.8 -69.96
971.2 -69.43
971.6 -70.26
972.0 -69.78
972.4 -69.72
972.8 -70.23
973.2 -69.97
973.6 -69.24
974.0 -70.31
974.4 -69.17
974.8 -69.64
975.2 -69.73
975.6 -69.85
976.0 -70.23
976.4 -69.54
976.8 -69.26
977.2 -70.61
977.6 -70.25
978.0 -69.28
978.4 -70.25
978.8 -69.47
979.2 -70.52
979.6 -70.74
980.0 -69.6
980.4 -71.7
980.8 -69.51
981.2 -69.3
981.6 -70.24
982.0 -69.9
982.4 -70.3
982.8 -68.79
983.2 -69.87
983.6 -70.16
984.0 -69.18
984.4 -70.18
984.8 -70.12
985.2 -69.85
985.6 -69.74
986.0 -70.34
986.4 -69.25
986.8 -69.31
987.2 -69.47
987.6 -68.97
988.0 -69.41
988.4 -69.11
988.8 -68.73
989.2 -68.54
989.6 -68.93
990.0 -69.58
990.4 -69.4
990.8 -68.06
991.2 -69.08
991.6 -69.31
992.0 -68.8
992.4 -68.01
992.8 -68.61
993.2 -68.37
993.6 -68.42
994.0 -68.13
994.4 -68.72
994.8 -68.9
995.2 -68.67
995.6 -68.59
996.0 -68.65
996.4 -68.64
996.8 -68.72
997.2 -68.32
997.6 -68.42
998.0 -68.29
998.4 -68.15
998.8 -68.62
999.2 -68.51
999.6 -67.72
1000.0 -68.45
