600.0 -210.0
600.4 -210.0
600.8 -210.0
601.2 -79.43
601.6 -74.24
602.0 -70.84
602.4 -79.51
602.8 -74.32
603.2 -210.0
603.6 -74.82
604.0 -210.0
604.4 -71.41
604.8 -71.66
605.2 -210.0
605.6 -210.0
606.0 -75.49
606.4 -210.0
606.8 -73.78
607.2 -74.18
607.6 -69.57
608.0 -210.0
608.4 -210.0
608.8 -210.0
609.2 -210.0
609.6 -210.0
610.0 -71.55
610.4 -69.01
610.8 -210.0
611.2 -210.0
611.6 -74.88
612.0 -80.12
612.4 -210.0
612.8 -74.95
613.2 -69.28
613.6 -73.23
614.0 -77.23
614.4 -77.25
614.8 -71.84
615.2 -210.0
615.6 -210.0
616.0 -72.58
616.4 -210.0
616.8 -210.0
617.2 -210.0
617.6 -210.0
618.0 -71.45
618.4 -210.0
618.8 -210.0
619.2 -210.0
619.6 -74.55
620.0 -70.89
620.4 -210.0
620.8 -210.0
621.2 -210.0
621.6 -74.33
622.0 -73.73
622.4 -72.51
622.8 -74.08
623.2 -71.59
623.6 -76.05
624.0 -77.16
624.4 -77.19
624.8 -72.88
625.2 -73.14
625.6 -75.72
626.0 -70.97
626.4 -77.31
626.8 -210.0
627.2 -78.03
627.6 -76.81
628.0 -210.0
628.4 -210.0
628.8 -73.87
629.2 -73.15
629.6 -78.18
630.0 -76.45
630.4 -73.98
630.8 -75.64
631.2 -70.64
631.6 -210.0
632.0 -75.35
632.4 -86.18
632.8 -210.0
633.2 -77.78
633.6 -74.21
634.0 -83.28
634.4 -70.29
634.8 -80.32
635.2 -210.0
635.6 -71.49
636.0 -80.41
636.4 -71.69
636.8 -80.47
637.2 -75.73
637.6 -75.09
638.0 -72.78
638.4 -78.16
638.8 -72.17
639.2 -75.21
639.6 -77.67
640.0 -78.95
640.4 -210.0
640.8 -70.9
641.2 -74.06
641.6 -69.1
642.0 -74.36
642.4 -72.48
642.8 -75.53
643.2 -71.58
643.6 -76.65
644.0 -81.07
644.4 -76.34
644.8 -73.37
645.2 -71.08
645.6 -69.84
646.0 -76.14
646.4 -82.54
646.8 -71.02
647.2 -79.6
647.6 -76.29
648.0 -77.46
648.4 -70.77
648.8 -71.85
649.2 -72.25
649.6 -72.55
650.0 -69.98
650.4 -76.15
650.8 -75.85
651.2 -73.48
651.6 -72.18
652.0 -210.0
652.4 -72.32
652.8 -70.73
653.2 -74.63
653.6 -77.65
654.0 -71.02
654.4 -70.01
654.8 -73.03
655.2 -75.89
655.6 -71.97
656.0 -77.25
656.4 -70.76
656.8 -72.61
657.2 -69.68
657.6 -70.27
658.0 -71.76
658.4 -69.97
658.8 -72.63
659.2 -70.61
659.6 -71.06
660.0 -70.71
660.4 -71.57
660.8 -73.72
661.2 -70.54
661.6 -69.37
662.0 -71.9
662.4 -72.25
662.8 -71.78
663.2 -70.71
663.6 -72.64
664.0 -71.07
664.4 -69.43
664.8 -70.79
665.2 -70.37
665.6 -70.88
666.0 -71.16
666.4 -70.71
666.8 -69.31
667.2 -71.07
667.6 -68.89
668.0 -71.9
668.4 -74.69
668.8 -70.71
669.2 -69.99
669.6 -71.36
670.0 -71.15
670.4 -69.98
670.8 -71.44
671.2 -68.98
671.6 -70.52
672.0 -69.4
672.4 -68.58
672.8 -71.42
673.2 -69.66
673.6 -72.09
674.0 -69.32
674.4 -69.72
674.8 -69.85
675.2 -74.63
675.6 -69.31
676.0 -68.65
676.4 -69.77
676.8 -70.54
677.2 -73.47
677.6 -68.69
678.0 -70.7
678.4 -68.74
678.8 -69.02
679.2 -69.4
679.6 -68.2
680.0 -70.34
680.4 -71.67
680.8 -72.26
681.2 -70.67
681.6 -70.41
682.0 -69.7
682.4 -71.12
682.8 -69.16
683.2 -70.56
683.6 -70.63
684.0 -69.68
684.4 -69.46
684.8 -72.61
685.2 -69.0
685.6 -68.71
686.0 -71.59
686.4 -68.53
686.8 -68.15
687.2 -69.64
687.6 -68.68
688.0 -69.78
688.4 -70.4
688.8 -70.32
689.2 -69.83
689.6 -70.06
690.0 -68.53
690.4 -69.52
690.8 -69.96
691.2 -68.92
691.6 -68.14
692.0 -68.13
692.4 -70.34
692.8 -70.88
693.2 -69.28
693.6 -67.45
694.0 -68.0
694.4 -72.61
694.8 -68.14
695.2 -69.89
695.6 -69.18
696.0 -69.24
696.4 -69.36
696.8 -68.55
697.2 -68.05
697.6 -69.71
698.0 -69.01
698.4 -72.27
698.8 -68.87
699.2 -70.07
699.6 -69.46
700.0 -71.18
700.4 -69.3
700.8 -67.56
701.2 -67.12
701.6 -67.79
702.0 -67.69
702.4 -68.94
702.8 -68.34
703.2 -68.8
703.6 -67.3
704.0 -68.98
704.4 -67.07
704.8 -68.54
705.2 -67.54
705.6 -69.16
706.0 -68.52
706.4 -67.47
706.8 -68.23
707.2 -68.74
707.6 -68.39
708.0 -67.1
708.4 -68.37
708.8 -67.73
709.2 -67.43
709.6 -66.95
710.0 -67.33
710.4 -67.57
710.8 -70.07
711.2 -67.8
711.6 -67.69
712.0 -68.81
712.4 -67.36
712.8 -68.93
713.2 -69.72
713.6 -67.67
714.0 -68.6
714.4 -67.97
714.8 -69.4
715.2 -67.46
715.6 -69.69
716.0 -68.4
716.4 -67.17
716.8 -68.0
717.2 -69.01
717.6 -69.37
718.0 -67.62
718.4 -67.2
718.8 -67.28
719.2 -66.72
719.6 -68.86
720.0 -67.8
720.4 -68.07
720.8 -67.04
721.2 -68.4
721.6 -68.28
722.0 -67.89
722.4 -69.54
722.8 -68.26
723.2 -67.28
723.6 -67.15
724.0 -67.97
724.4 -67.32
724.8 -67.22
725.2 -68.07
725.6 -67.65
726.0 -68.29
726.4 -68.18
726.8 -69.12
727.2 -66.64
727.6 -67.68
728.0 -67.72
728.4 -66.03
728.8 -67.22
729.2 -68.5
729.6 -68.57
730.0 -66.9
730.4 -67.4
730.8 -67.85
731.2 -68.87
731.6 -67.2
732.0 -68.23
732.4 -67.15
732.8 -66.36
733.2 -67.88
733.6 -66.87
734.0 -67.99
734.4 -68.64
734.8 -67.82
735.2 -67.27
735.6 -67.76
736.0 -67.4
736.4 -67.44
736.8 -67.44
737.2 -67.02
737.6 -67.43
738.0 -68.55
738.4 -68.36
738.8 -67.83
739.2 -66.91
739.6 -69.46
740.0 -69.07
740.4 -67.27
740.8 -67.41
741.2 -66.68
741.6 -67.3
742.0 -69.06
742.4 -68.27
742.8 -67.75
743.2 -67.64
743.6 -68.08
744.0 -66.83
744.4 -67.19
744.8 -67.9
745.2 -66.26
745.6 -66.21
746.0 -66.9
746.4 -67.37
746.8 -68.55
747.2 -66.35
747.6 -68.11
748.0 -66.51
748.4 -67.35
748.8 -67.4
749.2 -67.45
749.6 -68.16
750.0 -67.49
750.4 -67.34
750.8 -66.52
751.2 -68.71
751.6 -67.47
752.0 -67.95
752.4 -67.67
752.8 -66.21
753.2 -67.5
753.6 -66.44
754.0 -67.39
754.4 -67.23
754.8 -66.04
755.2 -69.23
755.6 -68.39
756.0 -66.88
756.4 -67.36
756.8 -67.2
757.2 -68.12
757.6 -69.44
758.0 -67.49
758.4 -66.85
758.8 -67.59
759.2 -67.37
759.6 -67.58
760.0 -67.85
760.4 -67.11
760.8 -66.87
761.2 -67.72
761.6 -67.1
762.0 -66.86
762.4 -66.51
762.8 -66.41
763.2 -66.37
763.6 -66.5
764.0 -65.79
764.4 -66.79
764.8 -67.47
765.2 -68.15
765.6 -66.19
766.0 -68.08
766.4 -66.47
766.8 -66.85
767.2 -66.33
767.6 -66.9
768.0 -66.8
768.4 -66.84
768.8 -67.81
769.2 -67.32
769.6 -66.57
770.0 -69.15
770.4 -66.78
770.8 -66.26
771.2 -66.47
771.6 -67.36
772.0 -66.13
772.4 -67.05
772.8 -66.59
773.2 -65.94
773.6 -66.91
774.0 -66.8
774.4 -67.78
774.8 -65.6
775.2 -67.96
775.6 -68.08
776.0 -67.89
776.4 -66.03
776.8 -66.4
777.2 -67.55
777.6 -65.77
778.0 -66.47
778.4 -67.12
778.8 -66.52
779.2 -67.27
779.6 -65.83
780.0 -66.05
780.4 -65.82
780.8 -66.17
781.2 -66.25
781.6 -66.16
782.0 -66.91
782.4 -65.96
782.8 -65.78
783.2 -66.75
783.6 -65.99
784.0 -66.32
784.4 -65.92
784.8 -66.84
785.2 -66.61
785.6 -67.08
786.0 -65.91
786.4 -66.21
786.8 -67.77
787.2 -66.25
787.6 -66.97
788.0 -66.38
788.4 -65.25
788.8 -66.0
789.2 -66.91
789.6 -66.08
790.0 -67.75
790.4 -65.55
790.8 -66.36
791.2 -67.24
791.6 -65.68
792.0 -67.3
792.4 -66.18
792.8 -66.79
793.2 -67.18
793.6 -66.01
794.0 -65.59
794.4 -65.59
794.8 -65.7
795.2 -66.08
795.6 -66.67
796.0 -66.11
796.4 -66.41
796.8 -65.23
797.2 -65.32
797.6 -65.86
798.0 -65.83
798.4 -65.7
798.8 -66.84
799.2 -66.05
799.6 -64.68
800.0 -65.84
800.4 -65.81
800.8 -65.27
801.2 -65.25
801.6 -65.11
802.0 -65.67
802.4 -65.59
802.8 -66.02
803.2 -65.83
803.6 -65.29
804.0 -66.58
804.4 -65.58
804.8 -66.07
805.2 -64.53
805.6 -64.57
806.0 -63.7
806.4 -61.7
806.8 -58.24
807.2 -54.6
807.6 -50.6
808.0 -49.28
808.4 -50.35
808.8 -50.67
809.2 -54.27
809.6 -61.98
810.0 -64.12
810.4 -64.13
810.8 -64.88
811.2 -65.16
811.6 -66.26
812.0 -65.66
812.4 -67.14
812.8 -66.67
813.2 -64.66
813.6 -65.91
814.0 -65.95
814.4 -65.1
814.8 -65.67
815.2 -64.83
815.6 -65.72
816.0 -65.48
816.4 -66.0
816.8 -66.65
817.2 -66.12
817.6 -65.9
818.0 -66.37
818.4 -65.66
818.8 -65.05
819.2 -65.12
819.6 -65.28
820.0 -65.02
820.4 -65.78
820.8 -65.8
821.2 -64.94
821.6 -65.46
822.0 -65.4
822.4 -64.82
822.8 -64.21
823.2 -65.14
823.6 -66.39
824.0 -65.26
824.4 -65.33
824.8 -65.2
825.2 -64.55
825.6 -65.48
826.0 -66.14
826.4 -64.94
826.8 -65.5
827.2 -65.14
827.6 -65.22
828.0 -65.7
828.4 -65.62
828.8 -65.18
829.2 -65.14
829.6 -65.41
830.0 -64.62
830.4 -64.75
830.8 -65.62
831.2 -64.76
831.6 -65.09
832.0 -65.93
832.4 -65.13
832.8 -64.37
833.2 -64.93
833.6 -65.61
834.0 -64.64
834.4 -64.4
834.8 -64.61
835.2 -64.64
835.6 -64.03
836.0 -64.35
836.4 -64.42
836.8 -65.31
837.2 -64.99
837.6 -64.09
838.0 -64.91
838.4 -64.5
838.8 -64.92
839.2 -64.45
839.6 -64.26
840.0 -65.16
840.4 -64.95
840.8 -64.31
841.2 -64.19
841.6 -64.37
842.0 -64.97
842.4 -64.42
842.8 -64.01
843.2 -64.48
843.6 -64.48
844.0 -64.26
844.4 -65.2
844.8 -64.49
845.2 -64.45
845.6 -64.51
846.0 -64.23
846.4 -64.37
846.8 -64.33
847.2 -64.24
847.6 -64.48
848.0 -64.22
848.4 -64.2
848.8 -63.83
849.2 -63.74
849.6 -64.22
850.0 -63.89
850.4 -63.68
850.8 -64.39
851.2 -64.07
851.6 -64.2
852.0 -63.99
852.4 -63.92
852.8 -64.13
853.2 -64.39
853.6 -63.95
854.0 -63.92
854.4 -63.9
854.8 -63.16
855.2 -63.47
855.6 -63.37
856.0 -63.73
856.4 -63.23
856.8 -63.71
857.2 -63.72
857.6 -63.5
858.0 -63.79
858.4 -63.5
858.8 -63.15
859.2 -63.59
859.6 -63.18
860.0 -64.28
860.4 -63.54
860.8 -63.47
861.2 -63.22
861.6 -63.24
862.0 -63.16
862.4 -63.28
862.8 -63.36
863.2 -63.53
863.6 -63.32
864.0 -63.27
864.4 -63.43
864.8 -63.43
865.2 -63.25
865.6 -63.62
866.0 -63.69
866.4 -63.27
866.8 -63.81
867.2 -63.2
867.6 -62.92
868.0 -63.29
868.4 -63.16
868.8 -62.84
869.2 -62.87
869.6 -63.49
870.0 -63.15
870.4 -63.24
870.8 -63.19
871.2 -62.87
871.6 -63.29
872.0 -63.27
872.4 -63.1
872.8 -62.97
873.2 -63.22
873.6 -62.94
874.0 -62.88
874.4 -62.66
874.8 -63.07
875.2 -62.71
875.6 -62.92
876.0 -63.15
876.4 -62.39
876.8 -62.66
877.2 -62.7
877.6 -62.54
878.0 -62.61
878.4 -63.06
878.8 -62.63
879.2 -62.45
879.6 -62.65
880.0 -62.53
880.4 -62.56
880.8 -62.64
881.2 -62.36
881.6 -62.53
882.0 -62.58
882.4 -62.38
882.8 -62.63
883.2 -62.31
883.6 -62.27
884.0 -62.71
884.4 -62.29
884.8 -62.38
885.2 -63.24
885.6 -62.31
886.0 -62.23
886.4 -62.64
886.8 -62.23
887.2 -62.63
887.6 -62.6
888.0 -62.37
888.4 -62.36
888.8 -61.88
889.2 -62.26
889.6 -62.55
890.0 -62.43
890.4 -62.5
890.8 -62.9
891.2 -62.33
891.6 -61.97
892.0 -62.11
892.4 -62.19
892.8 -62.01
893.2 -62.27
893.6 -62.42
894.0 -62.32
894.4 -62.13
894.8 -61.91
895.2 -62.17
895.6 -62.21
896.0 -62.46
896.4 -62.2
896.8 -62.47
897.2 -62.25
897.6 -62.12
898.0 -62.22
898.4 -62.06
898.8 -62.25
899.2 -62.13
899.6 -62.29
900.0 -61.95
900.4 -62.39
900.8 -62.02
901.2 -61.86
901.6 -62.35
902.0 -61.83
902.4 -62.04
902.8 -62.17
903.2 -62.09
903.6 -62.23
904.0 -62.16
904.4 -62.28
904.8 -62.12
905.2 -62.26
905.6 -62.07
906.0 -61.98
906.4 -62.02
906.8 -61.6
907.2 -62.03
907.6 -61.91
908.0 -61.6
908.4 -61.97
908.8 -61.91
909.2 -61.99
909.6 -61.76
910.0 -61.83
910.4 -61.72
910.8 -62.26
911.2 -61.8
911.6 -61.99
912.0 -61.82
912.4 -61.67
912.8 -61.74
913.2 -61.27
913.6 -61.68
914.0 -61.69
914.4 -61.91
914.8 -61.55
915.2 -61.35
915.6 -61.37
916.0 -61.59
916.4 -61.64
916.8 -61.63
917.2 -61.71
917.6 -61.46
918.0 -61.33
918.4 -61.62
918.8 -61.52
919.2 -61.46
919.6 -61.75
920.0 -61.26
920.4 -61.29
920.8 -61.52
921.2 -61.49
921.6 -61.43
922.0 -61.32
922.4 -61.24
922.8 -61.29
923.2 -61.2
923.6 -61.5
924.0 -60.96
924.4 -61.07
924.8 -61.16
925.2 -61.19
925.6 -61.29
926.0 -60.79
926.4 -61.02
926.8 -61.12
927.2 -61.2
927.6 -61.17
928.0 -60.99
928.4 -61.27
928.8 -60.96
929.2 -61.0
929.6 -60.83
930.0 -61.19
930.4 -61.01
930.8 -60.95
931.2 -60.94
931.6 -60.86
932.0 -61.05
932.4 -61.19
932.8 -60.75
933.2 -60.72
933.6 -60.73
934.0 -60.96
934.4 -60.87
934.8 -60.75
935.2 -60.69
935.6 -60.98
936.0 -60.82
936.4 -60.73
936.8 -60.82
937.2 -60.83
937.6 -60.68
938.0 -60.69
938.4 -60.62
938.8 -60.82
939.2 -60.57
939.6 -60.72
940.0 -60.59
940.4 -60.61
940.8 -60.41
941.2 -60.4
941.6 -60.65
942.0 -60.37
942.4 -60.65
942.8 -60.52
943.2 -60.41
943.6 -60.46
944.0 -60.52
944.4 -60.28
944.8 -60.12
945.2 -60.28
945.6 -60.48
946.0 -60.16
946.4 -60.42
946.8 -60.37
947.2 -60.39
947.6 -60.05
948.0 -60.46
948.4 -60.46
948.8 -60.31
949.2 -60.5
949.6 -60.28
950.0 -60.36
950.4 -60.24
950.8 -60.18
951.2 -60.1
951.6 -60.31
952.0 -60.23
952.4 -60.24
952.8 -60.45
953.2 -60.46
953.6 -60.06
954.0 -60.1
954.4 -60.15
954.8 -60.1
955.2 -60.28
955.6 -60.3
956.0 -60.28
956.4 -60.17
956.8 -60.18
957.2 -59.95
957.6 -60.23
958.0 -59.98
958.4 -59.93
958.8 -60.29
959.2 -59.94
959.6 -60.15
960.0 -60.11
960.4 -60.18
960.8 -59.83
961.2 -59.95
961.6 -59.92
962.0 -59.94
962.4 -59.87
962.8 -59.85
963.2 -59.9
963.6 -59.84
964.0 -59.92
964.4 -59.88
964.8 -59.91
965.2 -59.62
965.6 -59.69
966.0 -59.65
966.4 -59.93
966.8 -59.86
967.2 -59.69
967.6 -60.1
968.0 -59.91
968.4 -59.86
968.8 -59.94
969.2 -59.93
969.6 -59.98
970.0 -59.9
970.4 -59.88
970.8 -59.9
971.2 -59.98
971.6 -59.87
972.0 -59.85
972.4 -59.91
972.8 -59.94
973.2 -60.08
973.6 -60.09
974.0 -60.05
974.4 -60.13
974.8 -60.16
975.2 -60.2
975.6 -60.23
976.0 -60.16
976.4 -60.21
976.8 -60.13
977.2 -60.29
977.6 -60.3
978.0 -60.32
978.4 -60.32
978.8 -60.44
979.2 -60.15
979.6 -60.26
980.0 -60.33
980.4 -60.16
980.8 -60.12
981.2 -60.12
981.6 -60.25
982.0 -60.14
982.4 -59.97
982.8 -60.06
983.2 -59.87
983.6 -59.91
984.0 -59.92
984.4 -59.73
984.8 -59.82
985.2 -59.66
985.6 -59.75
986.0 -59.67
986.4 -59.77
986.8 -59.71
987.2 -59.61
987.6 -59.58
988.0 -59.6
988.4 -59.51
988.8 -59.52
989.2 -59.5
989.6 -59.53
990.0 -59.33
990.4 -59.33
990.8 -59.37
991.2 -59.31
991.6 -59.3
992.0 -59.35
992.4 -59.22
992.8 -59.24
993.2 -59.42
993.6 -59.28
994.0 -59.23
994.4 -59.15
994.8 -59.11
995.2 -59.13
995.6 -59.26
996.0 -59.05
996.4 -59.15
996.8 -59.17
997.2 -59.21
997.6 -59.3
998.0 -59.23
998.4 -59.23
998.8 -59.12
999.2 -59.34
999.6 -59.34
1000.0 -59.33
