600.0 -70.71
600.4 -210.0
600.8 -71.18
601.2 -70.59
601.6 -81.23
602.0 -71.96
602.4 -71.28
602.8 -70.51
603.2 -71.55
603.6 -210.0
604.0 -210.0
604.4 -69.64
604.8 -210.0
605.2 -70.85
605.6 -210.0
606.0 -210.0
606.4 -210.0
606.8 -210.0
607.2 -77.61
607.6 -70.15
608.0 -75.11
608.4 -71.45
608.8 -79.93
609.2 -75.18
609.6 -75.21
610.0 -69.86
610.4 -77.02
610.8 -71.4
611.2 -71.23
611.6 -84.88
612.0 -74.9
612.4 -210.0
612.8 -75.91
613.2 -71.54
613.6 -71.99
614.0 -75.98
614.4 -69.72
614.8 -70.15
615.2 -85.09
615.6 -85.11
616.0 -70.22
616.4 -210.0
616.8 -71.56
617.2 -70.73
617.6 -70.31
618.0 -82.25
618.4 -210.0
618.8 -70.98
619.2 -71.18
619.6 -72.79
620.0 -71.56
620.4 -71.97
620.8 -70.64
621.2 -68.63
621.6 -72.46
622.0 -69.81
622.4 -72.29
622.8 -69.31
623.2 -73.01
623.6 -71.45
624.0 -69.38
624.4 -70.59
624.8 -72.05
625.2 -68.88
625.6 -85.72
626.0 -69.51
626.4 -70.2
626.8 -70.48
627.2 -71.04
627.6 -71.37
628.0 -72.44
628.4 -73.11
628.8 -68.93
629.2 -73.15
629.6 -72.74
630.0 -69.01
630.4 -71.11
630.8 -69.07
631.2 -69.36
631.6 -72.31
632.0 -71.09
632.4 -68.69
632.8 -210.0
633.2 -70.11
633.6 -69.92
634.0 -68.96
634.4 -69.33
634.8 -70.55
635.2 -69.13
635.6 -71.35
636.0 -70.99
636.4 -70.9
636.8 -69.77
637.2 -68.53
637.6 -71.64
638.0 -68.26
638.4 -68.83
638.8 -69.74
639.2 -67.87
639.6 -68.64
640.0 -70.94
640.4 -68.14
640.8 -69.03
641.2 -69.21
641.6 -67.91
642.0 -67.72
642.4 -68.32
642.8 -67.13
643.2 -70.04
643.6 -67.57
644.0 -68.06
644.4 -68.38
644.8 -70.55
645.2 -68.45
645.6 -68.32
646.0 -66.78
646.4 -68.62
646.8 -68.32
647.2 -67.56
647.6 -67.6
648.0 -67.41
648.4 -67.37
648.8 -67.32
649.2 -67.07
649.6 -68.11
650.0 -68.37
650.4 -67.4
650.8 -68.64
651.2 -67.5
651.6 -69.77
652.0 -68.04
652.4 -69.18
652.8 -67.26
653.2 -68.83
653.6 -67.69
654.0 -67.73
654.4 -67.39
654.8 -67.36
655.2 -67.53
655.6 -67.74
656.0 -67.06
656.4 -67.37
656.8 -66.95
657.2 -66.0
657.6 -66.4
658.0 -67.38
658.4 -68.04
658.8 -66.38
659.2 -67.73
659.6 -67.95
660.0 -67.01
660.4 -66.98
660.8 -67.78
661.2 -66.33
661.6 -66.23
662.0 -67.36
662.4 -66.52
662.8 -67.05
663.2 -66.76
663.6 -66.49
664.0 -66.52
664.4 -66.59
664.8 -66.83
665.2 -66.02
665.6 -66.17
666.0 -67.32
666.4 -67.05
666.8 -66.73
667.2 -65.96
667.6 -65.74
668.0 -66.02
668.4 -66.62
668.8 -67.09
669.2 -65.44
669.6 -66.36
670.0 -65.87
670.4 -68.05
670.8 -65.97
671.2 -66.18
671.6 -65.83
672.0 -65.96
672.4 -66.24
672.8 -65.4
673.2 -66.52
673.6 -65.89
674.0 -66.31
674.4 -65.34
674.8 -66.17
675.2 -66.11
675.6 -66.74
676.0 -66.16
676.4 -66.32
676.8 -65.39
677.2 -65.94
677.6 -65.63
678.0 -65.84
678.4 -65.84
678.8 -66.29
679.2 -66.91
679.6 -65.45
680.0 -66.06
680.4 -65.91
680.8 -65.37
681.2 -66.4
681.6 -66.43
682.0 -65.6
682.4 -66.06
682.8 -66.75
683.2 -65.5
683.6 -65.18
684.0 -66.23
684.4 -66.99
684.8 -65.62
685.2 -65.58
685.6 -65.93
686.0 -64.93
686.4 -65.74
686.8 -65.24
687.2 -65.09
687.6 -65.34
688.0 -65.7
688.4 -66.47
688.8 -65.86
689.2 -65.42
689.6 -65.34
690.0 -65.67
690.4 -65.77
690.8 -66.17
691.2 -65.65
691.6 -65.88
692.0 -65.41
692.4 -65.11
692.8 -65.35
693.2 -65.5
693.6 -65.34
694.0 -64.79
694.4 -65.11
694.8 -65.96
695.2 -65.64
695.6 -65.59
696.0 -66.33
696.4 -65.37
696.8 -65.21
697.2 -65.95
697.6 -65.64
698.0 -65.49
698.4 -64.94
698.8 -64.77
699.2 -65.58
699.6 -65.44
700.0 -65.08
700.4 -65.28
700.8 -65.07
701.2 -64.98
701.6 -65.55
702.0 -65.81
702.4 -64.91
702.8 -64.96
703.2 -64.42
703.6 -64.93
704.0 -64.86
704.4 -64.25
704.8 -65.3
705.2 -64.65
705.6 -65.89
706.0 -65.15
706.4 -66.24
706.8 -64.6
707.2 -64.69
707.6 -65.05
708.0 -65.28
708.4 -65.24
708.8 -64.87
709.2 -64.59
709.6 -65.1
710.0 -65.2
710.4 -65.11
710.8 -65.36
711.2 -65.62
711.6 -65.07
712.0 -65.12
712.4 -66.03
712.8 -65.63
713.2 -64.14
713.6 -64.99
714.0 -65.02
714.4 -65.52
714.8 -64.98
715.2 -65.05
715.6 -65.05
716.0 -65.45
716.4 -64.88
716.8 -64.61
717.2 -64.82
717.6 -64.93
718.0 -65.05
718.4 -64.71
718.8 -64.8
719.2 -64.85
719.6 -64.65
720.0 -65.11
720.4 -65.94
720.8 -65.19
721.2 -65.05
721.6 -65.45
722.0 -65.21
722.4 -65.29
722.8 -64.59
723.2 -64.81
723.6 -66.01
724.0 -64.73
724.4 -65.45
724.8 -64.87
725.2 -65.35
725.6 -65.29
726.0 -65.22
726.4 -64.86
726.8 -64.93
727.2 -65.19
727.6 -65.19
728.0 -64.64
728.4 -65.2
728.8 -65.02
729.2 -64.97
729.6 -65.08
730.0 -65.04
730.4 -64.39
730.8 -64.13
731.2 -65.73
731.6 -65.0
732.0 -65.31
732.4 -65.85
732.8 -64.75
733.2 -65.15
733.6 -64.64
734.0 -66.23
734.4 -65.32
734.8 -64.6
735.2 -65.32
735.6 -65.19
736.0 -64.47
736.4 -64.58
736.8 -65.42
737.2 -65.04
737.6 -64.73
738.0 -65.38
738.4 -65.03
738.8 -65.05
739.2 -64.41
739.6 -65.37
740.0 -65.01
740.4 -65.89
740.8 -64.76
741.2 -64.44
741.6 -65.67
742.0 -65.71
742.4 -65.2
742.8 -65.8
743.2 -65.53
743.6 -64.53
744.0 -64.52
744.4 -65.89
744.8 -64.76
745.2 -64.42
745.6 -65.71
746.0 -65.48
746.4 -66.32
746.8 -65.0
747.2 -64.68
747.6 -64.3
748.0 -65.1
748.4 -64.29
748.8 -65.43
749.2 -65.62
749.6 -65.21
750.0 -65.11
750.4 -64.74
750.8 -65.74
751.2 -64.82
751.6 -64.56
752.0 -64.55
752.4 -65.36
752.8 -66.1
753.2 -65.74
753.6 -65.37
754.0 -65.5
754.4 -64.63
754.8 -65.69
755.2 -66.34
755.6 -65.51
756.0 -66.25
756.4 -64.8
756.8 -64.88
757.2 -65.11
757.6 -65.13
758.0 -64.81
758.4 -65.06
758.8 -65.09
759.2 -64.65
759.6 -65.11
760.0 -64.72
760.4 -65.13
760.8 -64.86
761.2 -64.63
761.6 -66.31
762.0 -65.56
762.4 -65.14
762.8 -64.2
763.2 -64.27
763.6 -64.78
764.0 -65.75
764.4 -64.52
764.8 -65.24
765.2 -64.48
765.6 -64.82
766.0 -64.61
766.4 -65.07
766.8 -64.8
767.2 -65.48
767.6 -64.68
768.0 -65.4
768.4 -64.99
768.8 -65.29
769.2 -65.04
769.6 -65.46
770.0 -65.32
770.4 -64.54
770.8 -65.03
771.2 -65.0
771.6 -64.3
772.0 -65.15
772.4 -64.99
772.8 -65.27
773.2 -66.09
773.6 -65.51
774.0 -65.17
774.4 -65.78
774.8 -65.17
775.2 -64.8
775.6 -64.26
776.0 -65.99
776.4 -64.94
776.8 -65.32
777.2 -64.62
777.6 -65.06
778.0 -66.1
778.4 -64.01
778.8 -64.84
779.2 -64.56
779.6 -65.31
780.0 -64.38
780.4 -64.52
780.8 -64.36
781.2 -64.77
781.6 -64.85
782.0 -64.71
782.4 -64.11
782.8 -64.35
783.2 -64.08
783.6 -64.84
784.0 -65.15
784.4 -66.11
784.8 -63.76
785.2 -64.43
785.6 -65.01
786.0 -63.9
786.4 -64.97
786.8 -65.04
787.2 -65.0
787.6 -64.82
788.0 -64.7
788.4 -65.56
788.8 -64.44
789.2 -64.07
789.6 -64.58
790.0 -64.86
790.4 -65.05
790.8 -64.74
791.2 -64.21
791.6 -65.23
792.0 -65.23
792.4 -64.62
792.8 -65.06
793.2 -63.68
793.6 -64.58
794.0 -64.03
794.4 -64.65
794.8 -64.89
795.2 -64.83
795.6 -64.64
796.0 -65.1
796.4 -63.98
796.8 -64.5
797.2 -63.92
797.6 -63.68
798.0 -64.25
798.4 -63.69
798.8 -63.74
799.2 -63.4
799.6 -63.64
800.0 -64.39
800.4 -63.48
800.8 -63.82
801.2 -64.18
801.6 -63.46
802.0 -63.93
802.4 -63.33
802.8 -63.87
803.2 -63.84
803.6 -64.12
804.0 -63.98
804.4 -63.37
804.8 -63.46
805.2 -63.46
805.6 -62.52
806.0 -62.37
806.4 -59.74
806.8 -56.72
807.2 -54.36
807.6 -49.77
808.0 -47.45
808.4 -48.84
808.8 -50.37
809.2 -54.17
809.6 -60.4
810.0 -62.31
810.4 -62.88
810.8 -62.92
811.2 -63.28
811.6 -62.78
812.0 -63.56
812.4 -63.41
812.8 -62.88
813.2 -63.18
813.6 -64.24
814.0 -63.8
814.4 -63.54
814.8 -63.23
815.2 -63.13
815.6 -63.58
816.0 -63.33
816.4 -64.21
816.8 -64.11
817.2 -63.21
817.6 -63.62
818.0 -64.28
818.4 -63.23
818.8 -62.57
819.2 -63.29
819.6 -63.72
820.0 -63.54
820.4 -63.84
820.8 -63.28
821.2 -63.23
821.6 -62.97
822.0 -63.59
822.4 -64.03
822.8 -63.75
823.2 -63.25
823.6 -63.02
824.0 -63.32
824.4 -63.16
824.8 -63.43
825.2 -64.22
825.6 -63.42
826.0 -63.63
826.4 -63.06
826.8 -63.17
827.2 -63.33
827.6 -63.52
828.0 -63.39
828.4 -62.91
828.8 -63.11
829.2 -63.31
829.6 -62.86
830.0 -63.17
830.4 -62.74
830.8 -63.21
831.2 -63.22
831.6 -63.17
832.0 -63.51
832.4 -62.85
832.8 -62.91
833.2 -63.01
833.6 -63.07
834.0 -62.94
834.4 -63.0
834.8 -63.01
835.2 -62.66
835.6 -62.41
836.0 -62.54
836.4 -62.98
836.8 -62.8
837.2 -63.04
837.6 -63.79
838.0 -63.7
838.4 -63.45
838.8 -63.01
839.2 -63.46
839.6 -63.1
840.0 -63.29
840.4 -63.26
840.8 -63.42
841.2 -63.44
841.6 -63.55
842.0 -63.39
842.4 -63.1
842.8 -63.22
843.2 -63.04
843.6 -63.35
844.0 -63.38
844.4 -63.87
844.8 -63.0
845.2 -63.08
845.6 -63.55
846.0 -63.26
846.4 -63.15
846.8 -63.84
847.2 -63.64
847.6 -62.74
848.0 -63.59
848.4 -63.34
848.8 -63.36
849.2 -63.17
849.6 -63.01
850.0 -63.25
850.4 -63.21
850.8 -63.21
851.2 -63.47
851.6 -62.89
852.0 -63.06
852.4 -63.28
852.8 -63.38
853.2 -62.99
853.6 -63.33
854.0 -63.58
854.4 -62.88
854.8 -62.97
855.2 -62.6
855.6 -63.64
856.0 -62.91
856.4 -63.76
856.8 -63.71
857.2 -63.35
857.6 -62.9
858.0 -63.19
858.4 -63.74
858.8 -63.8
859.2 -63.62
859.6 -62.56
860.0 -63.11
860.4 -63.17
860.8 -63.8
861.2 -63.52
861.6 -63.07
862.0 -63.93
862.4 -62.97
862.8 -63.09
863.2 -63.33
863.6 -63.19
864.0 -63.45
864.4 -63.1
864.8 -63.61
865.2 -63.35
865.6 -63.3
866.0 -63.17
866.4 -63.18
866.8 -62.98
867.2 -63.23
867.6 -63.5
868.0 -63.09
868.4 -63.94
868.8 -62.99
869.2 -62.7
869.6 -63.55
870.0 -63.35
870.4 -63.32
870.8 -63.13
871.2 -63.02
871.6 -63.22
872.0 -63.61
872.4 -63.23
872.8 -62.82
873.2 -62.5
873.6 -63.19
874.0 -63.48
874.4 -63.45
874.8 -63.03
875.2 -63.04
875.6 -63.39
876.0 -63.15
876.4 -62.84
876.8 -62.9
877.2 -63.25
877.6 -62.83
878.0 -62.87
878.4 -62.78
878.8 -62.93
879.2 -63.46
879.6 -63.22
880.0 -62.6
880.4 -63.19
880.8 -63.14
881.2 -63.14
881.6 -62.58
882.0 -63.07
882.4 -63.08
882.8 -63.05
883.2 -62.49
883.6 -62.89
884.0 -62.6
884.4 -63.08
884.8 -63.15
885.2 -62.73
885.6 -62.68
886.0 -62.64
886.4 -62.68
886.8 -62.61
887.2 -62.84
887.6 -62.93
888.0 -63.29
888.4 -63.14
888.8 -62.85
889.2 -63.31
889.6 -62.69
890.0 -62.2
890.4 -62.81
890.8 -62.92
891.2 -63.38
891.6 -62.93
892.0 -63.3
892.4 -62.74
892.8 -62.86
893.2 -62.53
893.6 -62.83
894.0 -63.52
894.4 -62.76
894.8 -62.91
895.2 -62.62
895.6 -63.04
896.0 -63.05
896.4 -63.54
896.8 -62.88
897.2 -62.94
897.6 -62.39
898.0 -62.83
898.4 -63.18
898.8 -62.66
899.2 -62.66
899.6 -63.03
900.0 -62.69
900.4 -62.64
900.8 -62.71
901.2 -63.05
901.6 -62.97
902.0 -62.79
902.4 -62.62
902.8 -63.0
903.2 -62.59
903.6 -62.83
904.0 -62.7
904.4 -63.05
904.8 -62.63
905.2 -62.73
905.6 -62.83
906.0 -62.43
906.4 -62.58
906.8 -62.28
907.2 -62.64
907.6 -62.31
908.0 -62.7
908.4 -62.67
908.8 -62.84
909.2 -62.97
909.6 -62.41
910.0 -63.09
910.4 -63.01
910.8 -62.47
911.2 -62.76
911.6 -62.64
912.0 -62.79
912.4 -62.35
912.8 -62.33
913.2 -62.12
913.6 -62.35
914.0 -62.39
914.4 -63.12
914.8 -62.6
915.2 -62.85
915.6 -62.48
916.0 -62.47
916.4 -62.39
916.8 -62.4
917.2 -62.39
917.6 -62.61
918.0 -62.36
918.4 -62.27
918.8 -62.71
919.2 -62.55
919.6 -62.57
920.0 -62.57
920.4 -62.81
920.8 -62.29
921.2 -62.31
921.6 -62.69
922.0 -62.82
922.4 -62.28
922.8 -62.71
923.2 -62.92
923.6 -62.62
924.0 -62.49
924.4 -62.78
924.8 -62.57
925.2 -62.66
925.6 -62.66
926.0 -62.7
926.4 -62.92
926.8 -62.9
927.2 -62.42
927.6 -62.86
928.0 -62.99
928.4 -62.7
928.8 -63.03
929.2 -62.74
929.6 -62.55
930.0 -62.54
930.4 -62.72
930.8 -62.82
931.2 -62.82
931.6 -62.34
932.0 -62.63
932.4 -62.64
932.8 -62.24
933.2 -62.91
933.6 -62.52
934.0 -62.57
934.4 -62.37
934.8 -62.44
935.2 -62.68
935.6 -62.31
936.0 -62.61
936.4 -62.83
936.8 -62.96
937.2 -62.49
937.6 -62.49
938.0 -62.58
938.4 -62.38
938.8 -62.66
939.2 -62.11
939.6 -62.53
940.0 -62.26
940.4 -62.47
940.8 -62.6
941.2 -62.63
941.6 -62.41
942.0 -62.46
942.4 -62.5
942.8 -62.91
943.2 -62.54
943.6 -62.46
944.0 -62.59
944.4 -62.56
944.8 -62.52
945.2 -62.66
945.6 -62.69
946.0 -62.99
946.4 -62.76
946.8 -62.89
947.2 -62.45
947.6 -63.26
948.0 -62.77
948.4 -63.1
948.8 -62.8
949.2 -62.35
949.6 -62.74
950.0 -62.59
950.4 -62.59
950.8 -62.61
951.2 -62.58
951.6 -62.32
952.0 -62.7
952.4 -62.58
952.8 -62.56
953.2 -62.65
953.6 -62.58
954.0 -62.66
954.4 -62.69
954.8 -62.61
955.2 -62.69
955.6 -62.47
956.0 -62.58
956.4 -62.47
956.8 -62.41
957.2 -62.44
957.6 -62.44
958.0 -62.56
958.4 -62.47
958.8 -62.31
959.2 -62.53
959.6 -62.5
960.0 -62.57
960.4 -62.4
960.8 -62.18
961.2 -62.27
961.6 -62.34
962.0 -62.11
962.4 -62.17
962.8 -61.87
963.2 -61.95
963.6 -61.97
964.0 -62.05
964.4 -62.22
964.8 -62.03
965.2 -61.94
965.6 -61.83
966.0 -62.08
966.4 -61.91
966.8 -61.78
967.2 -61.77
967.6 -61.94
968.0 -61.84
968.4 -61.83
968.8 -61.96
969.2 -62.14
969.6 -61.91
970.0 -62.2
970.4 -62.05
970.8 -62.07
971.2 -62.02
971.6 -62.14
972.0 -62.17
972.4 -62.05
972.8 -62.06
973.2 -62.36
973.6 -62.18
974.0 -62.15
974.4 -62.81
974.8 -62.2
975.2 -62.61
975.6 -62.54
976.0 -62.46
976.4 -62.53
976.8 -62.33
977.2 -62.72
977.6 -62.58
978.0 -62.65
978.4 -62.79
978.8 -62.71
979.2 -62.59
979.6 -62.57
980.0 -62.52
980.4 -62.66
980.8 -62.53
981.2 -62.8
981.6 -62.57
982.0 -62.51
982.4 -62.4
982.8 -62.33
983.2 -62.24
983.6 -62.12
984.0 -62.16
984.4 -61.87
984.8 -61.9
985.2 -61.85
985.6 -61.88
986.0 -61.97
986.4 -61.69
986.8 -61.91
987.2 -61.75
987.6 -61.78
988.0 -61.71
988.4 -61.64
988.8 -61.6
989.2 -61.49
989.6 -61.41
990.0 -61.64
990.4 -61.57
990.8 -61.33
991.2 -61.53
991.6 -61.59
992.0 -61.42
992.4 -61.29
992.8 -61.33
993.2 -61.18
993.6 -61.15
994.0 -61.19
994.4 -61.13
994.8 -61.04
995.2 -61.08
995.6 -61.05
996.0 -61.15
996.4 -61.03
996.8 -61.17
997.2 -61.0
997.6 -61.09
998.0 -61.05
998.4 -60.88
998.8 -60.89
999.2 -61.19
999.6 -61.06
1000.0 -61.05
