600.0 -210.0
600.4 -70.35
600.8 -69.87
601.2 -75.17
601.6 -210.0
602.0 -210.0
602.4 -73.87
602.8 -77.33
603.2 -210.0
603.6 -210.0
604.0 -210.0
604.4 -72.37
604.8 -70.47
605.2 -210.0
605.6 -84.5
606.0 -210.0
606.4 -84.55
606.8 -210.0
607.2 -210.0
607.6 -210.0
608.0 -210.0
608.4 -210.0
608.8 -210.0
609.2 -210.0
609.6 -210.0
610.0 -73.64
610.4 -73.04
610.8 -71.6
611.2 -210.0
611.6 -71.07
612.0 -69.45
612.4 -210.0
612.8 -70.32
613.2 -78.94
613.6 -210.0
614.0 -72.46
614.4 -210.0
614.8 -80.29
615.2 -210.0
615.6 -210.0
616.0 -210.0
616.4 -71.73
616.8 -70.4
617.2 -210.0
617.6 -210.0
618.0 -80.48
618.4 -210.0
618.8 -71.87
619.2 -210.0
619.6 -210.0
620.0 -79.34
620.4 -210.0
620.8 -73.11
621.2 -71.13
621.6 -78.48
622.0 -71.69
622.4 -210.0
622.8 -74.75
623.2 -210.0
623.6 -210.0
624.0 -73.31
624.4 -72.03
624.8 -70.1
625.2 -75.7
625.6 -210.0
626.0 -210.0
626.4 -210.0
626.8 -70.61
627.2 -85.82
627.6 -74.08
628.0 -72.64
628.4 -72.09
628.8 -210.0
629.2 -73.63
629.6 -74.83
630.0 -210.0
630.4 -210.0
630.8 -73.5
631.2 -71.03
631.6 -210.0
632.0 -210.0
632.4 -210.0
632.8 -210.0
633.2 -81.46
633.6 -76.71
634.0 -75.87
634.4 -74.27
634.8 -210.0
635.2 -76.38
635.6 -76.41
636.0 -72.46
636.4 -72.66
636.8 -210.0
637.2 -210.0
637.6 -76.56
638.0 -76.17
638.4 -71.7
638.8 -210.0
639.2 -210.0
639.6 -75.91
640.0 -76.74
640.4 -74.47
640.8 -79.03
641.2 -78.39
641.6 -73.46
642.0 -71.23
642.4 -76.16
642.8 -72.08
643.2 -210.0
643.6 -75.3
644.0 -210.0
644.4 -71.57
644.8 -77.18
645.2 -75.44
645.6 -80.26
646.0 -74.27
646.4 -81.29
646.8 -210.0
647.2 -210.0
647.6 -74.2
648.0 -79.67
648.4 -210.0
648.8 -77.99
649.2 -73.95
649.6 -71.81
650.0 -71.59
650.4 -71.7
650.8 -73.47
651.2 -74.62
651.6 -71.83
652.0 -71.71
652.4 -210.0
652.8 -210.0
653.2 -74.63
653.6 -73.67
654.0 -87.65
654.4 -79.19
654.8 -71.03
655.2 -71.32
655.6 -74.65
656.0 -78.63
656.4 -71.04
656.8 -71.04
657.2 -75.63
657.6 -71.88
658.0 -71.88
658.4 -77.68
658.8 -72.5
659.2 -74.07
659.6 -72.37
660.0 -70.71
660.4 -70.62
660.8 -73.07
661.2 -71.46
661.6 -70.37
662.0 -73.55
662.4 -71.9
662.8 -72.13
663.2 -73.07
663.6 -74.08
664.0 -75.14
664.4 -73.07
664.8 -73.38
665.2 -81.67
665.6 -87.7
666.0 -73.72
666.4 -71.26
666.8 -74.08
667.2 -73.89
667.6 -71.57
668.0 -71.9
668.4 -72.01
668.8 -78.15
669.2 -72.01
669.6 -74.91
670.0 -69.62
670.4 -70.7
670.8 -69.29
671.2 -76.21
671.6 -87.68
672.0 -70.85
672.4 -71.04
672.8 -72.88
673.2 -72.47
673.6 -73.18
674.0 -72.46
674.4 -75.34
674.8 -74.63
675.2 -77.64
675.6 -72.07
676.0 -71.39
676.4 -69.99
676.8 -72.43
677.2 -70.71
677.6 -76.82
678.0 -210.0
678.4 -75.05
678.8 -70.44
679.2 -73.28
679.6 -70.69
680.0 -72.81
680.4 -75.03
680.8 -76.78
681.2 -71.78
681.6 -71.23
682.0 -69.56
682.4 -70.07
682.8 -69.35
683.2 -70.73
683.6 -69.98
684.0 -71.0
684.4 -70.45
684.8 -72.61
685.2 -71.08
685.6 -72.74
686.0 -70.43
686.4 -70.52
686.8 -70.01
687.2 -73.18
687.6 -69.1
688.0 -70.16
688.4 -69.48
688.8 -70.85
689.2 -74.68
689.6 -71.13
690.0 -71.22
690.4 -70.91
690.8 -70.2
691.2 -73.29
691.6 -74.65
692.0 -74.64
692.4 -72.36
692.8 -69.71
693.2 -71.28
693.6 -73.6
694.0 -72.62
694.4 -70.4
694.8 -72.33
695.2 -77.38
695.6 -71.46
696.0 -71.57
696.4 -73.93
696.8 -74.35
697.2 -70.72
697.6 -73.37
698.0 -71.21
698.4 -70.42
698.8 -68.87
699.2 -72.0
699.6 -70.33
700.0 -73.69
700.4 -72.11
700.8 -74.29
701.2 -70.21
701.6 -70.47
702.0 -71.15
702.4 -71.95
702.8 -68.81
703.2 -71.57
703.6 -68.45
704.0 -72.47
704.4 -69.75
704.8 -69.11
705.2 -71.31
705.6 -71.54
706.0 -70.14
706.4 -69.96
706.8 -69.8
707.2 -69.27
707.6 -69.95
708.0 -73.96
708.4 -68.2
708.8 -76.38
709.2 -70.26
709.6 -71.98
710.0 -70.62
710.4 -69.37
710.8 -70.81
711.2 -68.57
711.6 -72.82
712.0 -69.58
712.4 -68.68
712.8 -70.79
713.2 -69.8
713.6 -69.63
714.0 -70.58
714.4 -69.11
714.8 -69.95
715.2 -69.61
715.6 -71.53
716.0 -68.52
716.4 -70.27
716.8 -73.66
717.2 -67.53
717.6 -71.05
718.0 -71.88
718.4 -71.38
718.8 -70.93
719.2 -70.15
719.6 -69.9
720.0 -71.99
720.4 -69.41
720.8 -70.05
721.2 -70.6
721.6 -72.89
722.0 -71.23
722.4 -68.7
722.8 -69.77
723.2 -69.46
723.6 -73.79
724.0 -69.76
724.4 -71.21
724.8 -70.76
725.2 -67.8
725.6 -69.84
726.0 -71.54
726.4 -69.28
726.8 -69.49
727.2 -68.71
727.6 -68.98
728.0 -71.05
728.4 -69.64
728.8 -69.47
729.2 -210.0
729.6 -69.71
730.0 -68.43
730.4 -70.71
730.8 -69.95
731.2 -69.86
731.6 -70.12
732.0 -69.22
732.4 -68.73
732.8 -70.11
733.2 -70.89
733.6 -72.94
734.0 -68.79
734.4 -72.28
734.8 -68.58
735.2 -67.61
735.6 -73.89
736.0 -68.57
736.4 -69.03
736.8 -71.97
737.2 -69.48
737.6 -68.61
738.0 -70.54
738.4 -69.8
738.8 -69.01
739.2 -70.14
739.6 -72.24
740.0 -68.53
740.4 -67.61
740.8 -69.3
741.2 -70.31
741.6 -72.37
742.0 -69.21
742.4 -70.12
742.8 -69.59
743.2 -68.91
743.6 -70.4
744.0 -70.59
744.4 -70.01
744.8 -69.27
745.2 -70.2
745.6 -70.48
746.0 -69.33
746.4 -69.49
746.8 -71.02
747.2 -69.82
747.6 -69.82
748.0 -72.18
748.4 -69.39
748.8 -70.07
749.2 -71.0
749.6 -68.87
750.0 -69.15
750.4 -68.72
750.8 -71.86
751.2 -68.71
751.6 -68.64
752.0 -77.21
752.4 -69.6
752.8 -67.66
753.2 -69.19
753.6 -68.22
754.0 -67.34
754.4 -70.39
754.8 -70.1
755.2 -70.69
755.6 -70.92
756.0 -72.73
756.4 -69.07
756.8 -68.06
757.2 -69.62
757.6 -68.17
758.0 -68.83
758.4 -69.86
758.8 -70.88
759.2 -71.61
759.6 -71.61
760.0 -69.5
760.4 -67.79
760.8 -71.33
761.2 -68.86
761.6 -69.83
762.0 -69.48
762.4 -69.39
762.8 -71.57
763.2 -68.05
763.6 -69.55
764.0 -71.7
764.4 -71.05
764.8 -70.37
765.2 -69.98
765.6 -68.75
766.0 -67.84
766.4 -71.97
766.8 -68.13
767.2 -67.89
767.6 -69.51
768.0 -69.42
768.4 -68.72
768.8 -67.7
769.2 -68.05
769.6 -71.0
770.0 -68.49
770.4 -70.53
770.8 -68.29
771.2 -70.53
771.6 -68.49
772.0 -68.99
772.4 -70.31
772.8 -67.79
773.2 -68.28
773.6 -69.3
774.0 -70.0
774.4 -68.47
774.8 -69.29
775.2 -68.98
775.6 -71.09
776.0 -69.8
776.4 -70.96
776.8 -69.37
777.2 -69.45
777.6 -69.71
778.0 -68.81
778.4 -71.6
778.8 -68.19
779.2 -71.74
779.6 -69.36
780.0 -69.43
780.4 -68.95
780.8 -68.18
781.2 -69.26
781.6 -67.0
782.0 -69.87
782.4 -69.25
782.8 -69.25
783.2 -68.85
783.6 -68.1
784.0 -71.71
784.4 -68.16
784.8 -67.13
785.2 -68.69
785.6 -67.72
786.0 -68.62
786.4 -68.4
786.8 -67.71
787.2 -67.83
787.6 -69.39
788.0 -67.33
788.4 -68.46
788.8 -67.94
789.2 -68.75
789.6 -68.26
790.0 -68.81
790.4 -68.59
790.8 -67.15
791.2 -68.65
791.6 -69.71
792.0 -67.63
792.4 -67.86
792.8 -68.16
793.2 -67.97
793.6 -68.16
794.0 -69.17
794.4 -67.84
794.8 -70.08
795.2 -67.55
795.6 -69.97
796.0 -69.5
796.4 -69.0
796.8 -71.63
797.2 -68.47
797.6 -68.01
798.0 -66.95
798.4 -68.46
798.8 -69.95
799.2 -67.93
799.6 -69.4
800.0 -68.52
800.4 -66.33
800.8 -68.18
801.2 -66.43
801.6 -67.81
802.0 -68.32
802.4 -69.23
802.8 -67.7
803.2 -67.42
803.6 -68.69
804.0 -67.37
804.4 -67.06
804.8 -67.54
805.2 -67.95
805.6 -66.46
806.0 -67.28
806.4 -63.3
806.8 -59.9
807.2 -56.08
807.6 -52.23
808.0 -50.84
808.4 -51.95
808.8 -52.34
809.2 -55.98
809.6 -63.43
810.0 -66.19
810.4 -67.53
810.8 -68.61
811.2 -67.54
811.6 -67.39
812.0 -67.73
812.4 -67.68
812.8 -70.06
813.2 -67.58
813.6 -70.08
814.0 -68.52
814.4 -67.95
814.8 -66.95
815.2 -67.78
815.6 -67.05
816.0 -68.29
816.4 -68.3
816.8 -67.02
817.2 -66.66
817.6 -67.14
818.0 -66.09
818.4 -67.67
818.8 -66.35
819.2 -67.98
819.6 -69.06
820.0 -67.94
820.4 -67.84
820.8 -67.32
821.2 -69.27
821.6 -70.16
822.0 -67.84
822.4 -67.69
822.8 -67.54
823.2 -70.42
823.6 -66.39
824.0 -68.21
824.4 -69.89
824.8 -67.32
825.2 -66.83
825.6 -68.04
826.0 -68.79
826.4 -67.63
826.8 -65.5
827.2 -67.56
827.6 -67.84
828.0 -67.3
828.4 -67.22
828.8 -66.71
829.2 -68.01
829.6 -68.07
830.0 -67.2
830.4 -69.2
830.8 -67.79
831.2 -67.2
831.6 -67.09
832.0 -67.08
832.4 -66.37
832.8 -68.25
833.2 -68.45
833.6 -67.51
834.0 -66.98
834.4 -66.55
834.8 -66.73
835.2 -67.19
835.6 -66.68
836.0 -66.97
836.4 -67.41
836.8 -67.65
837.2 -67.72
837.6 -66.4
838.0 -67.56
838.4 -66.67
838.8 -66.77
839.2 -66.83
839.6 -66.93
840.0 -66.87
840.4 -67.4
840.8 -67.13
841.2 -66.87
841.6 -67.65
842.0 -65.8
842.4 -68.04
842.8 -66.11
843.2 -67.16
843.6 -67.35
844.0 -66.79
844.4 -67.73
844.8 -67.26
845.2 -66.22
845.6 -66.92
846.0 -65.84
846.4 -66.82
846.8 -66.96
847.2 -66.15
847.6 -66.21
848.0 -67.21
848.4 -67.49
848.8 -66.24
849.2 -66.63
849.6 -66.57
850.0 -66.94
850.4 -66.9
850.8 -66.52
851.2 -65.81
851.6 -66.75
852.0 -66.48
852.4 -66.82
852.8 -67.18
853.2 -66.31
853.6 -65.89
854.0 -66.77
854.4 -66.49
854.8 -67.02
855.2 -66.8
855.6 -66.45
856.0 -66.52
856.4 -66.1
856.8 -66.42
857.2 -65.86
857.6 -66.12
858.0 -66.31
858.4 -65.82
858.8 -65.85
859.2 -67.38
859.6 -65.38
860.0 -65.67
860.4 -65.72
860.8 -66.22
861.2 -66.0
861.6 -65.1
862.0 -65.33
862.4 -65.56
862.8 -65.78
863.2 -66.73
863.6 -66.12
864.0 -66.16
864.4 -66.24
864.8 -66.11
865.2 -66.36
865.6 -64.94
866.0 -65.61
866.4 -65.43
866.8 -65.46
867.2 -65.7
867.6 -65.61
868.0 -66.5
868.4 -65.49
868.8 -65.54
869.2 -65.17
869.6 -66.13
870.0 -65.42
870.4 -65.08
870.8 -64.9
871.2 -65.43
871.6 -65.26
872.0 -65.87
872.4 -66.08
872.8 -66.3
873.2 -65.16
873.6 -65.72
874.0 -65.5
874.4 -65.8
874.8 -65.03
875.2 -65.13
875.6 -65.41
876.0 -66.34
876.4 -65.8
876.8 -65.36
877.2 -64.79
877.6 -65.3
878.0 -65.29
878.4 -64.67
878.8 -65.39
879.2 -65.58
879.6 -65.38
880.0 -64.75
880.4 -65.37
880.8 -65.31
881.2 -64.97
881.6 -65.34
882.0 -64.93
882.4 -65.56
882.8 -64.58
883.2 -64.6
883.6 -64.77
884.0 -65.17
884.4 -64.7
884.8 -65.01
885.2 -65.43
885.6 -65.19
886.0 -65.32
886.4 -64.91
886.8 -65.29
887.2 -65.15
887.6 -64.94
888.0 -64.9
888.4 -64.85
888.8 -64.56
889.2 -64.8
889.6 -64.56
890.0 -64.6
890.4 -64.53
890.8 -65.12
891.2 -64.77
891.6 -64.52
892.0 -64.44
892.4 -65.46
892.8 -64.74
893.2 -65.2
893.6 -64.94
894.0 -64.26
894.4 -64.55
894.8 -64.96
895.2 -65.04
895.6 -64.65
896.0 -64.95
896.4 -64.5
896.8 -64.74
897.2 -65.0
897.6 -65.21
898.0 -64.99
898.4 -64.32
898.8 -64.69
899.2 -64.95
899.6 -64.95
900.0 -65.65
900.4 -65.15
900.8 -64.91
901.2 -64.66
901.6 -64.84
902.0 -64.98
902.4 -65.4
902.8 -65.15
903.2 -64.43
903.6 -65.34
904.0 -63.73
904.4 -65.57
904.8 -65.24
905.2 -64.45
905.6 -64.67
906.0 -64.53
906.4 -64.47
906.8 -64.88
907.2 -65.14
907.6 -65.24
908.0 -64.23
908.4 -64.75
908.8 -64.81
909.2 -64.64
909.6 -64.49
910.0 -64.4
910.4 -65.22
910.8 -64.5
911.2 -65.05
911.6 -64.93
912.0 -65.3
912.4 -64.52
912.8 -64.2
913.2 -64.23
913.6 -64.77
914.0 -64.29
914.4 -64.69
914.8 -64.75
915.2 -65.13
915.6 -64.93
916.0 -64.93
916.4 -64.97
916.8 -65.01
917.2 -65.21
917.6 -65.54
918.0 -65.12
918.4 -64.84
918.8 -64.73
919.2 -65.33
919.6 -65.1
920.0 -65.54
920.4 -64.6
920.8 -64.76
921.2 -64.83
921.6 -65.54
922.0 -65.51
922.4 -65.1
922.8 -64.85
923.2 -65.38
923.6 -65.73
924.0 -65.26
924.4 -64.52
924.8 -65.66
925.2 -65.65
925.6 -65.77
926.0 -64.85
926.4 -65.33
926.8 -65.32
927.2 -65.31
927.6 -64.51
928.0 -65.14
928.4 -64.85
928.8 -64.7
929.2 -65.19
929.6 -64.84
930.0 -65.03
930.4 -65.17
930.8 -65.21
931.2 -65.29
931.6 -64.79
932.0 -64.95
932.4 -65.2
932.8 -65.2
933.2 -65.59
933.6 -65.22
934.0 -65.15
934.4 -65.54
934.8 -65.34
935.2 -65.91
935.6 -65.67
936.0 -65.75
936.4 -65.6
936.8 -65.1
937.2 -65.33
937.6 -65.97
938.0 -65.32
938.4 -65.34
938.8 -65.59
939.2 -65.1
939.6 -65.18
940.0 -65.47
940.4 -65.12
940.8 -65.7
941.2 -65.71
941.6 -65.52
942.0 -65.48
942.4 -65.42
942.8 -65.14
943.2 -65.34
943.6 -65.15
944.0 -64.93
944.4 -65.31
944.8 -64.68
945.2 -64.85
945.6 -65.52
946.0 -65.28
946.4 -65.5
946.8 -65.29
947.2 -65.05
947.6 -65.11
948.0 -65.73
948.4 -65.46
948.8 -65.01
949.2 -65.34
949.6 -65.58
950.0 -65.11
950.4 -65.78
950.8 -65.28
951.2 -65.41
951.6 -65.91
952.0 -65.39
952.4 -65.99
952.8 -66.01
953.2 -65.18
953.6 -65.68
954.0 -65.34
954.4 -65.6
954.8 -65.46
955.2 -66.08
955.6 -65.59
956.0 -65.36
956.4 -64.85
956.8 -65.37
957.2 -65.29
957.6 -65.44
958.0 -65.25
958.4 -65.35
958.8 -65.7
959.2 -65.6
959.6 -65.26
960.0 -65.55
960.4 -65.65
960.8 -65.55
961.2 -65.1
961.6 -65.31
962.0 -65.32
962.4 -64.96
962.8 -65.27
963.2 -65.33
963.6 -65.43
964.0 -65.32
964.4 -65.62
964.8 -65.03
965.2 -65.26
965.6 -65.14
966.0 -65.04
966.4 -65.21
966.8 -65.52
967.2 -65.61
967.6 -65.38
968.0 -65.67
968.4 -65.55
968.8 -65.23
969.2 -66.18
969.6 -65.33
970.0 -65.6
970.4 -65.61
970.8 -65.75
971.2 -65.72
971.6 -65.42
972.0 -65.69
972.4 -66.1
972.8 -65.75
973.2 -65.84
973.6 -65.82
974.0 -65.62
974.4 -66.32
974.8 -66.25
975.2 -65.81
975.6 -65.79
976.0 -65.93
976.4 -65.57
976.8 -65.96
977.2 -65.89
977.6 -65.91
978.0 -65.88
978.4 -66.12
978.8 -66.38
979.2 -65.98
979.6 -66.42
980.0 -65.86
980.4 -65.88
980.8 -65.8
981.2 -65.65
981.6 -65.69
982.0 -66.28
982.4 -65.43
982.8 -65.81
983.2 -65.72
983.6 -65.68
984.0 -65.69
984.4 -65.41
984.8 -65.31
985.2 -65.39
985.6 -65.79
986.0 -65.6
986.4 -65.35
986.8 -65.36
987.2 -65.26
987.6 -65.37
988.0 -64.81
988.4 -65.41
988.8 -65.03
989.2 -64.99
989.6 -65.07
990.0 -65.07
990.4 -64.71
990.8 -64.83
991.2 -64.78
991.6 -65.28
992.0 -64.64
992.4 -64.96
992.8 -64.91
993.2 -64.68
993.6 -64.66
994.0 -64.42
994.4 -64.64
994.8 -64.68
995.2 -64.86
995.6 -64.61
996.0 -64.83
996.4 -64.7
996.8 -64.81
997.2 -64.74
997.6 -64.74
998.0 -64.89
998.4 -64.61
998.8 -64.74
999.2 -64.75
999.6 -64.6
1000.0 -64.49
