600.0 -73.34
600.4 -210.0
600.8 -71.4
601.2 -210.0
601.6 -75.78
602.0 -210.0
602.4 -210.0
602.8 -210.0
603.2 -210.0
603.6 -71.81
604.0 -70.97
604.4 -210.0
604.8 -73.31
605.2 -74.05
605.6 -76.04
606.0 -70.21
606.4 -210.0
606.8 -79.8
607.2 -70.12
607.6 -84.63
608.0 -210.0
608.4 -73.21
608.8 -73.91
609.2 -76.94
609.6 -210.0
610.0 -73.98
610.4 -210.0
610.8 -68.49
611.2 -210.0
611.6 -210.0
612.0 -71.89
612.4 -73.16
612.8 -77.16
613.2 -210.0
613.6 -74.58
614.0 -210.0
614.4 -72.25
614.8 -80.29
615.2 -67.53
615.6 -68.98
616.0 -71.71
616.4 -71.73
616.8 -71.95
617.2 -73.74
617.6 -210.0
618.0 -69.81
618.4 -73.51
618.8 -73.83
619.2 -75.33
619.6 -80.57
620.0 -68.64
620.4 -70.62
620.8 -210.0
621.2 -71.64
621.6 -73.16
622.0 -72.94
622.4 -69.49
622.8 -72.32
623.2 -75.57
623.6 -85.6
624.0 -72.61
624.4 -68.74
624.8 -76.63
625.2 -74.9
625.6 -71.09
626.0 -70.06
626.4 -69.04
626.8 -71.32
627.2 -76.27
627.6 -69.82
628.0 -70.07
628.4 -68.74
628.8 -69.79
629.2 -67.61
629.6 -71.82
630.0 -74.53
630.4 -73.72
630.8 -71.58
631.2 -77.05
631.6 -81.34
632.0 -74.1
632.4 -70.26
632.8 -71.73
633.2 -69.42
633.6 -70.69
634.0 -68.22
634.4 -69.78
634.8 -69.72
635.2 -70.81
635.6 -69.08
636.0 -69.53
636.4 -69.39
636.8 -68.94
637.2 -71.47
637.6 -69.65
638.0 -73.16
638.4 -71.7
638.8 -71.2
639.2 -68.41
639.6 -71.02
640.0 -68.22
640.4 -68.2
640.8 -69.66
641.2 -70.22
641.6 -70.55
642.0 -68.79
642.4 -68.76
642.8 -68.13
643.2 -68.83
643.6 -68.37
644.0 -69.17
644.4 -67.55
644.8 -68.91
645.2 -68.57
645.6 -70.17
646.0 -71.25
646.4 -68.12
646.8 -66.6
647.2 -68.75
647.6 -69.04
648.0 -67.82
648.4 -68.98
648.8 -68.04
649.2 -67.4
649.6 -68.02
650.0 -68.17
650.4 -68.17
650.8 -68.58
651.2 -67.02
651.6 -67.17
652.0 -69.17
652.4 -67.86
652.8 -66.77
653.2 -67.22
653.6 -69.01
654.0 -68.2
654.4 -69.13
654.8 -66.65
655.2 -67.74
655.6 -68.11
656.0 -66.98
656.4 -67.17
656.8 -66.33
657.2 -68.98
657.6 -67.11
658.0 -66.85
658.4 -66.74
658.8 -67.56
659.2 -66.51
659.6 -66.86
660.0 -66.3
660.4 -66.59
660.8 -67.16
661.2 -67.16
661.6 -66.39
662.0 -66.56
662.4 -66.83
662.8 -66.52
663.2 -66.69
663.6 -66.23
664.0 -67.83
664.4 -67.87
664.8 -66.56
665.2 -67.09
665.6 -66.36
666.0 -66.98
666.4 -66.76
666.8 -66.42
667.2 -67.16
667.6 -66.73
668.0 -66.73
668.4 -67.2
668.8 -66.76
669.2 -65.79
669.6 -65.71
670.0 -66.35
670.4 -65.73
670.8 -66.67
671.2 -68.7
671.6 -66.54
672.0 -66.49
672.4 -66.43
672.8 -66.48
673.2 -66.26
673.6 -66.07
674.0 -66.51
674.4 -67.27
674.8 -66.3
675.2 -67.1
675.6 -66.17
676.0 -67.8
676.4 -67.06
676.8 -65.91
677.2 -65.14
677.6 -66.03
678.0 -66.5
678.4 -65.93
678.8 -66.36
679.2 -66.26
679.6 -65.89
680.0 -66.45
680.4 -66.16
680.8 -65.96
681.2 -65.99
681.6 -65.8
682.0 -66.59
682.4 -65.6
682.8 -65.5
683.2 -66.61
683.6 -65.49
684.0 -66.11
684.4 -65.91
684.8 -65.94
685.2 -65.93
685.6 -65.37
686.0 -66.04
686.4 -66.2
686.8 -66.39
687.2 -66.46
687.6 -65.1
688.0 -66.35
688.4 -65.86
688.8 -65.63
689.2 -66.0
689.6 -65.45
690.0 -65.58
690.4 -65.06
690.8 -66.24
691.2 -66.3
691.6 -65.5
692.0 -65.9
692.4 -66.02
692.8 -65.77
693.2 -65.39
693.6 -66.87
694.0 -65.81
694.4 -65.96
694.8 -65.71
695.2 -65.73
695.6 -65.7
696.0 -64.94
696.4 -65.42
696.8 -65.65
697.2 -65.76
697.6 -66.48
698.0 -65.4
698.4 -65.12
698.8 -65.45
699.2 -64.67
699.6 -65.85
700.0 -64.75
700.4 -65.87
700.8 -65.48
701.2 -65.79
701.6 -64.81
702.0 -65.6
702.4 -66.26
702.8 -65.68
703.2 -65.52
703.6 -64.54
704.0 -65.43
704.4 -65.22
704.8 -65.28
705.2 -65.58
705.6 -65.7
706.0 -65.2
706.4 -65.62
706.8 -65.08
707.2 -65.73
707.6 -64.74
708.0 -65.45
708.4 -64.95
708.8 -65.41
709.2 -64.84
709.6 -65.99
710.0 -64.65
710.4 -64.73
710.8 -65.87
711.2 -64.82
711.6 -65.46
712.0 -65.15
712.4 -65.9
712.8 -65.25
713.2 -64.7
713.6 -65.44
714.0 -64.59
714.4 -65.01
714.8 -65.15
715.2 -65.31
715.6 -64.92
716.0 -65.03
716.4 -64.1
716.8 -65.3
717.2 -65.84
717.6 -66.32
718.0 -65.64
718.4 -65.28
718.8 -65.56
719.2 -64.93
719.6 -65.01
720.0 -65.28
720.4 -66.44
720.8 -65.3
721.2 -66.07
721.6 -64.94
722.0 -64.8
722.4 -65.85
722.8 -65.03
723.2 -65.34
723.6 -64.79
724.0 -64.7
724.4 -64.88
724.8 -64.93
725.2 -64.82
725.6 -65.29
726.0 -64.94
726.4 -64.71
726.8 -65.39
727.2 -65.55
727.6 -65.58
728.0 -65.35
728.4 -65.73
728.8 -64.86
729.2 -64.73
729.6 -65.02
730.0 -65.27
730.4 -64.99
730.8 -65.47
731.2 -64.71
731.6 -65.41
732.0 -64.86
732.4 -65.02
732.8 -65.56
733.2 -64.79
733.6 -65.45
734.0 -65.21
734.4 -65.51
734.8 -65.38
735.2 -65.41
735.6 -64.69
736.0 -65.4
736.4 -64.68
736.8 -65.24
737.2 -65.85
737.6 -65.67
738.0 -65.23
738.4 -64.49
738.8 -65.86
739.2 -65.76
739.6 -65.22
740.0 -66.25
740.4 -65.55
740.8 -64.45
741.2 -64.78
741.6 -64.52
742.0 -65.35
742.4 -64.91
742.8 -65.28
743.2 -65.07
743.6 -65.02
744.0 -64.95
744.4 -65.4
744.8 -64.95
745.2 -64.95
745.6 -66.56
746.0 -64.8
746.4 -64.64
746.8 -65.29
747.2 -65.13
747.6 -65.38
748.0 -64.93
748.4 -65.66
748.8 -65.72
749.2 -65.09
749.6 -64.49
750.0 -64.8
750.4 -64.94
750.8 -64.99
751.2 -64.84
751.6 -65.27
752.0 -66.04
752.4 -65.48
752.8 -65.19
753.2 -65.92
753.6 -65.21
754.0 -65.6
754.4 -66.43
754.8 -64.4
755.2 -64.78
755.6 -64.93
756.0 -65.21
756.4 -66.02
756.8 -65.05
757.2 -65.62
757.6 -65.51
758.0 -64.7
758.4 -64.53
758.8 -65.31
759.2 -64.88
759.6 -65.2
760.0 -65.07
760.4 -64.92
760.8 -65.03
761.2 -64.8
761.6 -64.94
762.0 -64.46
762.4 -64.82
762.8 -66.13
763.2 -65.04
763.6 -64.5
764.0 -64.94
764.4 -65.09
764.8 -65.11
765.2 -64.65
765.6 -64.82
766.0 -64.78
766.4 -65.66
766.8 -65.62
767.2 -64.74
767.6 -65.28
768.0 -64.7
768.4 -64.67
768.8 -64.66
769.2 -64.47
769.6 -65.36
770.0 -65.19
770.4 -65.42
770.8 -64.94
771.2 -64.6
771.6 -64.65
772.0 -64.59
772.4 -65.21
772.8 -64.22
773.2 -65.83
773.6 -64.64
774.0 -65.11
774.4 -64.75
774.8 -65.04
775.2 -65.2
775.6 -65.53
776.0 -64.57
776.4 -64.79
776.8 -64.35
777.2 -65.39
777.6 -64.88
778.0 -64.19
778.4 -63.99
778.8 -65.05
779.2 -64.84
779.6 -64.78
780.0 -64.63
780.4 -64.49
780.8 -65.43
781.2 -65.23
781.6 -64.56
782.0 -65.49
782.4 -64.62
782.8 -64.88
783.2 -64.87
783.6 -65.35
784.0 -65.15
784.4 -64.78
784.8 -64.49
785.2 -64.95
785.6 -64.54
786.0 -64.77
786.4 -64.88
786.8 -64.7
787.2 -65.19
787.6 -64.34
788.0 -65.43
788.4 -65.42
788.8 -65.32
789.2 -64.44
789.6 -64.15
790.0 -64.35
790.4 -65.44
790.8 -64.06
791.2 -65.04
791.6 -65.13
792.0 -64.65
792.4 -65.2
792.8 -64.58
793.2 -63.97
793.6 -64.49
794.0 -64.16
794.4 -63.99
794.8 -65.21
795.2 -64.03
795.6 -64.28
796.0 -64.34
796.4 -64.56
796.8 -64.42
797.2 -64.07
797.6 -64.93
798.0 -64.81
798.4 -64.11
798.8 -65.45
799.2 -63.86
799.6 -64.48
800.0 -63.87
800.4 -64.88
800.8 -64.36
801.2 -63.53
801.6 -63.83
802.0 -63.93
802.4 -64.03
802.8 -63.72
803.2 -64.07
803.6 -64.12
804.0 -64.36
804.4 -63.95
804.8 -63.66
805.2 -63.78
805.6 -63.56
806.0 -62.63
806.4 -60.36
806.8 -57.27
807.2 -53.6
807.6 -49.59
808.0 -48.26
808.4 -49.24
808.8 -49.92
809.2 -53.96
809.6 -60.55
810.0 -62.66
810.4 -63.6
810.8 -63.5
811.2 -63.77
811.6 -63.53
812.0 -63.61
812.4 -64.01
812.8 -63.92
813.2 -63.24
813.6 -64.84
814.0 -63.55
814.4 -64.54
814.8 -63.4
815.2 -63.98
815.6 -63.92
816.0 -63.63
816.4 -63.22
816.8 -63.96
817.2 -63.77
817.6 -64.54
818.0 -63.6
818.4 -64.21
818.8 -63.4
819.2 -63.48
819.6 -63.46
820.0 -63.35
820.4 -63.55
820.8 -63.57
821.2 -62.95
821.6 -63.49
822.0 -64.01
822.4 -63.8
822.8 -62.88
823.2 -63.47
823.6 -63.65
824.0 -63.93
824.4 -64.1
824.8 -63.57
825.2 -63.4
825.6 -64.04
826.0 -63.65
826.4 -63.26
826.8 -63.49
827.2 -63.42
827.6 -63.29
828.0 -63.28
828.4 -63.23
828.8 -63.85
829.2 -63.29
829.6 -63.32
830.0 -63.3
830.4 -63.33
830.8 -63.43
831.2 -63.33
831.6 -63.56
832.0 -62.95
832.4 -63.18
832.8 -63.25
833.2 -63.02
833.6 -63.32
834.0 -62.69
834.4 -63.28
834.8 -62.65
835.2 -63.01
835.6 -62.74
836.0 -62.69
836.4 -63.12
836.8 -63.32
837.2 -62.94
837.6 -63.72
838.0 -62.88
838.4 -62.82
838.8 -62.92
839.2 -62.95
839.6 -62.95
840.0 -63.49
840.4 -63.64
840.8 -62.85
841.2 -63.41
841.6 -63.19
842.0 -63.04
842.4 -63.07
842.8 -63.21
843.2 -63.25
843.6 -63.32
844.0 -63.19
844.4 -62.83
844.8 -63.35
845.2 -63.52
845.6 -62.82
846.0 -62.86
846.4 -63.21
846.8 -63.39
847.2 -63.56
847.6 -63.02
848.0 -63.61
848.4 -63.42
848.8 -63.1
849.2 -63.17
849.6 -63.04
850.0 -63.13
850.4 -63.06
850.8 -63.37
851.2 -62.96
851.6 -63.28
852.0 -63.54
852.4 -63.0
852.8 -63.01
853.2 -63.07
853.6 -63.08
854.0 -63.04
854.4 -62.67
854.8 -62.91
855.2 -63.07
855.6 -63.17
856.0 -62.97
856.4 -63.29
856.8 -62.6
857.2 -63.11
857.6 -63.32
858.0 -63.13
858.4 -63.54
858.8 -63.67
859.2 -63.03
859.6 -63.0
860.0 -63.15
860.4 -62.83
860.8 -63.48
861.2 -62.83
861.6 -62.91
862.0 -63.37
862.4 -63.44
862.8 -63.0
863.2 -63.46
863.6 -63.18
864.0 -62.76
864.4 -63.56
864.8 -62.98
865.2 -63.45
865.6 -63.16
866.0 -62.88
866.4 -62.76
866.8 -63.18
867.2 -62.92
867.6 -62.91
868.0 -63.45
868.4 -63.06
868.8 -62.95
869.2 -63.23
869.6 -63.16
870.0 -62.74
870.4 -62.85
870.8 -62.85
871.2 -63.07
871.6 -63.09
872.0 -63.4
872.4 -63.05
872.8 -63.1
873.2 -62.95
873.6 -63.17
874.0 -63.37
874.4 -63.36
874.8 -63.11
875.2 -62.87
875.6 -62.53
876.0 -62.82
876.4 -63.28
876.8 -62.96
877.2 -63.1
877.6 -62.94
878.0 -62.76
878.4 -63.04
878.8 -62.92
879.2 -63.05
879.6 -62.96
880.0 -62.95
880.4 -62.56
880.8 -63.34
881.2 -62.88
881.6 -63.03
882.0 -62.57
882.4 -63.05
882.8 -62.47
883.2 -62.74
883.6 -62.94
884.0 -62.72
884.4 -62.75
884.8 -62.76
885.2 -62.59
885.6 -62.48
886.0 -62.91
886.4 -62.83
886.8 -62.68
887.2 -62.51
887.6 -63.08
888.0 -62.72
888.4 -62.85
888.8 -63.36
889.2 -62.4
889.6 -62.88
890.0 -62.77
890.4 -62.68
890.8 -62.53
891.2 -62.69
891.6 -62.66
892.0 -62.7
892.4 -62.39
892.8 -62.5
893.2 -62.72
893.6 -62.47
894.0 -62.81
894.4 -62.99
894.8 -62.65
895.2 -62.51
895.6 -62.33
896.0 -62.53
896.4 -62.63
896.8 -62.5
897.2 -62.51
897.6 -62.81
898.0 -62.67
898.4 -62.65
898.8 -62.84
899.2 -62.74
899.6 -62.52
900.0 -62.66
900.4 -62.61
900.8 -62.52
901.2 -62.52
901.6 -62.7
902.0 -62.49
902.4 -62.68
902.8 -62.49
903.2 -62.8
903.6 -63.37
904.0 -63.04
904.4 -62.58
904.8 -62.83
905.2 -62.77
905.6 -62.57
906.0 -62.5
906.4 -62.72
906.8 -62.13
907.2 -62.37
907.6 -62.67
908.0 -62.46
908.4 -62.33
908.8 -62.63
909.2 -62.43
909.6 -62.72
910.0 -62.14
910.4 -62.06
910.8 -62.37
911.2 -62.52
911.6 -61.85
912.0 -62.4
912.4 -62.42
912.8 -62.09
913.2 -62.17
913.6 -61.98
914.0 -62.43
914.4 -62.57
914.8 -62.41
915.2 -62.33
915.6 -62.33
916.0 -62.23
916.4 -62.52
916.8 -62.29
917.2 -62.48
917.6 -62.58
918.0 -62.03
918.4 -62.61
918.8 -62.49
919.2 -62.31
919.6 -62.17
920.0 -62.4
920.4 -62.33
920.8 -62.2
921.2 -62.23
921.6 -62.41
922.0 -62.48
922.4 -62.09
922.8 -62.05
923.2 -62.48
923.6 -62.34
924.0 -62.34
924.4 -62.13
924.8 -62.65
925.2 -62.0
925.6 -62.31
926.0 -62.33
926.4 -62.13
926.8 -62.58
927.2 -62.25
927.6 -62.63
928.0 -62.64
928.4 -62.39
928.8 -62.57
929.2 -62.21
929.6 -62.21
930.0 -62.13
930.4 -62.11
930.8 -61.89
931.2 -62.14
931.6 -61.86
932.0 -61.88
932.4 -61.82
932.8 -61.96
933.2 -61.68
933.6 -61.7
934.0 -62.17
934.4 -61.98
934.8 -61.86
935.2 -61.82
935.6 -61.73
936.0 -61.99
936.4 -62.2
936.8 -62.09
937.2 -61.96
937.6 -61.68
938.0 -62.2
938.4 -62.03
938.8 -61.92
939.2 -62.06
939.6 -61.81
940.0 -61.87
940.4 -61.7
940.8 -62.02
941.2 -61.91
941.6 -61.74
942.0 -61.94
942.4 -61.75
942.8 -62.1
943.2 -61.93
943.6 -61.96
944.0 -61.84
944.4 -61.78
944.8 -61.97
945.2 -61.94
945.6 -62.03
946.0 -62.0
946.4 -61.94
946.8 -62.14
947.2 -62.18
947.6 -61.99
948.0 -61.84
948.4 -61.94
948.8 -61.95
949.2 -62.24
949.6 -62.02
950.0 -62.13
950.4 -62.11
950.8 -62.37
951.2 -62.22
951.6 -62.51
952.0 -62.06
952.4 -62.27
952.8 -62.15
953.2 -62.22
953.6 -62.26
954.0 -62.18
954.4 -62.2
954.8 -62.49
955.2 -62.35
955.6 -62.36
956.0 -62.65
956.4 -62.3
956.8 -62.66
957.2 -62.52
957.6 -62.72
958.0 -62.22
958.4 -62.46
958.8 -62.67
959.2 -62.37
959.6 -62.76
960.0 -62.66
960.4 -62.37
960.8 -62.57
961.2 -62.47
961.6 -62.67
962.0 -62.44
962.4 -62.48
962.8 -62.46
963.2 -62.21
963.6 -62.51
964.0 -62.53
964.4 -62.36
964.8 -62.33
965.2 -62.38
965.6 -62.4
966.0 -62.07
966.4 -62.5
966.8 -62.82
967.2 -62.42
967.6 -62.73
968.0 -62.37
968.4 -62.68
968.8 -62.52
969.2 -62.63
969.6 -62.74
970.0 -62.69
970.4 -62.6
970.8 -62.72
971.2 -62.83
971.6 -62.68
972.0 -63.09
972.4 -62.59
972.8 -62.87
973.2 -63.01
973.6 -63.02
974.0 -63.06
974.4 -63.12
974.8 -63.09
975.2 -63.22
975.6 -63.38
976.0 -63.33
976.4 -63.23
976.8 -63.34
977.2 -63.47
977.6 -63.5
978.0 -63.55
978.4 -63.46
978.8 -63.65
979.2 -63.61
979.6 -63.68
980.0 -63.47
980.4 -63.73
980.8 -63.53
981.2 -63.33
981.6 -63.09
982.0 -63.27
982.4 -63.09
982.8 -63.09
983.2 -63.3
983.6 -63.26
984.0 -63.04
984.4 -63.11
984.8 -62.98
985.2 -62.74
985.6 -62.88
986.0 -62.97
986.4 -62.75
986.8 -62.77
987.2 -62.66
987.6 -62.78
988.0 -62.84
988.4 -62.84
988.8 -62.84
989.2 -62.69
989.6 -62.77
990.0 -62.57
990.4 -62.41
990.8 -62.32
991.2 -62.53
991.6 -62.31
992.0 -62.4
992.4 -62.34
992.8 -62.32
993.2 -62.32
993.6 -62.39
994.0 -62.15
994.4 -62.35
994.8 -62.26
995.2 -62.25
995.6 -62.29
996.0 -62.29
996.4 -62.4
996.8 -62.12
997.2 -62.28
997.6 -62.17
998.0 -62.43
998.4 -62.33
998.8 -62.54
999.2 -62.49
999.6 -62.44
1000.0 -62.18
