600.0 -210.0
600.4 -72.69
600.8 -210.0
601.2 -66.65
601.6 -79.46
602.0 -210.0
602.4 -210.0
602.8 -72.27
603.2 -71.55
603.6 -210.0
604.0 -72.09
604.4 -210.0
604.8 -74.03
605.2 -210.0
605.6 -73.03
606.0 -210.0
606.4 -210.0
606.8 -210.0
607.2 -79.82
607.6 -72.32
608.0 -210.0
608.4 -210.0
608.8 -71.28
609.2 -210.0
609.6 -78.73
610.0 -210.0
610.4 -77.82
610.8 -71.82
611.2 -210.0
611.6 -210.0
612.0 -74.1
612.4 -210.0
612.8 -70.97
613.2 -77.98
613.6 -210.0
614.0 -74.22
614.4 -210.0
614.8 -68.44
615.2 -210.0
615.6 -71.68
616.0 -80.36
616.4 -77.37
616.8 -210.0
617.2 -210.0
617.6 -73.18
618.0 -75.71
618.4 -210.0
618.8 -75.3
619.2 -210.0
619.6 -210.0
620.0 -73.06
620.4 -74.26
620.8 -210.0
621.2 -210.0
621.6 -210.0
622.0 -79.47
622.4 -75.1
622.8 -70.49
623.2 -72.78
623.6 -70.97
624.0 -210.0
624.4 -77.19
624.8 -210.0
625.2 -210.0
625.6 -75.3
626.0 -210.0
626.4 -82.76
626.8 -210.0
627.2 -73.51
627.6 -210.0
628.0 -72.44
628.4 -75.1
628.8 -70.73
629.2 -210.0
629.6 -210.0
630.0 -69.97
630.4 -76.99
630.8 -73.5
631.2 -81.31
631.6 -75.32
632.0 -210.0
632.4 -76.63
632.8 -78.42
633.2 -210.0
633.6 -70.69
634.0 -69.85
634.4 -72.0
634.8 -77.89
635.2 -210.0
635.6 -210.0
636.0 -72.82
636.4 -75.67
636.8 -210.0
637.2 -86.53
637.6 -210.0
638.0 -86.59
638.4 -80.59
638.8 -72.84
639.2 -210.0
639.6 -71.52
640.0 -210.0
640.4 -78.32
640.8 -210.0
641.2 -210.0
641.6 -79.9
642.0 -80.89
642.4 -79.17
642.8 -72.22
643.2 -210.0
643.6 -81.04
644.0 -210.0
644.4 -69.65
644.8 -74.17
645.2 -210.0
645.6 -74.94
646.0 -210.0
646.4 -71.75
646.8 -76.56
647.2 -73.77
647.6 -73.11
648.0 -75.99
648.4 -72.58
648.8 -82.76
649.2 -210.0
649.6 -78.06
650.0 -77.62
650.4 -73.14
650.8 -210.0
651.2 -210.0
651.6 -73.0
652.0 -74.62
652.4 -81.61
652.8 -70.39
653.2 -78.6
653.6 -72.87
654.0 -72.08
654.4 -210.0
654.8 -87.66
655.2 -72.09
655.6 -76.19
656.0 -69.74
656.4 -75.9
656.8 -72.89
657.2 -74.06
657.6 -210.0
658.0 -72.9
658.4 -70.52
658.8 -73.54
659.2 -73.88
659.6 -210.0
660.0 -77.28
660.4 -72.64
660.8 -78.15
661.2 -210.0
661.6 -210.0
662.0 -71.26
662.4 -82.92
662.8 -73.38
663.2 -71.67
663.6 -72.78
664.0 -73.22
664.4 -79.24
664.8 -87.7
665.2 -72.64
665.6 -74.91
666.0 -82.92
666.4 -82.92
666.8 -73.55
667.2 -72.25
667.6 -74.91
668.0 -87.7
668.4 -72.38
668.8 -71.26
669.2 -84.69
669.6 -75.39
670.0 -71.35
670.4 -74.68
670.8 -73.36
671.2 -72.9
671.6 -70.69
672.0 -210.0
672.4 -73.69
672.8 -75.89
673.2 -81.63
673.6 -73.85
674.0 -72.59
674.4 -72.87
674.8 -77.64
675.2 -79.85
675.6 -77.22
676.0 -74.62
676.4 -71.94
676.8 -210.0
677.2 -73.14
677.6 -72.99
678.0 -210.0
678.4 -71.69
678.8 -73.45
679.2 -71.16
679.6 -71.68
680.0 -74.16
680.4 -210.0
680.8 -210.0
681.2 -75.53
681.6 -71.03
682.0 -71.53
682.4 -72.24
682.8 -72.23
683.2 -78.0
683.6 -70.13
684.0 -77.12
684.4 -73.91
684.8 -76.06
685.2 -210.0
685.6 -77.1
686.0 -75.2
686.4 -72.06
686.8 -74.07
687.2 -72.58
687.6 -70.67
688.0 -74.93
688.4 -74.47
688.8 -77.06
689.2 -73.85
689.6 -74.46
690.0 -87.46
690.4 -72.97
690.8 -73.47
691.2 -74.65
691.6 -70.62
692.0 -82.65
692.4 -73.8
692.8 -73.61
693.2 -75.36
693.6 -73.26
694.0 -71.06
694.4 -73.77
694.8 -72.91
695.2 -70.94
695.6 -76.24
696.0 -74.36
696.4 -72.17
696.8 -71.12
697.2 -70.81
697.6 -71.43
698.0 -69.63
698.4 -70.42
698.8 -73.9
699.2 -72.4
699.6 -72.13
700.0 -72.99
700.4 -71.27
700.8 -72.98
701.2 -76.15
701.6 -74.28
702.0 -84.27
702.4 -70.93
702.8 -75.8
703.2 -68.93
703.6 -67.91
704.0 -76.45
704.4 -70.61
704.8 -77.24
705.2 -74.92
705.6 -70.69
706.0 -71.65
706.4 -77.66
706.8 -70.67
707.2 -74.19
707.6 -71.28
708.0 -71.74
708.4 -74.87
708.8 -71.86
709.2 -73.02
709.6 -71.04
710.0 -70.92
710.4 -72.68
710.8 -72.37
711.2 -73.72
711.6 -71.82
712.0 -71.34
712.4 -70.6
712.8 -75.08
713.2 -70.79
713.6 -72.2
714.0 -73.31
714.4 -71.92
714.8 -72.19
715.2 -71.18
715.6 -210.0
716.0 -74.31
716.4 -70.65
716.8 -69.84
717.2 -72.16
717.6 -210.0
718.0 -70.25
718.4 -72.92
718.8 -72.91
719.2 -72.28
719.6 -71.87
720.0 -73.62
720.4 -72.42
720.8 -70.5
721.2 -71.47
721.6 -75.27
722.0 -72.11
722.4 -69.54
722.8 -71.83
723.2 -73.04
723.6 -68.44
724.0 -72.86
724.4 -73.39
724.8 -70.87
725.2 -76.2
725.6 -74.44
726.0 -70.96
726.4 -69.74
726.8 -71.92
727.2 -76.18
727.6 -70.95
728.0 -71.65
728.4 -70.84
728.8 -72.98
729.2 -71.27
729.6 -71.27
730.0 -73.94
730.4 -73.14
730.8 -73.32
731.2 -73.32
731.6 -210.0
732.0 -69.77
732.4 -72.45
732.8 -73.7
733.2 -73.3
733.6 -72.6
734.0 -72.94
734.4 -69.2
734.8 -70.57
735.2 -75.14
735.6 -69.65
736.0 -72.75
736.4 -71.83
736.8 -72.74
737.2 -72.74
737.6 -72.25
738.0 -73.87
738.4 -70.96
738.8 -70.24
739.2 -72.89
739.6 -72.89
740.0 -73.24
740.4 -71.54
740.8 -70.04
741.2 -71.28
741.6 -72.37
742.0 -70.82
742.4 -70.12
742.8 -70.02
743.2 -69.68
743.6 -74.79
744.0 -71.03
744.4 -69.5
744.8 -71.51
745.2 -75.06
745.6 -70.48
746.0 -70.79
746.4 -73.59
746.8 -73.01
747.2 -74.76
747.6 -70.89
748.0 -73.19
748.4 -72.65
748.8 -72.65
749.2 -68.6
749.6 -69.89
750.0 -69.97
750.4 -68.33
750.8 -72.97
751.2 -75.64
751.6 -71.99
752.0 -70.42
752.4 -73.53
752.8 -72.6
753.2 -70.95
753.6 -73.73
754.0 -69.49
754.4 -71.41
754.8 -70.29
755.2 -74.67
755.6 -70.48
756.0 -70.68
756.4 -71.02
756.8 -70.78
757.2 -69.21
757.6 -67.29
758.0 -70.66
758.4 -69.12
758.8 -72.87
759.2 -69.42
759.6 -69.94
760.0 -71.88
760.4 -69.93
760.8 -70.62
761.2 -73.22
761.6 -73.03
762.0 -71.58
762.4 -69.15
762.8 -71.85
763.2 -69.81
763.6 -72.31
764.0 -74.57
764.4 -72.14
764.8 -72.63
765.2 -70.17
765.6 -68.82
766.0 -71.15
766.4 -71.82
766.8 -69.6
767.2 -68.07
767.6 -72.44
768.0 -69.85
768.4 -70.34
768.8 -72.76
769.2 -68.18
769.6 -74.26
770.0 -70.99
770.4 -71.37
770.8 -72.08
771.2 -74.51
771.6 -72.24
772.0 -69.56
772.4 -78.09
772.8 -71.77
773.2 -71.77
773.6 -70.98
774.0 -72.73
774.4 -70.2
774.8 -71.62
775.2 -71.35
775.6 -71.76
776.0 -80.5
776.4 -71.61
776.8 -71.08
777.2 -72.38
777.6 -68.4
778.0 -68.96
778.4 -71.07
778.8 -71.74
779.2 -70.83
779.6 -73.96
780.0 -70.27
780.4 -68.31
780.8 -75.04
781.2 -70.38
781.6 -71.05
782.0 -72.18
782.4 -68.17
782.8 -69.17
783.2 -72.17
783.6 -71.43
784.0 -70.57
784.4 -69.41
784.8 -76.06
785.2 -69.23
785.6 -68.48
786.0 -69.32
786.4 -69.74
786.8 -69.22
787.2 -71.15
787.6 -69.93
788.0 -67.83
788.4 -70.02
788.8 -69.38
789.2 -68.53
789.6 -69.05
790.0 -71.13
790.4 -69.63
790.8 -69.12
791.2 -70.52
791.6 -69.71
792.0 -70.75
792.4 -67.92
792.8 -210.0
793.2 -68.3
793.6 -68.87
794.0 -72.1
794.4 -69.09
794.8 -68.93
795.2 -70.85
795.6 -71.63
796.0 -70.07
796.4 -69.16
796.8 -68.28
797.2 -69.32
797.6 -71.08
798.0 -69.96
798.4 -68.98
798.8 -68.53
799.2 -69.85
799.6 -73.38
800.0 -67.8
800.4 -67.92
800.8 -70.46
801.2 -71.91
801.6 -70.59
802.0 -71.47
802.4 -71.76
802.8 -69.96
803.2 -70.6
803.6 -69.67
804.0 -69.33
804.4 -70.61
804.8 -71.09
805.2 -68.14
805.6 -68.71
806.0 -67.02
806.4 -65.48
806.8 -61.27
807.2 -57.39
807.6 -53.54
808.0 -51.98
808.4 -53.13
808.8 -53.79
809.2 -57.31
809.6 -65.4
810.0 -71.97
810.4 -69.05
810.8 -69.14
811.2 -69.39
811.6 -69.75
812.0 -69.5
812.4 -68.42
812.8 -69.68
813.2 -72.89
813.6 -70.28
814.0 -68.88
814.4 -68.6
814.8 -69.81
815.2 -69.46
815.6 -68.35
816.0 -69.65
816.4 -70.03
816.8 -71.38
817.2 -69.76
817.6 -68.26
818.0 -68.8
818.4 -68.27
818.8 -69.12
819.2 -69.71
819.6 -74.31
820.0 -71.07
820.4 -70.52
820.8 -67.8
821.2 -70.99
821.6 -68.43
822.0 -70.68
822.4 -67.69
822.8 -69.41
823.2 -68.06
823.6 -70.53
824.0 -70.45
824.4 -70.07
824.8 -67.89
825.2 -70.7
825.6 -68.33
826.0 -70.62
826.4 -69.02
826.8 -69.91
827.2 -68.45
827.6 -69.07
828.0 -69.95
828.4 -68.63
828.8 -69.26
829.2 -70.75
829.6 -69.0
830.0 -69.54
830.4 -69.73
830.8 -69.93
831.2 -68.92
831.6 -68.68
832.0 -67.25
832.4 -69.27
832.8 -69.16
833.2 -68.56
833.6 -67.99
834.0 -68.39
834.4 -68.54
834.8 -67.25
835.2 -67.96
835.6 -69.44
836.0 -68.54
836.4 -68.0
836.8 -68.32
837.2 -68.35
837.6 -68.03
838.0 -67.78
838.4 -67.64
838.8 -68.08
839.2 -68.15
839.6 -67.47
840.0 -69.16
840.4 -70.49
840.8 -69.41
841.2 -67.57
841.6 -70.18
842.0 -70.25
842.4 -70.91
842.8 -70.09
843.2 -69.03
843.6 -69.66
844.0 -67.73
844.4 -69.03
844.8 -67.85
845.2 -68.91
845.6 -67.67
846.0 -69.39
846.4 -68.37
846.8 -69.59
847.2 -68.41
847.6 -68.02
848.0 -68.9
848.4 -67.21
848.8 -70.3
849.2 -68.9
849.6 -68.73
850.0 -68.89
850.4 -68.01
850.8 -69.63
851.2 -67.52
851.6 -68.82
852.0 -67.73
852.4 -67.56
852.8 -68.48
853.2 -66.92
853.6 -67.68
854.0 -67.29
854.4 -67.06
854.8 -67.62
855.2 -66.8
855.6 -68.85
856.0 -68.41
856.4 -68.62
856.8 -67.66
857.2 -67.96
857.6 -69.07
858.0 -68.78
858.4 -67.81
858.8 -67.38
859.2 -68.44
859.6 -67.81
860.0 -67.29
860.4 -66.45
860.8 -67.53
861.2 -67.12
861.6 -67.11
862.0 -66.89
862.4 -66.81
862.8 -66.84
863.2 -68.46
863.6 -66.79
864.0 -66.87
864.4 -67.89
864.8 -68.13
865.2 -66.96
865.6 -67.4
866.0 -67.88
866.4 -66.84
866.8 -67.02
867.2 -68.91
867.6 -67.72
868.0 -67.37
868.4 -67.04
868.8 -67.66
869.2 -67.44
869.6 -67.11
870.0 -66.65
870.4 -67.17
870.8 -67.59
871.2 -67.41
871.6 -67.23
872.0 -67.23
872.4 -68.55
872.8 -66.83
873.2 -68.66
873.6 -68.37
874.0 -68.42
874.4 -67.62
874.8 -67.66
875.2 -67.7
875.6 -68.29
876.0 -67.33
876.4 -67.87
876.8 -66.91
877.2 -66.53
877.6 -66.26
878.0 -66.67
878.4 -67.3
878.8 -68.13
879.2 -66.8
879.6 -67.2
880.0 -67.23
880.4 -67.49
880.8 -65.99
881.2 -66.64
881.6 -67.53
882.0 -66.98
882.4 -67.22
882.8 -67.95
883.2 -67.13
883.6 -66.97
884.0 -67.52
884.4 -67.35
884.8 -66.92
885.2 -68.64
885.6 -66.54
886.0 -67.65
886.4 -66.96
886.8 -67.94
887.2 -66.95
887.6 -67.37
888.0 -65.99
888.4 -66.64
888.8 -67.83
889.2 -67.64
889.6 -66.68
890.0 -66.52
890.4 -68.02
890.8 -67.33
891.2 -66.5
891.6 -67.46
892.0 -66.58
892.4 -67.99
892.8 -66.78
893.2 -67.85
893.6 -67.39
894.0 -66.53
894.4 -67.06
894.8 -67.68
895.2 -66.33
895.6 -68.56
896.0 -67.38
896.4 -66.84
896.8 -67.84
897.2 -66.35
897.6 -66.52
898.0 -66.32
898.4 -66.68
898.8 -68.16
899.2 -67.63
899.6 -66.76
900.0 -67.73
900.4 -67.51
900.8 -67.44
901.2 -67.15
901.6 -66.91
902.0 -67.41
902.4 -67.38
902.8 -67.22
903.2 -66.62
903.6 -67.62
904.0 -67.28
904.4 -67.09
904.8 -66.95
905.2 -66.88
905.6 -67.07
906.0 -67.41
906.4 -68.15
906.8 -67.02
907.2 -66.56
907.6 -67.44
908.0 -66.34
908.4 -68.29
908.8 -67.38
909.2 -67.87
909.6 -67.19
910.0 -67.71
910.4 -67.65
910.8 -67.01
911.2 -67.34
911.6 -68.25
912.0 -68.46
912.4 -67.51
912.8 -66.61
913.2 -67.42
913.6 -66.98
914.0 -68.02
914.4 -67.55
914.8 -67.45
915.2 -66.29
915.6 -67.56
916.0 -66.57
916.4 -67.18
916.8 -67.86
917.2 -67.51
917.6 -68.26
918.0 -67.58
918.4 -67.6
918.8 -67.03
919.2 -67.67
919.6 -67.16
920.0 -66.77
920.4 -67.42
920.8 -67.63
921.2 -68.36
921.6 -68.03
922.0 -69.1
922.4 -67.78
922.8 -68.54
923.2 -67.81
923.6 -67.27
924.0 -68.54
924.4 -68.12
924.8 -68.01
925.2 -69.24
925.6 -67.58
926.0 -68.49
926.4 -68.34
926.8 -68.53
927.2 -67.76
927.6 -68.05
928.0 -68.07
928.4 -68.26
928.8 -67.58
929.2 -68.2
929.6 -68.14
930.0 -68.5
930.4 -68.78
930.8 -68.04
931.2 -69.36
931.6 -68.8
932.0 -68.52
932.4 -67.29
932.8 -69.1
933.2 -68.58
933.6 -68.23
934.0 -69.07
934.4 -67.42
934.8 -69.61
935.2 -69.73
935.6 -69.1
936.0 -68.51
936.4 -68.41
936.8 -69.4
937.2 -70.55
937.6 -68.14
938.0 -69.33
938.4 -68.11
938.8 -70.2
939.2 -69.02
939.6 -70.07
940.0 -68.33
940.4 -69.31
940.8 -68.94
941.2 -68.41
941.6 -69.72
942.0 -68.53
942.4 -69.21
942.8 -68.39
943.2 -69.44
943.6 -69.41
944.0 -69.21
944.4 -68.91
944.8 -68.1
945.2 -70.3
945.6 -69.81
946.0 -68.24
946.4 -69.45
946.8 -69.6
947.2 -70.32
947.6 -68.65
948.0 -70.15
948.4 -69.75
948.8 -69.29
949.2 -67.96
949.6 -69.34
950.0 -69.84
950.4 -68.92
950.8 -69.49
951.2 -68.37
951.6 -70.35
952.0 -69.98
952.4 -70.29
952.8 -70.21
953.2 -69.4
953.6 -69.08
954.0 -69.96
954.4 -68.77
954.8 -69.87
955.2 -69.17
955.6 -69.57
956.0 -69.24
956.4 -69.99
956.8 -69.36
957.2 -68.98
957.6 -68.64
958.0 -69.42
958.4 -69.63
958.8 -69.73
959.2 -69.26
959.6 -69.17
960.0 -69.71
960.4 -68.83
960.8 -69.82
961.2 -68.86
961.6 -69.5
962.0 -69.44
962.4 -69.46
962.8 -68.52
963.2 -69.01
963.6 -69.46
964.0 -70.4
964.4 -68.7
964.8 -69.29
965.2 -69.24
965.6 -68.37
966.0 -68.33
966.4 -69.6
966.8 -69.66
967.2 -69.38
967.6 -69.13
968.0 -69.28
968.4 -69.5
968.8 -68.51
969.2 -69.39
969.6 -68.98
970.0 -68.73
970.4 -69.3
970.8 -69.99
971.2 -69.57
971.6 -69.48
972.0 -69.44
972.4 -69.22
972.8 -69.57
973.2 -69.41
973.6 -70.18
974.0 -70.23
974.4 -70.33
974.8 -70.22
975.2 -68.91
975.6 -69.32
976.0 -69.72
976.4 -69.78
976.8 -68.88
977.2 -70.02
977.6 -69.99
978.0 -70.51
978.4 -69.26
978.8 -70.54
979.2 -68.65
979.6 -69.16
980.0 -69.57
980.4 -69.86
980.8 -70.22
981.2 -69.95
981.6 -69.72
982.0 -69.44
982.4 -69.33
982.8 -69.93
983.2 -69.64
983.6 -69.88
984.0 -68.74
984.4 -69.27
984.8 -69.14
985.2 -68.93
985.6 -68.9
986.0 -69.66
986.4 -69.02
986.8 -69.31
987.2 -68.34
987.6 -68.92
988.0 -68.66
988.4 -68.85
988.8 -68.78
989.2 -68.94
989.6 -69.11
990.0 -69.02
990.4 -68.47
990.8 -68.45
991.2 -68.37
991.6 -68.59
992.0 -68.53
992.4 -69.03
992.8 -68.25
993.2 -68.62
993.6 -68.42
994.0 -68.1
994.4 -68.51
994.8 -68.41
995.2 -68.35
995.6 -68.3
996.0 -68.38
996.4 -68.71
996.8 -68.72
997.2 -68.28
997.6 -67.9
998.0 -68.2
998.4 -67.91
998.8 -68.97
999.2 -68.58
999.6 -68.5
1000.0 -68.45
