600.0 -70.71
600.4 -71.85
600.8 -75.15
601.2 -210.0
601.6 -72.19
602.0 -84.27
602.4 -71.73
602.8 -73.52
603.2 -210.0
603.6 -71.14
604.0 -78.37
604.4 -74.87
604.8 -210.0
605.2 -210.0
605.6 -70.88
606.0 -72.48
606.4 -72.5
606.8 -69.13
607.2 -68.68
607.6 -75.59
608.0 -77.67
608.4 -70.05
608.8 -75.16
609.2 -78.7
609.6 -210.0
610.0 -70.0
610.4 -210.0
610.8 -69.03
611.2 -73.71
611.6 -67.63
612.0 -73.43
612.4 -81.92
612.8 -76.49
613.2 -73.2
613.6 -68.87
614.0 -210.0
614.4 -72.03
614.8 -76.61
615.2 -75.54
615.6 -71.49
616.0 -71.33
616.4 -210.0
616.8 -210.0
617.2 -69.52
617.6 -69.54
618.0 -70.63
618.4 -210.0
618.8 -68.67
619.2 -71.71
619.6 -70.43
620.0 -72.36
620.4 -69.16
620.8 -70.5
621.2 -71.3
621.6 -69.44
622.0 -75.08
622.4 -70.07
622.8 -69.52
623.2 -70.65
623.6 -71.28
624.0 -77.16
624.4 -70.33
624.8 -210.0
625.2 -70.78
625.6 -71.74
626.0 -71.43
626.4 -70.58
626.8 -71.17
627.2 -73.26
627.6 -72.62
628.0 -72.86
628.4 -74.13
628.8 -68.93
629.2 -69.21
629.6 -70.4
630.0 -71.85
630.4 -76.03
630.8 -70.61
631.2 -72.47
631.6 -69.58
632.0 -71.52
632.4 -72.2
632.8 -69.13
633.2 -70.44
633.6 -69.92
634.0 -68.5
634.4 -71.0
634.8 -70.78
635.2 -68.97
635.6 -73.18
636.0 -69.36
636.4 -71.02
636.8 -71.58
637.2 -68.74
637.6 -72.24
638.0 -69.1
638.4 -66.7
638.8 -68.13
639.2 -68.1
639.6 -68.78
640.0 -69.58
640.4 -70.86
640.8 -68.75
641.2 -69.21
641.6 -69.9
642.0 -70.38
642.4 -68.15
642.8 -68.07
643.2 -68.22
643.6 -68.31
644.0 -67.32
644.4 -68.27
644.8 -67.54
645.2 -68.12
645.6 -68.21
646.0 -68.89
646.4 -67.87
646.8 -67.53
647.2 -67.22
647.6 -67.93
648.0 -69.6
648.4 -67.95
648.8 -68.4
649.2 -67.79
649.6 -69.54
650.0 -68.03
650.4 -67.66
650.8 -67.98
651.2 -67.94
651.6 -68.76
652.0 -67.76
652.4 -68.6
652.8 -69.37
653.2 -67.55
653.6 -67.6
654.0 -68.3
654.4 -67.82
654.8 -68.57
655.2 -67.53
655.6 -67.05
656.0 -65.99
656.4 -67.75
656.8 -68.12
657.2 -68.23
657.6 -67.11
658.0 -67.11
658.4 -68.7
658.8 -67.39
659.2 -67.69
659.6 -66.75
660.0 -67.61
660.4 -66.46
660.8 -66.42
661.2 -67.01
661.6 -67.32
662.0 -66.14
662.4 -68.11
662.8 -67.57
663.2 -67.36
663.6 -67.05
664.0 -66.69
664.4 -67.2
664.8 -68.3
665.2 -66.66
665.6 -67.36
666.0 -66.94
666.4 -66.9
666.8 -66.9
667.2 -67.28
667.6 -67.57
668.0 -66.27
668.4 -67.2
668.8 -67.4
669.2 -67.61
669.6 -66.23
670.0 -66.97
670.4 -67.23
670.8 -66.64
671.2 -68.18
671.6 -66.44
672.0 -66.95
672.4 -67.17
672.8 -66.62
673.2 -65.78
673.6 -66.79
674.0 -67.0
674.4 -66.82
674.8 -66.77
675.2 -66.33
675.6 -66.6
676.0 -68.04
676.4 -66.1
676.8 -66.44
677.2 -66.44
677.6 -66.44
678.0 -65.82
678.4 -66.47
678.8 -66.84
679.2 -65.61
679.6 -66.04
680.0 -65.8
680.4 -67.63
680.8 -66.57
681.2 -67.49
681.6 -65.69
682.0 -66.52
682.4 -66.62
682.8 -66.08
683.2 -66.58
683.6 -66.36
684.0 -65.72
684.4 -65.82
684.8 -66.25
685.2 -66.28
685.6 -65.81
686.0 -66.01
686.4 -65.92
686.8 -66.67
687.2 -66.39
687.6 -66.02
688.0 -66.02
688.4 -66.76
688.8 -65.35
689.2 -65.73
689.6 -66.53
690.0 -66.28
690.4 -65.98
690.8 -66.44
691.2 -65.65
691.6 -66.26
692.0 -65.78
692.4 -65.83
692.8 -65.74
693.2 -66.1
693.6 -66.2
694.0 -66.09
694.4 -65.89
694.8 -66.18
695.2 -65.61
695.6 -66.62
696.0 -65.43
696.4 -66.42
696.8 -65.42
697.2 -65.36
697.6 -65.67
698.0 -65.06
698.4 -65.48
698.8 -66.32
699.2 -65.22
699.6 -65.33
700.0 -66.34
700.4 -65.62
700.8 -65.68
701.2 -65.82
701.6 -65.3
702.0 -65.18
702.4 -65.39
702.8 -65.39
703.2 -64.95
703.6 -66.32
704.0 -65.97
704.4 -65.53
704.8 -66.7
705.2 -65.18
705.6 -65.29
706.0 -65.26
706.4 -65.33
706.8 -65.16
707.2 -65.18
707.6 -65.21
708.0 -66.81
708.4 -65.84
708.8 -65.16
709.2 -65.86
709.6 -64.94
710.0 -66.44
710.4 -65.57
710.8 -64.82
711.2 -66.01
711.6 -64.75
712.0 -64.83
712.4 -65.96
712.8 -65.34
713.2 -65.6
713.6 -65.69
714.0 -65.5
714.4 -65.17
714.8 -65.26
715.2 -65.48
715.6 -65.99
716.0 -66.13
716.4 -65.3
716.8 -65.04
717.2 -64.95
717.6 -65.43
718.0 -65.51
718.4 -65.36
718.8 -65.78
719.2 -65.53
719.6 -64.83
720.0 -65.31
720.4 -66.88
720.8 -65.36
721.2 -65.8
721.6 -65.57
722.0 -64.9
722.4 -65.69
722.8 -65.81
723.2 -65.65
723.6 -65.43
724.0 -66.0
724.4 -65.73
724.8 -66.2
725.2 -66.03
725.6 -65.47
726.0 -65.81
726.4 -65.14
726.8 -65.3
727.2 -65.3
727.6 -65.36
728.0 -66.32
728.4 -65.38
728.8 -65.49
729.2 -65.22
729.6 -65.75
730.0 -65.27
730.4 -65.94
730.8 -65.54
731.2 -65.0
731.6 -64.92
732.0 -66.32
732.4 -66.39
732.8 -65.65
733.2 -64.87
733.6 -65.64
734.0 -65.07
734.4 -65.44
734.8 -67.46
735.2 -64.7
735.6 -65.96
736.0 -66.03
736.4 -65.95
736.8 -65.3
737.2 -65.12
737.6 -65.67
738.0 -66.12
738.4 -66.46
738.8 -66.41
739.2 -65.73
739.6 -65.86
740.0 -65.65
740.4 -65.52
740.8 -65.58
741.2 -65.64
741.6 -65.26
742.0 -65.91
742.4 -65.74
742.8 -65.53
743.2 -65.37
743.6 -65.9
744.0 -66.74
744.4 -65.15
744.8 -65.96
745.2 -65.89
745.6 -65.14
746.0 -65.14
746.4 -65.45
746.8 -65.64
747.2 -65.94
747.6 -65.8
748.0 -66.98
748.4 -65.56
748.8 -65.72
749.2 -66.46
749.6 -65.12
750.0 -66.66
750.4 -65.61
750.8 -66.65
751.2 -65.47
751.6 -66.01
752.0 -65.33
752.4 -66.11
752.8 -65.95
753.2 -65.01
753.6 -66.05
754.0 -66.74
754.4 -66.27
754.8 -65.39
755.2 -64.78
755.6 -66.18
756.0 -65.57
756.4 -65.57
756.8 -65.36
757.2 -67.3
757.6 -64.98
758.0 -65.93
758.4 -65.6
758.8 -65.18
759.2 -66.06
759.6 -65.14
760.0 -67.21
760.4 -65.26
760.8 -65.54
761.2 -65.64
761.6 -65.64
762.0 -66.26
762.4 -65.67
762.8 -65.69
763.2 -66.25
763.6 -66.37
764.0 -65.82
764.4 -65.41
764.8 -65.74
765.2 -65.47
765.6 -66.35
766.0 -65.77
766.4 -66.22
766.8 -65.06
767.2 -65.45
767.6 -65.65
768.0 -65.44
768.4 -65.44
768.8 -65.49
769.2 -64.89
769.6 -65.67
770.0 -65.48
770.4 -65.35
770.8 -65.28
771.2 -65.52
771.6 -65.91
772.0 -64.81
772.4 -64.56
772.8 -65.27
773.2 -65.37
773.6 -64.93
774.0 -65.78
774.4 -65.57
774.8 -65.74
775.2 -67.04
775.6 -64.95
776.0 -65.7
776.4 -65.22
776.8 -64.76
777.2 -65.29
777.6 -65.06
778.0 -65.65
778.4 -64.84
778.8 -65.21
779.2 -65.24
779.6 -66.02
780.0 -66.29
780.4 -65.37
780.8 -65.5
781.2 -66.17
781.6 -65.26
782.0 -66.16
782.4 -65.36
782.8 -65.07
783.2 -64.55
783.6 -64.1
784.0 -64.99
784.4 -65.69
784.8 -64.49
785.2 -64.83
785.6 -66.14
786.0 -65.11
786.4 -65.75
786.8 -65.67
787.2 -64.97
787.6 -66.34
788.0 -65.04
788.4 -64.81
788.8 -65.28
789.2 -65.12
789.6 -64.96
790.0 -65.21
790.4 -65.27
790.8 -65.37
791.2 -65.83
791.6 -66.06
792.0 -64.97
792.4 -64.5
792.8 -64.28
793.2 -64.9
793.6 -65.03
794.0 -64.21
794.4 -64.92
794.8 -64.89
795.2 -64.21
795.6 -64.85
796.0 -65.61
796.4 -65.2
796.8 -64.85
797.2 -64.61
797.6 -64.14
798.0 -63.63
798.4 -64.89
798.8 -64.92
799.2 -64.86
799.6 -63.86
800.0 -64.82
800.4 -64.25
800.8 -64.61
801.2 -64.65
801.6 -64.11
802.0 -64.43
802.4 -64.34
802.8 -63.47
803.2 -64.12
803.6 -64.07
804.0 -64.56
804.4 -63.66
804.8 -63.73
805.2 -64.5
805.6 -63.19
806.0 -62.74
806.4 -60.77
806.8 -57.45
807.2 -53.8
807.6 -49.82
808.0 -48.54
808.4 -49.54
808.8 -50.04
809.2 -54.47
809.6 -60.91
810.0 -63.0
810.4 -63.81
810.8 -63.59
811.2 -63.57
811.6 -64.09
812.0 -63.65
812.4 -64.06
812.8 -64.24
813.2 -63.9
813.6 -63.87
814.0 -64.16
814.4 -64.32
814.8 -64.41
815.2 -64.03
815.6 -64.45
816.0 -63.63
816.4 -63.8
816.8 -63.67
817.2 -64.32
817.6 -64.13
818.0 -64.57
818.4 -63.81
818.8 -64.3
819.2 -63.92
819.6 -63.97
820.0 -63.89
820.4 -63.12
820.8 -63.42
821.2 -63.35
821.6 -64.17
822.0 -63.32
822.4 -63.72
822.8 -63.45
823.2 -64.28
823.6 -63.65
824.0 -64.31
824.4 -64.01
824.8 -63.81
825.2 -63.71
825.6 -63.71
826.0 -63.61
826.4 -64.04
826.8 -63.71
827.2 -63.98
827.6 -64.12
828.0 -63.86
828.4 -63.34
828.8 -64.09
829.2 -64.66
829.6 -63.57
830.0 -64.28
830.4 -64.02
830.8 -63.99
831.2 -64.02
831.6 -63.44
832.0 -63.9
832.4 -63.85
832.8 -64.07
833.2 -63.91
833.6 -64.04
834.0 -63.37
834.4 -63.88
834.8 -64.01
835.2 -63.71
835.6 -63.53
836.0 -64.18
836.4 -64.53
836.8 -63.96
837.2 -64.26
837.6 -64.13
838.0 -64.03
838.4 -63.8
838.8 -64.16
839.2 -64.1
839.6 -64.2
840.0 -64.49
840.4 -63.97
840.8 -64.49
841.2 -63.9
841.6 -64.43
842.0 -64.19
842.4 -64.54
842.8 -64.52
843.2 -63.75
843.6 -64.48
844.0 -64.03
844.4 -64.74
844.8 -64.37
845.2 -64.21
845.6 -64.31
846.0 -64.27
846.4 -64.58
846.8 -64.68
847.2 -64.46
847.6 -64.96
848.0 -64.48
848.4 -64.36
848.8 -64.24
849.2 -64.36
849.6 -64.55
850.0 -64.69
850.4 -64.62
850.8 -64.51
851.2 -64.59
851.6 -63.9
852.0 -64.83
852.4 -64.79
852.8 -64.43
853.2 -64.67
853.6 -64.56
854.0 -64.92
854.4 -64.66
854.8 -64.55
855.2 -64.36
855.6 -64.5
856.0 -64.56
856.4 -64.78
856.8 -65.01
857.2 -64.86
857.6 -64.36
858.0 -64.84
858.4 -64.39
858.8 -64.92
859.2 -64.96
859.6 -65.21
860.0 -65.17
860.4 -65.02
860.8 -65.14
861.2 -65.26
861.6 -64.55
862.0 -65.3
862.4 -65.3
862.8 -64.74
863.2 -65.27
863.6 -65.08
864.0 -65.13
864.4 -64.48
864.8 -65.0
865.2 -64.64
865.6 -65.36
866.0 -65.29
866.4 -65.54
866.8 -64.63
867.2 -64.71
867.6 -65.34
868.0 -65.21
868.4 -65.49
868.8 -65.3
869.2 -65.32
869.6 -64.78
870.0 -64.75
870.4 -65.05
870.8 -65.55
871.2 -65.22
871.6 -65.53
872.0 -66.06
872.4 -65.27
872.8 -65.35
873.2 -64.89
873.6 -65.36
874.0 -64.9
874.4 -65.04
874.8 -64.6
875.2 -64.86
875.6 -65.22
876.0 -65.29
876.4 -64.91
876.8 -64.51
877.2 -64.79
877.6 -64.72
878.0 -65.06
878.4 -65.06
878.8 -65.42
879.2 -65.24
879.6 -64.38
880.0 -64.73
880.4 -64.2
880.8 -65.0
881.2 -64.8
881.6 -65.13
882.0 -65.42
882.4 -65.36
882.8 -64.74
883.2 -64.92
883.6 -65.76
884.0 -65.22
884.4 -65.41
884.8 -64.98
885.2 -65.21
885.6 -65.55
886.0 -64.98
886.4 -65.49
886.8 -64.53
887.2 -64.87
887.6 -65.26
888.0 -64.77
888.4 -65.05
888.8 -65.34
889.2 -65.0
889.6 -65.15
890.0 -66.04
890.4 -65.22
890.8 -64.75
891.2 -65.39
891.6 -64.82
892.0 -65.6
892.4 -65.63
892.8 -65.56
893.2 -65.41
893.6 -65.04
894.0 -64.85
894.4 -64.73
894.8 -65.09
895.2 -65.19
895.6 -65.78
896.0 -65.44
896.4 -65.47
896.8 -65.24
897.2 -65.08
897.6 -65.8
898.0 -65.87
898.4 -65.66
898.8 -66.13
899.2 -65.7
899.6 -65.31
900.0 -65.8
900.4 -65.55
900.8 -65.48
901.2 -65.6
901.6 -65.49
902.0 -65.67
902.4 -65.24
902.8 -65.35
903.2 -65.61
903.6 -65.1
904.0 -65.97
904.4 -66.37
904.8 -65.11
905.2 -65.05
905.6 -65.3
906.0 -65.28
906.4 -65.53
906.8 -65.71
907.2 -66.2
907.6 -65.95
908.0 -65.79
908.4 -65.31
908.8 -65.58
909.2 -66.05
909.6 -65.87
910.0 -65.56
910.4 -65.37
910.8 -65.27
911.2 -65.25
911.6 -65.12
912.0 -65.66
912.4 -64.94
912.8 -65.76
913.2 -65.35
913.6 -65.01
914.0 -66.21
914.4 -65.38
914.8 -65.95
915.2 -65.08
915.6 -66.15
916.0 -65.07
916.4 -66.72
916.8 -66.03
917.2 -66.22
917.6 -65.62
918.0 -65.45
918.4 -65.35
918.8 -66.41
919.2 -65.96
919.6 -66.92
920.0 -65.42
920.4 -65.92
920.8 -65.91
921.2 -65.87
921.6 -65.47
922.0 -65.81
922.4 -65.83
922.8 -65.75
923.2 -65.86
923.6 -65.75
924.0 -65.8
924.4 -66.29
924.8 -66.06
925.2 -65.82
925.6 -65.69
926.0 -66.01
926.4 -66.27
926.8 -66.31
927.2 -66.19
927.6 -66.26
928.0 -66.36
928.4 -66.22
928.8 -66.35
929.2 -65.88
929.6 -65.53
930.0 -66.54
930.4 -66.13
930.8 -66.28
931.2 -66.79
931.6 -66.62
932.0 -66.79
932.4 -66.64
932.8 -66.71
933.2 -66.24
933.6 -66.36
934.0 -67.18
934.4 -66.2
934.8 -66.62
935.2 -65.84
935.6 -66.04
936.0 -66.5
936.4 -66.25
936.8 -66.32
937.2 -66.67
937.6 -66.85
938.0 -67.01
938.4 -66.29
938.8 -66.53
939.2 -66.45
939.6 -66.25
940.0 -66.81
940.4 -66.52
940.8 -66.51
941.2 -66.11
941.6 -65.96
942.0 -65.81
942.4 -66.66
942.8 -65.98
943.2 -66.38
943.6 -67.47
944.0 -66.63
944.4 -66.66
944.8 -66.45
945.2 -66.15
945.6 -66.57
946.0 -66.59
946.4 -66.66
946.8 -66.37
947.2 -66.4
947.6 -66.97
948.0 -66.73
948.4 -66.49
948.8 -67.09
949.2 -67.07
949.6 -66.48
950.0 -67.11
950.4 -66.71
950.8 -66.19
951.2 -66.96
951.6 -67.29
952.0 -67.04
952.4 -67.04
952.8 -67.01
953.2 -66.72
953.6 -66.94
954.0 -66.86
954.4 -67.32
954.8 -66.58
955.2 -66.17
955.6 -67.55
956.0 -67.16
956.4 -67.3
956.8 -68.26
957.2 -66.74
957.6 -66.68
958.0 -67.15
958.4 -66.26
958.8 -66.45
959.2 -67.16
959.6 -66.6
960.0 -66.51
960.4 -66.42
960.8 -66.48
961.2 -66.36
961.6 -66.72
962.0 -66.54
962.4 -66.87
962.8 -66.67
963.2 -66.0
963.6 -66.19
964.0 -66.59
964.4 -66.15
964.8 -66.15
965.2 -66.07
965.6 -66.45
966.0 -66.28
966.4 -65.98
966.8 -66.0
967.2 -66.75
967.6 -66.06
968.0 -66.8
968.4 -65.98
968.8 -66.63
969.2 -66.75
969.6 -66.55
970.0 -66.78
970.4 -66.32
970.8 -67.34
971.2 -66.57
971.6 -66.24
972.0 -66.94
972.4 -66.66
972.8 -66.63
973.2 -66.42
973.6 -66.29
974.0 -66.05
974.4 -66.43
974.8 -66.61
975.2 -66.72
975.6 -66.11
976.0 -66.49
976.4 -66.6
976.8 -66.09
977.2 -65.98
977.6 -66.21
978.0 -66.48
978.4 -66.34
978.8 -66.55
979.2 -65.93
979.6 -66.26
980.0 -65.93
980.4 -65.68
980.8 -65.83
981.2 -65.85
981.6 -66.39
982.0 -66.3
982.4 -66.22
982.8 -65.78
983.2 -65.71
983.6 -66.02
984.0 -66.01
984.4 -65.83
984.8 -65.29
985.2 -65.61
985.6 -65.4
986.0 -65.35
986.4 -65.37
986.8 -65.12
987.2 -64.99
987.6 -65.09
988.0 -64.97
988.4 -64.74
988.8 -64.82
989.2 -65.1
989.6 -64.66
990.0 -64.77
990.4 -64.35
990.8 -64.57
991.2 -64.67
991.6 -64.58
992.0 -64.42
992.4 -64.41
992.8 -64.32
993.2 -64.01
993.6 -64.24
994.0 -64.05
994.4 -64.1
994.8 -64.1
995.2 -64.23
995.6 -64.08
996.0 -63.9
996.4 -64.15
996.8 -64.06
997.2 -64.26
997.6 -64.01
998.0 -64.31
998.4 -64.08
998.8 -64.01
999.2 -64.18
999.6 -64.11
1000.0 -64.12
