600.0 -210.0
600.4 -210.0
600.8 -84.19
601.2 -210.0
601.6 -78.21
602.0 -78.24
602.4 -71.06
602.8 -74.32
603.2 -72.87
603.6 -75.33
604.0 -71.61
604.4 -210.0
604.8 -76.66
605.2 -76.01
605.6 -73.36
606.0 -72.76
606.4 -71.76
606.8 -70.96
607.2 -210.0
607.6 -72.86
608.0 -73.52
608.4 -210.0
608.8 -210.0
609.2 -72.68
609.6 -210.0
610.0 -76.99
610.4 -71.38
610.8 -67.67
611.2 -75.81
611.6 -210.0
612.0 -210.0
612.4 -74.13
612.8 -210.0
613.2 -74.17
613.6 -210.0
614.0 -73.88
614.4 -79.01
614.8 -210.0
615.2 -71.86
615.6 -210.0
616.0 -210.0
616.4 -75.61
616.8 -71.75
617.2 -71.78
617.6 -79.2
618.0 -73.49
618.4 -71.3
618.8 -68.48
619.2 -70.27
619.6 -75.8
620.0 -67.88
620.4 -210.0
620.8 -79.39
621.2 -70.0
621.6 -74.0
622.0 -71.02
622.4 -74.05
622.8 -79.52
623.2 -78.58
623.6 -69.91
624.0 -71.14
624.4 -72.03
624.8 -72.66
625.2 -210.0
625.6 -73.41
626.0 -73.98
626.4 -72.15
626.8 -68.39
627.2 -73.77
627.6 -78.06
628.0 -71.39
628.4 -82.89
628.8 -71.6
629.2 -73.89
629.6 -70.78
630.0 -72.99
630.4 -68.62
630.8 -73.27
631.2 -71.94
631.6 -69.88
632.0 -77.69
632.4 -71.26
632.8 -71.43
633.2 -71.32
633.6 -69.1
634.0 -69.04
634.4 -69.33
634.8 -69.91
635.2 -70.46
635.6 -71.63
636.0 -70.2
636.4 -69.14
636.8 -69.09
637.2 -72.91
637.6 -69.4
638.0 -68.66
638.4 -68.49
638.8 -69.49
639.2 -69.86
639.6 -69.15
640.0 -71.29
640.4 -70.34
640.8 -70.48
641.2 -71.93
641.6 -71.83
642.0 -70.89
642.4 -70.62
642.8 -73.02
643.2 -68.7
643.6 -68.94
644.0 -69.39
644.4 -69.98
644.8 -67.31
645.2 -68.17
645.6 -69.61
646.0 -68.52
646.4 -67.87
646.8 -68.9
647.2 -69.06
647.6 -69.64
648.0 -68.16
648.4 -68.98
648.8 -69.61
649.2 -69.3
649.6 -68.8
650.0 -69.29
650.4 -67.62
650.8 -67.75
651.2 -68.38
651.6 -68.99
652.0 -69.43
652.4 -66.5
652.8 -68.88
653.2 -68.94
653.6 -68.84
654.0 -68.25
654.4 -67.91
654.8 -67.2
655.2 -68.9
655.6 -66.86
656.0 -67.75
656.4 -67.5
656.8 -67.45
657.2 -68.98
657.6 -67.94
658.0 -67.81
658.4 -67.18
658.8 -67.39
659.2 -67.27
659.6 -68.24
660.0 -66.59
660.4 -67.44
660.8 -66.42
661.2 -66.76
661.6 -66.83
662.0 -67.44
662.4 -67.01
662.8 -66.46
663.2 -67.57
663.6 -67.44
664.0 -67.09
664.4 -67.16
664.8 -65.76
665.2 -67.01
665.6 -66.23
666.0 -66.83
666.4 -67.13
666.8 -66.49
667.2 -67.83
667.6 -67.01
668.0 -67.57
668.4 -66.69
668.8 -67.05
669.2 -66.73
669.6 -65.71
670.0 -66.55
670.4 -66.68
670.8 -67.03
671.2 -66.21
671.6 -67.14
672.0 -66.66
672.4 -66.2
672.8 -66.52
673.2 -66.76
673.6 -65.72
674.0 -66.82
674.4 -66.47
674.8 -66.56
675.2 -66.14
675.6 -65.85
676.0 -66.26
676.4 -66.42
676.8 -65.74
677.2 -66.38
677.6 -67.08
678.0 -67.0
678.4 -66.43
678.8 -66.8
679.2 -66.99
679.6 -66.46
680.0 -67.33
680.4 -66.41
680.8 -65.76
681.2 -67.62
681.6 -67.27
682.0 -65.71
682.4 -65.68
682.8 -66.41
683.2 -65.9
683.6 -66.82
684.0 -66.97
684.4 -65.94
684.8 -66.56
685.2 -66.76
685.6 -65.5
686.0 -66.01
686.4 -65.95
686.8 -65.48
687.2 -65.71
687.6 -67.32
688.0 -66.12
688.4 -66.3
688.8 -66.05
689.2 -65.76
689.6 -65.29
690.0 -65.99
690.4 -66.84
690.8 -66.51
691.2 -65.5
691.6 -66.1
692.0 -65.3
692.4 -65.27
692.8 -65.48
693.2 -66.07
693.6 -66.07
694.0 -66.64
694.4 -65.92
694.8 -65.16
695.2 -65.73
695.6 -65.91
696.0 -66.19
696.4 -66.12
696.8 -65.74
697.2 -65.14
697.6 -66.04
698.0 -66.47
698.4 -65.83
698.8 -65.37
699.2 -65.85
699.6 -65.82
700.0 -65.91
700.4 -64.77
700.8 -65.48
701.2 -66.46
701.6 -66.01
702.0 -65.88
702.4 -65.68
702.8 -65.87
703.2 -65.55
703.6 -65.92
704.0 -65.43
704.4 -65.5
704.8 -65.53
705.2 -65.83
705.6 -65.1
706.0 -64.94
706.4 -65.56
706.8 -65.3
707.2 -65.99
707.6 -65.61
708.0 -66.22
708.4 -64.95
708.8 -66.17
709.2 -65.4
709.6 -65.89
710.0 -65.69
710.4 -64.95
710.8 -66.11
711.2 -64.59
711.6 -65.09
712.0 -64.73
712.4 -65.93
712.8 -65.28
713.2 -64.9
713.6 -64.86
714.0 -65.13
714.4 -65.26
714.8 -65.83
715.2 -65.14
715.6 -65.31
716.0 -65.05
716.4 -65.78
716.8 -65.41
717.2 -65.49
717.6 -65.37
718.0 -65.42
718.4 -66.06
718.8 -66.23
719.2 -65.5
719.6 -65.12
720.0 -65.58
720.4 -64.77
720.8 -65.27
721.2 -64.36
721.6 -65.19
722.0 -65.29
722.4 -65.07
722.8 -66.22
723.2 -65.88
723.6 -65.46
724.0 -65.13
724.4 -65.45
724.8 -65.41
725.2 -65.99
725.6 -65.21
726.0 -65.4
726.4 -65.68
726.8 -65.3
727.2 -64.42
727.6 -65.67
728.0 -65.23
728.4 -64.98
728.8 -65.62
729.2 -65.75
729.6 -65.17
730.0 -65.67
730.4 -65.71
730.8 -64.26
731.2 -65.26
731.6 -64.95
732.0 -65.5
732.4 -65.37
732.8 -64.91
733.2 -65.33
733.6 -65.74
734.0 -65.74
734.4 -65.8
734.8 -66.82
735.2 -65.03
735.6 -65.5
736.0 -66.4
736.4 -65.49
736.8 -65.04
737.2 -66.24
737.6 -65.64
738.0 -65.06
738.4 -65.41
738.8 -65.05
739.2 -64.77
739.6 -65.97
740.0 -65.78
740.4 -64.81
740.8 -65.55
741.2 -64.8
741.6 -65.08
742.0 -65.29
742.4 -66.39
742.8 -64.74
743.2 -66.08
743.6 -64.96
744.0 -65.82
744.4 -66.61
744.8 -65.86
745.2 -64.73
745.6 -65.64
746.0 -65.0
746.4 -66.21
746.8 -65.58
747.2 -65.44
747.6 -65.91
748.0 -66.12
748.4 -65.56
748.8 -65.43
749.2 -65.06
749.6 -65.93
750.0 -65.65
750.4 -65.29
750.8 -65.64
751.2 -65.01
751.6 -65.59
752.0 -64.88
752.4 -65.68
752.8 -65.35
753.2 -65.78
753.6 -65.37
754.0 -65.84
754.4 -65.86
754.8 -64.82
755.2 -64.44
755.6 -64.7
756.0 -65.5
756.4 -65.34
756.8 -65.83
757.2 -65.46
757.6 -65.68
758.0 -66.0
758.4 -65.03
758.8 -66.26
759.2 -65.84
759.6 -65.39
760.0 -64.98
760.4 -65.65
760.8 -65.31
761.2 -65.34
761.6 -64.77
762.0 -65.02
762.4 -64.65
762.8 -65.07
763.2 -65.49
763.6 -65.07
764.0 -65.03
764.4 -65.34
764.8 -66.04
765.2 -65.21
765.6 -66.15
766.0 -65.26
766.4 -65.1
766.8 -65.25
767.2 -64.97
767.6 -65.31
768.0 -65.15
768.4 -64.62
768.8 -65.1
769.2 -64.83
769.6 -65.49
770.0 -64.46
770.4 -64.49
770.8 -66.06
771.2 -64.85
771.6 -65.35
772.0 -65.02
772.4 -65.18
772.8 -65.27
773.2 -65.18
773.6 -64.5
774.0 -64.86
774.4 -64.83
774.8 -65.67
775.2 -65.43
775.6 -65.43
776.0 -64.85
776.4 -65.25
776.8 -65.52
777.2 -65.16
777.6 -65.25
778.0 -64.96
778.4 -64.87
778.8 -64.5
779.2 -64.67
779.6 -64.47
780.0 -64.89
780.4 -65.5
780.8 -65.14
781.2 -66.34
781.6 -64.43
782.0 -65.78
782.4 -64.94
782.8 -64.02
783.2 -64.39
783.6 -64.64
784.0 -65.35
784.4 -64.93
784.8 -66.18
785.2 -64.27
785.6 -64.09
786.0 -64.46
786.4 -65.16
786.8 -66.09
787.2 -65.04
787.6 -65.36
788.0 -64.45
788.4 -65.66
788.8 -64.99
789.2 -64.61
789.6 -64.96
790.0 -64.95
790.4 -64.83
790.8 -65.88
791.2 -65.47
791.6 -64.94
792.0 -64.76
792.4 -65.68
792.8 -65.03
793.2 -64.96
793.6 -64.81
794.0 -64.77
794.4 -66.25
794.8 -65.11
795.2 -64.89
795.6 -64.45
796.0 -64.36
796.4 -63.98
796.8 -64.7
797.2 -64.35
797.6 -63.97
798.0 -63.99
798.4 -64.0
798.8 -64.96
799.2 -64.06
799.6 -64.43
800.0 -64.76
800.4 -64.98
800.8 -64.31
801.2 -64.0
801.6 -64.16
802.0 -63.53
802.4 -63.08
802.8 -64.22
803.2 -64.38
803.6 -63.84
804.0 -63.71
804.4 -63.9
804.8 -63.8
805.2 -63.98
805.6 -62.82
806.0 -63.32
806.4 -60.46
806.8 -57.52
807.2 -53.73
807.6 -49.56
808.0 -48.32
808.4 -49.24
808.8 -49.9
809.2 -53.81
809.6 -60.64
810.0 -62.81
810.4 -63.34
810.8 -63.26
811.2 -63.26
811.6 -63.8
812.0 -63.7
812.4 -63.86
812.8 -63.73
813.2 -64.66
813.6 -63.62
814.0 -63.66
814.4 -63.63
814.8 -64.18
815.2 -64.63
815.6 -63.43
816.0 -64.17
816.4 -64.09
816.8 -64.06
817.2 -63.21
817.6 -63.45
818.0 -63.84
818.4 -62.87
818.8 -64.51
819.2 -63.13
819.6 -63.72
820.0 -63.06
820.4 -63.38
820.8 -63.72
821.2 -62.84
821.6 -64.12
822.0 -64.03
822.4 -63.92
822.8 -63.75
823.2 -63.68
823.6 -63.24
824.0 -63.6
824.4 -63.57
824.8 -64.31
825.2 -63.95
825.6 -63.62
826.0 -63.39
826.4 -63.89
826.8 -63.53
827.2 -63.66
827.6 -64.16
828.0 -63.8
828.4 -63.57
828.8 -63.48
829.2 -63.29
829.6 -63.18
830.0 -63.62
830.4 -63.22
830.8 -62.97
831.2 -63.17
831.6 -63.07
832.0 -63.61
832.4 -63.41
832.8 -63.41
833.2 -63.38
833.6 -63.29
834.0 -63.08
834.4 -62.97
834.8 -63.31
835.2 -63.32
835.6 -63.14
836.0 -62.72
836.4 -63.69
836.8 -63.14
837.2 -63.41
837.6 -63.03
838.0 -62.61
838.4 -62.71
838.8 -62.94
839.2 -63.19
839.6 -63.53
840.0 -63.19
840.4 -63.16
840.8 -63.42
841.2 -63.05
841.6 -62.88
842.0 -62.98
842.4 -63.63
842.8 -63.64
843.2 -63.41
843.6 -63.64
844.0 -63.41
844.4 -63.33
844.8 -63.39
845.2 -62.96
845.6 -63.31
846.0 -63.4
846.4 -63.43
846.8 -63.09
847.2 -63.47
847.6 -63.62
848.0 -63.14
848.4 -63.47
848.8 -63.31
849.2 -63.26
849.6 -63.98
850.0 -63.21
850.4 -63.32
850.8 -63.04
851.2 -63.87
851.6 -63.45
852.0 -63.74
852.4 -63.2
852.8 -63.75
853.2 -63.2
853.6 -63.58
854.0 -62.77
854.4 -63.1
854.8 -63.21
855.2 -63.58
855.6 -63.02
856.0 -63.18
856.4 -63.26
856.8 -63.06
857.2 -63.46
857.6 -63.41
858.0 -63.2
858.4 -62.84
858.8 -63.27
859.2 -62.54
859.6 -62.84
860.0 -63.11
860.4 -63.14
860.8 -63.1
861.2 -62.98
861.6 -62.82
862.0 -62.98
862.4 -63.49
862.8 -63.17
863.2 -62.85
863.6 -63.13
864.0 -63.24
864.4 -63.33
864.8 -63.31
865.2 -63.09
865.6 -63.06
866.0 -62.69
866.4 -63.32
866.8 -63.31
867.2 -63.25
867.6 -63.31
868.0 -63.16
868.4 -63.16
868.8 -62.99
869.2 -62.99
869.6 -63.33
870.0 -63.23
870.4 -62.84
870.8 -62.82
871.2 -62.95
871.6 -62.82
872.0 -63.19
872.4 -63.13
872.8 -63.23
873.2 -63.32
873.6 -63.27
874.0 -62.98
874.4 -62.96
874.8 -63.37
875.2 -62.87
875.6 -63.16
876.0 -63.6
876.4 -63.25
876.8 -63.24
877.2 -63.05
877.6 -63.15
878.0 -63.44
878.4 -62.73
878.8 -62.84
879.2 -62.91
879.6 -63.28
880.0 -62.99
880.4 -63.12
880.8 -62.69
881.2 -63.24
881.6 -62.98
882.0 -63.17
882.4 -62.47
882.8 -62.9
883.2 -62.78
883.6 -62.8
884.0 -62.9
884.4 -63.28
884.8 -63.01
885.2 -62.99
885.6 -62.89
886.0 -62.8
886.4 -62.94
886.8 -62.96
887.2 -62.78
887.6 -62.96
888.0 -62.54
888.4 -62.78
888.8 -62.66
889.2 -63.14
889.6 -62.5
890.0 -62.5
890.4 -62.78
890.8 -62.58
891.2 -62.5
891.6 -62.66
892.0 -62.71
892.4 -62.86
892.8 -62.71
893.2 -62.65
893.6 -61.98
894.0 -62.39
894.4 -62.96
894.8 -62.44
895.2 -62.64
895.6 -62.89
896.0 -62.41
896.4 -62.65
896.8 -62.88
897.2 -62.72
897.6 -62.23
898.0 -62.41
898.4 -62.88
898.8 -62.33
899.2 -62.86
899.6 -62.66
900.0 -62.67
900.4 -62.23
900.8 -62.62
901.2 -62.97
901.6 -62.56
902.0 -62.74
902.4 -62.64
902.8 -62.44
903.2 -62.47
903.6 -62.91
904.0 -62.6
904.4 -62.59
904.8 -62.49
905.2 -62.51
905.6 -62.53
906.0 -62.65
906.4 -62.6
906.8 -62.87
907.2 -62.45
907.6 -62.78
908.0 -62.25
908.4 -62.93
908.8 -62.57
909.2 -62.58
909.6 -62.39
910.0 -62.57
910.4 -62.32
910.8 -62.46
911.2 -62.72
911.6 -62.6
912.0 -62.31
912.4 -62.57
912.8 -62.43
913.2 -62.04
913.6 -62.12
914.0 -62.33
914.4 -62.28
914.8 -62.57
915.2 -62.67
915.6 -62.72
916.0 -62.28
916.4 -62.26
916.8 -62.24
917.2 -62.26
917.6 -62.46
918.0 -62.29
918.4 -62.49
918.8 -62.14
919.2 -62.03
919.6 -62.49
920.0 -62.63
920.4 -61.99
920.8 -62.47
921.2 -62.01
921.6 -62.31
922.0 -62.19
922.4 -61.8
922.8 -62.25
923.2 -62.25
923.6 -62.09
924.0 -62.18
924.4 -62.2
924.8 -62.31
925.2 -62.15
925.6 -62.45
926.0 -62.4
926.4 -62.23
926.8 -62.43
927.2 -62.14
927.6 -62.29
928.0 -62.2
928.4 -62.0
928.8 -61.97
929.2 -62.11
929.6 -62.24
930.0 -61.82
930.4 -62.27
930.8 -61.87
931.2 -62.13
931.6 -61.52
932.0 -61.99
932.4 -62.01
932.8 -61.81
933.2 -61.86
933.6 -61.99
934.0 -61.88
934.4 -61.89
934.8 -61.95
935.2 -62.0
935.6 -61.74
936.0 -61.76
936.4 -61.91
936.8 -62.13
937.2 -61.98
937.6 -62.01
938.0 -62.09
938.4 -61.9
938.8 -61.84
939.2 -62.01
939.6 -61.94
940.0 -61.81
940.4 -61.99
940.8 -62.2
941.2 -61.98
941.6 -61.91
942.0 -61.98
942.4 -62.12
942.8 -62.22
943.2 -62.01
943.6 -61.79
944.0 -62.1
944.4 -61.92
944.8 -61.64
945.2 -61.92
945.6 -61.98
946.0 -62.31
946.4 -61.92
946.8 -62.13
947.2 -62.04
947.6 -62.13
948.0 -61.91
948.4 -62.1
948.8 -61.97
949.2 -62.02
949.6 -62.11
950.0 -61.95
950.4 -62.11
950.8 -61.87
951.2 -62.25
951.6 -62.05
952.0 -61.96
952.4 -62.17
952.8 -62.1
953.2 -62.1
953.6 -62.23
954.0 -62.28
954.4 -62.42
954.8 -62.2
955.2 -62.03
955.6 -62.16
956.0 -62.29
956.4 -62.13
956.8 -62.18
957.2 -62.15
957.6 -62.2
958.0 -61.88
958.4 -62.17
958.8 -62.2
959.2 -62.25
959.6 -62.22
960.0 -62.01
960.4 -62.33
960.8 -62.16
961.2 -62.18
961.6 -62.25
962.0 -62.11
962.4 -62.06
962.8 -62.08
963.2 -62.18
963.6 -62.21
964.0 -62.11
964.4 -61.98
964.8 -62.09
965.2 -61.9
965.6 -61.85
966.0 -62.0
966.4 -62.16
966.8 -62.08
967.2 -62.04
967.6 -62.2
968.0 -62.26
968.4 -62.19
968.8 -62.06
969.2 -62.43
969.6 -62.23
970.0 -62.33
970.4 -62.21
970.8 -62.19
971.2 -62.14
971.6 -62.35
972.0 -62.43
972.4 -61.96
972.8 -62.25
973.2 -62.22
973.6 -62.14
974.0 -62.43
974.4 -62.49
974.8 -61.99
975.2 -62.13
975.6 -62.38
976.0 -62.43
976.4 -62.57
976.8 -62.3
977.2 -62.36
977.6 -62.47
978.0 -62.52
978.4 -62.36
978.8 -62.52
979.2 -62.39
979.6 -62.5
980.0 -62.41
980.4 -62.19
980.8 -62.45
981.2 -62.31
981.6 -62.23
982.0 -62.2
982.4 -61.94
982.8 -62.11
983.2 -61.84
983.6 -62.02
984.0 -61.8
984.4 -61.86
984.8 -61.73
985.2 -61.76
985.6 -61.84
986.0 -61.91
986.4 -61.65
986.8 -61.5
987.2 -61.29
987.6 -61.59
988.0 -61.4
988.4 -61.45
988.8 -61.24
989.2 -61.15
989.6 -61.21
990.0 -61.29
990.4 -61.22
990.8 -61.02
991.2 -61.22
991.6 -61.12
992.0 -60.98
992.4 -61.04
992.8 -60.94
993.2 -60.93
993.6 -60.94
994.0 -60.89
994.4 -60.82
994.8 -60.9
995.2 -60.97
995.6 -61.06
996.0 -60.91
996.4 -61.02
996.8 -60.86
997.2 -61.01
997.6 -60.97
998.0 -60.96
998.4 -60.86
998.8 -60.85
999.2 -61.07
999.6 -60.7
1000.0 -60.97
