600.0 -75.1
600.4 -71.85
600.8 -73.05
601.2 -73.07
601.6 -78.21
602.0 -210.0
602.4 -72.82
602.8 -69.69
603.2 -210.0
603.6 -210.0
604.0 -210.0
604.4 -69.94
604.8 -210.0
605.2 -74.92
605.6 -210.0
606.0 -78.5
606.4 -75.0
606.8 -70.1
607.2 -210.0
607.6 -74.63
608.0 -75.62
608.4 -73.88
608.8 -71.09
609.2 -210.0
609.6 -74.76
610.0 -77.79
610.4 -71.0
610.8 -75.79
611.2 -210.0
611.6 -75.84
612.0 -68.87
612.4 -78.9
612.8 -70.8
613.2 -74.17
613.6 -210.0
614.0 -71.4
614.4 -79.01
614.8 -210.0
615.2 -71.66
615.6 -71.88
616.0 -210.0
616.4 -70.24
616.8 -73.13
617.2 -70.43
617.6 -71.61
618.0 -79.23
618.4 -72.05
618.8 -210.0
619.2 -210.0
619.6 -210.0
620.0 -210.0
620.4 -73.35
620.8 -76.38
621.2 -77.66
621.6 -72.46
622.0 -70.44
622.4 -72.09
622.8 -210.0
623.2 -75.57
623.6 -210.0
624.0 -67.76
624.4 -72.03
624.8 -71.86
625.2 -73.14
625.6 -73.16
626.0 -210.0
626.4 -77.31
626.8 -71.82
627.2 -72.01
627.6 -70.66
628.0 -69.74
628.4 -72.89
628.8 -70.86
629.2 -74.47
629.6 -210.0
630.0 -210.0
630.4 -71.11
630.8 -76.51
631.2 -69.36
631.6 -210.0
632.0 -73.14
632.4 -70.49
632.8 -70.18
633.2 -70.79
633.6 -70.02
634.0 -73.98
634.4 -70.19
634.8 -69.91
635.2 -68.05
635.6 -71.93
636.0 -70.31
636.4 -71.15
636.8 -74.73
637.2 -69.37
637.6 -70.76
638.0 -210.0
638.4 -73.0
638.8 -73.03
639.2 -71.11
639.6 -69.15
640.0 -69.25
640.4 -69.07
640.8 -71.5
641.2 -71.53
641.6 -70.76
642.0 -69.43
642.4 -70.93
642.8 -71.55
643.2 -70.04
643.6 -72.75
644.0 -70.86
644.4 -68.16
644.8 -72.7
645.2 -67.57
645.6 -69.39
646.0 -70.74
646.4 -71.4
646.8 -68.32
647.2 -70.95
647.6 -67.43
648.0 -68.88
648.4 -68.92
648.8 -69.41
649.2 -69.5
649.6 -67.65
650.0 -68.92
650.4 -69.04
650.8 -69.69
651.2 -69.36
651.6 -67.89
652.0 -68.93
652.4 -67.72
652.8 -67.68
653.2 -70.0
653.6 -69.86
654.0 -69.94
654.4 -67.69
654.8 -68.79
655.2 -68.11
655.6 -69.2
656.0 -69.03
656.4 -66.59
656.8 -68.91
657.2 -68.59
657.6 -68.43
658.0 -67.99
658.4 -67.46
658.8 -67.08
659.2 -68.34
659.6 -69.56
660.0 -69.06
660.4 -69.37
660.8 -66.83
661.2 -67.96
661.6 -67.96
662.0 -67.01
662.4 -67.7
662.8 -69.24
663.2 -68.25
663.6 -67.65
664.0 -68.56
664.4 -67.57
664.8 -68.11
665.2 -66.9
665.6 -67.13
666.0 -67.16
666.4 -66.73
666.8 -67.28
667.2 -67.87
667.6 -67.7
668.0 -68.61
668.4 -67.96
668.8 -67.7
669.2 -67.36
669.6 -67.24
670.0 -67.86
670.4 -67.77
670.8 -71.65
671.2 -68.13
671.6 -67.55
672.0 -67.1
672.4 -67.17
672.8 -67.53
673.2 -68.36
673.6 -67.79
674.0 -68.1
674.4 -67.08
674.8 -67.26
675.2 -67.03
675.6 -67.14
676.0 -67.8
676.4 -67.8
676.8 -67.12
677.2 -68.48
677.6 -67.05
678.0 -66.6
678.4 -67.65
678.8 -68.2
679.2 -68.35
679.6 -67.43
680.0 -67.85
680.4 -66.48
680.8 -67.53
681.2 -66.37
681.6 -67.27
682.0 -67.69
682.4 -67.02
682.8 -66.83
683.2 -67.77
683.6 -68.5
684.0 -66.5
684.4 -67.36
684.8 -66.35
685.2 -65.61
685.6 -67.26
686.0 -68.01
686.4 -67.34
686.8 -67.76
687.2 -67.12
687.6 -66.48
688.0 -66.8
688.4 -66.11
688.8 -66.98
689.2 -66.86
689.6 -66.57
690.0 -66.96
690.4 -66.05
690.8 -66.88
691.2 -66.54
691.6 -66.79
692.0 -66.6
692.4 -66.21
692.8 -66.81
693.2 -67.03
693.6 -66.4
694.0 -66.26
694.4 -66.78
694.8 -67.22
695.2 -67.42
695.6 -66.37
696.0 -67.24
696.4 -65.93
696.8 -66.18
697.2 -66.34
697.6 -66.63
698.0 -66.33
698.4 -66.68
698.8 -65.96
699.2 -66.86
699.6 -65.47
700.0 -66.37
700.4 -66.4
700.8 -65.93
701.2 -65.67
701.6 -66.6
702.0 -65.75
702.4 -65.87
702.8 -66.23
703.2 -66.25
703.6 -66.43
704.0 -66.49
704.4 -65.96
704.8 -66.55
705.2 -66.51
705.6 -66.36
706.0 -65.57
706.4 -65.9
706.8 -66.0
707.2 -66.9
707.6 -66.55
708.0 -65.85
708.4 -65.65
708.8 -66.35
709.2 -65.89
709.6 -64.94
710.0 -65.37
710.4 -66.55
710.8 -65.41
711.2 -65.33
711.6 -66.06
712.0 -65.04
712.4 -66.2
712.8 -65.99
713.2 -65.6
713.6 -65.24
714.0 -65.65
714.4 -65.93
714.8 -65.97
715.2 -64.95
715.6 -65.48
716.0 -65.08
716.4 -66.08
716.8 -65.69
717.2 -66.25
717.6 -66.14
718.0 -65.13
718.4 -65.3
718.8 -66.02
719.2 -65.92
719.6 -66.16
720.0 -65.34
720.4 -65.91
720.8 -66.54
721.2 -65.22
721.6 -65.76
722.0 -66.94
722.4 -65.63
722.8 -65.68
723.2 -65.59
723.6 -65.46
724.0 -65.51
724.4 -65.05
724.8 -65.63
725.2 -65.63
725.6 -65.72
726.0 -65.49
726.4 -66.42
726.8 -65.74
727.2 -66.01
727.6 -65.42
728.0 -65.03
728.4 -65.63
728.8 -64.75
729.2 -65.25
729.6 -65.92
730.0 -65.27
730.4 -64.82
730.8 -66.22
731.2 -65.2
731.6 -64.43
732.0 -65.37
732.4 -65.75
732.8 -65.85
733.2 -66.83
733.6 -66.2
734.0 -64.96
734.4 -66.11
734.8 -65.26
735.2 -65.41
735.6 -65.59
736.0 -65.34
736.4 -65.55
736.8 -66.67
737.2 -65.42
737.6 -65.11
738.0 -65.41
738.4 -64.89
738.8 -64.99
739.2 -65.13
739.6 -65.34
740.0 -65.62
740.4 -65.24
740.8 -65.18
741.2 -65.26
741.6 -65.32
742.0 -65.06
742.4 -65.64
742.8 -65.83
743.2 -66.3
743.6 -65.7
744.0 -66.87
744.4 -65.4
744.8 -65.72
745.2 -65.4
745.6 -65.95
746.0 -65.78
746.4 -65.2
746.8 -64.75
747.2 -64.96
747.6 -65.25
748.0 -65.1
748.4 -65.97
748.8 -65.49
749.2 -65.79
749.6 -66.42
750.0 -65.96
750.4 -64.91
750.8 -65.31
751.2 -65.31
751.6 -64.86
752.0 -64.37
752.4 -65.05
752.8 -64.76
753.2 -65.16
753.6 -65.46
754.0 -65.31
754.4 -64.66
754.8 -65.23
755.2 -65.13
755.6 -65.75
756.0 -64.8
756.4 -65.0
756.8 -64.42
757.2 -65.49
757.6 -64.98
758.0 -65.13
758.4 -65.71
758.8 -64.83
759.2 -65.17
759.6 -64.96
760.0 -65.65
760.4 -65.72
760.8 -65.31
761.2 -64.91
761.6 -64.44
762.0 -64.68
762.4 -65.36
762.8 -65.26
763.2 -65.16
763.6 -66.17
764.0 -64.55
764.4 -64.6
764.8 -64.93
765.2 -64.82
765.6 -64.79
766.0 -65.59
766.4 -64.86
766.8 -65.41
767.2 -64.63
767.6 -65.16
768.0 -64.48
768.4 -65.08
768.8 -64.86
769.2 -64.26
769.6 -64.44
770.0 -65.38
770.4 -64.77
770.8 -64.57
771.2 -65.09
771.6 -64.94
772.0 -64.5
772.4 -64.19
772.8 -64.34
773.2 -64.9
773.6 -64.78
774.0 -64.18
774.4 -65.07
774.8 -64.77
775.2 -64.63
775.6 -65.82
776.0 -65.03
776.4 -64.54
776.8 -64.43
777.2 -65.03
777.6 -64.22
778.0 -64.61
778.4 -64.78
778.8 -64.64
779.2 -64.42
779.6 -65.12
780.0 -64.57
780.4 -65.43
780.8 -65.43
781.2 -63.9
781.6 -64.4
782.0 -64.85
782.4 -64.37
782.8 -64.65
783.2 -64.53
783.6 -64.5
784.0 -63.68
784.4 -65.31
784.8 -64.8
785.2 -64.12
785.6 -65.4
786.0 -64.54
786.4 -64.21
786.8 -64.42
787.2 -64.42
787.6 -64.4
788.0 -64.68
788.4 -65.49
788.8 -64.41
789.2 -64.03
789.6 -63.19
790.0 -64.46
790.4 -64.43
790.8 -64.57
791.2 -65.04
791.6 -64.31
792.0 -64.08
792.4 -64.37
792.8 -63.9
793.2 -64.04
793.6 -63.73
794.0 -63.77
794.4 -63.89
794.8 -65.14
795.2 -63.74
795.6 -64.23
796.0 -64.02
796.4 -64.47
796.8 -64.2
797.2 -63.92
797.6 -64.3
798.0 -63.47
798.4 -64.21
798.8 -64.54
799.2 -63.93
799.6 -63.91
800.0 -63.99
800.4 -63.9
800.8 -64.44
801.2 -64.16
801.6 -63.83
802.0 -63.51
802.4 -64.34
802.8 -64.27
803.2 -63.47
803.6 -63.24
804.0 -63.29
804.4 -63.95
804.8 -63.44
805.2 -63.44
805.6 -63.49
806.0 -62.07
806.4 -60.53
806.8 -57.14
807.2 -53.45
807.6 -49.36
808.0 -48.01
808.4 -49.02
808.8 -49.73
809.2 -53.67
809.6 -60.52
810.0 -62.31
810.4 -63.01
810.8 -63.06
811.2 -63.72
811.6 -63.6
812.0 -63.96
812.4 -63.72
812.8 -63.71
813.2 -63.54
813.6 -63.33
814.0 -63.62
814.4 -64.02
814.8 -64.01
815.2 -63.93
815.6 -63.2
816.0 -63.86
816.4 -64.06
816.8 -63.58
817.2 -63.88
817.6 -63.69
818.0 -63.43
818.4 -63.92
818.8 -63.62
819.2 -63.69
819.6 -63.76
820.0 -63.94
820.4 -64.0
820.8 -63.59
821.2 -63.69
821.6 -63.49
822.0 -63.81
822.4 -63.65
822.8 -63.27
823.2 -63.79
823.6 -63.38
824.0 -63.54
824.4 -63.03
824.8 -63.41
825.2 -62.63
825.6 -63.9
826.0 -63.72
826.4 -63.16
826.8 -63.28
827.2 -63.79
827.6 -63.83
828.0 -63.24
828.4 -63.51
828.8 -63.72
829.2 -63.39
829.6 -63.19
830.0 -63.66
830.4 -63.55
830.8 -62.99
831.2 -64.02
831.6 -63.39
832.0 -63.36
832.4 -63.58
832.8 -63.03
833.2 -62.89
833.6 -63.25
834.0 -62.95
834.4 -62.66
834.8 -62.66
835.2 -62.84
835.6 -62.44
836.0 -62.62
836.4 -62.78
836.8 -63.01
837.2 -62.88
837.6 -62.92
838.0 -62.68
838.4 -62.94
838.8 -62.79
839.2 -62.74
839.6 -62.95
840.0 -63.33
840.4 -63.04
840.8 -62.84
841.2 -62.79
841.6 -63.36
842.0 -63.25
842.4 -62.78
842.8 -63.22
843.2 -63.16
843.6 -62.98
844.0 -63.0
844.4 -62.74
844.8 -62.41
845.2 -62.84
845.6 -62.76
846.0 -62.82
846.4 -62.57
846.8 -62.76
847.2 -62.61
847.6 -62.48
848.0 -62.44
848.4 -62.71
848.8 -62.76
849.2 -62.74
849.6 -62.4
850.0 -62.25
850.4 -62.98
850.8 -62.44
851.2 -62.53
851.6 -62.45
852.0 -62.53
852.4 -62.22
852.8 -62.11
853.2 -62.25
853.6 -62.41
854.0 -62.26
854.4 -62.27
854.8 -62.75
855.2 -62.35
855.6 -62.64
856.0 -62.62
856.4 -62.09
856.8 -62.34
857.2 -62.17
857.6 -61.93
858.0 -62.23
858.4 -62.12
858.8 -62.26
859.2 -62.62
859.6 -62.07
860.0 -62.16
860.4 -62.3
860.8 -61.96
861.2 -61.79
861.6 -62.02
862.0 -62.09
862.4 -62.43
862.8 -61.98
863.2 -62.09
863.6 -62.87
864.0 -62.08
864.4 -61.98
864.8 -62.13
865.2 -62.0
865.6 -62.19
866.0 -62.03
866.4 -62.24
866.8 -61.96
867.2 -62.04
867.6 -61.81
868.0 -61.69
868.4 -61.9
868.8 -62.27
869.2 -62.31
869.6 -62.0
870.0 -61.71
870.4 -61.77
870.8 -61.54
871.2 -61.74
871.6 -61.77
872.0 -61.95
872.4 -61.88
872.8 -61.59
873.2 -61.71
873.6 -61.84
874.0 -61.68
874.4 -61.87
874.8 -61.87
875.2 -61.51
875.6 -61.73
876.0 -61.58
876.4 -61.8
876.8 -61.6
877.2 -62.08
877.6 -61.33
878.0 -61.52
878.4 -61.46
878.8 -61.37
879.2 -61.72
879.6 -61.58
880.0 -61.52
880.4 -61.42
880.8 -61.47
881.2 -61.42
881.6 -61.46
882.0 -61.66
882.4 -61.46
882.8 -61.26
883.2 -61.76
883.6 -61.56
884.0 -61.61
884.4 -61.43
884.8 -61.51
885.2 -61.31
885.6 -60.91
886.0 -61.04
886.4 -61.4
886.8 -61.51
887.2 -61.6
887.6 -61.52
888.0 -61.23
888.4 -61.55
888.8 -61.34
889.2 -61.41
889.6 -61.11
890.0 -61.01
890.4 -61.09
890.8 -61.22
891.2 -61.02
891.6 -61.11
892.0 -61.41
892.4 -61.45
892.8 -61.61
893.2 -61.19
893.6 -61.22
894.0 -61.59
894.4 -61.24
894.8 -61.0
895.2 -61.05
895.6 -61.02
896.0 -61.02
896.4 -61.46
896.8 -61.24
897.2 -61.28
897.6 -60.96
898.0 -61.18
898.4 -60.73
898.8 -60.96
899.2 -60.59
899.6 -60.86
900.0 -61.35
900.4 -61.19
900.8 -60.95
901.2 -60.91
901.6 -60.73
902.0 -61.16
902.4 -60.7
902.8 -60.79
903.2 -60.92
903.6 -60.86
904.0 -60.69
904.4 -60.87
904.8 -61.0
905.2 -61.03
905.6 -60.86
906.0 -60.89
906.4 -60.84
906.8 -60.83
907.2 -60.54
907.6 -60.51
908.0 -60.62
908.4 -60.79
908.8 -60.49
909.2 -60.4
909.6 -60.5
910.0 -60.61
910.4 -60.42
910.8 -60.63
911.2 -60.56
911.6 -60.43
912.0 -60.41
912.4 -60.59
912.8 -60.37
913.2 -60.24
913.6 -60.29
914.0 -60.13
914.4 -60.28
914.8 -60.12
915.2 -60.14
915.6 -60.18
916.0 -60.54
916.4 -60.14
916.8 -60.31
917.2 -60.07
917.6 -60.14
918.0 -60.02
918.4 -59.98
918.8 -59.85
919.2 -59.99
919.6 -59.77
920.0 -59.96
920.4 -60.13
920.8 -60.04
921.2 -59.74
921.6 -59.89
922.0 -59.87
922.4 -59.72
922.8 -59.78
923.2 -59.78
923.6 -59.75
924.0 -59.77
924.4 -59.77
924.8 -59.57
925.2 -59.78
925.6 -59.69
926.0 -59.52
926.4 -59.72
926.8 -59.48
927.2 -59.47
927.6 -59.8
928.0 -59.37
928.4 -59.39
928.8 -59.33
929.2 -59.38
929.6 -59.18
930.0 -59.29
930.4 -59.2
930.8 -59.27
931.2 -59.31
931.6 -59.58
932.0 -59.34
932.4 -59.1
932.8 -59.41
933.2 -59.32
933.6 -59.19
934.0 -59.24
934.4 -59.21
934.8 -59.2
935.2 -59.15
935.6 -59.11
936.0 -59.2
936.4 -59.14
936.8 -59.11
937.2 -58.82
937.6 -59.09
938.0 -58.93
938.4 -59.14
938.8 -59.01
939.2 -59.05
939.6 -58.97
940.0 -59.01
940.4 -58.81
940.8 -58.95
941.2 -59.04
941.6 -58.77
942.0 -58.93
942.4 -59.11
942.8 -58.84
943.2 -58.82
943.6 -58.77
944.0 -58.88
944.4 -58.59
944.8 -58.66
945.2 -58.58
945.6 -58.52
946.0 -58.71
946.4 -58.61
946.8 -58.52
947.2 -58.58
947.6 -58.31
948.0 -58.42
948.4 -58.47
948.8 -58.51
949.2 -58.54
949.6 -58.42
950.0 -58.49
950.4 -58.36
950.8 -58.48
951.2 -58.29
951.6 -58.43
952.0 -58.42
952.4 -58.3
952.8 -58.39
953.2 -58.28
953.6 -58.28
954.0 -58.38
954.4 -58.41
954.8 -58.42
955.2 -58.44
955.6 -58.41
956.0 -58.3
956.4 -58.65
956.8 -58.27
957.2 -58.21
957.6 -58.17
958.0 -58.29
958.4 -58.36
958.8 -58.21
959.2 -58.09
959.6 -58.19
960.0 -58.02
960.4 -58.07
960.8 -58.03
961.2 -58.03
961.6 -57.89
962.0 -57.98
962.4 -58.02
962.8 -58.07
963.2 -57.91
963.6 -57.91
964.0 -57.97
964.4 -57.79
964.8 -57.82
965.2 -57.9
965.6 -57.74
966.0 -57.75
966.4 -57.75
966.8 -57.72
967.2 -57.66
967.6 -57.8
968.0 -57.75
968.4 -57.87
968.8 -57.75
969.2 -57.75
969.6 -57.73
970.0 -57.73
970.4 -57.65
970.8 -57.82
971.2 -57.81
971.6 -57.8
972.0 -57.88
972.4 -57.8
972.8 -57.9
973.2 -57.79
973.6 -57.81
974.0 -57.88
974.4 -57.92
974.8 -58.0
975.2 -58.0
975.6 -57.99
976.0 -58.07
976.4 -58.16
976.8 -58.17
977.2 -58.09
977.6 -58.16
978.0 -58.15
978.4 -58.21
978.8 -58.27
979.2 -58.22
979.6 -58.21
980.0 -58.21
980.4 -58.35
980.8 -58.16
981.2 -58.0
981.6 -58.1
982.0 -58.15
982.4 -57.94
982.8 -57.99
983.2 -57.95
983.6 -57.8
984.0 -57.92
984.4 -57.73
984.8 -57.65
985.2 -57.69
985.6 -57.61
986.0 -57.7
986.4 -57.51
986.8 -57.42
987.2 -57.45
987.6 -57.47
988.0 -57.31
988.4 -57.36
988.8 -57.27
989.2 -57.36
989.6 -57.3
990.0 -57.32
990.4 -57.18
990.8 -57.29
991.2 -57.32
991.6 -57.29
992.0 -57.07
992.4 -57.1
992.8 -57.18
993.2 -57.26
993.6 -57.2
994.0 -57.15
994.4 -57.27
994.8 -57.18
995.2 -57.16
995.6 -57.26
996.0 -57.22
996.4 -57.34
996.8 -57.18
997.2 -57.4
997.6 -57.29
998.0 -57.5
998.4 -57.37
998.8 -57.33
999.2 -57.38
999.6 -57.44
1000.0 -57.44
