600.0 -69.82
600.4 -72.11
600.8 -74.64
601.2 -70.06
601.6 -210.0
602.0 -210.0
602.4 -210.0
602.8 -74.32
603.2 -210.0
603.6 -78.34
604.0 -78.37
604.4 -210.0
604.8 -210.0
605.2 -210.0
605.6 -210.0
606.0 -70.38
606.4 -210.0
606.8 -72.53
607.2 -210.0
607.6 -210.0
608.0 -84.66
608.4 -210.0
608.8 -210.0
609.2 -72.42
609.6 -74.34
610.0 -76.99
610.4 -210.0
610.8 -73.69
611.2 -80.07
611.6 -210.0
612.0 -210.0
612.4 -71.92
612.8 -210.0
613.2 -210.0
613.6 -80.22
614.0 -78.99
614.4 -85.04
614.8 -210.0
615.2 -210.0
615.6 -210.0
616.0 -73.09
616.4 -79.13
616.8 -210.0
617.2 -210.0
617.6 -72.22
618.0 -73.49
618.4 -76.24
618.8 -210.0
619.2 -210.0
619.6 -74.21
620.0 -70.45
620.4 -210.0
620.8 -210.0
621.2 -75.03
621.6 -70.84
622.0 -210.0
622.4 -210.0
622.8 -210.0
623.2 -77.11
623.6 -72.59
624.0 -85.62
624.4 -80.87
624.8 -210.0
625.2 -210.0
625.6 -210.0
626.0 -77.96
626.4 -210.0
626.8 -210.0
627.2 -210.0
627.6 -75.05
628.0 -210.0
628.4 -85.9
628.8 -210.0
629.2 -210.0
629.6 -210.0
630.0 -210.0
630.4 -75.23
630.8 -68.9
631.2 -210.0
631.6 -210.0
632.0 -78.36
632.4 -80.15
632.8 -72.59
633.2 -73.68
633.6 -71.48
634.0 -78.5
634.4 -210.0
634.8 -77.31
635.2 -72.95
635.6 -210.0
636.0 -76.44
636.4 -210.0
636.8 -210.0
637.2 -77.49
637.6 -86.56
638.0 -210.0
638.4 -72.81
638.8 -78.19
639.2 -210.0
639.6 -75.91
640.0 -75.6
640.4 -210.0
640.8 -210.0
641.2 -72.53
641.6 -73.88
642.0 -76.12
642.4 -76.54
642.8 -70.46
643.2 -210.0
643.6 -73.45
644.0 -70.76
644.4 -80.15
644.8 -210.0
645.2 -210.0
645.6 -210.0
646.0 -82.5
646.4 -76.9
646.8 -76.56
647.2 -81.36
647.6 -210.0
648.0 -210.0
648.4 -84.49
648.8 -84.53
649.2 -210.0
649.6 -77.19
650.0 -75.06
650.4 -74.19
650.8 -210.0
651.2 -76.83
651.6 -82.85
652.0 -75.86
652.4 -78.6
652.8 -77.64
653.2 -74.21
653.6 -76.51
654.0 -76.85
654.4 -210.0
654.8 -71.63
655.2 -84.65
655.6 -210.0
656.0 -76.87
656.4 -73.52
656.8 -72.35
657.2 -78.64
657.6 -77.68
658.0 -76.21
658.4 -75.37
658.8 -74.9
659.2 -78.65
659.6 -74.07
660.0 -87.7
660.4 -210.0
660.8 -77.28
661.2 -73.55
661.6 -74.47
662.0 -82.92
662.4 -73.07
662.8 -77.28
663.2 -76.9
663.6 -210.0
664.0 -79.24
664.4 -75.14
664.8 -210.0
665.2 -82.92
665.6 -210.0
666.0 -74.08
666.4 -73.55
666.8 -75.93
667.2 -210.0
667.6 -74.91
668.0 -72.78
668.4 -72.13
668.8 -74.27
669.2 -76.56
669.6 -76.9
670.0 -71.56
670.4 -74.9
670.8 -76.54
671.2 -71.99
671.6 -210.0
672.0 -71.64
672.4 -210.0
672.8 -210.0
673.2 -210.0
673.6 -210.0
674.0 -210.0
674.4 -79.86
674.8 -210.0
675.2 -79.18
675.6 -75.87
676.0 -72.57
676.4 -87.63
676.8 -71.18
677.2 -71.82
677.6 -70.99
678.0 -84.6
678.4 -72.16
678.8 -77.18
679.2 -87.6
679.6 -210.0
680.0 -75.03
680.4 -72.96
680.8 -76.11
681.2 -71.66
681.6 -75.8
682.0 -72.24
682.4 -76.76
682.8 -76.08
683.2 -73.07
683.6 -71.51
684.0 -76.4
684.4 -79.74
684.8 -78.49
685.2 -74.96
685.6 -72.74
686.0 -74.5
686.4 -72.88
686.8 -75.45
687.2 -210.0
687.6 -87.49
688.0 -77.49
688.4 -71.24
688.8 -71.91
689.2 -72.69
689.6 -71.78
690.0 -74.9
690.4 -71.53
690.8 -73.3
691.2 -72.96
691.6 -72.52
692.0 -210.0
692.4 -73.44
692.8 -77.87
693.2 -75.1
693.6 -74.85
694.0 -71.83
694.4 -72.47
694.8 -72.47
695.2 -72.46
695.6 -74.82
696.0 -73.05
696.4 -78.32
696.8 -75.59
697.2 -76.21
697.6 -77.8
698.0 -77.79
698.4 -210.0
698.8 -76.91
699.2 -74.76
699.6 -71.29
700.0 -78.27
700.4 -73.15
700.8 -73.15
701.2 -210.0
701.6 -74.73
702.0 -72.5
702.4 -72.64
702.8 -76.85
703.2 -72.07
703.6 -75.21
704.0 -75.78
704.4 -70.8
704.8 -74.68
705.2 -76.43
705.6 -70.99
706.0 -72.59
706.4 -72.02
706.8 -69.21
707.2 -72.88
707.6 -74.41
708.0 -68.61
708.4 -76.04
708.8 -71.26
709.2 -81.14
709.6 -80.18
710.0 -74.15
710.4 -82.38
710.8 -74.59
711.2 -74.14
711.6 -74.13
712.0 -72.99
712.4 -73.71
712.8 -72.65
713.2 -71.68
713.6 -78.66
714.0 -74.11
714.4 -210.0
714.8 -71.08
715.2 -76.3
715.6 -210.0
716.0 -71.53
716.4 -71.17
716.8 -75.04
717.2 -210.0
717.6 -74.52
718.0 -71.38
718.4 -72.75
718.8 -71.03
719.2 -74.5
719.6 -71.14
720.0 -71.73
720.4 -75.0
720.8 -73.06
721.2 -84.03
721.6 -73.42
722.0 -71.46
722.4 -71.58
722.8 -71.1
723.2 -210.0
723.6 -77.47
724.0 -84.0
724.4 -74.22
724.8 -73.19
725.2 -80.97
725.6 -70.01
726.0 -76.99
726.4 -71.42
726.8 -77.94
727.2 -83.97
727.6 -72.83
728.0 -72.82
728.4 -76.17
728.8 -69.1
729.2 -74.91
729.6 -69.1
730.0 -73.52
730.4 -210.0
730.8 -69.53
731.2 -74.15
731.6 -75.8
732.0 -76.51
732.4 -70.69
732.8 -72.3
733.2 -78.46
733.6 -73.91
734.0 -75.45
734.4 -71.59
734.8 -73.29
735.2 -72.93
735.6 -70.98
736.0 -72.75
736.4 -74.33
736.8 -70.45
737.2 -72.41
737.6 -75.11
738.0 -72.9
738.4 -74.32
738.8 -73.86
739.2 -77.32
739.6 -74.82
740.0 -69.95
740.4 -210.0
740.8 -70.94
741.2 -77.81
741.6 -76.05
742.0 -70.72
742.4 -74.29
742.8 -70.81
743.2 -74.28
743.6 -210.0
744.0 -74.04
744.4 -70.2
744.8 -73.21
745.2 -70.59
745.6 -210.0
746.0 -73.39
746.4 -75.35
746.8 -75.05
747.2 -72.33
747.6 -69.9
748.0 -70.37
748.4 -79.01
748.8 -71.74
749.2 -69.89
749.6 -71.88
750.0 -75.65
750.4 -67.86
750.8 -73.16
751.2 -75.64
751.6 -72.29
752.0 -71.07
752.4 -72.28
752.8 -75.95
753.2 -77.71
753.6 -86.74
754.0 -77.7
754.4 -70.29
754.8 -79.74
755.2 -73.1
755.6 -72.57
756.0 -72.9
756.4 -70.79
756.8 -70.36
757.2 -70.36
757.6 -75.22
758.0 -71.12
758.4 -71.11
758.8 -73.89
759.2 -75.2
759.6 -70.43
760.0 -73.04
760.4 -78.2
760.8 -86.65
761.2 -83.64
761.6 -69.16
762.0 -77.6
762.4 -77.6
762.8 -76.21
763.2 -72.82
763.6 -76.63
764.0 -72.64
764.4 -71.56
764.8 -79.62
765.2 -69.88
765.6 -81.83
766.0 -70.26
766.4 -72.28
766.8 -75.79
767.2 -72.97
767.6 -73.58
768.0 -72.43
768.4 -76.58
768.8 -73.34
769.2 -74.01
769.6 -69.66
770.0 -72.58
770.4 -73.77
770.8 -71.37
771.2 -69.74
771.6 -75.09
772.0 -69.56
772.4 -68.76
772.8 -71.63
773.2 -68.42
773.6 -72.07
774.0 -73.53
774.4 -70.85
774.8 -69.46
775.2 -70.1
775.6 -210.0
776.0 -74.22
776.4 -70.61
776.8 -73.52
777.2 -210.0
777.6 -71.75
778.0 -71.74
778.4 -73.96
778.8 -71.2
779.2 -70.28
779.6 -75.38
780.0 -70.82
780.4 -72.53
780.8 -72.19
781.2 -72.7
781.6 -70.26
782.0 -70.06
782.4 -72.18
782.8 -72.18
783.2 -69.0
783.6 -71.43
784.0 -69.41
784.4 -70.36
784.8 -75.34
785.2 -68.69
785.6 -72.33
786.0 -68.35
786.4 -72.49
786.8 -69.48
787.2 -68.68
787.6 -73.68
788.0 -71.99
788.4 -70.33
788.8 -69.38
789.2 -70.02
789.6 -69.3
790.0 -70.42
790.4 -68.59
790.8 -68.12
791.2 -75.64
791.6 -72.12
792.0 -71.38
792.4 -74.39
792.8 -83.42
793.2 -72.11
793.6 -71.37
794.0 -73.41
794.4 -71.23
794.8 -71.5
795.2 -72.99
795.6 -210.0
796.0 -75.99
796.4 -68.7
796.8 -70.84
797.2 -71.77
797.6 -72.97
798.0 -71.21
798.4 -69.85
798.8 -70.05
799.2 -72.58
799.6 -73.6
800.0 -68.45
800.4 -70.14
800.8 -70.81
801.2 -74.62
801.6 -73.16
802.0 -72.24
802.4 -69.14
802.8 -71.21
803.2 -71.92
803.6 -71.34
804.0 -74.36
804.4 -69.33
804.8 -71.78
805.2 -73.62
805.6 -69.34
806.0 -69.01
806.4 -65.73
806.8 -61.96
807.2 -58.3
807.6 -54.4
808.0 -52.71
808.4 -53.69
808.8 -54.54
809.2 -57.99
809.6 -65.83
810.0 -68.45
810.4 -70.66
810.8 -68.68
811.2 -67.6
811.6 -71.85
812.0 -72.51
812.4 -68.78
812.8 -72.18
813.2 -68.72
813.6 -70.18
814.0 -73.09
814.4 -69.8
814.8 -71.76
815.2 -68.98
815.6 -71.36
816.0 -71.24
816.4 -71.94
816.8 -70.44
817.2 -68.87
817.6 -71.14
818.0 -69.77
818.4 -72.28
818.8 -74.3
819.2 -68.04
819.6 -72.47
820.0 -73.41
820.4 -70.02
820.8 -69.59
821.2 -71.36
821.6 -72.22
822.0 -68.44
822.4 -69.24
822.8 -70.5
823.2 -72.28
823.6 -70.33
824.0 -69.15
824.4 -70.88
824.8 -69.91
825.2 -72.2
825.6 -70.31
826.0 -71.17
826.4 -76.46
826.8 -70.46
827.2 -71.22
827.6 -68.12
828.0 -70.21
828.4 -69.63
828.8 -71.17
829.2 -70.36
829.6 -72.85
830.0 -68.64
830.4 -70.93
830.8 -68.22
831.2 -73.89
831.6 -70.32
832.0 -70.44
832.4 -69.41
832.8 -70.79
833.2 -70.01
833.6 -72.37
834.0 -69.32
834.4 -69.56
834.8 -69.25
835.2 -70.08
835.6 -70.11
836.0 -69.4
836.4 -69.57
836.8 -67.93
837.2 -69.76
837.6 -67.8
838.0 -70.12
838.4 -68.24
838.8 -69.21
839.2 -70.62
839.6 -70.48
840.0 -69.41
840.4 -68.65
840.8 -68.81
841.2 -69.04
841.6 -69.41
842.0 -68.7
842.4 -69.46
842.8 -68.09
843.2 -69.46
843.6 -70.48
844.0 -71.39
844.4 -70.24
844.8 -71.59
845.2 -68.47
845.6 -69.39
846.0 -69.79
846.4 -70.81
846.8 -69.02
847.2 -68.62
847.6 -70.3
848.0 -70.0
848.4 -69.38
848.8 -69.38
849.2 -71.47
849.6 -70.63
850.0 -69.0
850.4 -69.5
850.8 -68.15
851.2 -69.17
851.6 -69.49
852.0 -70.05
852.4 -68.88
852.8 -68.09
853.2 -70.35
853.6 -69.1
854.0 -68.42
854.4 -69.34
854.8 -68.97
855.2 -68.47
855.6 -67.7
856.0 -68.73
856.4 -69.14
856.8 -68.46
857.2 -69.86
857.6 -68.4
858.0 -68.2
858.4 -69.93
858.8 -69.57
859.2 -68.24
859.6 -68.71
860.0 -69.92
860.4 -68.43
860.8 -68.81
861.2 -66.79
861.6 -68.16
862.0 -66.89
862.4 -67.87
862.8 -67.3
863.2 -67.34
863.6 -67.67
864.0 -67.85
864.4 -67.75
864.8 -67.99
865.2 -68.17
865.6 -67.44
866.0 -67.74
866.4 -67.56
866.8 -68.86
867.2 -68.91
867.6 -68.97
868.0 -68.56
868.4 -69.21
868.8 -68.95
869.2 -66.99
869.6 -68.66
870.0 -67.74
870.4 -67.73
870.8 -69.12
871.2 -68.74
871.6 -66.92
872.0 -68.29
872.4 -67.61
872.8 -69.69
873.2 -68.49
873.6 -68.53
874.0 -66.7
874.4 -67.67
874.8 -67.39
875.2 -67.31
875.6 -69.16
876.0 -69.29
876.4 -68.78
876.8 -68.11
877.2 -68.15
877.6 -67.14
878.0 -67.26
878.4 -67.52
878.8 -67.46
879.2 -67.97
879.6 -67.78
880.0 -67.72
880.4 -67.06
880.8 -66.94
881.2 -67.58
881.6 -68.01
882.0 -67.67
882.4 -69.71
882.8 -67.85
883.2 -68.77
883.6 -68.83
884.0 -67.05
884.4 -67.85
884.8 -67.04
885.2 -68.2
885.6 -67.38
886.0 -67.79
886.4 -67.75
886.8 -68.14
887.2 -69.47
887.6 -69.69
888.0 -69.33
888.4 -68.75
888.8 -69.4
889.2 -67.69
889.6 -66.83
890.0 -67.97
890.4 -67.92
890.8 -67.46
891.2 -66.95
891.6 -68.52
892.0 -68.36
892.4 -67.89
892.8 -67.13
893.2 -68.59
893.6 -67.3
894.0 -68.06
894.4 -69.09
894.8 -67.37
895.2 -68.23
895.6 -67.41
896.0 -68.13
896.4 -68.62
896.8 -68.19
897.2 -67.52
897.6 -68.75
898.0 -70.49
898.4 -68.42
898.8 -68.83
899.2 -68.27
899.6 -67.91
900.0 -67.68
900.4 -67.3
900.8 -69.37
901.2 -67.86
901.6 -68.69
902.0 -69.19
902.4 -69.83
902.8 -68.13
903.2 -69.93
903.6 -67.9
904.0 -68.15
904.4 -68.01
904.8 -70.79
905.2 -67.36
905.6 -68.13
906.0 -66.67
906.4 -67.33
906.8 -67.92
907.2 -69.11
907.6 -67.74
908.0 -68.03
908.4 -68.04
908.8 -67.77
909.2 -70.79
909.6 -67.48
910.0 -66.8
910.4 -68.51
910.8 -67.61
911.2 -67.81
911.6 -68.25
912.0 -69.13
912.4 -67.99
912.8 -67.37
913.2 -67.07
913.6 -67.91
914.0 -67.42
914.4 -67.98
914.8 -67.66
915.2 -67.2
915.6 -67.69
916.0 -69.18
916.4 -68.4
916.8 -70.12
917.2 -67.71
917.6 -69.43
918.0 -69.03
918.4 -69.85
918.8 -68.04
919.2 -68.66
919.6 -68.63
920.0 -68.55
920.4 -70.43
920.8 -70.16
921.2 -68.65
921.6 -69.19
922.0 -69.62
922.4 -69.58
922.8 -68.83
923.2 -68.19
923.6 -68.76
924.0 -68.45
924.4 -67.99
924.8 -68.49
925.2 -71.2
925.6 -70.59
926.0 -68.27
926.4 -68.94
926.8 -68.14
927.2 -68.37
927.6 -68.22
928.0 -69.21
928.4 -68.26
928.8 -69.25
929.2 -71.3
929.6 -69.18
930.0 -69.41
930.4 -70.13
930.8 -69.4
931.2 -69.63
931.6 -68.66
932.0 -70.03
932.4 -68.37
932.8 -68.31
933.2 -69.37
933.6 -69.34
934.0 -70.64
934.4 -70.6
934.8 -68.88
935.2 -69.79
935.6 -69.86
936.0 -68.94
936.4 -68.53
936.8 -69.81
937.2 -71.17
937.6 -71.26
938.0 -68.7
938.4 -71.01
938.8 -70.15
939.2 -72.54
939.6 -69.5
940.0 -70.5
940.4 -71.05
940.8 -69.98
941.2 -70.71
941.6 -69.72
942.0 -69.89
942.4 -72.44
942.8 -70.21
943.2 -70.76
943.6 -70.91
944.0 -68.84
944.4 -69.84
944.8 -69.53
945.2 -71.27
945.6 -71.87
946.0 -71.05
946.4 -70.37
946.8 -70.45
947.2 -70.48
947.6 -71.48
948.0 -71.71
948.4 -69.94
948.8 -68.61
949.2 -71.38
949.6 -71.27
950.0 -70.75
950.4 -70.71
950.8 -70.21
951.2 -70.38
951.6 -71.7
952.0 -70.42
952.4 -68.8
952.8 -71.49
953.2 -69.86
953.6 -70.6
954.0 -71.37
954.4 -70.21
954.8 -70.13
955.2 -69.39
955.6 -70.56
956.0 -69.76
956.4 -71.14
956.8 -71.64
957.2 -70.44
957.6 -70.51
958.0 -70.99
958.4 -70.91
958.8 -70.77
959.2 -70.45
959.6 -70.19
960.0 -70.68
960.4 -70.22
960.8 -70.2
961.2 -69.63
961.6 -70.41
962.0 -71.33
962.4 -70.05
962.8 -70.49
963.2 -70.61
963.6 -69.88
964.0 -71.23
964.4 -71.2
964.8 -70.8
965.2 -71.07
965.6 -69.83
966.0 -70.13
966.4 -70.96
966.8 -71.03
967.2 -69.89
967.6 -69.4
968.0 -71.07
968.4 -70.57
968.8 -70.86
969.2 -69.64
969.6 -71.55
970.0 -70.37
970.4 -69.75
970.8 -72.01
971.2 -69.4
971.6 -69.91
972.0 -70.41
972.4 -70.54
972.8 -70.69
973.2 -70.36
973.6 -71.5
974.0 -70.31
974.4 -71.03
974.8 -70.55
975.2 -70.65
975.6 -69.82
976.0 -70.01
976.4 -70.18
976.8 -70.34
977.2 -70.65
977.6 -71.39
978.0 -70.85
978.4 -72.49
978.8 -70.84
979.2 -70.06
979.6 -71.89
980.0 -71.74
980.4 -70.6
980.8 -70.86
981.2 -70.54
981.6 -71.58
982.0 -69.83
982.4 -71.26
982.8 -71.52
983.2 -71.15
983.6 -70.27
984.0 -70.46
984.4 -70.51
984.8 -71.28
985.2 -70.73
985.6 -70.67
986.0 -70.16
986.4 -70.38
986.8 -71.12
987.2 -70.08
987.6 -70.49
988.0 -70.51
988.4 -69.99
988.8 -69.67
989.2 -69.41
989.6 -69.63
990.0 -69.7
990.4 -70.01
990.8 -70.23
991.2 -70.52
991.6 -69.63
992.0 -69.89
992.4 -70.03
992.8 -69.79
993.2 -69.25
993.6 -69.63
994.0 -69.01
994.4 -68.97
994.8 -69.16
995.2 -68.96
995.6 -69.43
996.0 -68.94
996.4 -69.65
996.8 -69.87
997.2 -68.82
997.6 -70.35
998.0 -69.53
998.4 -68.81
998.8 -69.49
999.2 -70.01
999.6 -69.06
1000.0 -69.55
