600.0 -69.66
600.4 -76.37
600.8 -210.0
601.2 -210.0
601.6 -74.69
602.0 -210.0
602.4 -77.3
602.8 -75.86
603.2 -210.0
603.6 -72.9
604.0 -84.4
604.4 -75.38
604.8 -77.46
605.2 -69.69
605.6 -70.35
606.0 -67.9
606.4 -210.0
606.8 -210.0
607.2 -210.0
607.6 -78.6
608.0 -84.66
608.4 -76.22
608.8 -84.71
609.2 -210.0
609.6 -68.84
610.0 -71.77
610.4 -210.0
610.8 -81.82
611.2 -70.53
611.6 -210.0
612.0 -210.0
612.4 -70.15
612.8 -77.96
613.2 -70.34
613.6 -77.21
614.0 -74.22
614.4 -210.0
614.8 -70.92
615.2 -79.06
615.6 -72.55
616.0 -210.0
616.4 -67.45
616.8 -71.2
617.2 -77.42
617.6 -69.54
618.0 -72.95
618.4 -70.96
618.8 -210.0
619.2 -74.19
619.6 -72.34
620.0 -72.14
620.4 -72.61
620.8 -210.0
621.2 -67.12
621.6 -73.42
622.0 -71.35
622.4 -70.89
622.8 -85.55
623.2 -85.57
623.6 -73.29
624.0 -78.63
624.4 -76.61
624.8 -70.48
625.2 -73.14
625.6 -71.74
626.0 -72.32
626.4 -73.21
626.8 -70.35
627.2 -69.0
627.6 -72.42
628.0 -68.46
628.4 -69.27
628.8 -210.0
629.2 -72.13
629.6 -70.78
630.0 -72.19
630.4 -69.3
630.8 -72.08
631.2 -69.27
631.6 -68.63
632.0 -69.61
632.4 -74.71
632.8 -69.22
633.2 -73.23
633.6 -71.34
634.0 -72.48
634.4 -70.52
634.8 -69.72
635.2 -68.59
635.6 -73.62
636.0 -69.71
636.4 -70.34
636.8 -71.44
637.2 -69.62
637.6 -69.15
638.0 -70.15
638.4 -69.8
638.8 -69.16
639.2 -69.43
639.6 -69.72
640.0 -69.41
640.4 -68.92
640.8 -70.69
641.2 -67.26
641.6 -69.98
642.0 -70.1
642.4 -69.32
642.8 -69.84
643.2 -67.73
643.6 -68.31
644.0 -69.03
644.4 -68.75
644.8 -67.98
645.2 -69.72
645.6 -68.11
646.0 -68.35
646.4 -68.68
646.8 -69.65
647.2 -69.06
647.6 -68.91
648.0 -68.01
648.4 -68.52
648.8 -68.5
649.2 -68.07
649.6 -67.39
650.0 -67.49
650.4 -67.16
650.8 -66.79
651.2 -68.65
651.6 -68.7
652.0 -67.63
652.4 -67.64
652.8 -69.31
653.2 -69.37
653.6 -68.56
654.0 -67.31
654.4 -69.32
654.8 -68.11
655.2 -67.97
655.6 -67.7
656.0 -67.84
656.4 -67.93
656.8 -68.32
657.2 -66.31
657.6 -68.04
658.0 -68.23
658.4 -68.54
658.8 -66.79
659.2 -67.69
659.6 -67.56
660.0 -68.15
660.4 -67.7
660.8 -67.48
661.2 -67.44
661.6 -67.28
662.0 -67.01
662.4 -66.69
662.8 -66.98
663.2 -66.33
663.6 -66.94
664.0 -68.15
664.4 -67.36
664.8 -67.2
665.2 -66.36
665.6 -67.78
666.0 -66.66
666.4 -67.36
666.8 -67.05
667.2 -66.62
667.6 -66.76
668.0 -67.16
668.4 -67.28
668.8 -67.61
669.2 -67.4
669.6 -67.24
670.0 -67.23
670.4 -66.86
670.8 -67.68
671.2 -66.57
671.6 -66.71
672.0 -67.13
672.4 -66.49
672.8 -66.16
673.2 -66.69
673.6 -67.74
674.0 -66.28
674.4 -67.39
674.8 -66.63
675.2 -66.67
675.6 -66.56
676.0 -67.17
676.4 -66.83
676.8 -66.97
677.2 -66.97
677.6 -66.44
678.0 -66.21
678.4 -66.33
678.8 -66.73
679.2 -66.13
679.6 -66.1
680.0 -66.76
680.4 -66.38
680.8 -67.99
681.2 -66.27
681.6 -66.2
682.0 -67.6
682.4 -66.84
682.8 -65.7
683.2 -66.34
683.6 -67.49
684.0 -66.46
684.4 -66.06
684.8 -65.76
685.2 -66.38
685.6 -66.87
686.0 -66.61
686.4 -66.68
686.8 -66.81
687.2 -66.56
687.6 -66.52
688.0 -66.06
688.4 -66.54
688.8 -66.91
689.2 -66.04
689.6 -66.53
690.0 -65.87
690.4 -67.23
690.8 -66.44
691.2 -66.83
691.6 -66.94
692.0 -66.32
692.4 -65.83
692.8 -66.85
693.2 -66.07
693.6 -66.72
694.0 -66.0
694.4 -65.99
694.8 -66.18
695.2 -67.0
695.6 -64.95
696.0 -66.61
696.4 -66.22
696.8 -66.6
697.2 -66.78
697.6 -66.38
698.0 -65.75
698.4 -66.76
698.8 -65.65
699.2 -65.92
699.6 -65.98
700.0 -65.75
700.4 -65.87
700.8 -65.25
701.2 -66.08
701.6 -65.47
702.0 -65.94
702.4 -65.53
702.8 -64.69
703.2 -66.05
703.6 -66.25
704.0 -67.33
704.4 -65.62
704.8 -66.23
705.2 -66.36
705.6 -66.33
706.0 -66.5
706.4 -66.67
706.8 -65.56
707.2 -66.59
707.6 -65.96
708.0 -66.93
708.4 -66.04
708.8 -65.97
709.2 -66.67
709.6 -66.63
710.0 -66.26
710.4 -66.05
710.8 -65.53
711.2 -65.81
711.6 -65.8
712.0 -66.13
712.4 -67.14
712.8 -66.96
713.2 -66.09
713.6 -67.72
714.0 -65.81
714.4 -66.24
714.8 -65.64
715.2 -65.48
715.6 -65.22
716.0 -65.51
716.4 -65.41
716.8 -66.83
717.2 -65.97
717.6 -67.78
718.0 -65.99
718.4 -65.83
718.8 -65.72
719.2 -65.53
719.6 -67.32
720.0 -65.91
720.4 -66.29
720.8 -65.8
721.2 -65.39
721.6 -64.81
722.0 -65.38
722.4 -65.56
722.8 -65.74
723.2 -66.12
723.6 -65.59
724.0 -64.94
724.4 -66.55
724.8 -65.6
725.2 -65.89
725.6 -66.17
726.0 -65.78
726.4 -65.95
726.8 -64.77
727.2 -65.84
727.6 -66.11
728.0 -65.86
728.4 -65.93
728.8 -66.2
729.2 -66.13
729.6 -66.5
730.0 -65.27
730.4 -65.45
730.8 -65.32
731.2 -65.8
731.6 -65.51
732.0 -65.99
732.4 -66.71
732.8 -66.06
733.2 -66.35
733.6 -65.55
734.0 -65.58
734.4 -65.7
734.8 -66.04
735.2 -66.34
735.6 -65.47
736.0 -66.18
736.4 -64.58
736.8 -65.95
737.2 -65.71
737.6 -66.27
738.0 -67.33
738.4 -67.48
738.8 -66.33
739.2 -65.93
739.6 -65.86
740.0 -66.52
740.4 -66.94
740.8 -65.89
741.2 -65.67
741.6 -65.48
742.0 -65.81
742.4 -64.29
742.8 -66.3
743.2 -66.23
743.6 -67.54
744.0 -66.61
744.4 -66.91
744.8 -65.21
745.2 -65.89
745.6 -65.61
746.0 -66.4
746.4 -65.03
746.8 -65.29
747.2 -66.51
747.6 -66.01
748.0 -66.2
748.4 -66.84
748.8 -65.69
749.2 -65.46
749.6 -66.0
750.0 -66.87
750.4 -66.25
750.8 -65.28
751.2 -66.13
751.6 -65.59
752.0 -66.67
752.4 -66.5
752.8 -66.58
753.2 -65.25
753.6 -66.78
754.0 -67.65
754.4 -65.52
754.8 -66.01
755.2 -66.59
755.6 -65.35
756.0 -65.63
756.4 -65.5
756.8 -65.62
757.2 -67.2
757.6 -65.48
758.0 -67.55
758.4 -65.25
758.8 -65.44
759.2 -65.87
759.6 -66.37
760.0 -66.2
760.4 -66.05
760.8 -66.6
761.2 -65.47
761.6 -65.96
762.0 -65.92
762.4 -65.21
762.8 -66.06
763.2 -65.83
763.6 -65.87
764.0 -66.16
764.4 -64.91
764.8 -66.65
765.2 -66.11
765.6 -65.78
766.0 -65.88
766.4 -65.66
766.8 -66.33
767.2 -65.38
767.6 -66.42
768.0 -65.61
768.4 -66.8
768.8 -66.65
769.2 -65.49
769.6 -66.0
770.0 -64.71
770.4 -65.59
770.8 -66.64
771.2 -66.92
771.6 -65.73
772.0 -66.72
772.4 -65.72
772.8 -66.05
773.2 -64.99
773.6 -66.13
774.0 -66.12
774.4 -66.08
774.8 -66.0
775.2 -66.2
775.6 -66.24
776.0 -65.25
776.4 -65.99
776.8 -65.22
777.2 -65.03
777.6 -66.84
778.0 -66.43
778.4 -65.95
778.8 -65.09
779.2 -65.34
779.6 -64.96
780.0 -65.2
780.4 -66.05
780.8 -65.94
781.2 -65.3
781.6 -65.1
782.0 -65.67
782.4 -66.91
782.8 -65.42
783.2 -65.88
783.6 -65.62
784.0 -66.32
784.4 -65.69
784.8 -65.65
785.2 -65.94
785.6 -64.92
786.0 -64.83
786.4 -65.82
786.8 -65.71
787.2 -64.62
787.6 -65.53
788.0 -65.64
788.4 -65.28
788.8 -65.09
789.2 -64.99
789.6 -65.59
790.0 -65.21
790.4 -65.62
790.8 -66.32
791.2 -66.06
791.6 -64.94
792.0 -65.68
792.4 -66.39
792.8 -65.67
793.2 -65.15
793.6 -65.39
794.0 -65.21
794.4 -65.02
794.8 -64.51
795.2 -65.45
795.6 -65.54
796.0 -65.37
796.4 -65.72
796.8 -65.07
797.2 -64.3
797.6 -65.43
798.0 -65.32
798.4 -64.71
798.8 -65.02
799.2 -64.99
799.6 -65.78
800.0 -65.51
800.4 -64.05
800.8 -64.42
801.2 -64.99
801.6 -64.77
802.0 -64.86
802.4 -63.86
802.8 -64.55
803.2 -64.81
803.6 -64.66
804.0 -64.26
804.4 -64.36
804.8 -64.64
805.2 -64.62
805.6 -64.06
806.0 -63.32
806.4 -61.27
806.8 -57.9
807.2 -54.31
807.6 -50.44
808.0 -49.13
808.4 -49.98
808.8 -50.62
809.2 -54.65
809.6 -61.29
810.0 -63.22
810.4 -64.39
810.8 -63.99
811.2 -64.79
811.6 -64.74
812.0 -64.18
812.4 -65.06
812.8 -63.78
813.2 -64.18
813.6 -64.29
814.0 -64.37
814.4 -64.85
814.8 -63.86
815.2 -64.52
815.6 -64.16
816.0 -64.62
816.4 -64.89
816.8 -65.01
817.2 -63.81
817.6 -64.65
818.0 -64.2
818.4 -64.83
818.8 -63.91
819.2 -64.36
819.6 -64.26
820.0 -63.56
820.4 -64.5
820.8 -64.6
821.2 -64.29
821.6 -64.07
822.0 -64.77
822.4 -64.79
822.8 -64.56
823.2 -64.3
823.6 -64.31
824.0 -64.88
824.4 -64.52
824.8 -65.11
825.2 -64.95
825.6 -64.94
826.0 -64.63
826.4 -64.94
826.8 -64.96
827.2 -64.28
827.6 -64.18
828.0 -63.61
828.4 -64.78
828.8 -65.01
829.2 -64.66
829.6 -64.77
830.0 -64.96
830.4 -65.21
830.8 -64.66
831.2 -64.49
831.6 -65.18
832.0 -64.81
832.4 -64.55
832.8 -64.0
833.2 -65.16
833.6 -64.5
834.0 -64.93
834.4 -64.34
834.8 -64.37
835.2 -64.04
835.6 -63.63
836.0 -64.12
836.4 -64.75
836.8 -64.55
837.2 -64.28
837.6 -64.27
838.0 -64.77
838.4 -64.58
838.8 -65.16
839.2 -64.47
839.6 -64.69
840.0 -64.81
840.4 -64.84
840.8 -64.6
841.2 -64.55
841.6 -64.86
842.0 -64.64
842.4 -64.72
842.8 -64.67
843.2 -64.87
843.6 -65.25
844.0 -65.42
844.4 -65.08
844.8 -64.75
845.2 -65.49
845.6 -65.16
846.0 -65.49
846.4 -65.49
846.8 -65.57
847.2 -65.38
847.6 -65.08
848.0 -65.2
848.4 -65.06
848.8 -65.56
849.2 -65.5
849.6 -64.96
850.0 -65.0
850.4 -65.22
850.8 -65.37
851.2 -64.83
851.6 -65.04
852.0 -65.73
852.4 -65.51
852.8 -64.84
853.2 -65.69
853.6 -65.69
854.0 -65.54
854.4 -65.73
854.8 -66.3
855.2 -65.54
855.6 -65.81
856.0 -66.42
856.4 -65.92
856.8 -65.48
857.2 -65.77
857.6 -65.8
858.0 -65.88
858.4 -65.76
858.8 -65.73
859.2 -65.87
859.6 -66.05
860.0 -65.53
860.4 -65.98
860.8 -65.68
861.2 -65.39
861.6 -66.33
862.0 -65.67
862.4 -66.85
862.8 -66.2
863.2 -66.26
863.6 -65.49
864.0 -65.65
864.4 -65.32
864.8 -65.99
865.2 -65.01
865.6 -65.78
866.0 -66.74
866.4 -66.25
866.8 -65.94
867.2 -65.9
867.6 -65.7
868.0 -65.06
868.4 -65.8
868.8 -66.1
869.2 -65.12
869.6 -65.65
870.0 -65.45
870.4 -65.44
870.8 -65.15
871.2 -65.07
871.6 -65.87
872.0 -66.31
872.4 -66.14
872.8 -65.66
873.2 -65.97
873.6 -65.44
874.0 -65.99
874.4 -65.86
874.8 -65.42
875.2 -66.07
875.6 -66.03
876.0 -66.92
876.4 -65.19
876.8 -66.13
877.2 -65.81
877.6 -66.46
878.0 -65.99
878.4 -65.54
878.8 -65.36
879.2 -65.16
879.6 -65.46
880.0 -65.86
880.4 -66.49
880.8 -65.48
881.2 -66.25
881.6 -65.15
882.0 -65.65
882.4 -65.64
882.8 -66.17
883.2 -65.98
883.6 -66.41
884.0 -65.88
884.4 -65.39
884.8 -65.91
885.2 -65.75
885.6 -65.72
886.0 -66.23
886.4 -65.84
886.8 -67.21
887.2 -65.37
887.6 -65.9
888.0 -65.8
888.4 -66.72
888.8 -66.12
889.2 -65.9
889.6 -65.77
890.0 -65.92
890.4 -65.76
890.8 -66.43
891.2 -65.15
891.6 -65.18
892.0 -67.84
892.4 -65.6
892.8 -66.48
893.2 -65.41
893.6 -66.14
894.0 -66.15
894.4 -66.05
894.8 -66.19
895.2 -66.5
895.6 -66.87
896.0 -66.73
896.4 -66.2
896.8 -67.39
897.2 -66.82
897.6 -66.21
898.0 -67.27
898.4 -65.84
898.8 -66.4
899.2 -66.51
899.6 -66.27
900.0 -66.45
900.4 -65.61
900.8 -67.27
901.2 -66.76
901.6 -66.14
902.0 -68.06
902.4 -67.55
902.8 -67.35
903.2 -67.32
903.6 -67.44
904.0 -67.81
904.4 -67.59
904.8 -67.18
905.2 -66.99
905.6 -66.52
906.0 -67.37
906.4 -68.1
906.8 -67.69
907.2 -67.27
907.6 -67.0
908.0 -68.44
908.4 -67.5
908.8 -67.51
909.2 -66.85
909.6 -67.65
910.0 -67.8
910.4 -66.47
910.8 -67.79
911.2 -67.18
911.6 -67.32
912.0 -66.67
912.4 -66.79
912.8 -67.49
913.2 -67.93
913.6 -66.7
914.0 -67.11
914.4 -68.77
914.8 -67.0
915.2 -67.93
915.6 -68.41
916.0 -68.84
916.4 -67.18
916.8 -67.95
917.2 -65.8
917.6 -67.65
918.0 -67.27
918.4 -67.98
918.8 -67.83
919.2 -67.47
919.6 -67.69
920.0 -68.7
920.4 -67.94
920.8 -68.0
921.2 -67.23
921.6 -67.36
922.0 -67.97
922.4 -68.03
922.8 -67.92
923.2 -67.43
923.6 -67.1
924.0 -68.1
924.4 -68.47
924.8 -67.19
925.2 -67.94
925.6 -68.75
926.0 -68.36
926.4 -67.4
926.8 -67.71
927.2 -68.15
927.6 -68.99
928.0 -67.58
928.4 -68.01
928.8 -68.11
929.2 -68.72
929.6 -68.43
930.0 -68.45
930.4 -68.93
930.8 -69.9
931.2 -68.78
931.6 -68.66
932.0 -67.74
932.4 -67.87
932.8 -67.82
933.2 -70.88
933.6 -67.26
934.0 -68.49
934.4 -68.35
934.8 -67.85
935.2 -69.32
935.6 -68.45
936.0 -68.85
936.4 -68.18
936.8 -67.74
937.2 -68.88
937.6 -68.18
938.0 -68.09
938.4 -68.68
938.8 -70.15
939.2 -68.48
939.6 -68.87
940.0 -68.22
940.4 -68.08
940.8 -69.11
941.2 -68.34
941.6 -69.53
942.0 -68.84
942.4 -68.48
942.8 -67.6
943.2 -68.65
943.6 -69.41
944.0 -69.0
944.4 -68.95
944.8 -68.97
945.2 -69.04
945.6 -68.32
946.0 -69.55
946.4 -69.96
946.8 -68.32
947.2 -68.15
947.6 -69.93
948.0 -68.39
948.4 -69.07
948.8 -68.68
949.2 -68.21
949.6 -69.14
950.0 -67.44
950.4 -69.9
950.8 -69.32
951.2 -68.21
951.6 -68.94
952.0 -68.51
952.4 -68.84
952.8 -68.58
953.2 -69.13
953.6 -68.21
954.0 -68.06
954.4 -68.2
954.8 -68.76
955.2 -68.07
955.6 -68.63
956.0 -69.47
956.4 -69.01
956.8 -67.76
957.2 -68.28
957.6 -68.05
958.0 -68.72
958.4 -68.71
958.8 -69.38
959.2 -67.81
959.6 -67.8
960.0 -69.41
960.4 -68.55
960.8 -68.69
961.2 -69.37
961.6 -68.28
962.0 -67.97
962.4 -68.63
962.8 -67.6
963.2 -67.92
963.6 -68.3
964.0 -68.06
964.4 -67.76
964.8 -68.25
965.2 -67.44
965.6 -67.36
966.0 -67.67
966.4 -68.21
966.8 -68.56
967.2 -68.57
967.6 -67.71
968.0 -68.37
968.4 -68.01
968.8 -67.92
969.2 -67.91
969.6 -68.09
970.0 -68.22
970.4 -68.72
970.8 -68.82
971.2 -68.72
971.6 -68.85
972.0 -69.24
972.4 -67.8
972.8 -68.67
973.2 -69.31
973.6 -68.62
974.0 -67.53
974.4 -67.95
974.8 -67.91
975.2 -68.74
975.6 -68.44
976.0 -68.15
976.4 -68.44
976.8 -67.9
977.2 -69.31
977.6 -68.36
978.0 -68.85
978.4 -68.19
978.8 -68.63
979.2 -68.18
979.6 -68.56
980.0 -68.23
980.4 -68.2
980.8 -67.83
981.2 -68.64
981.6 -68.52
982.0 -68.15
982.4 -68.05
982.8 -67.15
983.2 -67.77
983.6 -67.74
984.0 -67.27
984.4 -68.31
984.8 -67.65
985.2 -67.6
985.6 -67.82
986.0 -67.06
986.4 -67.6
986.8 -67.31
987.2 -66.54
987.6 -66.62
988.0 -66.45
988.4 -66.49
988.8 -66.82
989.2 -66.25
989.6 -66.36
990.0 -66.32
990.4 -66.3
990.8 -66.38
991.2 -66.24
991.6 -66.67
992.0 -66.27
992.4 -66.75
992.8 -66.3
993.2 -65.89
993.6 -65.87
994.0 -66.43
994.4 -66.57
994.8 -66.02
995.2 -66.36
995.6 -66.42
996.0 -66.31
996.4 -65.65
996.8 -65.97
997.2 -65.48
997.6 -65.85
998.0 -65.96
998.4 -65.73
998.8 -65.47
999.2 -65.98
999.6 -65.48
1000.0 -65.73
