600.0 -75.1
600.4 -210.0
600.8 -210.0
601.2 -68.89
601.6 -81.23
602.0 -210.0
602.4 -210.0
602.8 -210.0
603.2 -75.88
603.6 -79.59
604.0 -210.0
604.4 -78.39
604.8 -210.0
605.2 -69.69
605.6 -69.58
606.0 -210.0
606.4 -210.0
606.8 -76.12
607.2 -210.0
607.6 -74.63
608.0 -76.2
608.4 -72.37
608.8 -70.39
609.2 -70.75
609.6 -84.76
610.0 -210.0
610.4 -81.8
610.8 -210.0
611.2 -210.0
611.6 -210.0
612.0 -80.12
612.4 -69.74
612.8 -75.4
613.2 -71.74
613.6 -75.0
614.0 -76.56
614.4 -72.73
614.8 -210.0
615.2 -210.0
615.6 -77.32
616.0 -67.07
616.4 -76.12
616.8 -74.38
617.2 -76.17
617.6 -79.2
618.0 -74.46
618.4 -78.29
618.8 -70.67
619.2 -70.27
619.6 -73.88
620.0 -73.6
620.4 -79.37
620.8 -74.62
621.2 -80.67
621.6 -70.41
622.0 -210.0
622.4 -69.28
622.8 -76.0
623.2 -70.65
623.6 -70.28
624.0 -69.82
624.4 -73.88
624.8 -70.48
625.2 -79.67
625.6 -70.94
626.0 -71.6
626.4 -68.52
626.8 -70.74
627.2 -70.63
627.6 -75.05
628.0 -71.09
628.4 -72.47
628.8 -74.45
629.2 -210.0
629.6 -69.63
630.0 -73.95
630.4 -71.25
630.8 -71.28
631.2 -70.17
631.6 -70.2
632.0 -71.52
632.4 -72.03
632.8 -70.64
633.2 -72.62
633.6 -69.35
634.0 -76.29
634.4 -72.7
634.8 -69.91
635.2 -72.95
635.6 -71.09
636.0 -69.62
636.4 -70.03
636.8 -71.58
637.2 -86.53
637.6 -72.08
638.0 -72.11
638.4 -69.8
638.8 -72.67
639.2 -71.11
639.6 -69.38
640.0 -68.81
640.4 -70.65
640.8 -68.24
641.2 -69.21
641.6 -73.08
642.0 -71.0
642.4 -69.32
642.8 -69.21
643.2 -71.23
643.6 -69.99
644.0 -68.17
644.4 -67.64
644.8 -68.37
645.2 -68.51
645.6 -69.12
646.0 -67.59
646.4 -69.53
646.8 -70.37
647.2 -67.99
647.6 -69.04
648.0 -67.91
648.4 -69.5
648.8 -69.15
649.2 -68.43
649.6 -70.36
650.0 -68.37
650.4 -68.86
650.8 -67.93
651.2 -69.5
651.6 -68.49
652.0 -69.11
652.4 -68.19
652.8 -67.86
653.2 -69.31
653.6 -69.19
654.0 -70.01
654.4 -68.06
654.8 -69.59
655.2 -69.02
655.6 -68.68
656.0 -67.67
656.4 -67.8
656.8 -69.34
657.2 -69.1
657.6 -67.85
658.0 -68.18
658.4 -68.81
658.8 -69.62
659.2 -68.0
659.6 -68.93
660.0 -67.44
660.4 -67.09
660.8 -67.74
661.2 -67.44
661.6 -67.01
662.0 -67.7
662.4 -68.61
662.8 -67.48
663.2 -67.05
663.6 -68.4
664.0 -67.44
664.4 -67.2
664.8 -66.8
665.2 -67.61
665.6 -67.13
666.0 -67.24
666.4 -67.2
666.8 -67.32
667.2 -66.69
667.6 -67.44
668.0 -66.8
668.4 -66.98
668.8 -67.78
669.2 -68.11
669.6 -68.25
670.0 -68.14
670.4 -66.75
670.8 -67.76
671.2 -67.3
671.6 -68.23
672.0 -67.17
672.4 -67.06
672.8 -67.44
673.2 -67.53
673.6 -66.48
674.0 -66.93
674.4 -67.6
674.8 -68.39
675.2 -67.18
675.6 -66.08
676.0 -66.94
676.4 -67.13
676.8 -66.9
677.2 -66.72
677.6 -66.93
678.0 -67.15
678.4 -67.23
678.8 -66.77
679.2 -66.73
679.6 -66.56
680.0 -66.41
680.4 -66.22
680.8 -66.44
681.2 -67.8
681.6 -66.36
682.0 -67.1
682.4 -67.69
682.8 -67.5
683.2 -66.58
683.6 -66.01
684.0 -66.3
684.4 -66.59
684.8 -68.44
685.2 -66.44
685.6 -66.76
686.0 -66.4
686.4 -66.11
686.8 -66.56
687.2 -66.49
687.6 -66.92
688.0 -66.06
688.4 -66.54
688.8 -66.61
689.2 -66.07
689.6 -65.82
690.0 -65.72
690.4 -65.71
690.8 -67.23
691.2 -67.06
691.6 -67.1
692.0 -66.46
692.4 -65.86
692.8 -66.55
693.2 -65.67
693.6 -66.01
694.0 -66.29
694.4 -65.13
694.8 -66.59
695.2 -66.41
695.6 -67.04
696.0 -65.69
696.4 -65.83
696.8 -65.99
697.2 -66.34
697.6 -67.22
698.0 -66.1
698.4 -66.09
698.8 -66.15
699.2 -65.89
699.6 -65.64
700.0 -66.62
700.4 -66.54
700.8 -66.92
701.2 -66.11
701.6 -65.41
702.0 -66.82
702.4 -67.01
702.8 -65.59
703.2 -65.98
703.6 -66.18
704.0 -67.08
704.4 -67.11
704.8 -66.03
705.2 -65.61
705.6 -66.12
706.0 -65.48
706.4 -66.95
706.8 -66.49
707.2 -66.44
707.6 -64.59
708.0 -65.6
708.4 -65.81
708.8 -66.61
709.2 -65.4
709.6 -66.3
710.0 -66.47
710.4 -65.57
710.8 -66.35
711.2 -65.53
711.6 -65.49
712.0 -65.83
712.4 -65.23
712.8 -65.92
713.2 -66.09
713.6 -65.59
714.0 -65.05
714.4 -65.23
714.8 -65.34
715.2 -65.42
715.6 -65.89
716.0 -65.54
716.4 -66.15
716.8 -65.62
717.2 -65.68
717.6 -64.82
718.0 -65.45
718.4 -64.84
718.8 -65.29
719.2 -65.72
719.6 -66.02
720.0 -66.92
720.4 -66.59
720.8 -65.7
721.2 -65.76
721.6 -66.58
722.0 -64.67
722.4 -66.16
722.8 -65.31
723.2 -65.55
723.6 -65.98
724.0 -66.0
724.4 -65.36
724.8 -66.17
725.2 -65.09
725.6 -65.6
726.0 -65.34
726.4 -65.31
726.8 -66.44
727.2 -67.68
727.6 -65.58
728.0 -67.38
728.4 -65.69
728.8 -65.49
729.2 -65.82
729.6 -66.06
730.0 -65.84
730.4 -66.34
730.8 -66.04
731.2 -65.51
731.6 -66.22
732.0 -65.56
732.4 -65.37
732.8 -65.85
733.2 -66.05
733.6 -65.24
734.0 -65.15
734.4 -65.8
734.8 -65.0
735.2 -65.77
735.6 -66.1
736.0 -65.5
736.4 -66.72
736.8 -65.75
737.2 -65.75
737.6 -65.03
738.0 -65.29
738.4 -64.67
738.8 -66.0
739.2 -66.07
739.6 -65.86
740.0 -66.48
740.4 -66.29
740.8 -66.6
741.2 -66.43
741.6 -65.45
742.0 -65.64
742.4 -66.31
742.8 -66.12
743.2 -65.31
743.6 -66.01
744.0 -64.95
744.4 -65.06
744.8 -66.7
745.2 -66.11
745.6 -65.81
746.0 -66.44
746.4 -64.75
746.8 -66.25
747.2 -65.8
747.6 -65.34
748.0 -67.56
748.4 -65.24
748.8 -66.26
749.2 -66.15
749.6 -65.46
750.0 -65.65
750.4 -65.36
750.8 -66.52
751.2 -64.96
751.6 -65.83
752.0 -65.39
752.4 -66.15
752.8 -65.99
753.2 -66.45
753.6 -66.44
754.0 -66.13
754.4 -65.97
754.8 -66.04
755.2 -65.89
755.6 -64.98
756.0 -64.83
756.4 -65.12
756.8 -65.27
757.2 -67.3
757.6 -66.0
758.0 -66.0
758.4 -65.99
758.8 -65.67
759.2 -66.89
759.6 -65.8
760.0 -66.88
760.4 -66.16
760.8 -65.18
761.2 -66.48
761.6 -65.75
762.0 -66.1
762.4 -66.22
762.8 -65.55
763.2 -65.59
763.6 -64.81
764.0 -65.72
764.4 -64.88
764.8 -66.52
765.2 -66.56
765.6 -66.0
766.0 -65.91
766.4 -65.84
766.8 -65.98
767.2 -65.12
767.6 -66.21
768.0 -64.93
768.4 -64.84
768.8 -65.96
769.2 -65.14
769.6 -65.67
770.0 -65.55
770.4 -66.3
770.8 -65.42
771.2 -65.22
771.6 -65.59
772.0 -66.13
772.4 -66.5
772.8 -66.38
773.2 -65.68
773.6 -66.25
774.0 -66.12
774.4 -66.95
774.8 -66.2
775.2 -66.2
775.6 -65.85
776.0 -65.22
776.4 -65.84
776.8 -65.29
777.2 -66.19
777.6 -65.56
778.0 -66.26
778.4 -65.83
778.8 -65.83
779.2 -65.21
779.6 -64.84
780.0 -65.94
780.4 -65.71
780.8 -65.64
781.2 -66.01
781.6 -66.5
782.0 -65.7
782.4 -65.56
782.8 -64.97
783.2 -64.93
783.6 -66.4
784.0 -65.31
784.4 -66.94
784.8 -65.01
785.2 -65.11
785.6 -65.44
786.0 -65.68
786.4 -64.94
786.8 -65.43
787.2 -64.76
787.6 -65.16
788.0 -65.16
788.4 -65.52
788.8 -64.84
789.2 -65.32
789.6 -64.84
790.0 -64.89
790.4 -66.03
790.8 -65.11
791.2 -65.87
791.6 -65.01
792.0 -65.79
792.4 -65.23
792.8 -65.93
793.2 -65.86
793.6 -65.22
794.0 -65.7
794.4 -65.18
794.8 -64.74
795.2 -64.63
795.6 -65.07
796.0 -65.4
796.4 -64.62
796.8 -65.33
797.2 -64.72
797.6 -65.26
798.0 -64.14
798.4 -65.18
798.8 -64.99
799.2 -65.35
799.6 -64.08
800.0 -65.81
800.4 -65.07
800.8 -64.56
801.2 -65.08
801.6 -64.68
802.0 -64.37
802.4 -65.78
802.8 -65.71
803.2 -64.63
803.6 -64.55
804.0 -64.56
804.4 -64.34
804.8 -64.56
805.2 -63.62
805.6 -63.91
806.0 -63.28
806.4 -61.18
806.8 -57.63
807.2 -53.96
807.6 -50.02
808.0 -48.82
808.4 -49.77
808.8 -50.2
809.2 -54.13
809.6 -61.83
810.0 -63.46
810.4 -64.05
810.8 -64.08
811.2 -64.08
811.6 -64.57
812.0 -64.5
812.4 -65.21
812.8 -64.29
813.2 -63.9
813.6 -64.81
814.0 -64.64
814.4 -64.57
814.8 -64.08
815.2 -63.61
815.6 -63.78
816.0 -64.3
816.4 -65.29
816.8 -64.78
817.2 -63.9
817.6 -64.28
818.0 -64.68
818.4 -64.86
818.8 -64.84
819.2 -63.99
819.6 -64.71
820.0 -64.36
820.4 -64.97
820.8 -65.02
821.2 -64.05
821.6 -64.65
822.0 -64.13
822.4 -63.87
822.8 -64.18
823.2 -63.92
823.6 -64.29
824.0 -64.88
824.4 -63.79
824.8 -64.41
825.2 -63.93
825.6 -64.13
826.0 -63.82
826.4 -64.7
826.8 -63.78
827.2 -64.97
827.6 -64.25
828.0 -64.17
828.4 -63.36
828.8 -63.62
829.2 -64.18
829.6 -64.07
830.0 -63.66
830.4 -64.22
830.8 -64.32
831.2 -64.35
831.6 -63.83
832.0 -64.09
832.4 -63.54
832.8 -64.0
833.2 -63.91
833.6 -63.98
834.0 -63.62
834.4 -63.65
834.8 -64.43
835.2 -63.16
835.6 -63.63
836.0 -63.52
836.4 -64.21
836.8 -64.11
837.2 -63.57
837.6 -63.77
838.0 -63.31
838.4 -63.82
838.8 -63.69
839.2 -63.82
839.6 -63.4
840.0 -64.16
840.4 -63.79
840.8 -63.77
841.2 -63.44
841.6 -63.84
842.0 -63.97
842.4 -63.83
842.8 -63.59
843.2 -63.69
843.6 -63.63
844.0 -63.69
844.4 -63.33
844.8 -63.34
845.2 -63.93
845.6 -63.79
846.0 -63.52
846.4 -63.39
846.8 -64.12
847.2 -63.8
847.6 -63.71
848.0 -63.51
848.4 -63.2
848.8 -63.39
849.2 -63.61
849.6 -63.92
850.0 -63.35
850.4 -63.61
850.8 -63.6
851.2 -62.99
851.6 -63.71
852.0 -63.85
852.4 -63.11
852.8 -63.39
853.2 -63.17
853.6 -63.95
854.0 -63.76
854.4 -63.74
854.8 -63.65
855.2 -63.57
855.6 -63.12
856.0 -63.03
856.4 -63.36
856.8 -63.11
857.2 -63.77
857.6 -63.84
858.0 -63.51
858.4 -63.32
858.8 -63.69
859.2 -63.62
859.6 -63.42
860.0 -63.88
860.4 -63.03
860.8 -63.89
861.2 -63.37
861.6 -63.24
862.0 -63.32
862.4 -63.44
862.8 -63.74
863.2 -63.55
863.6 -63.32
864.0 -62.9
864.4 -63.67
864.8 -63.58
865.2 -63.28
865.6 -63.6
866.0 -63.42
866.4 -63.41
866.8 -62.99
867.2 -63.65
867.6 -63.22
868.0 -63.59
868.4 -63.32
868.8 -62.92
869.2 -63.98
869.6 -63.33
870.0 -62.94
870.4 -63.03
870.8 -63.67
871.2 -63.1
871.6 -63.4
872.0 -63.65
872.4 -63.58
872.8 -63.02
873.2 -63.42
873.6 -63.26
874.0 -63.22
874.4 -63.33
874.8 -63.4
875.2 -63.32
875.6 -62.91
876.0 -63.18
876.4 -63.28
876.8 -63.06
877.2 -63.35
877.6 -63.25
878.0 -63.27
878.4 -63.29
878.8 -62.97
879.2 -62.58
879.6 -63.17
880.0 -62.88
880.4 -63.16
880.8 -62.78
881.2 -62.85
881.6 -63.43
882.0 -63.14
882.4 -63.31
882.8 -62.94
883.2 -63.08
883.6 -63.38
884.0 -63.45
884.4 -62.6
884.8 -63.25
885.2 -62.77
885.6 -62.77
886.0 -63.24
886.4 -62.99
886.8 -62.96
887.2 -63.11
887.6 -63.35
888.0 -63.75
888.4 -63.18
888.8 -63.33
889.2 -63.36
889.6 -62.95
890.0 -63.1
890.4 -62.99
890.8 -63.38
891.2 -62.73
891.6 -62.76
892.0 -63.27
892.4 -63.32
892.8 -62.97
893.2 -63.38
893.6 -63.05
894.0 -62.67
894.4 -63.31
894.8 -63.46
895.2 -62.99
895.6 -62.91
896.0 -62.86
896.4 -63.09
896.8 -63.12
897.2 -63.75
897.6 -63.22
898.0 -63.03
898.4 -63.25
898.8 -63.5
899.2 -63.51
899.6 -63.12
900.0 -63.07
900.4 -63.14
900.8 -63.35
901.2 -62.84
901.6 -63.1
902.0 -63.62
902.4 -62.67
902.8 -63.18
903.2 -62.94
903.6 -63.39
904.0 -62.92
904.4 -63.21
904.8 -63.07
905.2 -63.08
905.6 -62.51
906.0 -63.35
906.4 -63.14
906.8 -63.11
907.2 -62.82
907.6 -63.0
908.0 -63.0
908.4 -63.16
908.8 -62.71
909.2 -63.68
909.6 -62.86
910.0 -63.41
910.4 -62.73
910.8 -62.52
911.2 -63.02
911.6 -63.09
912.0 -62.99
912.4 -62.94
912.8 -62.59
913.2 -62.86
913.6 -62.7
914.0 -63.17
914.4 -62.88
914.8 -63.03
915.2 -62.97
915.6 -62.9
916.0 -62.66
916.4 -62.8
916.8 -63.03
917.2 -63.05
917.6 -62.68
918.0 -62.5
918.4 -62.52
918.8 -62.81
919.2 -62.9
919.6 -62.93
920.0 -62.57
920.4 -62.85
920.8 -62.37
921.2 -62.81
921.6 -62.84
922.0 -62.52
922.4 -63.05
922.8 -62.62
923.2 -62.57
923.6 -62.81
924.0 -62.7
924.4 -62.69
924.8 -62.55
925.2 -62.55
925.6 -62.89
926.0 -62.59
926.4 -62.29
926.8 -62.56
927.2 -62.86
927.6 -62.7
928.0 -62.45
928.4 -62.7
928.8 -62.5
929.2 -62.41
929.6 -62.17
930.0 -62.52
930.4 -62.41
930.8 -62.67
931.2 -62.76
931.6 -62.72
932.0 -62.66
932.4 -62.91
932.8 -62.51
933.2 -62.71
933.6 -62.54
934.0 -62.37
934.4 -62.69
934.8 -62.66
935.2 -62.72
935.6 -62.6
936.0 -62.5
936.4 -62.53
936.8 -62.63
937.2 -62.81
937.6 -62.74
938.0 -62.49
938.4 -62.4
938.8 -62.37
939.2 -63.04
939.6 -62.28
940.0 -62.41
940.4 -62.64
940.8 -62.21
941.2 -62.35
941.6 -62.61
942.0 -62.22
942.4 -62.47
942.8 -62.68
943.2 -62.11
943.6 -62.4
944.0 -62.27
944.4 -62.35
944.8 -62.32
945.2 -62.43
945.6 -62.2
946.0 -62.26
946.4 -62.38
946.8 -62.1
947.2 -62.54
947.6 -62.56
948.0 -62.29
948.4 -62.54
948.8 -62.52
949.2 -62.63
949.6 -62.6
950.0 -62.47
950.4 -62.56
950.8 -62.48
951.2 -62.36
951.6 -62.71
952.0 -62.66
952.4 -62.31
952.8 -62.46
953.2 -62.5
953.6 -62.49
954.0 -62.62
954.4 -62.72
954.8 -62.53
955.2 -63.04
955.6 -62.76
956.0 -62.61
956.4 -62.51
956.8 -62.34
957.2 -62.53
957.6 -62.65
958.0 -62.54
958.4 -62.31
958.8 -62.5
959.2 -62.18
959.6 -62.36
960.0 -62.41
960.4 -62.25
960.8 -62.11
961.2 -61.95
961.6 -62.24
962.0 -62.05
962.4 -62.26
962.8 -62.12
963.2 -62.22
963.6 -62.19
964.0 -62.14
964.4 -61.97
964.8 -61.91
965.2 -61.93
965.6 -61.91
966.0 -61.88
966.4 -62.11
966.8 -62.01
967.2 -62.15
967.6 -62.11
968.0 -61.99
968.4 -62.08
968.8 -62.32
969.2 -62.19
969.6 -62.39
970.0 -62.35
970.4 -62.32
970.8 -62.29
971.2 -62.43
971.6 -61.98
972.0 -62.26
972.4 -62.25
972.8 -62.31
973.2 -62.38
973.6 -62.36
974.0 -62.35
974.4 -62.28
974.8 -62.11
975.2 -62.44
975.6 -62.53
976.0 -62.48
976.4 -62.71
976.8 -62.51
977.2 -62.64
977.6 -62.53
978.0 -62.54
978.4 -62.48
978.8 -62.5
979.2 -62.48
979.6 -62.72
980.0 -62.81
980.4 -62.47
980.8 -62.66
981.2 -62.77
981.6 -62.41
982.0 -62.51
982.4 -62.45
982.8 -62.26
983.2 -62.38
983.6 -62.3
984.0 -62.05
984.4 -62.05
984.8 -62.14
985.2 -62.19
985.6 -62.05
986.0 -61.97
986.4 -62.03
986.8 -61.77
987.2 -62.06
987.6 -61.84
988.0 -61.71
988.4 -61.68
988.8 -61.7
989.2 -61.77
989.6 -61.61
990.0 -61.51
990.4 -61.65
990.8 -61.42
991.2 -61.42
991.6 -61.48
992.0 -61.55
992.4 -61.28
992.8 -61.19
993.2 -61.32
993.6 -61.11
994.0 -61.2
994.4 -61.28
994.8 -61.09
995.2 -61.06
995.6 -61.34
996.0 -61.08
996.4 -61.27
996.8 -61.28
997.2 -61.09
997.6 -61.18
998.0 -61.05
998.4 -61.08
998.8 -61.13
999.2 -61.13
999.6 -61.11
1000.0 -61.17
