600.0 -72.67
600.4 -76.37
600.8 -210.0
601.2 -71.42
601.6 -74.24
602.0 -210.0
602.4 -210.0
602.8 -210.0
603.2 -210.0
603.6 -77.38
604.0 -76.61
604.4 -76.63
604.8 -210.0
605.2 -210.0
605.6 -210.0
606.0 -76.74
606.4 -81.54
606.8 -76.12
607.2 -73.8
607.6 -210.0
608.0 -210.0
608.4 -210.0
608.8 -210.0
609.2 -210.0
609.6 -69.19
610.0 -210.0
610.4 -77.02
610.8 -210.0
611.2 -73.38
611.6 -210.0
612.0 -210.0
612.4 -72.37
612.8 -210.0
613.2 -210.0
613.6 -210.0
614.0 -210.0
614.4 -71.61
614.8 -73.02
615.2 -69.29
615.6 -76.65
616.0 -210.0
616.4 -79.13
616.8 -85.18
617.2 -210.0
617.6 -72.92
618.0 -210.0
618.4 -72.49
618.8 -210.0
619.2 -79.3
619.6 -210.0
620.0 -210.0
620.4 -70.62
620.8 -76.96
621.2 -210.0
621.6 -75.47
622.0 -80.72
622.4 -74.05
622.8 -73.24
623.2 -71.76
623.6 -82.59
624.0 -72.61
624.4 -210.0
624.8 -74.87
625.2 -72.69
625.6 -210.0
626.0 -80.97
626.4 -210.0
626.8 -210.0
627.2 -210.0
627.6 -210.0
628.0 -210.0
628.4 -210.0
628.8 -70.35
629.2 -210.0
629.6 -210.0
630.0 -210.0
630.4 -80.0
630.8 -80.03
631.2 -83.08
631.6 -78.33
632.0 -210.0
632.4 -77.72
632.8 -74.74
633.2 -78.45
633.6 -72.64
634.0 -72.31
634.4 -74.27
634.8 -78.56
635.2 -73.37
635.6 -210.0
636.0 -210.0
636.4 -76.47
636.8 -73.49
637.2 -74.22
637.6 -74.51
638.0 -210.0
638.4 -210.0
638.8 -75.85
639.2 -210.0
639.6 -210.0
640.0 -71.55
640.4 -210.0
640.8 -78.36
641.2 -75.08
641.6 -75.42
642.0 -75.45
642.4 -72.81
642.8 -72.68
643.2 -82.25
643.6 -76.27
644.0 -73.12
644.4 -74.58
644.8 -76.76
645.2 -210.0
645.6 -210.0
646.0 -210.0
646.4 -210.0
646.8 -84.35
647.2 -76.97
647.6 -77.88
648.0 -210.0
648.4 -75.19
648.8 -81.51
649.2 -210.0
649.6 -210.0
650.0 -73.14
650.4 -210.0
650.8 -74.83
651.2 -210.0
651.6 -84.62
652.0 -210.0
652.4 -210.0
652.8 -70.82
653.2 -210.0
653.6 -73.17
654.0 -210.0
654.4 -210.0
654.8 -78.62
655.2 -210.0
655.6 -74.04
656.0 -76.87
656.4 -72.1
656.8 -72.22
657.2 -71.88
657.6 -81.65
658.0 -74.45
658.4 -72.11
658.8 -79.9
659.2 -81.66
659.6 -210.0
660.0 -84.69
660.4 -210.0
660.8 -210.0
661.2 -74.69
661.6 -210.0
662.0 -81.67
662.4 -69.77
662.8 -73.38
663.2 -76.23
663.6 -73.89
664.0 -79.24
664.4 -75.65
664.8 -210.0
665.2 -73.22
665.6 -74.69
666.0 -79.24
666.4 -75.39
666.8 -76.23
667.2 -78.15
667.6 -72.64
668.0 -79.24
668.4 -73.72
668.8 -74.69
669.2 -210.0
669.6 -74.47
670.0 -79.23
670.4 -79.9
670.8 -82.9
671.2 -81.65
671.6 -76.21
672.0 -76.2
672.4 -81.64
672.8 -73.68
673.2 -73.85
673.6 -76.19
674.0 -72.87
674.4 -210.0
674.8 -76.84
675.2 -76.84
675.6 -81.61
676.0 -77.63
676.4 -73.31
676.8 -210.0
677.2 -75.57
677.6 -73.3
678.0 -78.06
678.4 -76.14
678.8 -210.0
679.2 -81.57
679.6 -79.81
680.0 -82.81
680.4 -210.0
680.8 -78.54
681.2 -73.96
681.6 -84.56
682.0 -81.53
682.4 -84.55
682.8 -74.54
683.2 -71.75
683.6 -70.91
684.0 -72.22
684.4 -74.74
684.8 -70.62
685.2 -70.98
685.6 -210.0
686.0 -210.0
686.4 -77.09
686.8 -77.5
687.2 -72.05
687.6 -69.36
688.0 -72.86
688.4 -72.85
688.8 -74.47
689.2 -73.85
689.6 -74.68
690.0 -74.45
690.4 -84.44
690.8 -210.0
691.2 -210.0
691.6 -79.65
692.0 -76.29
692.4 -72.79
692.8 -74.19
693.2 -84.4
693.6 -71.96
694.0 -72.92
694.4 -80.4
694.8 -75.62
695.2 -210.0
695.6 -210.0
696.0 -72.45
696.4 -210.0
696.8 -75.31
697.2 -78.89
697.6 -74.12
698.0 -210.0
698.4 -69.84
698.8 -70.99
699.2 -82.54
699.6 -73.34
700.0 -70.15
700.4 -71.98
700.8 -210.0
701.2 -72.37
701.6 -76.15
702.0 -73.3
702.4 -75.22
702.8 -72.35
703.2 -210.0
703.6 -71.46
704.0 -71.8
704.4 -72.32
704.8 -71.67
705.2 -70.99
705.6 -81.2
706.0 -72.59
706.4 -71.76
706.8 -72.58
707.2 -72.28
707.6 -72.57
708.0 -77.64
708.4 -72.4
708.8 -73.2
709.2 -71.14
709.6 -71.85
710.0 -76.36
710.4 -79.37
710.8 -210.0
711.2 -72.67
711.6 -72.51
712.0 -70.51
712.4 -72.82
712.8 -75.66
713.2 -210.0
713.6 -210.0
714.0 -72.8
714.4 -73.88
714.8 -73.49
715.2 -73.87
715.6 -70.28
716.0 -74.79
716.4 -74.08
716.8 -73.28
717.2 -72.6
717.6 -210.0
718.0 -72.92
718.4 -74.76
718.8 -73.44
719.2 -72.91
719.6 -210.0
720.0 -71.73
720.4 -71.02
720.8 -210.0
721.2 -77.04
721.6 -72.56
722.0 -72.4
722.4 -70.79
722.8 -72.87
723.2 -74.23
723.6 -76.6
724.0 -210.0
724.4 -72.23
724.8 -74.44
725.2 -73.57
725.6 -73.38
726.0 -76.57
726.4 -71.19
726.8 -73.0
727.2 -71.66
727.6 -72.2
728.0 -77.93
728.4 -78.51
728.8 -77.41
729.2 -72.33
729.6 -82.18
730.0 -68.88
730.4 -70.61
730.8 -71.37
731.2 -70.5
731.6 -79.95
732.0 -69.77
732.4 -76.93
732.8 -71.36
733.2 -72.6
733.6 -71.6
734.0 -71.0
734.4 -69.42
734.8 -73.29
735.2 -76.11
735.6 -74.85
736.0 -73.28
736.4 -71.7
736.8 -70.07
737.2 -69.73
737.6 -80.85
738.0 -71.08
738.4 -72.1
738.8 -70.63
739.2 -210.0
739.6 -73.64
740.0 -210.0
740.4 -210.0
740.8 -79.07
741.2 -70.82
741.6 -79.86
742.0 -86.85
742.4 -79.06
742.8 -71.39
743.2 -73.41
743.6 -70.5
744.0 -70.8
744.4 -75.69
744.8 -71.91
745.2 -72.05
745.6 -72.34
746.0 -73.2
746.4 -69.11
746.8 -210.0
747.2 -210.0
747.6 -210.0
748.0 -76.01
748.4 -73.79
748.8 -74.24
749.2 -72.65
749.6 -73.18
750.0 -77.24
750.4 -72.31
750.8 -71.46
751.2 -210.0
751.6 -75.0
752.0 -70.84
752.4 -74.71
752.8 -72.27
753.2 -71.56
753.6 -74.69
754.0 -70.11
754.4 -71.04
754.8 -70.1
755.2 -69.23
755.6 -70.59
756.0 -77.67
756.4 -70.68
756.8 -210.0
757.2 -75.56
757.6 -79.7
758.0 -71.91
758.4 -70.55
758.8 -81.9
759.2 -72.35
759.6 -73.05
760.0 -76.24
760.4 -71.47
760.8 -70.41
761.2 -71.08
761.6 -73.64
762.0 -70.01
762.4 -78.85
762.8 -71.18
763.2 -75.49
763.6 -86.63
764.0 -78.83
764.4 -77.07
764.8 -72.46
765.2 -70.48
765.6 -79.62
766.0 -73.17
766.4 -71.82
766.8 -72.11
767.2 -68.26
767.6 -83.58
768.0 -78.12
768.4 -72.26
768.8 -75.77
769.2 -72.76
769.6 -69.66
770.0 -72.08
770.4 -70.76
770.8 -72.41
771.2 -72.24
771.6 -74.51
772.0 -69.39
772.4 -69.47
772.8 -74.5
773.2 -74.5
773.6 -71.63
774.0 -73.11
774.4 -74.23
774.8 -210.0
775.2 -72.06
775.6 -68.75
776.0 -70.5
776.4 -86.53
776.8 -72.21
777.2 -72.05
777.6 -73.97
778.0 -72.9
778.4 -75.38
778.8 -76.52
779.2 -70.18
779.6 -70.08
780.0 -73.5
780.4 -70.94
780.8 -69.1
781.2 -71.06
781.6 -70.58
782.0 -73.71
782.4 -70.7
782.8 -71.31
783.2 -72.01
783.6 -70.8
784.0 -72.68
784.4 -76.07
784.8 -83.47
785.2 -78.69
785.6 -73.05
786.0 -72.5
786.4 -71.84
786.8 -69.31
787.2 -70.23
787.6 -74.16
788.0 -71.69
788.4 -72.84
788.8 -68.97
789.2 -72.65
789.6 -71.68
790.0 -71.13
790.4 -73.66
790.8 -69.63
791.2 -70.2
791.6 -74.13
792.0 -71.38
792.4 -71.66
792.8 -68.23
793.2 -73.64
793.6 -77.97
794.0 -69.34
794.4 -73.41
794.8 -69.79
795.2 -69.98
795.6 -68.55
796.0 -73.62
796.4 -68.02
796.8 -71.78
797.2 -71.48
797.6 -70.83
798.0 -68.99
798.4 -70.82
798.8 -69.95
799.2 -71.33
799.6 -75.97
800.0 -70.93
800.4 -71.32
800.8 -76.38
801.2 -69.76
801.6 -70.05
802.0 -68.75
802.4 -75.97
802.8 -69.58
803.2 -70.37
803.6 -70.16
804.0 -71.09
804.4 -71.63
804.8 -73.85
805.2 -70.84
805.6 -69.34
806.0 -68.35
806.4 -66.29
806.8 -61.67
807.2 -57.89
807.6 -54.39
808.0 -52.53
808.4 -53.67
808.8 -54.34
809.2 -57.71
809.6 -66.48
810.0 -67.93
810.4 -69.38
810.8 -73.04
811.2 -69.22
811.6 -71.03
812.0 -70.36
812.4 -69.86
812.8 -73.71
813.2 -69.78
813.6 -69.7
814.0 -72.54
814.4 -71.34
814.8 -76.99
815.2 -68.98
815.6 -69.39
816.0 -70.76
816.4 -73.56
816.8 -74.01
817.2 -68.94
817.6 -78.13
818.0 -70.79
818.4 -71.82
818.8 -72.8
819.2 -70.08
819.6 -70.38
820.0 -68.93
820.4 -74.34
820.8 -69.18
821.2 -68.55
821.6 -71.64
822.0 -70.58
822.4 -70.39
822.8 -71.96
823.2 -68.76
823.6 -70.64
824.0 -72.16
824.4 -72.32
824.8 -69.41
825.2 -70.91
825.6 -67.87
826.0 -71.29
826.4 -67.68
826.8 -70.98
827.2 -72.13
827.6 -69.77
828.0 -69.53
828.4 -69.55
828.8 -68.64
829.2 -70.36
829.6 -67.55
830.0 -68.76
830.4 -71.26
830.8 -71.4
831.2 -70.88
831.6 -69.81
832.0 -70.73
832.4 -70.96
832.8 -68.9
833.2 -67.91
833.6 -71.97
834.0 -70.33
834.4 -68.31
834.8 -69.25
835.2 -68.27
835.6 -69.24
836.0 -68.6
836.4 -71.06
836.8 -69.73
837.2 -69.99
837.6 -69.45
838.0 -68.91
838.4 -67.38
838.8 -70.42
839.2 -68.94
839.6 -69.46
840.0 -69.47
840.4 -69.35
840.8 -70.58
841.2 -69.81
841.6 -69.81
842.0 -69.47
842.4 -68.28
842.8 -69.8
843.2 -71.49
843.6 -67.9
844.0 -69.15
844.4 -69.94
844.8 -71.59
845.2 -69.08
845.6 -68.17
846.0 -70.08
846.4 -69.39
846.8 -68.79
847.2 -68.46
847.6 -69.19
848.0 -69.78
848.4 -68.41
848.8 -68.95
849.2 -69.71
849.6 -69.25
850.0 -70.45
850.4 -69.43
850.8 -68.3
851.2 -69.11
851.6 -68.29
852.0 -69.98
852.4 -68.39
852.8 -71.44
853.2 -70.04
853.6 -69.41
854.0 -68.12
854.4 -69.47
854.8 -68.74
855.2 -66.98
855.6 -69.33
856.0 -68.9
856.4 -68.52
856.8 -68.46
857.2 -68.67
857.6 -69.58
858.0 -68.72
858.4 -68.66
858.8 -69.06
859.2 -68.05
859.6 -68.6
860.0 -67.89
860.4 -67.54
860.8 -70.89
861.2 -67.88
861.6 -69.9
862.0 -66.96
862.4 -67.65
862.8 -68.4
863.2 -67.68
863.6 -67.42
864.0 -68.45
864.4 -68.18
864.8 -67.58
865.2 -66.88
865.6 -67.07
866.0 -67.27
866.4 -68.11
866.8 -67.92
867.2 -69.09
867.6 -67.33
868.0 -69.15
868.4 -68.14
868.8 -68.6
869.2 -69.01
869.6 -68.6
870.0 -68.82
870.4 -67.46
870.8 -66.97
871.2 -68.52
871.6 -66.66
872.0 -68.68
872.4 -69.15
872.8 -67.43
873.2 -67.78
873.6 -67.91
874.0 -67.96
874.4 -68.81
874.8 -67.89
875.2 -66.57
875.6 -67.38
876.0 -68.12
876.4 -67.0
876.8 -68.16
877.2 -68.59
877.6 -68.53
878.0 -69.12
878.4 -68.25
878.8 -69.38
879.2 -66.99
879.6 -67.11
880.0 -66.42
880.4 -66.67
880.8 -67.4
881.2 -68.72
881.6 -67.19
882.0 -67.72
882.4 -68.0
882.8 -69.15
883.2 -69.08
883.6 -67.85
884.0 -68.31
884.4 -68.1
884.8 -68.76
885.2 -67.04
885.6 -67.17
886.0 -67.84
886.4 -66.51
886.8 -67.75
887.2 -67.93
887.6 -68.13
888.0 -68.52
888.4 -69.0
888.8 -66.43
889.2 -67.16
889.6 -67.46
890.0 -68.02
890.4 -67.32
890.8 -67.88
891.2 -67.33
891.6 -67.83
892.0 -68.25
892.4 -66.8
892.8 -67.35
893.2 -67.66
893.6 -67.9
894.0 -67.67
894.4 -67.96
894.8 -66.68
895.2 -67.2
895.6 -69.81
896.0 -68.68
896.4 -68.45
896.8 -68.25
897.2 -67.65
897.6 -66.93
898.0 -68.82
898.4 -67.95
898.8 -68.21
899.2 -67.03
899.6 -66.99
900.0 -67.87
900.4 -67.09
900.8 -67.94
901.2 -66.91
901.6 -67.76
902.0 -68.11
902.4 -68.95
902.8 -67.31
903.2 -66.35
903.6 -68.24
904.0 -67.91
904.4 -67.21
904.8 -66.91
905.2 -67.19
905.6 -67.79
906.0 -67.54
906.4 -67.46
906.8 -66.8
907.2 -67.44
907.6 -67.19
908.0 -68.88
908.4 -67.67
908.8 -68.62
909.2 -67.92
909.6 -68.21
910.0 -66.35
910.4 -68.4
910.8 -67.53
911.2 -68.28
911.6 -68.06
912.0 -66.37
912.4 -66.97
912.8 -67.14
913.2 -66.48
913.6 -65.68
914.0 -67.46
914.4 -68.03
914.8 -68.05
915.2 -68.26
915.6 -69.34
916.0 -68.38
916.4 -68.21
916.8 -68.56
917.2 -68.95
917.6 -67.99
918.0 -67.91
918.4 -67.89
918.8 -67.83
919.2 -68.37
919.6 -69.1
920.0 -67.59
920.4 -67.53
920.8 -70.16
921.2 -70.94
921.6 -68.48
922.0 -67.88
922.4 -68.71
922.8 -69.04
923.2 -67.93
923.6 -68.91
924.0 -68.36
924.4 -68.51
924.8 -68.31
925.2 -68.15
925.6 -68.47
926.0 -68.4
926.4 -69.64
926.8 -68.31
927.2 -68.78
927.6 -69.41
928.0 -69.54
928.4 -68.51
928.8 -68.23
929.2 -69.59
929.6 -68.56
930.0 -68.37
930.4 -68.39
930.8 -67.89
931.2 -68.47
931.6 -69.28
932.0 -68.56
932.4 -68.33
932.8 -68.0
933.2 -68.89
933.6 -69.1
934.0 -69.31
934.4 -68.43
934.8 -68.41
935.2 -70.13
935.6 -69.98
936.0 -68.76
936.4 -69.69
936.8 -68.43
937.2 -72.06
937.6 -70.26
938.0 -69.67
938.4 -70.18
938.8 -70.63
939.2 -69.39
939.6 -69.8
940.0 -72.48
940.4 -70.18
940.8 -69.82
941.2 -68.8
941.6 -70.6
942.0 -69.55
942.4 -70.65
942.8 -69.41
943.2 -68.92
943.6 -69.94
944.0 -69.09
944.4 -69.99
944.8 -69.22
945.2 -70.09
945.6 -68.53
946.0 -68.14
946.4 -69.58
946.8 -69.79
947.2 -69.04
947.6 -69.93
948.0 -69.08
948.4 -71.53
948.8 -70.1
949.2 -71.12
949.6 -69.68
950.0 -70.64
950.4 -70.29
950.8 -70.07
951.2 -68.88
951.6 -69.65
952.0 -70.58
952.4 -70.19
952.8 -69.71
953.2 -70.33
953.6 -70.45
954.0 -69.33
954.4 -70.02
954.8 -70.52
955.2 -69.51
955.6 -71.04
956.0 -70.19
956.4 -70.08
956.8 -69.28
957.2 -70.21
957.6 -70.18
958.0 -70.94
958.4 -71.98
958.8 -69.1
959.2 -69.52
959.6 -70.61
960.0 -70.26
960.4 -70.74
960.8 -70.38
961.2 -69.71
961.6 -70.02
962.0 -70.15
962.4 -70.48
962.8 -70.23
963.2 -69.71
963.6 -69.72
964.0 -70.01
964.4 -69.28
964.8 -69.29
965.2 -69.38
965.6 -68.8
966.0 -69.04
966.4 -70.02
966.8 -69.81
967.2 -69.67
967.6 -68.88
968.0 -69.45
968.4 -70.48
968.8 -69.24
969.2 -69.13
969.6 -69.94
970.0 -69.96
970.4 -68.98
970.8 -69.32
971.2 -69.67
971.6 -70.73
972.0 -69.75
972.4 -69.98
972.8 -69.53
973.2 -70.32
973.6 -70.14
974.0 -69.28
974.4 -70.45
974.8 -69.88
975.2 -70.28
975.6 -70.07
976.0 -70.12
976.4 -69.95
976.8 -71.67
977.2 -70.48
977.6 -70.96
978.0 -69.91
978.4 -70.17
978.8 -71.34
979.2 -70.81
979.6 -70.18
980.0 -69.98
980.4 -70.18
980.8 -70.86
981.2 -69.61
981.6 -70.13
982.0 -70.33
982.4 -70.01
982.8 -70.67
983.2 -69.45
983.6 -69.88
984.0 -70.13
984.4 -70.25
984.8 -69.84
985.2 -70.09
985.6 -70.04
986.0 -70.3
986.4 -69.86
986.8 -69.4
987.2 -69.53
987.6 -68.62
988.0 -69.98
988.4 -69.66
988.8 -70.1
989.2 -69.94
989.6 -69.28
990.0 -70.16
990.4 -69.42
990.8 -70.12
991.2 -69.62
991.6 -69.04
992.0 -69.13
992.4 -69.45
992.8 -68.85
993.2 -69.56
993.6 -68.97
994.0 -69.52
994.4 -68.87
994.8 -69.16
995.2 -68.99
995.6 -69.4
996.0 -69.25
996.4 -69.83
996.8 -68.69
997.2 -69.44
997.6 -69.99
998.0 -68.62
998.4 -68.79
998.8 -70.03
999.2 -70.16
999.6 -69.46
1000.0 -69.31
