600.0 -210.0
600.4 -68.97
600.8 -81.18
601.2 -210.0
601.6 -210.0
602.0 -74.72
602.4 -72.52
602.8 -210.0
603.2 -210.0
603.6 -210.0
604.0 -71.84
604.4 -75.96
604.8 -71.66
605.2 -71.46
605.6 -72.19
606.0 -210.0
606.4 -210.0
606.8 -210.0
607.2 -75.05
607.6 -72.58
608.0 -68.63
608.4 -69.62
608.8 -210.0
609.2 -71.94
609.6 -70.28
610.0 -210.0
610.4 -210.0
610.8 -210.0
611.2 -70.53
611.6 -73.74
612.0 -210.0
612.4 -73.16
612.8 -77.16
613.2 -67.64
613.6 -71.19
614.0 -67.77
614.4 -69.24
614.8 -80.29
615.2 -80.31
615.6 -210.0
616.0 -72.58
616.4 -210.0
616.8 -72.39
617.2 -71.06
617.6 -71.42
618.0 -82.25
618.4 -74.14
618.8 -71.68
619.2 -71.9
619.6 -72.79
620.0 -78.38
620.4 -80.62
620.8 -73.37
621.2 -70.53
621.6 -75.47
622.0 -82.49
622.4 -70.07
622.8 -74.41
623.2 -77.11
623.6 -80.82
624.0 -68.63
624.4 -72.22
624.8 -80.89
625.2 -70.25
625.6 -69.59
626.0 -70.06
626.4 -71.62
626.8 -71.82
627.2 -72.2
627.6 -70.28
628.0 -69.33
628.4 -69.46
628.8 -75.12
629.2 -70.62
629.6 -68.11
630.0 -73.21
630.4 -70.46
630.8 -70.87
631.2 -210.0
631.6 -70.55
632.0 -70.35
632.4 -73.62
632.8 -73.42
633.2 -70.92
633.6 -75.12
634.0 -72.48
634.4 -70.19
634.8 -70.32
635.2 -69.94
635.6 -71.93
636.0 -69.28
636.4 -69.22
636.8 -69.59
637.2 -69.37
637.6 -74.25
638.0 -72.61
638.4 -70.28
638.8 -70.52
639.2 -73.67
639.6 -70.17
640.0 -71.05
640.4 -74.22
640.8 -69.74
641.2 -69.52
641.6 -68.82
642.0 -69.51
642.4 -69.8
642.8 -68.93
643.2 -68.51
643.6 -68.68
644.0 -68.29
644.4 -68.81
644.8 -70.36
645.2 -70.05
645.6 -69.54
646.0 -69.08
646.4 -69.05
646.8 -70.03
647.2 -68.09
647.6 -68.67
648.0 -69.9
648.4 -67.63
648.8 -69.54
649.2 -68.53
649.6 -69.34
650.0 -68.07
650.4 -68.69
650.8 -70.71
651.2 -70.38
651.6 -67.37
652.0 -68.54
652.4 -69.93
652.8 -68.6
653.2 -67.9
653.6 -67.11
654.0 -67.91
654.4 -69.32
654.8 -67.61
655.2 -67.09
655.6 -68.26
656.0 -68.47
656.4 -68.47
656.8 -67.41
657.2 -67.22
657.6 -68.13
658.0 -67.3
658.4 -68.59
658.8 -67.64
659.2 -68.29
659.6 -68.29
660.0 -69.0
660.4 -67.44
660.8 -68.06
661.2 -67.09
661.6 -68.4
662.0 -67.57
662.4 -67.78
662.8 -67.32
663.2 -67.09
663.6 -67.44
664.0 -66.9
664.4 -67.78
664.8 -67.16
665.2 -67.7
665.6 -68.06
666.0 -66.83
666.4 -68.06
666.8 -67.05
667.2 -66.59
667.6 -67.74
668.0 -66.52
668.4 -66.73
668.8 -67.09
669.2 -67.48
669.6 -67.44
670.0 -66.75
670.4 -66.82
670.8 -66.15
671.2 -67.55
671.6 -66.54
672.0 -66.98
672.4 -67.1
672.8 -67.16
673.2 -67.16
673.6 -67.66
674.0 -66.18
674.4 -66.25
674.8 -66.67
675.2 -66.84
675.6 -67.59
676.0 -66.69
676.4 -66.66
676.8 -65.74
677.2 -67.66
677.6 -66.34
678.0 -67.39
678.4 -66.92
678.8 -67.38
679.2 -67.22
679.6 -66.1
680.0 -67.59
680.4 -66.35
680.8 -67.24
681.2 -66.37
681.6 -66.01
682.0 -66.13
682.4 -66.69
682.8 -66.51
683.2 -66.98
683.6 -66.93
684.0 -66.89
684.4 -66.77
684.8 -67.66
685.2 -66.65
685.6 -66.38
686.0 -66.71
686.4 -67.25
686.8 -66.1
687.2 -66.74
687.6 -65.99
688.0 -66.66
688.4 -66.58
688.8 -65.98
689.2 -67.38
689.6 -66.93
690.0 -66.15
690.4 -66.58
690.8 -66.84
691.2 -67.06
691.6 -65.82
692.0 -65.75
692.4 -66.48
692.8 -65.54
693.2 -66.54
693.6 -66.72
694.0 -66.83
694.4 -66.38
694.8 -66.15
695.2 -66.3
695.6 -65.64
696.0 -65.6
696.4 -65.4
696.8 -65.21
697.2 -65.95
697.6 -65.92
698.0 -65.75
698.4 -65.12
698.8 -65.39
699.2 -66.08
699.6 -66.63
700.0 -66.3
700.4 -65.77
700.8 -66.5
701.2 -65.98
701.6 -66.15
702.0 -66.94
702.4 -65.56
702.8 -66.89
703.2 -65.32
703.6 -66.46
704.0 -66.56
704.4 -65.96
704.8 -66.13
705.2 -65.61
705.6 -66.19
706.0 -66.21
706.4 -66.0
706.8 -65.84
707.2 -65.26
707.6 -65.58
708.0 -66.62
708.4 -66.1
708.8 -65.62
709.2 -65.99
709.6 -67.53
710.0 -65.69
710.4 -65.37
710.8 -65.16
711.2 -65.56
711.6 -65.43
712.0 -65.77
712.4 -65.83
712.8 -65.76
713.2 -65.92
713.6 -66.25
714.0 -65.07
714.4 -66.57
714.8 -65.9
715.2 -65.54
715.6 -65.28
716.0 -66.02
716.4 -65.91
716.8 -65.04
717.2 -65.87
717.6 -65.9
718.0 -65.42
718.4 -65.08
718.8 -65.47
719.2 -65.35
719.6 -66.26
720.0 -66.08
720.4 -66.29
720.8 -65.93
721.2 -65.36
721.6 -65.61
722.0 -64.82
722.4 -66.06
722.8 -66.8
723.2 -65.65
723.6 -65.84
724.0 -65.83
724.4 -65.9
724.8 -65.99
725.2 -66.03
725.6 -65.12
726.0 -65.59
726.4 -66.05
726.8 -65.21
727.2 -64.83
727.6 -65.13
728.0 -66.43
728.4 -66.0
728.8 -66.7
729.2 -65.85
729.6 -65.08
730.0 -65.42
730.4 -65.67
730.8 -65.63
731.2 -65.44
731.6 -66.77
732.0 -66.1
732.4 -66.36
732.8 -65.46
733.2 -64.98
733.6 -65.55
734.0 -65.04
734.4 -65.23
734.8 -65.32
735.2 -65.73
735.6 -65.82
736.0 -66.44
736.4 -65.49
736.8 -65.55
737.2 -66.09
737.6 -66.05
738.0 -65.77
738.4 -65.23
738.8 -65.56
739.2 -65.97
739.6 -65.86
740.0 -66.1
740.4 -66.52
740.8 -66.9
741.2 -65.23
741.6 -67.02
742.0 -64.97
742.4 -64.97
742.8 -65.25
743.2 -66.71
743.6 -65.63
744.0 -66.66
744.4 -65.06
744.8 -65.72
745.2 -66.18
745.6 -65.23
746.0 -65.48
746.4 -65.68
746.8 -66.82
747.2 -65.67
747.6 -65.16
748.0 -66.47
748.4 -65.15
748.8 -65.79
749.2 -65.03
749.6 -65.01
750.0 -66.18
750.4 -67.2
750.8 -64.96
751.2 -65.57
751.6 -66.68
752.0 -65.55
752.4 -65.14
752.8 -65.22
753.2 -65.81
753.6 -65.8
754.0 -65.09
754.4 -65.33
754.8 -65.62
755.2 -65.38
755.6 -66.5
756.0 -66.1
756.4 -65.09
756.8 -64.65
757.2 -65.49
757.6 -65.45
758.0 -65.55
758.4 -64.53
758.8 -66.03
759.2 -65.63
759.6 -65.59
760.0 -66.2
760.4 -66.2
760.8 -65.51
761.2 -65.64
761.6 -65.61
762.0 -65.95
762.4 -65.77
762.8 -65.45
763.2 -65.87
763.6 -65.16
764.0 -64.91
764.4 -65.44
764.8 -65.14
765.2 -66.87
765.6 -65.05
766.0 -65.23
766.4 -65.36
766.8 -65.16
767.2 -65.19
767.6 -64.71
768.0 -66.2
768.4 -65.64
768.8 -64.78
769.2 -64.52
769.6 -66.11
770.0 -65.69
770.4 -65.22
770.8 -64.88
771.2 -65.09
771.6 -65.06
772.0 -65.02
772.4 -65.65
772.8 -66.21
773.2 -65.15
773.6 -65.41
774.0 -65.89
774.4 -64.92
774.8 -65.82
775.2 -65.74
775.6 -64.98
776.0 -65.42
776.4 -65.19
776.8 -65.63
777.2 -65.99
777.6 -64.32
778.0 -65.98
778.4 -65.65
778.8 -65.28
779.2 -65.72
779.6 -65.83
780.0 -66.25
780.4 -65.75
780.8 -65.23
781.2 -65.17
781.6 -64.85
782.0 -66.37
782.4 -65.29
782.8 -64.62
783.2 -65.31
783.6 -64.42
784.0 -65.73
784.4 -65.92
784.8 -64.66
785.2 -65.3
785.6 -65.72
786.0 -65.44
786.4 -65.33
786.8 -64.68
787.2 -65.64
787.6 -64.48
788.0 -65.19
788.4 -65.18
788.8 -64.52
789.2 -64.72
789.6 -65.74
790.0 -65.21
790.4 -64.8
790.8 -65.55
791.2 -64.7
791.6 -64.88
792.0 -64.26
792.4 -64.53
792.8 -64.38
793.2 -64.87
793.6 -65.09
794.0 -65.52
794.4 -64.32
794.8 -64.46
795.2 -65.05
795.6 -64.98
796.0 -63.95
796.4 -65.01
796.8 -64.1
797.2 -64.04
797.6 -65.46
798.0 -65.98
798.4 -65.11
798.8 -64.68
799.2 -65.21
799.6 -64.86
800.0 -64.44
800.4 -64.61
800.8 -64.33
801.2 -64.83
801.6 -64.26
802.0 -64.32
802.4 -64.86
802.8 -65.09
803.2 -64.46
803.6 -65.0
804.0 -64.91
804.4 -64.23
804.8 -64.15
805.2 -64.05
805.6 -64.46
806.0 -63.05
806.4 -61.32
806.8 -57.76
807.2 -54.02
807.6 -50.03
808.0 -48.64
808.4 -49.49
808.8 -50.07
809.2 -53.97
809.6 -61.28
810.0 -62.98
810.4 -64.47
810.8 -64.29
811.2 -63.72
811.6 -64.09
812.0 -64.42
812.4 -64.96
812.8 -64.73
813.2 -64.1
813.6 -63.75
814.0 -64.42
814.4 -63.37
814.8 -64.52
815.2 -64.95
815.6 -64.04
816.0 -63.98
816.4 -64.09
816.8 -64.95
817.2 -64.37
817.6 -64.41
818.0 -64.49
818.4 -64.24
818.8 -63.66
819.2 -63.9
819.6 -64.36
820.0 -63.54
820.4 -63.75
820.8 -63.97
821.2 -64.27
821.6 -64.14
822.0 -64.3
822.4 -64.42
822.8 -64.06
823.2 -63.95
823.6 -63.96
824.0 -63.63
824.4 -64.19
824.8 -63.94
825.2 -64.15
825.6 -64.1
826.0 -63.89
826.4 -63.95
826.8 -63.65
827.2 -64.28
827.6 -63.46
828.0 -63.47
828.4 -64.08
828.8 -64.27
829.2 -63.64
829.6 -63.81
830.0 -64.35
830.4 -63.48
830.8 -63.8
831.2 -63.61
831.6 -63.75
832.0 -63.49
832.4 -63.87
832.8 -63.88
833.2 -63.62
833.6 -63.67
834.0 -63.91
834.4 -63.65
834.8 -63.45
835.2 -63.62
835.6 -62.98
836.0 -63.15
836.4 -63.01
836.8 -63.82
837.2 -63.57
837.6 -63.76
838.0 -63.86
838.4 -63.21
838.8 -63.65
839.2 -63.93
839.6 -63.71
840.0 -63.67
840.4 -63.9
840.8 -63.57
841.2 -63.28
841.6 -63.99
842.0 -63.52
842.4 -63.49
842.8 -63.24
843.2 -64.0
843.6 -63.4
844.0 -63.59
844.4 -63.75
844.8 -63.34
845.2 -63.67
845.6 -63.26
846.0 -63.26
846.4 -63.53
846.8 -63.47
847.2 -63.46
847.6 -63.56
848.0 -63.87
848.4 -63.46
848.8 -63.74
849.2 -63.31
849.6 -63.11
850.0 -63.6
850.4 -63.5
850.8 -63.51
851.2 -62.9
851.6 -63.4
852.0 -63.28
852.4 -63.79
852.8 -63.14
853.2 -63.66
853.6 -63.02
854.0 -63.88
854.4 -62.79
854.8 -63.29
855.2 -63.13
855.6 -62.78
856.0 -63.64
856.4 -62.91
856.8 -63.17
857.2 -63.17
857.6 -63.35
858.0 -63.13
858.4 -63.27
858.8 -63.24
859.2 -63.15
859.6 -62.81
860.0 -62.81
860.4 -62.85
860.8 -63.14
861.2 -63.08
861.6 -63.28
862.0 -62.68
862.4 -62.92
862.8 -62.87
863.2 -62.96
863.6 -63.91
864.0 -63.86
864.4 -62.98
864.8 -63.46
865.2 -63.32
865.6 -63.2
866.0 -63.3
866.4 -62.86
866.8 -63.26
867.2 -63.53
867.6 -63.09
868.0 -62.54
868.4 -63.13
868.8 -63.46
869.2 -63.08
869.6 -63.34
870.0 -63.2
870.4 -62.85
870.8 -63.42
871.2 -63.35
871.6 -63.34
872.0 -62.63
872.4 -63.16
872.8 -62.96
873.2 -62.96
873.6 -63.06
874.0 -63.03
874.4 -63.59
874.8 -63.39
875.2 -63.07
875.6 -63.03
876.0 -63.3
876.4 -62.73
876.8 -63.04
877.2 -62.62
877.6 -63.03
878.0 -63.02
878.4 -62.98
878.8 -62.72
879.2 -63.02
879.6 -63.13
880.0 -62.88
880.4 -62.82
880.8 -62.64
881.2 -62.95
881.6 -63.14
882.0 -63.07
882.4 -63.25
882.8 -62.94
883.2 -63.03
883.6 -62.9
884.0 -62.69
884.4 -62.63
884.8 -63.09
885.2 -62.64
885.6 -62.96
886.0 -62.93
886.4 -63.09
886.8 -62.76
887.2 -62.95
887.6 -62.27
888.0 -62.95
888.4 -63.04
888.8 -62.61
889.2 -62.58
889.6 -62.82
890.0 -62.6
890.4 -62.46
890.8 -62.48
891.2 -63.18
891.6 -62.55
892.0 -62.86
892.4 -62.68
892.8 -62.78
893.2 -63.1
893.6 -62.94
894.0 -62.93
894.4 -62.7
894.8 -62.64
895.2 -62.77
895.6 -62.62
896.0 -62.66
896.4 -62.75
896.8 -62.69
897.2 -62.43
897.6 -62.59
898.0 -62.83
898.4 -63.05
898.8 -62.42
899.2 -62.59
899.6 -62.65
900.0 -62.52
900.4 -63.1
900.8 -62.81
901.2 -62.78
901.6 -62.62
902.0 -62.86
902.4 -62.81
902.8 -62.97
903.2 -62.89
903.6 -62.38
904.0 -62.46
904.4 -62.97
904.8 -62.63
905.2 -62.37
905.6 -62.96
906.0 -62.22
906.4 -62.51
906.8 -63.04
907.2 -62.54
907.6 -62.14
908.0 -62.83
908.4 -62.69
908.8 -62.74
909.2 -62.81
909.6 -62.55
910.0 -62.14
910.4 -62.59
910.8 -62.63
911.2 -62.34
911.6 -62.59
912.0 -62.49
912.4 -62.3
912.8 -62.15
913.2 -62.07
913.6 -62.51
914.0 -62.1
914.4 -62.33
914.8 -62.18
915.2 -62.56
915.6 -62.02
916.0 -62.07
916.4 -62.18
916.8 -62.19
917.2 -62.48
917.6 -62.54
918.0 -62.4
918.4 -62.71
918.8 -62.43
919.2 -62.18
919.6 -62.31
920.0 -62.94
920.4 -62.37
920.8 -62.46
921.2 -62.4
921.6 -62.26
922.0 -62.24
922.4 -62.05
922.8 -62.38
923.2 -62.21
923.6 -62.02
924.0 -62.14
924.4 -62.13
924.8 -62.14
925.2 -62.63
925.6 -62.19
926.0 -62.48
926.4 -62.45
926.8 -62.23
927.2 -61.9
927.6 -61.95
928.0 -62.21
928.4 -62.22
928.8 -61.65
929.2 -61.98
929.6 -61.86
930.0 -61.83
930.4 -61.94
930.8 -61.94
931.2 -62.34
931.6 -62.0
932.0 -61.98
932.4 -62.18
932.8 -62.2
933.2 -62.34
933.6 -62.26
934.0 -62.14
934.4 -61.66
934.8 -62.09
935.2 -61.93
935.6 -61.95
936.0 -61.94
936.4 -62.12
936.8 -62.23
937.2 -62.14
937.6 -62.0
938.0 -61.92
938.4 -61.92
938.8 -62.22
939.2 -61.72
939.6 -61.74
940.0 -62.11
940.4 -62.06
940.8 -61.54
941.2 -61.8
941.6 -61.91
942.0 -61.98
942.4 -62.06
942.8 -61.88
943.2 -61.94
943.6 -61.76
944.0 -62.0
944.4 -61.88
944.8 -61.92
945.2 -62.04
945.6 -61.94
946.0 -62.12
946.4 -61.92
946.8 -62.32
947.2 -62.02
947.6 -62.01
948.0 -62.01
948.4 -62.25
948.8 -62.32
949.2 -62.47
949.6 -62.31
950.0 -62.23
950.4 -62.08
950.8 -62.2
951.2 -62.17
951.6 -62.02
952.0 -62.04
952.4 -62.08
952.8 -61.92
953.2 -61.99
953.6 -61.84
954.0 -62.19
954.4 -62.07
954.8 -61.97
955.2 -62.11
955.6 -62.02
956.0 -62.14
956.4 -61.68
956.8 -61.78
957.2 -61.87
957.6 -61.88
958.0 -61.9
958.4 -62.09
958.8 -61.83
959.2 -61.63
959.6 -61.88
960.0 -61.77
960.4 -61.8
960.8 -61.64
961.2 -61.63
961.6 -61.88
962.0 -61.7
962.4 -61.38
962.8 -61.73
963.2 -61.49
963.6 -61.61
964.0 -61.88
964.4 -61.79
964.8 -61.83
965.2 -61.78
965.6 -61.81
966.0 -61.61
966.4 -61.63
966.8 -61.84
967.2 -61.8
967.6 -61.47
968.0 -61.52
968.4 -61.48
968.8 -61.57
969.2 -61.6
969.6 -61.81
970.0 -61.83
970.4 -61.89
970.8 -61.85
971.2 -61.48
971.6 -61.7
972.0 -61.59
972.4 -61.81
972.8 -61.72
973.2 -61.81
973.6 -61.79
974.0 -61.74
974.4 -61.62
974.8 -61.72
975.2 -61.6
975.6 -61.84
976.0 -62.16
976.4 -61.99
976.8 -62.22
977.2 -62.57
977.6 -62.56
978.0 -62.25
978.4 -62.09
978.8 -62.14
979.2 -62.08
979.6 -62.05
980.0 -62.04
980.4 -61.99
980.8 -61.88
981.2 -61.96
981.6 -61.88
982.0 -61.7
982.4 -61.93
982.8 -61.8
983.2 -61.66
983.6 -61.63
984.0 -61.74
984.4 -61.36
984.8 -61.54
985.2 -61.6
985.6 -61.21
986.0 -61.29
986.4 -61.29
986.8 -61.13
987.2 -61.15
987.6 -61.2
988.0 -61.0
988.4 -61.21
988.8 -61.36
989.2 -61.3
989.6 -61.1
990.0 -61.09
990.4 -61.0
990.8 -60.89
991.2 -60.85
991.6 -60.85
992.0 -60.86
992.4 -60.85
992.8 -60.71
993.2 -60.67
993.6 -60.6
994.0 -60.57
994.4 -60.62
994.8 -60.53
995.2 -60.66
995.6 -60.69
996.0 -60.6
996.4 -60.6
996.8 -60.7
997.2 -60.78
997.6 -60.62
998.0 -60.61
998.4 -60.75
998.8 -60.69
999.2 -60.78
999.6 -60.69
1000.0 -60.7
