600.0 -76.35
600.4 -71.85
600.8 -70.96
601.2 -71.2
601.6 -84.24
602.0 -68.47
602.4 -77.3
602.8 -210.0
603.2 -70.91
603.6 -70.75
604.0 -210.0
604.4 -74.0
604.8 -79.67
605.2 -74.05
605.6 -84.5
606.0 -71.52
606.4 -68.21
606.8 -210.0
607.2 -75.05
607.6 -69.18
608.0 -210.0
608.4 -210.0
608.8 -210.0
609.2 -79.95
609.6 -71.53
610.0 -71.16
610.4 -77.82
610.8 -80.05
611.2 -80.07
611.6 -72.32
612.0 -69.58
612.4 -74.51
612.8 -210.0
613.2 -70.82
613.6 -74.2
614.0 -71.59
614.4 -70.72
614.8 -71.09
615.2 -210.0
615.6 -73.97
616.0 -75.14
616.4 -76.7
616.8 -72.87
617.2 -82.2
617.6 -74.43
618.0 -75.26
618.4 -73.51
618.8 -69.73
619.2 -73.86
619.6 -71.03
620.0 -69.34
620.4 -210.0
620.8 -68.34
621.2 -72.66
621.6 -72.46
622.0 -68.59
622.4 -70.74
622.8 -72.99
623.2 -72.34
623.6 -79.57
624.0 -210.0
624.4 -70.87
624.8 -74.2
625.2 -70.25
625.6 -77.93
626.0 -71.77
626.4 -67.64
626.8 -70.35
627.2 -72.81
627.6 -78.86
628.0 -71.39
628.4 -69.46
628.8 -71.14
629.2 -72.93
629.6 -70.78
630.0 -73.69
630.4 -69.59
630.8 -72.08
631.2 -74.32
631.6 -72.14
632.0 -70.12
632.4 -72.75
632.8 -75.07
633.2 -68.04
633.6 -72.83
634.0 -70.05
634.4 -69.69
634.8 -70.55
635.2 -70.04
635.6 -72.26
636.0 -71.52
636.4 -70.55
636.8 -70.06
637.2 -73.1
637.6 -69.0
638.0 -69.6
638.4 -72.81
638.8 -68.58
639.2 -68.1
639.6 -70.47
640.0 -70.94
640.4 -69.53
640.8 -70.69
641.2 -69.6
641.6 -69.4
642.0 -69.43
642.4 -69.32
642.8 -71.2
643.2 -72.88
643.6 -68.14
644.0 -69.54
644.4 -67.74
644.8 -68.54
645.2 -68.07
645.6 -67.2
646.0 -69.01
646.4 -68.18
646.8 -67.62
647.2 -67.8
647.6 -67.79
648.0 -67.29
648.4 -68.52
648.8 -68.73
649.2 -68.32
649.6 -69.03
650.0 -67.98
650.4 -67.28
650.8 -67.93
651.2 -67.54
651.6 -68.82
652.0 -68.23
652.4 -68.88
652.8 -68.39
653.2 -67.77
653.6 -68.84
654.0 -68.45
654.4 -68.2
654.8 -68.31
655.2 -68.9
655.6 -66.65
656.0 -67.93
656.4 -66.59
656.8 -68.74
657.2 -68.04
657.6 -67.94
658.0 -67.26
658.4 -67.68
658.8 -68.88
659.2 -67.15
659.6 -66.93
660.0 -68.2
660.4 -66.98
660.8 -67.48
661.2 -67.4
661.6 -67.13
662.0 -66.27
662.4 -66.69
662.8 -67.96
663.2 -66.62
663.6 -67.36
664.0 -67.36
664.4 -67.01
664.8 -68.01
665.2 -67.24
665.6 -66.9
666.0 -67.28
666.4 -67.61
666.8 -67.65
667.2 -67.13
667.6 -67.05
668.0 -67.05
668.4 -66.17
668.8 -66.49
669.2 -66.87
669.6 -66.39
670.0 -66.35
670.4 -66.72
670.8 -67.99
671.2 -67.38
671.6 -66.12
672.0 -65.96
672.4 -65.85
672.8 -66.45
673.2 -67.2
673.6 -66.35
674.0 -66.22
674.4 -67.52
674.8 -66.92
675.2 -66.4
675.6 -66.21
676.0 -67.02
676.4 -66.87
676.8 -67.66
677.2 -66.97
677.6 -65.74
678.0 -67.39
678.4 -67.07
678.8 -66.39
679.2 -67.34
679.6 -66.73
680.0 -66.55
680.4 -66.16
680.8 -66.3
681.2 -66.4
681.6 -66.85
682.0 -65.94
682.4 -66.84
682.8 -67.05
683.2 -66.51
683.6 -66.07
684.0 -65.49
684.4 -66.03
684.8 -66.29
685.2 -65.96
685.6 -66.31
686.0 -66.54
686.4 -65.89
686.8 -65.76
687.2 -67.33
687.6 -66.55
688.0 -65.81
688.4 -66.72
688.8 -65.86
689.2 -65.29
689.6 -66.46
690.0 -66.18
690.4 -66.99
690.8 -67.07
691.2 -66.07
691.6 -66.79
692.0 -65.55
692.4 -66.38
692.8 -66.88
693.2 -66.54
693.6 -66.2
694.0 -66.06
694.4 -65.62
694.8 -66.02
695.2 -65.53
695.6 -65.1
696.0 -65.72
696.4 -65.71
696.8 -66.18
697.2 -65.88
697.6 -65.82
698.0 -65.55
698.4 -65.12
698.8 -65.42
699.2 -65.89
699.6 -66.67
700.0 -66.27
700.4 -64.69
700.8 -65.9
701.2 -66.42
701.6 -64.83
702.0 -66.24
702.4 -66.09
702.8 -66.09
703.2 -65.35
703.6 -65.86
704.0 -65.46
704.4 -66.9
704.8 -65.17
705.2 -65.76
705.6 -66.33
706.0 -64.86
706.4 -65.68
706.8 -65.33
707.2 -65.73
707.6 -65.99
708.0 -65.76
708.4 -65.39
708.8 -65.19
709.2 -66.56
709.6 -65.15
710.0 -65.69
710.4 -66.08
710.8 -65.33
711.2 -65.21
711.6 -66.06
712.0 -65.32
712.4 -66.88
712.8 -66.52
713.2 -65.63
713.6 -65.47
714.0 -66.18
714.4 -66.42
714.8 -64.78
715.2 -66.16
715.6 -65.54
716.0 -65.51
716.4 -65.62
716.8 -65.62
717.2 -65.8
717.6 -65.12
718.0 -66.13
718.4 -65.36
718.8 -65.66
719.2 -65.98
719.6 -65.44
720.0 -65.91
720.4 -64.84
720.8 -65.83
721.2 -65.73
721.6 -66.17
722.0 -66.23
722.4 -65.63
722.8 -65.37
723.2 -64.81
723.6 -65.31
724.0 -64.91
724.4 -66.4
724.8 -66.06
725.2 -67.04
725.6 -66.2
726.0 -65.4
726.4 -65.78
726.8 -65.55
727.2 -65.58
727.6 -65.7
728.0 -65.15
728.4 -66.28
728.8 -65.4
729.2 -64.78
729.6 -65.53
730.0 -64.85
730.4 -65.64
730.8 -66.44
731.2 -65.29
731.6 -66.72
732.0 -66.1
732.4 -66.8
732.8 -65.72
733.2 -65.33
733.6 -66.12
734.0 -65.74
734.4 -66.53
734.8 -66.26
735.2 -66.41
735.6 -65.86
736.0 -65.96
736.4 -65.61
736.8 -65.36
737.2 -65.78
737.6 -65.64
738.0 -66.31
738.4 -66.66
738.8 -65.22
739.2 -66.7
739.6 -65.73
740.0 -65.55
740.4 -66.06
740.8 -65.65
741.2 -65.91
741.6 -65.45
742.0 -66.16
742.4 -66.09
742.8 -65.73
743.2 -66.19
743.6 -65.63
744.0 -66.33
744.4 -66.22
744.8 -65.15
745.2 -65.72
745.6 -67.47
746.0 -65.35
746.4 -66.4
746.8 -65.71
747.2 -65.57
747.6 -66.27
748.0 -66.31
748.4 -66.15
748.8 -66.67
749.2 -65.93
749.6 -66.19
750.0 -66.92
750.4 -65.85
750.8 -65.77
751.2 -66.78
751.6 -66.68
752.0 -66.3
752.4 -66.59
752.8 -65.61
753.2 -64.62
753.6 -65.56
754.0 -65.15
754.4 -66.27
754.8 -66.12
755.2 -65.38
755.6 -65.01
756.0 -65.74
756.4 -65.4
756.8 -66.78
757.2 -65.9
757.6 -66.82
758.0 -66.19
758.4 -65.67
758.8 -65.21
759.2 -66.02
759.6 -65.33
760.0 -65.42
760.4 -66.32
760.8 -65.12
761.2 -64.86
761.6 -65.82
762.0 -67.09
762.4 -65.24
762.8 -66.21
763.2 -64.95
763.6 -65.69
764.0 -65.44
764.4 -65.0
764.8 -66.23
765.2 -66.07
765.6 -66.31
766.0 -65.42
766.4 -65.84
766.8 -65.69
767.2 -65.16
767.6 -66.02
768.0 -64.87
768.4 -65.54
768.8 -65.29
769.2 -65.77
769.6 -65.29
770.0 -65.35
770.4 -66.6
770.8 -65.09
771.2 -64.15
771.6 -66.1
772.0 -65.75
772.4 -66.17
772.8 -65.86
773.2 -64.76
773.6 -66.05
774.0 -65.23
774.4 -65.67
774.8 -65.71
775.2 -66.58
775.6 -66.2
776.0 -65.32
776.4 -65.49
776.8 -65.7
777.2 -65.56
777.6 -64.82
778.0 -65.98
778.4 -65.62
778.8 -66.18
779.2 -65.38
779.6 -64.73
780.0 -67.31
780.4 -65.79
780.8 -66.01
781.2 -64.8
781.6 -65.49
782.0 -64.97
782.4 -65.03
782.8 -66.63
783.2 -64.75
783.6 -65.41
784.0 -65.09
784.4 -65.66
784.8 -65.4
785.2 -66.02
785.6 -65.44
786.0 -64.2
786.4 -65.67
786.8 -64.79
787.2 -64.97
787.6 -65.78
788.0 -65.67
788.4 -64.99
788.8 -65.38
789.2 -64.44
789.6 -65.12
790.0 -65.11
790.4 -64.98
790.8 -65.91
791.2 -64.62
791.6 -64.94
792.0 -64.39
792.4 -65.3
792.8 -64.87
793.2 -64.93
793.6 -65.32
794.0 -65.34
794.4 -64.6
794.8 -65.81
795.2 -65.48
795.6 -64.34
796.0 -65.58
796.4 -64.18
796.8 -64.34
797.2 -64.93
797.6 -65.39
798.0 -64.52
798.4 -64.51
798.8 -65.25
799.2 -65.49
799.6 -63.96
800.0 -65.14
800.4 -64.5
800.8 -64.88
801.2 -64.77
801.6 -64.37
802.0 -64.62
802.4 -64.34
802.8 -64.14
803.2 -64.14
803.6 -64.93
804.0 -65.27
804.4 -64.76
804.8 -64.08
805.2 -64.08
805.6 -63.99
806.0 -62.35
806.4 -60.62
806.8 -57.9
807.2 -53.97
807.6 -50.06
808.0 -48.73
808.4 -49.8
808.8 -50.46
809.2 -54.61
809.6 -61.11
810.0 -63.39
810.4 -63.58
810.8 -63.31
811.2 -63.61
811.6 -63.51
812.0 -64.21
812.4 -64.16
812.8 -64.43
813.2 -64.63
813.6 -64.24
814.0 -64.5
814.4 -64.65
814.8 -64.39
815.2 -65.17
815.6 -64.19
816.0 -64.77
816.4 -64.66
816.8 -64.36
817.2 -63.68
817.6 -63.87
818.0 -64.77
818.4 -63.99
818.8 -64.76
819.2 -64.77
819.6 -63.72
820.0 -63.74
820.4 -63.81
820.8 -64.96
821.2 -64.12
821.6 -65.08
822.0 -64.4
822.4 -64.52
822.8 -63.81
823.2 -63.75
823.6 -64.46
824.0 -63.78
824.4 -63.94
824.8 -63.55
825.2 -65.18
825.6 -64.32
826.0 -64.07
826.4 -63.82
826.8 -64.04
827.2 -64.5
827.6 -64.47
828.0 -63.9
828.4 -64.45
828.8 -64.04
829.2 -63.83
829.6 -64.12
830.0 -64.19
830.4 -63.92
830.8 -64.21
831.2 -63.59
831.6 -63.5
832.0 -64.03
832.4 -63.77
832.8 -63.84
833.2 -64.63
833.6 -63.74
834.0 -64.37
834.4 -63.77
834.8 -64.48
835.2 -63.9
835.6 -63.71
836.0 -64.24
836.4 -63.78
836.8 -64.01
837.2 -64.22
837.6 -64.42
838.0 -64.18
838.4 -64.33
838.8 -63.95
839.2 -64.69
839.6 -64.52
840.0 -64.16
840.4 -64.08
840.8 -64.18
841.2 -65.06
841.6 -65.06
842.0 -63.88
842.4 -64.48
842.8 -64.18
843.2 -64.36
843.6 -64.87
844.0 -64.46
844.4 -64.94
844.8 -64.71
845.2 -65.26
845.6 -64.71
846.0 -64.49
846.4 -64.84
846.8 -64.51
847.2 -64.28
847.6 -64.7
848.0 -64.99
848.4 -65.48
848.8 -65.58
849.2 -64.57
849.6 -65.01
850.0 -65.17
850.4 -66.05
850.8 -64.58
851.2 -65.18
851.6 -64.42
852.0 -64.88
852.4 -64.92
852.8 -65.22
853.2 -65.1
853.6 -64.54
854.0 -64.88
854.4 -64.86
854.8 -64.97
855.2 -64.97
855.6 -64.87
856.0 -65.18
856.4 -64.6
856.8 -65.3
857.2 -65.09
857.6 -64.38
858.0 -65.6
858.4 -66.05
858.8 -65.36
859.2 -65.11
859.6 -65.11
860.0 -65.07
860.4 -65.56
860.8 -64.83
861.2 -65.34
861.6 -65.08
862.0 -65.2
862.4 -65.93
862.8 -65.34
863.2 -64.72
863.6 -64.84
864.0 -65.38
864.4 -65.05
864.8 -65.22
865.2 -65.61
865.6 -65.39
866.0 -65.52
866.4 -65.57
866.8 -65.68
867.2 -65.07
867.6 -65.59
868.0 -65.11
868.4 -64.11
868.8 -65.38
869.2 -64.92
869.6 -66.1
870.0 -65.19
870.4 -65.57
870.8 -64.54
871.2 -65.19
871.6 -65.16
872.0 -66.06
872.4 -65.46
872.8 -65.69
873.2 -65.37
873.6 -65.23
874.0 -65.64
874.4 -64.68
874.8 -65.13
875.2 -64.81
875.6 -64.78
876.0 -65.43
876.4 -64.81
876.8 -64.51
877.2 -65.14
877.6 -65.63
878.0 -66.63
878.4 -65.16
878.8 -65.07
879.2 -65.46
879.6 -65.66
880.0 -65.68
880.4 -65.68
880.8 -65.31
881.2 -65.42
881.6 -65.4
882.0 -65.42
882.4 -65.07
882.8 -65.58
883.2 -64.89
883.6 -65.44
884.0 -65.73
884.4 -64.79
884.8 -65.6
885.2 -64.86
885.6 -65.6
886.0 -65.4
886.4 -65.46
886.8 -64.86
887.2 -65.42
887.6 -65.28
888.0 -65.74
888.4 -65.07
888.8 -65.28
889.2 -64.85
889.6 -65.62
890.0 -65.01
890.4 -64.24
890.8 -65.56
891.2 -66.46
891.6 -65.12
892.0 -65.66
892.4 -65.63
892.8 -65.95
893.2 -65.64
893.6 -65.47
894.0 -65.8
894.4 -65.71
894.8 -66.29
895.2 -65.16
895.6 -65.97
896.0 -65.64
896.4 -65.44
896.8 -65.92
897.2 -65.29
897.6 -65.54
898.0 -65.3
898.4 -66.12
898.8 -65.64
899.2 -65.28
899.6 -65.94
900.0 -65.86
900.4 -66.09
900.8 -66.2
901.2 -66.31
901.6 -66.62
902.0 -65.67
902.4 -65.85
902.8 -67.14
903.2 -65.81
903.6 -66.66
904.0 -66.96
904.4 -66.11
904.8 -65.19
905.2 -65.76
905.6 -66.29
906.0 -65.69
906.4 -66.51
906.8 -66.69
907.2 -66.85
907.6 -66.04
908.0 -66.61
908.4 -65.74
908.8 -66.2
909.2 -66.02
909.6 -66.27
910.0 -66.91
910.4 -66.06
910.8 -66.52
911.2 -66.81
911.6 -66.87
912.0 -66.7
912.4 -65.77
912.8 -65.9
913.2 -66.82
913.6 -66.04
914.0 -67.23
914.4 -66.41
914.8 -65.44
915.2 -66.74
915.6 -66.75
916.0 -65.78
916.4 -66.22
916.8 -66.48
917.2 -67.32
917.6 -67.05
918.0 -67.83
918.4 -67.26
918.8 -66.92
919.2 -67.21
919.6 -66.99
920.0 -66.0
920.4 -67.2
920.8 -66.59
921.2 -66.19
921.6 -66.65
922.0 -66.77
922.4 -66.76
922.8 -67.1
923.2 -66.6
923.6 -67.56
924.0 -67.29
924.4 -68.12
924.8 -68.82
925.2 -66.97
925.6 -66.74
926.0 -66.79
926.4 -66.97
926.8 -67.28
927.2 -66.9
927.6 -66.83
928.0 -67.58
928.4 -66.66
928.8 -66.89
929.2 -67.18
929.6 -66.49
930.0 -67.93
930.4 -67.62
930.8 -67.2
931.2 -66.6
931.6 -67.37
932.0 -66.96
932.4 -67.29
932.8 -67.57
933.2 -67.17
933.6 -68.08
934.0 -67.15
934.4 -67.42
934.8 -67.13
935.2 -67.69
935.6 -67.58
936.0 -67.91
936.4 -67.36
936.8 -67.0
937.2 -66.89
937.6 -67.31
938.0 -66.9
938.4 -66.84
938.8 -68.39
939.2 -67.77
939.6 -68.43
940.0 -66.87
940.4 -67.62
940.8 -67.57
941.2 -67.86
941.6 -67.59
942.0 -67.04
942.4 -67.86
942.8 -68.89
943.2 -67.01
943.6 -67.28
944.0 -68.05
944.4 -67.86
944.8 -68.1
945.2 -67.94
945.6 -68.39
946.0 -67.82
946.4 -68.13
946.8 -67.3
947.2 -67.61
947.6 -68.37
948.0 -67.4
948.4 -68.45
948.8 -67.96
949.2 -68.78
949.6 -67.98
950.0 -68.25
950.4 -69.22
950.8 -67.59
951.2 -67.27
951.6 -68.05
952.0 -67.67
952.4 -67.41
952.8 -67.97
953.2 -67.93
953.6 -68.09
954.0 -68.01
954.4 -68.14
954.8 -67.56
955.2 -67.58
955.6 -67.48
956.0 -67.91
956.4 -67.67
956.8 -67.61
957.2 -66.72
957.6 -68.02
958.0 -68.29
958.4 -67.33
958.8 -68.02
959.2 -66.9
959.6 -67.85
960.0 -67.82
960.4 -67.17
960.8 -67.37
961.2 -67.38
961.6 -67.4
962.0 -67.41
962.4 -66.54
962.8 -68.08
963.2 -66.65
963.6 -66.66
964.0 -66.84
964.4 -67.3
964.8 -67.2
965.2 -66.81
965.6 -66.92
966.0 -67.34
966.4 -66.81
966.8 -67.05
967.2 -67.06
967.6 -67.55
968.0 -66.32
968.4 -66.35
968.8 -67.18
969.2 -66.81
969.6 -67.11
970.0 -67.46
970.4 -66.74
970.8 -67.12
971.2 -66.81
971.6 -66.88
972.0 -67.29
972.4 -66.95
972.8 -67.26
973.2 -67.39
973.6 -67.37
974.0 -67.09
974.4 -66.86
974.8 -66.8
975.2 -66.86
975.6 -66.9
976.0 -67.76
976.4 -67.61
976.8 -66.78
977.2 -67.03
977.6 -67.26
978.0 -66.84
978.4 -67.98
978.8 -67.22
979.2 -66.96
979.6 -67.34
980.0 -67.15
980.4 -67.26
980.8 -67.18
981.2 -66.83
981.6 -67.38
982.0 -66.75
982.4 -66.91
982.8 -66.93
983.2 -66.49
983.6 -66.35
984.0 -66.7
984.4 -66.96
984.8 -66.33
985.2 -66.49
985.6 -66.98
986.0 -66.14
986.4 -66.28
986.8 -66.0
987.2 -66.19
987.6 -65.92
988.0 -65.97
988.4 -65.79
988.8 -66.21
989.2 -65.83
989.6 -65.57
990.0 -65.46
990.4 -65.6
990.8 -65.21
991.2 -65.43
991.6 -65.26
992.0 -64.94
992.4 -64.94
992.8 -65.07
993.2 -65.1
993.6 -65.0
994.0 -64.83
994.4 -64.54
994.8 -65.03
995.2 -64.61
995.6 -64.8
996.0 -64.35
996.4 -64.55
996.8 -64.11
997.2 -64.45
997.6 -64.43
998.0 -64.29
998.4 -64.4
998.8 -64.56
999.2 -64.45
999.6 -64.34
1000.0 -64.25
