600.0 -76.35
600.4 -210.0
600.8 -73.05
601.2 -210.0
601.6 -68.55
602.0 -70.29
602.4 -71.28
602.8 -210.0
603.2 -210.0
603.6 -71.36
604.0 -210.0
604.4 -72.11
604.8 -72.4
605.2 -84.47
605.6 -74.08
606.0 -74.11
606.4 -78.52
606.8 -74.58
607.2 -210.0
607.6 -68.39
608.0 -70.85
608.4 -73.21
608.8 -210.0
609.2 -75.69
609.6 -73.62
610.0 -69.21
610.4 -72.5
610.8 -69.14
611.2 -73.38
611.6 -70.9
612.0 -210.0
612.4 -75.38
612.8 -69.76
613.2 -69.4
613.6 -78.97
614.0 -69.83
614.4 -71.61
614.8 -76.03
615.2 -70.77
615.6 -74.69
616.0 -69.95
616.4 -210.0
616.8 -72.17
617.2 -71.78
617.6 -76.19
618.0 -210.0
618.4 -210.0
618.8 -82.29
619.2 -69.64
619.6 -69.11
620.0 -76.91
620.4 -75.85
620.8 -69.73
621.2 -69.65
621.6 -73.7
622.0 -78.51
622.4 -67.73
622.8 -71.74
623.2 -69.65
623.6 -74.13
624.0 -70.3
624.4 -71.33
624.8 -71.52
625.2 -69.07
625.6 -76.68
626.0 -70.3
626.4 -72.34
626.8 -67.47
627.2 -74.05
627.6 -69.93
628.0 -72.06
628.4 -71.92
628.8 -69.01
629.2 -210.0
629.6 -72.16
630.0 -69.27
630.4 -210.0
630.8 -74.29
631.2 -68.93
631.6 -70.32
632.0 -72.72
632.4 -71.7
632.8 -72.4
633.2 -69.8
633.6 -70.94
634.0 -73.06
634.4 -68.32
634.8 -74.3
635.2 -70.93
635.6 -66.45
636.0 -68.37
636.4 -69.48
636.8 -68.94
637.2 -69.04
637.6 -67.92
638.0 -70.35
638.4 -69.63
638.8 -70.73
639.2 -67.87
639.6 -68.19
640.0 -72.26
640.4 -68.99
640.8 -69.33
641.2 -69.21
641.6 -68.37
642.0 -68.05
642.4 -68.83
642.8 -68.48
643.2 -68.05
643.6 -67.43
644.0 -69.54
644.4 -68.68
644.8 -68.54
645.2 -68.82
645.6 -68.44
646.0 -68.64
646.4 -67.15
646.8 -67.96
647.2 -67.47
647.6 -67.09
648.0 -68.59
648.4 -67.63
648.8 -68.45
649.2 -67.31
649.6 -68.68
650.0 -67.98
650.4 -67.75
650.8 -67.84
651.2 -67.89
651.6 -68.28
652.0 -67.8
652.4 -66.63
652.8 -66.81
653.2 -66.7
653.6 -68.25
654.0 -67.08
654.4 -68.25
654.8 -66.94
655.2 -67.7
655.6 -68.79
656.0 -66.8
656.4 -66.73
656.8 -66.77
657.2 -66.28
657.6 -67.26
658.0 -67.46
658.4 -66.5
658.8 -66.72
659.2 -65.92
659.6 -66.75
660.0 -67.13
660.4 -66.39
660.8 -67.65
661.2 -67.96
661.6 -66.66
662.0 -65.68
662.4 -67.28
662.8 -67.65
663.2 -67.09
663.6 -66.49
664.0 -67.96
664.4 -66.46
664.8 -67.36
665.2 -66.11
665.6 -67.44
666.0 -65.65
666.4 -66.73
666.8 -65.52
667.2 -66.14
667.6 -65.74
668.0 -65.65
668.4 -67.01
668.8 -66.83
669.2 -66.52
669.6 -66.14
670.0 -66.86
670.4 -66.58
670.8 -65.97
671.2 -67.11
671.6 -65.77
672.0 -66.73
672.4 -66.73
672.8 -65.98
673.2 -66.48
673.6 -66.23
674.0 -65.88
674.4 -66.34
674.8 -65.76
675.2 -65.99
675.6 -66.3
676.0 -67.33
676.4 -66.13
676.8 -65.55
677.2 -65.39
677.6 -66.61
678.0 -65.96
678.4 -65.56
678.8 -65.14
679.2 -65.83
679.6 -65.89
680.0 -65.77
680.4 -66.03
680.8 -66.5
681.2 -64.68
681.6 -65.75
682.0 -66.09
682.4 -66.42
682.8 -65.81
683.2 -65.02
683.6 -65.52
684.0 -65.31
684.4 -66.22
684.8 -65.35
685.2 -65.16
685.6 -65.53
686.0 -66.14
686.4 -65.08
686.8 -64.89
687.2 -66.0
687.6 -65.47
688.0 -65.31
688.4 -65.17
688.8 -65.25
689.2 -65.79
689.6 -66.16
690.0 -65.81
690.4 -65.24
690.8 -65.43
691.2 -66.01
691.6 -64.98
692.0 -65.38
692.4 -65.06
692.8 -64.74
693.2 -65.85
693.6 -65.47
694.0 -65.81
694.4 -64.69
694.8 -65.77
695.2 -66.04
695.6 -64.59
696.0 -65.27
696.4 -66.15
696.8 -65.93
697.2 -65.47
697.6 -65.33
698.0 -65.32
698.4 -65.23
698.8 -66.39
699.2 -65.58
699.6 -65.33
700.0 -65.26
700.4 -65.71
700.8 -65.53
701.2 -65.3
701.6 -65.52
702.0 -64.4
702.4 -64.64
702.8 -65.22
703.2 -65.27
703.6 -65.11
704.0 -65.23
704.4 -65.09
704.8 -65.87
705.2 -65.21
705.6 -65.8
706.0 -64.81
706.4 -64.65
706.8 -65.22
707.2 -65.15
707.6 -65.18
708.0 -65.54
708.4 -64.46
708.8 -65.24
709.2 -65.02
709.6 -64.91
710.0 -65.48
710.4 -65.39
710.8 -65.94
711.2 -65.94
711.6 -65.58
712.0 -65.18
712.4 -65.23
712.8 -66.16
713.2 -65.99
713.6 -65.21
714.0 -64.76
714.4 -65.32
714.8 -64.8
715.2 -65.7
715.6 -65.89
716.0 -64.4
716.4 -65.1
716.8 -65.38
717.2 -65.17
717.6 -64.95
718.0 -65.67
718.4 -65.16
718.8 -65.35
719.2 -65.04
719.6 -65.12
720.0 -65.77
720.4 -65.58
720.8 -66.14
721.2 -65.3
721.6 -66.0
722.0 -65.95
722.4 -65.6
722.8 -65.28
723.2 -65.91
723.6 -65.71
724.0 -66.21
724.4 -65.13
724.8 -65.5
725.2 -65.12
725.6 -65.21
726.0 -65.2
726.4 -65.25
726.8 -65.39
727.2 -65.74
727.6 -65.55
728.0 -65.79
728.4 -65.29
728.8 -65.17
729.2 -65.53
729.6 -65.62
730.0 -65.21
730.4 -64.85
730.8 -66.11
731.2 -64.87
731.6 -65.6
732.0 -65.75
732.4 -64.97
732.8 -65.5
733.2 -65.91
733.6 -66.38
734.0 -64.46
734.4 -65.2
734.8 -65.38
735.2 -65.2
735.6 -64.69
736.0 -64.54
736.4 -65.24
736.8 -64.9
737.2 -66.51
737.6 -65.45
738.0 -66.27
738.4 -65.41
738.8 -65.5
739.2 -65.69
739.6 -64.93
740.0 -65.72
740.4 -66.17
740.8 -64.76
741.2 -65.81
741.6 -65.61
742.0 -64.67
742.4 -65.71
742.8 -65.05
743.2 -64.96
743.6 -65.97
744.0 -64.81
744.4 -65.49
744.8 -64.98
745.2 -65.75
745.6 -66.13
746.0 -65.23
746.4 -65.39
746.8 -65.54
747.2 -66.43
747.6 -65.6
748.0 -65.47
748.4 -65.37
748.8 -64.86
749.2 -65.37
749.6 -65.76
750.0 -65.42
750.4 -65.39
750.8 -65.5
751.2 -66.09
751.6 -64.75
752.0 -65.52
752.4 -66.5
752.8 -65.54
753.2 -65.71
753.6 -65.09
754.0 -65.24
754.4 -64.91
754.8 -64.88
755.2 -65.75
755.6 -65.01
756.0 -65.6
756.4 -64.77
756.8 -65.17
757.2 -66.44
757.6 -65.01
758.0 -65.65
758.4 -65.71
758.8 -64.77
759.2 -64.96
759.6 -65.05
760.0 -65.32
760.4 -64.48
760.8 -65.44
761.2 -65.09
761.6 -65.51
762.0 -64.51
762.4 -65.46
762.8 -64.48
763.2 -65.23
763.6 -65.49
764.0 -65.09
764.4 -65.75
764.8 -65.05
765.2 -65.24
765.6 -64.38
766.0 -65.63
766.4 -64.83
766.8 -65.16
767.2 -65.03
767.6 -64.85
768.0 -66.41
768.4 -65.02
768.8 -65.04
769.2 -64.66
769.6 -65.07
770.0 -64.71
770.4 -64.82
770.8 -65.42
771.2 -65.38
771.6 -64.85
772.0 -64.64
772.4 -65.15
772.8 -65.37
773.2 -64.87
773.6 -64.24
774.0 -65.67
774.4 -64.55
774.8 -64.89
775.2 -65.46
775.6 -65.04
776.0 -64.3
776.4 -64.82
776.8 -65.06
777.2 -66.15
777.6 -65.19
778.0 -64.67
778.4 -65.41
778.8 -65.38
779.2 -65.62
779.6 -64.93
780.0 -64.74
780.4 -65.71
780.8 -64.8
781.2 -64.36
781.6 -64.04
782.0 -64.91
782.4 -65.29
782.8 -65.03
783.2 -64.39
783.6 -64.78
784.0 -64.55
784.4 -64.9
784.8 -64.33
785.2 -64.74
785.6 -64.54
786.0 -64.8
786.4 -65.71
786.8 -64.48
787.2 -63.79
787.6 -64.73
788.0 -64.82
788.4 -66.04
788.8 -64.44
789.2 -64.9
789.6 -64.39
790.0 -64.49
790.4 -64.8
790.8 -64.51
791.2 -64.45
791.6 -64.34
792.0 -64.82
792.4 -64.37
792.8 -64.3
793.2 -64.75
793.6 -65.03
794.0 -65.66
794.4 -64.86
794.8 -64.51
795.2 -64.8
795.6 -63.83
796.0 -64.13
796.4 -63.9
796.8 -63.29
797.2 -63.47
797.6 -64.41
798.0 -64.12
798.4 -64.51
798.8 -63.69
799.2 -65.21
799.6 -65.18
800.0 -64.15
800.4 -63.32
800.8 -64.23
801.2 -63.76
801.6 -64.06
802.0 -63.35
802.4 -63.91
802.8 -63.87
803.2 -63.36
803.6 -64.04
804.0 -64.15
804.4 -63.78
804.8 -63.78
805.2 -63.71
805.6 -63.15
806.0 -61.91
806.4 -60.2
806.8 -57.26
807.2 -53.59
807.6 -49.65
808.0 -48.25
808.4 -49.18
808.8 -49.9
809.2 -53.92
809.6 -61.01
810.0 -62.87
810.4 -63.05
810.8 -62.96
811.2 -64.14
811.6 -63.29
812.0 -63.54
812.4 -63.52
812.8 -64.09
813.2 -63.67
813.6 -63.62
814.0 -63.94
814.4 -63.97
814.8 -63.86
815.2 -63.84
815.6 -64.76
816.0 -63.72
816.4 -63.99
816.8 -63.53
817.2 -63.27
817.6 -63.94
818.0 -63.51
818.4 -63.37
818.8 -63.75
819.2 -63.81
819.6 -64.14
820.0 -63.41
820.4 -63.79
820.8 -63.18
821.2 -63.49
821.6 -63.04
822.0 -62.92
822.4 -63.5
822.8 -63.64
823.2 -64.08
823.6 -63.52
824.0 -63.8
824.4 -63.81
824.8 -63.89
825.2 -63.44
825.6 -63.71
826.0 -63.85
826.4 -63.59
826.8 -64.09
827.2 -63.25
827.6 -63.72
828.0 -63.53
828.4 -63.45
828.8 -64.02
829.2 -63.66
829.6 -63.69
830.0 -63.52
830.4 -63.18
830.8 -63.56
831.2 -63.31
831.6 -63.54
832.0 -64.56
832.4 -63.6
832.8 -63.35
833.2 -63.6
833.6 -63.69
834.0 -63.35
834.4 -64.12
834.8 -63.63
835.2 -63.06
835.6 -63.12
836.0 -63.1
836.4 -63.17
836.8 -63.47
837.2 -63.58
837.6 -63.81
838.0 -63.47
838.4 -63.6
838.8 -63.95
839.2 -63.53
839.6 -64.42
840.0 -64.12
840.4 -63.9
840.8 -64.01
841.2 -63.6
841.6 -64.23
842.0 -63.9
842.4 -63.49
842.8 -63.89
843.2 -64.24
843.6 -64.28
844.0 -63.61
844.4 -63.83
844.8 -63.5
845.2 -64.29
845.6 -64.16
846.0 -64.19
846.4 -64.66
846.8 -63.52
847.2 -63.25
847.6 -63.87
848.0 -63.94
848.4 -63.92
848.8 -63.98
849.2 -64.11
849.6 -64.03
850.0 -63.98
850.4 -64.04
850.8 -63.91
851.2 -64.38
851.6 -64.34
852.0 -63.87
852.4 -63.99
852.8 -64.04
853.2 -63.78
853.6 -63.68
854.0 -64.16
854.4 -64.26
854.8 -64.28
855.2 -63.58
855.6 -64.11
856.0 -63.85
856.4 -64.5
856.8 -63.87
857.2 -63.74
857.6 -64.2
858.0 -64.09
858.4 -64.09
858.8 -64.11
859.2 -63.8
859.6 -64.02
860.0 -64.05
860.4 -63.93
860.8 -64.43
861.2 -64.31
861.6 -64.06
862.0 -64.18
862.4 -64.57
862.8 -64.27
863.2 -64.05
863.6 -64.14
864.0 -64.04
864.4 -63.96
864.8 -63.98
865.2 -64.3
865.6 -63.59
866.0 -64.16
866.4 -64.27
866.8 -64.44
867.2 -64.54
867.6 -63.65
868.0 -64.46
868.4 -64.15
868.8 -64.65
869.2 -64.26
869.6 -63.91
870.0 -63.48
870.4 -64.26
870.8 -64.35
871.2 -63.9
871.6 -64.5
872.0 -63.85
872.4 -64.4
872.8 -63.69
873.2 -64.1
873.6 -64.36
874.0 -64.51
874.4 -64.37
874.8 -64.32
875.2 -64.19
875.6 -64.48
876.0 -64.52
876.4 -64.56
876.8 -64.06
877.2 -63.99
877.6 -64.77
878.0 -64.16
878.4 -64.25
878.8 -64.37
879.2 -64.02
879.6 -64.53
880.0 -64.5
880.4 -63.74
880.8 -63.8
881.2 -64.22
881.6 -64.13
882.0 -64.64
882.4 -63.4
882.8 -63.92
883.2 -64.31
883.6 -64.38
884.0 -63.79
884.4 -64.74
884.8 -63.97
885.2 -63.7
885.6 -63.62
886.0 -64.53
886.4 -63.99
886.8 -63.48
887.2 -64.12
887.6 -64.0
888.0 -63.69
888.4 -64.02
888.8 -64.12
889.2 -64.19
889.6 -63.71
890.0 -64.51
890.4 -64.16
890.8 -64.02
891.2 -63.63
891.6 -64.25
892.0 -63.66
892.4 -63.85
892.8 -64.51
893.2 -64.12
893.6 -64.02
894.0 -64.11
894.4 -63.81
894.8 -64.18
895.2 -63.65
895.6 -64.21
896.0 -64.05
896.4 -64.07
896.8 -64.0
897.2 -63.94
897.6 -63.96
898.0 -64.05
898.4 -64.07
898.8 -64.18
899.2 -63.96
899.6 -64.0
900.0 -64.17
900.4 -64.2
900.8 -64.38
901.2 -64.24
901.6 -64.87
902.0 -64.88
902.4 -64.2
902.8 -64.03
903.2 -64.28
903.6 -64.81
904.0 -64.66
904.4 -64.18
904.8 -64.29
905.2 -64.04
905.6 -64.72
906.0 -65.08
906.4 -63.97
906.8 -64.27
907.2 -64.22
907.6 -64.47
908.0 -64.25
908.4 -64.04
908.8 -64.29
909.2 -64.62
909.6 -63.75
910.0 -64.7
910.4 -64.34
910.8 -64.17
911.2 -63.98
911.6 -63.84
912.0 -64.05
912.4 -64.24
912.8 -64.07
913.2 -63.99
913.6 -63.87
914.0 -64.31
914.4 -64.08
914.8 -64.64
915.2 -63.97
915.6 -63.74
916.0 -64.32
916.4 -64.34
916.8 -64.07
917.2 -64.16
917.6 -64.29
918.0 -64.43
918.4 -64.28
918.8 -64.1
919.2 -64.15
919.6 -64.21
920.0 -64.12
920.4 -64.52
920.8 -64.53
921.2 -63.86
921.6 -64.26
922.0 -64.33
922.4 -64.16
922.8 -64.39
923.2 -64.17
923.6 -64.55
924.0 -64.7
924.4 -64.5
924.8 -64.86
925.2 -64.44
925.6 -64.25
926.0 -64.68
926.4 -64.62
926.8 -64.81
927.2 -64.69
927.6 -65.06
928.0 -64.83
928.4 -64.31
928.8 -65.37
929.2 -64.74
929.6 -65.03
930.0 -65.31
930.4 -65.13
930.8 -64.47
931.2 -64.86
931.6 -65.05
932.0 -65.1
932.4 -64.93
932.8 -64.83
933.2 -65.11
933.6 -64.87
934.0 -65.2
934.4 -65.15
934.8 -64.91
935.2 -65.91
935.6 -65.5
936.0 -64.88
936.4 -65.21
936.8 -64.99
937.2 -64.56
937.6 -64.92
938.0 -65.06
938.4 -64.49
938.8 -64.55
939.2 -64.53
939.6 -64.9
940.0 -65.0
940.4 -64.95
940.8 -64.85
941.2 -65.05
941.6 -64.45
942.0 -64.84
942.4 -64.41
942.8 -65.42
943.2 -64.85
943.6 -65.19
944.0 -64.81
944.4 -64.59
944.8 -64.49
945.2 -64.86
945.6 -64.76
946.0 -64.6
946.4 -65.0
946.8 -64.92
947.2 -65.06
947.6 -64.73
948.0 -65.17
948.4 -64.64
948.8 -64.79
949.2 -64.8
949.6 -64.71
950.0 -65.14
950.4 -64.91
950.8 -64.86
951.2 -64.93
951.6 -64.87
952.0 -64.41
952.4 -64.84
952.8 -65.18
953.2 -65.43
953.6 -65.47
954.0 -65.01
954.4 -64.9
954.8 -65.12
955.2 -65.13
955.6 -65.18
956.0 -64.7
956.4 -65.2
956.8 -65.17
957.2 -64.8
957.6 -65.38
958.0 -65.45
958.4 -65.2
958.8 -65.7
959.2 -64.6
959.6 -64.91
960.0 -65.2
960.4 -64.72
960.8 -65.33
961.2 -65.24
961.6 -64.95
962.0 -64.86
962.4 -64.86
962.8 -64.86
963.2 -64.79
963.6 -64.4
964.0 -64.76
964.4 -64.65
964.8 -64.84
965.2 -64.58
965.6 -64.53
966.0 -65.08
966.4 -64.69
966.8 -64.74
967.2 -64.93
967.6 -64.69
968.0 -64.57
968.4 -64.75
968.8 -64.86
969.2 -65.06
969.6 -64.92
970.0 -64.71
970.4 -64.93
970.8 -65.01
971.2 -64.9
971.6 -64.41
972.0 -64.71
972.4 -65.01
972.8 -64.85
973.2 -64.62
973.6 -65.08
974.0 -64.77
974.4 -64.45
974.8 -64.71
975.2 -64.74
975.6 -64.88
976.0 -64.93
976.4 -64.98
976.8 -65.12
977.2 -64.69
977.6 -65.07
978.0 -65.11
978.4 -65.03
978.8 -64.88
979.2 -64.79
979.6 -64.76
980.0 -64.81
980.4 -65.04
980.8 -64.61
981.2 -64.88
981.6 -64.71
982.0 -64.43
982.4 -64.39
982.8 -64.39
983.2 -64.48
983.6 -64.28
984.0 -64.33
984.4 -63.96
984.8 -64.24
985.2 -63.85
985.6 -63.96
986.0 -64.18
986.4 -64.06
986.8 -63.82
987.2 -63.96
987.6 -63.68
988.0 -63.69
988.4 -63.67
988.8 -63.66
989.2 -63.8
989.6 -63.73
990.0 -63.61
990.4 -63.56
990.8 -63.55
991.2 -63.5
991.6 -63.54
992.0 -63.43
992.4 -63.28
992.8 -63.42
993.2 -63.02
993.6 -63.14
994.0 -63.12
994.4 -63.18
994.8 -62.83
995.2 -62.89
995.6 -63.02
996.0 -62.89
996.4 -62.94
996.8 -63.09
997.2 -62.67
997.6 -62.97
998.0 -62.84
998.4 -63.02
998.8 -63.04
999.2 -62.78
999.6 -62.83
1000.0 -62.82
