600.0 -74.59
600.4 -81.15
600.8 -210.0
601.2 -78.18
601.6 -74.24
602.0 -75.23
602.4 -72.82
602.8 -72.27
603.2 -210.0
603.6 -210.0
604.0 -81.39
604.4 -71.63
604.8 -74.03
605.2 -210.0
605.6 -74.5
606.0 -210.0
606.4 -84.55
606.8 -69.95
607.2 -210.0
607.6 -70.15
608.0 -77.67
608.4 -210.0
608.8 -84.71
609.2 -73.93
609.6 -210.0
610.0 -75.23
610.4 -71.8
610.8 -67.58
611.2 -73.38
611.6 -70.73
612.0 -210.0
612.4 -73.16
612.8 -210.0
613.2 -84.97
613.6 -210.0
614.0 -72.71
614.4 -72.25
614.8 -210.0
615.2 -75.54
615.6 -76.07
616.0 -71.16
616.4 -210.0
616.8 -210.0
617.2 -85.21
617.6 -210.0
618.0 -70.48
618.4 -72.05
618.8 -210.0
619.2 -73.86
619.6 -210.0
620.0 -74.23
620.4 -72.84
620.8 -79.39
621.2 -82.44
621.6 -210.0
622.0 -70.58
622.4 -210.0
622.8 -82.54
623.2 -71.42
623.6 -210.0
624.0 -74.15
624.4 -210.0
624.8 -74.53
625.2 -82.69
625.6 -210.0
626.0 -76.2
626.4 -80.99
626.8 -210.0
627.2 -74.35
627.6 -72.42
628.0 -76.83
628.4 -210.0
628.8 -210.0
629.2 -210.0
629.6 -210.0
630.0 -210.0
630.4 -73.47
630.8 -72.25
631.2 -71.03
631.6 -210.0
632.0 -70.7
632.4 -86.18
632.8 -210.0
633.2 -80.21
633.6 -210.0
634.0 -80.26
634.4 -71.13
634.8 -72.2
635.2 -77.34
635.6 -74.36
636.0 -76.02
636.4 -210.0
636.8 -72.18
637.2 -71.34
637.6 -72.41
638.0 -71.02
638.4 -74.85
638.8 -71.46
639.2 -79.69
639.6 -72.23
640.0 -73.73
640.4 -70.75
640.8 -69.91
641.2 -73.04
641.6 -72.26
642.0 -86.92
642.4 -74.91
642.8 -71.94
643.2 -73.8
643.6 -70.34
644.0 -69.94
644.4 -74.13
644.8 -68.98
645.2 -69.96
645.6 -69.61
646.0 -70.46
646.4 -73.51
646.8 -75.89
647.2 -72.61
647.6 -72.65
648.0 -70.73
648.4 -70.77
648.8 -77.54
649.2 -70.24
649.6 -68.57
650.0 -73.47
650.4 -70.8
650.8 -70.54
651.2 -70.14
651.6 -74.62
652.0 -70.81
652.4 -68.0
652.8 -70.0
653.2 -69.57
653.6 -70.57
654.0 -70.24
654.4 -71.85
654.8 -74.43
655.2 -69.33
655.6 -70.1
656.0 -71.43
656.4 -69.88
656.8 -71.33
657.2 -69.22
657.6 -70.77
658.0 -67.9
658.4 -70.35
658.8 -69.05
659.2 -70.05
659.6 -71.06
660.0 -68.94
660.4 -70.79
660.8 -70.54
661.2 -70.29
661.6 -71.67
662.0 -69.12
662.4 -72.78
662.8 -71.07
663.2 -67.78
663.6 -71.16
664.0 -70.79
664.4 -68.45
664.8 -69.91
665.2 -71.36
665.6 -69.5
666.0 -69.99
666.4 -69.7
666.8 -71.07
667.2 -69.37
667.6 -70.45
668.0 -69.84
668.4 -69.91
668.8 -70.79
669.2 -69.24
669.6 -70.21
670.0 -71.35
670.4 -69.36
670.8 -69.1
671.2 -71.24
671.6 -70.43
672.0 -69.6
672.4 -69.15
672.8 -70.02
673.2 -69.87
673.6 -73.18
674.0 -68.95
674.4 -67.91
674.8 -70.31
675.2 -71.1
675.6 -69.37
676.0 -67.46
676.4 -69.43
676.8 -69.29
677.2 -68.07
677.6 -68.81
678.0 -70.7
678.4 -68.63
678.8 -68.67
679.2 -71.8
679.6 -68.4
680.0 -71.9
680.4 -69.66
680.8 -68.82
681.2 -68.23
681.6 -67.93
682.0 -67.87
682.4 -68.31
682.8 -69.69
683.2 -70.3
683.6 -72.91
684.0 -69.47
684.4 -69.07
684.8 -67.98
685.2 -72.46
685.6 -68.71
686.0 -67.73
686.4 -70.43
686.8 -68.98
687.2 -70.09
687.6 -68.04
688.0 -68.91
688.4 -66.79
688.8 -67.52
689.2 -70.14
689.6 -68.71
690.0 -67.59
690.4 -67.71
690.8 -68.87
691.2 -68.63
691.6 -68.3
692.0 -68.18
692.4 -67.87
692.8 -67.59
693.2 -68.37
693.6 -68.06
694.0 -69.13
694.4 -67.99
694.8 -68.46
695.2 -68.57
695.6 -69.38
696.0 -67.78
696.4 -66.75
696.8 -69.16
697.2 -67.09
697.6 -68.59
698.0 -68.82
698.4 -68.4
698.8 -68.81
699.2 -67.77
699.6 -69.61
700.0 -68.38
700.4 -69.1
700.8 -67.8
701.2 -67.42
701.6 -66.95
702.0 -68.89
702.4 -67.4
702.8 -67.63
703.2 -68.62
703.6 -70.01
704.0 -68.55
704.4 -68.48
704.8 -67.5
705.2 -67.31
705.6 -68.9
706.0 -68.02
706.4 -66.91
706.8 -68.28
707.2 -65.8
707.6 -67.42
708.0 -67.79
708.4 -68.25
708.8 -66.96
709.2 -66.95
709.6 -67.43
710.0 -67.81
710.4 -67.57
710.8 -68.51
711.2 -68.39
711.6 -66.2
712.0 -67.14
712.4 -67.89
712.8 -67.44
713.2 -69.2
713.6 -68.6
714.0 -67.72
714.4 -68.3
714.8 -67.71
715.2 -68.4
715.6 -66.68
716.0 -67.27
716.4 -67.45
716.8 -68.45
717.2 -67.39
717.6 -67.25
718.0 -67.93
718.4 -68.26
718.8 -70.43
719.2 -67.32
719.6 -66.37
720.0 -66.08
720.4 -66.4
720.8 -67.08
721.2 -67.64
721.6 -67.04
722.0 -68.7
722.4 -66.94
722.8 -66.3
723.2 -68.5
723.6 -65.94
724.0 -67.46
724.4 -67.92
724.8 -67.55
725.2 -66.62
725.6 -67.0
726.0 -66.57
726.4 -66.86
726.8 -66.26
727.2 -66.68
727.6 -66.98
728.0 -68.45
728.4 -67.47
728.8 -66.62
729.2 -68.63
729.6 -66.5
730.0 -67.91
730.4 -68.14
730.8 -66.48
731.2 -67.64
731.6 -65.97
732.0 -66.36
732.4 -66.39
732.8 -66.51
733.2 -66.5
733.6 -67.52
734.0 -67.57
734.4 -66.65
734.8 -66.74
735.2 -66.26
735.6 -67.21
736.0 -68.03
736.4 -67.06
736.8 -67.8
737.2 -66.55
737.6 -67.24
738.0 -67.24
738.4 -66.92
738.8 -66.53
739.2 -65.76
739.6 -67.23
740.0 -66.4
740.4 -67.08
740.8 -67.36
741.2 -66.98
741.6 -66.39
742.0 -66.63
742.4 -65.57
742.8 -67.75
743.2 -66.19
743.6 -66.71
744.0 -66.78
744.4 -66.29
744.8 -68.37
745.2 -67.28
745.6 -66.77
746.0 -67.04
746.4 -66.95
746.8 -66.95
747.2 -65.91
747.6 -66.98
748.0 -67.77
748.4 -66.58
748.8 -66.88
749.2 -66.19
749.6 -66.0
750.0 -66.57
750.4 -66.66
750.8 -66.48
751.2 -67.14
751.6 -66.72
752.0 -65.82
752.4 -66.5
752.8 -66.92
753.2 -66.83
753.6 -67.05
754.0 -67.24
754.4 -66.77
754.8 -66.12
755.2 -66.0
755.6 -66.15
756.0 -67.16
756.4 -67.57
756.8 -65.42
757.2 -65.87
757.6 -66.69
758.0 -66.31
758.4 -65.88
758.8 -65.81
759.2 -66.71
759.6 -67.12
760.0 -67.85
760.4 -65.35
760.8 -66.6
761.2 -65.82
761.6 -65.78
762.0 -66.1
762.4 -65.43
762.8 -67.13
763.2 -66.54
763.6 -66.85
764.0 -65.61
764.4 -67.22
764.8 -66.61
765.2 -66.27
765.6 -66.0
766.0 -65.95
766.4 -66.47
766.8 -66.09
767.2 -66.02
767.6 -66.54
768.0 -66.16
768.4 -66.49
768.8 -65.67
769.2 -65.33
769.6 -65.39
770.0 -66.43
770.4 -66.43
770.8 -65.55
771.2 -65.38
771.6 -67.58
772.0 -66.55
772.4 -66.55
772.8 -66.17
773.2 -66.13
773.6 -65.21
774.0 -65.85
774.4 -66.32
774.8 -67.24
775.2 -65.2
775.6 -65.64
776.0 -65.49
776.4 -66.48
776.8 -65.59
777.2 -65.49
777.6 -66.15
778.0 -66.93
778.4 -65.31
778.8 -65.48
779.2 -65.91
779.6 -65.51
780.0 -65.11
780.4 -65.23
780.8 -65.97
781.2 -65.14
781.6 -65.89
782.0 -64.62
782.4 -65.42
782.8 -65.39
783.2 -65.55
783.6 -65.8
784.0 -65.69
784.4 -65.45
784.8 -65.54
785.2 -65.37
785.6 -65.17
786.0 -65.83
786.4 -65.23
786.8 -65.13
787.2 -65.57
787.6 -65.1
788.0 -65.9
788.4 -65.63
788.8 -65.81
789.2 -66.46
789.6 -65.56
790.0 -65.91
790.4 -65.37
790.8 -65.84
791.2 -65.72
791.6 -64.79
792.0 -64.31
792.4 -65.33
792.8 -65.29
793.2 -65.06
793.6 -65.09
794.0 -65.41
794.4 -64.89
794.8 -65.62
795.2 -64.8
795.6 -64.98
796.0 -64.1
796.4 -65.07
796.8 -65.2
797.2 -64.49
797.6 -65.5
798.0 -64.75
798.4 -64.68
798.8 -65.18
799.2 -64.89
799.6 -65.59
800.0 -64.91
800.4 -65.2
800.8 -64.47
801.2 -64.77
801.6 -65.05
802.0 -65.35
802.4 -64.62
802.8 -64.25
803.2 -63.87
803.6 -64.27
804.0 -65.33
804.4 -64.79
804.8 -64.64
805.2 -64.15
805.6 -63.61
806.0 -62.87
806.4 -61.57
806.8 -57.78
807.2 -54.2
807.6 -50.21
808.0 -48.81
808.4 -49.8
808.8 -50.29
809.2 -54.0
809.6 -61.45
810.0 -63.31
810.4 -64.23
810.8 -64.65
811.2 -64.4
811.6 -64.86
812.0 -65.66
812.4 -64.81
812.8 -64.73
813.2 -64.89
813.6 -65.87
814.0 -65.38
814.4 -65.22
814.8 -64.47
815.2 -64.52
815.6 -64.14
816.0 -65.09
816.4 -64.63
816.8 -64.29
817.2 -64.96
817.6 -64.13
818.0 -64.71
818.4 -64.72
818.8 -64.51
819.2 -65.61
819.6 -64.8
820.0 -65.11
820.4 -64.24
820.8 -64.44
821.2 -65.34
821.6 -64.82
822.0 -64.03
822.4 -64.77
822.8 -64.8
823.2 -64.4
823.6 -64.38
824.0 -65.51
824.4 -64.49
824.8 -64.61
825.2 -64.78
825.6 -65.06
826.0 -64.28
826.4 -64.67
826.8 -65.11
827.2 -63.92
827.6 -64.52
828.0 -65.26
828.4 -64.7
828.8 -64.92
829.2 -64.15
829.6 -63.9
830.0 -64.42
830.4 -63.96
830.8 -64.37
831.2 -64.19
831.6 -64.39
832.0 -64.01
832.4 -64.59
832.8 -64.13
833.2 -64.85
833.6 -64.41
834.0 -64.86
834.4 -64.06
834.8 -63.78
835.2 -63.51
835.6 -63.84
836.0 -63.96
836.4 -64.66
836.8 -64.07
837.2 -64.58
837.6 -64.11
838.0 -64.1
838.4 -63.98
838.8 -63.9
839.2 -63.68
839.6 -64.17
840.0 -64.1
840.4 -63.49
840.8 -63.84
841.2 -63.77
841.6 -63.7
842.0 -63.19
842.4 -64.0
842.8 -63.89
843.2 -63.48
843.6 -63.46
844.0 -64.92
844.4 -63.59
844.8 -63.4
845.2 -63.58
845.6 -63.27
846.0 -63.67
846.4 -63.67
846.8 -63.48
847.2 -63.8
847.6 -63.51
848.0 -63.71
848.4 -63.54
848.8 -64.05
849.2 -63.39
849.6 -63.25
850.0 -63.6
850.4 -63.88
850.8 -63.58
851.2 -63.5
851.6 -63.45
852.0 -63.59
852.4 -63.44
852.8 -63.08
853.2 -63.27
853.6 -63.02
854.0 -63.52
854.4 -63.27
854.8 -63.48
855.2 -62.97
855.6 -63.25
856.0 -62.8
856.4 -63.37
856.8 -63.44
857.2 -63.4
857.6 -63.35
858.0 -63.53
858.4 -63.18
858.8 -63.03
859.2 -62.86
859.6 -62.84
860.0 -62.93
860.4 -62.67
860.8 -63.17
861.2 -62.83
861.6 -62.78
862.0 -62.98
862.4 -62.71
862.8 -63.06
863.2 -62.71
863.6 -63.08
864.0 -62.52
864.4 -62.66
864.8 -62.63
865.2 -62.72
865.6 -62.64
866.0 -62.82
866.4 -62.68
866.8 -62.71
867.2 -62.51
867.6 -62.04
868.0 -62.94
868.4 -62.47
868.8 -62.96
869.2 -62.46
869.6 -62.61
870.0 -62.72
870.4 -62.81
870.8 -62.61
871.2 -62.5
871.6 -62.13
872.0 -62.15
872.4 -62.46
872.8 -62.48
873.2 -62.45
873.6 -62.68
874.0 -62.39
874.4 -62.52
874.8 -62.54
875.2 -62.48
875.6 -62.07
876.0 -62.43
876.4 -62.08
876.8 -62.27
877.2 -62.24
877.6 -62.6
878.0 -62.31
878.4 -62.25
878.8 -61.67
879.2 -62.22
879.6 -62.03
880.0 -62.14
880.4 -62.16
880.8 -62.34
881.2 -62.12
881.6 -62.02
882.0 -61.73
882.4 -61.93
882.8 -62.12
883.2 -62.32
883.6 -62.21
884.0 -62.17
884.4 -61.99
884.8 -62.22
885.2 -62.2
885.6 -61.93
886.0 -61.97
886.4 -62.07
886.8 -62.18
887.2 -62.13
887.6 -62.19
888.0 -61.69
888.4 -62.01
888.8 -62.34
889.2 -61.88
889.6 -62.02
890.0 -62.24
890.4 -62.26
890.8 -61.67
891.2 -62.13
891.6 -61.69
892.0 -61.46
892.4 -61.72
892.8 -61.81
893.2 -61.68
893.6 -61.57
894.0 -61.82
894.4 -61.94
894.8 -61.9
895.2 -61.63
895.6 -61.77
896.0 -61.82
896.4 -62.11
896.8 -61.91
897.2 -61.43
897.6 -62.15
898.0 -61.89
898.4 -61.81
898.8 -61.49
899.2 -61.74
899.6 -61.54
900.0 -61.47
900.4 -61.98
900.8 -61.57
901.2 -61.66
901.6 -61.73
902.0 -61.47
902.4 -61.59
902.8 -61.42
903.2 -61.62
903.6 -61.25
904.0 -61.36
904.4 -61.42
904.8 -61.39
905.2 -61.38
905.6 -61.18
906.0 -61.34
906.4 -61.12
906.8 -61.35
907.2 -61.54
907.6 -61.33
908.0 -61.65
908.4 -61.45
908.8 -61.32
909.2 -61.32
909.6 -61.05
910.0 -61.04
910.4 -61.03
910.8 -61.01
911.2 -61.15
911.6 -61.04
912.0 -61.04
912.4 -60.85
912.8 -60.76
913.2 -60.8
913.6 -61.08
914.0 -60.97
914.4 -60.94
914.8 -60.85
915.2 -60.88
915.6 -60.87
916.0 -60.63
916.4 -60.49
916.8 -60.67
917.2 -60.73
917.6 -60.87
918.0 -60.73
918.4 -60.64
918.8 -60.77
919.2 -60.75
919.6 -60.64
920.0 -60.63
920.4 -60.78
920.8 -60.66
921.2 -60.8
921.6 -60.57
922.0 -60.53
922.4 -60.51
922.8 -60.45
923.2 -60.54
923.6 -60.37
924.0 -60.55
924.4 -60.57
924.8 -60.48
925.2 -60.34
925.6 -60.49
926.0 -60.51
926.4 -60.33
926.8 -60.17
927.2 -60.31
927.6 -60.16
928.0 -60.35
928.4 -60.23
928.8 -59.99
929.2 -60.35
929.6 -60.16
930.0 -60.13
930.4 -60.21
930.8 -60.02
931.2 -60.03
931.6 -60.14
932.0 -60.08
932.4 -60.05
932.8 -59.8
933.2 -59.78
933.6 -59.67
934.0 -60.06
934.4 -59.94
934.8 -59.87
935.2 -59.97
935.6 -59.81
936.0 -59.72
936.4 -59.92
936.8 -59.85
937.2 -59.78
937.6 -59.77
938.0 -59.89
938.4 -59.59
938.8 -59.76
939.2 -59.85
939.6 -59.81
940.0 -59.79
940.4 -59.77
940.8 -59.68
941.2 -59.94
941.6 -59.81
942.0 -59.72
942.4 -59.67
942.8 -59.53
943.2 -59.61
943.6 -59.61
944.0 -59.45
944.4 -59.53
944.8 -59.49
945.2 -59.48
945.6 -59.37
946.0 -59.48
946.4 -59.41
946.8 -59.5
947.2 -59.47
947.6 -59.52
948.0 -59.46
948.4 -59.33
948.8 -59.33
949.2 -59.41
949.6 -59.18
950.0 -59.21
950.4 -59.07
950.8 -59.25
951.2 -59.31
951.6 -59.35
952.0 -59.31
952.4 -59.28
952.8 -59.18
953.2 -59.21
953.6 -59.25
954.0 -59.26
954.4 -59.2
954.8 -59.38
955.2 -59.31
955.6 -59.13
956.0 -59.41
956.4 -59.2
956.8 -59.31
957.2 -59.16
957.6 -59.2
958.0 -59.22
958.4 -59.18
958.8 -59.3
959.2 -58.98
959.6 -59.01
960.0 -59.06
960.4 -58.93
960.8 -58.89
961.2 -59.05
961.6 -58.9
962.0 -58.91
962.4 -58.84
962.8 -58.94
963.2 -58.75
963.6 -58.81
964.0 -58.81
964.4 -58.75
964.8 -58.78
965.2 -58.57
965.6 -58.48
966.0 -58.69
966.4 -58.57
966.8 -58.62
967.2 -58.72
967.6 -58.76
968.0 -58.67
968.4 -58.69
968.8 -58.68
969.2 -58.74
969.6 -58.71
970.0 -58.68
970.4 -58.68
970.8 -58.62
971.2 -58.71
971.6 -58.68
972.0 -58.77
972.4 -58.85
972.8 -58.76
973.2 -58.81
973.6 -58.77
974.0 -58.82
974.4 -58.81
974.8 -58.81
975.2 -58.98
975.6 -58.82
976.0 -58.8
976.4 -58.92
976.8 -58.78
977.2 -58.88
977.6 -58.84
978.0 -58.9
978.4 -58.86
978.8 -59.14
979.2 -59.02
979.6 -59.0
980.0 -58.93
980.4 -58.92
980.8 -58.79
981.2 -58.9
981.6 -58.87
982.0 -58.68
982.4 -58.61
982.8 -58.65
983.2 -58.62
983.6 -58.66
984.0 -58.62
984.4 -58.61
984.8 -58.5
985.2 -58.42
985.6 -58.4
986.0 -58.36
986.4 -58.28
986.8 -58.28
987.2 -58.26
987.6 -58.13
988.0 -58.07
988.4 -58.12
988.8 -58.13
989.2 -58.25
989.6 -58.18
990.0 -57.93
990.4 -58.06
990.8 -57.99
991.2 -57.97
991.6 -57.94
992.0 -58.04
992.4 -57.92
992.8 -57.9
993.2 -57.94
993.6 -57.89
994.0 -57.92
994.4 -57.92
994.8 -57.91
995.2 -57.91
995.6 -58.14
996.0 -57.87
996.4 -58.06
996.8 -57.93
997.2 -57.96
997.6 -57.97
998.0 -58.17
998.4 -58.02
998.8 -58.13
999.2 -58.11
999.6 -58.01
1000.0 -58.17
