600.0 -210.0
600.4 -210.0
600.8 -210.0
601.2 -75.75
601.6 -84.24
602.0 -210.0
602.4 -77.3
602.8 -77.33
603.2 -210.0
603.6 -78.34
604.0 -210.0
604.4 -84.42
604.8 -210.0
605.2 -210.0
605.6 -210.0
606.0 -210.0
606.4 -70.57
606.8 -76.12
607.2 -210.0
607.6 -81.62
608.0 -71.87
608.4 -76.89
608.8 -72.15
609.2 -210.0
609.6 -76.97
610.0 -74.36
610.4 -210.0
610.8 -210.0
611.2 -75.81
611.6 -210.0
612.0 -73.13
612.4 -210.0
612.8 -210.0
613.2 -210.0
613.6 -72.21
614.0 -73.88
614.4 -210.0
614.8 -75.52
615.2 -210.0
615.6 -75.11
616.0 -210.0
616.4 -67.91
616.8 -79.15
617.2 -72.9
617.6 -210.0
618.0 -73.79
618.4 -70.8
618.8 -74.5
619.2 -210.0
619.6 -71.92
620.0 -210.0
620.4 -77.61
620.8 -210.0
621.2 -210.0
621.6 -76.43
622.0 -210.0
622.4 -210.0
622.8 -85.55
623.2 -71.76
623.6 -74.8
624.0 -78.63
624.4 -210.0
624.8 -78.68
625.2 -82.69
625.6 -210.0
626.0 -76.2
626.4 -68.69
626.8 -79.77
627.2 -210.0
627.6 -73.29
628.0 -210.0
628.4 -76.35
628.8 -210.0
629.2 -81.16
629.6 -210.0
630.0 -210.0
630.4 -210.0
630.8 -210.0
631.2 -80.06
631.6 -210.0
632.0 -210.0
632.4 -73.62
632.8 -210.0
633.2 -210.0
633.6 -86.26
634.0 -81.51
634.4 -210.0
634.8 -210.0
635.2 -71.9
635.6 -210.0
636.0 -210.0
636.4 -210.0
636.8 -72.35
637.2 -210.0
637.6 -75.42
638.0 -210.0
638.4 -210.0
638.8 -86.65
639.2 -76.68
639.6 -210.0
640.0 -72.76
640.4 -210.0
640.8 -210.0
641.2 -82.07
641.6 -73.46
642.0 -80.89
642.4 -210.0
642.8 -210.0
643.2 -210.0
643.6 -210.0
644.0 -210.0
644.4 -74.13
644.8 -210.0
645.2 -210.0
645.6 -79.46
646.0 -210.0
646.4 -210.0
646.8 -78.32
647.2 -75.92
647.6 -73.45
648.0 -73.31
648.4 -81.47
648.8 -73.56
649.2 -210.0
649.6 -210.0
650.0 -77.2
650.4 -76.48
650.8 -210.0
651.2 -79.17
651.6 -74.4
652.0 -78.59
652.4 -82.86
652.8 -71.84
653.2 -77.64
653.6 -74.64
654.0 -210.0
654.4 -71.73
654.8 -210.0
655.2 -78.62
655.6 -76.19
656.0 -210.0
656.4 -73.35
656.8 -75.11
657.2 -210.0
657.6 -76.21
658.0 -75.37
658.4 -210.0
658.8 -79.23
659.2 -75.13
659.6 -75.38
660.0 -72.51
660.4 -72.01
660.8 -73.72
661.2 -80.71
661.6 -78.66
662.0 -76.23
662.4 -72.92
662.8 -75.93
663.2 -76.9
663.6 -71.78
664.0 -210.0
664.4 -79.24
664.8 -76.9
665.2 -73.72
665.6 -74.27
666.0 -78.15
666.4 -77.28
666.8 -79.24
667.2 -76.56
667.6 -73.55
668.0 -75.93
668.4 -78.66
668.8 -210.0
669.2 -210.0
669.6 -210.0
670.0 -210.0
670.4 -210.0
670.8 -76.88
671.2 -73.36
671.6 -74.67
672.0 -72.35
672.4 -210.0
672.8 -73.18
673.2 -74.65
673.6 -79.87
674.0 -210.0
674.4 -75.09
674.8 -210.0
675.2 -210.0
675.6 -73.49
676.0 -75.86
676.4 -78.59
676.8 -81.59
677.2 -76.48
677.6 -210.0
678.0 -74.6
678.4 -77.61
678.8 -210.0
679.2 -71.06
679.6 -72.82
680.0 -210.0
680.4 -77.17
680.8 -84.57
681.2 -72.39
681.6 -81.54
682.0 -75.25
682.4 -72.93
682.8 -76.75
683.2 -82.77
683.6 -72.91
684.0 -77.54
684.4 -75.22
684.8 -72.34
685.2 -71.95
685.6 -73.9
686.0 -73.36
686.4 -210.0
686.8 -71.16
687.2 -74.94
687.6 -82.71
688.0 -76.02
688.4 -72.42
688.8 -73.0
689.2 -77.05
689.6 -210.0
690.0 -78.42
690.4 -72.67
690.8 -72.53
691.2 -73.46
691.6 -74.88
692.0 -82.65
692.4 -81.39
692.8 -75.37
693.2 -75.36
693.6 -70.5
694.0 -76.6
694.4 -74.16
694.8 -72.33
695.2 -76.96
695.6 -82.6
696.0 -73.39
696.4 -73.93
696.8 -77.36
697.2 -74.12
697.6 -210.0
698.0 -75.03
698.4 -75.86
698.8 -210.0
699.2 -73.0
699.6 -75.01
700.0 -75.26
700.4 -71.61
700.8 -210.0
701.2 -71.37
701.6 -76.87
702.0 -78.82
702.4 -71.14
702.8 -74.48
703.2 -72.07
703.6 -75.21
704.0 -71.8
704.4 -84.23
704.8 -210.0
705.2 -210.0
705.6 -210.0
706.0 -73.24
706.4 -72.29
706.8 -75.16
707.2 -72.88
707.6 -87.2
708.0 -77.19
708.4 -79.39
708.8 -71.73
709.2 -76.37
709.6 -210.0
710.0 -71.71
710.4 -75.11
710.8 -87.15
711.2 -79.36
711.6 -74.13
712.0 -73.52
712.4 -210.0
712.8 -78.67
713.2 -73.9
713.6 -75.35
714.0 -84.11
714.4 -76.31
714.8 -75.64
715.2 -70.56
715.6 -72.78
716.0 -70.02
716.4 -72.31
716.8 -210.0
717.2 -73.1
717.6 -72.6
718.0 -69.99
718.4 -70.53
718.8 -75.92
719.2 -81.03
719.6 -210.0
720.0 -73.24
720.4 -74.49
720.8 -70.8
721.2 -70.31
721.6 -210.0
722.0 -70.12
722.4 -210.0
722.8 -75.88
723.2 -73.21
723.6 -74.23
724.0 -210.0
724.4 -73.2
724.8 -73.77
725.2 -77.96
725.6 -72.85
726.0 -68.86
726.4 -73.01
726.8 -73.17
727.2 -70.25
727.6 -70.85
728.0 -86.97
728.4 -72.99
728.8 -69.71
729.2 -72.81
729.6 -73.15
730.0 -70.51
730.4 -73.72
730.8 -210.0
731.2 -74.89
731.6 -70.31
732.0 -72.45
732.4 -210.0
732.8 -71.61
733.2 -73.3
733.6 -71.73
734.0 -72.0
734.4 -210.0
734.8 -71.85
735.2 -72.59
735.6 -75.43
736.0 -72.12
736.4 -72.41
736.8 -68.43
737.2 -70.16
737.6 -72.73
738.0 -71.31
738.4 -75.41
738.8 -68.35
739.2 -76.45
739.6 -69.16
740.0 -74.07
740.4 -76.86
740.8 -73.05
741.2 -210.0
741.6 -71.4
742.0 -75.08
742.4 -73.23
742.8 -78.38
743.2 -70.3
743.6 -70.21
744.0 -69.19
744.4 -72.68
744.8 -72.2
745.2 -73.21
745.6 -70.48
746.0 -210.0
746.4 -78.36
746.8 -74.26
747.2 -71.89
747.6 -74.5
748.0 -71.36
748.4 -76.38
748.8 -74.24
749.2 -74.49
749.6 -72.17
750.0 -73.17
750.4 -72.31
750.8 -72.3
751.2 -73.55
751.6 -77.73
752.0 -75.29
752.4 -75.62
752.8 -71.56
753.2 -71.69
753.6 -72.42
754.0 -70.4
754.4 -69.32
754.8 -68.53
755.2 -75.92
755.6 -72.74
756.0 -72.23
756.4 -72.56
756.8 -70.26
757.2 -83.69
757.6 -73.26
758.0 -70.77
758.4 -71.9
758.8 -78.89
759.2 -71.22
759.6 -210.0
760.0 -73.65
760.4 -72.68
760.8 -70.11
761.2 -73.86
761.6 -81.87
762.0 -210.0
762.4 -73.85
762.8 -71.57
763.2 -72.15
763.6 -71.57
764.0 -73.0
764.4 -83.61
764.8 -71.29
765.2 -71.83
765.6 -71.55
766.0 -74.04
766.4 -72.62
766.8 -70.46
767.2 -70.46
767.6 -70.35
768.0 -83.57
768.4 -72.6
768.8 -74.8
769.2 -69.24
769.6 -73.56
770.0 -73.33
770.4 -70.53
770.8 -74.0
771.2 -72.08
771.6 -72.94
772.0 -73.99
772.4 -71.49
772.8 -73.54
773.2 -71.77
773.6 -68.91
774.0 -70.3
774.4 -72.39
774.8 -70.97
775.2 -76.12
775.6 -78.75
776.0 -83.52
776.4 -73.3
776.8 -72.05
777.2 -70.29
777.6 -72.38
778.0 -70.72
778.4 -69.27
778.8 -72.71
779.2 -73.29
779.6 -69.11
780.0 -75.04
780.4 -72.03
780.8 -74.2
781.2 -69.43
781.6 -70.7
782.0 -70.47
782.4 -70.93
782.8 -72.02
783.2 -69.95
783.6 -69.67
784.0 -69.33
784.4 -73.48
784.8 -71.42
785.2 -73.69
785.6 -68.92
786.0 -75.68
786.4 -74.42
786.8 -69.56
787.2 -71.41
787.6 -73.24
788.0 -72.66
788.4 -71.14
788.8 -81.68
789.2 -69.64
789.6 -69.3
790.0 -75.31
790.4 -69.04
790.8 -71.39
791.2 -72.12
791.6 -72.29
792.0 -70.52
792.4 -71.38
792.8 -69.35
793.2 -73.87
793.6 -69.18
794.0 -76.42
794.4 -72.27
794.8 -210.0
795.2 -70.5
795.6 -69.78
796.0 -76.86
796.4 -70.96
796.8 -70.72
797.2 -73.61
797.6 -69.58
798.0 -71.21
798.4 -76.84
798.8 -76.39
799.2 -69.66
799.6 -72.41
800.0 -70.46
800.4 -70.14
800.8 -210.0
801.2 -68.32
801.6 -69.48
802.0 -71.47
802.4 -69.4
802.8 -74.93
803.2 -69.07
803.6 -71.21
804.0 -70.28
804.4 -71.63
804.8 -72.09
805.2 -73.4
805.6 -68.22
806.0 -68.71
806.4 -66.16
806.8 -62.28
807.2 -57.94
807.6 -54.34
808.0 -52.54
808.4 -53.62
808.8 -54.36
809.2 -58.02
809.6 -66.1
810.0 -70.76
810.4 -68.0
810.8 -71.02
811.2 -72.85
811.6 -68.35
812.0 -68.03
812.4 -73.26
812.8 -72.52
813.2 -69.6
813.6 -68.59
814.0 -69.89
814.4 -70.96
814.8 -68.08
815.2 -72.22
815.6 -71.36
816.0 -71.93
816.4 -71.0
816.8 -72.42
817.2 -71.66
817.6 -68.8
818.0 -69.68
818.4 -71.15
818.8 -72.13
819.2 -72.81
819.6 -68.55
820.0 -70.2
820.4 -74.6
820.8 -70.33
821.2 -68.97
821.6 -69.45
822.0 -68.64
822.4 -68.6
822.8 -70.2
823.2 -70.96
823.6 -74.72
824.0 -68.72
824.4 -70.26
824.8 -71.5
825.2 -70.91
825.6 -69.6
826.0 -70.23
826.4 -70.15
826.8 -68.9
827.2 -74.12
827.6 -74.14
828.0 -70.31
828.4 -68.03
828.8 -69.04
829.2 -68.86
829.6 -70.97
830.0 -70.69
830.4 -71.37
830.8 -68.57
831.2 -70.68
831.6 -70.15
832.0 -68.84
832.4 -69.95
832.8 -71.91
833.2 -68.39
833.6 -68.96
834.0 -71.4
834.4 -69.02
834.8 -70.39
835.2 -69.28
835.6 -69.37
836.0 -68.89
836.4 -70.25
836.8 -71.08
837.2 -70.06
837.6 -70.02
838.0 -69.48
838.4 -68.29
838.8 -70.03
839.2 -69.31
839.6 -70.57
840.0 -70.49
840.4 -69.28
840.8 -69.41
841.2 -68.0
841.6 -68.0
842.0 -69.28
842.4 -70.32
842.8 -67.64
843.2 -72.41
843.6 -70.57
844.0 -68.92
844.4 -69.94
844.8 -69.08
845.2 -68.74
845.6 -71.92
846.0 -69.59
846.4 -68.27
846.8 -69.33
847.2 -70.89
847.6 -68.16
848.0 -68.95
848.4 -68.16
848.8 -68.12
849.2 -70.3
849.6 -68.46
850.0 -69.43
850.4 -70.97
850.8 -68.72
851.2 -68.65
851.6 -71.56
852.0 -68.93
852.4 -69.56
852.8 -69.61
853.2 -70.69
853.6 -69.61
854.0 -68.69
854.4 -68.03
854.8 -69.03
855.2 -68.42
855.6 -67.57
856.0 -68.68
856.4 -69.53
856.8 -70.02
857.2 -68.4
857.6 -69.79
858.0 -68.35
858.4 -69.57
858.8 -67.68
859.2 -69.51
859.6 -67.72
860.0 -69.17
860.4 -68.54
860.8 -67.79
861.2 -68.12
861.6 -67.78
862.0 -68.36
862.4 -69.03
862.8 -68.35
863.2 -69.33
863.6 -68.66
864.0 -69.39
864.4 -68.28
864.8 -68.77
865.2 -67.98
865.6 -69.24
866.0 -67.74
866.4 -67.39
866.8 -68.31
867.2 -67.77
867.6 -69.22
868.0 -67.04
868.4 -68.19
868.8 -67.48
869.2 -68.83
869.6 -68.66
870.0 -68.02
870.4 -67.73
870.8 -68.75
871.2 -68.52
871.6 -67.07
872.0 -67.66
872.4 -69.15
872.8 -68.18
873.2 -66.75
873.6 -67.5
874.0 -68.42
874.4 -67.86
874.8 -67.57
875.2 -68.46
875.6 -68.73
876.0 -66.52
876.4 -67.97
876.8 -67.49
877.2 -68.64
877.6 -68.05
878.0 -67.01
878.4 -66.42
878.8 -67.46
879.2 -68.07
879.6 -67.68
880.0 -67.23
880.4 -67.23
880.8 -66.75
881.2 -67.81
881.6 -66.56
882.0 -66.71
882.4 -68.05
882.8 -66.21
883.2 -67.43
883.6 -66.17
884.0 -68.77
884.4 -69.42
884.8 -67.51
885.2 -67.25
885.6 -67.0
886.0 -69.14
886.4 -68.64
886.8 -68.76
887.2 -67.2
887.6 -69.0
888.0 -67.28
888.4 -68.94
888.8 -67.59
889.2 -71.09
889.6 -68.4
890.0 -68.34
890.4 -67.92
890.8 -68.69
891.2 -66.91
891.6 -67.24
892.0 -67.08
892.4 -68.04
892.8 -68.42
893.2 -66.74
893.6 -68.59
894.0 -67.62
894.4 -67.14
894.8 -67.59
895.2 -68.79
895.6 -69.1
896.0 -66.92
896.4 -67.93
896.8 -69.06
897.2 -67.52
897.6 -69.32
898.0 -66.6
898.4 -67.02
898.8 -68.27
899.2 -67.32
899.6 -68.65
900.0 -68.61
900.4 -66.89
900.8 -68.74
901.2 -67.36
901.6 -68.64
902.0 -67.37
902.4 -67.01
902.8 -68.9
903.2 -67.53
903.6 -66.66
904.0 -68.74
904.4 -67.59
904.8 -68.27
905.2 -67.57
905.6 -68.66
906.0 -67.54
906.4 -67.68
906.8 -67.34
907.2 -67.61
907.6 -66.7
908.0 -67.08
908.4 -67.59
908.8 -67.26
909.2 -67.52
909.6 -67.39
910.0 -68.59
910.4 -66.85
910.8 -67.83
911.2 -67.55
911.6 -69.5
912.0 -66.81
912.4 -68.04
912.8 -66.81
913.2 -68.36
913.6 -67.52
914.0 -67.8
914.4 -68.31
914.8 -67.29
915.2 -68.26
915.6 -68.61
916.0 -67.62
916.4 -67.64
916.8 -67.22
917.2 -68.24
917.6 -69.25
918.0 -67.87
918.4 -67.48
918.8 -67.95
919.2 -67.63
919.6 -68.07
920.0 -68.13
920.4 -67.31
920.8 -68.26
921.2 -67.53
921.6 -68.77
922.0 -69.56
922.4 -68.2
922.8 -68.09
923.2 -68.5
923.6 -68.86
924.0 -68.31
924.4 -67.64
924.8 -68.49
925.2 -67.74
925.6 -68.9
926.0 -67.24
926.4 -68.34
926.8 -67.56
927.2 -69.44
927.6 -69.3
928.0 -69.21
928.4 -68.84
928.8 -68.11
929.2 -68.04
929.6 -68.31
930.0 -67.93
930.4 -69.27
930.8 -67.6
931.2 -68.64
931.6 -67.75
932.0 -68.04
932.4 -68.99
932.8 -69.84
933.2 -68.33
933.6 -67.61
934.0 -68.33
934.4 -71.09
934.8 -67.88
935.2 -69.84
935.6 -67.39
936.0 -68.94
936.4 -69.38
936.8 -71.6
937.2 -68.16
937.6 -68.94
938.0 -69.18
938.4 -68.77
938.8 -69.41
939.2 -68.11
939.6 -70.19
940.0 -68.52
940.4 -70.35
940.8 -69.15
941.2 -69.46
941.6 -68.43
942.0 -69.79
942.4 -68.48
942.8 -70.73
943.2 -68.01
943.6 -68.82
944.0 -69.52
944.4 -68.57
944.8 -69.62
945.2 -69.7
945.6 -69.96
946.0 -70.86
946.4 -69.11
946.8 -70.18
947.2 -69.0
947.6 -70.55
948.0 -68.93
948.4 -68.73
948.8 -70.57
949.2 -69.45
949.6 -69.51
950.0 -70.48
950.4 -68.33
950.8 -69.32
951.2 -69.26
951.6 -72.21
952.0 -69.55
952.4 -68.91
952.8 -70.72
953.2 -71.08
953.6 -69.38
954.0 -69.33
954.4 -70.65
954.8 -69.37
955.2 -69.51
955.6 -70.77
956.0 -70.15
956.4 -69.49
956.8 -69.67
957.2 -70.25
957.6 -69.32
958.0 -70.29
958.4 -69.71
958.8 -69.69
959.2 -70.0
959.6 -70.11
960.0 -69.87
960.4 -69.92
960.8 -71.64
961.2 -70.82
961.6 -70.69
962.0 -70.2
962.4 -69.14
962.8 -69.51
963.2 -70.25
963.6 -69.5
964.0 -70.22
964.4 -68.73
964.8 -68.48
965.2 -69.18
965.6 -69.25
966.0 -69.07
966.4 -68.77
966.8 -69.84
967.2 -68.57
967.6 -69.61
968.0 -70.78
968.4 -72.11
968.8 -69.91
969.2 -69.57
969.6 -69.87
970.0 -70.54
970.4 -70.09
970.8 -69.25
971.2 -71.14
971.6 -69.99
972.0 -69.27
972.4 -69.83
972.8 -71.11
973.2 -69.0
973.6 -70.3
974.0 -70.87
974.4 -68.73
974.8 -70.18
975.2 -70.2
975.6 -70.11
976.0 -70.68
976.4 -70.18
976.8 -70.59
977.2 -69.57
977.6 -70.96
978.0 -70.35
978.4 -69.74
978.8 -71.29
979.2 -71.41
979.6 -70.49
980.0 -70.05
980.4 -70.25
980.8 -70.22
981.2 -68.85
981.6 -70.32
982.0 -70.07
982.4 -70.53
982.8 -69.89
983.2 -69.9
983.6 -70.09
984.0 -71.65
984.4 -70.0
984.8 -69.23
985.2 -69.26
985.6 -69.26
986.0 -68.96
986.4 -69.0
986.8 -69.29
987.2 -69.15
987.6 -69.22
988.0 -69.35
988.4 -68.92
988.8 -69.37
989.2 -69.53
989.6 -69.09
990.0 -68.84
990.4 -69.4
990.8 -68.64
991.2 -68.51
991.6 -68.94
992.0 -69.0
992.4 -69.53
992.8 -69.19
993.2 -68.59
993.6 -68.82
994.0 -69.01
994.4 -69.02
994.8 -68.66
995.2 -69.25
995.6 -69.27
996.0 -68.65
996.4 -68.32
996.8 -68.98
997.2 -68.13
997.6 -68.86
998.0 -68.16
998.4 -69.32
998.8 -68.71
999.2 -69.34
999.6 -68.92
1000.0 -68.85
