600.0 -78.11
600.4 -210.0
600.8 -72.72
601.2 -210.0
601.6 -75.2
602.0 -73.85
602.4 -71.73
602.8 -71.76
603.2 -210.0
603.6 -74.82
604.0 -73.98
604.4 -73.28
604.8 -210.0
605.2 -210.0
605.6 -210.0
606.0 -210.0
606.4 -69.23
606.8 -210.0
607.2 -210.0
607.6 -72.86
608.0 -76.2
608.4 -71.45
608.8 -73.57
609.2 -210.0
609.6 -210.0
610.0 -80.0
610.4 -81.8
610.8 -74.41
611.2 -70.37
611.6 -210.0
612.0 -72.11
612.4 -210.0
612.8 -69.38
613.2 -80.19
613.6 -85.0
614.0 -210.0
614.4 -82.03
614.8 -71.45
615.2 -210.0
615.6 -72.1
616.0 -69.57
616.4 -210.0
616.8 -70.26
617.2 -70.43
617.6 -73.76
618.0 -70.2
618.4 -79.25
618.8 -72.51
619.2 -210.0
619.6 -78.36
620.0 -82.36
620.4 -210.0
620.8 -210.0
621.2 -75.9
621.6 -210.0
622.0 -75.5
622.4 -71.2
622.8 -72.76
623.2 -73.52
623.6 -73.83
624.0 -79.59
624.4 -77.86
624.8 -72.66
625.2 -73.65
625.6 -76.68
626.0 -210.0
626.4 -76.73
626.8 -72.79
627.2 -71.5
627.6 -75.85
628.0 -85.87
628.4 -210.0
628.8 -74.15
629.2 -75.14
629.6 -210.0
630.0 -76.96
630.4 -78.24
630.8 -74.01
631.2 -210.0
631.6 -73.11
632.0 -75.01
632.4 -72.56
632.8 -86.21
633.2 -83.23
633.6 -210.0
634.0 -75.15
634.4 -72.34
634.8 -71.29
635.2 -210.0
635.6 -210.0
636.0 -78.65
636.4 -210.0
636.8 -77.46
637.2 -74.76
637.6 -73.77
638.0 -76.59
638.4 -80.59
638.8 -71.59
639.2 -75.21
639.6 -75.91
640.0 -79.75
640.4 -75.01
640.8 -70.48
641.2 -77.81
641.6 -78.43
642.0 -73.91
642.4 -72.98
642.8 -75.86
643.2 -78.57
643.6 -72.29
644.0 -82.32
644.4 -72.22
644.8 -71.49
645.2 -71.41
645.6 -77.7
646.0 -71.83
646.4 -75.01
646.8 -71.67
647.2 -72.76
647.6 -70.44
648.0 -75.99
648.4 -74.71
648.8 -73.06
649.2 -71.33
649.6 -84.6
650.0 -76.15
650.4 -74.0
650.8 -73.47
651.2 -72.18
651.6 -70.64
652.0 -70.55
652.4 -76.84
652.8 -77.64
653.2 -75.08
653.6 -75.34
654.0 -79.86
654.4 -81.62
654.8 -210.0
655.2 -74.04
655.6 -70.1
656.0 -70.68
656.4 -73.35
656.8 -74.05
657.2 -75.63
657.6 -71.88
658.0 -70.86
658.4 -72.36
658.8 -72.5
659.2 -75.64
659.6 -79.9
660.0 -71.78
660.4 -70.21
660.8 -75.93
661.2 -72.78
661.6 -69.99
662.0 -73.55
662.4 -71.67
662.8 -74.69
663.2 -72.92
663.6 -71.07
664.0 -77.28
664.4 -73.22
664.8 -74.27
665.2 -72.92
665.6 -70.14
666.0 -69.37
666.4 -73.38
666.8 -70.45
667.2 -74.69
667.6 -70.06
668.0 -70.14
668.4 -69.24
668.8 -69.7
669.2 -71.9
669.6 -72.92
670.0 -70.78
670.4 -72.24
670.8 -72.9
671.2 -71.05
671.6 -72.36
672.0 -74.24
672.4 -72.89
672.8 -72.74
673.2 -69.14
673.6 -72.88
674.0 -74.22
674.4 -69.58
674.8 -71.4
675.2 -71.51
675.6 -72.32
676.0 -69.63
676.4 -69.63
676.8 -69.62
677.2 -72.17
677.6 -75.57
678.0 -69.34
678.4 -70.7
678.8 -70.11
679.2 -72.03
679.6 -69.67
680.0 -72.27
680.4 -72.67
680.8 -73.96
681.2 -70.42
681.6 -71.77
682.0 -70.15
682.4 -68.86
682.8 -70.14
683.2 -69.22
683.6 -69.68
684.0 -72.76
684.4 -70.8
684.8 -68.89
685.2 -70.89
685.6 -71.95
686.0 -72.32
686.4 -69.87
686.8 -69.23
687.2 -70.42
687.6 -69.16
688.0 -70.58
688.4 -71.56
688.8 -69.21
689.2 -71.03
689.6 -73.15
690.0 -70.47
690.4 -71.42
690.8 -69.81
691.2 -74.01
691.6 -69.51
692.0 -69.87
692.4 -68.96
692.8 -70.79
693.2 -70.33
693.6 -70.42
694.0 -71.83
694.4 -71.15
694.8 -71.05
695.2 -68.08
695.6 -71.04
696.0 -73.05
696.4 -67.91
696.8 -69.65
697.2 -71.9
697.6 -67.95
698.0 -70.52
698.4 -69.84
698.8 -71.41
699.2 -68.02
699.6 -69.91
700.0 -72.25
700.4 -68.43
700.8 -69.51
701.2 -69.16
701.6 -70.21
702.0 -69.15
702.4 -72.64
702.8 -69.63
703.2 -68.74
703.6 -68.8
704.0 -71.8
704.4 -69.91
704.8 -69.68
705.2 -69.98
705.6 -69.82
706.0 -69.29
706.4 -70.13
706.8 -72.29
707.2 -68.27
707.6 -67.65
708.0 -70.28
708.4 -70.74
708.8 -68.2
709.2 -69.84
709.6 -69.68
710.0 -71.24
710.4 -71.47
710.8 -69.59
711.2 -70.71
711.6 -71.95
712.0 -69.21
712.4 -68.21
712.8 -68.61
713.2 -70.59
713.6 -68.36
714.0 -69.63
714.4 -72.63
714.8 -71.54
715.2 -69.61
715.6 -69.31
716.0 -70.19
716.4 -69.16
716.8 -68.33
717.2 -69.08
717.6 -68.04
718.0 -68.03
718.4 -68.68
718.8 -67.97
719.2 -68.79
719.6 -69.9
720.0 -69.72
720.4 -68.78
720.8 -69.79
721.2 -70.22
721.6 -70.8
722.0 -69.7
722.4 -67.68
722.8 -71.22
723.2 -68.56
723.6 -71.83
724.0 -70.02
724.4 -68.03
724.8 -69.59
725.2 -68.19
725.6 -68.8
726.0 -67.4
726.4 -69.5
726.8 -70.16
727.2 -68.34
727.6 -68.11
728.0 -68.58
728.4 -68.58
728.8 -69.55
729.2 -67.87
729.6 -69.1
730.0 -68.68
730.4 -68.25
730.8 -68.61
731.2 -68.13
731.6 -68.61
732.0 -70.3
732.4 -68.6
732.8 -68.23
733.2 -69.28
733.6 -69.51
734.0 -71.86
734.4 -68.1
734.8 -68.84
735.2 -67.82
735.6 -68.32
736.0 -67.7
736.4 -68.37
736.8 -67.3
737.2 -68.43
737.6 -68.61
738.0 -69.09
738.4 -68.42
738.8 -68.48
739.2 -68.6
739.6 -68.54
740.0 -68.47
740.4 -68.59
740.8 -68.28
741.2 -69.36
741.6 -67.92
742.0 -69.21
742.4 -69.06
742.8 -69.51
743.2 -67.8
743.6 -67.97
744.0 -68.5
744.4 -68.97
744.8 -68.56
745.2 -68.5
745.6 -68.24
746.0 -70.19
746.4 -69.03
746.8 -68.96
747.2 -68.0
747.6 -69.17
748.0 -67.72
748.4 -68.28
748.8 -67.76
749.2 -67.76
749.6 -67.02
750.0 -69.46
750.4 -69.97
750.8 -67.8
751.2 -68.26
751.6 -68.25
752.0 -70.03
752.4 -68.0
752.8 -68.48
753.2 -68.23
753.6 -70.71
754.0 -71.82
754.4 -70.49
754.8 -68.03
755.2 -68.65
755.6 -68.86
756.0 -67.21
756.4 -71.14
756.8 -69.06
757.2 -67.45
757.6 -68.36
758.0 -66.82
758.4 -68.48
758.8 -67.28
759.2 -69.68
759.6 -68.34
760.0 -67.9
760.4 -66.79
760.8 -68.79
761.2 -67.67
761.6 -67.45
762.0 -67.71
762.4 -68.31
762.8 -66.94
763.2 -68.36
763.6 -67.65
764.0 -68.55
764.4 -68.29
764.8 -68.75
765.2 -66.97
765.6 -68.28
766.0 -68.4
766.4 -68.67
766.8 -70.67
767.2 -68.39
767.6 -67.5
768.0 -67.44
768.4 -68.06
768.8 -68.71
769.2 -68.78
769.6 -68.71
770.0 -66.78
770.4 -71.5
770.8 -68.56
771.2 -69.07
771.6 -66.97
772.0 -70.01
772.4 -68.35
772.8 -67.15
773.2 -67.3
773.6 -66.86
774.0 -67.29
774.4 -67.73
774.8 -68.02
775.2 -68.08
775.6 -67.45
776.0 -68.74
776.4 -66.79
776.8 -68.26
777.2 -68.2
777.6 -66.79
778.0 -67.02
778.4 -67.59
778.8 -67.88
779.2 -67.48
779.6 -67.27
780.0 -66.09
780.4 -68.44
780.8 -66.77
781.2 -67.47
781.6 -67.41
782.0 -66.76
782.4 -68.23
782.8 -66.63
783.2 -67.09
783.6 -67.24
784.0 -67.09
784.4 -69.58
784.8 -67.55
785.2 -67.78
785.6 -66.98
786.0 -67.72
786.4 -67.27
786.8 -68.27
787.2 -68.27
787.6 -67.17
788.0 -67.12
788.4 -67.76
788.8 -67.7
789.2 -66.41
789.6 -66.72
790.0 -65.24
790.4 -68.45
790.8 -68.89
791.2 -66.31
791.6 -68.44
792.0 -69.62
792.4 -68.11
792.8 -68.43
793.2 -67.39
793.6 -66.34
794.0 -66.16
794.4 -66.78
794.8 -68.03
795.2 -67.9
795.6 -67.43
796.0 -67.21
796.4 -68.77
796.8 -68.08
797.2 -67.36
797.6 -67.42
798.0 -66.66
798.4 -67.3
798.8 -67.35
799.2 -68.19
799.6 -65.97
800.0 -67.03
800.4 -66.55
800.8 -66.6
801.2 -67.35
801.6 -67.69
802.0 -67.04
802.4 -65.59
802.8 -66.27
803.2 -66.18
803.6 -66.53
804.0 -65.69
804.4 -65.4
804.8 -66.58
805.2 -66.19
805.6 -65.34
806.0 -64.89
806.4 -63.17
806.8 -59.19
807.2 -55.37
807.6 -51.37
808.0 -50.03
808.4 -51.14
808.8 -51.53
809.2 -54.98
809.6 -63.21
810.0 -65.44
810.4 -64.87
810.8 -66.13
811.2 -66.6
811.6 -66.06
812.0 -65.35
812.4 -66.8
812.8 -65.89
813.2 -66.51
813.6 -65.8
814.0 -67.94
814.4 -66.75
814.8 -66.2
815.2 -66.32
815.6 -66.55
816.0 -66.56
816.4 -67.27
816.8 -66.74
817.2 -66.8
817.6 -66.95
818.0 -66.13
818.4 -65.88
818.8 -68.22
819.2 -66.57
819.6 -65.93
820.0 -67.19
820.4 -66.11
820.8 -66.58
821.2 -66.11
821.6 -66.74
822.0 -66.62
822.4 -66.73
822.8 -66.32
823.2 -65.58
823.6 -66.35
824.0 -67.2
824.4 -67.16
824.8 -65.99
825.2 -66.53
825.6 -65.91
826.0 -67.31
826.4 -66.71
826.8 -65.96
827.2 -66.65
827.6 -66.36
828.0 -66.25
828.4 -66.5
828.8 -65.83
829.2 -65.46
829.6 -65.72
830.0 -66.34
830.4 -66.05
830.8 -66.29
831.2 -66.08
831.6 -66.76
832.0 -65.29
832.4 -66.12
832.8 -66.81
833.2 -65.41
833.6 -66.15
834.0 -65.5
834.4 -65.67
834.8 -65.7
835.2 -66.2
835.6 -65.79
836.0 -65.34
836.4 -64.55
836.8 -66.34
837.2 -64.92
837.6 -65.67
838.0 -66.67
838.4 -64.99
838.8 -65.73
839.2 -65.82
839.6 -66.26
840.0 -67.57
840.4 -66.6
840.8 -65.51
841.2 -65.86
841.6 -66.34
842.0 -65.11
842.4 -65.37
842.8 -65.22
843.2 -65.55
843.6 -65.47
844.0 -65.82
844.4 -65.3
844.8 -65.7
845.2 -65.39
845.6 -66.35
846.0 -65.84
846.4 -65.44
846.8 -65.29
847.2 -65.53
847.6 -64.83
848.0 -65.18
848.4 -65.77
848.8 -65.75
849.2 -65.08
849.6 -65.5
850.0 -65.42
850.4 -66.02
850.8 -65.31
851.2 -65.36
851.6 -64.59
852.0 -65.18
852.4 -65.13
852.8 -64.75
853.2 -65.55
853.6 -65.55
854.0 -64.97
854.4 -65.49
854.8 -64.68
855.2 -65.46
855.6 -64.87
856.0 -65.13
856.4 -64.85
856.8 -64.19
857.2 -64.93
857.6 -64.84
858.0 -64.55
858.4 -64.94
858.8 -64.71
859.2 -64.29
859.6 -64.85
860.0 -63.9
860.4 -64.57
860.8 -64.65
861.2 -64.35
861.6 -65.33
862.0 -64.36
862.4 -64.75
862.8 -64.37
863.2 -64.81
863.6 -64.71
864.0 -64.49
864.4 -65.51
864.8 -64.35
865.2 -64.1
865.6 -64.69
866.0 -64.32
866.4 -64.03
866.8 -64.44
867.2 -63.58
867.6 -64.02
868.0 -64.25
868.4 -64.25
868.8 -64.3
869.2 -64.16
869.6 -64.22
870.0 -64.27
870.4 -63.74
870.8 -64.16
871.2 -63.68
871.6 -64.08
872.0 -64.16
872.4 -63.99
872.8 -64.47
873.2 -64.08
873.6 -64.13
874.0 -64.3
874.4 -63.81
874.8 -64.13
875.2 -63.54
875.6 -64.39
876.0 -63.63
876.4 -63.51
876.8 -63.9
877.2 -64.21
877.6 -63.89
878.0 -63.77
878.4 -64.02
878.8 -64.03
879.2 -63.79
879.6 -64.1
880.0 -63.76
880.4 -63.85
880.8 -64.11
881.2 -63.74
881.6 -63.74
882.0 -63.78
882.4 -63.56
882.8 -63.71
883.2 -63.42
883.6 -64.12
884.0 -63.69
884.4 -63.82
884.8 -63.53
885.2 -63.93
885.6 -63.3
886.0 -63.64
886.4 -63.99
886.8 -63.52
887.2 -63.43
887.6 -63.71
888.0 -64.1
888.4 -64.02
888.8 -63.08
889.2 -63.13
889.6 -63.69
890.0 -63.05
890.4 -63.51
890.8 -63.86
891.2 -63.73
891.6 -63.04
892.0 -62.89
892.4 -63.5
892.8 -63.54
893.2 -63.4
893.6 -63.79
894.0 -63.68
894.4 -63.06
894.8 -63.9
895.2 -63.4
895.6 -63.37
896.0 -62.87
896.4 -63.4
896.8 -63.46
897.2 -63.46
897.6 -63.55
898.0 -63.82
898.4 -63.8
898.8 -63.64
899.2 -63.59
899.6 -63.53
900.0 -63.93
900.4 -63.64
900.8 -63.27
901.2 -63.26
901.6 -63.63
902.0 -63.48
902.4 -63.54
902.8 -63.44
903.2 -63.14
903.6 -63.51
904.0 -62.95
904.4 -63.87
904.8 -63.12
905.2 -63.76
905.6 -63.15
906.0 -63.5
906.4 -62.77
906.8 -63.42
907.2 -63.11
907.6 -63.24
908.0 -62.97
908.4 -63.59
908.8 -63.69
909.2 -63.99
909.6 -63.73
910.0 -63.51
910.4 -63.83
910.8 -63.42
911.2 -63.56
911.6 -63.3
912.0 -63.42
912.4 -62.87
912.8 -62.76
913.2 -62.83
913.6 -63.06
914.0 -63.02
914.4 -63.32
914.8 -62.95
915.2 -63.39
915.6 -63.57
916.0 -63.16
916.4 -63.18
916.8 -63.42
917.2 -63.61
917.6 -63.12
918.0 -63.55
918.4 -63.55
918.8 -63.21
919.2 -63.01
919.6 -63.46
920.0 -63.13
920.4 -63.44
920.8 -63.74
921.2 -63.38
921.6 -63.58
922.0 -63.19
922.4 -63.21
922.8 -63.33
923.2 -63.12
923.6 -62.92
924.0 -63.26
924.4 -63.03
924.8 -63.11
925.2 -62.85
925.6 -63.03
926.0 -62.95
926.4 -63.2
926.8 -63.12
927.2 -63.54
927.6 -63.4
928.0 -63.41
928.4 -62.98
928.8 -62.96
929.2 -62.99
929.6 -63.01
930.0 -63.12
930.4 -62.72
930.8 -63.08
931.2 -62.8
931.6 -63.05
932.0 -62.85
932.4 -63.21
932.8 -63.11
933.2 -62.67
933.6 -63.16
934.0 -63.14
934.4 -63.14
934.8 -62.86
935.2 -63.26
935.6 -62.98
936.0 -63.21
936.4 -63.36
936.8 -63.47
937.2 -63.0
937.6 -63.84
938.0 -63.46
938.4 -63.48
938.8 -63.09
939.2 -63.26
939.6 -62.97
940.0 -63.24
940.4 -62.61
940.8 -62.86
941.2 -63.24
941.6 -62.93
942.0 -62.9
942.4 -63.08
942.8 -62.91
943.2 -62.51
943.6 -62.85
944.0 -62.87
944.4 -62.84
944.8 -62.65
945.2 -62.81
945.6 -62.87
946.0 -63.04
946.4 -62.83
946.8 -62.55
947.2 -63.01
947.6 -62.89
948.0 -62.55
948.4 -63.02
948.8 -62.87
949.2 -63.17
949.6 -62.89
950.0 -63.08
950.4 -63.14
950.8 -63.11
951.2 -62.78
951.6 -62.91
952.0 -62.93
952.4 -62.8
952.8 -63.05
953.2 -63.06
953.6 -63.07
954.0 -63.06
954.4 -63.08
954.8 -62.94
955.2 -63.31
955.6 -63.06
956.0 -62.79
956.4 -62.93
956.8 -62.87
957.2 -62.91
957.6 -62.87
958.0 -63.11
958.4 -63.11
958.8 -62.97
959.2 -63.02
959.6 -63.05
960.0 -62.96
960.4 -62.79
960.8 -63.16
961.2 -63.02
961.6 -62.84
962.0 -62.83
962.4 -62.87
962.8 -62.77
963.2 -63.07
963.6 -62.58
964.0 -62.51
964.4 -62.36
964.8 -62.51
965.2 -62.78
965.6 -62.24
966.0 -62.29
966.4 -62.88
966.8 -62.55
967.2 -62.74
967.6 -62.95
968.0 -63.01
968.4 -63.02
968.8 -62.84
969.2 -63.13
969.6 -62.98
970.0 -63.03
970.4 -62.91
970.8 -62.97
971.2 -62.93
971.6 -62.83
972.0 -62.97
972.4 -63.01
972.8 -63.11
973.2 -62.97
973.6 -63.0
974.0 -63.01
974.4 -63.05
974.8 -63.04
975.2 -62.85
975.6 -63.19
976.0 -63.71
976.4 -63.33
976.8 -63.19
977.2 -63.4
977.6 -63.03
978.0 -63.12
978.4 -63.44
978.8 -63.12
979.2 -63.24
979.6 -63.3
980.0 -63.35
980.4 -63.24
980.8 -63.4
981.2 -63.1
981.6 -63.13
982.0 -63.27
982.4 -63.22
982.8 -63.06
983.2 -63.05
983.6 -63.05
984.0 -62.91
984.4 -62.94
984.8 -62.85
985.2 -62.69
985.6 -62.84
986.0 -62.64
986.4 -62.58
986.8 -62.56
987.2 -62.54
987.6 -62.57
988.0 -62.55
988.4 -62.36
988.8 -62.5
989.2 -62.42
989.6 -62.22
990.0 -62.27
990.4 -62.3
990.8 -62.22
991.2 -62.06
991.6 -62.07
992.0 -62.18
992.4 -62.12
992.8 -62.22
993.2 -62.19
993.6 -62.01
994.0 -61.87
994.4 -61.87
994.8 -62.02
995.2 -61.92
995.6 -61.95
996.0 -62.0
996.4 -61.91
996.8 -61.85
997.2 -62.0
997.6 -61.98
998.0 -61.95
998.4 -61.89
998.8 -61.9
999.2 -62.12
999.6 -61.76
1000.0 -62.01
