600.0 -210.0
600.4 -210.0
600.8 -78.16
601.2 -210.0
601.6 -84.24
602.0 -210.0
602.4 -210.0
602.8 -210.0
603.2 -70.53
603.6 -76.58
604.0 -70.97
604.4 -210.0
604.8 -79.67
605.2 -210.0
605.6 -76.71
606.0 -69.47
606.4 -74.55
606.8 -81.57
607.2 -210.0
607.6 -76.17
608.0 -69.74
608.4 -210.0
608.8 -210.0
609.2 -210.0
609.6 -74.34
610.0 -210.0
610.4 -73.04
610.8 -77.04
611.2 -210.0
611.6 -210.0
612.0 -77.91
612.4 -81.92
612.8 -77.16
613.2 -73.83
613.6 -210.0
614.0 -70.87
614.4 -210.0
614.8 -73.3
615.2 -210.0
615.6 -79.08
616.0 -210.0
616.4 -71.54
616.8 -82.17
617.2 -210.0
617.6 -74.43
618.0 -70.34
618.4 -70.5
618.8 -80.52
619.2 -70.01
619.6 -76.89
620.0 -70.89
620.4 -210.0
620.8 -73.95
621.2 -82.44
621.6 -73.16
622.0 -80.72
622.4 -69.95
622.8 -210.0
623.2 -210.0
623.6 -210.0
624.0 -72.39
624.4 -71.33
624.8 -75.67
625.2 -75.7
625.6 -70.53
626.0 -73.7
626.4 -210.0
626.8 -74.66
627.2 -75.02
627.6 -210.0
628.0 -210.0
628.4 -73.34
628.8 -210.0
629.2 -210.0
629.6 -70.28
630.0 -210.0
630.4 -210.0
630.8 -210.0
631.2 -81.31
631.6 -78.33
632.0 -74.68
632.4 -86.18
632.8 -73.9
633.2 -210.0
633.6 -80.23
634.0 -73.28
634.4 -70.63
634.8 -83.34
635.2 -73.82
635.6 -210.0
636.0 -210.0
636.4 -210.0
636.8 -77.46
637.2 -74.48
637.6 -210.0
638.0 -72.97
638.4 -77.58
638.8 -77.1
639.2 -78.22
639.6 -210.0
640.0 -76.74
640.4 -72.3
640.8 -210.0
641.2 -210.0
641.6 -72.26
642.0 -75.78
642.4 -83.95
642.8 -71.68
643.2 -77.48
643.6 -77.07
644.0 -210.0
644.4 -75.37
644.8 -74.17
645.2 -70.67
645.6 -210.0
646.0 -74.27
646.4 -78.86
646.8 -210.0
647.2 -77.39
647.6 -69.64
648.0 -71.89
648.4 -210.0
648.8 -72.48
649.2 -210.0
649.6 -75.05
650.0 -210.0
650.4 -74.61
650.8 -76.15
651.2 -70.55
651.6 -80.64
652.0 -73.48
652.4 -72.19
652.8 -73.01
653.2 -210.0
653.6 -72.46
654.0 -210.0
654.4 -70.66
654.8 -71.97
655.2 -77.66
655.6 -79.87
656.0 -210.0
656.4 -78.63
656.8 -71.98
657.2 -70.27
657.6 -74.67
658.0 -70.6
658.4 -76.54
658.8 -73.71
659.2 -210.0
659.6 -76.55
660.0 -70.71
660.4 -71.78
660.8 -74.91
661.2 -70.37
661.6 -72.38
662.0 -76.23
662.4 -73.38
662.8 -72.78
663.2 -76.9
663.6 -72.25
664.0 -72.78
664.4 -69.7
664.8 -73.55
665.2 -72.78
665.6 -70.88
666.0 -74.08
666.4 -72.78
666.8 -69.7
667.2 -72.25
667.6 -71.67
668.0 -73.22
668.4 -72.25
668.8 -73.55
669.2 -69.12
669.6 -70.21
670.0 -74.07
670.4 -70.7
670.8 -77.26
671.2 -71.65
671.6 -79.89
672.0 -74.24
672.4 -76.53
672.8 -74.23
673.2 -72.6
673.6 -71.74
674.0 -72.2
674.4 -74.22
674.8 -74.63
675.2 -69.85
675.6 -70.65
676.0 -72.85
676.4 -210.0
676.8 -70.46
677.2 -70.99
677.6 -70.89
678.0 -73.8
678.4 -70.53
678.8 -74.81
679.2 -71.16
679.6 -71.36
680.0 -73.11
680.4 -72.4
680.8 -70.85
681.2 -70.42
681.6 -74.14
682.0 -71.64
682.4 -76.76
682.8 -73.74
683.2 -79.09
683.6 -75.49
684.0 -72.62
684.4 -70.2
684.8 -70.04
685.2 -71.72
685.6 -71.08
686.0 -72.45
686.4 -70.02
686.8 -210.0
687.2 -71.81
687.6 -70.95
688.0 -75.72
688.4 -70.49
688.8 -71.68
689.2 -71.13
689.6 -69.4
690.0 -72.4
690.4 -74.89
690.8 -72.53
691.2 -73.63
691.6 -71.52
692.0 -73.11
692.4 -72.64
692.8 -71.97
693.2 -69.48
693.6 -77.86
694.0 -70.96
694.4 -74.38
694.8 -72.91
695.2 -71.04
695.6 -73.4
696.0 -73.94
696.4 -71.56
696.8 -72.73
697.2 -73.03
697.6 -70.19
698.0 -70.09
698.4 -70.42
698.8 -70.51
699.2 -75.55
699.6 -72.84
700.0 -69.67
700.4 -70.76
700.8 -70.05
701.2 -71.6
701.6 -74.5
702.0 -78.82
702.4 -69.48
702.8 -72.35
703.2 -70.82
703.6 -87.26
704.0 -69.76
704.4 -73.43
704.8 -68.66
705.2 -70.32
705.6 -74.22
706.0 -70.98
706.4 -74.2
706.8 -70.13
707.2 -70.38
707.6 -68.27
708.0 -69.86
708.4 -68.85
708.8 -74.62
709.2 -72.11
709.6 -72.39
710.0 -70.25
710.4 -70.34
710.8 -71.58
711.2 -71.96
711.6 -70.7
712.0 -69.14
712.4 -82.36
712.8 -70.89
713.2 -69.49
713.6 -75.07
714.0 -68.79
714.4 -71.79
714.8 -70.12
715.2 -70.97
715.6 -71.41
716.0 -71.78
716.4 -70.96
716.8 -69.38
717.2 -70.17
717.6 -72.93
718.0 -70.25
718.4 -73.26
718.8 -70.24
719.2 -69.98
719.6 -70.07
720.0 -69.64
720.4 -70.92
720.8 -75.27
721.2 -73.42
721.6 -74.25
722.0 -71.58
722.4 -71.11
722.8 -70.89
723.2 -70.78
723.6 -68.89
724.0 -69.01
724.4 -70.19
724.8 -70.97
725.2 -68.36
725.6 -70.18
726.0 -70.75
726.4 -71.3
726.8 -70.64
727.2 -70.16
727.6 -69.42
728.0 -70.63
728.4 -72.82
728.8 -70.23
729.2 -69.25
729.6 -68.69
730.0 -73.14
730.4 -69.54
730.8 -71.49
731.2 -70.4
731.6 -71.88
732.0 -71.01
732.4 -70.02
732.8 -71.01
733.2 -73.11
733.6 -70.01
734.0 -68.99
734.4 -71.59
734.8 -71.85
735.2 -69.92
735.6 -70.66
736.0 -71.71
736.4 -72.74
736.8 -69.56
737.2 -67.59
737.6 -68.68
738.0 -69.02
738.4 -70.34
738.8 -68.67
739.2 -70.63
739.6 -68.8
740.0 -70.04
740.4 -67.99
740.8 -69.07
741.2 -70.12
741.6 -72.07
742.0 -68.33
742.4 -76.85
742.8 -71.39
743.2 -69.28
743.6 -73.03
744.0 -68.25
744.4 -68.9
744.8 -70.8
745.2 -71.64
745.6 -69.49
746.0 -71.02
746.4 -69.66
746.8 -70.69
747.2 -73.38
747.6 -69.56
748.0 -68.35
748.4 -68.22
748.8 -72.17
749.2 -74.24
749.6 -71.23
750.0 -68.46
750.4 -70.76
750.8 -73.35
751.2 -68.45
751.6 -69.61
752.0 -70.63
752.4 -70.73
752.8 -68.96
753.2 -68.96
753.6 -69.75
754.0 -70.2
754.4 -68.66
754.8 -69.32
755.2 -70.48
755.6 -71.15
756.0 -74.94
756.4 -68.44
756.8 -69.37
757.2 -70.57
757.6 -68.11
758.0 -73.46
758.4 -69.19
758.8 -70.24
759.2 -68.88
759.6 -73.05
760.0 -67.73
760.4 -70.03
760.8 -69.74
761.2 -72.5
761.6 -67.78
762.0 -70.2
762.4 -72.32
762.8 -70.5
763.2 -69.64
763.6 -69.47
764.0 -69.21
764.4 -69.06
764.8 -71.29
765.2 -69.05
765.6 -69.2
766.0 -70.26
766.4 -70.47
766.8 -69.6
767.2 -68.95
767.6 -74.28
768.0 -69.67
768.4 -70.04
768.8 -68.5
769.2 -70.13
769.6 -69.24
770.0 -71.5
770.4 -73.77
770.8 -70.87
771.2 -67.92
771.6 -69.23
772.0 -68.99
772.4 -68.62
772.8 -69.3
773.2 -70.11
773.6 -68.99
774.0 -70.85
774.4 -69.29
774.8 -68.61
775.2 -71.35
775.6 -70.74
776.0 -68.97
776.4 -67.89
776.8 -70.96
777.2 -70.4
777.6 -67.95
778.0 -70.28
778.4 -68.52
778.8 -68.88
779.2 -72.2
779.6 -69.53
780.0 -68.95
780.4 -68.72
780.8 -67.75
781.2 -68.12
781.6 -69.59
782.0 -69.51
782.4 -69.87
782.8 -69.01
783.2 -70.8
783.6 -69.0
784.0 -67.56
784.4 -67.91
784.8 -68.15
785.2 -69.23
785.6 -70.24
786.0 -69.4
786.4 -70.9
786.8 -68.91
787.2 -69.48
787.6 -68.14
788.0 -68.01
788.4 -69.64
788.8 -68.26
789.2 -69.38
789.6 -68.26
790.0 -67.05
790.4 -69.91
790.8 -68.66
791.2 -69.62
791.6 -68.11
792.0 -69.9
792.4 -69.28
792.8 -68.43
793.2 -70.86
793.6 -68.87
794.0 -69.79
794.4 -68.15
794.8 -70.29
795.2 -67.84
795.6 -69.08
796.0 -70.28
796.4 -69.59
796.8 -71.93
797.2 -67.26
797.6 -68.27
798.0 -68.61
798.4 -67.14
798.8 -68.6
799.2 -66.65
799.6 -69.14
800.0 -67.57
800.4 -67.13
800.8 -67.03
801.2 -69.23
801.6 -67.09
802.0 -68.39
802.4 -68.39
802.8 -69.32
803.2 -68.07
803.6 -67.64
804.0 -67.71
804.4 -69.0
804.8 -68.48
805.2 -68.08
805.6 -67.84
806.0 -65.88
806.4 -64.32
806.8 -60.23
807.2 -56.45
807.6 -52.46
808.0 -50.97
808.4 -52.16
808.8 -52.55
809.2 -56.05
809.6 -64.53
810.0 -67.31
810.4 -66.63
810.8 -67.33
811.2 -68.98
811.6 -66.93
812.0 -67.85
812.4 -67.09
812.8 -67.98
813.2 -67.11
813.6 -68.19
814.0 -67.32
814.4 -66.66
814.8 -68.21
815.2 -66.95
815.6 -68.99
816.0 -67.58
816.4 -67.43
816.8 -67.12
817.2 -68.65
817.6 -68.01
818.0 -68.73
818.4 -66.14
818.8 -66.87
819.2 -69.06
819.6 -66.98
820.0 -69.31
820.4 -68.32
820.8 -67.86
821.2 -69.86
821.6 -69.06
822.0 -66.62
822.4 -71.41
822.8 -69.49
823.2 -68.49
823.6 -67.57
824.0 -67.44
824.4 -66.75
824.8 -68.3
825.2 -69.04
825.6 -67.35
826.0 -67.03
826.4 -67.05
826.8 -68.26
827.2 -67.36
827.6 -67.84
828.0 -68.18
828.4 -68.15
828.8 -67.38
829.2 -66.02
829.6 -67.7
830.0 -67.07
830.4 -66.89
830.8 -68.51
831.2 -68.08
831.6 -69.21
832.0 -66.27
832.4 -67.42
832.8 -68.14
833.2 -67.21
833.6 -67.7
834.0 -68.12
834.4 -68.0
834.8 -67.64
835.2 -66.87
835.6 -67.27
836.0 -67.51
836.4 -67.2
836.8 -67.1
837.2 -67.77
837.6 -65.81
838.0 -66.5
838.4 -66.95
838.8 -66.84
839.2 -67.83
839.6 -67.68
840.0 -67.24
840.4 -66.87
840.8 -67.2
841.2 -66.12
841.6 -67.24
842.0 -67.96
842.4 -67.08
842.8 -67.23
843.2 -68.33
843.6 -66.79
844.0 -67.68
844.4 -67.6
844.8 -66.29
845.2 -67.67
845.6 -66.64
846.0 -67.34
846.4 -68.32
846.8 -66.75
847.2 -66.74
847.6 -66.31
848.0 -66.77
848.4 -67.88
848.8 -67.84
849.2 -66.37
849.6 -66.74
850.0 -66.23
850.4 -66.36
850.8 -66.73
851.2 -66.19
851.6 -66.16
852.0 -66.29
852.4 -66.97
852.8 -66.85
853.2 -66.88
853.6 -66.74
854.0 -66.46
854.4 -66.27
854.8 -67.71
855.2 -65.65
855.6 -66.62
856.0 -65.72
856.4 -66.83
856.8 -65.95
857.2 -66.34
857.6 -65.26
858.0 -67.48
858.4 -65.87
858.8 -66.08
859.2 -66.02
859.6 -66.21
860.0 -66.42
860.4 -66.55
860.8 -65.85
861.2 -65.94
861.6 -64.96
862.0 -66.96
862.4 -65.96
862.8 -67.51
863.2 -65.5
863.6 -66.94
864.0 -67.29
864.4 -65.93
864.8 -66.44
865.2 -67.0
865.6 -65.31
866.0 -65.78
866.4 -66.69
866.8 -65.94
867.2 -65.34
867.6 -65.96
868.0 -67.12
868.4 -66.33
868.8 -66.45
869.2 -65.32
869.6 -65.82
870.0 -65.34
870.4 -65.89
870.8 -65.52
871.2 -64.89
871.6 -65.18
872.0 -65.39
872.4 -65.09
872.8 -65.57
873.2 -66.26
873.6 -64.71
874.0 -65.03
874.4 -65.95
874.8 -65.31
875.2 -65.21
875.6 -65.78
876.0 -65.24
876.4 -65.48
876.8 -64.93
877.2 -66.03
877.6 -65.04
878.0 -65.83
878.4 -64.88
878.8 -65.59
879.2 -65.35
879.6 -65.04
880.0 -66.46
880.4 -65.65
880.8 -64.93
881.2 -66.25
881.6 -65.8
882.0 -65.68
882.4 -65.3
882.8 -65.79
883.2 -65.28
883.6 -65.28
884.0 -65.7
884.4 -65.2
884.8 -64.78
885.2 -65.52
885.6 -65.55
886.0 -65.19
886.4 -65.4
886.8 -66.4
887.2 -65.18
887.6 -65.07
888.0 -64.92
888.4 -66.02
888.8 -66.91
889.2 -64.97
889.6 -64.77
890.0 -64.79
890.4 -66.35
890.8 -65.83
891.2 -65.39
891.6 -65.0
892.0 -65.29
892.4 -64.71
892.8 -65.47
893.2 -65.58
893.6 -64.87
894.0 -64.48
894.4 -65.93
894.8 -65.35
895.2 -65.35
895.6 -65.35
896.0 -65.02
896.4 -65.64
896.8 -64.86
897.2 -65.96
897.6 -64.71
898.0 -65.69
898.4 -64.97
898.8 -65.15
899.2 -64.62
899.6 -65.42
900.0 -65.11
900.4 -64.87
900.8 -64.91
901.2 -65.49
901.6 -65.49
902.0 -65.03
902.4 -65.01
902.8 -65.09
903.2 -64.77
903.6 -65.03
904.0 -64.71
904.4 -65.25
904.8 -65.39
905.2 -64.72
905.6 -64.54
906.0 -65.15
906.4 -65.27
906.8 -65.2
907.2 -64.64
907.6 -65.34
908.0 -64.7
908.4 -65.16
908.8 -64.81
909.2 -64.75
909.6 -66.08
910.0 -64.98
910.4 -64.7
910.8 -65.15
911.2 -64.96
911.6 -65.12
912.0 -64.67
912.4 -64.76
912.8 -64.32
913.2 -64.57
913.6 -65.6
914.0 -64.47
914.4 -65.04
914.8 -65.6
915.2 -65.32
915.6 -64.98
916.0 -65.32
916.4 -65.29
916.8 -65.4
917.2 -65.18
917.6 -65.85
918.0 -65.17
918.4 -65.23
918.8 -65.32
919.2 -65.17
919.6 -65.24
920.0 -65.28
920.4 -65.54
920.8 -65.58
921.2 -65.52
921.6 -65.54
922.0 -65.78
922.4 -65.51
922.8 -66.03
923.2 -65.29
923.6 -65.78
924.0 -65.11
924.4 -65.55
924.8 -65.32
925.2 -65.07
925.6 -65.37
926.0 -65.35
926.4 -65.09
926.8 -65.03
927.2 -66.38
927.6 -65.51
928.0 -65.53
928.4 -65.9
928.8 -65.22
929.2 -65.58
929.6 -65.09
930.0 -65.8
930.4 -65.64
930.8 -65.21
931.2 -66.2
931.6 -65.61
932.0 -65.66
932.4 -65.44
932.8 -66.22
933.2 -65.86
933.6 -65.9
934.0 -65.74
934.4 -65.76
934.8 -65.98
935.2 -65.84
935.6 -65.93
936.0 -65.84
936.4 -65.5
936.8 -65.73
937.2 -65.53
937.6 -65.76
938.0 -66.2
938.4 -65.69
938.8 -65.57
939.2 -66.14
939.6 -66.3
940.0 -65.88
940.4 -65.41
940.8 -66.17
941.2 -65.79
941.6 -65.93
942.0 -66.04
942.4 -65.86
942.8 -65.7
943.2 -65.71
943.6 -65.91
944.0 -65.28
944.4 -65.39
944.8 -65.22
945.2 -65.61
945.6 -66.17
946.0 -65.5
946.4 -66.0
946.8 -66.04
947.2 -66.09
947.6 -66.55
948.0 -66.13
948.4 -66.02
948.8 -65.89
949.2 -66.23
949.6 -66.19
950.0 -66.48
950.4 -65.73
950.8 -65.93
951.2 -66.39
951.6 -66.02
952.0 -66.25
952.4 -66.49
952.8 -65.9
953.2 -66.45
953.6 -65.76
954.0 -66.28
954.4 -65.37
954.8 -66.77
955.2 -66.07
955.6 -65.79
956.0 -65.86
956.4 -66.29
956.8 -66.72
957.2 -66.54
957.6 -66.2
958.0 -66.47
958.4 -66.49
958.8 -66.37
959.2 -66.37
959.6 -65.79
960.0 -66.84
960.4 -66.48
960.8 -65.83
961.2 -66.22
961.6 -66.8
962.0 -66.56
962.4 -66.32
962.8 -66.09
963.2 -65.8
963.6 -66.01
964.0 -66.17
964.4 -65.96
964.8 -65.61
965.2 -65.43
965.6 -65.11
966.0 -65.03
966.4 -65.51
966.8 -66.09
967.2 -65.82
967.6 -66.0
968.0 -65.73
968.4 -66.46
968.8 -65.63
969.2 -66.02
969.6 -66.03
970.0 -66.1
970.4 -65.94
970.8 -66.51
971.2 -65.46
971.6 -65.74
972.0 -65.61
972.4 -66.14
972.8 -65.76
973.2 -65.79
973.6 -65.86
974.0 -66.14
974.4 -65.52
974.8 -65.71
975.2 -65.8
975.6 -66.21
976.0 -66.22
976.4 -66.12
976.8 -65.98
977.2 -66.27
977.6 -66.3
978.0 -66.48
978.4 -66.37
978.8 -66.35
979.2 -66.76
979.6 -66.01
980.0 -66.05
980.4 -66.35
980.8 -66.51
981.2 -66.07
981.6 -66.18
982.0 -66.45
982.4 -65.99
982.8 -66.51
983.2 -66.58
983.6 -66.11
984.0 -65.84
984.4 -65.89
984.8 -66.26
985.2 -66.08
985.6 -65.97
986.0 -65.58
986.4 -65.93
986.8 -65.96
987.2 -65.85
987.6 -65.68
988.0 -65.66
988.4 -65.79
988.8 -65.55
989.2 -65.19
989.6 -65.58
990.0 -65.03
990.4 -65.45
990.8 -64.96
991.2 -64.81
991.6 -65.25
992.0 -65.15
992.4 -65.36
992.8 -65.29
993.2 -64.84
993.6 -64.81
994.0 -64.78
994.4 -65.15
994.8 -65.14
995.2 -65.04
995.6 -64.97
996.0 -64.75
996.4 -64.78
996.8 -64.65
997.2 -65.37
997.6 -64.97
998.0 -64.86
998.4 -64.76
998.8 -64.81
999.2 -64.87
999.6 -65.13
1000.0 -65.04
