600.0 -210.0
600.4 -210.0
600.8 -74.19
601.2 -78.18
601.6 -73.82
602.0 -210.0
602.4 -210.0
602.8 -79.54
603.2 -70.19
603.6 -210.0
604.0 -210.0
604.4 -71.19
604.8 -78.42
605.2 -210.0
605.6 -210.0
606.0 -76.74
606.4 -210.0
606.8 -79.8
607.2 -210.0
607.6 -210.0
608.0 -81.65
608.4 -77.69
608.8 -79.93
609.2 -70.41
609.6 -76.97
610.0 -70.8
610.4 -210.0
610.8 -80.05
611.2 -81.84
611.6 -74.08
612.0 -73.76
612.4 -210.0
612.8 -70.97
613.2 -72.41
613.6 -210.0
614.0 -75.98
614.4 -210.0
614.8 -210.0
615.2 -85.09
615.6 -70.33
616.0 -69.82
616.4 -73.69
616.8 -210.0
617.2 -70.43
617.6 -210.0
618.0 -75.26
618.4 -210.0
618.8 -75.3
619.2 -210.0
619.6 -71.73
620.0 -210.0
620.4 -210.0
620.8 -80.64
621.2 -210.0
621.6 -210.0
622.0 -210.0
622.4 -73.47
622.8 -82.54
623.2 -75.15
623.6 -210.0
624.0 -210.0
624.4 -71.33
624.8 -210.0
625.2 -74.9
625.6 -78.73
626.0 -210.0
626.4 -71.96
626.8 -71.82
627.2 -72.39
627.6 -74.71
628.0 -210.0
628.4 -74.43
628.8 -78.93
629.2 -72.51
629.6 -74.5
630.0 -75.2
630.4 -75.23
630.8 -73.5
631.2 -74.32
631.6 -73.33
632.0 -210.0
632.4 -83.17
632.8 -210.0
633.2 -210.0
633.6 -73.47
634.0 -72.31
634.4 -210.0
634.8 -210.0
635.2 -73.37
635.6 -73.62
636.0 -83.43
636.4 -75.67
636.8 -75.7
637.2 -210.0
637.6 -210.0
638.0 -75.45
638.4 -86.62
638.8 -75.51
639.2 -81.9
639.6 -73.7
640.0 -74.18
640.4 -210.0
640.8 -80.79
641.2 -83.84
641.6 -73.08
642.0 -77.88
642.4 -72.33
642.8 -210.0
643.2 -73.6
643.6 -75.3
644.0 -73.12
644.4 -72.66
644.8 -210.0
645.2 -72.15
645.6 -76.11
646.0 -210.0
646.4 -75.27
646.8 -72.73
647.2 -77.39
647.6 -71.4
648.0 -71.54
648.4 -72.18
648.8 -210.0
649.2 -69.64
649.6 -70.2
650.0 -75.06
650.4 -81.59
650.8 -72.3
651.2 -71.39
651.6 -72.31
652.0 -82.85
652.4 -74.41
652.8 -72.32
653.2 -73.01
653.6 -210.0
654.0 -72.59
654.4 -74.22
654.8 -71.97
655.2 -75.1
655.6 -72.34
656.0 -71.43
656.4 -72.35
656.8 -73.52
657.2 -75.12
657.6 -72.49
658.0 -75.63
658.4 -76.88
658.8 -73.54
659.2 -74.07
659.6 -77.27
660.0 -76.56
660.4 -75.93
660.8 -72.78
661.2 -72.25
661.6 -75.14
662.0 -74.27
662.4 -210.0
662.8 -69.06
663.2 -210.0
663.6 -71.46
664.0 -75.39
664.4 -71.78
664.8 -71.9
665.2 -71.9
665.6 -72.64
666.0 -71.07
666.4 -77.28
666.8 -73.89
667.2 -71.46
667.6 -76.56
668.0 -82.92
668.4 -72.64
668.8 -70.21
669.2 -71.36
669.6 -71.67
670.0 -72.77
670.4 -72.91
670.8 -73.05
671.2 -76.21
671.6 -78.64
672.0 -71.54
672.4 -73.52
672.8 -74.04
673.2 -70.41
673.6 -70.02
674.0 -70.92
674.4 -74.22
674.8 -70.73
675.2 -74.85
675.6 -71.61
676.0 -73.15
676.4 -70.47
676.8 -71.08
677.2 -70.89
677.6 -72.17
678.0 -78.06
678.4 -69.82
678.8 -72.28
679.2 -75.55
679.6 -71.8
680.0 -72.14
680.4 -75.54
680.8 -75.02
681.2 -72.26
681.6 -73.76
682.0 -73.08
682.4 -75.51
682.8 -71.52
683.2 -71.98
683.6 -70.63
684.0 -72.22
684.4 -73.21
684.8 -73.05
685.2 -72.33
685.6 -71.95
686.0 -71.48
686.4 -69.18
686.8 -70.17
687.2 -72.72
687.6 -70.67
688.0 -69.56
688.4 -74.25
688.8 -71.68
689.2 -72.69
689.6 -73.66
690.0 -72.83
690.4 -72.67
690.8 -70.91
691.2 -72.12
691.6 -70.11
692.0 -69.5
692.4 -70.98
692.8 -70.98
693.2 -72.22
693.6 -69.08
694.0 -77.85
694.4 -77.39
694.8 -71.47
695.2 -70.65
695.6 -74.37
696.0 -69.81
696.4 -71.44
696.8 -69.36
697.2 -72.57
697.6 -71.01
698.0 -70.18
698.4 -68.87
698.8 -73.18
699.2 -71.87
699.6 -77.32
700.0 -72.53
700.4 -74.51
700.8 -69.89
701.2 -70.13
701.6 -70.3
702.0 -69.35
702.4 -69.34
702.8 -69.86
703.2 -72.2
703.6 -72.2
704.0 -74.24
704.4 -69.99
704.8 -69.11
705.2 -70.99
705.6 -69.98
706.0 -69.02
706.4 -70.58
706.8 -70.67
707.2 -69.87
707.6 -69.49
708.0 -72.27
708.4 -69.54
708.8 -74.17
709.2 -70.93
709.6 -70.54
710.0 -72.24
710.4 -72.1
710.8 -69.99
711.2 -73.17
711.6 -69.07
712.0 -70.6
712.4 -69.28
712.8 -69.34
713.2 -68.86
713.6 -74.33
714.0 -71.55
714.4 -68.84
714.8 -71.79
715.2 -69.46
715.6 -74.09
716.0 -70.66
716.4 -70.65
716.8 -74.08
717.2 -70.54
717.6 -70.64
718.0 -69.99
718.4 -70.73
718.8 -71.37
719.2 -71.74
719.6 -73.44
720.0 -70.61
720.4 -69.8
720.8 -69.96
721.2 -68.71
721.6 -68.11
722.0 -69.87
722.4 -70.3
722.8 -72.24
723.2 -70.78
723.6 -71.7
724.0 -70.28
724.4 -71.69
724.8 -69.51
725.2 -69.36
725.6 -70.37
726.0 -70.45
726.4 -68.47
726.8 -69.27
727.2 -71.18
727.6 -69.73
728.0 -70.84
728.4 -71.52
728.8 -69.71
729.2 -73.15
729.6 -69.8
730.0 -70.22
730.4 -67.26
730.8 -69.95
731.2 -69.08
731.6 -72.96
732.0 -69.77
732.4 -69.0
732.8 -70.49
733.2 -69.93
733.6 -69.67
734.0 -68.34
734.4 -67.87
734.8 -69.27
735.2 -71.46
735.6 -69.49
736.0 -69.04
736.4 -68.96
736.8 -69.48
737.2 -69.25
737.6 -69.47
738.0 -70.85
738.4 -68.3
738.8 -69.79
739.2 -69.46
739.6 -70.05
740.0 -78.4
740.4 -70.42
740.8 -69.87
741.2 -69.44
741.6 -69.52
742.0 -74.54
742.4 -68.65
742.8 -70.4
743.2 -70.11
743.6 -69.51
744.0 -69.5
744.4 -68.13
744.8 -70.7
745.2 -70.59
745.6 -68.62
746.0 -69.33
746.4 -70.69
746.8 -69.91
747.2 -69.02
747.6 -72.49
748.0 -70.47
748.4 -68.53
748.8 -68.6
749.2 -72.99
749.6 -70.26
750.0 -69.0
750.4 -69.46
750.8 -70.98
751.2 -69.45
751.6 -70.53
752.0 -70.52
752.4 -71.19
752.8 -67.55
753.2 -69.26
753.6 -69.1
754.0 -68.95
754.4 -70.49
754.8 -71.28
755.2 -69.39
755.6 -71.27
756.0 -71.14
756.4 -69.07
756.8 -70.78
757.2 -69.71
757.6 -70.56
758.0 -68.98
758.4 -68.82
758.8 -68.48
759.2 -69.11
759.6 -69.34
760.0 -72.18
760.4 -69.25
760.8 -68.13
761.2 -70.41
761.6 -70.96
762.0 -69.48
762.4 -67.34
762.8 -70.19
763.2 -70.6
763.6 -69.3
764.0 -70.38
764.4 -70.93
764.8 -69.05
765.2 -68.82
765.6 -69.79
766.0 -70.06
766.4 -69.19
766.8 -67.78
767.2 -68.66
767.6 -71.27
768.0 -71.26
768.4 -71.52
768.8 -68.37
769.2 -68.78
769.6 -70.33
770.0 -68.23
770.4 -69.23
770.8 -70.64
771.2 -67.11
771.6 -70.22
772.0 -70.75
772.4 -71.1
772.8 -68.42
773.2 -70.31
773.6 -68.69
774.0 -68.41
774.4 -69.21
774.8 -67.5
775.2 -67.67
775.6 -68.47
776.0 -71.08
776.4 -66.84
776.8 -69.04
777.2 -67.28
777.6 -66.84
778.0 -68.88
778.4 -70.39
778.8 -68.88
779.2 -69.27
779.6 -68.96
780.0 -67.16
780.4 -68.87
780.8 -72.03
781.2 -68.58
781.6 -68.86
782.0 -71.72
782.4 -69.01
782.8 -67.2
783.2 -68.7
783.6 -67.14
784.0 -68.42
784.4 -67.73
784.8 -69.15
785.2 -70.24
785.6 -67.84
786.0 -67.34
786.4 -68.98
786.8 -68.01
787.2 -69.56
787.6 -67.66
788.0 -67.95
788.4 -66.41
788.8 -68.46
789.2 -68.39
789.6 -68.9
790.0 -69.72
790.4 -70.21
790.8 -68.96
791.2 -70.0
791.6 -69.62
792.0 -67.57
792.4 -68.11
792.8 -68.72
793.2 -68.5
793.6 -68.04
794.0 -68.63
794.4 -68.49
794.8 -68.63
795.2 -67.61
795.6 -68.21
796.0 -69.42
796.4 -67.43
796.8 -68.7
797.2 -67.59
797.6 -67.2
798.0 -67.31
798.4 -68.46
798.8 -67.46
799.2 -68.9
799.6 -67.63
800.0 -67.24
800.4 -66.6
800.8 -68.25
801.2 -67.63
801.6 -67.87
802.0 -67.04
802.4 -67.35
802.8 -69.41
803.2 -66.57
803.6 -67.26
804.0 -67.77
804.4 -68.48
804.8 -66.41
805.2 -69.97
805.6 -66.92
806.0 -66.42
806.4 -63.45
806.8 -60.1
807.2 -56.14
807.6 -52.22
808.0 -50.79
808.4 -51.93
808.8 -52.34
809.2 -55.97
809.6 -63.67
810.0 -65.95
810.4 -65.92
810.8 -67.77
811.2 -66.73
811.6 -69.66
812.0 -68.03
812.4 -66.85
812.8 -67.36
813.2 -67.42
813.6 -68.25
814.0 -68.96
814.4 -67.72
814.8 -68.98
815.2 -67.09
815.6 -67.57
816.0 -67.11
816.4 -68.05
816.8 -67.76
817.2 -67.88
817.6 -66.81
818.0 -67.45
818.4 -67.79
818.8 -66.78
819.2 -67.98
819.6 -67.81
820.0 -67.24
820.4 -67.2
820.8 -68.15
821.2 -67.92
821.6 -66.36
822.0 -68.85
822.4 -66.68
822.8 -67.81
823.2 -68.37
823.6 -66.39
824.0 -67.01
824.4 -66.8
824.8 -67.37
825.2 -68.02
825.6 -67.87
826.0 -67.72
826.4 -68.61
826.8 -67.5
827.2 -68.39
827.6 -67.89
828.0 -67.54
828.4 -67.56
828.8 -65.86
829.2 -67.4
829.6 -67.96
830.0 -67.11
830.4 -67.23
830.8 -67.13
831.2 -67.03
831.6 -68.33
832.0 -67.39
832.4 -67.51
832.8 -66.4
833.2 -66.18
833.6 -67.89
834.0 -66.82
834.4 -67.01
834.8 -66.62
835.2 -65.7
835.6 -66.23
836.0 -66.5
836.4 -66.22
836.8 -66.98
837.2 -66.68
837.6 -66.71
838.0 -66.33
838.4 -67.42
838.8 -66.59
839.2 -66.56
839.6 -67.68
840.0 -66.4
840.4 -67.02
840.8 -67.52
841.2 -66.73
841.6 -67.36
842.0 -66.63
842.4 -66.39
842.8 -65.99
843.2 -66.65
843.6 -65.6
844.0 -66.69
844.4 -67.01
844.8 -65.98
845.2 -67.11
845.6 -66.44
846.0 -66.58
846.4 -66.22
846.8 -66.89
847.2 -66.47
847.6 -66.31
848.0 -66.4
848.4 -66.0
848.8 -68.36
849.2 -66.5
849.6 -66.74
850.0 -66.59
850.4 -67.09
850.8 -67.87
851.2 -66.1
851.6 -66.61
852.0 -66.41
852.4 -66.32
852.8 -66.25
853.2 -66.85
853.6 -66.81
854.0 -66.27
854.4 -65.65
854.8 -66.02
855.2 -65.93
855.6 -66.62
856.0 -66.29
856.4 -65.81
856.8 -66.01
857.2 -66.64
857.6 -65.63
858.0 -65.63
858.4 -65.99
858.8 -65.38
859.2 -64.96
859.6 -65.7
860.0 -65.89
860.4 -66.35
860.8 -65.36
861.2 -66.09
861.6 -65.38
862.0 -66.53
862.4 -65.65
862.8 -65.78
863.2 -65.32
863.6 -65.82
864.0 -65.6
864.4 -65.3
864.8 -64.72
865.2 -65.09
865.6 -65.39
866.0 -65.16
866.4 -65.57
866.8 -65.79
867.2 -65.02
867.6 -65.12
868.0 -65.75
868.4 -66.14
868.8 -64.85
869.2 -66.22
869.6 -65.51
870.0 -65.26
870.4 -65.69
870.8 -66.3
871.2 -65.76
871.6 -65.58
872.0 -64.68
872.4 -65.3
872.8 -65.02
873.2 -65.34
873.6 -65.05
874.0 -65.61
874.4 -65.83
874.8 -64.81
875.2 -66.33
875.6 -65.17
876.0 -65.24
876.4 -65.71
876.8 -65.26
877.2 -64.47
877.6 -64.34
878.0 -65.0
878.4 -64.71
878.8 -64.9
879.2 -64.89
879.6 -64.84
880.0 -64.9
880.4 -64.01
880.8 -64.59
881.2 -64.71
881.6 -64.37
882.0 -65.29
882.4 -65.14
882.8 -65.33
883.2 -65.5
883.6 -64.92
884.0 -64.87
884.4 -65.02
884.8 -64.76
885.2 -65.24
885.6 -64.41
886.0 -65.08
886.4 -65.27
886.8 -64.88
887.2 -65.28
887.6 -65.15
888.0 -65.42
888.4 -65.1
888.8 -65.45
889.2 -65.23
889.6 -65.0
890.0 -64.93
890.4 -64.31
890.8 -64.68
891.2 -64.94
891.6 -64.25
892.0 -64.59
892.4 -64.86
892.8 -65.02
893.2 -64.34
893.6 -64.7
894.0 -64.88
894.4 -65.54
894.8 -65.41
895.2 -64.04
895.6 -65.43
896.0 -64.45
896.4 -64.73
896.8 -64.98
897.2 -64.91
897.6 -64.93
898.0 -65.25
898.4 -65.33
898.8 -65.62
899.2 -65.0
899.6 -65.23
900.0 -65.03
900.4 -64.33
900.8 -65.5
901.2 -64.52
901.6 -65.32
902.0 -65.44
902.4 -65.53
902.8 -64.55
903.2 -65.18
903.6 -65.78
904.0 -64.73
904.4 -65.15
904.8 -65.9
905.2 -64.88
905.6 -64.78
906.0 -65.13
906.4 -64.99
906.8 -65.05
907.2 -65.26
907.6 -65.09
908.0 -65.15
908.4 -65.46
908.8 -64.67
909.2 -64.91
909.6 -65.51
910.0 -64.47
910.4 -64.75
910.8 -65.3
911.2 -64.45
911.6 -65.05
912.0 -64.61
912.4 -65.34
912.8 -63.82
913.2 -64.49
913.6 -65.03
914.0 -64.9
914.4 -65.0
914.8 -65.35
915.2 -65.13
915.6 -65.07
916.0 -65.04
916.4 -65.02
916.8 -65.03
917.2 -65.54
917.6 -64.87
918.0 -66.08
918.4 -64.92
918.8 -64.71
919.2 -64.46
919.6 -64.68
920.0 -64.47
920.4 -64.3
920.8 -64.9
921.2 -64.67
921.6 -64.96
922.0 -65.37
922.4 -64.77
922.8 -65.41
923.2 -65.47
923.6 -64.88
924.0 -64.59
924.4 -64.98
924.8 -65.43
925.2 -64.97
925.6 -64.87
926.0 -64.79
926.4 -64.81
926.8 -65.5
927.2 -64.65
927.6 -64.9
928.0 -65.1
928.4 -65.27
928.8 -65.22
929.2 -64.88
929.6 -64.97
930.0 -64.6
930.4 -64.62
930.8 -64.99
931.2 -64.66
931.6 -65.21
932.0 -64.97
932.4 -64.79
932.8 -65.3
933.2 -66.06
933.6 -65.26
934.0 -65.42
934.4 -65.26
934.8 -65.32
935.2 -65.34
935.6 -65.23
936.0 -65.44
936.4 -65.17
936.8 -65.62
937.2 -65.49
937.6 -65.15
938.0 -65.67
938.4 -65.51
938.8 -65.23
939.2 -65.3
939.6 -65.53
940.0 -65.49
940.4 -65.68
940.8 -65.64
941.2 -65.57
941.6 -65.54
942.0 -66.0
942.4 -65.88
942.8 -65.33
943.2 -65.24
943.6 -65.42
944.0 -65.54
944.4 -65.32
944.8 -65.09
945.2 -65.04
945.6 -65.07
946.0 -66.26
946.4 -65.64
946.8 -64.77
947.2 -65.46
947.6 -65.18
948.0 -65.68
948.4 -65.49
948.8 -66.18
949.2 -65.65
949.6 -65.62
950.0 -65.37
950.4 -65.66
950.8 -65.61
951.2 -65.49
951.6 -65.97
952.0 -65.2
952.4 -66.1
952.8 -65.59
953.2 -66.16
953.6 -65.68
954.0 -65.86
954.4 -65.31
954.8 -65.27
955.2 -65.8
955.6 -66.01
956.0 -65.26
956.4 -65.62
956.8 -65.6
957.2 -64.95
957.6 -65.41
958.0 -65.43
958.4 -65.54
958.8 -65.69
959.2 -65.85
959.6 -65.44
960.0 -65.24
960.4 -65.74
960.8 -65.23
961.2 -65.84
961.6 -65.79
962.0 -65.09
962.4 -65.03
962.8 -65.63
963.2 -65.61
963.6 -65.62
964.0 -64.98
964.4 -65.18
964.8 -65.5
965.2 -65.69
965.6 -64.99
966.0 -64.92
966.4 -64.91
966.8 -65.36
967.2 -65.51
967.6 -65.17
968.0 -65.62
968.4 -65.22
968.8 -65.3
969.2 -65.45
969.6 -65.53
970.0 -65.13
970.4 -65.45
970.8 -65.33
971.2 -65.9
971.6 -65.53
972.0 -65.47
972.4 -65.43
972.8 -65.83
973.2 -65.58
973.6 -65.95
974.0 -66.05
974.4 -65.25
974.8 -65.69
975.2 -65.78
975.6 -65.62
976.0 -66.0
976.4 -65.53
976.8 -65.58
977.2 -65.82
977.6 -65.8
978.0 -66.03
978.4 -65.83
978.8 -66.36
979.2 -65.41
979.6 -65.71
980.0 -65.47
980.4 -66.12
980.8 -65.69
981.2 -65.66
981.6 -65.56
982.0 -65.84
982.4 -65.41
982.8 -65.57
983.2 -65.34
983.6 -65.21
984.0 -65.86
984.4 -65.54
984.8 -65.29
985.2 -65.19
985.6 -65.18
986.0 -64.91
986.4 -65.1
986.8 -65.05
987.2 -64.92
987.6 -64.81
988.0 -64.93
988.4 -64.81
988.8 -64.63
989.2 -64.87
989.6 -65.12
990.0 -64.53
990.4 -64.88
990.8 -64.49
991.2 -64.7
991.6 -64.55
992.0 -64.35
992.4 -64.38
992.8 -64.42
993.2 -64.5
993.6 -64.71
994.0 -64.23
994.4 -64.56
994.8 -64.51
995.2 -64.41
995.6 -64.18
996.0 -64.42
996.4 -64.29
996.8 -64.7
997.2 -64.47
997.6 -64.31
998.0 -64.42
998.4 -64.55
998.8 -64.47
999.2 -64.41
999.6 -64.34
1000.0 -64.28
