600.0 -68.22
600.4 -72.11
600.8 -210.0
601.2 -210.0
601.6 -210.0
602.0 -72.5
602.4 -210.0
602.8 -210.0
603.2 -72.29
603.6 -210.0
604.0 -70.59
604.4 -210.0
604.8 -210.0
605.2 -210.0
605.6 -210.0
606.0 -210.0
606.4 -210.0
606.8 -74.16
607.2 -71.17
607.6 -75.59
608.0 -75.11
608.4 -81.67
608.8 -73.91
609.2 -71.72
609.6 -84.76
610.0 -68.65
610.4 -69.62
610.8 -71.82
611.2 -70.87
611.6 -78.85
612.0 -74.9
612.4 -76.47
612.8 -78.92
613.2 -80.19
613.6 -71.57
614.0 -210.0
614.4 -75.04
614.8 -71.45
615.2 -71.66
615.6 -85.11
616.0 -73.37
616.4 -71.54
616.8 -210.0
617.2 -210.0
617.6 -72.0
618.0 -72.95
618.4 -71.47
618.8 -68.31
619.2 -70.85
619.6 -210.0
620.0 -71.22
620.4 -69.06
620.8 -75.87
621.2 -210.0
621.6 -210.0
622.0 -73.73
622.4 -72.96
622.8 -210.0
623.2 -71.42
623.6 -73.29
624.0 -76.58
624.4 -72.64
624.8 -71.86
625.2 -73.65
625.6 -68.99
626.0 -75.33
626.4 -210.0
626.8 -73.49
627.2 -70.25
627.6 -210.0
628.0 -75.87
628.4 -72.09
628.8 -71.44
629.2 -210.0
629.6 -69.94
630.0 -71.08
630.4 -72.05
630.8 -70.49
631.2 -69.65
631.6 -73.56
632.0 -69.61
632.4 -74.13
632.8 -71.15
633.2 -71.05
633.6 -74.21
634.0 -71.1
634.4 -72.89
634.8 -69.44
635.2 -72.57
635.6 -74.1
636.0 -71.12
636.4 -77.43
636.8 -68.23
637.2 -72.72
637.6 -72.08
638.0 -69.77
638.4 -70.38
638.8 -69.49
639.2 -68.75
639.6 -68.78
640.0 -71.82
640.4 -77.74
640.8 -69.91
641.2 -70.31
641.6 -68.08
642.0 -70.38
642.4 -70.33
642.8 -67.36
643.2 -71.34
643.6 -69.28
644.0 -70.11
644.4 -68.38
644.8 -68.31
645.2 -69.28
645.6 -69.46
646.0 -69.49
646.4 -68.34
646.8 -69.29
647.2 -69.83
647.6 -69.57
648.0 -68.65
648.4 -69.17
648.8 -69.08
649.2 -69.64
649.6 -68.74
650.0 -70.54
650.4 -69.16
650.8 -68.58
651.2 -68.04
651.6 -66.73
652.0 -68.82
652.4 -68.55
652.8 -68.34
653.2 -67.64
653.6 -67.87
654.0 -68.89
654.4 -68.15
654.8 -68.07
655.2 -67.61
655.6 -67.36
656.0 -70.59
656.4 -67.06
656.8 -70.03
657.2 -68.92
657.6 -67.72
658.0 -68.98
658.4 -68.04
658.8 -67.86
659.2 -68.55
659.6 -66.82
660.0 -68.15
660.4 -67.2
660.8 -66.9
661.2 -68.3
661.6 -68.5
662.0 -68.56
662.4 -68.72
662.8 -68.89
663.2 -67.01
663.6 -68.01
664.0 -67.78
664.4 -67.05
664.8 -69.31
665.2 -68.06
665.6 -66.8
666.0 -67.09
666.4 -68.45
666.8 -67.87
667.2 -67.24
667.6 -67.32
668.0 -67.92
668.4 -67.87
668.8 -67.61
669.2 -66.36
669.6 -66.39
670.0 -66.86
670.4 -66.68
670.8 -66.54
671.2 -67.3
671.6 -67.38
672.0 -66.77
672.4 -67.17
672.8 -66.72
673.2 -66.83
673.6 -66.69
674.0 -68.35
674.4 -68.01
674.8 -67.68
675.2 -66.81
675.6 -68.71
676.0 -68.54
676.4 -67.85
676.8 -67.08
677.2 -66.31
677.6 -66.82
678.0 -66.74
678.4 -67.31
678.8 -66.77
679.2 -67.34
679.6 -67.91
680.0 -66.9
680.4 -66.25
680.8 -66.97
681.2 -66.5
681.6 -66.96
682.0 -66.87
682.4 -65.65
682.8 -66.44
683.2 -68.05
683.6 -65.69
684.0 -67.62
684.4 -66.0
684.8 -65.97
685.2 -66.15
685.6 -67.26
686.0 -66.57
686.4 -66.23
686.8 -66.1
687.2 -66.78
687.6 -66.84
688.0 -66.8
688.4 -67.61
688.8 -67.22
689.2 -66.04
689.6 -66.82
690.0 -66.59
690.4 -67.03
690.8 -65.8
691.2 -67.48
691.6 -65.18
692.0 -66.6
692.4 -66.52
692.8 -66.77
693.2 -67.19
693.6 -66.2
694.0 -67.27
694.4 -65.77
694.8 -66.28
695.2 -66.44
695.6 -66.04
696.0 -66.29
696.4 -66.05
696.8 -67.27
697.2 -65.88
697.6 -66.17
698.0 -67.0
698.4 -66.95
698.8 -67.33
699.2 -66.31
699.6 -66.38
700.0 -67.14
700.4 -66.02
700.8 -67.3
701.2 -66.57
701.6 -66.68
702.0 -66.34
702.4 -65.12
702.8 -66.51
703.2 -66.84
703.6 -66.36
704.0 -66.35
704.4 -65.74
704.8 -67.02
705.2 -66.36
705.6 -66.05
706.0 -65.66
706.4 -65.65
706.8 -66.49
707.2 -66.19
707.6 -66.26
708.0 -64.71
708.4 -65.56
708.8 -65.97
709.2 -65.99
709.6 -67.34
710.0 -66.33
710.4 -66.15
710.8 -66.01
711.2 -66.73
711.6 -66.0
712.0 -65.93
712.4 -66.76
712.8 -65.11
713.2 -66.02
713.6 -66.95
714.0 -66.18
714.4 -66.46
714.8 -65.83
715.2 -65.82
715.6 -66.2
716.0 -65.86
716.4 -65.72
716.8 -65.62
717.2 -65.94
717.6 -65.77
718.0 -65.7
718.4 -66.85
718.8 -64.88
719.2 -65.98
719.6 -65.21
720.0 -66.08
720.4 -66.48
720.8 -65.54
721.2 -65.05
721.6 -65.86
722.0 -66.13
722.4 -65.75
722.8 -65.88
723.2 -66.22
723.6 -65.23
724.0 -65.83
724.4 -65.64
724.8 -64.95
725.2 -65.47
725.6 -65.89
726.0 -66.23
726.4 -65.91
726.8 -66.85
727.2 -65.36
727.6 -65.39
728.0 -65.79
728.4 -65.32
728.8 -65.62
729.2 -65.25
729.6 -66.58
730.0 -67.03
730.4 -65.87
730.8 -65.83
731.2 -65.54
731.6 -65.57
732.0 -65.11
732.4 -65.72
732.8 -66.03
733.2 -65.71
733.6 -64.93
734.0 -66.12
734.4 -66.19
734.8 -65.44
735.2 -65.94
735.6 -65.72
736.0 -66.52
736.4 -64.98
736.8 -66.55
737.2 -66.24
737.6 -65.38
738.0 -65.87
738.4 -65.14
738.8 -65.31
739.2 -65.93
739.6 -66.15
740.0 -65.78
740.4 -66.29
740.8 -65.75
741.2 -65.32
741.6 -65.77
742.0 -65.2
742.4 -65.64
742.8 -66.12
743.2 -65.76
743.6 -65.13
744.0 -66.96
744.4 -64.42
744.8 -65.21
745.2 -64.68
745.6 -65.51
746.0 -65.74
746.4 -64.88
746.8 -65.48
747.2 -66.81
747.6 -66.24
748.0 -66.85
748.4 -64.89
748.8 -65.9
749.2 -66.34
749.6 -66.5
750.0 -64.97
750.4 -65.48
750.8 -65.16
751.2 -65.81
751.6 -65.4
752.0 -65.08
752.4 -65.45
752.8 -65.99
753.2 -66.06
753.6 -65.66
754.0 -66.36
754.4 -66.64
754.8 -64.96
755.2 -66.26
755.6 -66.72
756.0 -66.66
756.4 -65.03
756.8 -65.98
757.2 -65.14
757.6 -65.48
758.0 -65.22
758.4 -65.5
758.8 -65.5
759.2 -65.63
759.6 -65.87
760.0 -65.69
760.4 -65.01
760.8 -65.96
761.2 -65.03
761.6 -65.25
762.0 -65.27
762.4 -66.14
762.8 -65.62
763.2 -66.58
763.6 -65.94
764.0 -65.75
764.4 -65.03
764.8 -65.21
765.2 -65.4
765.6 -65.18
766.0 -66.47
766.4 -66.34
766.8 -64.08
767.2 -65.06
767.6 -65.38
768.0 -65.21
768.4 -65.15
768.8 -64.89
769.2 -65.53
769.6 -65.67
770.0 -65.03
770.4 -65.76
770.8 -65.35
771.2 -64.71
771.6 -64.49
772.0 -65.27
772.4 -66.21
772.8 -64.67
773.2 -65.61
773.6 -64.84
774.0 -65.01
774.4 -64.92
774.8 -64.63
775.2 -65.71
775.6 -64.49
776.0 -65.49
776.4 -65.49
776.8 -65.63
777.2 -65.84
777.6 -65.49
778.0 -65.12
778.4 -64.9
778.8 -65.87
779.2 -66.35
779.6 -64.9
780.0 -65.04
780.4 -64.46
780.8 -64.57
781.2 -65.01
781.6 -65.36
782.0 -66.16
782.4 -65.56
782.8 -65.22
783.2 -64.75
783.6 -65.95
784.0 -65.21
784.4 -63.88
784.8 -65.44
785.2 -65.01
785.6 -65.98
786.0 -65.11
786.4 -65.1
786.8 -64.65
787.2 -64.62
787.6 -64.26
788.0 -64.14
788.4 -66.0
788.8 -64.84
789.2 -64.36
789.6 -64.0
790.0 -64.71
790.4 -64.74
790.8 -65.55
791.2 -65.01
791.6 -64.34
792.0 -64.45
792.4 -64.53
792.8 -64.33
793.2 -64.78
793.6 -64.69
794.0 -65.92
794.4 -63.94
794.8 -64.83
795.2 -64.37
795.6 -64.79
796.0 -65.2
796.4 -65.23
796.8 -64.26
797.2 -63.92
797.6 -65.12
798.0 -63.92
798.4 -64.62
798.8 -63.81
799.2 -64.48
799.6 -65.18
800.0 -64.05
800.4 -64.36
800.8 -65.07
801.2 -64.45
801.6 -63.76
802.0 -64.4
802.4 -64.32
802.8 -63.65
803.2 -64.04
803.6 -64.38
804.0 -64.02
804.4 -63.78
804.8 -64.31
805.2 -64.2
805.6 -63.56
806.0 -62.3
806.4 -60.85
806.8 -57.44
807.2 -53.91
807.6 -49.78
808.0 -48.45
808.4 -49.52
808.8 -50.09
809.2 -54.0
809.6 -61.29
810.0 -62.77
810.4 -63.17
810.8 -63.96
811.2 -64.79
811.6 -63.69
812.0 -63.74
812.4 -64.16
812.8 -64.54
813.2 -63.81
813.6 -64.87
814.0 -63.94
814.4 -65.1
814.8 -64.55
815.2 -64.44
815.6 -63.87
816.0 -63.15
816.4 -64.72
816.8 -64.26
817.2 -64.19
817.6 -63.87
818.0 -64.18
818.4 -64.32
818.8 -65.05
819.2 -63.29
819.6 -64.26
820.0 -64.23
820.4 -64.29
820.8 -64.09
821.2 -64.74
821.6 -64.63
822.0 -63.57
822.4 -64.37
822.8 -63.77
823.2 -63.55
823.6 -64.44
824.0 -64.51
824.4 -63.27
824.8 -63.98
825.2 -63.52
825.6 -64.01
826.0 -63.76
826.4 -64.83
826.8 -63.71
827.2 -63.98
827.6 -64.0
828.0 -63.38
828.4 -63.73
828.8 -64.04
829.2 -63.85
829.6 -63.61
830.0 -63.33
830.4 -63.61
830.8 -63.43
831.2 -63.26
831.6 -63.59
832.0 -63.22
832.4 -63.6
832.8 -63.78
833.2 -63.14
833.6 -63.86
834.0 -63.51
834.4 -63.62
834.8 -62.97
835.2 -63.59
835.6 -63.76
836.0 -62.95
836.4 -63.07
836.8 -63.27
837.2 -63.17
837.6 -63.28
838.0 -63.28
838.4 -63.5
838.8 -63.48
839.2 -63.25
839.6 -63.12
840.0 -63.22
840.4 -63.93
840.8 -63.6
841.2 -63.17
841.6 -62.99
842.0 -63.42
842.4 -63.53
842.8 -63.27
843.2 -63.28
843.6 -63.01
844.0 -63.16
844.4 -63.21
844.8 -63.45
845.2 -63.35
845.6 -63.43
846.0 -62.86
846.4 -63.09
846.8 -63.45
847.2 -63.54
847.6 -63.22
848.0 -63.11
848.4 -63.08
848.8 -62.88
849.2 -63.1
849.6 -62.91
850.0 -62.77
850.4 -63.25
850.8 -62.88
851.2 -63.42
851.6 -62.43
852.0 -62.8
852.4 -63.02
852.8 -62.95
853.2 -62.58
853.6 -62.69
854.0 -63.03
854.4 -62.44
854.8 -63.07
855.2 -62.79
855.6 -62.67
856.0 -63.05
856.4 -63.31
856.8 -63.12
857.2 -62.68
857.6 -63.28
858.0 -62.53
858.4 -62.79
858.8 -62.82
859.2 -62.79
859.6 -62.78
860.0 -63.22
860.4 -62.66
860.8 -62.69
861.2 -63.32
861.6 -62.64
862.0 -62.82
862.4 -62.61
862.8 -62.82
863.2 -62.6
863.6 -62.9
864.0 -62.74
864.4 -62.46
864.8 -62.88
865.2 -62.84
865.6 -62.79
866.0 -62.71
866.4 -62.7
866.8 -63.07
867.2 -62.89
867.6 -62.69
868.0 -62.82
868.4 -63.24
868.8 -63.13
869.2 -62.47
869.6 -62.7
870.0 -62.57
870.4 -62.94
870.8 -63.22
871.2 -62.72
871.6 -62.64
872.0 -62.92
872.4 -62.82
872.8 -62.65
873.2 -62.72
873.6 -62.61
874.0 -62.8
874.4 -62.67
874.8 -62.3
875.2 -62.74
875.6 -62.46
876.0 -62.46
876.4 -62.56
876.8 -62.74
877.2 -62.92
877.6 -62.29
878.0 -62.96
878.4 -62.4
878.8 -63.13
879.2 -61.96
879.6 -62.61
880.0 -62.61
880.4 -62.18
880.8 -62.58
881.2 -63.14
881.6 -62.33
882.0 -62.32
882.4 -62.35
882.8 -62.04
883.2 -62.15
883.6 -62.63
884.0 -62.92
884.4 -62.24
884.8 -61.92
885.2 -62.56
885.6 -62.34
886.0 -62.34
886.4 -62.55
886.8 -62.61
887.2 -62.72
887.6 -62.55
888.0 -62.3
888.4 -61.99
888.8 -62.34
889.2 -62.57
889.6 -62.02
890.0 -62.26
890.4 -62.43
890.8 -61.99
891.2 -62.17
891.6 -62.27
892.0 -62.07
892.4 -62.3
892.8 -61.94
893.2 -62.4
893.6 -62.63
894.0 -61.95
894.4 -62.03
894.8 -62.48
895.2 -62.58
895.6 -61.77
896.0 -62.05
896.4 -62.02
896.8 -62.66
897.2 -62.33
897.6 -61.9
898.0 -62.57
898.4 -62.26
898.8 -61.93
899.2 -62.38
899.6 -62.09
900.0 -62.27
900.4 -62.41
900.8 -61.87
901.2 -62.14
901.6 -61.93
902.0 -62.3
902.4 -61.85
902.8 -62.26
903.2 -61.95
903.6 -62.13
904.0 -62.16
904.4 -61.85
904.8 -61.74
905.2 -62.0
905.6 -62.25
906.0 -62.0
906.4 -62.03
906.8 -61.73
907.2 -62.24
907.6 -61.91
908.0 -62.16
908.4 -61.82
908.8 -62.14
909.2 -61.52
909.6 -61.97
910.0 -61.91
910.4 -61.75
910.8 -61.67
911.2 -61.87
911.6 -61.9
912.0 -61.42
912.4 -61.78
912.8 -61.75
913.2 -61.66
913.6 -61.33
914.0 -61.73
914.4 -61.52
914.8 -61.7
915.2 -61.65
915.6 -61.4
916.0 -61.48
916.4 -61.82
916.8 -61.53
917.2 -61.46
917.6 -61.67
918.0 -61.36
918.4 -61.41
918.8 -61.66
919.2 -61.57
919.6 -61.31
920.0 -61.36
920.4 -61.16
920.8 -61.54
921.2 -61.32
921.6 -61.41
922.0 -61.25
922.4 -61.3
922.8 -61.19
923.2 -61.35
923.6 -61.27
924.0 -61.41
924.4 -61.38
924.8 -61.23
925.2 -61.26
925.6 -61.05
926.0 -61.44
926.4 -61.51
926.8 -61.34
927.2 -61.38
927.6 -61.19
928.0 -61.16
928.4 -61.21
928.8 -61.3
929.2 -61.35
929.6 -61.21
930.0 -61.16
930.4 -61.2
930.8 -61.26
931.2 -61.33
931.6 -61.05
932.0 -61.19
932.4 -60.89
932.8 -61.28
933.2 -61.07
933.6 -61.18
934.0 -61.38
934.4 -61.01
934.8 -61.41
935.2 -61.34
935.6 -60.91
936.0 -60.98
936.4 -61.34
936.8 -61.38
937.2 -61.42
937.6 -61.04
938.0 -60.92
938.4 -61.08
938.8 -60.85
939.2 -60.7
939.6 -60.81
940.0 -60.97
940.4 -60.85
940.8 -61.08
941.2 -60.87
941.6 -60.87
942.0 -60.84
942.4 -60.92
942.8 -61.06
943.2 -60.79
943.6 -60.91
944.0 -60.72
944.4 -60.69
944.8 -60.6
945.2 -60.7
945.6 -60.68
946.0 -60.6
946.4 -60.67
946.8 -60.74
947.2 -60.55
947.6 -60.79
948.0 -60.65
948.4 -60.68
948.8 -60.72
949.2 -60.66
949.6 -60.61
950.0 -60.67
950.4 -60.67
950.8 -60.61
951.2 -60.64
951.6 -60.64
952.0 -60.75
952.4 -60.72
952.8 -60.71
953.2 -60.58
953.6 -60.5
954.0 -60.86
954.4 -60.81
954.8 -60.68
955.2 -60.63
955.6 -60.78
956.0 -60.49
956.4 -60.73
956.8 -60.71
957.2 -60.85
957.6 -60.61
958.0 -60.56
958.4 -60.7
958.8 -60.76
959.2 -60.64
959.6 -60.66
960.0 -60.65
960.4 -60.69
960.8 -60.65
961.2 -60.73
961.6 -60.5
962.0 -60.45
962.4 -60.54
962.8 -60.59
963.2 -60.66
963.6 -60.88
964.0 -60.73
964.4 -60.58
964.8 -60.64
965.2 -60.5
965.6 -60.45
966.0 -60.42
966.4 -60.62
966.8 -60.62
967.2 -60.6
967.6 -60.62
968.0 -60.59
968.4 -60.6
968.8 -60.71
969.2 -60.59
969.6 -60.6
970.0 -60.43
970.4 -60.66
970.8 -60.52
971.2 -60.47
971.6 -60.64
972.0 -60.65
972.4 -60.7
972.8 -60.85
973.2 -60.64
973.6 -60.65
974.0 -60.84
974.4 -60.82
974.8 -60.48
975.2 -60.67
975.6 -60.85
976.0 -60.7
976.4 -60.91
976.8 -60.99
977.2 -60.93
977.6 -60.74
978.0 -60.9
978.4 -60.82
978.8 -60.81
979.2 -60.86
979.6 -60.88
980.0 -60.72
980.4 -60.8
980.8 -60.82
981.2 -60.78
981.6 -60.78
982.0 -60.51
982.4 -60.54
982.8 -60.58
983.2 -60.35
983.6 -60.36
984.0 -60.3
984.4 -60.4
984.8 -60.06
985.2 -60.22
985.6 -60.17
986.0 -60.04
986.4 -60.13
986.8 -59.99
987.2 -59.82
987.6 -59.8
988.0 -59.95
988.4 -59.97
988.8 -59.88
989.2 -59.84
989.6 -59.76
990.0 -59.75
990.4 -59.87
990.8 -59.72
991.2 -59.65
991.6 -59.52
992.0 -59.64
992.4 -59.54
992.8 -59.43
993.2 -59.46
993.6 -59.51
994.0 -59.53
994.4 -59.52
994.8 -59.5
995.2 -59.35
995.6 -59.61
996.0 -59.51
996.4 -59.39
996.8 -59.43
997.2 -59.6
997.6 -59.54
998.0 -59.55
998.4 -59.59
998.8 -59.62
999.2 -59.68
999.6 -59.51
1000.0 -59.62
