600.0 -210.0
600.4 -74.61
600.8 -75.73
601.2 -72.16
601.6 -77.25
602.0 -69.49
602.4 -210.0
602.8 -210.0
603.2 -71.11
603.6 -210.0
604.0 -74.4
604.4 -72.95
604.8 -210.0
605.2 -81.46
605.6 -74.5
606.0 -73.39
606.4 -72.24
606.8 -74.58
607.2 -70.12
607.6 -210.0
608.0 -210.0
608.4 -210.0
608.8 -70.56
609.2 -76.27
609.6 -74.76
610.0 -76.99
610.4 -72.02
610.8 -210.0
611.2 -71.84
611.6 -70.4
612.0 -75.86
612.4 -72.62
612.8 -210.0
613.2 -72.18
613.6 -210.0
614.0 -72.71
614.4 -76.58
614.8 -210.0
615.2 -210.0
615.6 -71.88
616.0 -72.83
616.4 -73.39
616.8 -70.55
617.2 -70.29
617.6 -68.79
618.0 -69.57
618.4 -210.0
618.8 -73.25
619.2 -72.77
619.6 -71.2
620.0 -73.9
620.4 -72.61
620.8 -73.37
621.2 -210.0
621.6 -69.13
622.0 -70.58
622.4 -71.04
622.8 -75.55
623.2 -70.12
623.6 -71.98
624.0 -75.2
624.4 -70.33
624.8 -71.19
625.2 -80.92
625.6 -210.0
626.0 -69.72
626.4 -70.2
626.8 -73.24
627.2 -73.03
627.6 -69.51
628.0 -71.24
628.4 -72.09
628.8 -77.46
629.2 -71.46
629.6 -70.28
630.0 -73.21
630.4 -69.69
630.8 -76.06
631.2 -70.77
631.6 -71.06
632.0 -72.34
632.4 -77.72
632.8 -76.21
633.2 -72.81
633.6 -70.94
634.0 -73.28
634.4 -71.69
634.8 -70.9
635.2 -70.69
635.6 -71.78
636.0 -71.52
636.4 -70.34
636.8 -70.37
637.2 -72.72
637.6 -70.32
638.0 -72.61
638.4 -71.17
638.8 -68.52
639.2 -71.36
639.6 -70.17
640.0 -68.61
640.4 -71.46
640.8 -74.77
641.2 -70.12
641.6 -70.55
642.0 -69.51
642.4 -68.96
642.8 -70.46
643.2 -68.7
643.6 -69.21
644.0 -68.06
644.4 -70.7
644.8 -67.98
645.2 -70.22
645.6 -69.46
646.0 -68.58
646.4 -69.25
646.8 -71.67
647.2 -69.75
647.6 -68.62
648.0 -68.11
648.4 -69.04
648.8 -70.38
649.2 -68.48
649.6 -69.41
650.0 -69.55
650.4 -68.37
650.8 -70.06
651.2 -68.18
651.6 -69.63
652.0 -71.09
652.4 -68.24
652.8 -69.31
653.2 -68.6
653.6 -68.3
654.0 -68.1
654.4 -67.82
654.8 -67.92
655.2 -67.44
655.6 -67.49
656.0 -68.63
656.4 -67.17
656.8 -68.47
657.2 -68.64
657.6 -68.7
658.0 -67.9
658.4 -68.09
658.8 -68.82
659.2 -67.35
659.6 -67.19
660.0 -69.37
660.4 -68.15
660.8 -68.89
661.2 -67.53
661.6 -68.66
662.0 -67.53
662.4 -67.53
662.8 -67.57
663.2 -66.62
663.6 -67.2
664.0 -68.11
664.4 -68.45
664.8 -67.4
665.2 -67.32
665.6 -67.32
666.0 -69.0
666.4 -68.3
666.8 -67.96
667.2 -67.2
667.6 -66.66
668.0 -68.15
668.4 -66.66
668.8 -67.87
669.2 -67.24
669.6 -67.74
670.0 -67.23
670.4 -67.73
670.8 -67.99
671.2 -67.26
671.6 -67.81
672.0 -67.33
672.4 -66.73
672.8 -67.2
673.2 -67.7
673.6 -66.1
674.0 -67.04
674.4 -68.2
674.8 -66.3
675.2 -66.77
675.6 -66.14
676.0 -67.5
676.4 -66.29
676.8 -66.86
677.2 -66.31
677.6 -66.25
678.0 -66.33
678.4 -66.67
678.8 -67.43
679.2 -66.01
679.6 -67.47
680.0 -67.09
680.4 -67.5
680.8 -66.71
681.2 -67.58
681.6 -67.07
682.0 -66.52
682.4 -66.59
682.8 -68.2
683.2 -66.61
683.6 -67.32
684.0 -66.78
684.4 -66.49
684.8 -66.77
685.2 -66.44
685.6 -65.99
686.0 -66.9
686.4 -67.96
686.8 -66.36
687.2 -67.63
687.6 -67.15
688.0 -65.99
688.4 -67.18
688.8 -66.83
689.2 -67.83
689.6 -66.39
690.0 -65.9
690.4 -65.6
690.8 -66.88
691.2 -65.53
691.6 -66.04
692.0 -66.09
692.4 -66.88
692.8 -66.08
693.2 -66.51
693.6 -67.49
694.0 -66.53
694.4 -65.86
694.8 -67.09
695.2 -66.88
695.6 -66.14
696.0 -66.33
696.4 -66.82
696.8 -66.86
697.2 -65.39
697.6 -66.63
698.0 -66.13
698.4 -65.8
698.8 -66.15
699.2 -66.35
699.6 -67.58
700.0 -66.7
700.4 -65.36
700.8 -65.48
701.2 -66.01
701.6 -66.18
702.0 -65.78
702.4 -65.56
702.8 -65.56
703.2 -66.12
703.6 -65.86
704.0 -65.88
704.4 -65.87
704.8 -65.65
705.2 -65.95
705.6 -65.55
706.0 -65.94
706.4 -64.78
706.8 -65.5
707.2 -65.29
707.6 -64.36
708.0 -65.23
708.4 -64.9
708.8 -66.46
709.2 -66.13
709.6 -66.06
710.0 -65.57
710.4 -65.06
710.8 -66.69
711.2 -66.32
711.6 -65.64
712.0 -65.77
712.4 -64.99
712.8 -66.44
713.2 -65.99
713.6 -65.59
714.0 -65.16
714.4 -66.73
714.8 -66.61
715.2 -65.89
715.6 -65.89
716.0 -65.92
716.4 -65.21
716.8 -65.32
717.2 -66.91
717.6 -65.94
718.0 -65.36
718.4 -65.96
718.8 -65.01
719.2 -65.27
719.6 -65.95
720.0 -65.62
720.4 -65.43
720.8 -66.28
721.2 -65.16
721.6 -65.67
722.0 -65.99
722.4 -65.32
722.8 -65.78
723.2 -65.49
723.6 -66.08
724.0 -66.32
724.4 -65.48
724.8 -65.66
725.2 -65.6
725.6 -65.44
726.0 -65.98
726.4 -65.71
726.8 -65.8
727.2 -65.77
727.6 -64.33
728.0 -65.47
728.4 -65.63
728.8 -66.16
729.2 -65.53
729.6 -66.06
730.0 -65.21
730.4 -65.27
730.8 -66.56
731.2 -66.44
731.6 -65.93
732.0 -65.75
732.4 -65.72
732.8 -65.22
733.2 -66.12
733.6 -66.2
734.0 -66.16
734.4 -64.65
734.8 -65.57
735.2 -65.44
735.6 -66.0
736.0 -65.37
736.4 -66.13
736.8 -65.78
737.2 -65.39
737.6 -65.51
738.0 -65.51
738.4 -65.94
738.8 -65.66
739.2 -65.44
739.6 -65.16
740.0 -64.5
740.4 -65.99
740.8 -66.14
741.2 -65.81
741.6 -65.64
742.0 -65.98
742.4 -65.35
742.8 -64.99
743.2 -65.6
743.6 -66.15
744.0 -65.4
744.4 -65.4
744.8 -64.87
745.2 -65.18
745.6 -65.64
746.0 -64.77
746.4 -65.11
746.8 -65.39
747.2 -65.22
747.6 -65.8
748.0 -66.27
748.4 -66.34
748.8 -66.23
749.2 -65.12
749.6 -65.12
750.0 -65.36
750.4 -65.78
750.8 -65.54
751.2 -64.93
751.6 -65.69
752.0 -65.68
752.4 -65.52
752.8 -65.38
753.2 -65.54
753.6 -65.24
754.0 -64.59
754.4 -65.11
754.8 -65.83
755.2 -65.29
755.6 -65.92
756.0 -65.06
756.4 -65.15
756.8 -65.49
757.2 -66.48
757.6 -64.75
758.0 -65.61
758.4 -65.5
758.8 -65.25
759.2 -65.73
759.6 -65.59
760.0 -64.61
760.4 -66.49
760.8 -65.96
761.2 -64.91
761.6 -65.71
762.0 -64.54
762.4 -65.05
762.8 -66.06
763.2 -65.07
763.6 -65.29
764.0 -66.2
764.4 -65.12
764.8 -65.57
765.2 -65.67
765.6 -65.02
766.0 -64.55
766.4 -66.03
766.8 -65.28
767.2 -65.35
767.6 -65.06
768.0 -64.93
768.4 -65.71
768.8 -65.04
769.2 -64.72
769.6 -65.56
770.0 -65.48
770.4 -65.66
770.8 -65.55
771.2 -64.6
771.6 -65.19
772.0 -65.34
772.4 -64.4
772.8 -64.76
773.2 -64.61
773.6 -65.24
774.0 -65.82
774.4 -65.01
774.8 -65.17
775.2 -64.44
775.6 -66.08
776.0 -65.7
776.4 -65.35
776.8 -64.88
777.2 -65.49
777.6 -65.16
778.0 -64.87
778.4 -64.73
778.8 -65.18
779.2 -65.31
779.6 -65.24
780.0 -64.95
780.4 -64.83
780.8 -65.68
781.2 -64.74
781.6 -64.76
782.0 -64.85
782.4 -64.68
782.8 -64.94
783.2 -64.96
783.6 -64.7
784.0 -64.78
784.4 -65.48
784.8 -65.14
785.2 -65.17
785.6 -64.17
786.0 -65.14
786.4 -64.68
786.8 -65.0
787.2 -64.32
787.6 -64.97
788.0 -64.42
788.4 -64.03
788.8 -64.78
789.2 -64.39
789.6 -64.33
790.0 -65.88
790.4 -65.17
790.8 -64.86
791.2 -64.34
791.6 -64.5
792.0 -64.76
792.4 -64.34
792.8 -64.52
793.2 -64.84
793.6 -64.75
794.0 -65.31
794.4 -64.71
794.8 -64.24
795.2 -64.35
795.6 -65.69
796.0 -65.1
796.4 -65.13
796.8 -64.85
797.2 -65.71
797.6 -64.14
798.0 -64.52
798.4 -65.49
798.8 -65.08
799.2 -63.98
799.6 -64.43
800.0 -64.42
800.4 -65.1
800.8 -64.61
801.2 -64.32
801.6 -64.29
802.0 -65.59
802.4 -63.98
802.8 -64.19
803.2 -64.35
803.6 -64.22
804.0 -64.15
804.4 -64.28
804.8 -63.62
805.2 -63.62
805.6 -63.11
806.0 -62.56
806.4 -60.62
806.8 -57.65
807.2 -53.96
807.6 -49.82
808.0 -48.43
808.4 -49.32
808.8 -49.79
809.2 -53.59
809.6 -61.15
810.0 -63.04
810.4 -63.53
810.8 -63.48
811.2 -63.59
811.6 -64.09
812.0 -65.12
812.4 -64.28
812.8 -63.62
813.2 -63.65
813.6 -64.16
814.0 -63.99
814.4 -63.83
814.8 -63.19
815.2 -63.33
815.6 -63.8
816.0 -64.0
816.4 -63.8
816.8 -64.52
817.2 -64.3
817.6 -63.84
818.0 -64.08
818.4 -63.99
818.8 -63.82
819.2 -64.01
819.6 -64.36
820.0 -63.87
820.4 -64.09
820.8 -64.44
821.2 -63.15
821.6 -63.95
822.0 -64.66
822.4 -64.2
822.8 -64.64
823.2 -63.66
823.6 -63.8
824.0 -63.48
824.4 -63.27
824.8 -64.17
825.2 -64.55
825.6 -63.29
826.0 -63.61
826.4 -64.52
826.8 -63.61
827.2 -64.16
827.6 -64.03
828.0 -64.36
828.4 -63.32
828.8 -63.54
829.2 -63.7
829.6 -63.69
830.0 -63.22
830.4 -64.05
830.8 -63.34
831.2 -63.56
831.6 -63.09
832.0 -63.53
832.4 -63.69
832.8 -63.74
833.2 -63.68
833.6 -63.07
834.0 -63.27
834.4 -63.02
834.8 -63.21
835.2 -63.34
835.6 -62.98
836.0 -63.3
836.4 -63.62
836.8 -63.23
837.2 -63.18
837.6 -63.26
838.0 -63.36
838.4 -62.84
838.8 -63.43
839.2 -63.1
839.6 -63.3
840.0 -63.22
840.4 -63.33
840.8 -63.26
841.2 -63.28
841.6 -63.47
842.0 -63.25
842.4 -62.91
842.8 -63.44
843.2 -62.88
843.6 -63.22
844.0 -63.19
844.4 -63.51
844.8 -62.86
845.2 -62.9
845.6 -63.29
846.0 -63.47
846.4 -63.06
846.8 -63.02
847.2 -63.31
847.6 -63.2
848.0 -63.34
848.4 -62.95
848.8 -62.79
849.2 -63.01
849.6 -63.16
850.0 -62.95
850.4 -63.21
850.8 -62.77
851.2 -63.03
851.6 -62.99
852.0 -62.94
852.4 -63.17
852.8 -62.9
853.2 -63.05
853.6 -63.25
854.0 -62.65
854.4 -63.06
854.8 -63.38
855.2 -62.97
855.6 -62.81
856.0 -62.73
856.4 -63.17
856.8 -62.97
857.2 -62.68
857.6 -62.75
858.0 -63.11
858.4 -62.79
858.8 -62.76
859.2 -63.13
859.6 -62.54
860.0 -63.23
860.4 -62.81
860.8 -62.92
861.2 -62.87
861.6 -62.47
862.0 -62.61
862.4 -62.89
862.8 -62.93
863.2 -62.82
863.6 -62.69
864.0 -62.51
864.4 -62.56
864.8 -62.68
865.2 -62.65
865.6 -62.65
866.0 -62.53
866.4 -63.19
866.8 -62.86
867.2 -62.83
867.6 -62.45
868.0 -62.54
868.4 -62.75
868.8 -62.35
869.2 -62.6
869.6 -62.2
870.0 -62.29
870.4 -62.48
870.8 -62.62
871.2 -62.6
871.6 -61.9
872.0 -62.37
872.4 -62.46
872.8 -61.99
873.2 -62.37
873.6 -61.89
874.0 -62.42
874.4 -62.23
874.8 -62.33
875.2 -62.37
875.6 -62.4
876.0 -62.14
876.4 -62.32
876.8 -62.52
877.2 -62.51
877.6 -62.18
878.0 -62.43
878.4 -62.2
878.8 -62.01
879.2 -61.84
879.6 -62.51
880.0 -62.57
880.4 -62.32
880.8 -62.24
881.2 -62.61
881.6 -62.2
882.0 -62.28
882.4 -62.38
882.8 -62.31
883.2 -62.17
883.6 -62.6
884.0 -62.65
884.4 -62.52
884.8 -62.3
885.2 -62.48
885.6 -62.38
886.0 -62.11
886.4 -62.26
886.8 -62.23
887.2 -62.01
887.6 -62.11
888.0 -62.29
888.4 -61.76
888.8 -62.19
889.2 -62.1
889.6 -62.4
890.0 -62.0
890.4 -61.8
890.8 -61.99
891.2 -61.96
891.6 -61.74
892.0 -62.23
892.4 -62.0
892.8 -62.15
893.2 -62.24
893.6 -61.89
894.0 -61.95
894.4 -62.43
894.8 -62.08
895.2 -62.21
895.6 -61.66
896.0 -62.31
896.4 -62.06
896.8 -62.05
897.2 -62.12
897.6 -61.86
898.0 -62.07
898.4 -62.07
898.8 -61.99
899.2 -62.34
899.6 -61.68
900.0 -61.72
900.4 -61.87
900.8 -61.77
901.2 -61.75
901.6 -62.03
902.0 -61.93
902.4 -61.63
902.8 -62.12
903.2 -61.69
903.6 -62.11
904.0 -62.04
904.4 -61.85
904.8 -62.11
905.2 -61.86
905.6 -61.56
906.0 -61.82
906.4 -61.83
906.8 -61.82
907.2 -61.92
907.6 -61.54
908.0 -61.68
908.4 -61.7
908.8 -61.94
909.2 -61.36
909.6 -61.71
910.0 -61.53
910.4 -61.71
910.8 -61.87
911.2 -61.43
911.6 -61.63
912.0 -61.39
912.4 -61.18
912.8 -61.36
913.2 -61.34
913.6 -61.57
914.0 -61.45
914.4 -61.21
914.8 -61.53
915.2 -61.57
915.6 -61.55
916.0 -61.61
916.4 -61.52
916.8 -61.29
917.2 -61.53
917.6 -61.36
918.0 -61.4
918.4 -61.14
918.8 -61.32
919.2 -61.24
919.6 -61.32
920.0 -61.53
920.4 -61.23
920.8 -61.24
921.2 -61.18
921.6 -61.51
922.0 -61.27
922.4 -61.51
922.8 -61.14
923.2 -61.23
923.6 -61.08
924.0 -61.18
924.4 -61.2
924.8 -61.35
925.2 -60.86
925.6 -60.93
926.0 -61.2
926.4 -60.88
926.8 -61.03
927.2 -61.11
927.6 -61.17
928.0 -61.26
928.4 -61.14
928.8 -61.14
929.2 -60.86
929.6 -60.97
930.0 -60.92
930.4 -60.96
930.8 -60.89
931.2 -60.6
931.6 -60.99
932.0 -60.63
932.4 -61.01
932.8 -60.81
933.2 -60.83
933.6 -61.03
934.0 -60.96
934.4 -61.1
934.8 -60.68
935.2 -60.79
935.6 -60.99
936.0 -60.8
936.4 -60.68
936.8 -61.18
937.2 -60.86
937.6 -60.76
938.0 -60.76
938.4 -60.73
938.8 -60.64
939.2 -60.56
939.6 -60.87
940.0 -60.56
940.4 -60.5
940.8 -60.64
941.2 -60.57
941.6 -60.61
942.0 -60.5
942.4 -60.58
942.8 -60.58
943.2 -60.41
943.6 -60.71
944.0 -60.52
944.4 -60.21
944.8 -60.16
945.2 -60.25
945.6 -60.34
946.0 -60.38
946.4 -60.43
946.8 -60.36
947.2 -60.4
947.6 -60.16
948.0 -60.53
948.4 -60.33
948.8 -60.31
949.2 -60.3
949.6 -60.32
950.0 -60.45
950.4 -60.21
950.8 -60.07
951.2 -60.23
951.6 -60.26
952.0 -60.29
952.4 -60.37
952.8 -60.16
953.2 -60.2
953.6 -60.3
954.0 -60.39
954.4 -60.33
954.8 -60.38
955.2 -60.41
955.6 -60.56
956.0 -60.34
956.4 -60.41
956.8 -60.55
957.2 -60.53
957.6 -60.34
958.0 -60.41
958.4 -60.29
958.8 -60.32
959.2 -60.13
959.6 -60.41
960.0 -60.24
960.4 -60.29
960.8 -60.32
961.2 -60.01
961.6 -60.18
962.0 -60.11
962.4 -60.02
962.8 -60.14
963.2 -60.14
963.6 -60.17
964.0 -60.09
964.4 -60.1
964.8 -60.06
965.2 -60.03
965.6 -59.93
966.0 -60.12
966.4 -60.19
966.8 -60.09
967.2 -60.1
967.6 -60.17
968.0 -60.32
968.4 -60.21
968.8 -59.98
969.2 -60.12
969.6 -60.3
970.0 -60.13
970.4 -60.0
970.8 -60.3
971.2 -60.2
971.6 -60.22
972.0 -60.19
972.4 -60.08
972.8 -60.16
973.2 -60.05
973.6 -60.12
974.0 -60.3
974.4 -60.2
974.8 -60.27
975.2 -60.32
975.6 -60.33
976.0 -60.34
976.4 -60.32
976.8 -60.35
977.2 -60.32
977.6 -60.28
978.0 -60.34
978.4 -60.25
978.8 -60.49
979.2 -60.42
979.6 -60.35
980.0 -60.45
980.4 -60.22
980.8 -60.32
981.2 -60.37
981.6 -60.18
982.0 -60.28
982.4 -60.11
982.8 -60.2
983.2 -60.13
983.6 -60.0
984.0 -59.99
984.4 -59.9
984.8 -59.94
985.2 -59.73
985.6 -59.94
986.0 -59.6
986.4 -59.68
986.8 -59.56
987.2 -59.6
987.6 -59.38
988.0 -59.46
988.4 -59.47
988.8 -59.46
989.2 -59.43
989.6 -59.34
990.0 -59.29
990.4 -59.23
990.8 -59.46
991.2 -59.28
991.6 -59.34
992.0 -59.12
992.4 -59.22
992.8 -59.26
993.2 -59.22
993.6 -59.15
994.0 -59.14
994.4 -59.15
994.8 -59.16
995.2 -59.12
995.6 -59.15
996.0 -59.2
996.4 -59.09
996.8 -59.12
997.2 -59.26
997.6 -59.39
998.0 -59.37
998.4 -59.41
998.8 -59.43
999.2 -59.44
999.6 -59.46
1000.0 -59.63
