600.0 -210.0
600.4 -210.0
600.8 -73.77
601.2 -68.52
601.6 -210.0
602.0 -210.0
602.4 -71.06
602.8 -210.0
603.2 -71.55
603.6 -210.0
604.0 -75.94
604.4 -210.0
604.8 -84.45
605.2 -73.33
605.6 -210.0
606.0 -71.3
606.4 -70.74
606.8 -210.0
607.2 -210.0
607.6 -68.39
608.0 -84.66
608.4 -75.13
608.8 -210.0
609.2 -210.0
609.6 -72.71
610.0 -73.31
610.4 -73.04
610.8 -69.14
611.2 -210.0
611.6 -76.42
612.0 -77.11
612.4 -74.51
612.8 -69.38
613.2 -75.93
613.6 -76.54
614.0 -74.22
614.4 -210.0
614.8 -71.09
615.2 -70.46
615.6 -70.05
616.0 -70.99
616.4 -210.0
616.8 -210.0
617.2 -210.0
617.6 -71.42
618.0 -72.95
618.4 -79.25
618.8 -72.07
619.2 -77.54
619.6 -70.43
620.0 -70.74
620.4 -69.37
620.8 -70.64
621.2 -70.39
621.6 -80.69
622.0 -71.02
622.4 -68.44
622.8 -210.0
623.2 -72.56
623.6 -71.28
624.0 -70.17
624.4 -71.67
624.8 -73.36
625.2 -73.65
625.6 -69.69
626.0 -69.62
626.4 -69.33
626.8 -73.75
627.2 -70.25
627.6 -71.37
628.0 -73.08
628.4 -76.35
628.8 -73.13
629.2 -71.96
629.6 -74.83
630.0 -70.08
630.4 -77.57
630.8 -69.15
631.2 -73.3
631.6 -72.14
632.0 -71.37
632.4 -70.73
632.8 -71.02
633.2 -69.8
633.6 -72.83
634.0 -70.84
634.4 -69.59
634.8 -69.81
635.2 -70.93
635.6 -70.28
636.0 -71.52
636.4 -70.9
636.8 -70.58
637.2 -70.09
637.6 -73.33
638.0 -72.97
638.4 -71.43
638.8 -71.08
639.2 -70.88
639.6 -68.78
640.0 -71.55
640.4 -70.34
640.8 -69.57
641.2 -72.37
641.6 -71.09
642.0 -69.13
642.4 -76.96
642.8 -69.29
643.2 -67.68
643.6 -70.34
644.0 -68.01
644.4 -68.21
644.8 -68.6
645.2 -69.01
645.6 -68.86
646.0 -68.76
646.4 -68.56
646.8 -69.36
647.2 -69.53
647.6 -69.3
648.0 -67.96
648.4 -68.57
648.8 -67.9
649.2 -70.08
649.6 -67.97
650.0 -69.1
650.4 -67.79
650.8 -68.58
651.2 -67.85
651.6 -67.94
652.0 -67.85
652.4 -67.95
652.8 -67.86
653.2 -67.77
653.6 -68.3
654.0 -68.51
654.4 -67.82
654.8 -68.07
655.2 -67.24
655.6 -68.07
656.0 -68.97
656.4 -68.47
656.8 -67.45
657.2 -68.92
657.6 -67.22
658.0 -67.63
658.4 -67.72
658.8 -68.14
659.2 -67.04
659.6 -67.82
660.0 -66.69
660.4 -68.3
660.8 -68.61
661.2 -66.9
661.6 -67.78
662.0 -67.61
662.4 -66.76
662.8 -68.83
663.2 -66.8
663.6 -67.78
664.0 -67.48
664.4 -66.94
664.8 -67.92
665.2 -66.87
665.6 -66.62
666.0 -66.98
666.4 -66.76
666.8 -67.36
667.2 -67.01
667.6 -65.93
668.0 -66.69
668.4 -66.94
668.8 -66.87
669.2 -66.8
669.6 -66.83
670.0 -66.82
670.4 -66.32
670.8 -67.18
671.2 -67.34
671.6 -66.09
672.0 -67.06
672.4 -67.17
672.8 -65.81
673.2 -66.32
673.6 -67.16
674.0 -66.51
674.4 -66.28
674.8 -66.27
675.2 -67.42
675.6 -66.4
676.0 -65.78
676.4 -66.42
676.8 -66.75
677.2 -66.58
677.6 -66.79
678.0 -66.67
678.4 -66.14
678.8 -65.89
679.2 -66.17
679.6 -67.06
680.0 -66.31
680.4 -65.41
680.8 -66.44
681.2 -66.86
681.6 -65.89
682.0 -66.87
682.4 -66.22
682.8 -66.79
683.2 -65.81
683.6 -66.67
684.0 -65.86
684.4 -66.84
684.8 -66.73
685.2 -66.41
685.6 -65.42
686.0 -66.37
686.4 -66.68
686.8 -66.67
687.2 -66.19
687.6 -65.87
688.0 -66.21
688.4 -66.47
688.8 -65.41
689.2 -66.67
689.6 -65.82
690.0 -66.63
690.4 -66.48
690.8 -66.14
691.2 -66.61
691.6 -65.39
692.0 -65.25
692.4 -65.86
692.8 -66.14
693.2 -65.94
693.6 -66.37
694.0 -65.35
694.4 -67.09
694.8 -65.96
695.2 -65.85
695.6 -66.44
696.0 -66.16
696.4 -65.65
696.8 -66.15
697.2 -66.45
697.6 -66.85
698.0 -65.97
698.4 -66.29
698.8 -65.86
699.2 -65.67
699.6 -68.02
700.0 -65.88
700.4 -65.59
700.8 -65.77
701.2 -65.3
701.6 -66.01
702.0 -66.07
702.4 -65.56
702.8 -66.13
703.2 -65.19
703.6 -64.25
704.0 -65.91
704.4 -65.71
704.8 -65.5
705.2 -65.83
705.6 -66.02
706.0 -66.04
706.4 -65.33
706.8 -65.62
707.2 -65.21
707.6 -65.18
708.0 -65.06
708.4 -65.71
708.8 -65.68
709.2 -65.8
709.6 -66.34
710.0 -66.19
710.4 -66.44
710.8 -66.11
711.2 -67.51
711.6 -66.13
712.0 -66.45
712.4 -65.8
712.8 -65.11
713.2 -65.17
713.6 -65.75
714.0 -65.13
714.4 -65.93
714.8 -65.58
715.2 -66.06
715.6 -66.68
716.0 -65.51
716.4 -65.66
716.8 -65.53
717.2 -65.74
717.6 -65.34
718.0 -66.31
718.4 -66.03
718.8 -65.24
719.2 -66.05
719.6 -65.75
720.0 -64.84
720.4 -65.58
720.8 -64.27
721.2 -66.03
721.6 -64.43
722.0 -66.34
722.4 -65.5
722.8 -65.55
723.2 -65.37
723.6 -65.94
724.0 -65.24
724.4 -65.97
724.8 -65.32
725.2 -65.69
725.6 -65.86
726.0 -64.97
726.4 -65.65
726.8 -66.08
727.2 -66.15
727.6 -66.04
728.0 -65.57
728.4 -65.44
728.8 -65.72
729.2 -66.35
729.6 -65.82
730.0 -65.48
730.4 -65.77
730.8 -66.89
731.2 -66.0
731.6 -65.06
732.0 -65.34
732.4 -65.79
732.8 -65.56
733.2 -66.66
733.6 -65.04
734.0 -66.02
734.4 -66.53
734.8 -65.87
735.2 -65.97
735.6 -65.59
736.0 -64.91
736.4 -65.71
736.8 -65.55
737.2 -65.04
737.6 -65.67
738.0 -65.64
738.4 -64.75
738.8 -64.41
739.2 -65.16
739.6 -65.22
740.0 -66.44
740.4 -65.92
740.8 -65.75
741.2 -65.88
741.6 -65.77
742.0 -64.42
742.4 -64.83
742.8 -65.07
743.2 -66.08
743.6 -64.74
744.0 -64.73
744.4 -65.75
744.8 -66.37
745.2 -65.33
745.6 -66.02
746.0 -65.88
746.4 -65.61
746.8 -66.32
747.2 -65.84
747.6 -66.09
748.0 -66.09
748.4 -64.95
748.8 -65.79
749.2 -65.03
749.6 -65.62
750.0 -65.89
750.4 -65.42
750.8 -66.06
751.2 -66.09
751.6 -65.56
752.0 -65.62
752.4 -66.46
752.8 -65.28
753.2 -65.25
753.6 -64.51
754.0 -66.05
754.4 -65.11
754.8 -65.79
755.2 -65.35
755.6 -66.22
756.0 -65.6
756.4 -65.67
756.8 -64.85
757.2 -65.11
757.6 -65.68
758.0 -65.35
758.4 -65.15
758.8 -66.11
759.2 -65.05
759.6 -67.08
760.0 -65.16
760.4 -66.66
760.8 -65.09
761.2 -65.12
761.6 -65.34
762.0 -66.1
762.4 -65.56
762.8 -65.29
763.2 -65.1
763.6 -66.09
764.0 -65.09
764.4 -66.53
764.8 -65.57
765.2 -65.57
765.6 -65.24
766.0 -65.1
766.4 -65.04
766.8 -65.41
767.2 -65.22
767.6 -65.09
768.0 -65.37
768.4 -64.99
768.8 -66.44
769.2 -66.31
769.6 -65.23
770.0 -65.99
770.4 -65.42
770.8 -65.38
771.2 -65.0
771.6 -65.16
772.0 -66.96
772.4 -64.61
772.8 -65.02
773.2 -65.18
773.6 -64.7
774.0 -65.23
774.4 -66.12
774.8 -65.11
775.2 -64.69
775.6 -64.89
776.0 -64.57
776.4 -64.79
776.8 -65.42
777.2 -65.81
777.6 -64.38
778.0 -64.61
778.4 -66.56
778.8 -64.61
779.2 -64.67
779.6 -64.81
780.0 -65.27
780.4 -64.72
780.8 -65.97
781.2 -65.17
781.6 -64.62
782.0 -64.76
782.4 -65.36
782.8 -64.54
783.2 -64.26
783.6 -65.77
784.0 -65.38
784.4 -64.87
784.8 -65.01
785.2 -65.3
785.6 -64.2
786.0 -65.11
786.4 -65.26
786.8 -64.59
787.2 -64.94
787.6 -64.79
788.0 -64.29
788.4 -65.28
788.8 -64.96
789.2 -64.75
789.6 -64.87
790.0 -64.14
790.4 -65.27
790.8 -64.54
791.2 -64.26
791.6 -64.45
792.0 -65.4
792.4 -63.91
792.8 -64.2
793.2 -64.1
793.6 -64.1
794.0 -64.95
794.4 -64.48
794.8 -64.48
795.2 -64.46
795.6 -64.47
796.0 -64.31
796.4 -65.01
796.8 -64.28
797.2 -64.63
797.6 -64.07
798.0 -64.41
798.4 -64.21
798.8 -64.45
799.2 -64.08
799.6 -64.92
800.0 -64.02
800.4 -63.97
800.8 -64.73
801.2 -63.69
801.6 -64.51
802.0 -63.55
802.4 -64.24
802.8 -63.92
803.2 -63.82
803.6 -63.5
804.0 -63.37
804.4 -63.69
804.8 -63.93
805.2 -63.02
805.6 -62.67
806.0 -62.12
806.4 -60.37
806.8 -57.16
807.2 -53.52
807.6 -49.58
808.0 -48.29
808.4 -49.3
808.8 -50.04
809.2 -54.07
809.6 -60.43
810.0 -62.85
810.4 -62.95
810.8 -63.41
811.2 -63.52
811.6 -63.62
812.0 -63.43
812.4 -63.1
812.8 -63.57
813.2 -63.76
813.6 -63.77
814.0 -64.01
814.4 -64.1
814.8 -64.58
815.2 -63.42
815.6 -64.27
816.0 -63.37
816.4 -63.32
816.8 -64.04
817.2 -63.74
817.6 -64.8
818.0 -63.75
818.4 -64.27
818.8 -63.98
819.2 -63.43
819.6 -63.83
820.0 -63.6
820.4 -64.17
820.8 -63.66
821.2 -63.73
821.6 -64.14
822.0 -64.03
822.4 -64.6
822.8 -63.95
823.2 -63.23
823.6 -63.73
824.0 -63.44
824.4 -63.74
824.8 -63.33
825.2 -63.9
825.6 -63.79
826.0 -64.18
826.4 -63.76
826.8 -63.55
827.2 -64.52
827.6 -63.5
828.0 -63.78
828.4 -63.41
828.8 -63.52
829.2 -63.85
829.6 -64.16
830.0 -63.87
830.4 -63.38
830.8 -63.49
831.2 -63.33
831.6 -63.79
832.0 -63.98
832.4 -64.19
832.8 -63.53
833.2 -63.36
833.6 -63.74
834.0 -63.77
834.4 -63.53
834.8 -63.36
835.2 -63.55
835.6 -63.67
836.0 -63.7
836.4 -64.13
836.8 -63.75
837.2 -63.51
837.6 -63.79
838.0 -63.34
838.4 -63.96
838.8 -64.59
839.2 -63.72
839.6 -64.22
840.0 -63.83
840.4 -64.51
840.8 -63.99
841.2 -64.23
841.6 -64.25
842.0 -63.88
842.4 -64.34
842.8 -63.66
843.2 -64.22
843.6 -63.82
844.0 -63.61
844.4 -64.52
844.8 -64.19
845.2 -64.16
845.6 -64.39
846.0 -63.62
846.4 -63.93
846.8 -64.71
847.2 -63.99
847.6 -64.4
848.0 -64.24
848.4 -63.61
848.8 -64.46
849.2 -64.44
849.6 -64.05
850.0 -64.19
850.4 -63.89
850.8 -63.91
851.2 -64.7
851.6 -64.34
852.0 -64.3
852.4 -64.28
852.8 -64.45
853.2 -64.33
853.6 -64.25
854.0 -64.16
854.4 -64.86
854.8 -64.44
855.2 -64.99
855.6 -64.52
856.0 -64.43
856.4 -64.98
856.8 -64.15
857.2 -64.49
857.6 -63.9
858.0 -64.38
858.4 -64.41
858.8 -63.94
859.2 -64.87
859.6 -64.8
860.0 -64.07
860.4 -64.53
860.8 -64.52
861.2 -63.87
861.6 -64.68
862.0 -64.05
862.4 -64.36
862.8 -64.17
863.2 -64.81
863.6 -64.3
864.0 -64.36
864.4 -64.5
864.8 -64.23
865.2 -64.56
865.6 -64.22
866.0 -63.93
866.4 -64.61
866.8 -64.52
867.2 -64.76
867.6 -64.14
868.0 -64.42
868.4 -64.7
868.8 -64.63
869.2 -64.47
869.6 -64.56
870.0 -65.09
870.4 -64.63
870.8 -64.45
871.2 -64.78
871.6 -64.28
872.0 -64.43
872.4 -65.09
872.8 -64.29
873.2 -64.48
873.6 -64.27
874.0 -64.36
874.4 -64.48
874.8 -63.99
875.2 -64.83
875.6 -64.2
876.0 -64.17
876.4 -63.97
876.8 -64.55
877.2 -64.65
877.6 -64.56
878.0 -64.38
878.4 -64.35
878.8 -64.26
879.2 -64.21
879.6 -64.08
880.0 -64.78
880.4 -63.89
880.8 -63.93
881.2 -65.13
881.6 -64.68
882.0 -64.35
882.4 -63.88
882.8 -64.04
883.2 -64.04
883.6 -64.21
884.0 -64.25
884.4 -64.42
884.8 -64.5
885.2 -65.21
885.6 -64.91
886.0 -64.83
886.4 -64.73
886.8 -64.3
887.2 -64.38
887.6 -64.49
888.0 -64.49
888.4 -64.4
888.8 -63.78
889.2 -64.25
889.6 -64.34
890.0 -64.84
890.4 -64.57
890.8 -64.58
891.2 -64.92
891.6 -64.82
892.0 -64.95
892.4 -64.71
892.8 -64.14
893.2 -64.31
893.6 -64.77
894.0 -65.42
894.4 -64.59
894.8 -64.65
895.2 -64.16
895.6 -64.51
896.0 -64.61
896.4 -64.28
896.8 -64.27
897.2 -64.02
897.6 -64.78
898.0 -64.63
898.4 -64.17
898.8 -63.68
899.2 -64.8
899.6 -64.25
900.0 -64.28
900.4 -64.46
900.8 -64.76
901.2 -64.8
901.6 -64.61
902.0 -63.84
902.4 -64.2
902.8 -64.69
903.2 -64.72
903.6 -64.52
904.0 -64.57
904.4 -64.88
904.8 -64.09
905.2 -64.28
905.6 -64.41
906.0 -64.68
906.4 -64.8
906.8 -64.48
907.2 -64.32
907.6 -64.12
908.0 -65.1
908.4 -64.66
908.8 -64.83
909.2 -64.16
909.6 -64.18
910.0 -64.57
910.4 -64.4
910.8 -64.56
911.2 -64.33
911.6 -64.6
912.0 -64.38
912.4 -64.8
912.8 -64.56
913.2 -64.97
913.6 -63.74
914.0 -64.12
914.4 -64.13
914.8 -64.04
915.2 -64.04
915.6 -64.37
916.0 -64.16
916.4 -64.63
916.8 -64.38
917.2 -64.21
917.6 -64.76
918.0 -64.34
918.4 -64.63
918.8 -64.28
919.2 -64.62
919.6 -64.74
920.0 -64.45
920.4 -64.3
920.8 -65.03
921.2 -64.96
921.6 -64.35
922.0 -64.0
922.4 -64.91
922.8 -64.37
923.2 -64.61
923.6 -64.53
924.0 -64.5
924.4 -64.61
924.8 -64.78
925.2 -65.27
925.6 -64.89
926.0 -64.77
926.4 -64.17
926.8 -64.95
927.2 -64.58
927.6 -64.96
928.0 -64.98
928.4 -64.52
928.8 -64.7
929.2 -64.42
929.6 -64.8
930.0 -64.53
930.4 -64.82
930.8 -65.03
931.2 -64.41
931.6 -64.85
932.0 -64.93
932.4 -64.75
932.8 -64.36
933.2 -64.97
933.6 -64.85
934.0 -64.78
934.4 -64.63
934.8 -64.73
935.2 -64.87
935.6 -64.49
936.0 -65.26
936.4 -64.58
936.8 -65.3
937.2 -64.91
937.6 -65.13
938.0 -64.78
938.4 -64.56
938.8 -65.15
939.2 -64.35
939.6 -64.46
940.0 -64.67
940.4 -64.98
940.8 -64.55
941.2 -64.96
941.6 -64.74
942.0 -65.41
942.4 -64.95
942.8 -65.02
943.2 -64.95
943.6 -65.09
944.0 -65.17
944.4 -65.25
944.8 -65.29
945.2 -65.17
945.6 -65.29
946.0 -65.4
946.4 -65.03
946.8 -65.7
947.2 -65.36
947.6 -65.11
948.0 -65.45
948.4 -65.83
948.8 -65.76
949.2 -65.63
949.6 -65.83
950.0 -65.96
950.4 -65.26
950.8 -65.37
951.2 -65.75
951.6 -65.33
952.0 -65.81
952.4 -65.54
952.8 -65.61
953.2 -66.03
953.6 -65.82
954.0 -65.64
954.4 -65.83
954.8 -65.65
955.2 -65.65
955.6 -65.62
956.0 -65.78
956.4 -65.38
956.8 -65.22
957.2 -65.47
957.6 -65.71
958.0 -65.99
958.4 -65.88
958.8 -65.34
959.2 -65.09
959.6 -65.54
960.0 -65.56
960.4 -65.59
960.8 -65.62
961.2 -65.28
961.6 -65.5
962.0 -65.08
962.4 -65.32
962.8 -64.8
963.2 -65.17
963.6 -65.38
964.0 -65.27
964.4 -65.81
964.8 -65.16
965.2 -65.16
965.6 -65.0
966.0 -65.46
966.4 -64.99
966.8 -65.38
967.2 -65.17
967.6 -65.33
968.0 -64.86
968.4 -64.9
968.8 -65.18
969.2 -65.21
969.6 -65.1
970.0 -65.05
970.4 -64.95
970.8 -64.63
971.2 -65.2
971.6 -65.23
972.0 -65.18
972.4 -64.93
972.8 -65.19
973.2 -65.02
973.6 -65.45
974.0 -64.92
974.4 -65.07
974.8 -65.32
975.2 -65.25
975.6 -65.29
976.0 -65.49
976.4 -65.22
976.8 -65.53
977.2 -64.85
977.6 -65.39
978.0 -64.75
978.4 -64.9
978.8 -65.11
979.2 -65.12
979.6 -64.9
980.0 -64.93
980.4 -64.76
980.8 -64.67
981.2 -64.54
981.6 -64.86
982.0 -64.7
982.4 -64.58
982.8 -64.69
983.2 -64.52
983.6 -64.44
984.0 -64.56
984.4 -64.56
984.8 -64.32
985.2 -64.18
985.6 -64.01
986.0 -64.04
986.4 -64.23
986.8 -64.03
987.2 -63.79
987.6 -63.98
988.0 -64.01
988.4 -63.83
988.8 -63.76
989.2 -63.74
989.6 -63.56
990.0 -63.99
990.4 -63.5
990.8 -63.8
991.2 -63.54
991.6 -63.37
992.0 -63.27
992.4 -63.47
992.8 -62.98
993.2 -63.2
993.6 -63.14
994.0 -63.06
994.4 -62.97
994.8 -63.14
995.2 -62.95
995.6 -63.06
996.0 -62.85
996.4 -62.95
996.8 -62.87
997.2 -62.67
997.6 -63.04
998.0 -63.11
998.4 -62.82
998.8 -62.82
999.2 -62.9
999.6 -62.75
1000.0 -62.91
