600.0 -76.35
600.4 -70.54
600.8 -70.76
601.2 -71.9
601.6 -210.0
602.0 -67.19
602.4 -72.82
602.8 -74.32
603.2 -210.0
603.6 -77.38
604.0 -210.0
604.4 -73.28
604.8 -75.99
605.2 -70.49
605.6 -69.18
606.0 -79.75
606.4 -70.23
606.8 -210.0
607.2 -73.46
607.6 -78.6
608.0 -75.11
608.4 -75.64
608.8 -210.0
609.2 -210.0
609.6 -210.0
610.0 -84.78
610.4 -69.75
610.8 -210.0
611.2 -69.79
611.6 -71.87
612.0 -210.0
612.4 -69.87
612.8 -76.49
613.2 -210.0
613.6 -210.0
614.0 -210.0
614.4 -73.57
614.8 -73.3
615.2 -210.0
615.6 -210.0
616.0 -210.0
616.4 -72.15
616.8 -210.0
617.2 -73.44
617.6 -210.0
618.0 -73.79
618.4 -210.0
618.8 -79.27
619.2 -73.86
619.6 -73.3
620.0 -69.24
620.4 -71.59
620.8 -75.87
621.2 -85.45
621.6 -210.0
622.0 -74.7
622.4 -76.48
622.8 -69.52
623.2 -73.52
623.6 -72.59
624.0 -210.0
624.4 -77.19
624.8 -210.0
625.2 -72.91
625.6 -75.72
626.0 -72.96
626.4 -71.62
626.8 -70.74
627.2 -75.4
627.6 -76.81
628.0 -73.82
628.4 -210.0
628.8 -70.73
629.2 -70.49
629.6 -74.2
630.0 -74.86
630.4 -70.11
630.8 -73.75
631.2 -78.3
631.6 -69.78
632.0 -70.96
632.4 -70.73
632.8 -69.77
633.2 -69.9
633.6 -86.26
634.0 -77.25
634.4 -72.7
634.8 -73.34
635.2 -210.0
635.6 -70.07
636.0 -210.0
636.4 -73.24
636.8 -70.16
637.2 -71.75
637.6 -210.0
638.0 -70.15
638.4 -71.43
638.8 -70.41
639.2 -68.97
639.6 -70.08
640.0 -69.49
640.4 -73.77
640.8 -72.84
641.2 -69.44
641.6 -71.09
642.0 -72.29
642.4 -73.34
642.8 -68.93
643.2 -70.69
643.6 -70.53
644.0 -69.94
644.4 -69.21
644.8 -74.62
645.2 -70.13
645.6 -69.32
646.0 -72.5
646.4 -69.25
646.8 -70.37
647.2 -68.52
647.6 -69.94
648.0 -71.89
648.4 -67.72
648.8 -69.61
649.2 -69.5
649.6 -68.02
650.0 -68.64
650.4 -69.83
650.8 -69.49
651.2 -69.84
651.6 -69.92
652.0 -69.7
652.4 -68.34
652.8 -71.84
653.2 -68.24
653.6 -70.66
654.0 -67.91
654.4 -69.07
654.8 -69.2
655.2 -69.14
655.6 -68.57
656.0 -69.81
656.4 -68.97
656.8 -68.47
657.2 -69.55
657.6 -68.18
658.0 -68.48
658.4 -68.23
658.8 -68.39
659.2 -69.49
659.6 -68.24
660.0 -67.05
660.4 -67.28
660.8 -68.66
661.2 -67.78
661.6 -68.25
662.0 -66.8
662.4 -67.83
662.8 -67.83
663.2 -67.65
663.6 -68.61
664.0 -67.05
664.4 -67.28
664.8 -68.5
665.2 -67.32
665.6 -68.01
666.0 -68.45
666.4 -67.7
666.8 -67.53
667.2 -68.11
667.6 -68.45
668.0 -67.28
668.4 -67.83
668.8 -68.06
669.2 -66.66
669.6 -67.83
670.0 -67.31
670.4 -69.11
670.8 -67.46
671.2 -68.64
671.6 -68.13
672.0 -67.13
672.4 -66.27
672.8 -67.74
673.2 -67.74
673.6 -68.07
674.0 -67.48
674.4 -67.43
674.8 -69.31
675.2 -66.99
675.6 -66.77
676.0 -67.58
676.4 -68.04
676.8 -66.93
677.2 -67.01
677.6 -68.48
678.0 -67.65
678.4 -69.54
678.8 -67.43
679.2 -66.95
679.6 -66.26
680.0 -68.55
680.4 -67.29
680.8 -66.64
681.2 -67.71
681.6 -68.22
682.0 -67.43
682.4 -66.87
682.8 -67.13
683.2 -67.46
683.6 -66.23
684.0 -66.93
684.4 -66.96
684.8 -66.56
685.2 -67.88
685.6 -67.1
686.0 -67.64
686.4 -66.08
686.8 -66.56
687.2 -67.28
687.6 -67.15
688.0 -66.99
688.4 -66.87
688.8 -66.87
689.2 -67.13
689.6 -66.9
690.0 -66.49
690.4 -66.76
690.8 -66.95
691.2 -66.83
691.6 -66.33
692.0 -66.82
692.4 -67.2
692.8 -66.38
693.2 -65.42
693.6 -67.19
694.0 -67.53
694.4 -66.38
694.8 -66.38
695.2 -66.17
695.6 -66.1
696.0 -66.29
696.4 -66.46
696.8 -65.83
697.2 -67.22
697.6 -66.21
698.0 -66.84
698.4 -65.48
698.8 -66.83
699.2 -66.75
699.6 -65.85
700.0 -65.66
700.4 -66.88
700.8 -66.8
701.2 -66.53
701.6 -66.39
702.0 -65.88
702.4 -65.84
702.8 -66.26
703.2 -67.0
703.6 -65.92
704.0 -66.24
704.4 -65.84
704.8 -66.67
705.2 -66.43
705.6 -65.99
706.0 -65.79
706.4 -66.56
706.8 -66.2
707.2 -66.44
707.6 -65.73
708.0 -65.88
708.4 -65.68
708.8 -65.62
709.2 -65.49
709.6 -65.29
710.0 -65.88
710.4 -65.17
710.8 -65.53
711.2 -65.02
711.6 -65.61
712.0 -65.8
712.4 -66.72
712.8 -66.23
713.2 -66.02
713.6 -66.66
714.0 -65.69
714.4 -67.06
714.8 -66.54
715.2 -66.64
715.6 -65.6
716.0 -65.54
716.4 -64.76
716.8 -65.66
717.2 -66.58
717.6 -66.62
718.0 -65.76
718.4 -65.36
718.8 -65.47
719.2 -65.72
719.6 -65.63
720.0 -65.52
720.4 -65.11
720.8 -66.66
721.2 -65.93
721.6 -65.39
722.0 -65.99
722.4 -65.5
722.8 -65.81
723.2 -65.4
723.6 -65.84
724.0 -65.07
724.4 -64.73
724.8 -66.58
725.2 -66.1
725.6 -64.85
726.0 -66.34
726.4 -65.81
726.8 -65.33
727.2 -65.24
727.6 -65.42
728.0 -65.83
728.4 -65.5
728.8 -65.31
729.2 -65.22
729.6 -65.88
730.0 -64.82
730.4 -65.61
730.8 -65.57
731.2 -65.41
731.6 -64.61
732.0 -66.13
732.4 -65.43
732.8 -65.72
733.2 -65.55
733.6 -65.58
734.0 -66.54
734.4 -65.9
734.8 -64.84
735.2 -66.19
735.6 -65.31
736.0 -65.96
736.4 -64.87
736.8 -64.66
737.2 -65.12
737.6 -65.48
738.0 -65.11
738.4 -65.11
738.8 -65.25
739.2 -65.73
739.6 -66.07
740.0 -65.09
740.4 -66.06
740.8 -65.65
741.2 -65.45
741.6 -64.75
742.0 -65.84
742.4 -64.7
742.8 -65.41
743.2 -65.13
743.6 -65.63
744.0 -64.95
744.4 -65.36
744.8 -65.33
745.2 -64.81
745.6 -65.42
746.0 -65.39
746.4 -64.83
746.8 -65.48
747.2 -65.73
747.6 -64.93
748.0 -64.02
748.4 -65.62
748.8 -65.76
749.2 -64.95
749.6 -65.62
750.0 -65.02
750.4 -65.65
750.8 -65.74
751.2 -65.6
751.6 -65.34
752.0 -65.14
752.4 -65.33
752.8 -64.32
753.2 -64.49
753.6 -65.27
754.0 -65.5
754.4 -66.04
754.8 -65.65
755.2 -64.84
755.6 -65.41
756.0 -65.12
756.4 -65.03
756.8 -64.93
757.2 -65.23
757.6 -65.1
758.0 -64.54
758.4 -65.47
758.8 -64.86
759.2 -64.93
759.6 -64.41
760.0 -64.95
760.4 -64.72
760.8 -65.31
761.2 -65.28
761.6 -64.6
762.0 -65.05
762.4 -64.62
762.8 -65.66
763.2 -64.58
763.6 -65.26
764.0 -65.51
764.4 -64.8
764.8 -64.35
765.2 -64.56
765.6 -64.35
766.0 -65.8
766.4 -64.83
766.8 -64.49
767.2 -64.46
767.6 -64.82
768.0 -65.02
768.4 -64.73
768.8 -64.75
769.2 -64.44
769.6 -64.61
770.0 -64.41
770.4 -64.13
770.8 -65.87
771.2 -65.42
771.6 -64.08
772.0 -64.99
772.4 -64.84
772.8 -64.76
773.2 -64.7
773.6 -64.81
774.0 -64.15
774.4 -64.72
774.8 -64.18
775.2 -64.21
775.6 -63.89
776.0 -64.85
776.4 -64.3
776.8 -64.07
777.2 -64.79
777.6 -64.1
778.0 -64.39
778.4 -64.5
778.8 -64.96
779.2 -65.28
779.6 -65.21
780.0 -64.49
780.4 -64.86
780.8 -63.88
781.2 -64.57
781.6 -64.48
782.0 -63.78
782.4 -64.04
782.8 -64.19
783.2 -64.06
783.6 -64.1
784.0 -64.06
784.4 -64.18
784.8 -64.52
785.2 -63.69
785.6 -63.47
786.0 -63.55
786.4 -64.51
786.8 -63.63
787.2 -64.59
787.6 -64.82
788.0 -63.41
788.4 -64.31
788.8 -64.23
789.2 -63.65
789.6 -64.15
790.0 -63.84
790.4 -63.52
790.8 -63.61
791.2 -64.08
791.6 -63.58
792.0 -64.39
792.4 -63.23
792.8 -63.97
793.2 -63.68
793.6 -64.22
794.0 -64.68
794.4 -63.96
794.8 -64.4
795.2 -64.11
795.6 -64.1
796.0 -64.62
796.4 -64.18
796.8 -63.66
797.2 -63.41
797.6 -64.66
798.0 -64.22
798.4 -64.34
798.8 -64.71
799.2 -63.42
799.6 -64.29
800.0 -63.85
800.4 -63.48
800.8 -64.5
801.2 -63.67
801.6 -63.46
802.0 -63.46
802.4 -64.6
802.8 -63.77
803.2 -63.36
803.6 -63.28
804.0 -63.12
804.4 -64.34
804.8 -64.34
805.2 -63.8
805.6 -63.26
806.0 -62.65
806.4 -60.04
806.8 -56.98
807.2 -53.33
807.6 -49.26
808.0 -47.99
808.4 -49.15
808.8 -49.77
809.2 -53.53
809.6 -60.7
810.0 -62.43
810.4 -62.95
810.8 -63.39
811.2 -63.14
811.6 -63.34
812.0 -63.63
812.4 -64.39
812.8 -63.13
813.2 -64.12
813.6 -63.89
814.0 -63.96
814.4 -63.56
814.8 -63.15
815.2 -63.57
815.6 -64.24
816.0 -63.75
816.4 -63.47
816.8 -63.36
817.2 -63.17
817.6 -63.64
818.0 -63.38
818.4 -63.35
818.8 -64.18
819.2 -63.61
819.6 -63.15
820.0 -62.87
820.4 -64.19
820.8 -63.28
821.2 -63.89
821.6 -63.71
822.0 -63.34
822.4 -63.8
822.8 -63.81
823.2 -63.49
823.6 -63.34
824.0 -63.52
824.4 -63.87
824.8 -63.39
825.2 -63.71
825.6 -63.27
826.0 -63.45
826.4 -63.16
826.8 -63.17
827.2 -63.36
827.6 -63.5
828.0 -62.87
828.4 -63.49
828.8 -62.85
829.2 -63.72
829.6 -63.36
830.0 -63.43
830.4 -63.51
830.8 -63.0
831.2 -63.35
831.6 -63.12
832.0 -62.95
832.4 -63.16
832.8 -63.19
833.2 -62.69
833.6 -63.32
834.0 -62.97
834.4 -62.98
834.8 -62.78
835.2 -62.72
835.6 -62.44
836.0 -62.96
836.4 -62.95
836.8 -62.59
837.2 -62.48
837.6 -62.89
838.0 -62.82
838.4 -62.69
838.8 -63.04
839.2 -62.88
839.6 -63.18
840.0 -63.14
840.4 -63.34
840.8 -62.88
841.2 -62.7
841.6 -62.47
842.0 -62.89
842.4 -62.85
842.8 -62.51
843.2 -63.09
843.6 -62.58
844.0 -62.83
844.4 -63.13
844.8 -62.25
845.2 -62.76
845.6 -62.73
846.0 -62.69
846.4 -62.64
846.8 -62.62
847.2 -62.76
847.6 -62.31
848.0 -62.61
848.4 -62.92
848.8 -62.52
849.2 -62.68
849.6 -62.35
850.0 -62.81
850.4 -62.52
850.8 -62.38
851.2 -62.67
851.6 -62.65
852.0 -62.62
852.4 -62.57
852.8 -62.23
853.2 -62.39
853.6 -62.39
854.0 -62.4
854.4 -62.11
854.8 -62.35
855.2 -62.4
855.6 -62.59
856.0 -62.33
856.4 -62.13
856.8 -62.77
857.2 -62.5
857.6 -62.09
858.0 -62.45
858.4 -62.08
858.8 -62.32
859.2 -62.65
859.6 -62.04
860.0 -61.98
860.4 -62.03
860.8 -61.81
861.2 -62.11
861.6 -61.61
862.0 -62.02
862.4 -61.92
862.8 -62.14
863.2 -62.24
863.6 -61.99
864.0 -62.0
864.4 -61.98
864.8 -62.05
865.2 -61.86
865.6 -61.9
866.0 -61.73
866.4 -62.1
866.8 -62.27
867.2 -62.12
867.6 -61.77
868.0 -61.77
868.4 -61.68
868.8 -61.76
869.2 -61.68
869.6 -62.41
870.0 -62.15
870.4 -61.87
870.8 -61.48
871.2 -61.62
871.6 -61.63
872.0 -61.73
872.4 -61.89
872.8 -61.71
873.2 -61.5
873.6 -61.65
874.0 -61.97
874.4 -61.52
874.8 -61.86
875.2 -61.67
875.6 -61.6
876.0 -61.46
876.4 -61.57
876.8 -62.26
877.2 -61.46
877.6 -61.69
878.0 -61.82
878.4 -61.54
878.8 -61.3
879.2 -61.53
879.6 -61.85
880.0 -61.4
880.4 -61.43
880.8 -61.41
881.2 -61.85
881.6 -61.62
882.0 -61.31
882.4 -61.62
882.8 -61.14
883.2 -61.34
883.6 -61.61
884.0 -61.27
884.4 -61.62
884.8 -61.29
885.2 -61.39
885.6 -61.49
886.0 -61.38
886.4 -61.29
886.8 -61.45
887.2 -61.3
887.6 -61.43
888.0 -61.7
888.4 -61.56
888.8 -61.25
889.2 -61.22
889.6 -61.26
890.0 -61.37
890.4 -61.11
890.8 -61.27
891.2 -61.45
891.6 -61.34
892.0 -61.09
892.4 -61.22
892.8 -61.4
893.2 -60.77
893.6 -61.04
894.0 -61.16
894.4 -61.25
894.8 -61.13
895.2 -61.07
895.6 -60.95
896.0 -61.23
896.4 -61.04
896.8 -61.07
897.2 -60.8
897.6 -61.0
898.0 -61.2
898.4 -61.32
898.8 -60.86
899.2 -60.87
899.6 -60.82
900.0 -60.74
900.4 -60.85
900.8 -60.66
901.2 -60.88
901.6 -60.82
902.0 -60.86
902.4 -60.89
902.8 -60.9
903.2 -60.37
903.6 -60.57
904.0 -60.52
904.4 -60.7
904.8 -60.79
905.2 -60.8
905.6 -60.54
906.0 -60.62
906.4 -60.67
906.8 -60.77
907.2 -60.86
907.6 -60.23
908.0 -60.68
908.4 -60.47
908.8 -60.57
909.2 -60.24
909.6 -60.49
910.0 -60.31
910.4 -60.41
910.8 -60.2
911.2 -60.26
911.6 -60.31
912.0 -60.09
912.4 -60.29
912.8 -60.17
913.2 -59.96
913.6 -60.0
914.0 -59.96
914.4 -60.22
914.8 -60.09
915.2 -59.85
915.6 -60.15
916.0 -60.01
916.4 -60.11
916.8 -59.88
917.2 -60.04
917.6 -59.9
918.0 -59.79
918.4 -59.93
918.8 -59.52
919.2 -59.59
919.6 -59.68
920.0 -59.56
920.4 -59.54
920.8 -59.82
921.2 -59.6
921.6 -59.5
922.0 -59.6
922.4 -59.34
922.8 -59.71
923.2 -59.55
923.6 -59.61
924.0 -59.18
924.4 -59.39
924.8 -59.39
925.2 -59.24
925.6 -59.14
926.0 -59.28
926.4 -59.43
926.8 -59.31
927.2 -59.17
927.6 -59.17
928.0 -59.08
928.4 -59.09
928.8 -59.03
929.2 -58.85
929.6 -59.06
930.0 -58.91
930.4 -58.91
930.8 -59.01
931.2 -58.88
931.6 -58.99
932.0 -58.89
932.4 -58.76
932.8 -58.8
933.2 -58.67
933.6 -58.86
934.0 -58.95
934.4 -58.53
934.8 -58.78
935.2 -58.74
935.6 -58.86
936.0 -58.52
936.4 -58.68
936.8 -58.59
937.2 -58.71
937.6 -58.68
938.0 -58.56
938.4 -58.67
938.8 -58.59
939.2 -58.61
939.6 -58.44
940.0 -58.59
940.4 -58.49
940.8 -58.35
941.2 -58.41
941.6 -58.49
942.0 -58.31
942.4 -58.5
942.8 -58.32
943.2 -58.37
943.6 -58.4
944.0 -58.49
944.4 -58.23
944.8 -58.23
945.2 -58.23
945.6 -58.16
946.0 -58.23
946.4 -58.21
946.8 -58.27
947.2 -58.11
947.6 -58.18
948.0 -58.18
948.4 -57.98
948.8 -58.19
949.2 -58.13
949.6 -58.05
950.0 -57.85
950.4 -57.94
950.8 -57.8
951.2 -57.85
951.6 -57.95
952.0 -57.88
952.4 -58.04
952.8 -58.0
953.2 -58.01
953.6 -57.93
954.0 -58.13
954.4 -57.98
954.8 -57.96
955.2 -57.89
955.6 -57.82
956.0 -57.82
956.4 -57.9
956.8 -57.76
957.2 -57.72
957.6 -57.88
958.0 -57.84
958.4 -57.8
958.8 -57.63
959.2 -57.82
959.6 -57.77
960.0 -57.6
960.4 -57.59
960.8 -57.51
961.2 -57.44
961.6 -57.62
962.0 -57.44
962.4 -57.46
962.8 -57.43
963.2 -57.6
963.6 -57.53
964.0 -57.36
964.4 -57.18
964.8 -57.37
965.2 -57.34
965.6 -57.32
966.0 -57.39
966.4 -57.34
966.8 -57.32
967.2 -57.3
967.6 -57.28
968.0 -57.26
968.4 -57.2
968.8 -57.31
969.2 -57.15
969.6 -57.4
970.0 -57.17
970.4 -57.19
970.8 -57.22
971.2 -57.09
971.6 -57.2
972.0 -57.43
972.4 -57.44
972.8 -57.33
973.2 -57.42
973.6 -57.44
974.0 -57.28
974.4 -57.51
974.8 -57.52
975.2 -57.46
975.6 -57.6
976.0 -57.65
976.4 -57.62
976.8 -57.5
977.2 -57.77
977.6 -57.56
978.0 -57.68
978.4 -57.6
978.8 -57.69
979.2 -57.75
979.6 -57.66
980.0 -57.77
980.4 -57.53
980.8 -57.66
981.2 -57.58
981.6 -57.54
982.0 -57.46
982.4 -57.41
982.8 -57.5
983.2 -57.48
983.6 -57.42
984.0 -57.26
984.4 -57.29
984.8 -57.22
985.2 -57.23
985.6 -57.07
986.0 -57.04
986.4 -57.14
986.8 -57.14
987.2 -56.98
987.6 -56.91
988.0 -57.02
988.4 -56.89
988.8 -56.78
989.2 -57.01
989.6 -56.81
990.0 -56.8
990.4 -56.72
990.8 -56.86
991.2 -56.79
991.6 -56.71
992.0 -56.82
992.4 -56.71
992.8 -56.73
993.2 -56.83
993.6 -56.62
994.0 -56.71
994.4 -56.78
994.8 -56.79
995.2 -56.76
995.6 -56.77
996.0 -56.71
996.4 -56.85
996.8 -56.86
997.2 -56.8
997.6 -56.77
998.0 -57.0
998.4 -56.99
998.8 -57.04
999.2 -57.06
999.6 -57.08
1000.0 -56.93
