600.0 -67.41
600.4 -210.0
600.8 -79.41
601.2 -68.52
601.6 -74.24
602.0 -71.26
602.4 -84.29
602.8 -74.32
603.2 -67.01
603.6 -68.57
604.0 -210.0
604.4 -74.87
604.8 -71.66
605.2 -72.42
605.6 -72.45
606.0 -210.0
606.4 -81.54
606.8 -69.52
607.2 -210.0
607.6 -210.0
608.0 -71.65
608.4 -210.0
608.8 -70.39
609.2 -210.0
609.6 -71.33
610.0 -80.0
610.4 -78.78
610.8 -78.8
611.2 -71.42
611.6 -72.32
612.0 -71.47
612.4 -68.49
612.8 -73.18
613.2 -70.99
613.6 -71.19
614.0 -73.88
614.4 -210.0
614.8 -67.82
615.2 -70.61
615.6 -71.88
616.0 -79.11
616.4 -72.15
616.8 -74.76
617.2 -71.98
617.6 -70.45
618.0 -71.28
618.4 -75.73
618.8 -70.24
619.2 -71.01
619.6 -73.58
620.0 -71.56
620.4 -78.41
620.8 -76.38
621.2 -67.38
621.6 -70.41
622.0 -69.47
622.4 -72.73
622.8 -71.74
623.2 -75.57
623.6 -72.81
624.0 -69.82
624.4 -70.46
624.8 -70.75
625.2 -68.21
625.6 -69.48
626.0 -68.93
626.4 -68.44
626.8 -70.48
627.2 -74.05
627.6 -70.4
628.0 -71.09
628.4 -75.1
628.8 -72.91
629.2 -72.32
629.6 -70.4
630.0 -67.67
630.4 -68.78
630.8 -70.74
631.2 -70.06
631.6 -71.64
632.0 -70.7
632.4 -69.94
632.8 -70.89
633.2 -70.67
633.6 -68.55
634.0 -71.81
634.4 -73.53
634.8 -68.02
635.2 -69.47
635.6 -69.33
636.0 -68.95
636.4 -71.15
636.8 -69.51
637.2 -69.12
637.6 -69.74
638.0 -69.43
638.4 -71.3
638.8 -68.94
639.2 -67.59
639.6 -70.47
640.0 -68.74
640.4 -67.28
640.8 -68.69
641.2 -70.51
641.6 -68.08
642.0 -68.28
642.4 -68.69
642.8 -68.67
643.2 -68.83
643.6 -67.38
644.0 -67.6
644.4 -68.38
644.8 -68.04
645.2 -67.52
645.6 -68.11
646.0 -69.01
646.4 -67.45
646.8 -69.03
647.2 -67.94
647.6 -68.5
648.0 -68.26
648.4 -67.2
648.8 -68.61
649.2 -67.0
649.6 -67.15
650.0 -68.27
650.4 -66.9
650.8 -67.4
651.2 -66.83
651.6 -68.13
652.0 -68.04
652.4 -67.81
652.8 -68.09
653.2 -66.84
653.6 -67.73
654.0 -68.3
654.4 -67.43
654.8 -66.79
655.2 -66.97
655.6 -66.97
656.0 -66.7
656.4 -67.02
656.8 -67.29
657.2 -67.51
657.6 -67.34
658.0 -66.57
658.4 -67.34
658.8 -68.19
659.2 -68.1
659.6 -67.69
660.0 -66.52
660.4 -67.24
660.8 -66.9
661.2 -66.49
661.6 -66.87
662.0 -66.87
662.4 -66.69
662.8 -66.8
663.2 -66.62
663.6 -66.76
664.0 -66.8
664.4 -67.09
664.8 -66.62
665.2 -65.99
665.6 -67.53
666.0 -68.2
666.4 -66.87
666.8 -67.09
667.2 -67.24
667.6 -66.36
668.0 -66.14
668.4 -66.39
668.8 -66.76
669.2 -66.69
669.6 -66.27
670.0 -67.27
670.4 -66.04
670.8 -66.71
671.2 -66.09
671.6 -66.85
672.0 -65.68
672.4 -66.59
672.8 -66.94
673.2 -66.23
673.6 -67.57
674.0 -66.25
674.4 -66.71
674.8 -67.14
675.2 -66.53
675.6 -66.99
676.0 -66.66
676.4 -66.62
676.8 -66.65
677.2 -67.01
677.6 -66.68
678.0 -66.18
678.4 -65.99
678.8 -65.86
679.2 -65.83
679.6 -65.92
680.0 -66.98
680.4 -65.88
680.8 -66.57
681.2 -65.79
681.6 -66.14
682.0 -66.69
682.4 -66.42
682.8 -67.17
683.2 -65.76
683.6 -66.74
684.0 -65.89
684.4 -65.97
684.8 -66.25
685.2 -65.42
685.6 -65.67
686.0 -66.5
686.4 -66.04
686.8 -66.13
687.2 -65.97
687.6 -66.02
688.0 -66.38
688.4 -65.8
688.8 -65.83
689.2 -66.1
689.6 -65.97
690.0 -65.47
690.4 -65.95
690.8 -66.73
691.2 -65.11
691.6 -65.21
692.0 -65.3
692.4 -65.09
692.8 -65.77
693.2 -65.88
693.6 -66.23
694.0 -66.06
694.4 -65.16
694.8 -66.31
695.2 -65.47
695.6 -64.7
696.0 -65.81
696.4 -65.45
696.8 -66.12
697.2 -65.28
697.6 -66.52
698.0 -65.84
698.4 -66.61
698.8 -65.37
699.2 -65.5
699.6 -65.44
700.0 -66.41
700.4 -65.65
700.8 -65.74
701.2 -66.18
701.6 -65.79
702.0 -65.21
702.4 -65.17
702.8 -66.47
703.2 -65.73
703.6 -65.03
704.0 -66.07
704.4 -65.74
704.8 -66.37
705.2 -65.55
705.6 -66.05
706.0 -65.69
706.4 -65.81
706.8 -65.53
707.2 -64.94
707.6 -65.29
708.0 -65.01
708.4 -66.14
708.8 -65.65
709.2 -65.29
709.6 -66.37
710.0 -65.48
710.4 -65.79
710.8 -65.91
711.2 -65.81
711.6 -65.9
712.0 -65.43
712.4 -65.93
712.8 -65.89
713.2 -65.51
713.6 -65.02
714.0 -66.11
714.4 -66.31
714.8 -64.98
715.2 -66.06
715.6 -66.41
716.0 -65.08
716.4 -66.48
716.8 -65.13
717.2 -65.58
717.6 -65.8
718.0 -65.39
718.4 -66.13
718.8 -65.12
719.2 -66.37
719.6 -65.24
720.0 -65.31
720.4 -65.11
720.8 -65.96
721.2 -65.54
721.6 -65.57
722.0 -65.82
722.4 -65.32
722.8 -65.84
723.2 -64.56
723.6 -65.78
724.0 -65.42
724.4 -65.39
724.8 -65.79
725.2 -66.83
725.6 -65.35
726.0 -65.59
726.4 -65.34
726.8 -65.77
727.2 -65.97
727.6 -65.8
728.0 -65.63
728.4 -66.17
728.8 -66.31
729.2 -65.92
729.6 -65.02
730.0 -66.08
730.4 -64.93
730.8 -65.35
731.2 -65.17
731.6 -65.23
732.0 -65.34
732.4 -65.11
732.8 -65.53
733.2 -65.04
733.6 -65.13
734.0 -65.61
734.4 -65.32
734.8 -65.8
735.2 -65.54
735.6 -65.47
736.0 -65.5
736.4 -65.42
736.8 -66.76
737.2 -65.68
737.6 -65.09
738.0 -66.12
738.4 -65.84
738.8 -65.93
739.2 -65.63
739.6 -66.3
740.0 -66.14
740.4 -64.68
740.8 -66.4
741.2 -65.29
741.6 -65.77
742.0 -66.13
742.4 -66.39
742.8 -65.73
743.2 -65.37
743.6 -65.83
744.0 -65.36
744.4 -65.96
744.8 -66.07
745.2 -66.41
745.6 -66.69
746.0 -65.71
746.4 -65.68
746.8 -65.17
747.2 -65.19
747.6 -65.73
748.0 -65.41
748.4 -65.76
748.8 -65.9
749.2 -66.04
749.6 -66.11
750.0 -66.29
750.4 -65.75
750.8 -65.04
751.2 -66.61
751.6 -65.15
752.0 -66.59
752.4 -65.65
752.8 -65.16
753.2 -65.19
753.6 -66.52
754.0 -65.21
754.4 -65.52
754.8 -65.9
755.2 -65.96
755.6 -66.59
756.0 -66.21
756.4 -64.97
756.8 -66.24
757.2 -65.33
757.6 -65.82
758.0 -65.32
758.4 -65.4
758.8 -65.96
759.2 -65.77
759.6 -65.73
760.0 -65.45
760.4 -65.72
760.8 -65.34
761.2 -65.18
761.6 -65.68
762.0 -66.03
762.4 -65.05
762.8 -65.87
763.2 -65.49
763.6 -65.2
764.0 -65.79
764.4 -66.05
764.8 -65.18
765.2 -65.11
765.6 -65.85
766.0 -65.91
766.4 -66.18
766.8 -65.31
767.2 -65.72
767.6 -65.35
768.0 -65.3
768.4 -65.93
768.8 -65.85
769.2 -65.26
769.6 -65.2
770.0 -65.59
770.4 -64.91
770.8 -65.62
771.2 -64.28
771.6 -65.0
772.0 -65.12
772.4 -64.96
772.8 -65.61
773.2 -64.61
773.6 -64.81
774.0 -65.36
774.4 -65.33
774.8 -65.3
775.2 -65.53
775.6 -64.66
776.0 -65.1
776.4 -65.73
776.8 -65.56
777.2 -65.77
777.6 -65.84
778.0 -65.51
778.4 -65.72
778.8 -65.09
779.2 -65.21
779.6 -65.24
780.0 -66.17
780.4 -65.3
780.8 -64.89
781.2 -64.49
781.6 -65.07
782.0 -64.82
782.4 -64.35
782.8 -65.46
783.2 -65.09
783.6 -65.84
784.0 -65.8
784.4 -66.53
784.8 -64.95
785.2 -65.24
785.6 -65.34
786.0 -65.65
786.4 -64.76
786.8 -65.82
787.2 -65.5
787.6 -64.85
788.0 -64.68
788.4 -64.61
788.8 -65.59
789.2 -64.72
789.6 -65.22
790.0 -65.99
790.4 -65.48
790.8 -65.48
791.2 -64.97
791.6 -65.79
792.0 -64.91
792.4 -64.65
792.8 -66.13
793.2 -65.32
793.6 -65.35
794.0 -65.48
794.4 -65.24
794.8 -65.11
795.2 -64.99
795.6 -65.3
796.0 -64.98
796.4 -64.67
796.8 -64.56
797.2 -64.78
797.6 -65.36
798.0 -64.66
798.4 -64.99
798.8 -64.26
799.2 -64.43
799.6 -65.28
800.0 -64.91
800.4 -63.97
800.8 -64.1
801.2 -64.89
801.6 -65.21
802.0 -64.68
802.4 -64.32
802.8 -63.87
803.2 -63.87
803.6 -64.14
804.0 -64.45
804.4 -65.01
804.8 -63.53
805.2 -63.53
805.6 -63.19
806.0 -62.86
806.4 -60.96
806.8 -57.55
807.2 -53.88
807.6 -49.97
808.0 -48.63
808.4 -49.57
808.8 -50.27
809.2 -54.22
809.6 -61.15
810.0 -62.5
810.4 -64.15
810.8 -63.52
811.2 -63.28
811.6 -63.36
812.0 -63.35
812.4 -63.56
812.8 -64.62
813.2 -64.3
813.6 -64.11
814.0 -64.16
814.4 -64.79
814.8 -64.23
815.2 -64.15
815.6 -64.24
816.0 -63.5
816.4 -64.63
816.8 -64.01
817.2 -63.39
817.6 -64.23
818.0 -64.23
818.4 -63.85
818.8 -64.35
819.2 -64.16
819.6 -64.16
820.0 -64.11
820.4 -63.88
820.8 -64.16
821.2 -64.5
821.6 -63.37
822.0 -63.85
822.4 -64.08
822.8 -63.95
823.2 -63.64
823.6 -63.73
824.0 -64.0
824.4 -64.67
824.8 -64.49
825.2 -64.2
825.6 -63.99
826.0 -63.93
826.4 -64.42
826.8 -63.82
827.2 -64.07
827.6 -63.83
828.0 -63.75
828.4 -63.99
828.8 -63.91
829.2 -64.18
829.6 -62.81
830.0 -63.87
830.4 -63.73
830.8 -64.21
831.2 -64.73
831.6 -63.91
832.0 -63.64
832.4 -64.01
832.8 -64.17
833.2 -63.53
833.6 -64.06
834.0 -64.09
834.4 -63.71
834.8 -63.74
835.2 -63.51
835.6 -63.97
836.0 -63.18
836.4 -63.69
836.8 -64.53
837.2 -64.06
837.6 -64.31
838.0 -64.6
838.4 -63.78
838.8 -63.88
839.2 -64.56
839.6 -64.54
840.0 -64.81
840.4 -64.35
840.8 -64.41
841.2 -63.97
841.6 -64.14
842.0 -64.49
842.4 -64.85
842.8 -64.38
843.2 -64.63
843.6 -64.92
844.0 -64.36
844.4 -64.85
844.8 -64.37
845.2 -64.64
845.6 -64.33
846.0 -64.53
846.4 -64.43
846.8 -64.6
847.2 -65.3
847.6 -64.81
848.0 -64.46
848.4 -64.2
848.8 -64.72
849.2 -64.36
849.6 -64.9
850.0 -64.02
850.4 -65.29
850.8 -65.19
851.2 -65.21
851.6 -65.48
852.0 -64.92
852.4 -64.38
852.8 -64.78
853.2 -64.43
853.6 -64.8
854.0 -64.53
854.4 -64.59
854.8 -64.74
855.2 -65.41
855.6 -64.39
856.0 -64.33
856.4 -64.87
856.8 -64.91
857.2 -64.77
857.6 -65.29
858.0 -64.34
858.4 -64.94
858.8 -64.76
859.2 -64.11
859.6 -64.74
860.0 -64.28
860.4 -64.47
860.8 -64.56
861.2 -64.58
861.6 -64.42
862.0 -65.0
862.4 -64.96
862.8 -64.59
863.2 -65.47
863.6 -65.41
864.0 -64.58
864.4 -64.59
864.8 -64.65
865.2 -65.09
865.6 -64.34
866.0 -64.43
866.4 -64.63
866.8 -64.46
867.2 -64.8
867.6 -65.29
868.0 -64.73
868.4 -65.08
868.8 -64.0
869.2 -65.07
869.6 -64.54
870.0 -65.16
870.4 -65.2
870.8 -64.9
871.2 -64.46
871.6 -65.03
872.0 -64.88
872.4 -65.49
872.8 -65.15
873.2 -64.7
873.6 -65.18
874.0 -64.74
874.4 -64.66
874.8 -65.21
875.2 -64.79
875.6 -65.04
876.0 -65.21
876.4 -64.28
876.8 -64.76
877.2 -64.52
877.6 -65.07
878.0 -65.45
878.4 -65.18
878.8 -64.82
879.2 -65.06
879.6 -64.65
880.0 -65.0
880.4 -64.93
880.8 -65.51
881.2 -64.55
881.6 -65.59
882.0 -65.31
882.4 -64.82
882.8 -64.89
883.2 -65.28
883.6 -65.04
884.0 -65.39
884.4 -65.17
884.8 -65.24
885.2 -64.73
885.6 -65.35
886.0 -65.57
886.4 -64.95
886.8 -64.95
887.2 -65.39
887.6 -65.31
888.0 -64.85
888.4 -64.63
888.8 -64.94
889.2 -64.94
889.6 -64.45
890.0 -64.81
890.4 -65.44
890.8 -65.2
891.2 -65.02
891.6 -65.12
892.0 -65.81
892.4 -65.27
892.8 -65.39
893.2 -65.56
893.6 -65.14
894.0 -65.1
894.4 -64.52
894.8 -65.75
895.2 -65.24
895.6 -65.55
896.0 -64.92
896.4 -65.28
896.8 -65.4
897.2 -65.48
897.6 -65.03
898.0 -65.46
898.4 -64.82
898.8 -66.37
899.2 -65.53
899.6 -65.7
900.0 -65.6
900.4 -65.38
900.8 -65.29
901.2 -65.32
901.6 -65.57
902.0 -65.67
902.4 -65.62
902.8 -65.74
903.2 -65.78
903.6 -65.28
904.0 -65.43
904.4 -65.69
904.8 -65.93
905.2 -65.54
905.6 -66.06
906.0 -65.6
906.4 -65.53
906.8 -66.45
907.2 -66.49
907.6 -65.83
908.0 -65.15
908.4 -65.06
908.8 -65.61
909.2 -64.68
909.6 -66.43
910.0 -65.53
910.4 -65.24
910.8 -65.81
911.2 -66.0
911.6 -65.74
912.0 -65.58
912.4 -65.3
912.8 -65.17
913.2 -65.08
913.6 -65.37
914.0 -65.29
914.4 -66.13
914.8 -65.47
915.2 -65.24
915.6 -65.28
916.0 -65.65
916.4 -65.32
916.8 -65.63
917.2 -65.54
917.6 -65.74
918.0 -65.7
918.4 -65.57
918.8 -66.6
919.2 -65.48
919.6 -66.92
920.0 -65.77
920.4 -65.89
920.8 -66.3
921.2 -66.57
921.6 -65.69
922.0 -66.49
922.4 -66.17
922.8 -66.13
923.2 -66.4
923.6 -65.56
924.0 -65.53
924.4 -66.2
924.8 -66.31
925.2 -65.75
925.6 -66.45
926.0 -66.22
926.4 -66.38
926.8 -66.29
927.2 -65.72
927.6 -66.03
928.0 -66.91
928.4 -66.17
928.8 -66.35
929.2 -65.95
929.6 -66.22
930.0 -66.14
930.4 -65.82
930.8 -65.75
931.2 -66.54
931.6 -67.5
932.0 -66.46
932.4 -66.05
932.8 -67.09
933.2 -66.28
933.6 -65.79
934.0 -66.13
934.4 -66.94
934.8 -66.1
935.2 -68.51
935.6 -67.58
936.0 -66.58
936.4 -66.52
936.8 -67.0
937.2 -67.29
937.6 -66.54
938.0 -66.69
938.4 -66.08
938.8 -66.91
939.2 -66.85
939.6 -67.12
940.0 -66.44
940.4 -66.47
940.8 -66.32
941.2 -67.48
941.6 -67.02
942.0 -66.61
942.4 -66.84
942.8 -66.54
943.2 -66.86
943.6 -66.29
944.0 -67.05
944.4 -66.08
944.8 -66.61
945.2 -67.4
945.6 -66.5
946.0 -66.43
946.4 -66.93
946.8 -66.95
947.2 -66.83
947.6 -67.46
948.0 -66.51
948.4 -67.88
948.8 -67.24
949.2 -67.07
949.6 -67.75
950.0 -66.56
950.4 -66.99
950.8 -66.91
951.2 -67.4
951.6 -68.17
952.0 -67.39
952.4 -66.99
952.8 -66.64
953.2 -67.03
953.6 -67.15
954.0 -66.6
954.4 -67.62
954.8 -66.62
955.2 -67.79
955.6 -67.28
956.0 -67.57
956.4 -67.37
956.8 -67.44
957.2 -67.11
957.6 -67.22
958.0 -66.33
958.4 -67.04
958.8 -67.68
959.2 -67.12
959.6 -66.53
960.0 -66.49
960.4 -66.81
960.8 -66.77
961.2 -66.9
961.6 -66.66
962.0 -66.54
962.4 -66.83
962.8 -66.76
963.2 -66.52
963.6 -66.81
964.0 -67.34
964.4 -67.13
964.8 -66.93
965.2 -66.89
965.6 -66.6
966.0 -66.45
966.4 -66.34
966.8 -66.48
967.2 -66.51
967.6 -66.79
968.0 -66.47
968.4 -66.25
968.8 -66.25
969.2 -66.33
969.6 -66.19
970.0 -66.25
970.4 -65.91
970.8 -66.74
971.2 -66.39
971.6 -65.99
972.0 -66.07
972.4 -65.76
972.8 -65.98
973.2 -66.71
973.6 -66.21
974.0 -66.25
974.4 -66.03
974.8 -66.17
975.2 -65.88
975.6 -66.35
976.0 -66.18
976.4 -66.26
976.8 -66.41
977.2 -66.33
977.6 -66.64
978.0 -65.92
978.4 -66.27
978.8 -65.88
979.2 -66.48
979.6 -65.88
980.0 -66.05
980.4 -65.93
980.8 -66.12
981.2 -65.95
981.6 -65.74
982.0 -65.84
982.4 -65.84
982.8 -65.45
983.2 -65.57
983.6 -65.57
984.0 -65.78
984.4 -65.45
984.8 -65.28
985.2 -65.25
985.6 -65.16
986.0 -65.49
986.4 -65.12
986.8 -65.5
987.2 -64.92
987.6 -65.05
988.0 -65.13
988.4 -64.98
988.8 -65.21
989.2 -64.85
989.6 -65.04
990.0 -64.93
990.4 -64.75
990.8 -64.69
991.2 -64.39
991.6 -64.64
992.0 -64.76
992.4 -64.59
992.8 -64.62
993.2 -64.36
993.6 -64.29
994.0 -64.51
994.4 -64.14
994.8 -64.54
995.2 -64.36
995.6 -64.5
996.0 -64.25
996.4 -64.21
996.8 -64.31
997.2 -64.28
997.6 -64.35
998.0 -64.41
998.4 -64.4
998.8 -64.26
999.2 -64.46
999.6 -64.43
1000.0 -63.97
