600.0 -69.08
600.4 -210.0
600.8 -210.0
601.2 -73.41
601.6 -210.0
602.0 -72.8
602.4 -210.0
602.8 -210.0
603.2 -210.0
603.6 -68.92
604.0 -71.61
604.4 -71.63
604.8 -79.67
605.2 -210.0
605.6 -210.0
606.0 -71.97
606.4 -81.54
606.8 -210.0
607.2 -84.6
607.6 -72.58
608.0 -210.0
608.4 -210.0
608.8 -210.0
609.2 -210.0
609.6 -76.97
610.0 -74.78
610.4 -74.01
610.8 -74.03
611.2 -72.54
611.6 -210.0
612.0 -81.89
612.4 -210.0
612.8 -210.0
613.2 -69.78
613.6 -210.0
614.0 -75.98
614.4 -82.03
614.8 -75.07
615.2 -210.0
615.6 -77.32
616.0 -78.15
616.4 -77.37
616.8 -210.0
617.2 -72.9
617.6 -85.23
618.0 -76.22
618.4 -68.65
618.8 -210.0
619.2 -74.19
619.6 -73.88
620.0 -76.33
620.4 -210.0
620.8 -76.38
621.2 -210.0
621.6 -69.9
622.0 -210.0
622.4 -76.48
622.8 -80.77
623.2 -78.58
623.6 -73.55
624.0 -210.0
624.4 -210.0
624.8 -210.0
625.2 -76.66
625.6 -73.95
626.0 -210.0
626.4 -210.0
626.8 -75.8
627.2 -210.0
627.6 -210.0
628.0 -71.39
628.4 -210.0
628.8 -210.0
629.2 -210.0
629.6 -74.5
630.0 -210.0
630.4 -69.4
630.8 -71.0
631.2 -210.0
631.6 -72.89
632.0 -81.37
632.4 -70.38
632.8 -74.44
633.2 -79.25
633.6 -73.03
634.0 -210.0
634.4 -73.09
634.8 -83.34
635.2 -210.0
635.6 -210.0
636.0 -210.0
636.4 -71.69
636.8 -70.7
637.2 -76.98
637.6 -81.78
638.0 -210.0
638.4 -76.2
638.8 -210.0
639.2 -76.26
639.6 -83.7
640.0 -73.12
640.4 -210.0
640.8 -73.01
641.2 -210.0
641.6 -79.9
642.0 -73.11
642.4 -210.0
642.8 -210.0
643.2 -73.05
643.6 -70.53
644.0 -210.0
644.4 -71.34
644.8 -78.14
645.2 -72.02
645.6 -73.44
646.0 -74.05
646.4 -73.7
646.8 -73.74
647.2 -74.16
647.6 -72.11
648.0 -72.68
648.4 -77.95
648.8 -73.39
649.2 -210.0
649.6 -76.81
650.0 -76.48
650.4 -210.0
650.8 -75.85
651.2 -74.62
651.6 -70.81
652.0 -78.59
652.4 -74.02
652.8 -71.72
653.2 -74.85
653.6 -75.6
654.0 -71.96
654.4 -72.2
654.8 -78.62
655.2 -72.74
655.6 -72.74
656.0 -75.36
656.4 -73.52
656.8 -72.61
657.2 -71.14
657.6 -71.44
658.0 -71.44
658.4 -76.21
658.8 -71.35
659.2 -74.68
659.6 -73.88
660.0 -70.29
660.4 -210.0
660.8 -210.0
661.2 -73.07
661.6 -71.36
662.0 -72.92
662.4 -75.14
662.8 -74.08
663.2 -71.67
663.6 -79.24
664.0 -75.39
664.4 -73.22
664.8 -73.55
665.2 -78.15
665.6 -73.55
666.0 -70.71
666.4 -79.91
666.8 -75.65
667.2 -72.25
667.6 -71.36
668.0 -73.55
668.4 -74.27
668.8 -72.51
669.2 -72.64
669.6 -87.7
670.0 -71.66
670.4 -70.96
670.8 -71.44
671.2 -74.06
671.6 -73.53
672.0 -71.54
672.4 -72.35
672.8 -70.93
673.2 -75.35
673.6 -69.33
674.0 -72.73
674.4 -70.49
674.8 -73.01
675.2 -70.56
675.6 -75.59
676.0 -210.0
676.4 -73.31
676.8 -71.59
677.2 -71.82
677.6 -76.48
678.0 -210.0
678.4 -73.99
678.8 -73.12
679.2 -72.68
679.6 -69.96
680.0 -69.73
680.4 -70.68
680.8 -74.57
681.2 -76.78
681.6 -84.56
682.0 -75.51
682.4 -82.78
682.8 -71.98
683.2 -71.86
683.6 -70.13
684.0 -73.56
684.4 -71.84
684.8 -73.05
685.2 -72.07
685.6 -70.44
686.0 -76.04
686.4 -72.59
686.8 -71.81
687.2 -72.44
687.6 -72.43
688.0 -72.71
688.4 -75.71
688.8 -71.91
689.2 -74.04
689.6 -73.15
690.0 -74.45
690.4 -71.11
690.8 -71.11
691.2 -72.12
691.6 -73.29
692.0 -210.0
692.4 -75.37
692.8 -72.1
693.2 -70.97
693.6 -69.77
694.0 -69.07
694.4 -70.76
694.8 -75.08
695.2 -73.06
695.6 -70.75
696.0 -73.56
696.4 -74.57
696.8 -69.03
697.2 -73.03
697.6 -71.32
698.0 -72.56
698.4 -71.76
698.8 -74.77
699.2 -70.41
699.6 -69.25
700.0 -71.39
700.4 -72.52
700.8 -71.06
701.2 -72.37
701.6 -79.5
702.0 -72.96
702.4 -81.24
702.8 -74.26
703.2 -74.47
703.6 -73.83
704.0 -78.21
704.4 -70.7
704.8 -73.43
705.2 -68.25
705.6 -72.04
706.0 -70.06
706.4 -69.35
706.8 -72.43
707.2 -69.95
707.6 -70.38
708.0 -70.2
708.4 -70.84
708.8 -72.4
709.2 -69.46
709.6 -71.85
710.0 -74.6
710.4 -71.13
710.8 -72.09
711.2 -70.33
711.6 -71.95
712.0 -73.52
712.4 -69.65
712.8 -73.7
713.2 -71.1
713.6 -72.06
714.0 -73.31
714.4 -71.79
714.8 -74.1
715.2 -73.48
715.6 -69.85
716.0 -70.76
716.4 -70.96
716.8 -69.3
717.2 -72.16
717.6 -71.63
718.0 -73.45
718.4 -69.91
718.8 -73.63
719.2 -71.37
719.6 -71.26
720.0 -71.13
720.4 -70.61
720.8 -70.05
721.2 -210.0
721.6 -71.01
722.0 -77.03
722.4 -70.3
722.8 -69.86
723.2 -71.45
723.6 -70.78
724.0 -72.38
724.4 -73.39
724.8 -72.22
725.2 -70.97
725.6 -70.18
726.0 -71.07
726.4 -69.35
726.8 -71.66
727.2 -69.73
727.6 -70.25
728.0 -70.63
728.4 -71.05
728.8 -72.18
729.2 -69.8
729.6 -71.27
730.0 -72.17
730.4 -71.63
730.8 -67.69
731.2 -69.23
731.6 -69.01
732.0 -71.87
732.4 -70.3
732.8 -70.8
733.2 -210.0
733.6 -72.44
734.0 -69.51
734.4 -72.43
734.8 -70.47
735.2 -74.12
735.6 -73.09
736.0 -69.74
736.4 -69.64
736.8 -68.25
737.2 -70.07
737.6 -71.19
738.0 -69.47
738.4 -73.26
738.8 -69.62
739.2 -69.88
739.6 -69.71
740.0 -69.95
740.4 -70.23
740.8 -72.08
741.2 -75.71
741.6 -72.37
742.0 -77.81
742.4 -69.36
742.8 -68.98
743.2 -68.38
743.6 -72.69
744.0 -69.34
744.4 -69.04
744.8 -71.51
745.2 -72.2
745.6 -72.5
746.0 -71.02
746.4 -69.33
746.8 -75.05
747.2 -71.75
747.6 -72.83
748.0 -73.0
748.4 -72.65
748.8 -67.71
749.2 -71.74
749.6 -70.88
750.0 -70.76
750.4 -210.0
750.8 -70.34
751.2 -70.24
751.6 -72.62
752.0 -72.61
752.4 -71.98
752.8 -73.13
753.2 -71.06
753.6 -70.3
754.0 -68.54
754.4 -71.54
754.8 -75.26
755.2 -69.23
755.6 -69.08
756.0 -69.72
756.4 -71.02
756.8 -72.72
757.2 -71.78
757.6 -69.36
758.0 -74.64
758.4 -71.49
758.8 -70.24
759.2 -70.13
759.6 -68.81
760.0 -69.84
760.4 -69.33
760.8 -70.41
761.2 -68.86
761.6 -69.24
762.0 -70.4
762.4 -67.77
762.8 -67.93
763.2 -69.38
763.6 -68.84
764.0 -69.89
764.4 -70.28
764.8 -72.46
765.2 -69.53
765.6 -70.27
766.0 -71.68
766.4 -69.78
766.8 -70.15
767.2 -67.89
767.6 -75.12
768.0 -67.94
768.4 -70.14
768.8 -69.32
769.2 -72.76
769.6 -72.95
770.0 -70.76
770.4 -69.07
770.8 -69.48
771.2 -69.74
771.6 -72.75
772.0 -69.06
772.4 -70.52
772.8 -70.21
773.2 -70.75
773.6 -68.69
774.0 -70.97
774.4 -69.72
774.8 -70.97
775.2 -71.76
775.6 -70.74
776.0 -71.21
776.4 -70.96
776.8 -68.2
777.2 -71.34
777.6 -68.89
778.0 -68.39
778.4 -67.38
778.8 -69.53
779.2 -70.39
779.6 -68.25
780.0 -70.38
780.4 -70.59
780.8 -72.19
781.2 -69.1
781.6 -72.18
782.0 -68.17
782.4 -68.86
782.8 -69.42
783.2 -68.7
783.6 -71.17
784.0 -67.97
784.4 -68.85
784.8 -72.5
785.2 -68.41
785.6 -69.57
786.0 -69.75
786.4 -70.34
786.8 -70.44
787.2 -68.68
787.6 -67.89
788.0 -71.69
788.4 -70.66
788.8 -68.26
789.2 -67.88
789.6 -69.21
790.0 -70.11
790.4 -69.12
790.8 -68.38
791.2 -69.53
791.6 -71.38
792.0 -69.28
792.4 -68.51
792.8 -67.67
793.2 -68.1
793.6 -69.35
794.0 -69.09
794.4 -68.78
794.8 -69.01
795.2 -70.85
795.6 -67.27
796.0 -69.5
796.4 -69.59
796.8 -70.07
797.2 -68.47
797.6 -66.85
798.0 -68.4
798.4 -72.24
798.8 -70.05
799.2 -70.15
799.6 -70.05
800.0 -69.65
800.4 -69.22
800.8 -69.84
801.2 -68.39
801.6 -75.59
802.0 -68.68
802.4 -69.95
802.8 -68.13
803.2 -67.88
803.6 -69.86
804.0 -70.72
804.4 -68.55
804.8 -67.71
805.2 -69.16
805.6 -67.61
806.0 -69.17
806.4 -64.99
806.8 -60.66
807.2 -56.85
807.6 -52.87
808.0 -51.36
808.4 -52.5
808.8 -53.02
809.2 -56.64
809.6 -64.76
810.0 -66.28
810.4 -68.19
810.8 -67.22
811.2 -70.13
811.6 -72.16
812.0 -70.46
812.4 -67.73
812.8 -69.96
813.2 -68.44
813.6 -67.02
814.0 -70.28
814.4 -69.54
814.8 -70.62
815.2 -68.27
815.6 -69.82
816.0 -69.74
816.4 -68.44
816.8 -69.32
817.2 -69.67
817.6 -69.43
818.0 -68.95
818.4 -68.27
818.8 -69.28
819.2 -68.62
819.6 -68.91
820.0 -68.71
820.4 -68.65
820.8 -66.98
821.2 -70.44
821.6 -68.99
822.0 -67.95
822.4 -67.33
822.8 -69.58
823.2 -68.24
823.6 -70.53
824.0 -70.25
824.4 -69.98
824.8 -68.55
825.2 -68.5
825.6 -67.45
826.0 -69.37
826.4 -69.09
826.8 -68.7
827.2 -68.71
827.6 -68.29
828.0 -68.18
828.4 -68.63
828.8 -68.39
829.2 -68.53
829.6 -68.87
830.0 -68.1
830.4 -67.86
830.8 -68.33
831.2 -69.19
831.6 -67.22
832.0 -68.65
832.4 -67.56
832.8 -67.14
833.2 -67.81
833.6 -68.04
834.0 -68.51
834.4 -67.43
834.8 -67.33
835.2 -68.27
835.6 -67.89
836.0 -67.6
836.4 -68.15
836.8 -67.35
837.2 -68.3
837.6 -70.17
838.0 -67.74
838.4 -68.5
838.8 -67.21
839.2 -68.77
839.6 -67.73
840.0 -68.49
840.4 -68.15
840.8 -67.61
841.2 -66.87
841.6 -69.16
842.0 -66.98
842.4 -67.68
842.8 -67.64
843.2 -68.92
843.6 -67.77
844.0 -67.73
844.4 -67.39
844.8 -66.68
845.2 -67.22
845.6 -67.07
846.0 -67.42
846.4 -66.85
846.8 -66.75
847.2 -68.67
847.6 -67.14
848.0 -67.71
848.4 -67.02
848.8 -67.75
849.2 -67.88
849.6 -67.17
850.0 -67.61
850.4 -66.62
850.8 -67.87
851.2 -67.12
851.6 -67.39
852.0 -68.76
852.4 -66.75
852.8 -66.85
853.2 -66.71
853.6 -66.71
854.0 -67.21
854.4 -67.33
854.8 -67.54
855.2 -66.39
855.6 -66.76
856.0 -66.69
856.4 -66.94
856.8 -67.32
857.2 -67.19
857.6 -66.75
858.0 -67.35
858.4 -66.33
858.8 -67.51
859.2 -67.07
859.6 -66.56
860.0 -67.33
860.4 -66.42
860.8 -66.97
861.2 -66.25
861.6 -66.67
862.0 -66.81
862.4 -66.81
862.8 -65.95
863.2 -67.86
863.6 -66.38
864.0 -66.79
864.4 -67.04
864.8 -66.08
865.2 -66.7
865.6 -67.57
866.0 -66.43
866.4 -65.85
866.8 -66.69
867.2 -66.34
867.6 -66.05
868.0 -66.36
868.4 -66.71
868.8 -66.13
869.2 -66.52
869.6 -66.73
870.0 -67.83
870.4 -65.74
870.8 -66.33
871.2 -66.29
871.6 -66.62
872.0 -66.92
872.4 -66.72
872.8 -65.8
873.2 -66.39
873.6 -66.35
874.0 -65.81
874.4 -66.69
874.8 -66.1
875.2 -67.27
875.6 -66.74
876.0 -66.45
876.4 -66.52
876.8 -66.69
877.2 -66.36
877.6 -66.32
878.0 -66.38
878.4 -65.29
878.8 -66.48
879.2 -66.13
879.6 -66.36
880.0 -65.96
880.4 -65.71
880.8 -65.4
881.2 -66.53
881.6 -65.99
882.0 -65.77
882.4 -65.09
882.8 -66.17
883.2 -66.17
883.6 -65.79
884.0 -65.58
884.4 -66.24
884.8 -66.23
885.2 -67.29
885.6 -65.46
886.0 -66.13
886.4 -65.84
886.8 -65.75
887.2 -65.65
887.6 -67.24
888.0 -66.36
888.4 -65.62
888.8 -65.28
889.2 -66.46
889.6 -66.46
890.0 -67.1
890.4 -65.98
890.8 -65.9
891.2 -65.51
891.6 -66.68
892.0 -65.63
892.4 -66.03
892.8 -66.38
893.2 -65.76
893.6 -66.34
894.0 -66.42
894.4 -65.31
894.8 -65.81
895.2 -66.29
895.6 -65.78
896.0 -66.2
896.4 -66.27
896.8 -66.7
897.2 -65.45
897.6 -66.52
898.0 -66.29
898.4 -66.5
898.8 -64.88
899.2 -66.2
899.6 -65.53
900.0 -65.95
900.4 -65.36
900.8 -66.23
901.2 -66.34
901.6 -65.66
902.0 -65.55
902.4 -67.6
902.8 -65.8
903.2 -66.35
903.6 -65.67
904.0 -66.32
904.4 -65.98
904.8 -65.47
905.2 -65.94
905.6 -66.56
906.0 -65.6
906.4 -66.21
906.8 -66.13
907.2 -66.88
907.6 -66.23
908.0 -66.47
908.4 -66.45
908.8 -66.04
909.2 -66.43
909.6 -66.24
910.0 -65.56
910.4 -67.04
910.8 -66.26
911.2 -66.09
911.6 -66.14
912.0 -66.09
912.4 -65.82
912.8 -64.96
913.2 -65.25
913.6 -65.47
914.0 -66.59
914.4 -66.63
914.8 -66.69
915.2 -67.68
915.6 -65.43
916.0 -66.51
916.4 -66.16
916.8 -66.35
917.2 -65.47
917.6 -65.64
918.0 -66.49
918.4 -66.9
918.8 -66.41
919.2 -66.1
919.6 -66.15
920.0 -66.31
920.4 -66.39
920.8 -66.62
921.2 -67.06
921.6 -67.11
922.0 -66.12
922.4 -67.44
922.8 -65.48
923.2 -66.25
923.6 -67.71
924.0 -65.92
924.4 -66.91
924.8 -66.31
925.2 -65.95
925.6 -66.12
926.0 -66.19
926.4 -66.4
926.8 -66.18
927.2 -65.81
927.6 -66.18
928.0 -66.7
928.4 -66.3
928.8 -66.57
929.2 -66.55
929.6 -65.95
930.0 -66.97
930.4 -65.75
930.8 -66.23
931.2 -66.54
931.6 -66.3
932.0 -66.67
932.4 -66.22
932.8 -67.71
933.2 -66.11
933.6 -67.04
934.0 -66.56
934.4 -66.94
934.8 -66.0
935.2 -67.43
935.6 -67.82
936.0 -66.16
936.4 -67.3
936.8 -68.02
937.2 -66.89
937.6 -67.19
938.0 -67.04
938.4 -66.98
938.8 -66.81
939.2 -67.64
939.6 -67.76
940.0 -66.76
940.4 -67.46
940.8 -67.25
941.2 -67.03
941.6 -67.1
942.0 -67.67
942.4 -67.32
942.8 -67.34
943.2 -68.14
943.6 -67.56
944.0 -67.11
944.4 -66.78
944.8 -67.52
945.2 -66.41
945.6 -66.66
946.0 -66.77
946.4 -67.0
946.8 -66.53
947.2 -67.33
947.6 -66.83
948.0 -67.24
948.4 -68.1
948.8 -68.15
949.2 -68.3
949.6 -67.92
950.0 -68.72
950.4 -68.4
950.8 -67.01
951.2 -67.1
951.6 -67.29
952.0 -67.16
952.4 -67.31
952.8 -66.79
953.2 -68.1
953.6 -67.22
954.0 -67.27
954.4 -67.52
954.8 -67.12
955.2 -66.99
955.6 -67.5
956.0 -67.45
956.4 -67.64
956.8 -67.98
957.2 -67.31
957.6 -67.33
958.0 -67.57
958.4 -67.64
958.8 -66.95
959.2 -68.41
959.6 -67.6
960.0 -67.16
960.4 -67.75
960.8 -67.32
961.2 -67.71
961.6 -67.88
962.0 -68.13
962.4 -67.43
962.8 -67.0
963.2 -66.84
963.6 -67.33
964.0 -67.5
964.4 -67.48
964.8 -67.05
965.2 -66.87
965.6 -66.71
966.0 -67.25
966.4 -67.05
966.8 -66.93
967.2 -67.62
967.6 -67.27
968.0 -67.09
968.4 -67.32
968.8 -67.46
969.2 -67.46
969.6 -67.17
970.0 -67.11
970.4 -66.47
970.8 -68.32
971.2 -67.15
971.6 -66.68
972.0 -66.56
972.4 -67.64
972.8 -67.68
973.2 -67.39
973.6 -67.5
974.0 -68.32
974.4 -67.3
974.8 -68.07
975.2 -67.66
975.6 -67.06
976.0 -67.76
976.4 -67.5
976.8 -67.83
977.2 -68.03
977.6 -67.36
978.0 -67.86
978.4 -68.01
978.8 -67.53
979.2 -67.67
979.6 -67.97
980.0 -68.23
980.4 -68.27
980.8 -68.07
981.2 -67.99
981.6 -67.83
982.0 -67.34
982.4 -67.35
982.8 -67.48
983.2 -68.01
983.6 -67.83
984.0 -67.3
984.4 -67.01
984.8 -67.63
985.2 -67.52
985.6 -67.39
986.0 -66.66
986.4 -66.67
986.8 -67.4
987.2 -67.11
987.6 -67.1
988.0 -67.3
988.4 -66.91
988.8 -66.25
989.2 -66.9
989.6 -66.87
990.0 -67.24
990.4 -66.86
990.8 -66.65
991.2 -66.7
991.6 -66.81
992.0 -66.59
992.4 -66.57
992.8 -66.37
993.2 -66.47
993.6 -66.74
994.0 -66.71
994.4 -66.38
994.8 -66.59
995.2 -66.18
995.6 -66.52
996.0 -66.66
996.4 -66.56
996.8 -66.83
997.2 -66.83
997.6 -66.54
998.0 -66.65
998.4 -66.67
998.8 -66.91
999.2 -66.98
999.6 -66.42
1000.0 -66.56
