600.0 -70.16
600.4 -78.13
600.8 -74.64
601.2 -210.0
601.6 -77.25
602.0 -72.8
602.4 -72.82
602.8 -210.0
603.2 -75.88
603.6 -72.32
604.0 -74.4
604.4 -79.64
604.8 -79.67
605.2 -70.85
605.6 -69.31
606.0 -71.52
606.4 -210.0
606.8 -210.0
607.2 -73.46
607.6 -210.0
608.0 -71.87
608.4 -69.9
608.8 -210.0
609.2 -71.11
609.6 -72.45
610.0 -210.0
610.4 -84.81
610.8 -77.04
611.2 -68.61
611.6 -74.08
612.0 -72.34
612.4 -69.48
612.8 -210.0
613.2 -72.92
613.6 -69.43
614.0 -69.96
614.4 -210.0
614.8 -70.75
615.2 -69.17
615.6 -71.49
616.0 -70.22
616.4 -73.11
616.8 -71.95
617.2 -75.66
617.6 -75.23
618.0 -74.12
618.4 -71.47
618.8 -74.5
619.2 -68.17
619.6 -79.32
620.0 -71.75
620.4 -68.77
620.8 -75.0
621.2 -70.0
621.6 -73.16
622.0 -77.71
622.4 -69.49
622.8 -72.32
623.2 -82.56
623.6 -70.82
624.0 -71.81
624.4 -69.62
624.8 -70.48
625.2 -69.16
625.6 -76.68
626.0 -70.06
626.4 -210.0
626.8 -74.33
627.2 -69.58
627.6 -70.28
628.0 -70.95
628.4 -68.49
628.8 -71.44
629.2 -72.13
629.6 -70.4
630.0 -70.08
630.4 -70.58
630.8 -71.58
631.2 -72.11
631.6 -69.68
632.0 -68.82
632.4 -72.56
632.8 -68.01
633.2 -69.61
633.6 -71.07
634.0 -69.95
634.4 -67.74
634.8 -69.19
635.2 -68.67
635.6 -68.41
636.0 -70.1
636.4 -69.56
636.8 -70.26
637.2 -70.4
637.6 -69.23
638.0 -70.56
638.4 -69.21
638.8 -69.01
639.2 -78.22
639.6 -70.79
640.0 -68.28
640.4 -69.14
640.8 -70.69
641.2 -69.77
641.6 -68.02
642.0 -67.57
642.4 -68.76
642.8 -69.75
643.2 -68.39
643.6 -68.31
644.0 -68.29
644.4 -68.68
644.8 -66.88
645.2 -67.57
645.6 -68.11
646.0 -66.86
646.4 -67.54
646.8 -68.32
647.2 -67.43
647.6 -68.13
648.0 -68.21
648.4 -68.05
648.8 -68.96
649.2 -67.88
649.6 -69.15
650.0 -67.75
650.4 -68.03
650.8 -69.29
651.2 -67.94
651.6 -68.49
652.0 -67.89
652.4 -69.64
652.8 -68.83
653.2 -68.77
653.6 -67.19
654.0 -67.0
654.4 -67.08
654.8 -67.49
655.2 -66.29
655.6 -67.2
656.0 -68.32
656.4 -68.69
656.8 -68.58
657.2 -66.88
657.6 -66.92
658.0 -68.18
658.4 -67.18
658.8 -67.73
659.2 -67.23
659.6 -68.49
660.0 -66.73
660.4 -66.69
660.8 -66.46
661.2 -67.96
661.6 -66.39
662.0 -67.53
662.4 -67.83
662.8 -65.76
663.2 -67.05
663.6 -67.92
664.0 -65.68
664.4 -67.36
664.8 -66.9
665.2 -66.94
665.6 -66.9
666.0 -66.56
666.4 -67.36
666.8 -67.13
667.2 -66.76
667.6 -67.53
668.0 -66.98
668.4 -66.02
668.8 -66.36
669.2 -67.48
669.6 -67.13
670.0 -66.72
670.4 -66.32
670.8 -66.88
671.2 -66.21
671.6 -65.91
672.0 -66.8
672.4 -66.59
672.8 -66.52
673.2 -66.69
673.6 -66.76
674.0 -66.22
674.4 -66.06
674.8 -66.53
675.2 -66.11
675.6 -65.96
676.0 -66.87
676.4 -66.07
676.8 -66.12
677.2 -66.51
677.6 -65.77
678.0 -66.5
678.4 -66.64
678.8 -66.32
679.2 -67.22
679.6 -66.07
680.0 -66.65
680.4 -66.09
680.8 -66.15
681.2 -66.24
681.6 -66.63
682.0 -65.28
682.4 -65.71
682.8 -65.84
683.2 -65.48
683.6 -66.36
684.0 -66.46
684.4 -66.73
684.8 -66.19
685.2 -65.75
685.6 -66.41
686.0 -65.49
686.4 -66.64
686.8 -66.03
687.2 -66.26
687.6 -65.18
688.0 -64.96
688.4 -65.3
688.8 -65.52
689.2 -66.19
689.6 -66.67
690.0 -65.96
690.4 -65.8
690.8 -65.92
691.2 -66.64
691.6 -65.11
692.0 -65.75
692.4 -67.2
692.8 -65.99
693.2 -66.4
693.6 -66.37
694.0 -65.72
694.4 -65.65
694.8 -65.32
695.2 -66.48
695.6 -65.95
696.0 -65.69
696.4 -65.83
696.8 -65.34
697.2 -66.11
697.6 -66.04
698.0 -64.71
698.4 -65.68
698.8 -65.96
699.2 -66.31
699.6 -66.28
700.0 -66.2
700.4 -65.96
700.8 -65.77
701.2 -65.61
701.6 -65.5
702.0 -65.4
702.4 -65.22
702.8 -64.76
703.2 -65.55
703.6 -66.12
704.0 -65.85
704.4 -65.62
704.8 -65.19
705.2 -66.19
705.6 -66.47
706.0 -65.09
706.4 -65.27
706.8 -66.31
707.2 -65.99
707.6 -65.73
708.0 -65.82
708.4 -64.82
708.8 -65.22
709.2 -65.58
709.6 -65.83
710.0 -65.22
710.4 -66.19
710.8 -65.53
711.2 -66.21
711.6 -65.4
712.0 -65.23
712.4 -65.49
712.8 -65.22
713.2 -65.66
713.6 -65.3
714.0 -64.84
714.4 -65.29
714.8 -66.31
715.2 -65.33
715.6 -66.34
716.0 -64.59
716.4 -65.5
716.8 -65.5
717.2 -66.11
717.6 -65.55
718.0 -65.67
718.4 -65.36
718.8 -65.53
719.2 -66.45
719.6 -66.02
720.0 -65.65
720.4 -65.49
720.8 -65.61
721.2 -66.17
721.6 -65.54
722.0 -65.66
722.4 -65.6
722.8 -65.55
723.2 -65.68
723.6 -65.62
724.0 -65.87
724.4 -65.48
724.8 -65.72
725.2 -64.93
725.6 -65.86
726.0 -65.81
726.4 -65.37
726.8 -65.87
727.2 -65.1
727.6 -65.42
728.0 -65.69
728.4 -66.1
728.8 -65.82
729.2 -65.78
729.6 -65.19
730.0 -66.15
730.4 -65.21
730.8 -65.44
731.2 -66.56
731.6 -66.94
732.0 -65.22
732.4 -65.89
732.8 -66.51
733.2 -65.45
733.6 -65.45
734.0 -66.02
734.4 -65.97
734.8 -65.0
735.2 -65.87
735.6 -65.62
736.0 -65.89
736.4 -65.61
736.8 -65.71
737.2 -65.95
737.6 -65.32
738.0 -66.19
738.4 -64.6
738.8 -65.19
739.2 -64.88
739.6 -65.08
740.0 -65.65
740.4 -65.92
740.8 -65.99
741.2 -65.51
741.6 -65.77
742.0 -65.84
742.4 -66.35
742.8 -65.16
743.2 -65.63
743.6 -65.37
744.0 -65.55
744.4 -65.55
744.8 -64.95
745.2 -64.92
745.6 -65.61
746.0 -66.13
746.4 -65.0
746.8 -65.42
747.2 -65.6
747.6 -64.93
748.0 -65.34
748.4 -65.24
748.8 -64.57
749.2 -66.0
749.6 -66.93
750.0 -65.51
750.4 -65.61
750.8 -65.98
751.2 -65.44
751.6 -65.15
752.0 -66.34
752.4 -66.11
752.8 -65.67
753.2 -65.13
753.6 -65.98
754.0 -65.43
754.4 -65.97
754.8 -66.95
755.2 -65.32
755.6 -65.85
756.0 -66.97
756.4 -65.88
756.8 -64.99
757.2 -65.11
757.6 -64.3
758.0 -65.19
758.4 -65.03
758.8 -65.31
759.2 -66.71
759.6 -66.17
760.0 -65.48
760.4 -64.51
760.8 -65.41
761.2 -65.15
761.6 -65.54
762.0 -66.14
762.4 -65.36
762.8 -65.94
763.2 -65.32
763.6 -65.83
764.0 -65.0
764.4 -65.93
764.8 -65.64
765.2 -65.71
765.6 -65.57
766.0 -65.7
766.4 -64.92
766.8 -66.05
767.2 -66.09
767.6 -65.65
768.0 -65.37
768.4 -65.82
768.8 -65.04
769.2 -65.53
769.6 -64.98
770.0 -65.59
770.4 -65.25
770.8 -65.52
771.2 -65.66
771.6 -66.22
772.0 -65.86
772.4 -65.83
772.8 -66.42
773.2 -64.78
773.6 -65.44
774.0 -65.74
774.4 -65.4
774.8 -65.04
775.2 -65.11
775.6 -65.23
776.0 -65.49
776.4 -64.59
776.8 -64.97
777.2 -64.79
777.6 -65.25
778.0 -66.39
778.4 -65.15
778.8 -66.3
779.2 -65.24
779.6 -65.21
780.0 -65.5
780.4 -65.14
780.8 -66.59
781.2 -65.14
781.6 -64.94
782.0 -64.56
782.4 -64.79
782.8 -65.56
783.2 -66.15
783.6 -64.75
784.0 -64.96
784.4 -66.85
784.8 -66.06
785.2 -65.68
785.6 -65.05
786.0 -65.2
786.4 -65.64
786.8 -66.3
787.2 -66.05
787.6 -64.76
788.0 -65.71
788.4 -65.15
788.8 -64.93
789.2 -64.93
789.6 -64.9
790.0 -65.65
790.4 -65.05
790.8 -64.8
791.2 -64.76
791.6 -64.91
792.0 -64.85
792.4 -65.26
792.8 -65.25
793.2 -64.81
793.6 -64.28
794.0 -65.28
794.4 -65.62
794.8 -65.05
795.2 -64.6
795.6 -64.59
796.0 -64.64
796.4 -64.67
796.8 -65.2
797.2 -64.81
797.6 -64.78
798.0 -64.81
798.4 -65.15
798.8 -63.96
799.2 -64.8
799.6 -64.62
800.0 -64.85
800.4 -63.7
800.8 -64.5
801.2 -64.11
801.6 -63.98
802.0 -64.89
802.4 -64.18
802.8 -64.75
803.2 -64.58
803.6 -63.59
804.0 -64.28
804.4 -64.73
804.8 -64.56
805.2 -63.88
805.6 -63.86
806.0 -62.37
806.4 -60.68
806.8 -57.73
807.2 -53.82
807.6 -49.86
808.0 -48.69
808.4 -49.57
808.8 -50.19
809.2 -54.26
809.6 -61.51
810.0 -63.12
810.4 -63.25
810.8 -64.04
811.2 -63.82
811.6 -64.09
812.0 -63.5
812.4 -63.74
812.8 -64.59
813.2 -64.05
813.6 -64.11
814.0 -64.09
814.4 -64.02
814.8 -63.86
815.2 -63.11
815.6 -63.97
816.0 -64.43
816.4 -64.11
816.8 -63.8
817.2 -64.15
817.6 -64.28
818.0 -63.71
818.4 -64.34
818.8 -63.49
819.2 -63.63
819.6 -64.34
820.0 -63.56
820.4 -64.32
820.8 -64.49
821.2 -64.03
821.6 -64.71
822.0 -64.03
822.4 -63.26
822.8 -63.62
823.2 -63.66
823.6 -63.93
824.0 -64.4
824.4 -63.81
824.8 -63.96
825.2 -63.9
825.6 -63.84
826.0 -63.59
826.4 -63.95
826.8 -64.15
827.2 -63.6
827.6 -64.12
828.0 -63.45
828.4 -63.8
828.8 -63.48
829.2 -64.0
829.6 -64.16
830.0 -64.13
830.4 -63.75
830.8 -63.78
831.2 -64.0
831.6 -63.52
832.0 -64.56
832.4 -63.64
832.8 -63.76
833.2 -63.77
833.6 -64.19
834.0 -63.77
834.4 -63.15
834.8 -63.61
835.2 -63.71
835.6 -63.46
836.0 -63.75
836.4 -63.78
836.8 -63.25
837.2 -63.91
837.6 -64.05
838.0 -64.34
838.4 -64.48
838.8 -63.26
839.2 -63.95
839.6 -64.28
840.0 -64.08
840.4 -64.16
840.8 -64.18
841.2 -63.88
841.6 -64.06
842.0 -64.35
842.4 -64.4
842.8 -64.36
843.2 -64.4
843.6 -64.42
844.0 -64.59
844.4 -64.61
844.8 -64.41
845.2 -64.19
845.6 -64.45
846.0 -63.86
846.4 -64.23
846.8 -64.62
847.2 -64.63
847.6 -63.73
848.0 -63.99
848.4 -64.3
848.8 -63.89
849.2 -64.65
849.6 -64.52
850.0 -63.98
850.4 -64.0
850.8 -64.0
851.2 -64.36
851.6 -64.63
852.0 -64.48
852.4 -64.7
852.8 -64.27
853.2 -64.06
853.6 -64.54
854.0 -64.83
854.4 -64.72
854.8 -64.53
855.2 -64.09
855.6 -64.76
856.0 -64.67
856.4 -64.5
856.8 -64.37
857.2 -64.64
857.6 -64.53
858.0 -64.26
858.4 -64.85
858.8 -64.17
859.2 -65.21
859.6 -64.65
860.0 -64.4
860.4 -64.18
860.8 -64.31
861.2 -64.31
861.6 -65.82
862.0 -65.0
862.4 -65.43
862.8 -64.72
863.2 -64.31
863.6 -64.8
864.0 -64.73
864.4 -65.4
864.8 -65.1
865.2 -65.09
865.6 -64.47
866.0 -64.38
866.4 -64.59
866.8 -63.83
867.2 -64.24
867.6 -64.94
868.0 -65.08
868.4 -65.08
868.8 -64.26
869.2 -64.24
869.6 -64.9
870.0 -64.84
870.4 -65.1
870.8 -64.88
871.2 -64.69
871.6 -64.68
872.0 -65.18
872.4 -64.92
872.8 -64.95
873.2 -64.06
873.6 -64.95
874.0 -65.31
874.4 -64.59
874.8 -65.08
875.2 -64.6
875.6 -65.22
876.0 -64.79
876.4 -64.65
876.8 -65.45
877.2 -64.79
877.6 -64.56
878.0 -64.98
878.4 -64.46
878.8 -64.3
879.2 -65.16
879.6 -66.13
880.0 -65.18
880.4 -64.75
880.8 -65.03
881.2 -64.73
881.6 -64.61
882.0 -64.66
882.4 -64.82
882.8 -65.67
883.2 -64.08
883.6 -64.0
884.0 -64.74
884.4 -64.65
884.8 -65.13
885.2 -65.84
885.6 -64.91
886.0 -65.01
886.4 -65.32
886.8 -64.5
887.2 -64.56
887.6 -65.39
888.0 -65.23
888.4 -65.1
888.8 -64.72
889.2 -65.1
889.6 -64.75
890.0 -64.67
890.4 -64.37
890.8 -64.77
891.2 -64.65
891.6 -64.92
892.0 -64.98
892.4 -65.29
892.8 -64.77
893.2 -65.47
893.6 -65.28
894.0 -65.45
894.4 -65.15
894.8 -64.1
895.2 -64.62
895.6 -64.89
896.0 -64.54
896.4 -65.85
896.8 -64.35
897.2 -64.55
897.6 -64.78
898.0 -65.69
898.4 -65.3
898.8 -65.28
899.2 -65.36
899.6 -64.95
900.0 -64.96
900.4 -65.0
900.8 -65.37
901.2 -64.73
901.6 -64.8
902.0 -64.78
902.4 -65.29
902.8 -64.8
903.2 -65.06
903.6 -65.18
904.0 -64.94
904.4 -65.1
904.8 -64.96
905.2 -65.59
905.6 -66.0
906.0 -65.31
906.4 -64.9
906.8 -64.93
907.2 -65.26
907.6 -64.89
908.0 -65.67
908.4 -64.98
908.8 -65.02
909.2 -64.3
909.6 -65.84
910.0 -65.72
910.4 -64.1
910.8 -65.81
911.2 -64.73
911.6 -64.6
912.0 -64.44
912.4 -65.22
912.8 -65.29
913.2 -65.35
913.6 -64.77
914.0 -64.96
914.4 -64.6
914.8 -64.56
915.2 -65.22
915.6 -65.28
916.0 -64.91
916.4 -65.02
916.8 -65.1
917.2 -64.81
917.6 -64.81
918.0 -65.53
918.4 -65.99
918.8 -65.35
919.2 -64.91
919.6 -65.17
920.0 -65.12
920.4 -65.54
920.8 -65.23
921.2 -65.22
921.6 -65.35
922.0 -65.68
922.4 -65.85
922.8 -65.28
923.2 -65.35
923.6 -66.03
924.0 -65.8
924.4 -65.55
924.8 -65.39
925.2 -64.64
925.6 -65.2
926.0 -64.97
926.4 -65.3
926.8 -65.41
927.2 -65.23
927.6 -65.4
928.0 -66.1
928.4 -66.07
928.8 -65.7
929.2 -65.21
929.6 -66.3
930.0 -65.78
930.4 -65.89
930.8 -65.13
931.2 -65.61
931.6 -65.35
932.0 -65.64
932.4 -66.07
932.8 -65.75
933.2 -65.7
933.6 -65.88
934.0 -65.81
934.4 -65.4
934.8 -65.87
935.2 -66.21
935.6 -66.28
936.0 -65.48
936.4 -66.37
936.8 -65.6
937.2 -66.42
937.6 -65.51
938.0 -65.73
938.4 -66.13
938.8 -65.59
939.2 -65.21
939.6 -65.34
940.0 -66.09
940.4 -65.8
940.8 -66.26
941.2 -65.55
941.6 -66.04
942.0 -66.21
942.4 -66.07
942.8 -66.22
943.2 -66.38
943.6 -66.14
944.0 -65.44
944.4 -65.65
944.8 -65.82
945.2 -65.78
945.6 -65.85
946.0 -66.5
946.4 -65.55
946.8 -66.31
947.2 -65.91
947.6 -65.51
948.0 -66.09
948.4 -65.91
948.8 -66.1
949.2 -66.13
949.6 -66.25
950.0 -66.06
950.4 -66.15
950.8 -66.1
951.2 -66.15
951.6 -66.47
952.0 -66.84
952.4 -66.43
952.8 -66.01
953.2 -66.18
953.6 -66.2
954.0 -66.42
954.4 -66.27
954.8 -66.03
955.2 -66.44
955.6 -66.44
956.0 -66.27
956.4 -66.07
956.8 -66.18
957.2 -66.48
957.6 -65.89
958.0 -66.06
958.4 -66.28
958.8 -67.12
959.2 -66.18
959.6 -66.47
960.0 -65.64
960.4 -66.16
960.8 -66.39
961.2 -65.97
961.6 -65.7
962.0 -66.25
962.4 -65.71
962.8 -66.41
963.2 -65.56
963.6 -65.81
964.0 -65.41
964.4 -65.63
964.8 -65.18
965.2 -65.12
965.6 -65.47
966.0 -65.38
966.4 -65.93
966.8 -65.8
967.2 -65.51
967.6 -65.31
968.0 -65.82
968.4 -65.86
968.8 -65.6
969.2 -65.72
969.6 -65.9
970.0 -65.3
970.4 -65.61
970.8 -65.53
971.2 -66.02
971.6 -65.83
972.0 -65.91
972.4 -65.6
972.8 -65.19
973.2 -66.04
973.6 -65.57
974.0 -65.75
974.4 -66.1
974.8 -65.96
975.2 -65.46
975.6 -65.41
976.0 -65.66
976.4 -66.51
976.8 -65.7
977.2 -65.86
977.6 -65.79
978.0 -65.86
978.4 -65.53
978.8 -66.08
979.2 -65.67
979.6 -65.53
980.0 -65.96
980.4 -65.75
980.8 -65.58
981.2 -65.65
981.6 -65.41
982.0 -65.41
982.4 -65.44
982.8 -65.3
983.2 -65.51
983.6 -65.27
984.0 -65.3
984.4 -65.01
984.8 -65.15
985.2 -65.15
985.6 -64.97
986.0 -65.19
986.4 -64.86
986.8 -64.73
987.2 -64.51
987.6 -64.82
988.0 -64.47
988.4 -64.47
988.8 -64.44
989.2 -64.54
989.6 -64.3
990.0 -64.31
990.4 -64.38
990.8 -64.13
991.2 -64.0
991.6 -64.06
992.0 -64.32
992.4 -63.76
992.8 -64.06
993.2 -64.11
993.6 -64.18
994.0 -64.08
994.4 -63.92
994.8 -63.86
995.2 -63.99
995.6 -63.9
996.0 -63.75
996.4 -63.8
996.8 -64.12
997.2 -63.87
997.6 -63.69
998.0 -64.09
998.4 -63.96
998.8 -64.3
999.2 -64.03
999.6 -64.05
1000.0 -63.78
