600.0 -210.0
600.4 -72.39
600.8 -210.0
601.2 -210.0
601.6 -210.0
602.0 -210.0
602.4 -71.5
602.8 -78.29
603.2 -84.34
603.6 -78.34
604.0 -78.37
604.4 -75.38
604.8 -210.0
605.2 -73.67
605.6 -81.49
606.0 -81.52
606.4 -210.0
606.8 -210.0
607.2 -71.59
607.6 -210.0
608.0 -210.0
608.4 -210.0
608.8 -81.7
609.2 -71.3
609.6 -210.0
610.0 -71.77
610.4 -80.03
610.8 -71.82
611.2 -73.38
611.6 -210.0
612.0 -68.66
612.4 -67.6
612.8 -81.94
613.2 -210.0
613.6 -71.57
614.0 -78.99
614.4 -82.03
614.8 -85.07
615.2 -71.86
615.6 -78.12
616.0 -210.0
616.4 -210.0
616.8 -70.55
617.2 -210.0
617.6 -73.76
618.0 -210.0
618.4 -80.5
618.8 -82.29
619.2 -72.77
619.6 -72.34
620.0 -77.58
620.4 -210.0
620.8 -210.0
621.2 -70.97
621.6 -82.46
622.0 -85.5
622.4 -75.52
622.8 -70.23
623.2 -74.77
623.6 -72.17
624.0 -73.06
624.4 -71.5
624.8 -80.89
625.2 -210.0
625.6 -79.69
626.0 -73.98
626.4 -72.98
626.8 -75.0
627.2 -210.0
627.6 -71.37
628.0 -73.08
628.4 -210.0
628.8 -75.12
629.2 -210.0
629.6 -74.5
630.0 -210.0
630.4 -71.71
630.8 -77.6
631.2 -72.47
631.6 -71.97
632.0 -210.0
632.4 -71.86
632.8 -73.42
633.2 -77.78
633.6 -77.8
634.0 -68.58
634.4 -73.76
634.8 -72.03
635.2 -72.57
635.6 -74.64
636.0 -74.97
636.4 -80.44
636.8 -71.44
637.2 -70.5
637.6 -71.5
638.0 -73.36
638.4 -70.59
638.8 -73.86
639.2 -72.53
639.6 -73.7
640.0 -71.82
640.4 -78.32
640.8 -70.09
641.2 -71.4
641.6 -72.74
642.0 -71.12
642.4 -72.81
642.8 -70.87
643.2 -70.79
643.6 -70.73
644.0 -72.78
644.4 -70.8
644.8 -68.54
645.2 -69.96
645.6 -72.77
646.0 -70.74
646.4 -70.88
646.8 -71.44
647.2 -71.15
647.6 -72.37
648.0 -69.39
648.4 -72.18
648.8 -69.34
649.2 -71.33
649.6 -70.98
650.0 -68.81
650.4 -72.7
650.8 -70.13
651.2 -78.08
651.6 -69.84
652.0 -73.15
652.4 -72.86
652.8 -69.18
653.2 -71.4
653.6 -68.67
654.0 -69.32
654.4 -76.85
654.8 -69.73
655.2 -69.95
655.6 -69.66
656.0 -69.67
656.4 -68.63
656.8 -70.59
657.2 -68.64
657.6 -71.99
658.0 -68.98
658.4 -69.22
658.8 -68.49
659.2 -69.62
659.6 -70.44
660.0 -69.43
660.4 -68.5
660.8 -68.94
661.2 -74.69
661.6 -72.13
662.0 -68.3
662.4 -69.18
662.8 -68.5
663.2 -68.77
663.6 -69.63
664.0 -67.96
664.4 -69.91
664.8 -69.43
665.2 -69.84
665.6 -69.7
666.0 -70.88
666.4 -68.5
666.8 -69.63
667.2 -70.45
667.6 -70.37
668.0 -67.57
668.4 -69.12
668.8 -70.21
669.2 -70.37
669.6 -67.36
670.0 -66.93
670.4 -71.45
670.8 -69.61
671.2 -67.3
671.6 -69.55
672.0 -68.63
672.4 -68.03
672.8 -70.75
673.2 -68.68
673.6 -68.79
674.0 -68.3
674.4 -70.01
674.8 -66.81
675.2 -68.5
675.6 -70.65
676.0 -68.43
676.4 -68.49
676.8 -68.53
677.2 -68.12
677.6 -67.53
678.0 -69.75
678.4 -70.53
678.8 -68.73
679.2 -69.89
679.6 -69.02
680.0 -67.13
680.4 -69.95
680.8 -67.99
681.2 -68.88
681.6 -69.5
682.0 -67.22
682.4 -69.49
682.8 -67.68
683.2 -69.84
683.6 -69.47
684.0 -68.96
684.4 -67.89
684.8 -69.33
685.2 -69.32
685.6 -68.32
686.0 -68.11
686.4 -68.31
686.8 -68.46
687.2 -68.69
687.6 -68.4
688.0 -68.68
688.4 -68.55
688.8 -68.44
689.2 -68.43
689.6 -68.49
690.0 -68.59
690.4 -70.12
690.8 -68.41
691.2 -67.35
691.6 -67.27
692.0 -67.74
692.4 -68.17
692.8 -66.85
693.2 -67.49
693.6 -69.77
694.0 -67.14
694.4 -68.46
694.8 -67.65
695.2 -67.38
695.6 -67.16
696.0 -68.33
696.4 -67.53
696.8 -66.82
697.2 -67.61
697.6 -68.15
698.0 -66.2
698.4 -67.28
698.8 -68.13
699.2 -68.12
699.6 -66.71
700.0 -67.76
700.4 -68.84
700.8 -67.56
701.2 -67.16
701.6 -67.29
702.0 -68.58
702.4 -67.97
702.8 -67.53
703.2 -67.67
703.6 -68.01
704.0 -68.49
704.4 -66.23
704.8 -67.5
705.2 -67.01
705.6 -66.97
706.0 -67.05
706.4 -67.16
706.8 -67.38
707.2 -68.27
707.6 -66.51
708.0 -67.6
708.4 -66.8
708.8 -66.64
709.2 -66.95
709.6 -66.37
710.0 -66.44
710.4 -67.52
710.8 -66.89
711.2 -66.28
711.6 -67.36
712.0 -66.72
712.4 -67.59
712.8 -67.13
713.2 -66.71
713.6 -66.99
714.0 -67.03
714.4 -67.47
714.8 -66.81
715.2 -66.41
715.6 -68.46
716.0 -66.3
716.4 -66.83
716.8 -66.67
717.2 -66.51
717.6 -66.62
718.0 -67.93
718.4 -66.69
718.8 -67.01
719.2 -67.19
719.6 -67.1
720.0 -66.44
720.4 -67.27
720.8 -67.04
721.2 -65.73
721.6 -66.28
722.0 -66.61
722.4 -66.98
722.8 -66.3
723.2 -66.45
723.6 -65.46
724.0 -66.07
724.4 -67.18
724.8 -66.2
725.2 -66.95
725.6 -66.17
726.0 -66.05
726.4 -65.68
726.8 -65.67
727.2 -65.58
727.6 -66.37
728.0 -66.07
728.4 -68.16
728.8 -66.09
729.2 -66.62
729.6 -66.96
730.0 -67.81
730.4 -65.84
730.8 -67.16
731.2 -66.29
731.6 -65.03
732.0 -67.34
732.4 -66.71
732.8 -66.59
733.2 -67.88
733.6 -65.84
734.0 -65.13
734.4 -66.91
734.8 -66.37
735.2 -67.08
735.6 -66.64
736.0 -68.03
736.4 -65.78
736.8 -66.63
737.2 -65.95
737.6 -67.29
738.0 -66.62
738.4 -65.94
738.8 -67.13
739.2 -66.18
739.6 -67.09
740.0 -66.03
740.4 -65.85
740.8 -65.55
741.2 -65.67
741.6 -66.51
742.0 -66.51
742.4 -66.85
742.8 -66.08
743.2 -65.97
743.6 -66.12
744.0 -66.18
744.4 -65.86
744.8 -66.03
745.2 -65.52
745.6 -65.85
746.0 -66.25
746.4 -65.74
746.8 -66.52
747.2 -67.26
747.6 -65.6
748.0 -66.43
748.4 -65.97
748.8 -66.88
749.2 -67.5
749.6 -67.35
750.0 -66.66
750.4 -67.2
750.8 -66.48
751.2 -65.95
751.6 -66.08
752.0 -66.67
752.4 -65.86
752.8 -65.57
753.2 -65.44
753.6 -66.02
754.0 -65.56
754.4 -65.39
754.8 -66.77
755.2 -65.96
755.6 -66.0
756.0 -66.25
756.4 -66.21
756.8 -65.36
757.2 -66.92
757.6 -65.13
758.0 -65.68
758.4 -65.71
758.8 -65.92
759.2 -66.06
759.6 -67.27
760.0 -66.92
760.4 -65.69
760.8 -64.8
761.2 -66.23
761.6 -66.65
762.0 -65.36
762.4 -66.81
762.8 -66.76
763.2 -64.92
763.6 -65.29
764.0 -66.4
764.4 -65.41
764.8 -65.78
765.2 -66.07
765.6 -66.48
766.0 -65.2
766.4 -65.99
766.8 -64.82
767.2 -65.83
767.6 -67.09
768.0 -65.21
768.4 -66.08
768.8 -65.81
769.2 -67.02
769.6 -65.77
770.0 -65.91
770.4 -66.43
770.8 -66.1
771.2 -64.79
771.6 -65.84
772.0 -64.37
772.4 -65.18
772.8 -65.79
773.2 -65.51
773.6 -65.51
774.0 -65.74
774.4 -64.6
774.8 -65.04
775.2 -65.14
775.6 -64.63
776.0 -64.82
776.4 -65.39
776.8 -65.45
777.2 -64.43
777.6 -65.39
778.0 -64.37
778.4 -65.24
778.8 -65.91
779.2 -65.21
779.6 -65.48
780.0 -65.79
780.4 -65.47
780.8 -64.89
781.2 -64.72
781.6 -65.42
782.0 -64.97
782.4 -65.29
782.8 -64.88
783.2 -65.41
783.6 -65.38
784.0 -64.96
784.4 -64.87
784.8 -65.14
785.2 -65.3
785.6 -65.17
786.0 -64.54
786.4 -65.71
786.8 -65.57
787.2 -64.82
787.6 -65.9
788.0 -64.51
788.4 -64.61
788.8 -65.59
789.2 -64.78
789.6 -65.06
790.0 -65.17
790.4 -64.83
790.8 -65.08
791.2 -64.82
791.6 -64.42
792.0 -63.74
792.4 -64.82
792.8 -64.55
793.2 -64.66
793.6 -64.64
794.0 -65.55
794.4 -64.8
794.8 -65.38
795.2 -64.8
795.6 -64.64
796.0 -65.33
796.4 -64.88
796.8 -64.15
797.2 -64.3
797.6 -64.72
798.0 -65.0
798.4 -64.57
798.8 -64.65
799.2 -65.35
799.6 -64.96
800.0 -64.82
800.4 -65.07
800.8 -64.64
801.2 -64.48
801.6 -64.34
802.0 -64.21
802.4 -64.06
802.8 -64.49
803.2 -64.52
803.6 -64.84
804.0 -64.47
804.4 -64.7
804.8 -64.34
805.2 -64.2
805.6 -63.47
806.0 -62.51
806.4 -61.01
806.8 -57.61
807.2 -53.84
807.6 -49.94
808.0 -48.49
808.4 -49.48
808.8 -50.02
809.2 -53.76
809.6 -61.03
810.0 -62.68
810.4 -63.76
810.8 -63.89
811.2 -64.32
811.6 -64.54
812.0 -64.44
812.4 -64.64
812.8 -65.03
813.2 -65.11
813.6 -64.64
814.0 -64.96
814.4 -64.57
814.8 -63.96
815.2 -63.86
815.6 -64.87
816.0 -64.35
816.4 -64.58
816.8 -64.14
817.2 -64.32
817.6 -63.89
818.0 -65.0
818.4 -64.55
818.8 -64.93
819.2 -64.39
819.6 -64.57
820.0 -64.38
820.4 -63.4
820.8 -63.74
821.2 -64.22
821.6 -64.14
822.0 -64.56
822.4 -64.34
822.8 -64.64
823.2 -64.37
823.6 -64.54
824.0 -64.72
824.4 -64.1
824.8 -64.61
825.2 -64.47
825.6 -63.84
826.0 -64.58
826.4 -64.25
826.8 -64.27
827.2 -63.94
827.6 -64.21
828.0 -64.15
828.4 -64.12
828.8 -64.34
829.2 -64.13
829.6 -64.03
830.0 -63.97
830.4 -63.92
830.8 -63.9
831.2 -64.11
831.6 -64.63
832.0 -64.01
832.4 -63.73
832.8 -63.8
833.2 -64.29
833.6 -63.67
834.0 -63.34
834.4 -63.42
834.8 -63.33
835.2 -63.53
835.6 -62.99
836.0 -63.45
836.4 -63.35
836.8 -63.38
837.2 -62.94
837.6 -64.03
838.0 -64.14
838.4 -63.37
838.8 -63.3
839.2 -63.66
839.6 -63.78
840.0 -63.13
840.4 -64.01
840.8 -63.33
841.2 -63.42
841.6 -62.82
842.0 -63.34
842.4 -63.53
842.8 -63.4
843.2 -63.54
843.6 -63.07
844.0 -63.41
844.4 -63.06
844.8 -63.06
845.2 -63.95
845.6 -63.06
846.0 -63.18
846.4 -63.24
846.8 -62.99
847.2 -63.81
847.6 -62.98
848.0 -63.26
848.4 -63.51
848.8 -62.83
849.2 -63.04
849.6 -63.1
850.0 -63.09
850.4 -62.85
850.8 -63.35
851.2 -63.02
851.6 -63.5
852.0 -63.09
852.4 -63.23
852.8 -62.86
853.2 -62.98
853.6 -62.68
854.0 -63.16
854.4 -62.85
854.8 -62.63
855.2 -62.65
855.6 -63.11
856.0 -62.78
856.4 -62.5
856.8 -62.9
857.2 -62.72
857.6 -62.96
858.0 -62.58
858.4 -62.65
858.8 -62.79
859.2 -62.4
859.6 -62.44
860.0 -62.66
860.4 -62.53
860.8 -62.56
861.2 -62.13
861.6 -62.73
862.0 -62.75
862.4 -62.64
862.8 -62.01
863.2 -62.49
863.6 -62.71
864.0 -62.1
864.4 -62.69
864.8 -62.31
865.2 -62.46
865.6 -62.72
866.0 -62.1
866.4 -62.15
866.8 -62.37
867.2 -62.62
867.6 -61.99
868.0 -62.71
868.4 -62.17
868.8 -62.26
869.2 -62.41
869.6 -62.54
870.0 -62.03
870.4 -62.0
870.8 -62.59
871.2 -62.16
871.6 -62.15
872.0 -62.18
872.4 -62.16
872.8 -62.51
873.2 -61.95
873.6 -62.17
874.0 -61.88
874.4 -62.3
874.8 -62.12
875.2 -62.51
875.6 -62.1
876.0 -62.22
876.4 -62.08
876.8 -62.19
877.2 -62.08
877.6 -62.18
878.0 -62.13
878.4 -61.76
878.8 -62.02
879.2 -61.8
879.6 -61.8
880.0 -62.16
880.4 -61.88
880.8 -61.78
881.2 -61.6
881.6 -62.12
882.0 -61.82
882.4 -61.87
882.8 -61.97
883.2 -61.65
883.6 -61.97
884.0 -61.52
884.4 -61.71
884.8 -61.83
885.2 -61.74
885.6 -61.55
886.0 -61.61
886.4 -61.57
886.8 -61.42
887.2 -61.68
887.6 -61.56
888.0 -61.46
888.4 -61.19
888.8 -61.44
889.2 -61.55
889.6 -61.63
890.0 -61.74
890.4 -61.62
890.8 -61.08
891.2 -61.76
891.6 -61.81
892.0 -61.27
892.4 -61.4
892.8 -61.47
893.2 -61.51
893.6 -61.43
894.0 -61.8
894.4 -61.29
894.8 -61.49
895.2 -61.25
895.6 -61.12
896.0 -61.28
896.4 -61.66
896.8 -61.54
897.2 -61.5
897.6 -61.09
898.0 -61.3
898.4 -60.82
898.8 -61.33
899.2 -60.97
899.6 -60.99
900.0 -61.01
900.4 -61.16
900.8 -61.19
901.2 -60.71
901.6 -61.65
902.0 -61.2
902.4 -61.2
902.8 -61.24
903.2 -61.52
903.6 -61.08
904.0 -61.0
904.4 -60.92
904.8 -61.2
905.2 -61.22
905.6 -60.84
906.0 -60.7
906.4 -61.3
906.8 -60.72
907.2 -60.96
907.6 -61.04
908.0 -60.68
908.4 -60.93
908.8 -60.72
909.2 -60.88
909.6 -60.87
910.0 -60.77
910.4 -60.6
910.8 -60.78
911.2 -60.71
911.6 -60.65
912.0 -60.55
912.4 -60.53
912.8 -60.39
913.2 -60.3
913.6 -60.68
914.0 -60.49
914.4 -60.65
914.8 -60.49
915.2 -60.39
915.6 -60.3
916.0 -60.68
916.4 -60.34
916.8 -60.7
917.2 -60.29
917.6 -60.35
918.0 -60.17
918.4 -60.25
918.8 -60.25
919.2 -60.32
919.6 -59.92
920.0 -60.14
920.4 -60.28
920.8 -60.16
921.2 -59.92
921.6 -59.97
922.0 -60.1
922.4 -60.09
922.8 -60.15
923.2 -60.08
923.6 -59.89
924.0 -59.75
924.4 -59.7
924.8 -59.83
925.2 -60.13
925.6 -59.84
926.0 -59.74
926.4 -59.74
926.8 -59.72
927.2 -59.8
927.6 -59.9
928.0 -59.66
928.4 -59.85
928.8 -59.64
929.2 -59.56
929.6 -59.6
930.0 -59.55
930.4 -59.44
930.8 -59.66
931.2 -59.54
931.6 -59.49
932.0 -59.46
932.4 -59.62
932.8 -59.53
933.2 -59.35
933.6 -59.56
934.0 -59.48
934.4 -59.45
934.8 -59.16
935.2 -59.44
935.6 -59.2
936.0 -59.37
936.4 -59.28
936.8 -59.44
937.2 -59.17
937.6 -59.34
938.0 -59.35
938.4 -59.27
938.8 -59.28
939.2 -59.26
939.6 -59.16
940.0 -59.3
940.4 -59.1
940.8 -59.15
941.2 -59.19
941.6 -59.03
942.0 -58.96
942.4 -59.3
942.8 -59.07
943.2 -58.92
943.6 -58.99
944.0 -58.88
944.4 -58.88
944.8 -58.74
945.2 -58.99
945.6 -58.81
946.0 -58.98
946.4 -58.67
946.8 -58.85
947.2 -58.69
947.6 -58.81
948.0 -58.73
948.4 -58.62
948.8 -58.61
949.2 -58.64
949.6 -58.61
950.0 -58.78
950.4 -58.5
950.8 -58.49
951.2 -58.71
951.6 -58.57
952.0 -58.55
952.4 -58.52
952.8 -58.81
953.2 -58.57
953.6 -58.57
954.0 -58.64
954.4 -58.59
954.8 -58.57
955.2 -58.7
955.6 -58.64
956.0 -58.56
956.4 -58.57
956.8 -58.56
957.2 -58.36
957.6 -58.58
958.0 -58.54
958.4 -58.45
958.8 -58.38
959.2 -58.34
959.6 -58.34
960.0 -58.2
960.4 -58.3
960.8 -58.23
961.2 -58.23
961.6 -58.13
962.0 -58.14
962.4 -58.04
962.8 -58.22
963.2 -57.98
963.6 -58.11
964.0 -58.06
964.4 -58.08
964.8 -57.92
965.2 -57.84
965.6 -57.84
966.0 -57.95
966.4 -58.0
966.8 -57.89
967.2 -57.96
967.6 -57.79
968.0 -57.84
968.4 -57.9
968.8 -57.95
969.2 -58.12
969.6 -57.87
970.0 -57.94
970.4 -57.96
970.8 -58.01
971.2 -57.94
971.6 -58.12
972.0 -57.97
972.4 -57.93
972.8 -57.93
973.2 -57.91
973.6 -58.05
974.0 -58.08
974.4 -58.09
974.8 -58.22
975.2 -58.17
975.6 -58.28
976.0 -58.18
976.4 -58.28
976.8 -58.16
977.2 -58.52
977.6 -58.39
978.0 -58.41
978.4 -58.26
978.8 -58.3
979.2 -58.33
979.6 -58.23
980.0 -58.29
980.4 -58.43
980.8 -58.25
981.2 -58.11
981.6 -58.17
982.0 -57.97
982.4 -58.09
982.8 -58.0
983.2 -57.89
983.6 -57.95
984.0 -57.82
984.4 -57.87
984.8 -57.77
985.2 -57.73
985.6 -57.69
986.0 -57.59
986.4 -57.61
986.8 -57.61
987.2 -57.42
987.6 -57.52
988.0 -57.53
988.4 -57.35
988.8 -57.43
989.2 -57.34
989.6 -57.31
990.0 -57.4
990.4 -57.39
990.8 -57.18
991.2 -57.16
991.6 -57.15
992.0 -57.17
992.4 -57.11
992.8 -57.1
993.2 -57.24
993.6 -57.14
994.0 -57.06
994.4 -57.24
994.8 -57.16
995.2 -57.21
995.6 -57.3
996.0 -57.26
996.4 -57.22
996.8 -57.21
997.2 -57.35
997.6 -57.33
998.0 -57.35
998.4 -57.37
998.8 -57.38
999.2 -57.43
999.6 -57.35
1000.0 -57.22
