600.0 -84.14
600.4 -75.7
600.8 -76.4
601.2 -69.73
601.6 -210.0
602.0 -71.26
602.4 -210.0
602.8 -73.18
603.2 -74.34
603.6 -210.0
604.0 -210.0
604.4 -72.65
604.8 -72.98
605.2 -71.91
605.6 -71.49
606.0 -72.48
606.4 -210.0
606.8 -81.57
607.2 -69.54
607.6 -210.0
608.0 -76.2
608.4 -77.69
608.8 -210.0
609.2 -73.93
609.6 -84.76
610.0 -210.0
610.4 -80.03
610.8 -75.28
611.2 -74.05
611.6 -74.08
612.0 -75.35
612.4 -71.5
612.8 -72.64
613.2 -210.0
613.6 -210.0
614.0 -74.6
614.4 -68.91
614.8 -72.06
615.2 -77.3
615.6 -70.63
616.0 -210.0
616.4 -74.36
616.8 -73.13
617.2 -69.29
617.6 -82.22
618.0 -210.0
618.4 -75.73
618.8 -85.3
619.2 -82.32
619.6 -72.56
620.0 -210.0
620.4 -72.39
620.8 -210.0
621.2 -72.02
621.6 -210.0
622.0 -70.18
622.4 -72.96
622.8 -77.76
623.2 -72.34
623.6 -70.15
624.0 -75.2
624.4 -68.32
624.8 -72.05
625.2 -72.08
625.6 -72.49
626.0 -68.93
626.4 -69.43
626.8 -69.17
627.2 -72.81
627.6 -70.79
628.0 -75.07
628.4 -72.47
628.8 -70.12
629.2 -69.6
629.6 -70.91
630.0 -76.96
630.4 -69.59
630.8 -70.74
631.2 -70.06
631.6 -76.12
632.0 -72.72
632.4 -68.62
632.8 -74.44
633.2 -70.44
633.6 -70.81
634.0 -69.95
634.4 -73.09
634.8 -70.78
635.2 -69.3
635.6 -71.93
636.0 -71.66
636.4 -69.56
636.8 -69.51
637.2 -69.45
637.6 -70.43
638.0 -69.51
638.4 -68.83
638.8 -68.86
639.2 -69.95
639.6 -71.14
640.0 -68.67
640.4 -69.22
640.8 -69.41
641.2 -68.99
641.6 -68.96
642.0 -71.23
642.4 -67.41
642.8 -68.24
643.2 -67.53
643.6 -67.52
644.0 -68.12
644.4 -66.84
644.8 -69.85
645.2 -68.51
645.6 -68.38
646.0 -67.23
646.4 -68.07
646.8 -68.84
647.2 -69.06
647.6 -71.74
648.0 -69.13
648.4 -68.8
648.8 -68.45
649.2 -67.7
649.6 -69.41
650.0 -67.24
650.4 -67.98
650.8 -68.86
651.2 -67.67
651.6 -68.93
652.0 -68.65
652.4 -67.59
652.8 -67.9
653.2 -67.42
653.6 -67.69
654.0 -67.82
654.4 -67.23
654.8 -67.88
655.2 -68.85
655.6 -67.66
656.0 -68.53
656.4 -66.84
656.8 -67.25
657.2 -66.81
657.6 -67.11
658.0 -66.5
658.4 -69.82
658.8 -68.39
659.2 -68.44
659.6 -68.29
660.0 -66.56
660.4 -67.2
660.8 -66.39
661.2 -66.69
661.6 -66.14
662.0 -67.96
662.4 -67.2
662.8 -67.28
663.2 -66.83
663.6 -66.69
664.0 -66.69
664.4 -67.05
664.8 -67.01
665.2 -67.57
665.6 -66.36
666.0 -66.27
666.4 -66.39
666.8 -67.74
667.2 -66.46
667.6 -66.87
668.0 -67.57
668.4 -66.36
668.8 -66.42
669.2 -65.85
669.6 -66.98
670.0 -65.87
670.4 -67.04
670.8 -65.69
671.2 -66.44
671.6 -66.57
672.0 -66.77
672.4 -66.53
672.8 -67.12
673.2 -66.42
673.6 -66.38
674.0 -67.48
674.4 -66.51
674.8 -66.67
675.2 -66.5
675.6 -66.77
676.0 -66.55
676.4 -67.71
676.8 -65.85
677.2 -66.12
677.6 -66.34
678.0 -66.33
678.4 -66.37
678.8 -66.26
679.2 -66.84
679.6 -65.95
680.0 -66.06
680.4 -66.48
680.8 -65.51
681.2 -67.58
681.6 -65.95
682.0 -66.84
682.4 -66.55
682.8 -66.02
683.2 -66.94
683.6 -65.92
684.0 -66.67
684.4 -66.29
684.8 -66.52
685.2 -66.09
685.6 -66.38
686.0 -65.49
686.4 -66.2
686.8 -66.42
687.2 -65.82
687.6 -65.99
688.0 -66.06
688.4 -65.07
688.8 -65.8
689.2 -66.13
689.6 -65.59
690.0 -66.12
690.4 -66.51
690.8 -65.68
691.2 -66.23
691.6 -65.94
692.0 -66.03
692.4 -66.21
692.8 -66.05
693.2 -65.47
693.6 -66.4
694.0 -66.29
694.4 -66.52
694.8 -65.24
695.2 -66.17
695.6 -66.17
696.0 -65.69
696.4 -65.45
696.8 -65.93
697.2 -66.66
697.6 -66.45
698.0 -66.4
698.4 -65.62
698.8 -65.18
699.2 -65.82
699.6 -66.38
700.0 -65.1
700.4 -65.99
700.8 -66.58
701.2 -65.86
701.6 -65.73
702.0 -65.91
702.4 -65.96
702.8 -65.87
703.2 -66.84
703.6 -66.05
704.0 -67.29
704.4 -65.59
704.8 -65.53
705.2 -66.4
705.6 -65.46
706.0 -65.6
706.4 -66.49
706.8 -66.0
707.2 -66.02
707.6 -65.24
708.0 -65.48
708.4 -66.72
708.8 -66.38
709.2 -65.32
709.6 -65.38
710.0 -65.85
710.4 -65.76
710.8 -66.5
711.2 -65.24
711.6 -66.24
712.0 -66.06
712.4 -65.96
712.8 -66.26
713.2 -66.33
713.6 -66.55
714.0 -65.38
714.4 -65.52
714.8 -66.03
715.2 -65.79
715.6 -66.06
716.0 -65.11
716.4 -67.59
716.8 -66.01
717.2 -65.52
717.6 -65.26
718.0 -66.24
718.4 -65.86
718.8 -66.84
719.2 -65.38
719.6 -65.5
720.0 -67.09
720.4 -65.77
720.8 -65.57
721.2 -65.96
721.6 -66.54
722.0 -65.44
722.4 -65.47
722.8 -66.56
723.2 -65.46
723.6 -67.33
724.0 -65.87
724.4 -65.24
724.8 -66.28
725.2 -66.13
725.6 -65.72
726.0 -66.49
726.4 -64.81
726.8 -65.61
727.2 -66.37
727.6 -65.55
728.0 -65.23
728.4 -65.47
728.8 -65.85
729.2 -66.35
729.6 -65.68
730.0 -65.87
730.4 -65.81
730.8 -65.35
731.2 -65.35
731.6 -65.7
732.0 -65.75
732.4 -66.03
732.8 -65.99
733.2 -65.91
733.6 -64.93
734.0 -65.84
734.4 -65.41
734.8 -65.48
735.2 -66.01
735.6 -64.91
736.0 -67.16
736.4 -65.88
736.8 -65.04
737.2 -65.52
737.6 -66.27
738.0 -65.41
738.4 -65.98
738.8 -66.3
739.2 -66.0
739.6 -65.93
740.0 -65.36
740.4 -66.9
740.8 -65.78
741.2 -66.28
741.6 -65.42
742.0 -65.88
742.4 -66.24
742.8 -66.34
743.2 -66.46
743.6 -65.16
744.0 -66.14
744.4 -65.82
744.8 -65.62
745.2 -65.82
745.6 -66.17
746.0 -65.23
746.4 -65.17
746.8 -65.95
747.2 -65.7
747.6 -64.87
748.0 -65.98
748.4 -65.27
748.8 -65.76
749.2 -66.63
749.6 -65.03
750.0 -65.78
750.4 -65.85
750.8 -65.22
751.2 -65.44
751.6 -64.64
752.0 -65.45
752.4 -66.3
752.8 -65.38
753.2 -66.14
753.6 -66.69
754.0 -65.77
754.4 -66.19
754.8 -66.39
755.2 -65.48
755.6 -65.19
756.0 -66.06
756.4 -66.17
756.8 -65.17
757.2 -65.94
757.6 -64.98
758.0 -65.58
758.4 -64.97
758.8 -66.03
759.2 -65.56
759.6 -65.63
760.0 -64.92
760.4 -66.49
760.8 -65.89
761.2 -65.64
761.6 -66.78
762.0 -66.59
762.4 -66.18
762.8 -64.98
763.2 -65.42
763.6 -66.06
764.0 -65.38
764.4 -66.57
764.8 -65.11
765.2 -65.81
765.6 -65.81
766.0 -66.1
766.4 -65.29
766.8 -66.54
767.2 -65.45
767.6 -66.13
768.0 -66.2
768.4 -65.08
768.8 -66.31
769.2 -65.39
769.6 -65.81
770.0 -64.79
770.4 -65.16
770.8 -66.47
771.2 -65.55
771.6 -65.48
772.0 -65.65
772.4 -65.51
772.8 -65.9
773.2 -65.98
773.6 -66.33
774.0 -66.9
774.4 -66.28
774.8 -66.37
775.2 -65.67
775.6 -65.71
776.0 -66.36
776.4 -64.91
776.8 -66.4
777.2 -65.77
777.6 -66.19
778.0 -65.55
778.4 -65.91
778.8 -65.83
779.2 -66.06
779.6 -66.22
780.0 -65.75
780.4 -65.01
780.8 -64.98
781.2 -65.14
781.6 -65.26
782.0 -65.1
782.4 -64.94
782.8 -64.68
783.2 -64.99
783.6 -65.06
784.0 -66.27
784.4 -66.03
784.8 -65.37
785.2 -65.79
785.6 -65.72
786.0 -64.74
786.4 -65.97
786.8 -65.67
787.2 -64.79
787.6 -65.07
788.0 -65.46
788.4 -65.74
788.8 -64.81
789.2 -65.66
789.6 -64.78
790.0 -65.44
790.4 -64.68
790.8 -64.95
791.2 -66.1
791.6 -64.39
792.0 -64.79
792.4 -64.7
792.8 -65.22
793.2 -64.93
793.6 -64.28
794.0 -64.51
794.4 -65.55
794.8 -64.74
795.2 -65.55
795.6 -65.65
796.0 -64.79
796.4 -64.42
796.8 -64.7
797.2 -64.78
797.6 -65.09
798.0 -64.38
798.4 -64.89
798.8 -64.57
799.2 -64.8
799.6 -64.86
800.0 -64.07
800.4 -64.28
800.8 -65.44
801.2 -64.32
801.6 -64.29
802.0 -65.25
802.4 -64.57
802.8 -64.75
803.2 -64.44
803.6 -64.12
804.0 -64.7
804.4 -64.31
804.8 -64.28
805.2 -64.98
805.6 -63.49
806.0 -62.65
806.4 -60.78
806.8 -57.69
807.2 -53.93
807.6 -50.0
808.0 -48.66
808.4 -49.6
808.8 -50.42
809.2 -54.34
809.6 -60.97
810.0 -62.92
810.4 -63.81
810.8 -63.82
811.2 -63.63
811.6 -63.92
812.0 -64.42
812.4 -64.5
812.8 -64.11
813.2 -64.0
813.6 -63.77
814.0 -65.21
814.4 -64.76
814.8 -64.31
815.2 -64.15
815.6 -64.27
816.0 -64.08
816.4 -64.52
816.8 -64.18
817.2 -64.7
817.6 -64.77
818.0 -63.89
818.4 -64.19
818.8 -63.64
819.2 -64.68
819.6 -65.09
820.0 -64.25
820.4 -64.32
820.8 -64.19
821.2 -64.61
821.6 -64.57
822.0 -64.03
822.4 -64.25
822.8 -63.88
823.2 -64.15
823.6 -63.76
824.0 -64.8
824.4 -64.47
824.8 -64.64
825.2 -63.73
825.6 -64.04
826.0 -63.53
826.4 -64.47
826.8 -63.63
827.2 -64.4
827.6 -63.7
828.0 -63.57
828.4 -64.33
828.8 -64.41
829.2 -64.11
829.6 -64.14
830.0 -64.04
830.4 -64.55
830.8 -64.39
831.2 -63.83
831.6 -63.67
832.0 -63.92
832.4 -64.1
832.8 -64.42
833.2 -64.03
833.6 -64.17
834.0 -64.24
834.4 -63.62
834.8 -63.91
835.2 -63.44
835.6 -64.09
836.0 -64.16
836.4 -64.01
836.8 -64.01
837.2 -64.26
837.6 -64.07
838.0 -64.42
838.4 -64.11
838.8 -64.22
839.2 -64.49
839.6 -64.67
840.0 -63.86
840.4 -64.97
840.8 -64.01
841.2 -64.14
841.6 -64.45
842.0 -64.39
842.4 -64.65
842.8 -64.8
843.2 -64.54
843.6 -64.24
844.0 -64.67
844.4 -64.57
844.8 -65.16
845.2 -65.09
845.6 -64.68
846.0 -64.43
846.4 -64.84
846.8 -64.45
847.2 -64.78
847.6 -65.4
848.0 -64.67
848.4 -64.38
848.8 -65.18
849.2 -65.45
849.6 -65.08
850.0 -64.54
850.4 -65.17
850.8 -64.89
851.2 -65.18
851.6 -64.99
852.0 -64.5
852.4 -64.72
852.8 -65.32
853.2 -65.77
853.6 -64.64
854.0 -64.74
854.4 -65.06
854.8 -64.48
855.2 -65.11
855.6 -65.56
856.0 -65.81
856.4 -64.87
856.8 -64.82
857.2 -65.0
857.6 -64.34
858.0 -64.9
858.4 -65.13
858.8 -64.87
859.2 -65.65
859.6 -65.25
860.0 -64.24
860.4 -65.24
860.8 -64.83
861.2 -65.16
861.6 -64.84
862.0 -65.51
862.4 -64.77
862.8 -64.72
863.2 -65.45
863.6 -64.71
864.0 -65.63
864.4 -65.05
864.8 -65.19
865.2 -65.61
865.6 -64.99
866.0 -64.85
866.4 -64.48
866.8 -64.63
867.2 -65.67
867.6 -64.99
868.0 -64.25
868.4 -65.95
868.8 -65.17
869.2 -65.38
869.6 -65.07
870.0 -65.11
870.4 -65.03
870.8 -65.12
871.2 -65.27
871.6 -65.34
872.0 -64.56
872.4 -65.09
872.8 -65.6
873.2 -64.66
873.6 -64.78
874.0 -65.18
874.4 -65.14
874.8 -65.97
875.2 -64.98
875.6 -65.28
876.0 -64.77
876.4 -64.96
876.8 -64.95
877.2 -65.19
877.6 -64.68
878.0 -65.21
878.4 -65.65
878.8 -64.73
879.2 -65.63
879.6 -65.32
880.0 -65.34
880.4 -65.37
880.8 -65.77
881.2 -66.02
881.6 -65.65
882.0 -65.08
882.4 -65.12
882.8 -65.5
883.2 -65.2
883.6 -66.14
884.0 -64.12
884.4 -66.27
884.8 -65.27
885.2 -65.21
885.6 -65.19
886.0 -65.29
886.4 -65.27
886.8 -65.27
887.2 -66.22
887.6 -65.42
888.0 -65.39
888.4 -65.9
888.8 -65.15
889.2 -65.59
889.6 -64.85
890.0 -66.11
890.4 -65.27
890.8 -65.23
891.2 -65.28
891.6 -65.74
892.0 -65.46
892.4 -65.19
892.8 -64.72
893.2 -65.61
893.6 -64.89
894.0 -65.59
894.4 -65.48
894.8 -66.23
895.2 -65.9
895.6 -65.11
896.0 -65.82
896.4 -65.1
896.8 -64.98
897.2 -66.31
897.6 -65.37
898.0 -65.87
898.4 -65.46
898.8 -66.1
899.2 -65.26
899.6 -65.91
900.0 -65.95
900.4 -65.81
900.8 -65.76
901.2 -65.54
901.6 -65.83
902.0 -65.67
902.4 -65.68
902.8 -65.3
903.2 -65.39
903.6 -66.48
904.0 -66.32
904.4 -65.83
904.8 -65.93
905.2 -64.88
905.6 -65.35
906.0 -65.98
906.4 -65.61
906.8 -66.06
907.2 -66.26
907.6 -65.75
908.0 -66.4
908.4 -66.69
908.8 -66.07
909.2 -65.87
909.6 -66.71
910.0 -66.23
910.4 -65.77
910.8 -66.55
911.2 -66.18
911.6 -66.87
912.0 -65.64
912.4 -65.55
912.8 -65.54
913.2 -65.61
913.6 -66.13
914.0 -66.59
914.4 -66.34
914.8 -66.21
915.2 -66.0
915.6 -65.73
916.0 -66.48
916.4 -65.99
916.8 -66.63
917.2 -66.31
917.6 -66.42
918.0 -65.63
918.4 -66.24
918.8 -66.23
919.2 -66.33
919.6 -65.72
920.0 -66.97
920.4 -66.6
920.8 -65.83
921.2 -65.95
921.6 -66.35
922.0 -65.73
922.4 -66.17
922.8 -66.87
923.2 -66.76
923.6 -65.6
924.0 -67.22
924.4 -66.04
924.8 -66.9
925.2 -66.29
925.6 -66.23
926.0 -66.89
926.4 -66.55
926.8 -66.89
927.2 -66.14
927.6 -67.45
928.0 -65.62
928.4 -65.97
928.8 -66.09
929.2 -66.36
929.6 -66.05
930.0 -66.97
930.4 -66.09
930.8 -66.26
931.2 -66.05
931.6 -66.07
932.0 -66.4
932.4 -66.45
932.8 -66.63
933.2 -66.9
933.6 -66.54
934.0 -67.7
934.4 -67.36
934.8 -66.6
935.2 -67.43
935.6 -66.83
936.0 -67.53
936.4 -66.32
936.8 -66.94
937.2 -67.0
937.6 -67.31
938.0 -68.02
938.4 -67.9
938.8 -67.02
939.2 -67.55
939.6 -67.06
940.0 -67.37
940.4 -67.26
940.8 -66.84
941.2 -66.71
941.6 -67.65
942.0 -67.96
942.4 -66.99
942.8 -67.09
943.2 -66.81
943.6 -66.52
944.0 -67.89
944.4 -66.76
944.8 -66.73
945.2 -66.88
945.6 -67.96
946.0 -67.23
946.4 -66.85
946.8 -67.02
947.2 -67.25
947.6 -67.25
948.0 -66.38
948.4 -67.43
948.8 -66.78
949.2 -66.97
949.6 -67.19
950.0 -66.81
950.4 -67.03
950.8 -67.15
951.2 -67.72
951.6 -66.95
952.0 -67.93
952.4 -67.11
952.8 -66.51
953.2 -67.5
953.6 -67.62
954.0 -68.01
954.4 -67.67
954.8 -67.15
955.2 -67.36
955.6 -67.68
956.0 -66.89
956.4 -67.64
956.8 -67.25
957.2 -67.63
957.6 -67.24
958.0 -67.67
958.4 -67.72
958.8 -68.02
959.2 -66.43
959.6 -67.23
960.0 -67.23
960.4 -67.06
960.8 -66.85
961.2 -66.7
961.6 -66.96
962.0 -66.75
962.4 -67.18
962.8 -66.7
963.2 -66.16
963.6 -66.79
964.0 -66.63
964.4 -66.74
964.8 -66.91
965.2 -66.25
965.6 -66.56
966.0 -66.42
966.4 -66.45
966.8 -66.56
967.2 -66.55
967.6 -66.62
968.0 -66.82
968.4 -67.07
968.8 -66.45
969.2 -66.54
969.6 -67.34
970.0 -67.11
970.4 -67.12
970.8 -67.02
971.2 -66.82
971.6 -67.05
972.0 -66.34
972.4 -66.78
972.8 -67.1
973.2 -66.76
973.6 -66.87
974.0 -66.35
974.4 -66.95
974.8 -66.95
975.2 -66.79
975.6 -66.9
976.0 -67.26
976.4 -66.61
976.8 -66.79
977.2 -66.56
977.6 -66.57
978.0 -66.9
978.4 -66.57
978.8 -66.6
979.2 -66.48
979.6 -66.55
980.0 -66.5
980.4 -66.61
980.8 -66.53
981.2 -66.28
981.6 -66.3
982.0 -66.31
982.4 -66.44
982.8 -65.82
983.2 -65.87
983.6 -66.11
984.0 -65.73
984.4 -65.77
984.8 -65.59
985.2 -65.85
985.6 -65.28
986.0 -65.86
986.4 -65.66
986.8 -65.71
987.2 -65.45
987.6 -64.97
988.0 -65.41
988.4 -65.41
988.8 -65.4
989.2 -65.05
989.6 -65.16
990.0 -64.74
990.4 -64.78
990.8 -65.0
991.2 -64.82
991.6 -64.79
992.0 -64.95
992.4 -64.56
992.8 -64.68
993.2 -64.37
993.6 -64.68
994.0 -64.63
994.4 -64.15
994.8 -64.38
995.2 -64.44
995.6 -64.39
996.0 -64.16
996.4 -64.4
996.8 -64.26
997.2 -64.45
997.6 -64.43
998.0 -64.27
998.4 -63.96
998.8 -64.14
999.2 -64.33
999.6 -64.43
1000.0 -63.97
