600.0 -210.0
600.4 -70.54
600.8 -75.73
601.2 -210.0
601.6 -210.0
602.0 -69.35
602.4 -69.97
602.8 -210.0
603.2 -70.02
603.6 -72.06
604.0 -210.0
604.4 -210.0
604.8 -70.13
605.2 -71.91
605.6 -75.46
606.0 -77.54
606.4 -210.0
606.8 -70.6
607.2 -70.79
607.6 -75.08
608.0 -210.0
608.4 -210.0
608.8 -71.7
609.2 -210.0
609.6 -68.42
610.0 -70.63
610.4 -210.0
610.8 -74.41
611.2 -75.81
611.6 -81.87
612.0 -73.76
612.4 -210.0
612.8 -78.92
613.2 -76.51
613.6 -75.0
614.0 -210.0
614.4 -77.25
614.8 -82.06
615.2 -210.0
615.6 -71.13
616.0 -210.0
616.4 -210.0
616.8 -74.38
617.2 -73.16
617.6 -79.2
618.0 -210.0
618.4 -70.36
618.8 -72.74
619.2 -74.53
619.6 -69.11
620.0 -71.94
620.4 -72.17
620.8 -82.41
621.2 -78.46
621.6 -72.91
622.0 -74.03
622.4 -75.1
622.8 -70.77
623.2 -71.09
623.6 -67.96
624.0 -73.31
624.4 -210.0
624.8 -78.68
625.2 -75.7
625.6 -70.94
626.0 -72.96
626.4 -73.72
626.8 -74.66
627.2 -73.51
627.6 -69.82
628.0 -79.84
628.4 -71.27
628.8 -67.99
629.2 -71.02
629.6 -70.4
630.0 -76.96
630.4 -71.71
630.8 -71.91
631.2 -70.52
631.6 -70.55
632.0 -74.68
632.4 -75.04
632.8 -75.79
633.2 -71.61
633.6 -73.7
634.0 -69.13
634.4 -71.69
634.8 -69.36
635.2 -69.47
635.6 -68.92
636.0 -70.52
636.4 -69.22
636.8 -69.68
637.2 -68.26
637.6 -69.83
638.0 -68.95
638.4 -70.82
638.8 -68.32
639.2 -69.52
639.6 -71.65
640.0 -69.92
640.4 -69.07
640.8 -69.66
641.2 -70.31
641.6 -68.56
642.0 -70.29
642.4 -69.88
642.8 -67.8
643.2 -69.17
643.6 -68.14
644.0 -68.83
644.4 -68.33
644.8 -67.73
645.2 -67.29
645.6 -68.11
646.0 -70.2
646.4 -68.28
646.8 -69.03
647.2 -69.26
647.6 -68.34
648.0 -69.6
648.4 -68.41
648.8 -67.67
649.2 -69.5
649.6 -68.85
650.0 -66.93
650.4 -67.7
650.8 -66.41
651.2 -68.13
651.6 -67.29
652.0 -69.05
652.4 -68.77
652.8 -67.42
653.2 -67.03
653.6 -67.15
654.0 -68.61
654.4 -68.3
654.8 -67.09
655.2 -67.66
655.6 -66.62
656.0 -67.41
656.4 -68.69
656.8 -68.37
657.2 -68.04
657.6 -68.33
658.0 -67.38
658.4 -66.64
658.8 -67.86
659.2 -67.56
659.6 -67.12
660.0 -67.2
660.4 -66.83
660.8 -66.8
661.2 -67.01
661.6 -68.3
662.0 -67.7
662.4 -66.56
662.8 -66.8
663.2 -67.28
663.6 -66.87
664.0 -66.87
664.4 -66.69
664.8 -66.98
665.2 -66.62
665.6 -67.16
666.0 -66.39
666.4 -67.13
666.8 -66.42
667.2 -67.4
667.6 -67.57
668.0 -66.87
668.4 -67.16
668.8 -70.14
669.2 -66.62
669.6 -67.36
670.0 -66.58
670.4 -66.82
670.8 -66.57
671.2 -66.71
671.6 -67.51
672.0 -67.17
672.4 -67.45
672.8 -67.12
673.2 -66.23
673.6 -66.83
674.0 -66.34
674.4 -66.68
674.8 -66.7
675.2 -67.34
675.6 -66.74
676.0 -67.17
676.4 -66.66
676.8 -65.71
677.2 -66.19
677.6 -66.75
678.0 -66.43
678.4 -66.67
678.8 -67.03
679.2 -67.47
679.6 -67.3
680.0 -66.83
680.4 -66.62
680.8 -66.15
681.2 -66.71
681.6 -66.56
682.0 -66.48
682.4 -67.3
682.8 -66.24
683.2 -65.93
683.6 -66.97
684.0 -67.28
684.4 -66.1
684.8 -65.91
685.2 -65.87
685.6 -66.12
686.0 -65.69
686.4 -66.43
686.8 -66.03
687.2 -66.03
687.6 -66.31
688.0 -67.07
688.4 -66.76
688.8 -66.58
689.2 -66.26
689.6 -65.51
690.0 -66.35
690.4 -65.63
690.8 -65.43
691.2 -66.1
691.6 -67.48
692.0 -66.03
692.4 -65.92
692.8 -65.95
693.2 -65.85
693.6 -65.62
694.0 -66.94
694.4 -66.15
694.8 -65.92
695.2 -66.62
695.6 -65.85
696.0 -65.69
696.4 -66.42
696.8 -66.46
697.2 -66.17
697.6 -65.85
698.0 -65.63
698.4 -65.23
698.8 -66.29
699.2 -66.71
699.6 -66.35
700.0 -66.1
700.4 -66.26
700.8 -65.96
701.2 -65.5
701.6 -65.55
702.0 -65.63
702.4 -66.13
702.8 -66.58
703.2 -65.76
703.6 -66.05
704.0 -66.14
704.4 -65.14
704.8 -65.39
705.2 -66.09
705.6 -66.09
706.0 -65.23
706.4 -66.91
706.8 -65.22
707.2 -66.3
707.6 -65.52
708.0 -66.32
708.4 -65.13
708.8 -65.9
709.2 -66.56
709.6 -65.7
710.0 -66.08
710.4 -65.22
710.8 -65.81
711.2 -65.68
711.6 -66.38
712.0 -64.78
712.4 -66.03
712.8 -66.44
713.2 -64.87
713.6 -64.81
714.0 -66.08
714.4 -65.77
714.8 -65.77
715.2 -65.57
715.6 -65.51
716.0 -65.57
716.4 -66.08
716.8 -66.44
717.2 -66.18
717.6 -65.58
718.0 -65.3
718.4 -65.73
718.8 -65.44
719.2 -64.99
719.6 -65.95
720.0 -65.34
720.4 -65.84
720.8 -66.03
721.2 -65.54
721.6 -65.64
722.0 -65.41
722.4 -65.26
722.8 -65.06
723.2 -66.01
723.6 -66.05
724.0 -66.96
724.4 -65.54
724.8 -65.92
725.2 -65.57
725.6 -66.17
726.0 -65.49
726.4 -65.17
726.8 -66.64
727.2 -66.01
727.6 -66.01
728.0 -66.92
728.4 -66.59
728.8 -65.75
729.2 -64.89
729.6 -66.2
730.0 -65.87
730.4 -66.26
730.8 -65.6
731.2 -65.83
731.6 -66.77
732.0 -65.89
732.4 -64.7
732.8 -64.52
733.2 -65.27
733.6 -66.66
734.0 -65.27
734.4 -65.29
734.8 -65.41
735.2 -65.67
735.6 -66.07
736.0 -66.21
736.4 -66.28
736.8 -66.76
737.2 -66.63
737.6 -66.83
738.0 -66.12
738.4 -65.7
738.8 -65.73
739.2 -65.44
739.6 -65.86
740.0 -65.55
740.4 -66.44
740.8 -65.85
741.2 -66.16
741.6 -66.02
742.0 -65.61
742.4 -66.72
742.8 -65.9
743.2 -65.28
743.6 -65.73
744.0 -65.72
744.4 -66.14
744.8 -65.49
745.2 -65.36
745.6 -66.25
746.0 -66.13
746.4 -65.54
746.8 -65.88
747.2 -65.7
747.6 -65.38
748.0 -64.9
748.4 -65.79
748.8 -65.59
749.2 -65.62
749.6 -65.12
750.0 -66.29
750.4 -65.39
750.8 -66.24
751.2 -66.09
751.6 -65.24
752.0 -65.75
752.4 -66.46
752.8 -65.78
753.2 -65.47
753.6 -66.52
754.0 -65.6
754.4 -66.77
754.8 -65.97
755.2 -65.25
755.6 -66.55
756.0 -65.74
756.4 -66.66
756.8 -66.01
757.2 -66.96
757.6 -66.6
758.0 -65.51
758.4 -64.74
758.8 -66.03
759.2 -65.17
759.6 -65.91
760.0 -65.69
760.4 -65.52
760.8 -65.12
761.2 -64.83
761.6 -65.93
762.0 -65.36
762.4 -65.4
762.8 -66.33
763.2 -65.83
763.6 -68.05
764.0 -64.6
764.4 -65.61
764.8 -66.23
765.2 -65.47
765.6 -65.43
766.0 -65.66
766.4 -66.43
766.8 -66.21
767.2 -65.48
767.6 -65.94
768.0 -65.89
768.4 -66.28
768.8 -65.67
769.2 -66.4
769.6 -65.63
770.0 -64.62
770.4 -65.66
770.8 -65.99
771.2 -65.91
771.6 -65.28
772.0 -66.42
772.4 -66.55
772.8 -66.01
773.2 -65.72
773.6 -66.25
774.0 -65.82
774.4 -65.67
774.8 -65.6
775.2 -65.82
775.6 -66.8
776.0 -65.42
776.4 -65.63
776.8 -65.52
777.2 -65.39
777.6 -65.32
778.0 -65.15
778.4 -66.3
778.8 -65.48
779.2 -65.44
779.6 -65.02
780.0 -65.4
780.4 -66.21
780.8 -66.05
781.2 -65.17
781.6 -65.67
782.0 -65.46
782.4 -66.24
782.8 -65.67
783.2 -66.07
783.6 -65.28
784.0 -65.99
784.4 -65.45
784.8 -65.47
785.2 -65.34
785.6 -64.92
786.0 -66.14
786.4 -65.26
786.8 -64.79
787.2 -64.7
787.6 -64.16
788.0 -64.62
788.4 -65.09
788.8 -64.58
789.2 -65.77
789.6 -66.46
790.0 -64.92
790.4 -65.02
790.8 -65.55
791.2 -64.13
791.6 -65.64
792.0 -65.83
792.4 -64.23
792.8 -65.09
793.2 -65.0
793.6 -64.58
794.0 -64.83
794.4 -64.99
794.8 -64.86
795.2 -65.55
795.6 -65.2
796.0 -64.76
796.4 -64.1
796.8 -64.42
797.2 -64.52
797.6 -64.63
798.0 -65.22
798.4 -64.45
798.8 -64.54
799.2 -64.99
799.6 -64.77
800.0 -64.44
800.4 -64.42
800.8 -64.25
801.2 -64.86
801.6 -64.06
802.0 -64.34
802.4 -64.57
802.8 -64.61
803.2 -63.92
803.6 -64.07
804.0 -63.78
804.4 -65.44
804.8 -63.6
805.2 -63.98
805.6 -63.56
806.0 -63.09
806.4 -60.63
806.8 -57.61
807.2 -54.07
807.6 -50.1
808.0 -48.79
808.4 -49.68
808.8 -50.28
809.2 -54.42
809.6 -61.08
810.0 -63.68
810.4 -63.74
810.8 -63.24
811.2 -64.26
811.6 -63.73
812.0 -63.84
812.4 -64.47
812.8 -64.02
813.2 -63.72
813.6 -64.87
814.0 -63.73
814.4 -64.4
814.8 -64.13
815.2 -64.39
815.6 -64.29
816.0 -64.3
816.4 -64.34
816.8 -63.92
817.2 -64.67
817.6 -64.65
818.0 -64.6
818.4 -64.07
818.8 -65.27
819.2 -64.06
819.6 -64.26
820.0 -64.08
820.4 -63.7
820.8 -64.09
821.2 -64.45
821.6 -63.69
822.0 -64.58
822.4 -64.71
822.8 -63.7
823.2 -63.86
823.6 -64.72
824.0 -65.17
824.4 -64.52
824.8 -64.24
825.2 -64.27
825.6 -63.97
826.0 -64.18
826.4 -64.97
826.8 -64.18
827.2 -64.73
827.6 -64.57
828.0 -64.19
828.4 -64.57
828.8 -63.98
829.2 -64.38
829.6 -64.37
830.0 -64.15
830.4 -63.79
830.8 -64.12
831.2 -64.33
831.6 -64.68
832.0 -64.16
832.4 -64.27
832.8 -63.9
833.2 -63.54
833.6 -64.36
834.0 -63.95
834.4 -63.69
834.8 -64.39
835.2 -63.88
835.6 -63.78
836.0 -63.79
836.4 -63.97
836.8 -63.92
837.2 -64.47
837.6 -64.13
838.0 -64.06
838.4 -64.09
838.8 -64.42
839.2 -64.62
839.6 -64.09
840.0 -64.84
840.4 -64.23
840.8 -65.61
841.2 -64.1
841.6 -64.88
842.0 -64.27
842.4 -64.26
842.8 -64.34
843.2 -65.5
843.6 -64.76
844.0 -64.59
844.4 -64.78
844.8 -65.0
845.2 -64.53
845.6 -64.43
846.0 -65.31
846.4 -64.62
846.8 -64.21
847.2 -65.56
847.6 -64.81
848.0 -65.4
848.4 -64.99
848.8 -64.5
849.2 -64.78
849.6 -64.83
850.0 -64.73
850.4 -64.71
850.8 -64.82
851.2 -64.79
851.6 -64.83
852.0 -64.76
852.4 -65.43
852.8 -64.8
853.2 -64.82
853.6 -64.33
854.0 -64.92
854.4 -64.66
854.8 -65.11
855.2 -64.3
855.6 -65.18
856.0 -65.2
856.4 -64.45
856.8 -65.53
857.2 -65.29
857.6 -65.09
858.0 -64.75
858.4 -65.03
858.8 -64.96
859.2 -65.01
859.6 -64.78
860.0 -64.55
860.4 -65.3
860.8 -64.83
861.2 -65.6
861.6 -65.05
862.0 -65.46
862.4 -65.05
862.8 -65.07
863.2 -66.2
863.6 -64.84
864.0 -65.82
864.4 -64.97
864.8 -65.05
865.2 -65.01
865.6 -65.44
866.0 -64.67
866.4 -65.2
866.8 -65.68
867.2 -65.14
867.6 -65.12
868.0 -64.98
868.4 -65.11
868.8 -64.54
869.2 -64.63
869.6 -65.88
870.0 -65.58
870.4 -64.83
870.8 -65.15
871.2 -65.35
871.6 -65.44
872.0 -65.53
872.4 -65.57
872.8 -66.08
873.2 -65.59
873.6 -65.87
874.0 -65.69
874.4 -66.31
874.8 -66.07
875.2 -65.01
875.6 -64.87
876.0 -65.83
876.4 -64.77
876.8 -65.1
877.2 -66.06
877.6 -64.99
878.0 -65.26
878.4 -66.18
878.8 -66.41
879.2 -66.03
879.6 -65.84
880.0 -64.64
880.4 -65.89
880.8 -66.22
881.2 -64.9
881.6 -65.18
882.0 -66.22
882.4 -65.95
882.8 -64.94
883.2 -65.33
883.6 -65.67
884.0 -65.88
884.4 -65.3
884.8 -66.37
885.2 -65.21
885.6 -65.75
886.0 -65.6
886.4 -66.33
886.8 -65.24
887.2 -65.54
887.6 -65.68
888.0 -65.86
888.4 -66.25
888.8 -65.99
889.2 -65.15
889.6 -65.23
890.0 -65.89
890.4 -66.56
890.8 -66.05
891.2 -66.5
891.6 -64.8
892.0 -65.08
892.4 -66.06
892.8 -65.67
893.2 -65.2
893.6 -66.27
894.0 -65.57
894.4 -65.31
894.8 -66.26
895.2 -65.94
895.6 -65.43
896.0 -65.95
896.4 -65.91
896.8 -66.02
897.2 -65.43
897.6 -65.65
898.0 -65.25
898.4 -66.26
898.8 -66.04
899.2 -66.65
899.6 -65.5
900.0 -65.83
900.4 -66.53
900.8 -66.2
901.2 -65.95
901.6 -65.86
902.0 -65.84
902.4 -65.88
902.8 -65.74
903.2 -66.66
903.6 -66.62
904.0 -65.48
904.4 -66.5
904.8 -65.9
905.2 -66.45
905.6 -65.46
906.0 -65.55
906.4 -66.98
906.8 -66.45
907.2 -65.95
907.6 -67.23
908.0 -66.57
908.4 -65.8
908.8 -66.39
909.2 -65.43
909.6 -66.3
910.0 -66.66
910.4 -65.8
910.8 -66.42
911.2 -65.69
911.6 -66.59
912.0 -66.34
912.4 -66.26
912.8 -65.84
913.2 -66.17
913.6 -66.04
914.0 -66.62
914.4 -65.93
914.8 -65.89
915.2 -66.08
915.6 -66.12
916.0 -66.2
916.4 -66.86
916.8 -65.6
917.2 -66.19
917.6 -68.31
918.0 -65.48
918.4 -66.84
918.8 -66.99
919.2 -66.27
919.6 -66.35
920.0 -66.91
920.4 -66.89
920.8 -67.12
921.2 -66.33
921.6 -66.44
922.0 -65.73
922.4 -66.51
922.8 -66.36
923.2 -66.51
923.6 -67.03
924.0 -67.22
924.4 -66.85
924.8 -66.56
925.2 -66.23
925.6 -67.5
926.0 -67.42
926.4 -67.62
926.8 -67.6
927.2 -68.03
927.6 -66.71
928.0 -66.5
928.4 -66.84
928.8 -67.37
929.2 -67.66
929.6 -67.2
930.0 -68.0
930.4 -66.39
930.8 -67.6
931.2 -68.78
931.6 -66.96
932.0 -67.5
932.4 -67.55
932.8 -67.15
933.2 -67.05
933.6 -66.7
934.0 -67.4
934.4 -68.95
934.8 -67.38
935.2 -67.06
935.6 -67.26
936.0 -67.87
936.4 -67.79
936.8 -68.13
937.2 -67.57
937.6 -68.0
938.0 -67.3
938.4 -67.73
938.8 -66.91
939.2 -66.91
939.6 -68.95
940.0 -67.68
940.4 -66.98
940.8 -67.42
941.2 -67.96
941.6 -68.01
942.0 -68.49
942.4 -67.26
942.8 -68.11
943.2 -67.57
943.6 -67.87
944.0 -67.55
944.4 -66.78
944.8 -67.52
945.2 -67.13
945.6 -68.71
946.0 -68.73
946.4 -67.5
946.8 -68.78
947.2 -67.84
947.6 -67.43
948.0 -67.62
948.4 -67.14
948.8 -67.37
949.2 -67.4
949.6 -67.95
950.0 -68.31
950.4 -68.7
950.8 -67.56
951.2 -67.94
951.6 -68.87
952.0 -67.78
952.4 -67.26
952.8 -67.66
953.2 -68.1
953.6 -67.37
954.0 -67.87
954.4 -66.58
954.8 -67.93
955.2 -67.79
955.6 -67.43
956.0 -67.75
956.4 -68.18
956.8 -67.87
957.2 -67.6
957.6 -67.5
958.0 -67.82
958.4 -67.52
958.8 -68.51
959.2 -67.56
959.6 -67.9
960.0 -66.8
960.4 -67.71
960.8 -67.21
961.2 -66.7
961.6 -66.72
962.0 -67.25
962.4 -67.83
962.8 -66.88
963.2 -67.19
963.6 -67.83
964.0 -66.92
964.4 -67.68
964.8 -66.23
965.2 -66.93
965.6 -67.04
966.0 -66.45
966.4 -66.48
966.8 -67.22
967.2 -67.0
967.6 -67.27
968.0 -66.82
968.4 -66.62
968.8 -67.24
969.2 -67.08
969.6 -67.34
970.0 -67.57
970.4 -66.67
970.8 -67.0
971.2 -67.21
971.6 -67.48
972.0 -66.41
972.4 -66.5
972.8 -66.7
973.2 -66.9
973.6 -66.71
974.0 -67.4
974.4 -67.44
974.8 -66.8
975.2 -67.71
975.6 -67.19
976.0 -67.2
976.4 -66.68
976.8 -67.57
977.2 -66.76
977.6 -67.02
978.0 -66.46
978.4 -67.09
978.8 -66.67
979.2 -66.81
979.6 -66.97
980.0 -67.09
980.4 -66.63
980.8 -67.0
981.2 -66.52
981.6 -66.48
982.0 -66.89
982.4 -66.73
982.8 -66.17
983.2 -66.46
983.6 -66.23
984.0 -66.0
984.4 -65.97
984.8 -66.29
985.2 -65.97
985.6 -65.63
986.0 -65.94
986.4 -65.8
986.8 -65.66
987.2 -65.6
987.6 -65.79
988.0 -65.34
988.4 -65.84
988.8 -65.52
989.2 -65.35
989.6 -65.56
990.0 -65.43
990.4 -65.2
990.8 -65.09
991.2 -64.95
991.6 -65.23
992.0 -65.0
992.4 -64.78
992.8 -64.83
993.2 -64.69
993.6 -64.75
994.0 -64.37
994.4 -64.57
994.8 -64.36
995.2 -64.72
995.6 -64.63
996.0 -64.35
996.4 -64.64
996.8 -64.21
997.2 -64.27
997.6 -64.46
998.0 -64.36
998.4 -64.38
998.8 -64.29
999.2 -64.37
999.6 -64.26
1000.0 -64.2
