600.0 -210.0
600.4 -69.84
600.8 -210.0
601.2 -68.89
601.6 -71.23
602.0 -73.47
602.4 -69.37
602.8 -81.31
603.2 -210.0
603.6 -70.22
604.0 -79.62
604.4 -75.38
604.8 -70.83
605.2 -70.85
605.6 -74.5
606.0 -210.0
606.4 -72.78
606.8 -72.53
607.2 -210.0
607.6 -210.0
608.0 -210.0
608.4 -210.0
608.8 -210.0
609.2 -66.4
609.6 -210.0
610.0 -69.33
610.4 -210.0
610.8 -76.37
611.2 -71.84
611.6 -210.0
612.0 -77.11
612.4 -72.14
612.8 -210.0
613.2 -210.0
613.6 -210.0
614.0 -69.57
614.4 -210.0
614.8 -210.0
615.2 -76.05
615.6 -210.0
616.0 -210.0
616.4 -75.16
616.8 -70.55
617.2 -210.0
617.6 -71.61
618.0 -210.0
618.4 -71.66
618.8 -72.99
619.2 -71.01
619.6 -75.35
620.0 -71.22
620.4 -210.0
620.8 -74.28
621.2 -77.66
621.6 -77.01
622.0 -210.0
622.4 -73.47
622.8 -72.99
623.2 -69.65
623.6 -70.41
624.0 -80.84
624.4 -73.6
624.8 -74.2
625.2 -71.72
625.6 -73.41
626.0 -77.29
626.4 -70.99
626.8 -69.46
627.2 -72.81
627.6 -79.82
628.0 -79.84
628.4 -75.1
628.8 -71.77
629.2 -210.0
629.6 -71.99
630.0 -71.22
630.4 -210.0
630.8 -72.83
631.2 -83.08
631.6 -71.49
632.0 -79.16
632.4 -75.76
632.8 -72.59
633.2 -71.92
633.6 -76.71
634.0 -76.74
634.4 -74.85
634.8 -210.0
635.2 -72.95
635.6 -210.0
636.0 -81.66
636.4 -210.0
636.8 -77.46
637.2 -210.0
637.6 -71.93
638.0 -71.67
638.4 -75.48
638.8 -72.17
639.2 -70.44
639.6 -71.02
640.0 -72.76
640.4 -210.0
640.8 -70.48
641.2 -72.87
641.6 -86.89
642.0 -70.58
642.4 -71.51
642.8 -77.45
643.2 -82.25
643.6 -73.26
644.0 -69.46
644.4 -72.51
644.8 -73.75
645.2 -70.05
645.6 -70.09
646.0 -78.24
646.4 -72.13
646.8 -71.23
647.2 -73.96
647.6 -74.42
648.0 -75.15
648.4 -70.96
648.8 -70.46
649.2 -72.79
649.6 -70.79
650.0 -71.7
650.4 -73.64
650.8 -76.82
651.2 -72.31
651.6 -72.71
652.0 -70.55
652.4 -70.15
652.8 -72.58
653.2 -71.51
653.6 -74.22
654.0 -71.31
654.4 -69.94
654.8 -72.34
655.2 -69.08
655.6 -75.61
656.0 -70.34
656.4 -74.66
656.8 -69.88
657.2 -70.86
657.6 -69.97
658.0 -72.23
658.4 -70.04
658.8 -70.7
659.2 -70.13
659.6 -72.5
660.0 -70.45
660.4 -69.24
660.8 -70.06
661.2 -70.29
661.6 -70.54
662.0 -72.64
662.4 -73.38
662.8 -69.84
663.2 -73.07
663.6 -72.13
664.0 -71.26
664.4 -71.16
664.8 -68.35
665.2 -76.9
665.6 -69.57
666.0 -68.83
666.4 -70.21
666.8 -69.0
667.2 -70.88
667.6 -69.63
668.0 -69.5
668.4 -70.79
668.8 -73.22
669.2 -71.07
669.6 -68.5
670.0 -70.05
670.4 -69.49
670.8 -70.86
671.2 -71.05
671.6 -70.19
672.0 -69.15
672.4 -69.34
672.8 -74.23
673.2 -69.73
673.6 -70.5
674.0 -68.95
674.4 -68.61
674.8 -70.91
675.2 -68.24
675.6 -68.66
676.0 -68.23
676.4 -70.64
676.8 -72.56
677.2 -69.55
677.6 -71.18
678.0 -69.75
678.4 -70.62
678.8 -67.51
679.2 -69.89
679.6 -71.57
680.0 -70.86
680.4 -69.8
680.8 -69.45
681.2 -69.79
681.6 -68.37
682.0 -70.07
682.4 -68.86
682.8 -69.62
683.2 -69.69
683.6 -67.62
684.0 -69.47
684.4 -70.62
684.8 -68.28
685.2 -71.83
685.6 -69.32
686.0 -70.69
686.4 -68.31
686.8 -69.04
687.2 -69.04
687.6 -70.58
688.0 -68.68
688.4 -68.78
688.8 -67.56
689.2 -69.27
689.6 -68.83
690.0 -71.33
690.4 -68.81
690.8 -68.93
691.2 -69.11
691.6 -67.75
692.0 -70.8
692.4 -68.66
692.8 -69.49
693.2 -68.37
693.6 -70.33
694.0 -68.82
694.4 -68.04
694.8 -68.19
695.2 -67.55
695.6 -69.59
696.0 -69.81
696.4 -69.09
696.8 -69.03
697.2 -69.02
697.6 -69.15
698.0 -67.21
698.4 -67.83
698.8 -68.19
699.2 -70.5
699.6 -68.39
700.0 -67.72
700.4 -69.74
700.8 -68.32
701.2 -67.65
701.6 -70.47
702.0 -67.54
702.4 -69.56
702.8 -69.48
703.2 -68.01
703.6 -68.93
704.0 -67.08
704.4 -68.72
704.8 -68.26
705.2 -68.14
705.6 -67.4
706.0 -68.18
706.4 -68.51
706.8 -68.75
707.2 -68.27
707.6 -67.2
708.0 -67.84
708.4 -67.54
708.8 -69.11
709.2 -70.93
709.6 -69.46
710.0 -67.76
710.4 -68.07
710.8 -67.06
711.2 -67.9
711.6 -69.07
712.0 -68.16
712.4 -67.36
712.8 -68.15
713.2 -68.32
713.6 -67.72
714.0 -68.36
714.4 -66.94
714.8 -67.97
715.2 -68.71
715.6 -67.27
716.0 -68.83
716.4 -66.4
716.8 -66.75
717.2 -68.5
717.6 -68.75
718.0 -67.29
718.4 -68.2
718.8 -66.12
719.2 -68.48
719.6 -67.92
720.0 -67.09
720.4 -68.12
720.8 -67.21
721.2 -66.78
721.6 -67.45
722.0 -66.34
722.4 -67.63
722.8 -67.02
723.2 -66.68
723.6 -66.6
724.0 -67.01
724.4 -66.59
724.8 -67.86
725.2 -66.78
725.6 -67.75
726.0 -68.99
726.4 -66.38
726.8 -68.91
727.2 -67.48
727.6 -67.43
728.0 -66.67
728.4 -67.14
728.8 -67.27
729.2 -66.2
729.6 -66.87
730.0 -66.9
730.4 -67.12
730.8 -67.3
731.2 -67.44
731.6 -66.64
732.0 -67.01
732.4 -66.71
732.8 -68.17
733.2 -68.53
733.6 -67.57
734.0 -67.23
734.4 -66.53
734.8 -66.53
735.2 -66.65
735.6 -66.9
736.0 -67.86
736.4 -68.08
736.8 -67.02
737.2 -66.51
737.6 -67.33
738.0 -66.46
738.4 -66.46
738.8 -66.65
739.2 -67.0
739.6 -67.04
740.0 -67.72
740.4 -67.41
740.8 -68.1
741.2 -66.98
741.6 -66.98
742.0 -68.33
742.4 -67.26
742.8 -65.9
743.2 -67.49
743.6 -66.75
744.0 -68.83
744.4 -68.37
744.8 -66.57
745.2 -67.33
745.6 -67.95
746.0 -66.52
746.4 -66.25
746.8 -66.82
747.2 -66.85
747.6 -66.05
748.0 -68.74
748.4 -67.99
748.8 -67.21
749.2 -67.55
749.6 -66.93
750.0 -67.24
750.4 -66.66
750.8 -66.91
751.2 -66.86
751.6 -67.73
752.0 -66.98
752.4 -68.12
752.8 -66.53
753.2 -67.16
753.6 -66.13
754.0 -66.44
754.4 -66.04
754.8 -67.33
755.2 -67.32
755.6 -67.08
756.0 -66.41
756.4 -66.49
756.8 -67.35
757.2 -67.2
757.6 -67.19
758.0 -65.45
758.4 -66.42
758.8 -67.75
759.2 -66.29
759.6 -67.12
760.0 -67.31
760.4 -66.97
760.8 -66.31
761.2 -67.15
761.6 -66.08
762.0 -66.1
762.4 -66.72
762.8 -67.82
763.2 -67.93
763.6 -67.13
764.0 -65.44
764.4 -67.37
764.8 -66.48
765.2 -65.24
765.6 -65.4
766.0 -66.06
766.4 -65.7
766.8 -66.29
767.2 -67.19
767.6 -66.5
768.0 -66.24
768.4 -66.49
768.8 -66.19
769.2 -65.88
769.6 -66.52
770.0 -65.87
770.4 -66.6
770.8 -65.99
771.2 -65.84
771.6 -66.06
772.0 -66.33
772.4 -67.46
772.8 -66.13
773.2 -66.77
773.6 -66.68
774.0 -67.5
774.4 -67.9
774.8 -66.28
775.2 -67.4
775.6 -66.04
776.0 -66.66
776.4 -66.89
776.8 -65.49
777.2 -66.03
777.6 -66.7
778.0 -66.52
778.4 -66.69
778.8 -66.06
779.2 -65.91
779.6 -65.05
780.0 -65.9
780.4 -65.37
780.8 -66.42
781.2 -67.75
781.6 -65.07
782.0 -65.67
782.4 -66.28
782.8 -64.94
783.2 -66.85
783.6 -65.48
784.0 -66.03
784.4 -65.69
784.8 -64.92
785.2 -65.34
785.6 -65.2
786.0 -65.83
786.4 -66.3
786.8 -65.29
787.2 -65.93
787.6 -66.47
788.0 -66.34
788.4 -65.12
788.8 -65.96
789.2 -66.41
789.6 -65.96
790.0 -66.03
790.4 -65.34
790.8 -65.24
791.2 -65.79
791.6 -66.44
792.0 -65.79
792.4 -65.61
792.8 -65.42
793.2 -65.71
793.6 -64.87
794.0 -66.42
794.4 -65.73
794.8 -66.08
795.2 -65.66
795.6 -65.58
796.0 -66.41
796.4 -65.51
796.8 -65.44
797.2 -65.71
797.6 -65.16
798.0 -65.46
798.4 -66.09
798.8 -66.3
799.2 -65.28
799.6 -65.56
800.0 -65.55
800.4 -65.88
800.8 -65.04
801.2 -65.59
801.6 -65.02
802.0 -65.93
802.4 -66.34
802.8 -65.26
803.2 -65.19
803.6 -65.39
804.0 -65.23
804.4 -64.67
804.8 -64.82
805.2 -65.33
805.6 -65.11
806.0 -63.45
806.4 -61.59
806.8 -57.91
807.2 -54.31
807.6 -50.49
808.0 -49.09
808.4 -50.13
808.8 -50.6
809.2 -54.27
809.6 -61.58
810.0 -63.59
810.4 -64.44
810.8 -65.57
811.2 -64.53
811.6 -64.52
812.0 -65.88
812.4 -64.9
812.8 -64.76
813.2 -65.71
813.6 -65.09
814.0 -64.73
814.4 -66.44
814.8 -65.57
815.2 -65.23
815.6 -65.79
816.0 -65.55
816.4 -65.2
816.8 -64.98
817.2 -65.11
817.6 -64.2
818.0 -65.87
818.4 -65.73
818.8 -64.7
819.2 -65.58
819.6 -64.91
820.0 -65.95
820.4 -64.66
820.8 -65.66
821.2 -65.47
821.6 -65.27
822.0 -65.67
822.4 -65.39
822.8 -65.31
823.2 -65.65
823.6 -64.72
824.0 -64.83
824.4 -64.24
824.8 -66.13
825.2 -65.04
825.6 -65.14
826.0 -64.68
826.4 -65.45
826.8 -65.37
827.2 -65.14
827.6 -65.25
828.0 -65.44
828.4 -65.17
828.8 -64.46
829.2 -64.38
829.6 -64.69
830.0 -65.92
830.4 -64.63
830.8 -64.3
831.2 -65.1
831.6 -64.83
832.0 -64.47
832.4 -64.48
832.8 -64.82
833.2 -64.68
833.6 -64.73
834.0 -64.69
834.4 -64.21
834.8 -63.82
835.2 -63.85
835.6 -64.13
836.0 -63.68
836.4 -64.78
836.8 -63.48
837.2 -63.83
837.6 -64.23
838.0 -64.12
838.4 -64.37
838.8 -64.28
839.2 -64.31
839.6 -64.83
840.0 -64.01
840.4 -64.33
840.8 -64.88
841.2 -64.16
841.6 -64.35
842.0 -64.19
842.4 -64.13
842.8 -64.57
843.2 -64.44
843.6 -64.36
844.0 -63.96
844.4 -64.26
844.8 -64.1
845.2 -63.79
845.6 -63.79
846.0 -63.55
846.4 -64.1
846.8 -63.75
847.2 -63.69
847.6 -64.07
848.0 -63.81
848.4 -63.78
848.8 -63.52
849.2 -65.18
849.6 -63.47
850.0 -63.55
850.4 -63.88
850.8 -64.06
851.2 -63.81
851.6 -63.55
852.0 -64.01
852.4 -63.6
852.8 -63.71
853.2 -63.1
853.6 -63.82
854.0 -63.58
854.4 -63.77
854.8 -63.55
855.2 -63.72
855.6 -63.39
856.0 -63.93
856.4 -63.47
856.8 -63.76
857.2 -63.65
857.6 -63.79
858.0 -63.46
858.4 -63.87
858.8 -63.16
859.2 -63.67
859.6 -63.76
860.0 -63.14
860.4 -63.15
860.8 -63.24
861.2 -63.65
861.6 -63.36
862.0 -63.21
862.4 -62.78
862.8 -63.31
863.2 -63.41
863.6 -63.1
864.0 -63.21
864.4 -63.17
864.8 -63.0
865.2 -63.09
865.6 -62.93
866.0 -62.96
866.4 -62.76
866.8 -63.31
867.2 -63.25
867.6 -62.8
868.0 -62.99
868.4 -62.76
868.8 -63.08
869.2 -62.95
869.6 -62.95
870.0 -62.8
870.4 -62.76
870.8 -63.42
871.2 -63.02
871.6 -62.73
872.0 -63.44
872.4 -62.97
872.8 -62.69
873.2 -62.65
873.6 -62.61
874.0 -63.09
874.4 -62.84
874.8 -62.71
875.2 -62.68
875.6 -62.7
876.0 -62.53
876.4 -62.47
876.8 -62.46
877.2 -62.74
877.6 -62.58
878.0 -62.5
878.4 -62.49
878.8 -62.46
879.2 -62.41
879.6 -62.4
880.0 -62.33
880.4 -62.46
880.8 -62.88
881.2 -62.46
881.6 -62.29
882.0 -62.85
882.4 -62.43
882.8 -62.27
883.2 -62.84
883.6 -62.47
884.0 -62.17
884.4 -62.2
884.8 -62.02
885.2 -62.59
885.6 -62.73
886.0 -62.24
886.4 -62.34
886.8 -62.7
887.2 -62.44
887.6 -62.41
888.0 -62.37
888.4 -62.22
888.8 -62.31
889.2 -61.96
889.6 -62.3
890.0 -62.22
890.4 -62.13
890.8 -62.05
891.2 -61.75
891.6 -62.17
892.0 -61.62
892.4 -62.19
892.8 -61.75
893.2 -62.21
893.6 -62.17
894.0 -62.66
894.4 -62.5
894.8 -62.05
895.2 -62.25
895.6 -62.08
896.0 -61.93
896.4 -61.72
896.8 -61.88
897.2 -61.61
897.6 -61.87
898.0 -61.88
898.4 -61.95
898.8 -61.52
899.2 -62.12
899.6 -61.72
900.0 -61.83
900.4 -61.94
900.8 -62.02
901.2 -61.94
901.6 -61.97
902.0 -61.53
902.4 -61.98
902.8 -61.82
903.2 -61.89
903.6 -62.08
904.0 -61.86
904.4 -61.78
904.8 -61.83
905.2 -61.89
905.6 -61.72
906.0 -61.56
906.4 -61.81
906.8 -61.55
907.2 -61.63
907.6 -61.49
908.0 -61.87
908.4 -61.74
908.8 -61.64
909.2 -61.67
909.6 -61.62
910.0 -61.62
910.4 -61.67
910.8 -61.57
911.2 -61.4
911.6 -61.43
912.0 -61.24
912.4 -61.21
912.8 -61.22
913.2 -61.34
913.6 -61.54
914.0 -61.29
914.4 -61.18
914.8 -61.41
915.2 -61.27
915.6 -61.39
916.0 -61.32
916.4 -61.0
916.8 -61.16
917.2 -61.19
917.6 -61.24
918.0 -61.3
918.4 -61.13
918.8 -61.03
919.2 -61.15
919.6 -60.95
920.0 -61.21
920.4 -61.0
920.8 -61.17
921.2 -61.26
921.6 -61.01
922.0 -61.01
922.4 -60.63
922.8 -61.02
923.2 -60.97
923.6 -60.8
924.0 -60.82
924.4 -60.98
924.8 -61.05
925.2 -60.6
925.6 -60.91
926.0 -60.71
926.4 -60.9
926.8 -60.56
927.2 -60.64
927.6 -60.68
928.0 -60.76
928.4 -60.51
928.8 -60.71
929.2 -60.64
929.6 -60.57
930.0 -60.3
930.4 -60.41
930.8 -60.59
931.2 -60.4
931.6 -60.42
932.0 -60.44
932.4 -60.48
932.8 -60.52
933.2 -60.67
933.6 -60.25
934.0 -60.59
934.4 -60.39
934.8 -60.33
935.2 -60.5
935.6 -60.71
936.0 -60.47
936.4 -60.5
936.8 -60.56
937.2 -60.52
937.6 -60.4
938.0 -60.73
938.4 -60.19
938.8 -60.43
939.2 -60.59
939.6 -60.37
940.0 -60.28
940.4 -60.56
940.8 -60.37
941.2 -60.14
941.6 -60.28
942.0 -60.16
942.4 -60.36
942.8 -60.37
943.2 -60.22
943.6 -60.23
944.0 -60.21
944.4 -60.05
944.8 -60.0
945.2 -60.05
945.6 -60.15
946.0 -60.29
946.4 -60.01
946.8 -59.98
947.2 -60.15
947.6 -59.97
948.0 -59.99
948.4 -60.01
948.8 -60.08
949.2 -59.95
949.6 -60.14
950.0 -60.2
950.4 -59.96
950.8 -60.07
951.2 -60.04
951.6 -59.96
952.0 -59.97
952.4 -60.0
952.8 -60.0
953.2 -60.19
953.6 -60.05
954.0 -60.11
954.4 -60.14
954.8 -60.12
955.2 -60.13
955.6 -60.16
956.0 -60.04
956.4 -59.97
956.8 -59.95
957.2 -60.02
957.6 -59.96
958.0 -59.96
958.4 -59.86
958.8 -59.98
959.2 -59.74
959.6 -59.95
960.0 -59.93
960.4 -59.89
960.8 -59.73
961.2 -59.74
961.6 -59.69
962.0 -59.77
962.4 -59.76
962.8 -59.62
963.2 -59.72
963.6 -59.72
964.0 -59.52
964.4 -59.45
964.8 -59.38
965.2 -59.56
965.6 -59.29
966.0 -59.41
966.4 -59.44
966.8 -59.64
967.2 -59.54
967.6 -59.52
968.0 -59.65
968.4 -59.44
968.8 -59.47
969.2 -59.53
969.6 -59.54
970.0 -59.46
970.4 -59.51
970.8 -59.42
971.2 -59.5
971.6 -59.61
972.0 -59.57
972.4 -59.58
972.8 -59.5
973.2 -59.49
973.6 -59.68
974.0 -59.62
974.4 -59.57
974.8 -59.66
975.2 -59.62
975.6 -59.55
976.0 -59.72
976.4 -59.61
976.8 -59.81
977.2 -59.89
977.6 -59.77
978.0 -59.84
978.4 -59.83
978.8 -59.8
979.2 -59.82
979.6 -59.86
980.0 -59.84
980.4 -59.88
980.8 -59.74
981.2 -59.69
981.6 -59.69
982.0 -59.73
982.4 -59.61
982.8 -59.52
983.2 -59.32
983.6 -59.32
984.0 -59.27
984.4 -59.26
984.8 -59.45
985.2 -59.22
985.6 -59.13
986.0 -59.1
986.4 -59.04
986.8 -59.0
987.2 -59.07
987.6 -59.02
988.0 -59.1
988.4 -58.79
988.8 -58.93
989.2 -58.83
989.6 -58.83
990.0 -58.86
990.4 -58.77
990.8 -58.78
991.2 -58.78
991.6 -58.78
992.0 -58.7
992.4 -58.73
992.8 -58.63
993.2 -58.72
993.6 -58.71
994.0 -58.71
994.4 -58.59
994.8 -58.57
995.2 -58.8
995.6 -58.68
996.0 -58.68
996.4 -58.73
996.8 -58.84
997.2 -58.69
997.6 -58.76
998.0 -58.69
998.4 -58.73
998.8 -58.88
999.2 -58.91
999.6 -58.93
1000.0 -59.02
