600.0 -72.67
600.4 -73.36
600.8 -210.0
601.2 -71.2
601.6 -210.0
602.0 -76.48
602.4 -79.51
602.8 -73.9
603.2 -210.0
603.6 -69.89
604.0 -81.39
604.4 -76.63
604.8 -210.0
605.2 -210.0
605.6 -210.0
606.0 -71.74
606.4 -70.4
606.8 -73.78
607.2 -75.05
607.6 -75.59
608.0 -81.65
608.4 -210.0
608.8 -78.68
609.2 -75.69
609.6 -210.0
610.0 -78.75
610.4 -210.0
610.8 -210.0
611.2 -75.81
611.6 -210.0
612.0 -71.47
612.4 -77.14
612.8 -210.0
613.2 -68.84
613.6 -210.0
614.0 -78.99
614.4 -74.62
614.8 -210.0
615.2 -210.0
615.6 -76.65
616.0 -76.68
616.4 -71.18
616.8 -210.0
617.2 -210.0
617.6 -74.09
618.0 -74.84
618.4 -210.0
618.8 -76.26
619.2 -210.0
619.6 -75.35
620.0 -210.0
620.4 -71.78
620.8 -76.38
621.2 -73.4
621.6 -210.0
622.0 -70.05
622.4 -71.2
622.8 -75.13
623.2 -210.0
623.6 -210.0
624.0 -210.0
624.4 -74.18
624.8 -210.0
625.2 -72.47
625.6 -210.0
626.0 -210.0
626.4 -210.0
626.8 -79.77
627.2 -210.0
627.6 -210.0
628.0 -210.0
628.4 -210.0
628.8 -73.13
629.2 -210.0
629.6 -85.97
630.0 -70.68
630.4 -210.0
630.8 -210.0
631.2 -210.0
631.6 -210.0
632.0 -210.0
632.4 -210.0
632.8 -80.18
633.2 -73.68
633.6 -210.0
634.0 -75.15
634.4 -75.52
634.8 -83.34
635.2 -79.39
635.6 -80.38
636.0 -210.0
636.4 -71.55
636.8 -210.0
637.2 -76.11
637.6 -78.1
638.0 -210.0
638.4 -210.0
638.8 -210.0
639.2 -76.68
639.6 -75.24
640.0 -74.97
640.4 -72.3
640.8 -78.36
641.2 -210.0
641.6 -83.88
642.0 -210.0
642.4 -80.93
642.8 -72.85
643.2 -82.25
643.6 -75.6
644.0 -84.09
644.4 -74.83
644.8 -210.0
645.2 -71.41
645.6 -73.63
646.0 -81.25
646.4 -72.4
646.8 -80.37
647.2 -210.0
647.6 -73.62
648.0 -72.4
648.4 -74.07
648.8 -70.63
649.2 -210.0
649.6 -79.82
650.0 -81.59
650.4 -76.15
650.8 -210.0
651.2 -210.0
651.6 -75.07
652.0 -75.86
652.4 -210.0
652.8 -76.5
653.2 -73.32
653.6 -73.67
654.0 -75.34
654.4 -76.18
654.8 -73.51
655.2 -73.85
655.6 -72.74
656.0 -210.0
656.4 -75.11
656.8 -72.22
657.2 -72.76
657.6 -73.53
658.0 -73.87
658.4 -75.91
658.8 -78.65
659.2 -70.61
659.6 -73.21
660.0 -79.24
660.4 -72.13
660.8 -210.0
661.2 -210.0
661.6 -87.7
662.0 -72.38
662.4 -74.27
662.8 -72.64
663.2 -75.93
663.6 -73.22
664.0 -77.7
664.4 -73.72
664.8 -84.69
665.2 -72.64
665.6 -210.0
666.0 -79.24
666.4 -72.38
666.8 -73.55
667.2 -210.0
667.6 -74.69
668.0 -79.24
668.4 -75.65
668.8 -210.0
669.2 -210.0
669.6 -77.7
670.0 -79.23
670.4 -76.89
670.8 -72.11
671.2 -76.21
671.6 -75.63
672.0 -75.9
672.4 -72.61
672.8 -210.0
673.2 -73.51
673.6 -210.0
674.0 -78.61
674.4 -72.46
674.8 -82.86
675.2 -78.6
675.6 -210.0
676.0 -76.49
676.4 -74.01
676.8 -75.57
677.2 -73.47
677.6 -72.3
678.0 -73.63
678.4 -210.0
678.8 -76.13
679.2 -75.29
679.6 -210.0
680.0 -73.27
680.4 -77.59
680.8 -78.54
681.2 -77.58
681.6 -73.42
682.0 -82.78
682.4 -87.56
682.8 -75.5
683.2 -84.54
683.6 -74.53
684.0 -72.35
684.4 -79.74
684.8 -72.21
685.2 -73.37
685.6 -78.48
686.0 -84.5
686.4 -71.71
686.8 -73.69
687.2 -210.0
687.6 -74.26
688.0 -77.49
688.4 -70.94
688.8 -75.71
689.2 -210.0
689.6 -81.44
690.0 -71.43
690.4 -72.39
690.8 -78.41
691.2 -77.44
691.6 -76.3
692.0 -78.39
692.4 -74.63
692.8 -210.0
693.2 -75.94
693.6 -73.26
694.0 -78.36
694.4 -73.41
694.8 -210.0
695.2 -73.76
695.6 -72.32
696.0 -82.59
696.4 -75.31
696.8 -75.89
697.2 -72.43
697.6 -82.57
698.0 -73.19
698.4 -78.29
698.8 -73.9
699.2 -82.54
699.6 -76.18
700.0 -77.76
700.4 -210.0
700.8 -75.83
701.2 -75.82
701.6 -78.83
702.0 -74.05
702.4 -73.46
702.8 -76.85
703.2 -73.64
703.6 -71.46
704.0 -76.11
704.4 -73.62
704.8 -73.81
705.2 -72.17
705.6 -81.2
706.0 -71.9
706.4 -76.07
706.8 -71.76
707.2 -70.66
707.6 -74.64
708.0 -73.57
708.4 -210.0
708.8 -69.47
709.2 -78.13
709.6 -78.13
710.0 -80.17
710.4 -210.0
710.8 -71.7
711.2 -71.96
711.6 -73.16
712.0 -76.72
712.4 -70.7
712.8 -72.81
713.2 -72.98
713.6 -210.0
714.0 -72.49
714.4 -73.3
714.8 -78.07
715.2 -72.04
715.6 -75.96
716.0 -75.33
716.4 -71.52
716.8 -210.0
717.2 -74.52
717.6 -71.76
718.0 -71.75
718.4 -72.92
718.8 -210.0
719.2 -73.25
719.6 -77.51
720.0 -69.12
720.4 -73.62
720.8 -74.03
721.2 -210.0
721.6 -71.24
722.0 -74.24
722.4 -81.0
722.8 -70.78
723.2 -72.1
723.6 -77.98
724.0 -71.69
724.4 -75.24
724.8 -73.57
725.2 -70.27
725.6 -73.99
726.0 -72.36
726.4 -79.2
726.8 -70.85
727.2 -210.0
727.6 -71.41
728.0 -70.94
728.4 -72.82
728.8 -77.92
729.2 -76.96
729.6 -72.81
730.0 -83.94
730.4 -210.0
730.8 -74.15
731.2 -73.13
731.6 -72.31
732.0 -74.14
732.4 -74.37
732.8 -71.61
733.2 -78.46
733.6 -76.12
734.0 -70.89
734.4 -71.22
734.8 -74.6
735.2 -74.6
735.6 -73.28
736.0 -210.0
736.4 -69.25
736.8 -76.89
737.2 -76.47
737.6 -70.34
738.0 -69.72
738.4 -73.45
738.8 -75.73
739.2 -69.88
739.6 -70.53
740.0 -73.43
740.4 -74.81
740.8 -75.72
741.2 -71.28
741.6 -73.23
742.0 -71.4
742.4 -70.72
742.8 -73.41
743.2 -77.8
743.6 -70.5
744.0 -74.78
744.4 -71.14
744.8 -72.35
745.2 -72.85
745.6 -73.2
746.0 -72.34
746.4 -73.81
746.8 -73.2
747.2 -71.24
747.6 -86.81
748.0 -69.48
748.4 -71.23
748.8 -74.01
749.2 -72.99
749.6 -70.46
750.0 -71.6
750.4 -70.16
750.8 -70.24
751.2 -70.54
751.6 -73.76
752.0 -71.44
752.4 -71.19
752.8 -71.97
753.2 -71.43
753.6 -71.17
754.0 -68.61
754.4 -210.0
754.8 -73.11
755.2 -70.48
755.6 -210.0
756.0 -69.22
756.4 -72.73
756.8 -80.67
757.2 -80.67
757.6 -71.91
758.0 -77.14
758.4 -73.06
758.8 -71.9
759.2 -71.22
759.6 -70.64
760.0 -71.6
760.4 -71.34
760.8 -75.51
761.2 -69.92
761.6 -210.0
762.0 -72.66
762.4 -69.56
762.8 -70.0
763.2 -73.01
763.6 -75.49
764.0 -70.7
764.4 -210.0
764.8 -72.99
765.2 -69.28
765.6 -74.84
766.0 -69.52
766.4 -73.59
766.8 -74.03
767.2 -68.07
767.6 -75.12
768.0 -71.52
768.4 -71.01
768.8 -72.09
769.2 -70.65
769.6 -69.94
770.0 -73.55
770.4 -71.78
770.8 -69.65
771.2 -74.51
771.6 -69.83
772.0 -75.75
772.4 -73.12
772.8 -70.42
773.2 -69.73
773.6 -70.63
774.0 -70.41
774.4 -73.11
774.8 -71.62
775.2 -70.2
775.6 -75.74
776.0 -72.38
776.4 -75.73
776.8 -70.29
777.2 -71.08
777.6 -74.22
778.0 -71.07
778.4 -78.73
778.8 -72.54
779.2 -69.7
779.6 -70.49
780.0 -71.88
780.4 -73.08
780.8 -69.18
781.2 -70.38
781.6 -71.58
782.0 -73.27
782.4 -74.45
782.8 -71.31
783.2 -71.86
783.6 -69.95
784.0 -70.8
784.4 -71.3
784.8 -80.45
785.2 -73.05
785.6 -74.43
786.0 -72.86
786.4 -70.67
786.8 -73.91
787.2 -70.9
787.6 -71.99
788.0 -73.04
788.4 -210.0
788.8 -70.22
789.2 -71.4
789.6 -74.41
790.0 -71.26
790.4 -73.44
790.8 -71.39
791.2 -69.28
791.6 -68.95
792.0 -71.25
792.4 -69.62
792.8 -74.12
793.2 -69.61
793.6 -69.89
794.0 -73.86
794.4 -72.8
794.8 -71.5
795.2 -70.08
795.6 -70.84
796.0 -72.26
796.4 -69.78
796.8 -71.93
797.2 -68.61
797.6 -69.86
798.0 -69.86
798.4 -71.33
798.8 -70.59
799.2 -68.9
799.6 -72.58
800.0 -70.35
800.4 -69.84
800.8 -71.6
801.2 -70.59
801.6 -68.98
802.0 -70.59
802.4 -71.2
802.8 -68.2
803.2 -70.83
803.6 -69.86
804.0 -72.09
804.4 -79.42
804.8 -71.09
805.2 -69.97
805.6 -76.87
806.0 -68.09
806.4 -66.97
806.8 -62.25
807.2 -58.2
807.6 -54.4
808.0 -52.73
808.4 -53.82
808.8 -54.52
809.2 -58.19
809.6 -65.68
810.0 -69.72
810.4 -71.68
810.8 -68.68
811.2 -71.28
811.6 -69.85
812.0 -70.57
812.4 -70.92
812.8 -69.96
813.2 -71.06
813.6 -70.72
814.0 -71.2
814.4 -71.75
814.8 -71.76
815.2 -70.1
815.6 -70.42
816.0 -68.7
816.4 -73.78
816.8 -70.13
817.2 -70.14
817.6 -72.97
818.0 -70.15
818.4 -73.37
818.8 -72.8
819.2 -74.06
819.6 -71.43
820.0 -69.56
820.4 -72.84
820.8 -70.43
821.2 -69.43
821.6 -70.46
822.0 -70.27
822.4 -78.27
822.8 -71.55
823.2 -70.52
823.6 -76.35
824.0 -70.99
824.4 -70.36
824.8 -72.67
825.2 -70.49
825.6 -70.22
826.0 -71.54
826.4 -69.09
826.8 -70.56
827.2 -71.22
827.6 -69.6
828.0 -70.03
828.4 -70.72
828.8 -71.78
829.2 -68.92
829.6 -68.8
830.0 -71.23
830.4 -71.03
830.8 -69.3
831.2 -71.43
831.6 -70.8
832.0 -68.59
832.4 -71.07
832.8 -68.09
833.2 -70.92
833.6 -68.31
834.0 -70.59
834.4 -69.28
834.8 -71.58
835.2 -70.78
835.6 -70.19
836.0 -68.6
836.4 -72.31
836.8 -72.6
837.2 -70.22
837.6 -69.94
838.0 -70.79
838.4 -69.78
838.8 -70.51
839.2 -68.61
839.6 -69.8
840.0 -71.5
840.4 -70.92
840.8 -71.94
841.2 -72.68
841.6 -69.28
842.0 -70.92
842.4 -69.53
842.8 -69.87
843.2 -72.41
843.6 -69.66
844.0 -67.68
844.4 -69.53
844.8 -69.39
845.2 -71.28
845.6 -69.45
846.0 -68.03
846.4 -70.39
846.8 -68.96
847.2 -71.27
847.6 -68.84
848.0 -71.91
848.4 -70.89
848.8 -68.84
849.2 -68.67
849.6 -68.21
850.0 -69.37
850.4 -70.71
850.8 -69.43
851.2 -71.06
851.6 -69.36
852.0 -70.87
852.4 -69.76
852.8 -69.35
853.2 -71.14
853.6 -68.75
854.0 -68.8
854.4 -69.21
854.8 -68.17
855.2 -70.42
855.6 -67.92
856.0 -67.88
856.4 -67.83
856.8 -70.25
857.2 -68.61
857.6 -69.26
858.0 -68.35
858.4 -68.83
858.8 -68.14
859.2 -68.0
859.6 -69.0
860.0 -68.23
860.4 -67.89
860.8 -67.62
861.2 -69.29
861.6 -67.78
862.0 -68.16
862.4 -68.85
862.8 -69.02
863.2 -68.9
863.6 -68.5
864.0 -68.55
864.4 -69.12
864.8 -68.23
865.2 -67.98
865.6 -68.12
866.0 -68.59
866.4 -68.21
866.8 -69.36
867.2 -68.3
867.6 -67.13
868.0 -70.05
868.4 -67.67
868.8 -67.19
869.2 -69.4
869.6 -66.96
870.0 -69.19
870.4 -68.16
870.8 -68.11
871.2 -67.16
871.6 -68.4
872.0 -68.35
872.4 -68.23
872.8 -68.9
873.2 -68.22
873.6 -68.48
874.0 -67.24
874.4 -67.95
874.8 -68.68
875.2 -67.39
875.6 -68.5
876.0 -67.33
876.4 -68.61
876.8 -67.45
877.2 -67.02
877.6 -67.9
878.0 -70.48
878.4 -68.09
878.8 -70.94
879.2 -67.03
879.6 -67.82
880.0 -67.72
880.4 -67.31
880.8 -67.72
881.2 -69.03
881.6 -68.78
882.0 -67.23
882.4 -67.95
882.8 -67.76
883.2 -67.39
883.6 -67.39
884.0 -68.42
884.4 -67.22
884.8 -69.78
885.2 -67.12
885.6 -67.38
886.0 -68.41
886.4 -68.95
886.8 -69.63
887.2 -69.69
887.6 -66.99
888.0 -70.6
888.4 -67.41
888.8 -67.64
889.2 -67.88
889.6 -68.63
890.0 -68.86
890.4 -68.62
890.8 -70.34
891.2 -68.63
891.6 -69.26
892.0 -68.3
892.4 -68.04
892.8 -68.31
893.2 -68.96
893.6 -68.05
894.0 -67.91
894.4 -69.8
894.8 -68.61
895.2 -69.04
895.6 -68.44
896.0 -68.24
896.4 -69.25
896.8 -70.23
897.2 -67.34
897.6 -69.9
898.0 -68.15
898.4 -68.64
898.8 -68.77
899.2 -67.58
899.6 -67.54
900.0 -68.38
900.4 -70.02
900.8 -67.44
901.2 -68.99
901.6 -67.81
902.0 -67.63
902.4 -67.69
902.8 -68.34
903.2 -68.29
903.6 -67.32
904.0 -68.52
904.4 -68.37
904.8 -68.71
905.2 -69.2
905.6 -69.67
906.0 -66.82
906.4 -68.57
906.8 -67.47
907.2 -68.48
907.6 -66.88
908.0 -68.13
908.4 -68.72
908.8 -70.11
909.2 -67.11
909.6 -68.26
910.0 -67.71
910.4 -68.72
910.8 -68.57
911.2 -67.81
911.6 -68.83
912.0 -69.38
912.4 -67.27
912.8 -66.71
913.2 -69.18
913.6 -68.23
914.0 -68.76
914.4 -67.51
914.8 -68.53
915.2 -67.89
915.6 -68.31
916.0 -67.88
916.4 -67.94
916.8 -68.82
917.2 -69.41
917.6 -69.19
918.0 -68.61
918.4 -68.73
918.8 -67.83
919.2 -68.37
919.6 -69.57
920.0 -70.89
920.4 -70.21
920.8 -69.05
921.2 -68.55
921.6 -68.53
922.0 -69.44
922.4 -70.67
922.8 -68.35
923.2 -69.1
923.6 -68.47
924.0 -69.71
924.4 -69.67
924.8 -69.02
925.2 -69.3
925.6 -70.3
926.0 -69.8
926.4 -68.79
926.8 -68.72
927.2 -69.67
927.6 -70.26
928.0 -70.41
928.4 -70.87
928.8 -68.32
929.2 -68.54
929.6 -71.23
930.0 -69.3
930.4 -68.74
930.8 -70.83
931.2 -69.75
931.6 -68.32
932.0 -68.87
932.4 -70.36
932.8 -68.91
933.2 -69.08
933.6 -70.9
934.0 -69.78
934.4 -69.14
934.8 -70.23
935.2 -68.16
935.6 -68.37
936.0 -70.68
936.4 -70.5
936.8 -70.58
937.2 -69.58
937.6 -70.32
938.0 -70.46
938.4 -69.9
938.8 -71.32
939.2 -69.24
939.6 -69.91
940.0 -70.44
940.4 -70.72
940.8 -70.26
941.2 -69.75
941.6 -70.6
942.0 -71.01
942.4 -71.38
942.8 -70.92
943.2 -70.41
943.6 -69.6
944.0 -68.96
944.4 -71.96
944.8 -69.91
945.2 -70.04
945.6 -72.11
946.0 -69.79
946.4 -70.71
946.8 -72.18
947.2 -68.77
947.6 -71.09
948.0 -70.36
948.4 -71.89
948.8 -70.0
949.2 -72.59
949.6 -69.43
950.0 -70.07
950.4 -70.14
950.8 -70.26
951.2 -71.16
951.6 -69.01
952.0 -71.39
952.4 -71.04
952.8 -70.31
953.2 -71.26
953.6 -71.87
954.0 -71.97
954.4 -70.92
954.8 -71.8
955.2 -70.54
955.6 -71.64
956.0 -70.29
956.4 -70.5
956.8 -70.93
957.2 -72.06
957.6 -72.15
958.0 -72.03
958.4 -71.01
958.8 -69.9
959.2 -70.04
959.6 -70.61
960.0 -71.32
960.4 -71.16
960.8 -71.52
961.2 -69.09
961.6 -69.85
962.0 -69.23
962.4 -70.39
962.8 -70.06
963.2 -70.03
963.6 -70.09
964.0 -70.14
964.4 -69.49
964.8 -70.13
965.2 -69.52
965.6 -69.39
966.0 -70.05
966.4 -70.96
966.8 -69.88
967.2 -71.75
967.6 -71.01
968.0 -70.73
968.4 -70.57
968.8 -70.11
969.2 -71.49
969.6 -70.02
970.0 -71.46
970.4 -70.82
970.8 -69.56
971.2 -71.61
971.6 -71.26
972.0 -69.3
972.4 -69.48
972.8 -70.39
973.2 -71.58
973.6 -70.26
974.0 -71.01
974.4 -71.08
974.8 -71.7
975.2 -70.01
975.6 -70.46
976.0 -69.79
976.4 -69.78
976.8 -71.72
977.2 -71.14
977.6 -72.03
978.0 -71.12
978.4 -70.99
978.8 -69.97
979.2 -70.86
979.6 -71.67
980.0 -71.33
980.4 -70.56
980.8 -70.57
981.2 -71.0
981.6 -71.01
982.0 -71.69
982.4 -71.45
982.8 -69.96
983.2 -70.18
983.6 -70.45
984.0 -71.31
984.4 -72.74
984.8 -70.68
985.2 -70.77
985.6 -70.51
986.0 -70.26
986.4 -70.27
986.8 -69.61
987.2 -70.4
987.6 -70.02
988.0 -69.69
988.4 -69.51
988.8 -69.67
989.2 -70.81
989.6 -70.94
990.0 -70.13
990.4 -70.15
990.8 -69.73
991.2 -69.9
991.6 -70.21
992.0 -69.92
992.4 -69.22
992.8 -70.12
993.2 -69.22
993.6 -69.37
994.0 -70.05
994.4 -69.39
994.8 -69.84
995.2 -69.85
995.6 -69.6
996.0 -69.79
996.4 -70.18
996.8 -69.78
997.2 -69.5
997.6 -69.21
998.0 -69.73
998.4 -69.92
998.8 -69.47
999.2 -69.82
999.6 -69.95
1000.0 -69.23
