600.0 -75.68
600.4 -78.13
600.8 -210.0
601.2 -70.78
601.6 -84.24
602.0 -210.0
602.4 -71.73
602.8 -76.53
603.2 -210.0
603.6 -72.32
604.0 -72.63
604.4 -84.42
604.8 -210.0
605.2 -70.66
605.6 -73.03
606.0 -210.0
606.4 -71.12
606.8 -75.54
607.2 -210.0
607.6 -71.84
608.0 -81.65
608.4 -210.0
608.8 -210.0
609.2 -210.0
609.6 -210.0
610.0 -210.0
610.4 -76.35
610.8 -210.0
611.2 -210.0
611.6 -210.0
612.0 -84.9
612.4 -70.01
612.8 -77.96
613.2 -84.97
613.6 -210.0
614.0 -210.0
614.4 -210.0
614.8 -210.0
615.2 -79.06
615.6 -210.0
616.0 -210.0
616.4 -73.11
616.8 -210.0
617.2 -78.22
617.6 -210.0
618.0 -70.63
618.4 -210.0
618.8 -210.0
619.2 -210.0
619.6 -79.32
620.0 -72.36
620.4 -75.85
620.8 -72.19
621.2 -210.0
621.6 -210.0
622.0 -210.0
622.4 -73.47
622.8 -69.86
623.2 -210.0
623.6 -72.81
624.0 -210.0
624.4 -71.84
624.8 -85.67
625.2 -73.93
625.6 -210.0
626.0 -210.0
626.4 -74.63
626.8 -85.8
627.2 -210.0
627.6 -76.81
628.0 -71.39
628.4 -78.11
628.8 -75.92
629.2 -73.63
629.6 -73.41
630.0 -71.85
630.4 -210.0
630.8 -71.28
631.2 -71.17
631.6 -210.0
632.0 -210.0
632.4 -83.17
632.8 -74.44
633.2 -76.24
633.6 -70.46
634.0 -75.49
634.4 -76.77
634.8 -73.34
635.2 -210.0
635.6 -74.64
636.0 -77.98
636.4 -210.0
636.8 -78.71
637.2 -71.75
637.6 -83.55
638.0 -71.02
638.4 -80.59
638.8 -74.6
639.2 -210.0
639.6 -76.29
640.0 -72.59
640.4 -78.99
640.8 -210.0
641.2 -74.29
641.6 -78.43
642.0 -210.0
642.4 -75.49
642.8 -210.0
643.2 -74.98
643.6 -73.26
644.0 -72.32
644.4 -78.68
644.8 -72.26
645.2 -72.29
645.6 -73.63
646.0 -73.66
646.4 -72.0
646.8 -76.22
647.2 -72.07
647.6 -75.66
648.0 -79.67
648.4 -73.35
648.8 -72.76
649.2 -74.56
649.6 -72.16
650.0 -77.62
650.4 -78.58
650.8 -73.64
651.2 -210.0
651.6 -73.82
652.0 -72.31
652.4 -79.18
652.8 -75.59
653.2 -77.64
653.6 -74.86
654.0 -210.0
654.4 -78.61
654.8 -73.85
655.2 -70.93
655.6 -72.34
656.0 -76.87
656.4 -84.66
656.8 -77.25
657.2 -71.76
657.6 -72.23
658.0 -73.7
658.4 -70.27
658.8 -72.63
659.2 -75.64
659.6 -71.06
660.0 -75.65
660.4 -75.65
660.8 -74.69
661.2 -210.0
661.6 -210.0
662.0 -73.38
662.4 -72.38
662.8 -210.0
663.2 -72.64
663.6 -72.64
664.0 -79.91
664.4 -70.37
664.8 -73.55
665.2 -77.7
665.6 -87.7
666.0 -70.88
666.4 -71.67
666.8 -73.55
667.2 -69.99
667.6 -71.26
668.0 -73.89
668.4 -71.57
668.8 -73.22
669.2 -72.92
669.6 -75.14
670.0 -74.46
670.4 -70.36
670.8 -72.49
671.2 -210.0
671.6 -210.0
672.0 -76.2
672.4 -69.54
672.8 -72.21
673.2 -77.66
673.6 -71.22
674.0 -73.17
674.4 -72.87
674.8 -75.59
675.2 -75.08
675.6 -75.08
676.0 -72.18
676.4 -75.58
676.8 -82.84
677.2 -72.17
677.6 -78.07
678.0 -71.81
678.4 -70.79
678.8 -76.13
679.2 -73.28
679.6 -76.8
680.0 -70.18
680.4 -75.03
680.8 -74.57
681.2 -72.66
681.6 -71.23
682.0 -70.31
682.4 -74.55
682.8 -69.62
683.2 -70.82
683.6 -70.91
684.0 -70.21
684.4 -72.47
684.8 -73.21
685.2 -72.2
685.6 -71.39
686.0 -73.7
686.4 -74.72
686.8 -72.05
687.2 -71.06
687.6 -70.0
688.0 -72.17
688.4 -72.7
688.8 -72.7
689.2 -70.31
689.6 -72.69
690.0 -72.83
690.4 -73.3
690.8 -75.4
691.2 -78.98
691.6 -70.62
692.0 -71.74
692.4 -72.5
692.8 -70.09
693.2 -75.64
693.6 -210.0
694.0 -210.0
694.4 -71.15
694.8 -81.36
695.2 -71.69
695.6 -79.59
696.0 -71.24
696.4 -70.11
696.8 -70.37
697.2 -71.55
697.6 -72.03
698.0 -71.42
698.4 -71.2
698.8 -69.84
699.2 -73.89
699.6 -76.9
700.0 -68.17
700.4 -70.14
700.8 -69.97
701.2 -68.83
701.6 -72.1
702.0 -71.96
702.4 -71.03
702.8 -72.79
703.2 -70.35
703.6 -72.78
704.0 -71.12
704.4 -76.44
704.8 -69.75
705.2 -70.07
705.6 -72.04
706.0 -78.18
706.4 -70.39
706.8 -71.41
707.2 -70.96
707.6 -71.75
708.0 -71.39
708.4 -69.32
708.8 -69.77
709.2 -70.44
709.6 -82.39
710.0 -71.71
710.4 -69.75
710.8 -71.23
711.2 -68.88
711.6 -69.98
712.0 -70.51
712.4 -68.38
712.8 -76.33
713.2 -74.12
713.6 -69.05
714.0 -74.81
714.4 -71.19
714.8 -70.12
715.2 -72.47
715.6 -69.46
716.0 -72.32
716.4 -72.31
716.8 -71.52
717.2 -72.16
717.6 -70.84
718.0 -77.52
718.4 -69.28
718.8 -71.26
719.2 -210.0
719.6 -69.35
720.0 -72.9
720.4 -73.07
720.8 -73.61
721.2 -74.99
721.6 -72.56
722.0 -71.97
722.4 -69.62
722.8 -73.04
723.2 -72.54
723.6 -69.31
724.0 -68.88
724.4 -73.03
724.8 -71.81
725.2 -71.94
725.6 -70.97
726.0 -70.96
726.4 -70.86
726.8 -69.65
727.2 -69.82
727.6 -71.29
728.0 -71.4
728.4 -70.94
728.8 -71.77
729.2 -71.16
729.6 -70.83
730.0 -73.94
730.4 -69.02
730.8 -76.14
731.2 -70.7
731.6 -69.95
732.0 -71.24
732.4 -73.92
732.8 -70.11
733.2 -68.28
733.6 -76.12
734.0 -70.79
734.4 -68.15
734.8 -70.37
735.2 -70.09
735.6 -69.19
736.0 -71.58
736.4 -70.07
736.8 -72.11
737.2 -69.81
737.6 -69.72
738.0 -70.15
738.4 -70.34
738.8 -70.95
739.2 -69.46
739.6 -69.88
740.0 -69.78
740.4 -71.29
740.8 -71.29
741.2 -71.53
741.6 -78.39
742.0 -70.61
742.4 -71.05
742.8 -70.81
743.2 -69.28
743.6 -69.68
744.0 -68.83
744.4 -72.51
744.8 -74.78
745.2 -70.2
745.6 -69.41
746.0 -69.33
746.4 -71.9
746.8 -68.55
747.2 -70.78
747.6 -69.9
748.0 -71.89
748.4 -69.55
748.8 -72.32
749.2 -73.37
749.6 -71.23
750.0 -70.55
750.4 -71.73
750.8 -69.96
751.2 -71.33
751.6 -70.85
752.0 -70.13
752.4 -68.37
752.8 -70.83
753.2 -77.71
753.6 -71.68
754.0 -74.43
754.4 -69.74
754.8 -70.49
755.2 -69.99
755.6 -68.02
756.0 -71.39
756.4 -68.01
756.8 -71.25
757.2 -72.38
757.6 -68.49
758.0 -68.83
758.4 -73.06
758.8 -74.63
759.2 -71.35
759.6 -71.75
760.0 -72.85
760.4 -76.24
760.8 -70.02
761.2 -73.42
761.6 -68.07
762.0 -69.91
762.4 -70.51
762.8 -70.6
763.2 -68.84
763.6 -70.09
764.0 -70.18
764.4 -71.3
764.8 -68.75
765.2 -71.69
765.6 -69.2
766.0 -69.19
766.4 -67.9
766.8 -67.83
767.2 -73.16
767.6 -70.9
768.0 -69.17
768.4 -69.42
768.8 -69.75
769.2 -69.75
769.6 -73.78
770.0 -70.53
770.4 -68.29
770.8 -68.85
771.2 -70.32
771.6 -77.52
772.0 -70.75
772.4 -69.22
772.8 -68.91
773.2 -69.39
773.6 -74.5
774.0 -70.0
774.4 -70.62
774.8 -69.05
775.2 -70.3
775.6 -70.0
776.0 -70.19
776.4 -72.38
776.8 -69.62
777.2 -68.6
777.6 -69.45
778.0 -70.08
778.4 -69.53
778.8 -68.25
779.2 -78.06
779.6 -70.08
780.0 -68.38
780.4 -69.02
780.8 -67.75
781.2 -68.38
781.6 -73.49
782.0 -69.59
782.4 -68.79
782.8 -68.3
783.2 -68.49
783.6 -69.5
784.0 -68.7
784.4 -77.45
784.8 -70.35
785.2 -70.35
785.6 -67.23
786.0 -69.4
786.4 -68.68
786.8 -71.02
787.2 -71.41
787.6 -72.66
788.0 -70.67
788.4 -71.68
788.8 -69.3
789.2 -69.3
789.6 -69.47
790.0 -68.81
790.4 -69.72
790.8 -70.53
791.2 -66.66
791.6 -70.52
792.0 -69.19
792.4 -69.62
792.8 -67.85
793.2 -68.64
793.6 -71.8
794.0 -68.15
794.4 -69.6
794.8 -67.96
795.2 -67.33
795.6 -68.85
796.0 -69.68
796.4 -71.35
796.8 -67.89
797.2 -72.59
797.6 -70.83
798.0 -68.69
798.4 -68.6
798.8 -67.41
799.2 -71.61
799.6 -69.48
800.0 -69.22
800.4 -69.75
800.8 -69.56
801.2 -68.32
801.6 -68.0
802.0 -68.75
802.4 -68.06
802.8 -66.44
803.2 -68.54
803.6 -69.07
804.0 -67.48
804.4 -69.5
804.8 -71.93
805.2 -68.7
805.6 -68.78
806.0 -66.92
806.4 -63.81
806.8 -60.35
807.2 -56.8
807.6 -52.88
808.0 -51.35
808.4 -52.5
808.8 -53.02
809.2 -56.55
809.6 -64.48
810.0 -68.74
810.4 -67.48
810.8 -67.02
811.2 -71.02
811.6 -69.49
812.0 -67.4
812.4 -70.57
812.8 -68.86
813.2 -69.02
813.6 -69.89
814.0 -72.2
814.4 -68.89
814.8 -67.9
815.2 -70.2
815.6 -68.16
816.0 -69.0
816.4 -68.86
816.8 -68.78
817.2 -70.45
817.6 -69.43
818.0 -69.1
818.4 -71.82
818.8 -66.48
819.2 -70.38
819.6 -67.17
820.0 -70.51
820.4 -68.86
820.8 -68.81
821.2 -68.55
821.6 -68.37
822.0 -66.75
822.4 -66.77
822.8 -67.93
823.2 -66.89
823.6 -69.21
824.0 -68.21
824.4 -68.6
824.8 -68.12
825.2 -69.34
825.6 -67.81
826.0 -66.9
826.4 -68.55
826.8 -67.12
827.2 -70.0
827.6 -67.89
828.0 -68.18
828.4 -68.03
828.8 -69.48
829.2 -68.18
829.6 -68.87
830.0 -68.64
830.4 -68.73
830.8 -68.22
831.2 -67.98
831.6 -67.22
832.0 -67.67
832.4 -67.42
832.8 -69.74
833.2 -68.28
833.6 -68.25
834.0 -68.86
834.4 -68.42
834.8 -68.74
835.2 -67.82
835.6 -67.57
836.0 -67.21
836.4 -67.67
836.8 -66.98
837.2 -68.1
837.6 -68.6
838.0 -67.35
838.4 -68.44
838.8 -67.8
839.2 -67.7
839.6 -66.93
840.0 -67.28
840.4 -67.48
840.8 -68.0
841.2 -68.49
841.6 -67.87
842.0 -67.05
842.4 -68.92
842.8 -67.19
843.2 -69.15
843.6 -66.36
844.0 -67.99
844.4 -67.56
844.8 -66.64
845.2 -67.89
845.6 -67.07
846.0 -67.26
846.4 -67.94
846.8 -67.18
847.2 -67.93
847.6 -66.09
848.0 -67.1
848.4 -68.07
848.8 -67.66
849.2 -67.97
849.6 -68.9
850.0 -67.92
850.4 -67.53
850.8 -66.33
851.2 -67.27
851.6 -67.04
852.0 -68.39
852.4 -65.78
852.8 -66.92
853.2 -66.57
853.6 -66.88
854.0 -66.24
854.4 -66.43
854.8 -67.41
855.2 -67.17
855.6 -68.62
856.0 -66.13
856.4 -66.72
856.8 -66.62
857.2 -66.61
857.6 -66.12
858.0 -66.54
858.4 -67.38
858.8 -67.03
859.2 -66.6
859.6 -66.33
860.0 -66.29
860.4 -67.63
860.8 -66.9
861.2 -66.9
861.6 -66.85
862.0 -66.27
862.4 -66.5
862.8 -66.7
863.2 -66.49
863.6 -67.42
864.0 -66.31
864.4 -67.12
864.8 -66.75
865.2 -66.04
865.6 -66.77
866.0 -65.95
866.4 -67.3
866.8 -66.25
867.2 -66.37
867.6 -66.65
868.0 -66.4
868.4 -66.6
868.8 -67.15
869.2 -66.92
869.6 -67.48
870.0 -66.24
870.4 -66.04
870.8 -66.94
871.2 -65.82
871.6 -65.7
872.0 -67.23
872.4 -66.11
872.8 -65.6
873.2 -65.94
873.6 -66.56
874.0 -67.41
874.4 -66.08
874.8 -66.4
875.2 -66.26
875.6 -67.21
876.0 -65.51
876.4 -67.5
876.8 -66.07
877.2 -66.32
877.6 -65.44
878.0 -66.05
878.4 -66.15
878.8 -66.41
879.2 -66.5
879.6 -66.47
880.0 -65.23
880.4 -66.35
880.8 -66.75
881.2 -66.12
881.6 -66.82
882.0 -66.64
882.4 -66.04
882.8 -66.31
883.2 -66.81
883.6 -66.07
884.0 -66.21
884.4 -64.96
884.8 -66.51
885.2 -65.57
885.6 -65.94
886.0 -65.91
886.4 -66.4
886.8 -66.65
887.2 -66.36
887.6 -65.93
888.0 -66.36
888.4 -66.61
888.8 -66.05
889.2 -66.29
889.6 -65.99
890.0 -66.38
890.4 -65.36
890.8 -66.57
891.2 -66.68
891.6 -66.83
892.0 -65.97
892.4 -65.87
892.8 -65.95
893.2 -65.53
893.6 -65.67
894.0 -66.15
894.4 -65.99
894.8 -65.72
895.2 -66.13
895.6 -66.03
896.0 -66.01
896.4 -66.58
896.8 -66.18
897.2 -66.28
897.6 -65.71
898.0 -66.39
898.4 -66.64
898.8 -66.04
899.2 -65.26
899.6 -65.53
900.0 -65.83
900.4 -66.86
900.8 -65.56
901.2 -66.02
901.6 -66.21
902.0 -65.58
902.4 -66.0
902.8 -66.61
903.2 -66.48
903.6 -66.55
904.0 -66.32
904.4 -66.47
904.8 -66.09
905.2 -65.74
905.6 -65.51
906.0 -66.71
906.4 -66.08
906.8 -65.82
907.2 -66.04
907.6 -64.62
908.0 -66.02
908.4 -66.58
908.8 -66.49
909.2 -65.28
909.6 -65.51
910.0 -66.16
910.4 -65.55
910.8 -65.27
911.2 -66.54
911.6 -66.46
912.0 -65.5
912.4 -65.34
912.8 -65.44
913.2 -65.01
913.6 -65.73
914.0 -66.03
914.4 -66.8
914.8 -66.62
915.2 -67.16
915.6 -66.99
916.0 -66.45
916.4 -65.83
916.8 -67.49
917.2 -65.57
917.6 -66.87
918.0 -66.17
918.4 -66.87
918.8 -66.35
919.2 -66.16
919.6 -66.09
920.0 -66.43
920.4 -66.64
920.8 -66.88
921.2 -66.54
921.6 -66.81
922.0 -66.77
922.4 -66.37
922.8 -66.65
923.2 -66.76
923.6 -66.44
924.0 -66.76
924.4 -66.23
924.8 -66.42
925.2 -66.78
925.6 -66.99
926.0 -67.01
926.4 -67.62
926.8 -67.25
927.2 -66.72
927.6 -66.43
928.0 -66.5
928.4 -67.15
928.8 -66.3
929.2 -66.81
929.6 -66.41
930.0 -66.73
930.4 -67.12
930.8 -66.49
931.2 -66.41
931.6 -67.18
932.0 -66.87
932.4 -66.05
932.8 -66.69
933.2 -67.02
933.6 -66.81
934.0 -66.38
934.4 -66.52
934.8 -67.22
935.2 -67.46
935.6 -67.48
936.0 -66.71
936.4 -66.92
936.8 -66.62
937.2 -67.17
937.6 -67.16
938.0 -66.77
938.4 -66.76
938.8 -66.63
939.2 -68.08
939.6 -67.01
940.0 -66.87
940.4 -67.23
940.8 -67.19
941.2 -68.23
941.6 -67.21
942.0 -67.67
942.4 -67.49
942.8 -67.85
943.2 -67.37
943.6 -66.68
944.0 -67.03
944.4 -66.71
944.8 -66.95
945.2 -67.13
945.6 -67.54
946.0 -67.64
946.4 -67.85
946.8 -66.55
947.2 -67.58
947.6 -67.69
948.0 -68.29
948.4 -67.02
948.8 -66.99
949.2 -68.3
949.6 -67.07
950.0 -67.44
950.4 -67.85
950.8 -67.84
951.2 -68.34
951.6 -68.46
952.0 -68.68
952.4 -67.64
952.8 -67.3
953.2 -67.17
953.6 -67.44
954.0 -68.06
954.4 -67.46
954.8 -67.85
955.2 -67.31
955.6 -67.86
956.0 -67.35
956.4 -67.85
956.8 -68.01
957.2 -68.14
957.6 -67.22
958.0 -67.7
958.4 -67.47
958.8 -68.51
959.2 -67.56
959.6 -67.43
960.0 -67.95
960.4 -68.04
960.8 -68.39
961.2 -67.71
961.6 -67.76
962.0 -67.69
962.4 -67.14
962.8 -67.7
963.2 -67.67
963.6 -67.93
964.0 -67.46
964.4 -67.23
964.8 -67.46
965.2 -66.83
965.6 -66.58
966.0 -66.54
966.4 -67.3
966.8 -67.5
967.2 -68.06
967.6 -67.25
968.0 -67.56
968.4 -67.91
968.8 -67.31
969.2 -67.35
969.6 -67.67
970.0 -67.85
970.4 -68.1
970.8 -68.0
971.2 -68.23
971.6 -67.84
972.0 -67.83
972.4 -68.36
972.8 -67.68
973.2 -67.46
973.6 -67.94
974.0 -67.88
974.4 -68.46
974.8 -67.96
975.2 -68.24
975.6 -68.0
976.0 -68.5
976.4 -67.82
976.8 -68.8
977.2 -67.74
977.6 -67.71
978.0 -67.8
978.4 -67.85
978.8 -68.48
979.2 -67.89
979.6 -68.12
980.0 -68.67
980.4 -68.99
980.8 -67.92
981.2 -68.34
981.6 -68.54
982.0 -68.19
982.4 -67.74
982.8 -68.34
983.2 -66.98
983.6 -67.43
984.0 -67.4
984.4 -67.35
984.8 -67.42
985.2 -66.84
985.6 -67.47
986.0 -67.09
986.4 -67.0
986.8 -67.26
987.2 -66.79
987.6 -66.83
988.0 -66.64
988.4 -67.6
988.8 -66.87
989.2 -67.03
989.6 -67.26
990.0 -66.77
990.4 -66.95
990.8 -66.74
991.2 -67.4
991.6 -66.56
992.0 -66.54
992.4 -66.45
992.8 -66.37
993.2 -66.42
993.6 -66.56
994.0 -66.5
994.4 -67.3
994.8 -66.35
995.2 -66.52
995.6 -66.55
996.0 -66.72
996.4 -66.61
996.8 -67.05
997.2 -66.34
997.6 -66.85
998.0 -66.53
998.4 -66.76
998.8 -66.51
999.2 -66.56
999.6 -67.35
1000.0 -66.85
