600.0 -84.14
600.4 -73.36
600.8 -210.0
601.2 -72.16
601.6 -210.0
602.0 -210.0
602.4 -69.1
602.8 -73.18
603.2 -71.11
603.6 -69.89
604.0 -210.0
604.4 -72.95
604.8 -78.42
605.2 -81.46
605.6 -71.49
606.0 -72.22
606.4 -73.75
606.8 -68.89
607.2 -84.6
607.6 -73.16
608.0 -79.88
608.4 -210.0
608.8 -70.08
609.2 -210.0
609.6 -210.0
610.0 -84.78
610.4 -70.49
610.8 -71.02
611.2 -73.08
611.6 -74.46
612.0 -210.0
612.4 -73.79
612.8 -73.18
613.2 -68.94
613.6 -210.0
614.0 -85.02
614.4 -70.72
614.8 -210.0
615.2 -210.0
615.6 -74.31
616.0 -73.67
616.4 -68.92
616.8 -210.0
617.2 -71.23
617.6 -70.91
618.0 -71.11
618.4 -210.0
618.8 -74.5
619.2 -74.91
619.6 -210.0
620.0 -210.0
620.4 -210.0
620.8 -79.39
621.2 -71.64
621.6 -76.43
622.0 -210.0
622.4 -74.05
622.8 -71.57
623.2 -75.57
623.6 -70.54
624.0 -70.84
624.4 -77.19
624.8 -210.0
625.2 -75.7
625.6 -210.0
626.0 -71.43
626.4 -85.77
626.8 -72.18
627.2 -72.81
627.6 -70.4
628.0 -70.07
628.4 -69.36
628.8 -76.37
629.2 -70.49
629.6 -69.94
630.0 -74.23
630.4 -69.79
630.8 -74.59
631.2 -75.67
631.6 -210.0
632.0 -210.0
632.4 -78.39
632.8 -71.43
633.2 -75.44
633.6 -75.46
634.0 -74.24
634.4 -76.32
634.8 -68.02
635.2 -69.65
635.6 -76.41
636.0 -75.3
636.4 -72.15
636.8 -73.27
637.2 -69.8
637.6 -72.94
638.0 -71.53
638.4 -70.49
638.8 -70.11
639.2 -71.9
639.6 -71.02
640.0 -69.66
640.4 -69.96
640.8 -70.19
641.2 -73.04
641.6 -69.4
642.0 -69.28
642.4 -79.97
642.8 -70.18
643.2 -69.78
643.6 -70.83
644.0 -69.31
644.4 -71.01
644.8 -68.25
645.2 -73.78
645.6 -68.38
646.0 -71.36
646.4 -68.45
646.8 -71.33
647.2 -70.14
647.6 -70.27
648.0 -69.82
648.4 -70.77
648.8 -68.56
649.2 -70.24
649.6 -69.9
650.0 -71.59
650.4 -72.99
650.8 -69.83
651.2 -70.14
651.6 -68.82
652.0 -70.64
652.4 -70.39
652.8 -72.32
653.2 -71.01
653.6 -67.69
654.0 -69.32
654.4 -69.32
654.8 -69.33
655.2 -67.88
655.6 -69.39
656.0 -69.81
656.4 -72.75
656.8 -69.81
657.2 -71.55
657.6 -70.35
658.0 -70.19
658.4 -67.3
658.8 -68.14
659.2 -69.69
659.6 -68.05
660.0 -68.11
660.4 -69.91
660.8 -71.67
661.2 -67.16
661.6 -68.15
662.0 -67.7
662.4 -68.3
662.8 -70.29
663.2 -68.2
663.6 -68.5
664.0 -69.0
664.4 -71.26
664.8 -69.7
665.2 -68.83
665.6 -67.53
666.0 -67.87
666.4 -69.5
666.8 -67.83
667.2 -68.06
667.6 -68.25
668.0 -66.9
668.4 -67.53
668.8 -67.32
669.2 -68.25
669.6 -68.35
670.0 -68.24
670.4 -68.93
670.8 -68.23
671.2 -68.54
671.6 -68.43
672.0 -68.58
672.4 -68.32
672.8 -68.26
673.2 -68.96
673.6 -69.33
674.0 -68.89
674.4 -68.1
674.8 -67.77
675.2 -68.77
675.6 -67.95
676.0 -68.04
676.4 -67.29
676.8 -67.12
677.2 -67.88
677.6 -69.49
678.0 -68.52
678.4 -67.61
678.8 -67.14
679.2 -67.73
679.6 -69.02
680.0 -67.21
680.4 -67.63
680.8 -66.89
681.2 -66.89
681.6 -67.44
682.0 -66.95
682.4 -67.92
682.8 -67.5
683.2 -67.72
683.6 -66.46
684.0 -67.54
684.4 -67.44
684.8 -66.52
685.2 -69.13
685.6 -67.56
686.0 -67.21
686.4 -67.29
686.8 -68.15
687.2 -67.86
687.6 -68.29
688.0 -68.14
688.4 -67.56
688.8 -67.98
689.2 -67.42
689.6 -67.3
690.0 -66.66
690.4 -67.15
690.8 -67.4
691.2 -67.18
691.6 -68.3
692.0 -67.01
692.4 -67.46
692.8 -66.55
693.2 -67.41
693.6 -68.65
694.0 -66.83
694.4 -66.97
694.8 -67.3
695.2 -67.79
695.6 -66.41
696.0 -67.11
696.4 -66.64
696.8 -67.62
697.2 -66.85
697.6 -67.22
698.0 -67.21
698.4 -68.52
698.8 -67.28
699.2 -66.49
699.6 -66.75
700.0 -67.39
700.4 -66.09
700.8 -68.05
701.2 -67.37
701.6 -66.01
702.0 -66.38
702.4 -65.53
702.8 -65.04
703.2 -66.39
703.6 -65.24
704.0 -66.42
704.4 -67.46
704.8 -67.11
705.2 -66.73
705.6 -66.66
706.0 -66.08
706.4 -66.87
706.8 -66.52
707.2 -66.06
707.6 -66.44
708.0 -66.18
708.4 -66.07
708.8 -65.9
709.2 -67.08
709.6 -66.79
710.0 -66.7
710.4 -65.82
710.8 -66.69
711.2 -66.04
711.6 -66.57
712.0 -66.45
712.4 -66.03
712.8 -66.26
713.2 -65.25
713.6 -66.18
714.0 -66.36
714.4 -65.93
714.8 -65.64
715.2 -65.57
715.6 -66.41
716.0 -66.09
716.4 -66.29
716.8 -66.44
717.2 -65.61
717.6 -65.46
718.0 -65.89
718.4 -66.9
718.8 -65.35
719.2 -65.66
719.6 -65.88
720.0 -66.15
720.4 -67.31
720.8 -66.35
721.2 -66.62
721.6 -66.32
722.0 -66.53
722.4 -65.82
722.8 -65.55
723.2 -65.0
723.6 -65.65
724.0 -64.96
724.4 -65.97
724.8 -65.89
725.2 -66.35
725.6 -65.82
726.0 -65.17
726.4 -66.45
726.8 -66.29
727.2 -65.9
727.6 -65.67
728.0 -65.79
728.4 -66.63
728.8 -66.66
729.2 -65.82
729.6 -66.54
730.0 -65.27
730.4 -67.36
730.8 -65.2
731.2 -66.29
731.6 -65.09
732.0 -64.7
732.4 -66.1
732.8 -65.59
733.2 -65.81
733.6 -66.23
734.0 -65.84
734.4 -64.45
734.8 -65.03
735.2 -66.74
735.6 -65.79
736.0 -65.82
736.4 -65.95
736.8 -65.88
737.2 -66.28
737.6 -65.51
738.0 -65.0
738.4 -66.96
738.8 -64.69
739.2 -65.76
739.6 -65.97
740.0 -66.17
740.4 -65.43
740.8 -65.89
741.2 -65.77
741.6 -66.28
742.0 -65.26
742.4 -65.26
742.8 -65.28
743.2 -65.1
743.6 -65.44
744.0 -65.75
744.4 -65.59
744.8 -64.95
745.2 -64.78
745.6 -65.2
746.0 -66.21
746.4 -65.68
746.8 -66.6
747.2 -65.28
747.6 -66.2
748.0 -65.25
748.4 -65.4
748.8 -64.7
749.2 -66.23
749.6 -65.66
750.0 -66.22
750.4 -65.17
750.8 -65.1
751.2 -64.87
751.6 -65.63
752.0 -66.07
752.4 -65.72
752.8 -65.57
753.2 -65.61
753.6 -65.34
754.0 -65.27
754.4 -64.79
754.8 -65.23
755.2 -65.16
755.6 -65.96
756.0 -65.15
756.4 -64.75
756.8 -65.27
757.2 -65.83
757.6 -65.07
758.0 -65.65
758.4 -65.44
758.8 -65.12
759.2 -65.36
759.6 -65.3
760.0 -65.23
760.4 -65.52
760.8 -65.0
761.2 -64.71
761.6 -65.03
762.0 -65.3
762.4 -65.02
762.8 -64.95
763.2 -65.16
763.6 -65.32
764.0 -64.66
764.4 -64.31
764.8 -65.27
765.2 -64.7
765.6 -65.43
766.0 -65.13
766.4 -64.39
766.8 -64.77
767.2 -65.28
767.6 -64.97
768.0 -64.45
768.4 -64.3
768.8 -65.92
769.2 -64.61
769.6 -64.66
770.0 -64.51
770.4 -64.49
770.8 -64.6
771.2 -64.13
771.6 -64.57
772.0 -64.02
772.4 -65.08
772.8 -65.24
773.2 -64.37
773.6 -64.61
774.0 -65.23
774.4 -63.68
774.8 -64.95
775.2 -63.96
775.6 -64.6
776.0 -64.97
776.4 -65.32
776.8 -65.0
777.2 -64.12
777.6 -63.69
778.0 -64.81
778.4 -64.87
778.8 -64.75
779.2 -64.81
779.6 -65.12
780.0 -64.57
780.4 -64.25
780.8 -64.95
781.2 -64.55
781.6 -64.68
782.0 -65.19
782.4 -65.03
782.8 -65.13
783.2 -65.15
783.6 -64.23
784.0 -64.61
784.4 -64.99
784.8 -63.62
785.2 -64.49
785.6 -64.22
786.0 -64.83
786.4 -64.21
786.8 -64.24
787.2 -65.13
787.6 -64.76
788.0 -64.48
788.4 -64.36
788.8 -63.65
789.2 -64.44
789.6 -63.71
790.0 -63.94
790.4 -65.11
790.8 -64.74
791.2 -64.29
791.6 -64.85
792.0 -64.88
792.4 -65.16
792.8 -64.66
793.2 -64.55
793.6 -63.64
794.0 -64.09
794.4 -65.14
794.8 -64.14
795.2 -64.48
795.6 -63.78
796.0 -63.64
796.4 -64.18
796.8 -63.98
797.2 -64.07
797.6 -64.12
798.0 -64.97
798.4 -64.6
798.8 -63.98
799.2 -64.11
799.6 -64.92
800.0 -63.97
800.4 -63.92
800.8 -64.25
801.2 -63.71
801.6 -64.18
802.0 -65.02
802.4 -63.93
802.8 -63.97
803.2 -63.77
803.6 -63.75
804.0 -63.4
804.4 -64.02
804.8 -64.1
805.2 -63.31
805.6 -62.74
806.0 -62.37
806.4 -60.34
806.8 -57.16
807.2 -53.55
807.6 -49.38
808.0 -48.06
808.4 -49.22
808.8 -49.82
809.2 -53.56
809.6 -60.36
810.0 -62.43
810.4 -63.21
810.8 -63.79
811.2 -63.63
811.6 -64.17
812.0 -63.54
812.4 -64.06
812.8 -63.75
813.2 -63.72
813.6 -63.62
814.0 -63.53
814.4 -63.58
814.8 -64.23
815.2 -63.5
815.6 -64.12
816.0 -63.72
816.4 -63.96
816.8 -63.53
817.2 -64.02
817.6 -64.08
818.0 -63.91
818.4 -64.17
818.8 -64.13
819.2 -64.71
819.6 -64.14
820.0 -64.06
820.4 -64.07
820.8 -63.9
821.2 -65.12
821.6 -63.43
822.0 -63.85
822.4 -63.72
822.8 -63.19
823.2 -63.01
823.6 -63.56
824.0 -63.8
824.4 -64.05
824.8 -63.81
825.2 -64.08
825.6 -63.62
826.0 -63.3
826.4 -63.3
826.8 -63.55
827.2 -63.23
827.6 -63.98
828.0 -64.06
828.4 -63.63
828.8 -63.06
829.2 -63.18
829.6 -63.49
830.0 -63.5
830.4 -63.46
830.8 -63.47
831.2 -63.4
831.6 -63.28
832.0 -63.05
832.4 -63.5
832.8 -63.28
833.2 -63.44
833.6 -63.27
834.0 -63.1
834.4 -62.89
834.8 -63.29
835.2 -62.66
835.6 -62.98
836.0 -62.72
836.4 -62.74
836.8 -62.86
837.2 -63.55
837.6 -63.23
838.0 -63.12
838.4 -62.57
838.8 -63.16
839.2 -62.82
839.6 -63.33
840.0 -62.86
840.4 -62.75
840.8 -62.75
841.2 -63.34
841.6 -62.72
842.0 -62.91
842.4 -62.7
842.8 -63.3
843.2 -62.7
843.6 -63.58
844.0 -62.41
844.4 -62.9
844.8 -62.75
845.2 -62.83
845.6 -63.35
846.0 -62.92
846.4 -62.79
846.8 -62.68
847.2 -62.2
847.6 -62.35
848.0 -63.33
848.4 -62.67
848.8 -62.43
849.2 -62.39
849.6 -62.72
850.0 -62.43
850.4 -62.85
850.8 -62.54
851.2 -62.58
851.6 -62.76
852.0 -62.58
852.4 -62.57
852.8 -62.42
853.2 -62.31
853.6 -62.48
854.0 -62.31
854.4 -62.48
854.8 -62.59
855.2 -62.35
855.6 -62.5
856.0 -62.56
856.4 -62.71
856.8 -62.69
857.2 -62.63
857.6 -62.65
858.0 -62.58
858.4 -62.07
858.8 -62.48
859.2 -62.16
859.6 -62.24
860.0 -62.34
860.4 -62.26
860.8 -62.4
861.2 -62.11
861.6 -62.15
862.0 -62.23
862.4 -62.29
862.8 -62.52
863.2 -62.26
863.6 -62.84
864.0 -62.22
864.4 -62.12
864.8 -62.69
865.2 -62.42
865.6 -61.95
866.0 -61.94
866.4 -62.11
866.8 -62.04
867.2 -62.08
867.6 -62.08
868.0 -61.92
868.4 -62.01
868.8 -62.49
869.2 -61.82
869.6 -62.33
870.0 -61.74
870.4 -61.97
870.8 -62.06
871.2 -62.13
871.6 -61.92
872.0 -61.84
872.4 -61.76
872.8 -61.79
873.2 -61.84
873.6 -61.58
874.0 -61.6
874.4 -61.74
874.8 -61.71
875.2 -62.08
875.6 -61.71
876.0 -61.69
876.4 -61.5
876.8 -61.77
877.2 -61.51
877.6 -61.74
878.0 -61.43
878.4 -61.9
878.8 -61.71
879.2 -61.41
879.6 -61.8
880.0 -61.78
880.4 -61.71
880.8 -61.88
881.2 -61.59
881.6 -61.76
882.0 -61.47
882.4 -61.43
882.8 -61.47
883.2 -61.55
883.6 -61.83
884.0 -61.12
884.4 -61.43
884.8 -61.45
885.2 -61.3
885.6 -61.58
886.0 -61.49
886.4 -61.36
886.8 -61.68
887.2 -61.37
887.6 -61.39
888.0 -61.56
888.4 -61.47
888.8 -61.36
889.2 -61.55
889.6 -61.22
890.0 -61.83
890.4 -61.28
890.8 -61.41
891.2 -61.02
891.6 -60.96
892.0 -61.26
892.4 -61.25
892.8 -61.52
893.2 -61.28
893.6 -61.27
894.0 -61.37
894.4 -61.52
894.8 -61.3
895.2 -61.06
895.6 -61.23
896.0 -61.05
896.4 -61.27
896.8 -61.17
897.2 -60.98
897.6 -61.29
898.0 -61.44
898.4 -61.27
898.8 -60.99
899.2 -60.88
899.6 -60.96
900.0 -60.81
900.4 -61.02
900.8 -60.82
901.2 -61.09
901.6 -60.91
902.0 -60.53
902.4 -61.11
902.8 -60.68
903.2 -60.97
903.6 -60.77
904.0 -60.91
904.4 -61.01
904.8 -60.67
905.2 -60.75
905.6 -60.55
906.0 -60.81
906.4 -60.7
906.8 -60.66
907.2 -60.91
907.6 -60.65
908.0 -60.43
908.4 -60.66
908.8 -60.68
909.2 -60.64
909.6 -60.55
910.0 -60.34
910.4 -60.39
910.8 -60.48
911.2 -60.49
911.6 -60.54
912.0 -60.27
912.4 -60.26
912.8 -60.21
913.2 -60.16
913.6 -60.22
914.0 -60.23
914.4 -60.22
914.8 -60.12
915.2 -60.43
915.6 -60.1
916.0 -60.27
916.4 -59.93
916.8 -60.26
917.2 -60.04
917.6 -59.98
918.0 -60.12
918.4 -59.73
918.8 -60.1
919.2 -59.89
919.6 -60.14
920.0 -59.82
920.4 -59.92
920.8 -59.94
921.2 -59.63
921.6 -59.78
922.0 -59.95
922.4 -59.95
922.8 -59.83
923.2 -59.76
923.6 -59.55
924.0 -59.63
924.4 -59.62
924.8 -59.57
925.2 -59.53
925.6 -59.5
926.0 -59.58
926.4 -59.54
926.8 -59.38
927.2 -59.25
927.6 -59.44
928.0 -59.59
928.4 -59.34
928.8 -59.48
929.2 -59.04
929.6 -59.21
930.0 -59.17
930.4 -59.32
930.8 -59.26
931.2 -59.15
931.6 -59.27
932.0 -59.17
932.4 -59.05
932.8 -59.1
933.2 -59.28
933.6 -59.04
934.0 -59.05
934.4 -59.05
934.8 -58.9
935.2 -59.26
935.6 -59.06
936.0 -58.85
936.4 -58.93
936.8 -59.01
937.2 -59.0
937.6 -59.05
938.0 -58.86
938.4 -58.73
938.8 -58.74
939.2 -58.76
939.6 -58.77
940.0 -58.81
940.4 -58.81
940.8 -58.7
941.2 -58.74
941.6 -58.67
942.0 -58.57
942.4 -58.76
942.8 -58.78
943.2 -58.81
943.6 -58.61
944.0 -58.47
944.4 -58.69
944.8 -58.53
945.2 -58.55
945.6 -58.46
946.0 -58.4
946.4 -58.38
946.8 -58.7
947.2 -58.42
947.6 -58.4
948.0 -58.45
948.4 -58.36
948.8 -58.36
949.2 -58.4
949.6 -58.42
950.0 -58.27
950.4 -58.31
950.8 -58.22
951.2 -58.15
951.6 -58.22
952.0 -58.29
952.4 -58.36
952.8 -58.21
953.2 -58.19
953.6 -58.09
954.0 -58.21
954.4 -58.18
954.8 -58.2
955.2 -58.27
955.6 -58.16
956.0 -58.19
956.4 -58.18
956.8 -58.18
957.2 -58.07
957.6 -58.12
958.0 -58.19
958.4 -58.08
958.8 -58.03
959.2 -58.01
959.6 -58.01
960.0 -57.86
960.4 -57.91
960.8 -57.93
961.2 -57.85
961.6 -57.82
962.0 -57.8
962.4 -57.79
962.8 -57.67
963.2 -57.76
963.6 -57.58
964.0 -57.56
964.4 -57.63
964.8 -57.65
965.2 -57.66
965.6 -57.42
966.0 -57.49
966.4 -57.46
966.8 -57.59
967.2 -57.43
967.6 -57.63
968.0 -57.5
968.4 -57.46
968.8 -57.5
969.2 -57.46
969.6 -57.48
970.0 -57.48
970.4 -57.43
970.8 -57.62
971.2 -57.45
971.6 -57.55
972.0 -57.57
972.4 -57.63
972.8 -57.61
973.2 -57.61
973.6 -57.7
974.0 -57.59
974.4 -57.72
974.8 -57.57
975.2 -57.74
975.6 -57.86
976.0 -57.85
976.4 -57.97
976.8 -57.89
977.2 -57.78
977.6 -57.79
978.0 -57.8
978.4 -57.85
978.8 -57.92
979.2 -57.87
979.6 -57.95
980.0 -57.98
980.4 -57.77
980.8 -57.86
981.2 -57.88
981.6 -57.91
982.0 -57.73
982.4 -57.62
982.8 -57.65
983.2 -57.69
983.6 -57.56
984.0 -57.47
984.4 -57.43
984.8 -57.39
985.2 -57.3
985.6 -57.38
986.0 -57.26
986.4 -57.3
986.8 -57.21
987.2 -57.16
987.6 -57.14
988.0 -57.1
988.4 -57.17
988.8 -57.0
989.2 -56.86
989.6 -57.14
990.0 -56.95
990.4 -56.97
990.8 -57.04
991.2 -56.93
991.6 -56.83
992.0 -56.92
992.4 -56.86
992.8 -56.87
993.2 -56.94
993.6 -56.92
994.0 -56.84
994.4 -56.92
994.8 -56.85
995.2 -57.03
995.6 -56.93
996.0 -57.0
996.4 -56.92
996.8 -56.95
997.2 -56.93
997.6 -57.13
998.0 -57.3
998.4 -57.21
998.8 -57.22
999.2 -57.19
999.6 -57.15
1000.0 -57.02
