600.0 -210.0
600.4 -210.0
600.8 -70.57
601.2 -75.17
601.6 -72.77
602.0 -210.0
602.4 -74.29
602.8 -74.77
603.2 -210.0
603.6 -76.58
604.0 -68.71
604.4 -72.95
604.8 -210.0
605.2 -210.0
605.6 -72.73
606.0 -76.07
606.4 -210.0
606.8 -81.57
607.2 -79.82
607.6 -210.0
608.0 -210.0
608.4 -210.0
608.8 -210.0
609.2 -210.0
609.6 -210.0
610.0 -210.0
610.4 -71.19
610.8 -210.0
611.2 -73.38
611.6 -210.0
612.0 -210.0
612.4 -77.14
612.8 -210.0
613.2 -210.0
613.6 -74.58
614.0 -71.79
614.4 -78.05
614.8 -82.06
615.2 -210.0
615.6 -71.13
616.0 -80.36
616.4 -79.13
616.8 -75.63
617.2 -210.0
617.6 -210.0
618.0 -69.57
618.4 -210.0
618.8 -210.0
619.2 -210.0
619.6 -210.0
620.0 -71.39
620.4 -210.0
620.8 -72.86
621.2 -72.02
621.6 -74.67
622.0 -79.47
622.4 -77.73
622.8 -72.54
623.2 -210.0
623.6 -76.05
624.0 -210.0
624.4 -76.61
624.8 -210.0
625.2 -71.07
625.6 -210.0
626.0 -77.29
626.4 -210.0
626.8 -79.77
627.2 -73.77
627.6 -78.06
628.0 -70.55
628.4 -210.0
628.8 -71.94
629.2 -74.17
629.6 -210.0
630.0 -82.99
630.4 -210.0
630.8 -78.27
631.2 -74.95
631.6 -73.11
632.0 -210.0
632.4 -210.0
632.8 -79.22
633.2 -71.92
633.6 -80.23
634.0 -72.14
634.4 -210.0
634.8 -210.0
635.2 -210.0
635.6 -74.1
636.0 -210.0
636.4 -76.92
636.8 -210.0
637.2 -71.61
637.6 -72.41
638.0 -86.59
638.4 -73.83
638.8 -68.94
639.2 -73.67
639.6 -74.4
640.0 -74.43
640.4 -210.0
640.8 -72.34
641.2 -71.79
641.6 -210.0
642.0 -77.37
642.4 -70.14
642.8 -71.68
643.2 -74.98
643.6 -84.06
644.0 -71.3
644.4 -75.67
644.8 -73.75
645.2 -78.75
645.6 -72.47
646.0 -70.12
646.4 -73.0
646.8 -76.94
647.2 -210.0
647.6 -72.37
648.0 -73.84
648.4 -74.07
648.8 -72.48
649.2 -71.77
649.6 -70.88
650.0 -73.81
650.4 -74.61
650.8 -81.59
651.2 -77.63
651.6 -75.86
652.0 -70.72
652.4 -72.58
652.8 -72.32
653.2 -72.45
653.6 -72.08
654.0 -72.33
654.4 -79.19
654.8 -75.1
655.2 -71.74
655.6 -73.34
656.0 -74.88
656.4 -71.43
656.8 -72.89
657.2 -71.24
657.6 -78.64
658.0 -73.53
658.4 -73.87
658.8 -71.35
659.2 -77.27
659.6 -72.77
660.0 -84.69
660.4 -71.78
660.8 -73.38
661.2 -71.26
661.6 -74.27
662.0 -77.7
662.4 -72.25
662.8 -70.37
663.2 -72.38
663.6 -72.64
664.0 -77.7
664.4 -70.37
664.8 -72.38
665.2 -72.38
665.6 -75.93
666.0 -72.92
666.4 -72.51
666.8 -69.77
667.2 -71.26
667.6 -72.64
668.0 -71.46
668.4 -78.15
668.8 -77.28
669.2 -71.57
669.6 -71.46
670.0 -73.37
670.4 -73.54
670.8 -68.87
671.2 -73.87
671.6 -71.44
672.0 -72.89
672.4 -72.1
672.8 -71.97
673.2 -71.74
673.6 -71.53
674.0 -70.66
674.4 -68.61
674.8 -70.56
675.2 -75.08
675.6 -80.65
676.0 -70.64
676.4 -76.16
676.8 -70.29
677.2 -71.08
677.6 -71.08
678.0 -71.92
678.4 -70.79
678.8 -70.97
679.2 -72.82
679.6 -72.03
680.0 -72.67
680.4 -74.36
680.8 -72.26
681.2 -73.26
681.6 -71.13
682.0 -70.74
682.4 -71.76
682.8 -70.39
683.2 -69.91
683.6 -71.85
684.0 -69.41
684.4 -75.48
684.8 -70.12
685.2 -70.36
685.6 -73.37
686.0 -69.72
686.4 -74.5
686.8 -68.98
687.2 -70.25
687.6 -71.05
688.0 -71.36
688.4 -69.35
688.8 -71.56
689.2 -69.27
689.6 -71.55
690.0 -71.12
690.4 -70.82
690.8 -71.53
691.2 -74.01
691.6 -69.51
692.0 -70.61
692.4 -72.1
692.8 -73.27
693.2 -69.92
693.6 -71.17
694.0 -73.97
694.4 -71.59
694.8 -77.84
695.2 -71.81
695.6 -69.74
696.0 -68.91
696.4 -71.33
696.8 -70.37
697.2 -72.16
697.6 -69.15
698.0 -70.52
698.4 -72.41
698.8 -70.99
699.2 -72.4
699.6 -69.91
700.0 -73.5
700.4 -69.74
700.8 -70.22
701.2 -70.85
701.6 -73.67
702.0 -69.21
702.4 -69.94
702.8 -70.36
703.2 -70.72
703.6 -70.01
704.0 -70.34
704.4 -70.33
704.8 -69.75
705.2 -69.98
705.6 -70.15
706.0 -70.78
706.4 -68.88
706.8 -71.08
707.2 -71.75
707.6 -70.29
708.0 -72.41
708.4 -69.69
708.8 -70.27
709.2 -72.25
709.6 -69.92
710.0 -69.09
710.4 -68.64
710.8 -68.17
711.2 -70.33
711.6 -68.81
712.0 -70.6
712.4 -69.89
712.8 -72.35
713.2 -68.43
713.6 -69.56
714.0 -71.55
714.4 -69.78
714.8 -74.1
715.2 -70.86
715.6 -74.09
716.0 -70.47
716.4 -71.77
716.8 -68.39
717.2 -70.64
717.6 -70.09
718.0 -69.43
718.4 -70.53
718.8 -71.14
719.2 -69.06
719.6 -68.36
720.0 -70.42
720.4 -69.56
720.8 -69.48
721.2 -71.47
721.6 -68.4
722.0 -72.11
722.4 -72.25
722.8 -69.94
723.2 -68.32
723.6 -70.2
724.0 -70.57
724.4 -70.1
724.8 -68.67
725.2 -70.27
725.6 -70.37
726.0 -70.65
726.4 -68.53
726.8 -72.2
727.2 -68.28
727.6 -68.91
728.0 -68.16
728.4 -69.56
728.8 -69.47
729.2 -68.96
729.6 -67.22
730.0 -68.25
730.4 -69.02
730.8 -68.42
731.2 -70.21
731.6 -69.95
732.0 -69.07
732.4 -69.85
732.8 -69.52
733.2 -72.94
733.6 -69.93
734.0 -73.11
734.4 -68.98
734.8 -69.35
735.2 -67.17
735.6 -69.26
736.0 -68.77
736.4 -67.91
736.8 -66.89
737.2 -67.85
737.6 -68.24
738.0 -69.24
738.4 -68.42
738.8 -69.08
739.2 -69.46
739.6 -70.33
740.0 -69.37
740.4 -69.45
740.8 -67.99
741.2 -68.27
741.6 -69.44
742.0 -69.36
742.4 -71.28
742.8 -70.92
743.2 -68.64
743.6 -69.59
744.0 -68.19
744.4 -69.04
744.8 -69.34
745.2 -69.58
745.6 -68.55
746.0 -69.83
746.4 -69.91
746.8 -71.25
747.2 -71.89
747.6 -74.02
748.0 -69.25
748.4 -71.61
748.8 -70.26
749.2 -69.01
749.6 -69.72
750.0 -68.72
750.4 -68.86
750.8 -67.43
751.2 -68.45
751.6 -67.52
752.0 -68.63
752.4 -68.69
752.8 -71.18
753.2 -68.05
753.6 -71.17
754.0 -68.67
754.4 -70.49
754.8 -68.03
755.2 -68.39
755.6 -68.79
756.0 -68.01
756.4 -68.13
756.8 -68.12
757.2 -68.77
757.6 -70.66
758.0 -67.6
758.4 -67.98
758.8 -68.16
759.2 -67.97
759.6 -67.58
760.0 -70.32
760.4 -68.87
760.8 -68.13
761.2 -69.16
761.6 -68.13
762.0 -70.2
762.4 -70.1
762.8 -70.71
763.2 -69.07
763.6 -68.5
764.0 -67.48
764.4 -70.18
764.8 -69.7
765.2 -70.58
765.6 -69.12
766.0 -69.35
766.4 -72.62
766.8 -69.03
767.2 -70.15
767.6 -68.39
768.0 -67.65
768.4 -68.87
768.8 -68.24
769.2 -68.86
769.6 -68.24
770.0 -68.23
770.4 -68.92
770.8 -68.63
771.2 -68.56
771.6 -68.49
772.0 -68.22
772.4 -68.22
772.8 -69.92
773.2 -69.64
773.6 -68.62
774.0 -70.0
774.4 -70.74
774.8 -69.05
775.2 -67.73
775.6 -69.29
776.0 -67.95
776.4 -67.72
776.8 -68.89
777.2 -67.23
777.6 -67.83
778.0 -66.93
778.4 -67.22
778.8 -66.83
779.2 -67.17
779.6 -69.89
780.0 -67.93
780.4 -69.6
780.8 -68.8
781.2 -68.44
781.6 -66.58
782.0 -67.57
782.4 -68.71
782.8 -68.64
783.2 -69.67
783.6 -67.04
784.0 -68.78
784.4 -67.79
784.8 -68.77
785.2 -68.92
785.6 -67.13
786.0 -67.96
786.4 -67.38
786.8 -69.48
787.2 -68.83
787.6 -67.71
788.0 -67.77
788.4 -67.26
788.8 -69.05
789.2 -67.65
789.6 -67.32
790.0 -70.32
790.4 -67.99
790.8 -69.72
791.2 -68.37
791.6 -68.51
792.0 -67.24
792.4 -68.95
792.8 -68.04
793.2 -67.97
793.6 -67.67
794.0 -67.72
794.4 -67.84
794.8 -68.86
795.2 -68.29
795.6 -67.27
796.0 -67.16
796.4 -68.08
796.8 -69.0
797.2 -68.33
797.6 -66.85
798.0 -67.1
798.4 -67.75
798.8 -69.23
799.2 -67.19
799.6 -68.26
800.0 -68.67
800.4 -67.68
800.8 -66.64
801.2 -66.99
801.6 -68.06
802.0 -66.47
802.4 -69.66
802.8 -66.18
803.2 -67.36
803.6 -68.69
804.0 -67.65
804.4 -67.6
804.8 -66.24
805.2 -67.01
805.6 -65.96
806.0 -64.43
806.4 -63.67
806.8 -59.68
807.2 -55.88
807.6 -51.89
808.0 -50.47
808.4 -51.63
808.8 -51.96
809.2 -55.62
809.6 -63.86
810.0 -65.37
810.4 -65.7
810.8 -66.42
811.2 -67.12
811.6 -68.21
812.0 -69.5
812.4 -67.09
812.8 -67.98
813.2 -65.68
813.6 -67.71
814.0 -66.83
814.4 -66.75
814.8 -67.5
815.2 -67.24
815.6 -67.68
816.0 -69.4
816.4 -67.7
816.8 -67.76
817.2 -67.82
817.6 -67.78
818.0 -70.35
818.4 -67.25
818.8 -68.09
819.2 -68.04
819.6 -66.01
820.0 -66.07
820.4 -67.25
820.8 -67.8
821.2 -66.55
821.6 -65.56
822.0 -66.66
822.4 -67.59
822.8 -68.41
823.2 -66.19
823.6 -66.39
824.0 -67.15
824.4 -66.46
824.8 -68.24
825.2 -68.37
825.6 -67.71
826.0 -67.93
826.4 -67.63
826.8 -68.57
827.2 -66.61
827.6 -67.06
828.0 -67.3
828.4 -66.35
828.8 -66.36
829.2 -66.73
829.6 -66.62
830.0 -67.03
830.4 -66.26
830.8 -67.26
831.2 -67.57
831.6 -66.42
832.0 -68.24
832.4 -66.59
832.8 -66.51
833.2 -66.8
833.6 -67.12
834.0 -65.17
834.4 -66.24
834.8 -65.91
835.2 -65.7
835.6 -65.65
836.0 -66.53
836.4 -66.32
836.8 -65.39
837.2 -66.68
837.6 -65.99
838.0 -66.64
838.4 -66.17
838.8 -65.54
839.2 -66.2
839.6 -65.66
840.0 -65.78
840.4 -66.5
840.8 -65.75
841.2 -66.0
841.6 -66.56
842.0 -66.27
842.4 -66.05
842.8 -65.71
843.2 -66.23
843.6 -66.33
844.0 -66.3
844.4 -66.59
844.8 -66.19
845.2 -66.04
845.6 -65.93
846.0 -65.73
846.4 -65.95
846.8 -65.9
847.2 -66.47
847.6 -65.66
848.0 -65.69
848.4 -65.61
848.8 -65.53
849.2 -66.31
849.6 -65.56
850.0 -66.66
850.4 -65.93
850.8 -65.42
851.2 -65.81
851.6 -66.01
852.0 -65.67
852.4 -66.48
852.8 -66.18
853.2 -65.97
853.6 -65.89
854.0 -65.52
854.4 -65.36
854.8 -65.34
855.2 -65.26
855.6 -65.1
856.0 -64.89
856.4 -65.64
856.8 -65.89
857.2 -65.12
857.6 -65.6
858.0 -65.07
858.4 -65.46
858.8 -65.08
859.2 -64.89
859.6 -64.85
860.0 -65.15
860.4 -65.45
860.8 -65.63
861.2 -65.44
861.6 -64.66
862.0 -64.96
862.4 -65.54
862.8 -65.53
863.2 -65.02
863.6 -65.33
864.0 -64.75
864.4 -65.56
864.8 -64.77
865.2 -65.29
865.6 -64.67
866.0 -65.21
866.4 -64.7
866.8 -64.95
867.2 -64.2
867.6 -65.09
868.0 -64.98
868.4 -64.44
868.8 -64.26
869.2 -65.02
869.6 -65.12
870.0 -65.09
870.4 -65.15
870.8 -64.86
871.2 -64.75
871.6 -65.16
872.0 -64.56
872.4 -65.83
872.8 -65.35
873.2 -64.89
873.6 -65.25
874.0 -64.53
874.4 -63.98
874.8 -64.79
875.2 -64.11
875.6 -64.57
876.0 -65.51
876.4 -64.65
876.8 -64.35
877.2 -64.11
877.6 -65.75
878.0 -64.62
878.4 -64.58
878.8 -64.28
879.2 -65.16
879.6 -64.62
880.0 -64.13
880.4 -64.68
880.8 -64.39
881.2 -64.41
881.6 -64.61
882.0 -64.46
882.4 -63.86
882.8 -64.7
883.2 -64.16
883.6 -64.27
884.0 -64.94
884.4 -64.56
884.8 -64.64
885.2 -64.3
885.6 -64.11
886.0 -64.18
886.4 -63.87
886.8 -64.41
887.2 -64.23
887.6 -64.72
888.0 -63.98
888.4 -64.61
888.8 -63.92
889.2 -64.23
889.6 -64.52
890.0 -64.13
890.4 -65.22
890.8 -64.0
891.2 -64.21
891.6 -64.27
892.0 -64.41
892.4 -64.73
892.8 -64.77
893.2 -64.21
893.6 -64.54
894.0 -63.99
894.4 -63.83
894.8 -64.74
895.2 -64.51
895.6 -63.88
896.0 -64.39
896.4 -64.68
896.8 -63.92
897.2 -64.64
897.6 -63.73
898.0 -64.32
898.4 -63.87
898.8 -64.02
899.2 -64.83
899.6 -64.2
900.0 -64.81
900.4 -63.75
900.8 -64.47
901.2 -63.85
901.6 -64.2
902.0 -64.19
902.4 -64.68
902.8 -63.92
903.2 -64.18
903.6 -64.48
904.0 -64.03
904.4 -63.91
904.8 -64.46
905.2 -64.34
905.6 -63.91
906.0 -63.72
906.4 -64.02
906.8 -64.13
907.2 -64.04
907.6 -63.55
908.0 -64.11
908.4 -64.66
908.8 -64.35
909.2 -63.95
909.6 -64.34
910.0 -64.55
910.4 -63.65
910.8 -64.08
911.2 -64.41
911.6 -63.43
912.0 -63.98
912.4 -64.28
912.8 -63.66
913.2 -63.61
913.6 -63.61
914.0 -64.16
914.4 -64.54
914.8 -64.4
915.2 -63.88
915.6 -64.26
916.0 -64.45
916.4 -63.73
916.8 -64.09
917.2 -64.16
917.6 -64.25
918.0 -64.45
918.4 -64.53
918.8 -64.45
919.2 -64.43
919.6 -64.41
920.0 -64.33
920.4 -64.07
920.8 -64.45
921.2 -64.08
921.6 -64.3
922.0 -64.04
922.4 -65.17
922.8 -65.12
923.2 -64.55
923.6 -64.01
924.0 -64.57
924.4 -64.35
924.8 -64.36
925.2 -64.21
925.6 -64.42
926.0 -64.5
926.4 -64.25
926.8 -64.03
927.2 -64.1
927.6 -64.42
928.0 -64.14
928.4 -64.13
928.8 -64.05
929.2 -64.22
929.6 -64.0
930.0 -64.23
930.4 -64.45
930.8 -63.43
931.2 -63.83
931.6 -64.51
932.0 -64.24
932.4 -64.0
932.8 -64.61
933.2 -64.3
933.6 -63.84
934.0 -64.46
934.4 -64.09
934.8 -64.34
935.2 -64.48
935.6 -64.33
936.0 -64.38
936.4 -64.32
936.8 -64.03
937.2 -63.89
937.6 -63.9
938.0 -64.1
938.4 -64.02
938.8 -63.9
939.2 -64.61
939.6 -64.18
940.0 -64.05
940.4 -64.35
940.8 -64.58
941.2 -63.79
941.6 -64.24
942.0 -64.17
942.4 -64.35
942.8 -64.03
943.2 -64.26
943.6 -64.17
944.0 -63.99
944.4 -64.29
944.8 -64.03
945.2 -64.18
945.6 -64.28
946.0 -63.95
946.4 -64.3
946.8 -64.09
947.2 -63.97
947.6 -64.11
948.0 -64.01
948.4 -63.96
948.8 -64.1
949.2 -64.27
949.6 -64.65
950.0 -64.13
950.4 -64.17
950.8 -64.35
951.2 -64.27
951.6 -64.22
952.0 -64.46
952.4 -64.12
952.8 -64.17
953.2 -65.0
953.6 -64.87
954.0 -64.65
954.4 -64.56
954.8 -64.6
955.2 -64.83
955.6 -64.6
956.0 -65.11
956.4 -64.76
956.8 -64.63
957.2 -64.42
957.6 -64.77
958.0 -64.38
958.4 -64.4
958.8 -64.43
959.2 -64.33
959.6 -64.48
960.0 -64.25
960.4 -64.44
960.8 -64.2
961.2 -64.17
961.6 -63.95
962.0 -64.35
962.4 -64.11
962.8 -64.12
963.2 -63.92
963.6 -63.92
964.0 -64.14
964.4 -64.13
964.8 -63.98
965.2 -63.97
965.6 -63.71
966.0 -63.72
966.4 -64.06
966.8 -64.01
967.2 -64.47
967.6 -64.09
968.0 -64.49
968.4 -64.56
968.8 -64.25
969.2 -64.46
969.6 -64.45
970.0 -64.55
970.4 -64.42
970.8 -64.45
971.2 -64.55
971.6 -64.56
972.0 -64.62
972.4 -64.4
972.8 -64.66
973.2 -64.62
973.6 -64.6
974.0 -64.6
974.4 -64.75
974.8 -64.57
975.2 -64.76
975.6 -64.72
976.0 -64.77
976.4 -64.78
976.8 -64.64
977.2 -64.56
977.6 -64.54
978.0 -65.03
978.4 -64.98
978.8 -64.98
979.2 -64.94
979.6 -64.88
980.0 -65.09
980.4 -64.94
980.8 -64.91
981.2 -65.14
981.6 -64.89
982.0 -65.17
982.4 -64.72
982.8 -64.78
983.2 -64.5
983.6 -64.74
984.0 -64.81
984.4 -64.69
984.8 -64.71
985.2 -64.64
985.6 -64.49
986.0 -64.22
986.4 -64.28
986.8 -64.16
987.2 -64.33
987.6 -63.95
988.0 -63.82
988.4 -64.17
988.8 -64.15
989.2 -63.94
989.6 -64.31
990.0 -63.92
990.4 -64.07
990.8 -63.78
991.2 -63.74
991.6 -63.75
992.0 -64.04
992.4 -63.48
992.8 -63.91
993.2 -63.63
993.6 -63.62
994.0 -63.52
994.4 -63.46
994.8 -63.6
995.2 -63.6
995.6 -63.49
996.0 -63.86
996.4 -63.63
996.8 -63.81
997.2 -63.7
997.6 -63.5
998.0 -63.63
998.4 -63.71
998.8 -63.59
999.2 -63.66
999.6 -63.61
1000.0 -63.46
