600.0 -69.22
600.4 -210.0
600.8 -78.16
601.2 -210.0
601.6 -71.68
602.0 -210.0
602.4 -210.0
602.8 -210.0
603.2 -210.0
603.6 -210.0
604.0 -69.77
604.4 -72.37
604.8 -70.64
605.2 -73.67
605.6 -210.0
606.0 -210.0
606.4 -210.0
606.8 -72.02
607.2 -69.28
607.6 -75.08
608.0 -68.63
608.4 -79.9
608.8 -71.92
609.2 -71.94
609.6 -70.28
610.0 -76.32
610.4 -75.26
610.8 -71.21
611.2 -210.0
611.6 -210.0
612.0 -72.34
612.4 -77.14
612.8 -210.0
613.2 -70.19
613.6 -210.0
614.0 -74.22
614.4 -210.0
614.8 -71.09
615.2 -69.9
615.6 -210.0
616.0 -210.0
616.4 -75.61
616.8 -210.0
617.2 -210.0
617.6 -210.0
618.0 -69.46
618.4 -71.47
618.8 -69.61
619.2 -72.54
619.6 -70.43
620.0 -69.68
620.4 -210.0
620.8 -75.87
621.2 -70.97
621.6 -210.0
622.0 -210.0
622.4 -82.51
622.8 -68.14
623.2 -74.43
623.6 -69.91
624.0 -76.07
624.4 -210.0
624.8 -71.35
625.2 -210.0
625.6 -74.58
626.0 -210.0
626.4 -72.34
626.8 -71.65
627.2 -76.27
627.6 -85.85
628.0 -68.96
628.4 -69.66
628.8 -76.37
629.2 -69.7
629.6 -210.0
630.0 -210.0
630.4 -69.59
630.8 -70.61
631.2 -73.3
631.6 -74.65
632.0 -77.11
632.4 -73.17
632.8 -71.15
633.2 -70.67
633.6 -72.83
634.0 -67.59
634.4 -79.33
634.8 -69.62
635.2 -210.0
635.6 -71.49
636.0 -73.88
636.4 -71.15
636.8 -68.37
637.2 -74.48
637.6 -68.85
638.0 -69.68
638.4 -72.64
638.8 -68.32
639.2 -68.75
639.6 -73.28
640.0 -69.92
640.4 -69.96
640.8 -68.82
641.2 -70.12
641.6 -69.25
642.0 -70.19
642.4 -70.23
642.8 -70.97
643.2 -68.9
643.6 -68.55
644.0 -69.1
644.4 -71.69
644.8 -69.18
645.2 -67.96
645.6 -69.61
646.0 -70.29
646.4 -69.32
646.8 -68.78
647.2 -68.52
647.6 -69.87
648.0 -69.19
648.4 -68.98
648.8 -70.81
649.2 -68.76
649.6 -69.82
650.0 -69.69
650.4 -69.55
650.8 -67.7
651.2 -68.43
651.6 -68.7
652.0 -68.28
652.4 -68.77
652.8 -67.68
653.2 -68.6
653.6 -67.96
654.0 -69.07
654.4 -67.91
654.8 -68.11
655.2 -70.41
655.6 -68.52
656.0 -67.06
656.4 -67.29
656.8 -68.69
657.2 -68.33
657.6 -68.48
658.0 -67.76
658.4 -68.64
658.8 -68.05
659.2 -68.6
659.6 -68.14
660.0 -67.53
660.4 -67.2
660.8 -68.11
661.2 -67.53
661.6 -66.94
662.0 -67.4
662.4 -67.13
662.8 -68.94
663.2 -67.96
663.6 -68.45
664.0 -68.66
664.4 -68.77
664.8 -68.3
665.2 -67.53
665.6 -66.83
666.0 -67.28
666.4 -66.56
666.8 -67.7
667.2 -67.16
667.6 -67.74
668.0 -67.57
668.4 -66.59
668.8 -67.28
669.2 -67.7
669.6 -67.74
670.0 -67.35
670.4 -67.23
670.8 -66.12
671.2 -68.04
671.6 -68.04
672.0 -66.73
672.4 -68.91
672.8 -67.05
673.2 -66.65
673.6 -67.57
674.0 -66.28
674.4 -66.64
674.8 -66.81
675.2 -67.03
675.6 -65.96
676.0 -67.21
676.4 -67.85
676.8 -67.45
677.2 -66.9
677.6 -66.54
678.0 -66.71
678.4 -66.85
678.8 -66.39
679.2 -66.23
679.6 -66.39
680.0 -66.87
680.4 -67.29
680.8 -67.84
681.2 -67.2
681.6 -67.27
682.0 -66.28
682.4 -67.34
682.8 -66.18
683.2 -66.94
683.6 -67.41
684.0 -66.4
684.4 -66.88
684.8 -68.13
685.2 -66.51
685.6 -65.75
686.0 -66.2
686.4 -67.13
686.8 -66.67
687.2 -67.45
687.6 -66.88
688.0 -67.07
688.4 -66.79
688.8 -68.13
689.2 -66.07
689.6 -66.67
690.0 -67.54
690.4 -66.14
690.8 -66.88
691.2 -66.16
691.6 -66.68
692.0 -67.3
692.4 -66.96
692.8 -66.41
693.2 -66.17
693.6 -66.65
694.0 -65.78
694.4 -66.08
694.8 -66.49
695.2 -66.37
695.6 -65.76
696.0 -66.03
696.4 -67.31
696.8 -66.46
697.2 -65.36
697.6 -66.34
698.0 -66.13
698.4 -66.61
698.8 -65.56
699.2 -65.73
699.6 -66.28
700.0 -67.09
700.4 -65.74
700.8 -66.33
701.2 -65.61
701.6 -65.7
702.0 -65.78
702.4 -65.28
702.8 -65.31
703.2 -65.38
703.6 -65.89
704.0 -66.53
704.4 -66.27
704.8 -65.56
705.2 -65.52
705.6 -67.1
706.0 -65.72
706.4 -65.71
706.8 -66.1
707.2 -65.43
707.6 -65.7
708.0 -65.57
708.4 -65.71
708.8 -65.71
709.2 -65.96
709.6 -65.99
710.0 -65.76
710.4 -65.85
710.8 -65.16
711.2 -65.84
711.6 -65.58
712.0 -66.0
712.4 -66.13
712.8 -65.42
713.2 -66.05
713.6 -66.11
714.0 -65.53
714.4 -66.42
714.8 -65.52
715.2 -66.3
715.6 -67.05
716.0 -65.39
716.4 -65.47
716.8 -66.37
717.2 -65.71
717.6 -65.23
718.0 -66.27
718.4 -65.89
718.8 -65.59
719.2 -65.92
719.6 -65.72
720.0 -65.97
720.4 -65.52
720.8 -65.33
721.2 -66.7
721.6 -66.32
722.0 -65.82
722.4 -66.31
722.8 -65.46
723.2 -66.08
723.6 -65.81
724.0 -65.39
724.4 -65.33
724.8 -65.09
725.2 -65.92
725.6 -65.79
726.0 -64.97
726.4 -66.53
726.8 -65.84
727.2 -65.87
727.6 -67.06
728.0 -65.09
728.4 -66.21
728.8 -65.31
729.2 -66.39
729.6 -65.37
730.0 -65.3
730.4 -65.61
730.8 -64.95
731.2 -66.14
731.6 -66.22
732.0 -65.59
732.4 -65.46
732.8 -65.79
733.2 -64.93
733.6 -66.27
734.0 -65.98
734.4 -65.51
734.8 -65.87
735.2 -65.9
735.6 -66.33
736.0 -64.64
736.4 -65.65
736.8 -65.52
737.2 -65.33
737.6 -65.54
738.0 -64.4
738.4 -65.94
738.8 -65.83
739.2 -66.65
739.6 -66.49
740.0 -64.95
740.4 -65.18
740.8 -65.3
741.2 -65.77
741.6 -65.57
742.0 -66.63
742.4 -65.67
742.8 -66.46
743.2 -65.13
743.6 -65.44
744.0 -65.3
744.4 -64.84
744.8 -65.18
745.2 -65.4
745.6 -65.71
746.0 -65.11
746.4 -66.06
746.8 -66.1
747.2 -66.09
747.6 -65.94
748.0 -65.19
748.4 -64.98
748.8 -67.02
749.2 -66.63
749.6 -64.62
750.0 -65.08
750.4 -64.97
750.8 -66.24
751.2 -64.79
751.6 -66.01
752.0 -65.36
752.4 -65.33
752.8 -66.97
753.2 -65.99
753.6 -65.21
754.0 -65.84
754.4 -65.08
754.8 -65.17
755.2 -64.78
755.6 -64.36
756.0 -65.28
756.4 -65.37
756.8 -65.98
757.2 -66.61
757.6 -65.16
758.0 -65.86
758.4 -64.89
758.8 -64.91
759.2 -65.53
759.6 -63.97
760.0 -66.09
760.4 -65.65
760.8 -65.64
761.2 -65.64
761.6 -65.82
762.0 -64.99
762.4 -65.95
762.8 -66.29
763.2 -65.26
763.6 -65.55
764.0 -65.0
764.4 -64.8
764.8 -65.3
765.2 -65.18
765.6 -65.37
766.0 -65.52
766.4 -65.73
766.8 -64.8
767.2 -65.9
767.6 -64.57
768.0 -65.57
768.4 -65.21
768.8 -64.58
769.2 -66.4
769.6 -64.95
770.0 -65.03
770.4 -65.22
770.8 -64.85
771.2 -64.51
771.6 -65.55
772.0 -65.68
772.4 -65.08
772.8 -64.84
773.2 -64.99
773.6 -64.42
774.0 -64.18
774.4 -64.89
774.8 -64.75
775.2 -65.14
775.6 -65.3
776.0 -64.54
776.4 -65.1
776.8 -64.94
777.2 -65.13
777.6 -65.25
778.0 -65.41
778.4 -64.93
778.8 -64.34
779.2 -64.37
779.6 -64.99
780.0 -64.18
780.4 -64.57
780.8 -64.83
781.2 -64.77
781.6 -64.85
782.0 -64.76
782.4 -64.22
782.8 -64.97
783.2 -64.36
783.6 -64.96
784.0 -64.84
784.4 -64.44
784.8 -64.54
785.2 -65.37
785.6 -64.0
786.0 -63.95
786.4 -64.97
786.8 -63.96
787.2 -64.7
787.6 -65.16
788.0 -64.97
788.4 -64.75
788.8 -64.69
789.2 -64.15
789.6 -64.05
790.0 -65.05
790.4 -64.14
790.8 -63.84
791.2 -64.53
791.6 -64.82
792.0 -64.94
792.4 -65.3
792.8 -64.52
793.2 -65.29
793.6 -65.12
794.0 -64.68
794.4 -64.24
794.8 -64.46
795.2 -64.63
795.6 -64.1
796.0 -64.13
796.4 -64.7
796.8 -64.36
797.2 -64.25
797.6 -64.19
798.0 -63.87
798.4 -64.37
798.8 -63.98
799.2 -64.77
799.6 -63.98
800.0 -64.76
800.4 -64.5
800.8 -64.82
801.2 -64.6
801.6 -64.45
802.0 -63.96
802.4 -63.55
802.8 -63.19
803.2 -64.75
803.6 -64.25
804.0 -64.1
804.4 -64.42
804.8 -63.93
805.2 -63.83
805.6 -63.81
806.0 -62.93
806.4 -60.32
806.8 -57.36
807.2 -53.63
807.6 -49.59
808.0 -48.27
808.4 -49.2
808.8 -49.78
809.2 -53.75
809.6 -61.07
810.0 -63.31
810.4 -62.91
810.8 -63.7
811.2 -63.72
811.6 -64.09
812.0 -63.86
812.4 -64.72
812.8 -63.94
813.2 -64.03
813.6 -63.27
814.0 -64.24
814.4 -63.97
814.8 -63.84
815.2 -64.26
815.6 -63.85
816.0 -64.1
816.4 -63.62
816.8 -64.01
817.2 -64.48
817.6 -64.85
818.0 -63.75
818.4 -63.61
818.8 -64.33
819.2 -63.0
819.6 -62.98
820.0 -63.63
820.4 -64.12
820.8 -63.72
821.2 -63.89
821.6 -64.05
822.0 -63.48
822.4 -63.98
822.8 -63.47
823.2 -63.66
823.6 -64.05
824.0 -63.34
824.4 -64.19
824.8 -64.51
825.2 -63.82
825.6 -63.66
826.0 -63.89
826.4 -63.67
826.8 -63.89
827.2 -63.64
827.6 -63.85
828.0 -63.06
828.4 -64.1
828.8 -63.33
829.2 -63.78
829.6 -63.77
830.0 -63.28
830.4 -63.2
830.8 -63.27
831.2 -63.69
831.6 -63.09
832.0 -63.42
832.4 -63.43
832.8 -62.8
833.2 -63.58
833.6 -62.91
834.0 -63.34
834.4 -62.87
834.8 -62.95
835.2 -62.72
835.6 -62.78
836.0 -63.07
836.4 -63.2
836.8 -63.43
837.2 -62.79
837.6 -63.33
838.0 -63.44
838.4 -63.03
838.8 -62.94
839.2 -63.13
839.6 -63.22
840.0 -63.26
840.4 -63.52
840.8 -63.28
841.2 -62.77
841.6 -63.19
842.0 -62.92
842.4 -62.93
842.8 -63.03
843.2 -63.19
843.6 -62.83
844.0 -63.3
844.4 -62.81
844.8 -63.11
845.2 -63.2
845.6 -62.84
846.0 -62.66
846.4 -62.64
846.8 -63.06
847.2 -62.78
847.6 -62.53
848.0 -62.83
848.4 -62.91
848.8 -63.11
849.2 -63.23
849.6 -63.01
850.0 -62.84
850.4 -62.48
850.8 -62.51
851.2 -62.93
851.6 -63.03
852.0 -62.87
852.4 -63.36
852.8 -62.36
853.2 -62.96
853.6 -62.62
854.0 -62.56
854.4 -62.51
854.8 -62.48
855.2 -62.82
855.6 -62.74
856.0 -62.86
856.4 -62.35
856.8 -62.54
857.2 -62.82
857.6 -62.51
858.0 -62.43
858.4 -62.5
858.8 -62.36
859.2 -62.57
859.6 -62.67
860.0 -62.43
860.4 -62.75
860.8 -62.35
861.2 -62.35
861.6 -62.46
862.0 -62.18
862.4 -62.37
862.8 -62.38
863.2 -62.46
863.6 -62.13
864.0 -62.12
864.4 -62.02
864.8 -62.61
865.2 -62.12
865.6 -62.1
866.0 -62.11
866.4 -62.37
866.8 -62.4
867.2 -62.55
867.6 -62.28
868.0 -62.09
868.4 -62.51
868.8 -62.64
869.2 -61.82
869.6 -63.13
870.0 -62.24
870.4 -62.09
870.8 -62.17
871.2 -62.12
871.6 -62.25
872.0 -62.42
872.4 -61.91
872.8 -62.32
873.2 -62.05
873.6 -62.18
874.0 -62.09
874.4 -62.48
874.8 -61.93
875.2 -62.17
875.6 -62.46
876.0 -61.85
876.4 -62.35
876.8 -61.98
877.2 -62.14
877.6 -62.58
878.0 -62.46
878.4 -62.37
878.8 -61.59
879.2 -62.19
879.6 -62.06
880.0 -62.17
880.4 -62.1
880.8 -61.76
881.2 -61.9
881.6 -62.03
882.0 -62.24
882.4 -62.15
882.8 -62.11
883.2 -62.35
883.6 -61.93
884.0 -61.72
884.4 -61.71
884.8 -61.82
885.2 -61.63
885.6 -61.65
886.0 -62.2
886.4 -61.89
886.8 -61.96
887.2 -61.96
887.6 -62.01
888.0 -61.45
888.4 -61.8
888.8 -61.75
889.2 -61.57
889.6 -61.8
890.0 -61.9
890.4 -61.69
890.8 -61.62
891.2 -61.77
891.6 -62.17
892.0 -61.68
892.4 -61.83
892.8 -61.39
893.2 -61.88
893.6 -61.27
894.0 -61.51
894.4 -61.48
894.8 -61.81
895.2 -61.59
895.6 -61.56
896.0 -61.85
896.4 -61.64
896.8 -61.2
897.2 -61.8
897.6 -61.24
898.0 -61.53
898.4 -61.67
898.8 -61.4
899.2 -61.62
899.6 -61.31
900.0 -61.44
900.4 -61.63
900.8 -61.72
901.2 -61.56
901.6 -61.74
902.0 -61.4
902.4 -61.7
902.8 -61.34
903.2 -61.73
903.6 -61.85
904.0 -61.46
904.4 -61.34
904.8 -61.79
905.2 -61.8
905.6 -61.19
906.0 -61.48
906.4 -61.45
906.8 -61.59
907.2 -61.58
907.6 -61.0
908.0 -61.05
908.4 -61.1
908.8 -61.45
909.2 -61.63
909.6 -61.08
910.0 -61.46
910.4 -61.35
910.8 -61.51
911.2 -61.34
911.6 -61.09
912.0 -61.36
912.4 -61.0
912.8 -60.84
913.2 -60.97
913.6 -60.86
914.0 -61.21
914.4 -61.31
914.8 -60.86
915.2 -61.14
915.6 -61.29
916.0 -61.13
916.4 -61.18
916.8 -61.03
917.2 -61.34
917.6 -60.94
918.0 -60.88
918.4 -61.35
918.8 -60.93
919.2 -60.92
919.6 -60.91
920.0 -60.99
920.4 -60.99
920.8 -60.54
921.2 -60.76
921.6 -60.77
922.0 -60.58
922.4 -60.78
922.8 -60.92
923.2 -60.61
923.6 -60.75
924.0 -60.88
924.4 -60.54
924.8 -60.73
925.2 -60.44
925.6 -60.84
926.0 -60.67
926.4 -60.53
926.8 -60.57
927.2 -60.37
927.6 -60.39
928.0 -60.43
928.4 -60.32
928.8 -60.3
929.2 -60.35
929.6 -60.57
930.0 -60.19
930.4 -60.18
930.8 -60.35
931.2 -60.51
931.6 -60.47
932.0 -60.5
932.4 -60.38
932.8 -60.28
933.2 -60.28
933.6 -60.32
934.0 -60.46
934.4 -60.43
934.8 -60.26
935.2 -60.42
935.6 -60.26
936.0 -60.29
936.4 -60.56
936.8 -60.21
937.2 -60.31
937.6 -60.5
938.0 -60.35
938.4 -60.3
938.8 -60.25
939.2 -60.14
939.6 -60.04
940.0 -59.98
940.4 -60.16
940.8 -60.31
941.2 -60.24
941.6 -60.13
942.0 -60.08
942.4 -60.51
942.8 -60.05
943.2 -60.01
943.6 -60.18
944.0 -60.06
944.4 -59.93
944.8 -59.79
945.2 -59.87
945.6 -59.92
946.0 -59.98
946.4 -59.75
946.8 -59.91
947.2 -59.82
947.6 -59.79
948.0 -59.88
948.4 -59.75
948.8 -59.88
949.2 -59.7
949.6 -59.85
950.0 -59.99
950.4 -59.71
950.8 -59.84
951.2 -59.69
951.6 -59.79
952.0 -59.92
952.4 -59.75
952.8 -59.98
953.2 -59.86
953.6 -59.93
954.0 -59.78
954.4 -60.0
954.8 -59.8
955.2 -59.82
955.6 -59.68
956.0 -59.71
956.4 -59.89
956.8 -59.8
957.2 -59.88
957.6 -59.92
958.0 -60.0
958.4 -59.82
958.8 -59.9
959.2 -59.72
959.6 -59.72
960.0 -59.67
960.4 -59.69
960.8 -59.59
961.2 -59.67
961.6 -59.67
962.0 -59.7
962.4 -59.61
962.8 -59.54
963.2 -59.51
963.6 -59.5
964.0 -59.62
964.4 -59.44
964.8 -59.42
965.2 -59.38
965.6 -59.38
966.0 -59.44
966.4 -59.46
966.8 -59.29
967.2 -59.47
967.6 -59.34
968.0 -59.43
968.4 -59.5
968.8 -59.34
969.2 -59.46
969.6 -59.3
970.0 -59.36
970.4 -59.56
970.8 -59.4
971.2 -59.38
971.6 -59.42
972.0 -59.45
972.4 -59.41
972.8 -59.49
973.2 -59.52
973.6 -59.42
974.0 -59.74
974.4 -59.44
974.8 -59.43
975.2 -59.51
975.6 -59.79
976.0 -59.53
976.4 -59.63
976.8 -59.56
977.2 -59.78
977.6 -59.73
978.0 -59.69
978.4 -59.73
978.8 -59.62
979.2 -59.7
979.6 -59.75
980.0 -59.68
980.4 -59.82
980.8 -59.59
981.2 -59.7
981.6 -59.52
982.0 -59.46
982.4 -59.4
982.8 -59.37
983.2 -59.24
983.6 -59.44
984.0 -59.3
984.4 -59.26
984.8 -59.28
985.2 -59.26
985.6 -58.97
986.0 -59.12
986.4 -58.98
986.8 -59.05
987.2 -58.86
987.6 -58.8
988.0 -58.91
988.4 -58.86
988.8 -58.78
989.2 -58.82
989.6 -58.84
990.0 -58.84
990.4 -58.72
990.8 -58.69
991.2 -58.63
991.6 -58.59
992.0 -58.69
992.4 -58.71
992.8 -58.66
993.2 -58.58
993.6 -58.63
994.0 -58.5
994.4 -58.55
994.8 -58.59
995.2 -58.42
995.6 -58.52
996.0 -58.61
996.4 -58.57
996.8 -58.64
997.2 -58.72
997.6 -58.7
998.0 -58.67
998.4 -58.8
998.8 -58.7
999.2 -58.83
999.6 -58.74
1000.0 -58.8
