600.0 -210.0
600.4 -210.0
600.8 -73.77
601.2 -73.41
601.6 -73.44
602.0 -72.5
602.4 -66.8
602.8 -81.31
603.2 -75.3
603.6 -210.0
604.0 -71.84
604.4 -72.65
604.8 -71.02
605.2 -210.0
605.6 -210.0
606.0 -72.48
606.4 -74.13
606.8 -210.0
607.2 -79.82
607.6 -210.0
608.0 -70.85
608.4 -74.68
608.8 -210.0
609.2 -68.1
609.6 -71.14
610.0 -70.46
610.4 -73.67
610.8 -67.92
611.2 -81.84
611.6 -69.82
612.0 -74.1
612.4 -74.13
612.8 -75.91
613.2 -69.28
613.6 -210.0
614.0 -71.79
614.4 -75.49
614.8 -210.0
615.2 -75.09
615.6 -73.34
616.0 -210.0
616.4 -210.0
616.8 -70.55
617.2 -74.41
617.6 -79.2
618.0 -210.0
618.4 -74.86
618.8 -210.0
619.2 -71.71
619.6 -71.73
620.0 -210.0
620.4 -73.93
620.8 -73.65
621.2 -210.0
621.6 -79.44
622.0 -72.49
622.4 -210.0
622.8 -210.0
623.2 -76.53
623.6 -210.0
624.0 -68.71
624.4 -210.0
624.8 -73.62
625.2 -71.89
625.6 -71.74
626.0 -74.28
626.4 -210.0
626.8 -210.0
627.2 -78.03
627.6 -69.72
628.0 -69.63
628.4 -210.0
628.8 -74.15
629.2 -210.0
629.6 -73.41
630.0 -76.0
630.4 -71.4
630.8 -75.64
631.2 -70.29
631.6 -83.11
632.0 -71.37
632.4 -76.18
632.8 -73.65
633.2 -86.24
633.6 -75.12
634.0 -210.0
634.4 -72.0
634.8 -75.93
635.2 -72.23
635.6 -210.0
636.0 -70.52
636.4 -76.92
636.8 -76.95
637.2 -78.07
637.6 -72.94
638.0 -73.58
638.4 -71.05
638.8 -72.17
639.2 -73.25
639.6 -76.71
640.0 -70.94
640.4 -70.34
640.8 -70.28
641.2 -72.53
641.6 -71.44
642.0 -210.0
642.4 -72.98
642.8 -73.38
643.2 -71.34
643.6 -71.27
644.0 -72.62
644.4 -71.82
644.8 -69.54
645.2 -81.18
645.6 -73.1
646.0 -72.22
646.4 -71.08
646.8 -70.37
647.2 -71.59
647.6 -70.18
648.0 -71.77
648.4 -71.58
648.8 -71.97
649.2 -70.84
649.6 -72.29
650.0 -69.16
650.4 -70.21
650.8 -72.84
651.2 -72.57
651.6 -74.01
652.0 -70.3
652.4 -70.23
652.8 -69.78
653.2 -71.1
653.6 -72.2
654.0 -69.26
654.4 -71.73
654.8 -69.87
655.2 -70.1
655.6 -73.18
656.0 -70.59
656.4 -69.21
656.8 -71.04
657.2 -71.24
657.6 -71.99
658.0 -72.62
658.4 -70.04
658.8 -71.45
659.2 -71.56
659.6 -70.61
660.0 -69.63
660.4 -68.61
660.8 -70.71
661.2 -68.72
661.6 -69.99
662.0 -70.14
662.4 -69.7
662.8 -72.01
663.2 -69.24
663.6 -71.57
664.0 -69.77
664.4 -70.37
664.8 -69.43
665.2 -69.5
665.6 -69.99
666.0 -71.26
666.4 -68.2
666.8 -69.5
667.2 -71.67
667.6 -69.57
668.0 -71.57
668.4 -69.18
668.8 -68.89
669.2 -69.0
669.6 -69.57
670.0 -71.25
670.4 -69.23
670.8 -68.09
671.2 -72.11
671.6 -68.54
672.0 -72.1
672.4 -69.28
672.8 -69.66
673.2 -69.73
673.6 -68.36
674.0 -68.01
674.4 -69.32
674.8 -69.25
675.2 -69.71
675.6 -69.71
676.0 -70.07
676.4 -69.63
676.8 -70.06
677.2 -68.81
677.6 -69.1
678.0 -67.87
678.4 -68.74
678.8 -68.2
679.2 -69.67
679.6 -71.8
680.0 -70.03
680.4 -67.76
680.8 -67.8
681.2 -69.72
681.6 -69.05
682.0 -67.6
682.4 -69.29
682.8 -68.57
683.2 -68.74
683.6 -68.34
684.0 -68.84
684.4 -69.97
684.8 -67.89
685.2 -69.96
685.6 -67.78
686.0 -67.87
686.4 -69.24
686.8 -69.79
687.2 -69.43
687.6 -67.44
688.0 -70.33
688.4 -67.79
688.8 -68.28
689.2 -67.83
689.6 -68.6
690.0 -68.53
690.4 -69.45
690.8 -68.0
691.2 -67.27
691.6 -67.7
692.0 -68.34
692.4 -67.97
692.8 -66.92
693.2 -68.48
693.6 -69.02
694.0 -68.15
694.4 -67.61
694.8 -67.65
695.2 -70.47
695.6 -69.05
696.0 -67.73
696.4 -68.9
696.8 -68.84
697.2 -68.0
697.6 -68.26
698.0 -69.21
698.4 -69.13
698.8 -67.78
699.2 -67.32
699.6 -67.36
700.0 -67.86
700.4 -68.1
700.8 -68.16
701.2 -69.09
701.6 -67.6
702.0 -67.78
702.4 -68.18
702.8 -68.23
703.2 -67.91
703.6 -67.81
704.0 -67.38
704.4 -67.07
704.8 -68.15
705.2 -67.83
705.6 -67.64
706.0 -67.39
706.4 -66.83
706.8 -67.43
707.2 -68.5
707.6 -68.56
708.0 -67.27
708.4 -66.96
708.8 -67.49
709.2 -68.3
709.6 -67.04
710.0 -67.2
710.4 -67.61
710.8 -66.85
711.2 -66.98
711.6 -67.31
712.0 -66.84
712.4 -66.97
712.8 -67.58
713.2 -67.73
713.6 -67.57
714.0 -67.82
714.4 -68.07
714.8 -67.28
715.2 -67.75
715.6 -66.97
716.0 -67.01
716.4 -65.88
716.8 -68.11
717.2 -68.1
717.6 -67.39
718.0 -67.02
718.4 -67.11
718.8 -66.8
719.2 -67.47
719.6 -66.89
720.0 -66.48
720.4 -67.41
720.8 -66.14
721.2 -67.64
721.6 -66.43
722.0 -66.94
722.4 -68.22
722.8 -67.19
723.2 -67.88
723.6 -66.48
724.0 -66.44
724.4 -66.29
724.8 -68.3
725.2 -66.24
725.6 -66.7
726.0 -67.44
726.4 -65.71
726.8 -66.68
727.2 -67.39
727.6 -66.6
728.0 -66.0
728.4 -67.01
728.8 -67.56
729.2 -67.41
729.6 -68.03
730.0 -66.08
730.4 -67.7
730.8 -67.02
731.2 -67.54
731.6 -67.2
732.0 -64.78
732.4 -66.63
732.8 -66.21
733.2 -67.57
733.6 -66.62
734.0 -67.57
734.4 -67.17
734.8 -68.1
735.2 -69.12
735.6 -67.21
736.0 -66.03
736.4 -67.69
736.8 -65.95
737.2 -69.81
737.6 -65.7
738.0 -66.92
738.4 -67.19
738.8 -67.37
739.2 -66.11
739.6 -67.52
740.0 -66.6
740.4 -67.22
740.8 -67.61
741.2 -68.85
741.6 -66.98
742.0 -65.77
742.4 -66.05
742.8 -66.75
743.2 -66.67
743.6 -66.01
744.0 -66.14
744.4 -66.91
744.8 -66.18
745.2 -66.41
745.6 -67.04
746.0 -66.65
746.4 -66.48
746.8 -66.86
747.2 -65.63
747.6 -66.47
748.0 -67.03
748.4 -65.72
748.8 -66.97
749.2 -67.06
749.6 -65.46
750.0 -66.37
750.4 -66.45
750.8 -66.91
751.2 -66.44
751.6 -66.6
752.0 -67.21
752.4 -65.52
752.8 -66.25
753.2 -65.78
753.6 -65.4
754.0 -66.96
754.4 -67.53
754.8 -66.43
755.2 -65.89
755.6 -66.94
756.0 -66.1
756.4 -65.95
756.8 -66.96
757.2 -67.83
757.6 -66.23
758.0 -67.55
758.4 -65.74
758.8 -65.4
759.2 -67.32
759.6 -66.54
760.0 -67.11
760.4 -66.4
760.8 -66.04
761.2 -65.85
761.6 -66.56
762.0 -65.63
762.4 -65.08
762.8 -66.17
763.2 -65.39
763.6 -66.67
764.0 -66.01
764.4 -65.65
764.8 -66.78
765.2 -66.35
765.6 -65.27
766.0 -66.73
766.4 -66.68
766.8 -66.95
767.2 -65.79
767.6 -66.33
768.0 -65.44
768.4 -67.28
768.8 -66.65
769.2 -66.19
769.6 -65.29
770.0 -65.91
770.4 -65.48
770.8 -65.66
771.2 -65.22
771.6 -65.69
772.0 -65.79
772.4 -64.99
772.8 -66.09
773.2 -66.81
773.6 -67.51
774.0 -65.2
774.4 -65.85
774.8 -66.67
775.2 -66.16
775.6 -65.4
776.0 -66.15
776.4 -65.19
776.8 -65.45
777.2 -64.2
777.6 -66.4
778.0 -67.17
778.4 -65.15
778.8 -66.02
779.2 -65.91
779.6 -65.55
780.0 -66.09
780.4 -65.57
780.8 -66.05
781.2 -65.97
781.6 -64.91
782.0 -65.93
782.4 -64.85
782.8 -64.88
783.2 -64.67
783.6 -65.55
784.0 -65.69
784.4 -65.12
784.8 -65.72
785.2 -65.47
785.6 -65.87
786.0 -64.92
786.4 -64.37
786.8 -65.33
787.2 -64.7
787.6 -66.05
788.0 -65.82
788.4 -65.66
788.8 -64.64
789.2 -65.63
789.6 -65.15
790.0 -65.02
790.4 -64.89
790.8 -64.77
791.2 -65.1
791.6 -65.72
792.0 -65.68
792.4 -65.07
792.8 -65.22
793.2 -65.39
793.6 -65.32
794.0 -64.6
794.4 -65.21
794.8 -65.11
795.2 -65.28
795.6 -64.94
796.0 -64.62
796.4 -65.72
796.8 -64.42
797.2 -65.03
797.6 -64.69
798.0 -66.4
798.4 -64.34
798.8 -64.86
799.2 -65.18
799.6 -65.56
800.0 -65.01
800.4 -65.01
800.8 -65.81
801.2 -65.21
801.6 -64.0
802.0 -65.35
802.4 -65.93
802.8 -64.33
803.2 -64.52
803.6 -64.87
804.0 -65.2
804.4 -63.98
804.8 -64.36
805.2 -64.56
805.6 -64.24
806.0 -63.63
806.4 -61.31
806.8 -57.76
807.2 -54.05
807.6 -50.14
808.0 -48.74
808.4 -49.73
808.8 -50.22
809.2 -53.9
809.6 -61.47
810.0 -63.73
810.4 -64.5
810.8 -64.48
811.2 -64.16
811.6 -64.69
812.0 -65.62
812.4 -64.44
812.8 -65.22
813.2 -65.9
813.6 -66.18
814.0 -64.45
814.4 -63.97
814.8 -64.89
815.2 -65.23
815.6 -64.76
816.0 -64.79
816.4 -63.92
816.8 -65.14
817.2 -64.56
817.6 -64.38
818.0 -65.06
818.4 -65.1
818.8 -65.05
819.2 -65.09
819.6 -64.23
820.0 -65.36
820.4 -64.47
820.8 -64.71
821.2 -64.74
821.6 -64.99
822.0 -64.61
822.4 -63.72
822.8 -64.8
823.2 -64.2
823.6 -65.09
824.0 -64.02
824.4 -64.52
824.8 -64.83
825.2 -64.18
825.6 -64.1
826.0 -64.71
826.4 -64.55
826.8 -64.59
827.2 -64.23
827.6 -65.08
828.0 -64.48
828.4 -64.4
828.8 -64.49
829.2 -63.93
829.6 -64.14
830.0 -64.26
830.4 -63.69
830.8 -64.46
831.2 -64.91
831.6 -64.02
832.0 -64.66
832.4 -64.14
832.8 -64.22
833.2 -64.49
833.6 -64.04
834.0 -64.16
834.4 -63.77
834.8 -63.78
835.2 -63.79
835.6 -63.97
836.0 -63.92
836.4 -63.66
836.8 -63.64
837.2 -63.67
837.6 -63.85
838.0 -63.73
838.4 -63.71
838.8 -64.05
839.2 -63.95
839.6 -63.83
840.0 -64.12
840.4 -63.41
840.8 -63.65
841.2 -64.16
841.6 -63.65
842.0 -63.83
842.4 -64.0
842.8 -63.83
843.2 -63.58
843.6 -63.64
844.0 -63.43
844.4 -63.68
844.8 -64.1
845.2 -63.45
845.6 -63.58
846.0 -63.45
846.4 -63.81
846.8 -63.9
847.2 -63.44
847.6 -63.92
848.0 -63.64
848.4 -63.74
848.8 -63.64
849.2 -63.1
849.6 -63.31
850.0 -63.61
850.4 -63.45
850.8 -63.12
851.2 -63.26
851.6 -63.29
852.0 -63.49
852.4 -63.32
852.8 -63.66
853.2 -63.48
853.6 -63.59
854.0 -63.53
854.4 -63.24
854.8 -63.0
855.2 -63.09
855.6 -63.41
856.0 -63.51
856.4 -63.37
856.8 -62.88
857.2 -63.19
857.6 -62.86
858.0 -63.05
858.4 -62.64
858.8 -62.97
859.2 -63.15
859.6 -63.06
860.0 -62.88
860.4 -62.74
860.8 -62.5
861.2 -62.87
861.6 -63.1
862.0 -62.81
862.4 -62.95
862.8 -63.17
863.2 -62.34
863.6 -63.05
864.0 -62.8
864.4 -62.68
864.8 -62.78
865.2 -62.45
865.6 -62.64
866.0 -62.29
866.4 -62.99
866.8 -62.67
867.2 -62.37
867.6 -62.73
868.0 -62.62
868.4 -62.66
868.8 -62.54
869.2 -62.84
869.6 -62.47
870.0 -62.6
870.4 -62.56
870.8 -62.02
871.2 -62.6
871.6 -62.21
872.0 -62.42
872.4 -62.16
872.8 -62.45
873.2 -62.71
873.6 -62.42
874.0 -62.39
874.4 -62.27
874.8 -62.21
875.2 -62.74
875.6 -62.39
876.0 -62.19
876.4 -62.24
876.8 -62.18
877.2 -62.55
877.6 -62.38
878.0 -62.07
878.4 -62.53
878.8 -62.06
879.2 -62.11
879.6 -62.44
880.0 -62.7
880.4 -62.53
880.8 -61.95
881.2 -62.05
881.6 -62.34
882.0 -62.32
882.4 -62.17
882.8 -62.07
883.2 -62.19
883.6 -62.36
884.0 -61.76
884.4 -61.86
884.8 -62.12
885.2 -61.44
885.6 -62.37
886.0 -61.58
886.4 -62.06
886.8 -62.2
887.2 -61.9
887.6 -61.97
888.0 -61.85
888.4 -61.96
888.8 -61.96
889.2 -61.97
889.6 -61.59
890.0 -61.91
890.4 -61.83
890.8 -61.91
891.2 -61.68
891.6 -61.95
892.0 -61.85
892.4 -61.72
892.8 -61.57
893.2 -61.61
893.6 -61.68
894.0 -61.84
894.4 -61.83
894.8 -61.91
895.2 -61.49
895.6 -61.36
896.0 -61.69
896.4 -62.16
896.8 -61.52
897.2 -61.81
897.6 -61.51
898.0 -61.82
898.4 -61.61
898.8 -61.94
899.2 -61.61
899.6 -61.74
900.0 -61.27
900.4 -61.59
900.8 -61.39
901.2 -61.64
901.6 -61.65
902.0 -61.42
902.4 -61.57
902.8 -61.13
903.2 -61.4
903.6 -61.53
904.0 -61.47
904.4 -61.3
904.8 -61.09
905.2 -61.41
905.6 -61.36
906.0 -61.44
906.4 -61.15
906.8 -61.27
907.2 -61.3
907.6 -61.52
908.0 -61.23
908.4 -60.9
908.8 -61.02
909.2 -60.93
909.6 -61.34
910.0 -60.96
910.4 -61.32
910.8 -60.98
911.2 -61.07
911.6 -61.08
912.0 -61.02
912.4 -61.03
912.8 -60.59
913.2 -60.7
913.6 -60.89
914.0 -60.52
914.4 -60.9
914.8 -60.74
915.2 -61.01
915.6 -60.55
916.0 -61.05
916.4 -60.84
916.8 -60.8
917.2 -60.73
917.6 -60.69
918.0 -60.85
918.4 -60.58
918.8 -60.83
919.2 -60.85
919.6 -60.7
920.0 -60.63
920.4 -60.71
920.8 -60.41
921.2 -60.36
921.6 -60.47
922.0 -60.5
922.4 -60.6
922.8 -60.55
923.2 -60.28
923.6 -60.4
924.0 -60.56
924.4 -60.31
924.8 -60.42
925.2 -60.21
925.6 -60.53
926.0 -60.22
926.4 -60.31
926.8 -60.31
927.2 -60.03
927.6 -60.09
928.0 -60.18
928.4 -60.23
928.8 -60.17
929.2 -60.12
929.6 -60.11
930.0 -59.86
930.4 -60.29
930.8 -59.92
931.2 -59.86
931.6 -60.02
932.0 -59.98
932.4 -59.89
932.8 -59.95
933.2 -59.85
933.6 -59.68
934.0 -60.01
934.4 -59.84
934.8 -59.97
935.2 -60.04
935.6 -59.88
936.0 -59.86
936.4 -59.64
936.8 -59.89
937.2 -59.77
937.6 -59.74
938.0 -59.74
938.4 -59.82
938.8 -59.85
939.2 -59.57
939.6 -59.65
940.0 -59.63
940.4 -59.54
940.8 -59.62
941.2 -59.57
941.6 -59.63
942.0 -59.42
942.4 -59.63
942.8 -59.67
943.2 -59.59
943.6 -59.62
944.0 -59.64
944.4 -59.49
944.8 -59.24
945.2 -59.31
945.6 -59.39
946.0 -59.5
946.4 -59.5
946.8 -59.4
947.2 -59.37
947.6 -59.37
948.0 -59.46
948.4 -59.42
948.8 -59.43
949.2 -59.31
949.6 -59.2
950.0 -59.21
950.4 -59.21
950.8 -59.11
951.2 -59.18
951.6 -59.23
952.0 -59.15
952.4 -59.27
952.8 -59.14
953.2 -59.12
953.6 -59.08
954.0 -59.21
954.4 -59.13
954.8 -59.19
955.2 -59.21
955.6 -59.11
956.0 -59.15
956.4 -59.07
956.8 -58.81
957.2 -59.15
957.6 -59.18
958.0 -59.03
958.4 -59.0
958.8 -58.84
959.2 -59.03
959.6 -58.97
960.0 -58.85
960.4 -58.75
960.8 -58.86
961.2 -58.87
961.6 -58.6
962.0 -58.73
962.4 -58.73
962.8 -58.73
963.2 -58.55
963.6 -58.56
964.0 -58.65
964.4 -58.57
964.8 -58.59
965.2 -58.67
965.6 -58.62
966.0 -58.48
966.4 -58.45
966.8 -58.64
967.2 -58.67
967.6 -58.47
968.0 -58.63
968.4 -58.54
968.8 -58.67
969.2 -58.5
969.6 -58.72
970.0 -58.73
970.4 -58.66
970.8 -58.68
971.2 -58.66
971.6 -58.81
972.0 -58.73
972.4 -58.65
972.8 -58.74
973.2 -58.6
973.6 -58.73
974.0 -58.7
974.4 -58.75
974.8 -58.72
975.2 -58.89
975.6 -58.77
976.0 -58.77
976.4 -59.06
976.8 -58.95
977.2 -58.95
977.6 -58.84
978.0 -59.19
978.4 -58.91
978.8 -58.93
979.2 -58.99
979.6 -59.06
980.0 -58.9
980.4 -59.04
980.8 -59.0
981.2 -58.9
981.6 -58.66
982.0 -58.79
982.4 -58.79
982.8 -58.61
983.2 -58.56
983.6 -58.65
984.0 -58.51
984.4 -58.44
984.8 -58.37
985.2 -58.24
985.6 -58.46
986.0 -58.36
986.4 -58.26
986.8 -58.23
987.2 -58.24
987.6 -58.15
988.0 -58.09
988.4 -57.99
988.8 -57.95
989.2 -57.94
989.6 -58.03
990.0 -57.82
990.4 -57.97
990.8 -57.99
991.2 -57.99
991.6 -57.93
992.0 -57.76
992.4 -57.74
992.8 -57.87
993.2 -57.84
993.6 -57.97
994.0 -57.9
994.4 -57.78
994.8 -57.92
995.2 -57.96
995.6 -57.86
996.0 -57.92
996.4 -58.11
996.8 -57.95
997.2 -58.01
997.6 -58.13
998.0 -58.08
998.4 -58.02
998.8 -58.2
999.2 -58.04
999.6 -57.96
1000.0 -58.14
