600.0 -210.0
600.4 -210.0
600.8 -210.0
601.2 -70.23
601.6 -210.0
602.0 -210.0
602.4 -81.28
602.8 -70.89
603.2 -210.0
603.6 -69.45
604.0 -210.0
604.4 -210.0
604.8 -210.0
605.2 -75.43
605.6 -210.0
606.0 -210.0
606.4 -71.99
606.8 -75.03
607.2 -73.13
607.6 -210.0
608.0 -70.18
608.4 -210.0
608.8 -75.67
609.2 -210.0
609.6 -78.73
610.0 -80.0
610.4 -75.77
610.8 -69.03
611.2 -210.0
611.6 -210.0
612.0 -73.43
612.4 -74.93
612.8 -70.63
613.2 -69.05
613.6 -74.2
614.0 -210.0
614.4 -71.42
614.8 -210.0
615.2 -67.84
615.6 -71.3
616.0 -68.9
616.4 -68.53
616.8 -71.03
617.2 -75.21
617.6 -210.0
618.0 -210.0
618.4 -70.5
618.8 -73.25
619.2 -210.0
619.6 -68.91
620.0 -76.91
620.4 -70.62
620.8 -70.94
621.2 -210.0
621.6 -71.32
622.0 -72.27
622.4 -210.0
622.8 -74.75
623.2 -76.53
623.6 -71.62
624.0 -77.16
624.4 -70.33
624.8 -71.52
625.2 -68.71
625.6 -210.0
626.0 -73.19
626.4 -71.96
626.8 -70.88
627.2 -210.0
627.6 -72.42
628.0 -73.56
628.4 -75.9
628.8 -210.0
629.2 -69.31
629.6 -68.04
630.0 -73.69
630.4 -73.24
630.8 -70.61
631.2 -73.53
631.6 -71.34
632.0 -76.6
632.4 -71.12
632.8 -73.42
633.2 -72.09
633.6 -70.94
634.0 -75.87
634.4 -83.31
634.8 -71.29
635.2 -78.59
635.6 -71.09
636.0 -72.82
636.4 -73.91
636.8 -73.27
637.2 -76.53
637.6 -70.43
638.0 -71.81
638.4 -70.82
638.8 -74.6
639.2 -70.24
639.6 -69.89
640.0 -69.41
640.4 -74.22
640.8 -70.0
641.2 -71.53
641.6 -68.96
642.0 -69.67
642.4 -71.9
642.8 -70.56
643.2 -73.6
643.6 -70.94
644.0 -68.34
644.4 -67.79
644.8 -69.25
645.2 -72.29
645.6 -70.91
646.0 -71.04
646.4 -69.83
646.8 -69.09
647.2 -72.91
647.6 -69.23
648.0 -69.39
648.4 -69.94
648.8 -67.41
649.2 -68.59
649.6 -68.52
650.0 -69.42
650.4 -68.32
650.8 -69.29
651.2 -69.92
651.6 -67.76
652.0 -70.14
652.4 -70.82
652.8 -69.51
653.2 -68.71
653.6 -68.15
654.0 -68.95
654.4 -68.95
654.8 -70.33
655.2 -67.7
655.6 -67.36
656.0 -66.91
656.4 -68.91
656.8 -68.12
657.2 -68.33
657.6 -69.75
658.0 -68.48
658.4 -67.99
658.8 -69.3
659.2 -67.6
659.6 -68.14
660.0 -67.53
660.4 -66.56
660.8 -67.61
661.2 -67.36
661.6 -66.69
662.0 -67.61
662.4 -67.96
662.8 -67.44
663.2 -67.96
663.6 -68.25
664.0 -68.35
664.4 -68.06
664.8 -67.92
665.2 -66.66
665.6 -68.25
666.0 -67.65
666.4 -67.74
666.8 -67.78
667.2 -66.42
667.6 -67.61
668.0 -67.36
668.4 -68.4
668.8 -68.56
669.2 -67.96
669.6 -66.08
670.0 -67.12
670.4 -67.86
670.8 -67.18
671.2 -66.92
671.6 -66.92
672.0 -66.87
672.4 -67.37
672.8 -67.97
673.2 -67.01
673.6 -67.7
674.0 -67.04
674.4 -66.44
674.8 -68.05
675.2 -66.95
675.6 -67.38
676.0 -68.7
676.4 -66.98
676.8 -67.45
677.2 -67.84
677.6 -67.57
678.0 -67.04
678.4 -67.61
678.8 -66.99
679.2 -67.91
679.6 -67.1
680.0 -68.04
680.4 -67.17
680.8 -66.3
681.2 -66.54
681.6 -67.61
682.0 -67.51
682.4 -66.28
682.8 -66.15
683.2 -66.61
683.6 -67.37
684.0 -66.64
684.4 -66.84
684.8 -67.11
685.2 -66.55
685.6 -67.3
686.0 -66.11
686.4 -69.18
686.8 -67.5
687.2 -67.54
687.6 -68.04
688.0 -66.77
688.4 -66.79
688.8 -67.14
689.2 -66.07
689.6 -66.07
690.0 -67.33
690.4 -65.92
690.8 -66.05
691.2 -66.75
691.6 -67.27
692.0 -66.25
692.4 -66.66
692.8 -66.55
693.2 -66.69
693.6 -66.17
694.0 -66.03
694.4 -65.74
694.8 -66.67
695.2 -67.21
695.6 -66.66
696.0 -67.07
696.4 -67.49
696.8 -66.35
697.2 -67.39
697.6 -66.63
698.0 -66.88
698.4 -66.29
698.8 -67.78
699.2 -66.86
699.6 -66.45
700.0 -65.97
700.4 -66.12
700.8 -65.9
701.2 -66.87
701.6 -65.7
702.0 -66.63
702.4 -66.19
702.8 -66.09
703.2 -66.08
703.6 -65.89
704.0 -66.07
704.4 -66.74
704.8 -65.62
705.2 -66.47
705.6 -65.64
706.0 -65.79
706.4 -66.03
706.8 -65.71
707.2 -65.41
707.6 -67.42
708.0 -65.72
708.4 -66.72
708.8 -65.03
709.2 -66.34
709.6 -66.6
710.0 -65.31
710.4 -66.51
710.8 -65.97
711.2 -66.01
711.6 -66.17
712.0 -66.6
712.4 -66.88
712.8 -66.05
713.2 -66.37
713.6 -65.75
714.0 -65.53
714.4 -67.56
714.8 -66.07
715.2 -65.92
715.6 -65.82
716.0 -66.41
716.4 -66.4
716.8 -65.59
717.2 -65.74
717.6 -65.65
718.0 -65.76
718.4 -65.42
718.8 -65.35
719.2 -66.05
719.6 -65.95
720.0 -64.95
720.4 -66.04
720.8 -65.25
721.2 -64.94
721.6 -66.35
722.0 -65.89
722.4 -65.26
722.8 -65.98
723.2 -68.09
723.6 -65.11
724.0 -66.0
724.4 -65.33
724.8 -65.41
725.2 -65.76
725.6 -65.57
726.0 -66.34
726.4 -66.16
726.8 -66.29
727.2 -65.45
727.6 -65.84
728.0 -66.75
728.4 -65.83
728.8 -65.82
729.2 -65.19
729.6 -65.56
730.0 -65.94
730.4 -66.05
730.8 -65.73
731.2 -65.73
731.6 -66.25
732.0 -65.89
732.4 -65.46
732.8 -65.56
733.2 -65.88
733.6 -65.68
734.0 -64.96
734.4 -65.32
734.8 -65.09
735.2 -65.26
735.6 -65.34
736.0 -65.4
736.4 -64.87
736.8 -64.79
737.2 -64.93
737.6 -65.87
738.0 -65.57
738.4 -65.11
738.8 -65.44
739.2 -65.28
739.6 -66.0
740.0 -65.36
740.4 -65.82
740.8 -66.14
741.2 -65.42
741.6 -64.78
742.0 -66.16
742.4 -65.45
742.8 -65.16
743.2 -66.46
743.6 -65.53
744.0 -65.52
744.4 -65.33
744.8 -65.82
745.2 -65.72
745.6 -65.74
746.0 -65.48
746.4 -65.35
746.8 -64.83
747.2 -64.93
747.6 -66.01
748.0 -66.59
748.4 -65.46
748.8 -65.97
749.2 -65.18
749.6 -65.01
750.0 -64.83
750.4 -65.36
750.8 -65.28
751.2 -65.04
751.6 -64.95
752.0 -64.94
752.4 -66.0
752.8 -65.99
753.2 -64.87
753.6 -65.0
754.0 -65.09
754.4 -65.55
754.8 -65.83
755.2 -65.54
755.6 -65.51
756.0 -65.63
756.4 -66.25
756.8 -65.27
757.2 -65.05
757.6 -66.31
758.0 -65.01
758.4 -66.14
758.8 -65.81
759.2 -64.85
759.6 -65.24
760.0 -65.76
760.4 -65.19
760.8 -64.74
761.2 -65.41
761.6 -65.64
762.0 -65.14
762.4 -64.96
762.8 -64.78
763.2 -66.76
763.6 -64.81
764.0 -64.47
764.4 -64.88
764.8 -65.43
765.2 -64.9
765.6 -65.81
766.0 -65.73
766.4 -64.64
766.8 -64.46
767.2 -64.91
767.6 -64.94
768.0 -64.93
768.4 -65.78
768.8 -64.34
769.2 -65.26
769.6 -65.23
770.0 -64.94
770.4 -64.6
770.8 -64.91
771.2 -65.13
771.6 -64.33
772.0 -64.32
772.4 -64.32
772.8 -64.67
773.2 -65.08
773.6 -64.64
774.0 -64.55
774.4 -64.66
774.8 -64.23
775.2 -65.43
775.6 -64.72
776.0 -65.52
776.4 -64.43
776.8 -64.51
777.2 -66.07
777.6 -64.76
778.0 -64.45
778.4 -64.47
778.8 -65.15
779.2 -64.81
779.6 -65.51
780.0 -64.8
780.4 -64.1
780.8 -65.04
781.2 -65.17
781.6 -66.37
782.0 -65.03
782.4 -64.82
782.8 -64.17
783.2 -64.55
783.6 -65.09
784.0 -64.39
784.4 -64.47
784.8 -64.46
785.2 -63.8
785.6 -63.97
786.0 -64.54
786.4 -65.71
786.8 -64.4
787.2 -65.75
787.6 -64.79
788.0 -63.99
788.4 -64.5
788.8 -64.78
789.2 -64.67
789.6 -64.44
790.0 -63.92
790.4 -63.92
790.8 -65.08
791.2 -64.18
791.6 -64.31
792.0 -64.01
792.4 -64.21
792.8 -64.3
793.2 -65.15
793.6 -64.22
794.0 -64.71
794.4 -63.96
794.8 -64.21
795.2 -64.46
795.6 -64.23
796.0 -64.23
796.4 -63.95
796.8 -64.53
797.2 -64.69
797.6 -63.89
798.0 -64.07
798.4 -64.48
798.8 -63.88
799.2 -64.4
799.6 -65.35
800.0 -64.28
800.4 -63.9
800.8 -63.41
801.2 -64.08
801.6 -63.88
802.0 -63.91
802.4 -64.08
802.8 -63.84
803.2 -64.25
803.6 -63.59
804.0 -64.18
804.4 -63.8
804.8 -63.93
805.2 -63.66
805.6 -63.47
806.0 -62.04
806.4 -60.63
806.8 -57.17
807.2 -53.52
807.6 -49.5
808.0 -48.22
808.4 -49.19
808.8 -49.71
809.2 -53.64
809.6 -60.85
810.0 -62.48
810.4 -62.97
810.8 -63.61
811.2 -64.04
811.6 -64.2
812.0 -63.5
812.4 -64.1
812.8 -63.6
813.2 -64.25
813.6 -63.89
814.0 -64.13
814.4 -64.27
814.8 -63.48
815.2 -63.96
815.6 -63.58
816.0 -63.75
816.4 -63.82
816.8 -64.06
817.2 -64.07
817.6 -63.73
818.0 -63.98
818.4 -63.5
818.8 -63.82
819.2 -63.69
819.6 -65.09
820.0 -63.71
820.4 -63.77
820.8 -63.97
821.2 -63.69
821.6 -63.82
822.0 -63.3
822.4 -64.03
822.8 -63.29
823.2 -63.51
823.6 -63.98
824.0 -63.17
824.4 -63.33
824.8 -63.63
825.2 -63.97
825.6 -63.73
826.0 -63.91
826.4 -63.57
826.8 -63.45
827.2 -63.18
827.6 -64.0
828.0 -63.67
828.4 -62.98
828.8 -63.98
829.2 -63.37
829.6 -63.3
830.0 -63.15
830.4 -63.24
830.8 -63.21
831.2 -62.75
831.6 -63.26
832.0 -63.24
832.4 -63.25
832.8 -63.14
833.2 -63.14
833.6 -63.19
834.0 -63.28
834.4 -63.03
834.8 -62.95
835.2 -62.44
835.6 -63.06
836.0 -62.65
836.4 -62.99
836.8 -62.97
837.2 -62.97
837.6 -63.26
838.0 -63.24
838.4 -63.26
838.8 -63.29
839.2 -62.75
839.6 -63.19
840.0 -63.5
840.4 -62.95
840.8 -62.99
841.2 -62.91
841.6 -62.77
842.0 -63.16
842.4 -62.61
842.8 -63.09
843.2 -62.91
843.6 -62.67
844.0 -63.01
844.4 -63.13
844.8 -62.62
845.2 -62.82
845.6 -62.79
846.0 -62.75
846.4 -63.05
846.8 -62.65
847.2 -62.68
847.6 -62.93
848.0 -62.76
848.4 -62.81
848.8 -62.55
849.2 -62.61
849.6 -62.78
850.0 -62.54
850.4 -62.64
850.8 -62.59
851.2 -62.43
851.6 -62.36
852.0 -62.22
852.4 -62.63
852.8 -62.85
853.2 -62.56
853.6 -62.57
854.0 -62.48
854.4 -62.6
854.8 -62.35
855.2 -62.51
855.6 -62.34
856.0 -62.47
856.4 -62.21
856.8 -62.71
857.2 -62.07
857.6 -62.73
858.0 -62.11
858.4 -62.44
858.8 -62.75
859.2 -62.32
859.6 -62.16
860.0 -62.22
860.4 -62.18
860.8 -62.52
861.2 -62.0
861.6 -62.07
862.0 -62.23
862.4 -62.28
862.8 -62.15
863.2 -62.63
863.6 -62.83
864.0 -62.18
864.4 -61.98
864.8 -61.96
865.2 -62.08
865.6 -62.26
866.0 -62.29
866.4 -62.11
866.8 -62.36
867.2 -62.03
867.6 -62.13
868.0 -61.96
868.4 -61.9
868.8 -62.21
869.2 -62.0
869.6 -61.79
870.0 -61.95
870.4 -62.05
870.8 -62.02
871.2 -62.03
871.6 -62.18
872.0 -62.42
872.4 -61.92
872.8 -61.99
873.2 -61.82
873.6 -62.06
874.0 -62.0
874.4 -62.04
874.8 -61.93
875.2 -61.71
875.6 -61.85
876.0 -62.13
876.4 -62.2
876.8 -61.57
877.2 -61.74
877.6 -61.98
878.0 -61.62
878.4 -62.23
878.8 -61.8
879.2 -61.37
879.6 -61.39
880.0 -61.66
880.4 -61.47
880.8 -61.73
881.2 -62.02
881.6 -61.55
882.0 -61.47
882.4 -61.83
882.8 -61.57
883.2 -61.58
883.6 -61.38
884.0 -61.47
884.4 -61.88
884.8 -61.93
885.2 -61.58
885.6 -61.31
886.0 -61.33
886.4 -61.71
886.8 -62.1
887.2 -61.57
887.6 -61.56
888.0 -61.28
888.4 -61.53
888.8 -61.85
889.2 -61.67
889.6 -61.73
890.0 -61.49
890.4 -61.56
890.8 -61.46
891.2 -61.43
891.6 -61.67
892.0 -61.72
892.4 -61.13
892.8 -61.61
893.2 -61.42
893.6 -61.13
894.0 -61.42
894.4 -61.38
894.8 -61.17
895.2 -61.57
895.6 -61.07
896.0 -61.51
896.4 -61.37
896.8 -61.5
897.2 -61.46
897.6 -61.27
898.0 -61.09
898.4 -61.15
898.8 -61.08
899.2 -61.52
899.6 -61.33
900.0 -61.53
900.4 -61.28
900.8 -61.19
901.2 -61.24
901.6 -61.34
902.0 -61.43
902.4 -61.4
902.8 -61.04
903.2 -61.16
903.6 -61.18
904.0 -61.12
904.4 -61.04
904.8 -61.01
905.2 -61.31
905.6 -61.16
906.0 -60.8
906.4 -61.48
906.8 -60.98
907.2 -60.99
907.6 -61.01
908.0 -60.9
908.4 -60.7
908.8 -61.0
909.2 -60.75
909.6 -60.91
910.0 -60.9
910.4 -60.62
910.8 -60.68
911.2 -60.59
911.6 -60.63
912.0 -60.85
912.4 -60.42
912.8 -60.47
913.2 -60.46
913.6 -60.59
914.0 -60.83
914.4 -60.51
914.8 -60.49
915.2 -60.55
915.6 -60.75
916.0 -60.54
916.4 -60.89
916.8 -60.37
917.2 -60.5
917.6 -60.11
918.0 -60.25
918.4 -60.28
918.8 -60.31
919.2 -60.44
919.6 -60.27
920.0 -60.34
920.4 -60.21
920.8 -60.18
921.2 -60.49
921.6 -60.23
922.0 -60.06
922.4 -60.33
922.8 -60.36
923.2 -60.17
923.6 -59.91
924.0 -60.19
924.4 -59.83
924.8 -60.04
925.2 -60.0
925.6 -60.12
926.0 -59.91
926.4 -59.98
926.8 -60.08
927.2 -59.83
927.6 -59.81
928.0 -59.67
928.4 -59.82
928.8 -59.74
929.2 -59.86
929.6 -59.81
930.0 -59.86
930.4 -59.47
930.8 -59.56
931.2 -59.76
931.6 -59.72
932.0 -59.65
932.4 -59.62
932.8 -59.57
933.2 -59.75
933.6 -59.63
934.0 -59.41
934.4 -59.62
934.8 -59.49
935.2 -59.6
935.6 -59.47
936.0 -59.41
936.4 -59.31
936.8 -59.59
937.2 -59.4
937.6 -59.44
938.0 -59.43
938.4 -59.5
938.8 -59.33
939.2 -59.36
939.6 -59.22
940.0 -59.33
940.4 -59.49
940.8 -59.35
941.2 -59.15
941.6 -59.27
942.0 -59.22
942.4 -59.36
942.8 -59.34
943.2 -59.33
943.6 -59.37
944.0 -59.29
944.4 -59.08
944.8 -59.25
945.2 -59.23
945.6 -59.26
946.0 -59.25
946.4 -59.07
946.8 -59.27
947.2 -59.17
947.6 -59.09
948.0 -58.94
948.4 -58.96
948.8 -58.97
949.2 -59.08
949.6 -59.08
950.0 -59.03
950.4 -58.91
950.8 -59.13
951.2 -59.01
951.6 -58.87
952.0 -58.93
952.4 -58.96
952.8 -59.0
953.2 -59.04
953.6 -59.1
954.0 -58.86
954.4 -58.95
954.8 -59.05
955.2 -58.84
955.6 -59.01
956.0 -59.04
956.4 -59.01
956.8 -58.99
957.2 -58.94
957.6 -58.98
958.0 -58.86
958.4 -58.82
958.8 -58.82
959.2 -58.85
959.6 -58.81
960.0 -58.68
960.4 -58.75
960.8 -58.57
961.2 -58.63
961.6 -58.54
962.0 -58.67
962.4 -58.51
962.8 -58.44
963.2 -58.53
963.6 -58.7
964.0 -58.55
964.4 -58.32
964.8 -58.42
965.2 -58.29
965.6 -58.43
966.0 -58.36
966.4 -58.4
966.8 -58.48
967.2 -58.31
967.6 -58.52
968.0 -58.38
968.4 -58.36
968.8 -58.37
969.2 -58.51
969.6 -58.4
970.0 -58.37
970.4 -58.36
970.8 -58.43
971.2 -58.65
971.6 -58.35
972.0 -58.57
972.4 -58.56
972.8 -58.43
973.2 -58.64
973.6 -58.64
974.0 -58.55
974.4 -58.55
974.8 -58.63
975.2 -58.69
975.6 -58.8
976.0 -58.84
976.4 -58.85
976.8 -58.76
977.2 -58.75
977.6 -58.76
978.0 -58.62
978.4 -58.7
978.8 -58.71
979.2 -58.8
979.6 -58.77
980.0 -58.84
980.4 -58.79
980.8 -58.75
981.2 -58.67
981.6 -58.53
982.0 -58.55
982.4 -58.41
982.8 -58.55
983.2 -58.52
983.6 -58.4
984.0 -58.38
984.4 -58.41
984.8 -58.25
985.2 -58.13
985.6 -58.23
986.0 -58.13
986.4 -58.14
986.8 -58.0
987.2 -58.1
987.6 -57.98
988.0 -57.95
988.4 -57.88
988.8 -57.94
989.2 -57.83
989.6 -57.87
990.0 -57.75
990.4 -57.79
990.8 -57.78
991.2 -57.76
991.6 -57.73
992.0 -57.59
992.4 -57.62
992.8 -57.53
993.2 -57.68
993.6 -57.66
994.0 -57.64
994.4 -57.67
994.8 -57.69
995.2 -57.76
995.6 -57.81
996.0 -57.72
996.4 -57.69
996.8 -57.89
997.2 -57.76
997.6 -58.0
998.0 -57.95
998.4 -57.9
998.8 -58.05
999.2 -57.97
999.6 -58.0
1000.0 -57.85
