600.0 -78.11
600.4 -73.36
600.8 -70.38
601.2 -71.65
601.6 -70.81
602.0 -210.0
602.4 -68.84
602.8 -70.17
603.2 -210.0
603.6 -79.59
604.0 -70.97
604.4 -210.0
604.8 -210.0
605.2 -84.47
605.6 -210.0
606.0 -210.0
606.4 -71.54
606.8 -68.78
607.2 -75.05
607.6 -210.0
608.0 -74.66
608.4 -76.22
608.8 -70.9
609.2 -210.0
609.6 -76.97
610.0 -210.0
610.4 -70.03
610.8 -81.82
611.2 -210.0
611.6 -210.0
612.0 -210.0
612.4 -76.47
612.8 -78.92
613.2 -210.0
613.6 -72.95
614.0 -72.97
614.4 -67.25
614.8 -82.06
615.2 -210.0
615.6 -71.88
616.0 -210.0
616.4 -69.71
616.8 -69.73
617.2 -74.79
617.6 -76.77
618.0 -73.49
618.4 -72.72
618.8 -73.83
619.2 -77.54
619.6 -69.78
620.0 -73.9
620.4 -80.62
620.8 -68.26
621.2 -74.65
621.6 -75.05
622.0 -210.0
622.4 -210.0
622.8 -77.76
623.2 -76.02
623.6 -76.05
624.0 -210.0
624.4 -73.34
624.8 -70.61
625.2 -74.23
625.6 -85.72
626.0 -210.0
626.4 -210.0
626.8 -210.0
627.2 -75.4
627.6 -70.79
628.0 -70.68
628.4 -210.0
628.8 -74.78
629.2 -75.14
629.6 -71.65
630.0 -74.86
630.4 -75.61
630.8 -83.05
631.2 -78.3
631.6 -210.0
632.0 -74.38
632.4 -71.4
632.8 -77.75
633.2 -210.0
633.6 -71.34
634.0 -80.26
634.4 -74.55
634.8 -72.2
635.2 -72.06
635.6 -69.78
636.0 -73.88
636.4 -71.55
636.8 -74.73
637.2 -76.53
637.6 -72.94
638.0 -73.36
638.4 -75.15
638.8 -70.96
639.2 -71.36
639.6 -69.07
640.0 -72.26
640.4 -72.46
640.8 -74.51
641.2 -69.06
641.6 -73.08
642.0 -76.12
642.4 -69.17
642.8 -71.68
643.2 -80.04
643.6 -75.3
644.0 -72.62
644.4 -68.81
644.8 -71.99
645.2 -72.58
645.6 -75.48
646.0 -79.49
646.4 -70.78
646.8 -72.3
647.2 -71.7
647.6 -71.3
648.0 -71.12
648.4 -81.47
648.8 -70.81
649.2 -72.79
649.6 -74.38
650.0 -71.28
650.4 -75.06
650.8 -71.18
651.2 -70.3
651.6 -70.72
652.0 -70.22
652.4 -71.51
652.8 -70.56
653.2 -71.3
653.6 -82.87
654.0 -70.83
654.4 -69.72
654.8 -70.25
655.2 -69.46
655.6 -71.03
656.0 -71.04
656.4 -71.54
656.8 -70.18
657.2 -71.99
657.6 -70.77
658.0 -72.62
658.4 -69.04
658.8 -70.7
659.2 -70.44
659.6 -70.36
660.0 -68.94
660.4 -72.78
660.8 -70.88
661.2 -69.77
661.6 -71.46
662.0 -71.67
662.4 -71.78
662.8 -76.23
663.2 -69.37
663.6 -69.84
664.0 -69.7
664.4 -69.63
664.8 -69.0
665.2 -70.06
665.6 -71.57
666.0 -70.29
666.4 -70.14
666.8 -68.4
667.2 -68.5
667.6 -70.06
668.0 -71.16
668.4 -68.01
668.8 -68.77
669.2 -68.89
669.6 -69.0
670.0 -70.7
670.4 -69.56
670.8 -71.14
671.2 -68.18
671.6 -68.75
672.0 -68.53
672.4 -68.8
672.8 -69.66
673.2 -69.8
673.6 -68.52
674.0 -68.78
674.4 -69.26
674.8 -71.4
675.2 -68.29
675.6 -72.32
676.0 -69.11
676.4 -69.92
676.8 -70.99
677.2 -68.27
677.6 -68.17
678.0 -69.03
678.4 -68.57
678.8 -70.04
679.2 -70.52
679.6 -70.04
680.0 -68.95
680.4 -69.01
680.8 -69.0
681.2 -70.59
681.6 -68.43
682.0 -69.85
682.4 -70.15
682.8 -68.74
683.2 -68.97
683.6 -68.09
684.0 -71.41
684.4 -69.01
684.8 -68.23
685.2 -69.25
685.6 -68.76
686.0 -67.55
686.4 -69.58
686.8 -69.04
687.2 -68.46
687.6 -68.45
688.0 -69.42
688.4 -67.84
688.8 -69.02
689.2 -68.54
689.6 -68.89
690.0 -67.87
690.4 -68.05
690.8 -69.81
691.2 -69.11
691.6 -68.09
692.0 -69.5
692.4 -69.35
692.8 -69.49
693.2 -68.16
693.6 -69.08
694.0 -69.01
694.4 -67.8
694.8 -69.12
695.2 -68.34
695.6 -66.96
696.0 -68.07
696.4 -68.55
696.8 -67.77
697.2 -67.76
697.6 -68.21
698.0 -68.25
698.4 -69.13
698.8 -67.03
699.2 -68.93
699.6 -67.49
700.0 -67.62
700.4 -69.03
700.8 -68.54
701.2 -69.16
701.6 -67.89
702.0 -67.23
702.4 -67.77
702.8 -68.4
703.2 -68.17
703.6 -69.55
704.0 -67.16
704.4 -67.89
704.8 -69.68
705.2 -68.03
705.6 -68.3
706.0 -68.46
706.4 -67.08
706.8 -68.51
707.2 -69.56
707.6 -68.33
708.0 -67.23
708.4 -68.31
708.8 -68.66
709.2 -66.83
709.6 -70.63
710.0 -67.66
710.4 -67.33
710.8 -66.93
711.2 -68.11
711.6 -66.57
712.0 -67.27
712.4 -68.0
712.8 -67.73
713.2 -67.93
713.6 -68.31
714.0 -68.14
714.4 -69.04
714.8 -66.85
715.2 -67.32
715.6 -67.8
716.0 -67.23
716.4 -66.55
716.8 -66.48
717.2 -66.95
717.6 -67.58
718.0 -67.77
718.4 -67.48
718.8 -67.32
719.2 -68.42
719.6 -67.56
720.0 -66.63
720.4 -66.71
720.8 -68.11
721.2 -67.95
721.6 -67.04
722.0 -67.03
722.4 -67.99
722.8 -66.85
723.2 -66.64
723.6 -68.44
724.0 -67.27
724.4 -66.71
724.8 -66.54
725.2 -66.28
725.6 -67.65
726.0 -68.66
726.4 -67.07
726.8 -67.29
727.2 -67.78
727.6 -67.53
728.0 -67.52
728.4 -67.38
728.8 -68.03
729.2 -66.35
729.6 -67.13
730.0 -67.91
730.4 -67.26
730.8 -68.24
731.2 -66.56
731.6 -67.54
732.0 -67.38
732.4 -68.06
732.8 -67.19
733.2 -66.75
733.6 -67.14
734.0 -66.7
734.4 -67.87
734.8 -66.15
735.2 -67.61
735.6 -67.31
736.0 -66.4
736.4 -67.39
736.8 -65.68
737.2 -66.89
737.6 -67.05
738.0 -66.92
738.4 -67.38
738.8 -67.52
739.2 -68.06
739.6 -65.9
740.0 -67.66
740.4 -67.56
740.8 -67.31
741.2 -67.11
741.6 -67.98
742.0 -67.81
742.4 -65.91
742.8 -67.8
743.2 -69.05
743.6 -67.1
744.0 -68.31
744.4 -66.14
744.8 -67.58
745.2 -67.48
745.6 -65.88
746.0 -66.06
746.4 -66.65
746.8 -67.23
747.2 -66.12
747.6 -66.35
748.0 -66.31
748.4 -67.35
748.8 -67.87
749.2 -67.71
749.6 -67.82
750.0 -67.24
750.4 -66.33
750.8 -67.33
751.2 -66.02
751.6 -66.72
752.0 -67.83
752.4 -66.71
752.8 -66.88
753.2 -67.16
753.6 -66.13
754.0 -66.91
754.4 -66.73
754.8 -66.16
755.2 -66.8
755.6 -66.59
756.0 -67.26
756.4 -67.67
756.8 -66.74
757.2 -66.53
757.6 -66.91
758.0 -66.69
758.4 -66.11
758.8 -65.88
759.2 -66.02
759.6 -67.42
760.0 -66.44
760.4 -66.49
760.8 -67.15
761.2 -65.75
761.6 -66.23
762.0 -66.3
762.4 -66.51
762.8 -66.94
763.2 -66.21
763.6 -66.25
764.0 -66.49
764.4 -68.04
764.8 -67.06
765.2 -67.06
765.6 -66.48
766.0 -67.62
766.4 -67.01
766.8 -66.02
767.2 -65.87
767.6 -65.87
768.0 -66.53
768.4 -65.37
768.8 -66.4
769.2 -66.4
769.6 -66.7
770.0 -65.59
770.4 -66.3
770.8 -66.97
771.2 -65.99
771.6 -66.14
772.0 -66.77
772.4 -65.98
772.8 -65.47
773.2 -66.42
773.6 -66.09
774.0 -65.5
774.4 -65.6
774.8 -66.04
775.2 -66.54
775.6 -66.41
776.0 -66.23
776.4 -66.11
776.8 -65.81
777.2 -66.66
777.6 -64.91
778.0 -66.39
778.4 -66.43
778.8 -66.69
779.2 -65.58
779.6 -66.22
780.0 -65.75
780.4 -66.13
780.8 -66.13
781.2 -65.94
781.6 -64.85
782.0 -65.53
782.4 -65.85
782.8 -65.32
783.2 -64.72
783.6 -66.19
784.0 -65.31
784.4 -66.27
784.8 -65.87
785.2 -65.76
785.6 -66.06
786.0 -65.94
786.4 -65.9
786.8 -65.9
787.2 -67.07
787.6 -65.23
788.0 -65.78
788.4 -65.56
788.8 -65.85
789.2 -64.81
789.6 -64.61
790.0 -65.27
790.4 -65.76
790.8 -65.24
791.2 -65.1
791.6 -66.1
792.0 -65.61
792.4 -65.07
792.8 -65.35
793.2 -65.49
793.6 -65.35
794.0 -65.62
794.4 -65.85
794.8 -65.34
795.2 -65.7
795.6 -65.84
796.0 -65.76
796.4 -65.07
796.8 -65.51
797.2 -65.53
797.6 -65.57
798.0 -65.98
798.4 -65.42
798.8 -64.92
799.2 -65.08
799.6 -64.4
800.0 -64.67
800.4 -65.58
800.8 -64.73
801.2 -65.67
801.6 -65.18
802.0 -65.7
802.4 -64.83
802.8 -64.38
803.2 -65.43
803.6 -65.0
804.0 -63.98
804.4 -65.4
804.8 -65.07
805.2 -64.88
805.6 -64.03
806.0 -63.43
806.4 -61.81
806.8 -57.79
807.2 -54.3
807.6 -50.31
808.0 -48.89
808.4 -49.91
808.8 -50.31
809.2 -54.05
809.6 -61.74
810.0 -64.17
810.4 -65.03
810.8 -63.75
811.2 -65.5
811.6 -64.63
812.0 -65.52
812.4 -64.87
812.8 -64.71
813.2 -64.98
813.6 -64.78
814.0 -65.31
814.4 -64.71
814.8 -64.52
815.2 -65.26
815.6 -65.79
816.0 -65.16
816.4 -65.33
816.8 -65.17
817.2 -64.84
817.6 -65.28
818.0 -64.82
818.4 -64.12
818.8 -65.3
819.2 -65.28
819.6 -64.94
820.0 -64.93
820.4 -65.44
820.8 -64.65
821.2 -64.94
821.6 -64.99
822.0 -65.09
822.4 -64.99
822.8 -64.64
823.2 -64.94
823.6 -65.0
824.0 -64.58
824.4 -65.4
824.8 -64.91
825.2 -65.06
825.6 -64.57
826.0 -64.55
826.4 -65.0
826.8 -65.76
827.2 -64.95
827.6 -64.45
828.0 -65.12
828.4 -64.33
828.8 -64.98
829.2 -64.51
829.6 -65.06
830.0 -64.77
830.4 -64.13
830.8 -64.53
831.2 -64.42
831.6 -64.68
832.0 -64.56
832.4 -64.97
832.8 -64.39
833.2 -64.38
833.6 -64.39
834.0 -64.03
834.4 -63.88
834.8 -64.22
835.2 -64.2
835.6 -64.01
836.0 -63.98
836.4 -64.03
836.8 -64.25
837.2 -64.18
837.6 -63.86
838.0 -63.97
838.4 -64.52
838.8 -64.14
839.2 -64.14
839.6 -64.44
840.0 -64.27
840.4 -64.19
840.8 -64.06
841.2 -63.7
841.6 -64.16
842.0 -64.08
842.4 -63.68
842.8 -64.59
843.2 -63.76
843.6 -64.17
844.0 -63.73
844.4 -63.71
844.8 -63.88
845.2 -63.7
845.6 -63.9
846.0 -63.91
846.4 -63.52
846.8 -63.68
847.2 -63.39
847.6 -63.73
848.0 -63.13
848.4 -63.46
848.8 -64.09
849.2 -63.31
849.6 -63.62
850.0 -63.45
850.4 -63.38
850.8 -63.29
851.2 -63.32
851.6 -63.52
852.0 -63.96
852.4 -63.5
852.8 -63.56
853.2 -63.35
853.6 -63.36
854.0 -63.86
854.4 -63.03
854.8 -63.37
855.2 -63.3
855.6 -63.15
856.0 -63.25
856.4 -63.29
856.8 -63.49
857.2 -63.1
857.6 -63.45
858.0 -63.38
858.4 -63.01
858.8 -63.66
859.2 -63.34
859.6 -62.88
860.0 -63.79
860.4 -62.74
860.8 -62.79
861.2 -62.83
861.6 -62.97
862.0 -62.95
862.4 -62.92
862.8 -62.97
863.2 -62.61
863.6 -63.22
864.0 -62.71
864.4 -62.66
864.8 -63.23
865.2 -62.31
865.6 -62.46
866.0 -63.06
866.4 -63.04
866.8 -62.95
867.2 -63.04
867.6 -62.83
868.0 -62.82
868.4 -62.5
868.8 -62.57
869.2 -62.98
869.6 -62.75
870.0 -62.95
870.4 -62.69
870.8 -62.63
871.2 -63.05
871.6 -62.6
872.0 -62.82
872.4 -62.78
872.8 -62.41
873.2 -62.5
873.6 -63.11
874.0 -63.03
874.4 -62.5
874.8 -62.71
875.2 -62.64
875.6 -62.48
876.0 -62.9
876.4 -63.05
876.8 -62.39
877.2 -62.57
877.6 -62.36
878.0 -62.61
878.4 -62.23
878.8 -62.28
879.2 -62.4
879.6 -62.35
880.0 -62.25
880.4 -62.54
880.8 -62.25
881.2 -62.29
881.6 -62.34
882.0 -62.85
882.4 -62.89
882.8 -62.32
883.2 -62.47
883.6 -62.15
884.0 -62.4
884.4 -62.16
884.8 -62.27
885.2 -62.26
885.6 -61.98
886.0 -61.85
886.4 -62.0
886.8 -62.39
887.2 -62.14
887.6 -62.22
888.0 -62.17
888.4 -62.33
888.8 -61.97
889.2 -62.13
889.6 -61.97
890.0 -61.92
890.4 -61.75
890.8 -62.27
891.2 -62.1
891.6 -62.15
892.0 -61.88
892.4 -62.37
892.8 -61.97
893.2 -61.57
893.6 -62.21
894.0 -61.94
894.4 -61.94
894.8 -61.97
895.2 -62.05
895.6 -62.22
896.0 -62.07
896.4 -62.19
896.8 -61.82
897.2 -61.93
897.6 -62.6
898.0 -61.88
898.4 -62.18
898.8 -61.51
899.2 -61.65
899.6 -61.84
900.0 -61.97
900.4 -61.78
900.8 -61.72
901.2 -61.96
901.6 -61.83
902.0 -61.76
902.4 -61.52
902.8 -61.64
903.2 -61.92
903.6 -61.91
904.0 -61.66
904.4 -62.02
904.8 -61.69
905.2 -61.65
905.6 -61.64
906.0 -61.88
906.4 -61.56
906.8 -61.52
907.2 -61.92
907.6 -61.59
908.0 -61.36
908.4 -61.49
908.8 -61.45
909.2 -60.96
909.6 -61.65
910.0 -61.38
910.4 -61.18
910.8 -61.31
911.2 -61.4
911.6 -61.37
912.0 -61.23
912.4 -61.32
912.8 -61.61
913.2 -61.05
913.6 -60.93
914.0 -61.24
914.4 -61.16
914.8 -61.02
915.2 -61.38
915.6 -61.13
916.0 -60.96
916.4 -61.09
916.8 -61.05
917.2 -61.1
917.6 -60.89
918.0 -61.14
918.4 -60.98
918.8 -61.08
919.2 -61.29
919.6 -61.08
920.0 -60.88
920.4 -60.73
920.8 -60.87
921.2 -60.71
921.6 -60.91
922.0 -60.78
922.4 -60.61
922.8 -60.65
923.2 -60.6
923.6 -60.79
924.0 -60.63
924.4 -60.64
924.8 -60.72
925.2 -60.39
925.6 -60.85
926.0 -60.47
926.4 -60.39
926.8 -60.74
927.2 -60.63
927.6 -60.57
928.0 -60.6
928.4 -60.51
928.8 -60.47
929.2 -60.6
929.6 -60.57
930.0 -60.31
930.4 -60.28
930.8 -60.33
931.2 -60.11
931.6 -60.41
932.0 -60.45
932.4 -60.31
932.8 -60.14
933.2 -60.37
933.6 -60.31
934.0 -60.26
934.4 -60.07
934.8 -60.12
935.2 -60.18
935.6 -60.38
936.0 -59.99
936.4 -60.18
936.8 -60.04
937.2 -60.04
937.6 -60.12
938.0 -59.98
938.4 -59.93
938.8 -60.12
939.2 -59.98
939.6 -59.92
940.0 -59.81
940.4 -59.97
940.8 -59.98
941.2 -59.94
941.6 -59.8
942.0 -59.9
942.4 -60.1
942.8 -59.95
943.2 -59.76
943.6 -59.86
944.0 -59.82
944.4 -59.79
944.8 -59.79
945.2 -59.64
945.6 -59.78
946.0 -59.84
946.4 -59.79
946.8 -59.7
947.2 -59.92
947.6 -59.84
948.0 -59.8
948.4 -59.79
948.8 -59.63
949.2 -59.58
949.6 -59.77
950.0 -59.85
950.4 -59.7
950.8 -59.95
951.2 -59.73
951.6 -59.52
952.0 -59.59
952.4 -59.66
952.8 -59.79
953.2 -59.66
953.6 -59.73
954.0 -59.75
954.4 -59.73
954.8 -59.61
955.2 -59.67
955.6 -59.7
956.0 -59.63
956.4 -59.55
956.8 -59.56
957.2 -59.47
957.6 -59.53
958.0 -59.55
958.4 -59.68
958.8 -59.55
959.2 -59.41
959.6 -59.41
960.0 -59.32
960.4 -59.34
960.8 -59.38
961.2 -59.49
961.6 -59.25
962.0 -59.31
962.4 -59.19
962.8 -59.15
963.2 -59.16
963.6 -59.3
964.0 -59.26
964.4 -59.27
964.8 -58.96
965.2 -59.06
965.6 -58.91
966.0 -58.9
966.4 -59.06
966.8 -59.3
967.2 -59.14
967.6 -59.11
968.0 -59.25
968.4 -59.14
968.8 -59.21
969.2 -59.08
969.6 -59.2
970.0 -59.18
970.4 -59.14
970.8 -59.21
971.2 -59.26
971.6 -59.1
972.0 -59.23
972.4 -59.11
972.8 -59.13
973.2 -59.18
973.6 -59.17
974.0 -59.24
974.4 -59.31
974.8 -59.58
975.2 -59.3
975.6 -59.31
976.0 -59.38
976.4 -59.41
976.8 -59.51
977.2 -59.35
977.6 -59.42
978.0 -59.33
978.4 -59.35
978.8 -59.36
979.2 -59.54
979.6 -59.5
980.0 -59.45
980.4 -59.44
980.8 -59.45
981.2 -59.38
981.6 -59.29
982.0 -59.18
982.4 -59.12
982.8 -59.11
983.2 -58.98
983.6 -59.02
984.0 -58.91
984.4 -58.88
984.8 -58.82
985.2 -58.86
985.6 -58.74
986.0 -58.8
986.4 -58.55
986.8 -58.57
987.2 -58.6
987.6 -58.62
988.0 -58.53
988.4 -58.32
988.8 -58.44
989.2 -58.4
989.6 -58.33
990.0 -58.31
990.4 -58.34
990.8 -58.3
991.2 -58.44
991.6 -58.34
992.0 -58.36
992.4 -58.24
992.8 -58.28
993.2 -58.16
993.6 -58.36
994.0 -58.25
994.4 -58.33
994.8 -58.21
995.2 -58.18
995.6 -58.43
996.0 -58.38
996.4 -58.36
996.8 -58.38
997.2 -58.33
997.6 -58.35
998.0 -58.4
998.4 -58.49
998.8 -58.39
999.2 -58.58
999.6 -58.52
1000.0 -58.48
