600.0 -73.34
600.4 -210.0
600.8 -68.74
601.2 -73.41
601.6 -210.0
602.0 -81.26
602.4 -72.52
602.8 -70.89
603.2 -71.11
603.6 -81.36
604.0 -210.0
604.4 -210.0
604.8 -77.46
605.2 -70.85
605.6 -70.18
606.0 -76.74
606.4 -78.52
606.8 -71.15
607.2 -69.28
607.6 -71.84
608.0 -210.0
608.4 -210.0
608.8 -210.0
609.2 -69.41
609.6 -68.32
610.0 -71.77
610.4 -72.25
610.8 -71.4
611.2 -77.86
611.6 -73.41
612.0 -78.87
612.4 -78.9
612.8 -81.94
613.2 -75.93
613.6 -81.99
614.0 -69.96
614.4 -74.62
614.8 -69.62
615.2 -69.17
615.6 -210.0
616.0 -72.58
616.4 -79.13
616.8 -73.41
617.2 -71.4
617.6 -210.0
618.0 -68.35
618.4 -76.82
618.8 -71.15
619.2 -210.0
619.6 -70.03
620.0 -73.32
620.4 -210.0
620.8 -69.18
621.2 -68.82
621.6 -82.46
622.0 -70.05
622.4 -71.54
622.8 -71.23
623.2 -72.78
623.6 -71.62
624.0 -72.0
624.4 -71.84
624.8 -69.43
625.2 -72.91
625.6 -210.0
626.0 -71.27
626.4 -72.34
626.8 -68.98
627.2 -71.5
627.6 -71.22
628.0 -73.31
628.4 -70.58
628.8 -68.67
629.2 -69.7
629.6 -70.17
630.0 -72.02
630.4 -70.46
630.8 -68.27
631.2 -73.53
631.6 -72.69
632.0 -68.99
632.4 -80.15
632.8 -71.15
633.2 -69.33
633.6 -69.53
634.0 -68.22
634.4 -69.69
634.8 -68.71
635.2 -68.38
635.6 -71.49
636.0 -70.99
636.4 -68.61
636.8 -68.5
637.2 -68.07
637.6 -69.74
638.0 -68.39
638.4 -69.29
638.8 -71.46
639.2 -67.59
639.6 -70.37
640.0 -68.47
640.4 -70.54
640.8 -68.62
641.2 -68.58
641.6 -69.1
642.0 -69.36
642.4 -67.61
642.8 -68.54
643.2 -67.63
643.6 -66.98
644.0 -68.06
644.4 -68.1
644.8 -67.93
645.2 -69.08
645.6 -67.95
646.0 -68.41
646.4 -66.86
646.8 -66.75
647.2 -67.75
647.6 -68.45
648.0 -66.59
648.4 -67.45
648.8 -67.37
649.2 -68.99
649.6 -66.89
650.0 -68.07
650.4 -67.16
650.8 -69.29
651.2 -67.67
651.6 -66.8
652.0 -69.11
652.4 -68.71
652.8 -68.88
653.2 -67.03
653.6 -66.71
654.0 -67.23
654.4 -67.69
654.8 -68.16
655.2 -67.97
655.6 -66.94
656.0 -67.54
656.4 -66.73
656.8 -66.43
657.2 -65.69
657.6 -67.03
658.0 -66.67
658.4 -67.55
658.8 -67.23
659.2 -67.08
659.6 -66.89
660.0 -66.8
660.4 -67.05
660.8 -66.87
661.2 -66.23
661.6 -67.13
662.0 -66.33
662.4 -66.76
662.8 -65.76
663.2 -66.59
663.6 -66.62
664.0 -66.3
664.4 -66.14
664.8 -66.83
665.2 -66.39
665.6 -66.69
666.0 -66.59
666.4 -67.16
666.8 -66.36
667.2 -66.76
667.6 -66.76
668.0 -66.94
668.4 -66.3
668.8 -66.94
669.2 -65.85
669.6 -66.39
670.0 -66.55
670.4 -67.12
670.8 -66.85
671.2 -66.12
671.6 -66.47
672.0 -66.24
672.4 -65.09
672.8 -66.23
673.2 -65.92
673.6 -66.1
674.0 -66.03
674.4 -66.93
674.8 -65.41
675.2 -66.02
675.6 -66.77
676.0 -66.52
676.4 -65.78
676.8 -65.77
677.2 -66.06
677.6 -65.41
678.0 -65.54
678.4 -66.11
678.8 -65.83
679.2 -65.86
679.6 -65.34
680.0 -65.13
680.4 -65.94
680.8 -66.21
681.2 -65.79
681.6 -65.61
682.0 -66.06
682.4 -66.16
682.8 -66.15
683.2 -65.53
683.6 -65.63
684.0 -65.31
684.4 -65.79
684.8 -66.66
685.2 -65.96
685.6 -65.87
686.0 -64.74
686.4 -65.36
686.8 -66.85
687.2 -66.16
687.6 -65.61
688.0 -65.9
688.4 -66.01
688.8 -66.17
689.2 -65.42
689.6 -65.53
690.0 -65.72
690.4 -65.68
690.8 -64.84
691.2 -65.73
691.6 -65.11
692.0 -65.12
692.4 -65.48
692.8 -65.83
693.2 -65.56
693.6 -65.64
694.0 -64.77
694.4 -65.43
694.8 -65.48
695.2 -64.92
695.6 -65.53
696.0 -65.41
696.4 -65.74
696.8 -64.71
697.2 -64.58
697.6 -64.79
698.0 -66.03
698.4 -65.8
698.8 -65.07
699.2 -65.38
699.6 -64.74
700.0 -66.7
700.4 -65.39
700.8 -64.46
701.2 -64.98
701.6 -64.71
702.0 -65.07
702.4 -65.39
702.8 -65.06
703.2 -66.25
703.6 -65.95
704.0 -64.89
704.4 -65.11
704.8 -65.39
705.2 -65.16
705.6 -65.35
706.0 -65.6
706.4 -65.39
706.8 -65.16
707.2 -64.43
707.6 -64.87
708.0 -64.61
708.4 -65.27
708.8 -65.56
709.2 -64.89
709.6 -64.99
710.0 -65.48
710.4 -65.51
710.8 -65.21
711.2 -65.0
711.6 -64.75
712.0 -65.07
712.4 -64.88
712.8 -65.6
713.2 -64.8
713.6 -64.76
714.0 -65.1
714.4 -65.52
714.8 -65.12
715.2 -65.31
715.6 -64.84
716.0 -65.05
716.4 -64.53
716.8 -65.44
717.2 -64.6
717.6 -64.85
718.0 -65.6
718.4 -65.48
718.8 -66.45
719.2 -65.12
719.6 -64.73
720.0 -64.42
720.4 -65.71
720.8 -64.46
721.2 -65.51
721.6 -64.94
722.0 -64.85
722.4 -64.42
722.8 -65.28
723.2 -65.17
723.6 -65.55
724.0 -64.58
724.4 -65.07
724.8 -65.23
725.2 -65.92
725.6 -64.95
726.0 -64.92
726.4 -65.91
726.8 -65.24
727.2 -64.47
727.6 -65.42
728.0 -65.12
728.4 -64.87
728.8 -64.75
729.2 -65.19
729.6 -64.35
730.0 -64.23
730.4 -65.04
730.8 -66.22
731.2 -64.31
731.6 -64.81
732.0 -64.6
732.4 -65.79
732.8 -66.47
733.2 -66.12
733.6 -64.41
734.0 -65.74
734.4 -65.67
734.8 -65.23
735.2 -64.76
735.6 -65.96
736.0 -65.31
736.4 -64.95
736.8 -64.9
737.2 -65.04
737.6 -65.09
738.0 -66.27
738.4 -64.6
738.8 -66.53
739.2 -65.47
739.6 -65.19
740.0 -65.75
740.4 -65.15
740.8 -65.99
741.2 -64.8
741.6 -65.54
742.0 -66.13
742.4 -64.72
742.8 -65.7
743.2 -65.47
743.6 -65.5
744.0 -64.76
744.4 -65.09
744.8 -64.87
745.2 -65.06
745.6 -65.14
746.0 -65.99
746.4 -67.23
746.8 -65.68
747.2 -65.44
747.6 -65.07
748.0 -66.05
748.4 -65.59
748.8 -65.93
749.2 -65.62
749.6 -65.43
750.0 -65.99
750.4 -64.58
750.8 -65.28
751.2 -64.73
751.6 -64.98
752.0 -65.17
752.4 -65.02
752.8 -65.47
753.2 -65.81
753.6 -64.53
754.0 -65.4
754.4 -64.68
754.8 -65.86
755.2 -65.68
755.6 -65.44
756.0 -65.43
756.4 -65.31
756.8 -64.65
757.2 -64.65
757.6 -65.1
758.0 -66.08
758.4 -64.91
758.8 -65.09
759.2 -64.85
759.6 -65.3
760.0 -64.89
760.4 -65.16
760.8 -64.97
761.2 -64.91
761.6 -64.63
762.0 -65.6
762.4 -65.05
762.8 -65.49
763.2 -67.18
763.6 -65.49
764.0 -64.31
764.4 -64.47
764.8 -64.35
765.2 -64.96
765.6 -65.02
766.0 -66.03
766.4 -64.78
766.8 -64.74
767.2 -65.48
767.6 -65.9
768.0 -65.86
768.4 -65.02
768.8 -65.36
769.2 -64.36
769.6 -64.44
770.0 -65.25
770.4 -64.65
770.8 -65.73
771.2 -64.77
771.6 -64.51
772.0 -64.34
772.4 -65.79
772.8 -65.54
773.2 -64.24
773.6 -64.45
774.0 -64.72
774.4 -64.69
774.8 -65.01
775.2 -65.67
775.6 -64.77
776.0 -64.32
776.4 -64.59
776.8 -64.57
777.2 -65.0
777.6 -65.52
778.0 -64.93
778.4 -65.09
778.8 -64.67
779.2 -65.34
779.6 -65.12
780.0 -64.55
780.4 -64.86
780.8 -64.12
781.2 -65.11
781.6 -64.94
782.0 -65.39
782.4 -64.94
782.8 -65.13
783.2 -64.16
783.6 -65.06
784.0 -65.15
784.4 -64.28
784.8 -64.6
785.2 -65.01
785.6 -64.05
786.0 -65.27
786.4 -64.16
786.8 -65.43
787.2 -64.48
787.6 -64.21
788.0 -64.56
788.4 -64.55
788.8 -64.41
789.2 -64.31
789.6 -65.45
790.0 -64.77
790.4 -64.46
790.8 -65.27
791.2 -64.48
791.6 -64.91
792.0 -64.48
792.4 -65.23
792.8 -64.69
793.2 -64.61
793.6 -64.81
794.0 -64.27
794.4 -64.48
794.8 -64.29
795.2 -63.94
795.6 -64.47
796.0 -64.39
796.4 -63.95
796.8 -64.02
797.2 -63.3
797.6 -64.49
798.0 -64.3
798.4 -64.45
798.8 -64.21
799.2 -64.21
799.6 -63.91
800.0 -64.61
800.4 -63.41
800.8 -64.2
801.2 -64.45
801.6 -63.86
802.0 -64.03
802.4 -64.21
802.8 -63.97
803.2 -64.35
803.6 -63.47
804.0 -64.13
804.4 -63.57
804.8 -63.48
805.2 -63.64
805.6 -63.17
806.0 -62.3
806.4 -60.65
806.8 -57.38
807.2 -53.58
807.6 -49.67
808.0 -48.28
808.4 -49.17
808.8 -49.8
809.2 -53.88
809.6 -60.96
810.0 -62.36
810.4 -62.84
810.8 -63.41
811.2 -63.46
811.6 -64.27
812.0 -63.96
812.4 -64.61
812.8 -63.25
813.2 -63.63
813.6 -63.59
814.0 -63.8
814.4 -64.1
814.8 -63.96
815.2 -63.53
815.6 -63.62
816.0 -63.59
816.4 -63.62
816.8 -63.38
817.2 -63.77
817.6 -63.75
818.0 -64.13
818.4 -63.52
818.8 -63.38
819.2 -63.33
819.6 -63.81
820.0 -63.48
820.4 -63.14
820.8 -63.92
821.2 -63.45
821.6 -64.42
822.0 -63.16
822.4 -63.57
822.8 -63.43
823.2 -63.92
823.6 -63.84
824.0 -63.13
824.4 -63.55
824.8 -63.57
825.2 -63.86
825.6 -63.25
826.0 -63.78
826.4 -63.43
826.8 -63.53
827.2 -63.62
827.6 -63.44
828.0 -63.53
828.4 -63.55
828.8 -63.58
829.2 -64.43
829.6 -63.45
830.0 -63.33
830.4 -63.53
830.8 -63.28
831.2 -63.31
831.6 -63.12
832.0 -63.82
832.4 -63.16
832.8 -63.37
833.2 -63.45
833.6 -63.92
834.0 -63.55
834.4 -63.88
834.8 -63.56
835.2 -63.44
835.6 -63.3
836.0 -63.65
836.4 -63.69
836.8 -64.19
837.2 -63.36
837.6 -63.29
838.0 -63.7
838.4 -63.49
838.8 -63.57
839.2 -63.56
839.6 -63.68
840.0 -64.14
840.4 -63.99
840.8 -63.54
841.2 -63.84
841.6 -64.02
842.0 -63.72
842.4 -63.61
842.8 -63.78
843.2 -63.75
843.6 -64.01
844.0 -63.94
844.4 -63.63
844.8 -63.9
845.2 -63.77
845.6 -64.1
846.0 -63.93
846.4 -63.95
846.8 -64.19
847.2 -64.01
847.6 -64.13
848.0 -63.46
848.4 -63.87
848.8 -64.44
849.2 -63.69
849.6 -63.94
850.0 -64.0
850.4 -63.93
850.8 -64.15
851.2 -63.88
851.6 -63.74
852.0 -63.26
852.4 -63.69
852.8 -64.19
853.2 -64.45
853.6 -63.98
854.0 -64.3
854.4 -64.63
854.8 -63.9
855.2 -64.53
855.6 -63.84
856.0 -63.52
856.4 -64.04
856.8 -63.91
857.2 -63.79
857.6 -64.03
858.0 -63.92
858.4 -64.13
858.8 -64.15
859.2 -64.39
859.6 -64.27
860.0 -63.84
860.4 -64.14
860.8 -63.57
861.2 -63.96
861.6 -63.8
862.0 -64.4
862.4 -64.14
862.8 -63.74
863.2 -63.79
863.6 -63.97
864.0 -63.5
864.4 -64.25
864.8 -63.83
865.2 -63.62
865.6 -64.14
866.0 -64.56
866.4 -64.01
866.8 -63.86
867.2 -64.34
867.6 -64.16
868.0 -63.92
868.4 -63.75
868.8 -64.06
869.2 -63.98
869.6 -63.23
870.0 -63.52
870.4 -64.04
870.8 -63.85
871.2 -63.45
871.6 -64.48
872.0 -63.79
872.4 -63.9
872.8 -63.86
873.2 -64.02
873.6 -63.53
874.0 -64.17
874.4 -63.68
874.8 -64.11
875.2 -64.4
875.6 -63.94
876.0 -64.32
876.4 -63.37
876.8 -63.9
877.2 -64.03
877.6 -63.67
878.0 -64.18
878.4 -63.55
878.8 -63.5
879.2 -64.02
879.6 -63.96
880.0 -63.8
880.4 -63.63
880.8 -63.99
881.2 -63.59
881.6 -63.32
882.0 -64.07
882.4 -63.94
882.8 -63.92
883.2 -63.25
883.6 -63.05
884.0 -63.65
884.4 -63.92
884.8 -63.39
885.2 -63.39
885.6 -63.44
886.0 -63.62
886.4 -64.35
886.8 -63.52
887.2 -63.43
887.6 -63.9
888.0 -63.65
888.4 -63.36
888.8 -63.77
889.2 -63.38
889.6 -64.12
890.0 -63.87
890.4 -63.97
890.8 -63.94
891.2 -63.19
891.6 -63.45
892.0 -63.91
892.4 -63.62
892.8 -63.73
893.2 -64.08
893.6 -63.69
894.0 -63.89
894.4 -63.74
894.8 -63.84
895.2 -63.64
895.6 -63.86
896.0 -63.57
896.4 -64.13
896.8 -63.79
897.2 -63.69
897.6 -63.64
898.0 -63.54
898.4 -63.68
898.8 -63.9
899.2 -64.08
899.6 -64.27
900.0 -63.87
900.4 -64.5
900.8 -63.86
901.2 -64.04
901.6 -64.18
902.0 -63.71
902.4 -63.83
902.8 -63.78
903.2 -63.7
903.6 -64.06
904.0 -63.64
904.4 -63.87
904.8 -63.92
905.2 -64.06
905.6 -63.95
906.0 -63.92
906.4 -63.89
906.8 -64.05
907.2 -63.57
907.6 -63.82
908.0 -63.67
908.4 -64.03
908.8 -63.81
909.2 -63.59
909.6 -64.26
910.0 -64.22
910.4 -64.05
910.8 -63.96
911.2 -64.25
911.6 -63.95
912.0 -63.69
912.4 -63.94
912.8 -64.11
913.2 -63.49
913.6 -63.41
914.0 -63.42
914.4 -63.91
914.8 -64.28
915.2 -63.39
915.6 -63.56
916.0 -64.11
916.4 -64.17
916.8 -63.69
917.2 -63.47
917.6 -64.22
918.0 -64.15
918.4 -63.88
918.8 -63.93
919.2 -63.96
919.6 -63.6
920.0 -64.03
920.4 -63.78
920.8 -63.6
921.2 -64.26
921.6 -63.9
922.0 -63.6
922.4 -64.06
922.8 -63.67
923.2 -63.92
923.6 -64.06
924.0 -63.98
924.4 -64.3
924.8 -63.7
925.2 -64.11
925.6 -63.84
926.0 -64.1
926.4 -63.91
926.8 -63.82
927.2 -64.15
927.6 -63.84
928.0 -64.43
928.4 -63.82
928.8 -63.87
929.2 -64.01
929.6 -63.62
930.0 -64.41
930.4 -63.85
930.8 -64.27
931.2 -63.9
931.6 -64.36
932.0 -64.07
932.4 -64.17
932.8 -63.99
933.2 -64.06
933.6 -63.91
934.0 -64.96
934.4 -64.04
934.8 -64.0
935.2 -64.5
935.6 -63.86
936.0 -64.12
936.4 -64.37
936.8 -64.1
937.2 -63.88
937.6 -64.05
938.0 -64.1
938.4 -63.9
938.8 -64.01
939.2 -63.95
939.6 -64.59
940.0 -64.17
940.4 -63.97
940.8 -64.47
941.2 -63.92
941.6 -64.43
942.0 -64.19
942.4 -64.37
942.8 -64.22
943.2 -63.98
943.6 -63.9
944.0 -64.31
944.4 -64.34
944.8 -64.19
945.2 -63.97
945.6 -63.87
946.0 -63.82
946.4 -64.09
946.8 -64.07
947.2 -64.17
947.6 -64.2
948.0 -64.19
948.4 -64.42
948.8 -63.85
949.2 -64.3
949.6 -64.52
950.0 -64.46
950.4 -64.49
950.8 -64.35
951.2 -64.28
951.6 -64.05
952.0 -64.27
952.4 -64.6
952.8 -64.2
953.2 -64.6
953.6 -64.04
954.0 -64.47
954.4 -64.32
954.8 -64.3
955.2 -64.47
955.6 -64.14
956.0 -64.36
956.4 -64.49
956.8 -64.34
957.2 -64.39
957.6 -64.52
958.0 -64.19
958.4 -64.65
958.8 -64.53
959.2 -64.4
959.6 -64.41
960.0 -64.43
960.4 -64.51
960.8 -64.24
961.2 -64.13
961.6 -64.21
962.0 -63.91
962.4 -64.05
962.8 -64.35
963.2 -64.31
963.6 -63.98
964.0 -63.95
964.4 -64.31
964.8 -64.22
965.2 -64.33
965.6 -63.87
966.0 -63.76
966.4 -63.89
966.8 -64.21
967.2 -64.04
967.6 -63.91
968.0 -64.43
968.4 -64.01
968.8 -63.9
969.2 -63.99
969.6 -63.99
970.0 -64.02
970.4 -63.93
970.8 -64.32
971.2 -64.23
971.6 -64.05
972.0 -63.96
972.4 -63.86
972.8 -64.09
973.2 -63.82
973.6 -64.01
974.0 -64.17
974.4 -64.35
974.8 -64.4
975.2 -64.12
975.6 -64.44
976.0 -64.38
976.4 -64.45
976.8 -63.97
977.2 -64.5
977.6 -64.26
978.0 -64.55
978.4 -64.17
978.8 -64.0
979.2 -64.41
979.6 -64.34
980.0 -64.29
980.4 -64.14
980.8 -64.2
981.2 -64.01
981.6 -64.12
982.0 -64.04
982.4 -63.74
982.8 -63.7
983.2 -63.9
983.6 -63.88
984.0 -63.75
984.4 -63.48
984.8 -63.78
985.2 -63.44
985.6 -63.34
986.0 -63.56
986.4 -63.59
986.8 -63.46
987.2 -63.51
987.6 -63.29
988.0 -63.27
988.4 -63.32
988.8 -62.98
989.2 -63.28
989.6 -62.8
990.0 -62.92
990.4 -62.75
990.8 -63.03
991.2 -62.77
991.6 -62.89
992.0 -62.53
992.4 -62.67
992.8 -62.6
993.2 -62.6
993.6 -62.68
994.0 -62.43
994.4 -62.48
994.8 -62.55
995.2 -62.36
995.6 -62.57
996.0 -62.39
996.4 -62.5
996.8 -62.53
997.2 -62.5
997.6 -62.38
998.0 -62.56
998.4 -62.55
998.8 -62.44
999.2 -62.47
999.6 -62.51
1000.0 -62.38
