600.0 -75.1
600.4 -210.0
600.8 -74.19
601.2 -210.0
601.6 -69.32
602.0 -71.26
602.4 -73.15
602.8 -210.0
603.2 -72.29
603.6 -73.95
604.0 -72.93
604.4 -210.0
604.8 -69.67
605.2 -210.0
605.6 -210.0
606.0 -70.55
606.4 -72.78
606.8 -70.43
607.2 -210.0
607.6 -73.83
608.0 -70.34
608.4 -79.9
608.8 -74.29
609.2 -70.92
609.6 -79.98
610.0 -75.23
610.4 -69.75
610.8 -70.05
611.2 -73.71
611.6 -69.69
612.0 -210.0
612.4 -210.0
612.8 -72.39
613.2 -72.18
613.6 -85.0
614.0 -210.0
614.4 -68.91
614.8 -69.38
615.2 -72.08
615.6 -74.31
616.0 -74.72
616.4 -68.17
616.8 -79.15
617.2 -71.59
617.6 -210.0
618.0 -72.25
618.4 -71.13
618.8 -210.0
619.2 -72.32
619.6 -70.43
620.0 -70.89
620.4 -70.34
620.8 -75.0
621.2 -76.41
621.6 -75.05
622.0 -73.45
622.4 -73.21
622.8 -77.09
623.2 -70.12
623.6 -210.0
624.0 -70.84
624.4 -71.67
624.8 -68.59
625.2 -70.13
625.6 -73.16
626.0 -69.72
626.4 -69.33
626.8 -69.77
627.2 -69.0
627.6 -75.43
628.0 -210.0
628.4 -210.0
628.8 -71.14
629.2 -72.93
629.6 -70.78
630.0 -71.37
630.4 -71.88
630.8 -71.43
631.2 -72.11
631.6 -73.81
632.0 -69.24
632.4 -70.99
632.8 -71.02
633.2 -70.44
633.6 -73.95
634.0 -70.72
634.4 -71.84
634.8 -68.86
635.2 -72.06
635.6 -71.93
636.0 -69.45
636.4 -75.33
636.8 -71.05
637.2 -68.2
637.6 -68.77
638.0 -70.67
638.4 -69.54
638.8 -69.09
639.2 -69.27
639.6 -69.22
640.0 -68.16
640.4 -71.86
640.8 -69.91
641.2 -72.37
641.6 -70.97
642.0 -67.28
642.4 -69.55
642.8 -69.75
643.2 -67.78
643.6 -69.28
644.0 -70.28
644.4 -68.81
644.8 -68.72
645.2 -67.81
645.6 -67.8
646.0 -67.69
646.4 -68.68
646.8 -67.36
647.2 -68.25
647.6 -69.23
648.0 -68.06
648.4 -68.36
648.8 -68.4
649.2 -68.27
649.6 -68.16
650.0 -69.76
650.4 -67.79
650.8 -66.9
651.2 -69.05
651.6 -68.82
652.0 -68.23
652.4 -70.0
652.8 -68.83
653.2 -68.29
653.6 -66.93
654.0 -66.61
654.4 -68.25
654.8 -67.57
655.2 -67.4
655.6 -68.26
656.0 -67.37
656.4 -68.08
656.8 -66.2
657.2 -67.99
657.6 -67.51
658.0 -67.11
658.4 -66.88
658.8 -67.47
659.2 -67.35
659.6 -68.44
660.0 -67.48
660.4 -67.13
660.8 -66.62
661.2 -67.48
661.6 -66.76
662.0 -67.74
662.4 -66.94
662.8 -67.24
663.2 -66.17
663.6 -67.2
664.0 -67.7
664.4 -66.98
664.8 -67.01
665.2 -66.9
665.6 -66.56
666.0 -67.4
666.4 -66.56
666.8 -66.69
667.2 -66.87
667.6 -66.52
668.0 -66.76
668.4 -66.52
668.8 -68.45
669.2 -67.4
669.6 -66.83
670.0 -67.73
670.4 -67.15
670.8 -66.99
671.2 -66.25
671.6 -66.18
672.0 -66.63
672.4 -66.11
672.8 -66.26
673.2 -67.05
673.6 -66.58
674.0 -66.85
674.4 -66.12
674.8 -66.5
675.2 -66.7
675.6 -66.74
676.0 -66.13
676.4 -65.84
676.8 -66.61
677.2 -66.19
677.6 -66.72
678.0 -66.14
678.4 -66.67
678.8 -66.59
679.2 -66.88
679.6 -66.46
680.0 -66.28
680.4 -65.41
680.8 -65.73
681.2 -66.37
681.6 -66.29
682.0 -66.35
682.4 -67.34
682.8 -65.96
683.2 -66.9
683.6 -66.36
684.0 -66.36
684.4 -65.54
684.8 -66.16
685.2 -67.14
685.6 -65.45
686.0 -65.92
686.4 -66.64
686.8 -65.76
687.2 -66.56
687.6 -66.62
688.0 -65.87
688.4 -65.57
688.8 -66.24
689.2 -66.5
689.6 -66.26
690.0 -65.75
690.4 -66.41
690.8 -66.24
691.2 -66.36
691.6 -65.59
692.0 -65.93
692.4 -66.05
692.8 -66.38
693.2 -65.85
693.6 -67.15
694.0 -66.46
694.4 -65.99
694.8 -65.86
695.2 -66.48
695.6 -66.01
696.0 -66.0
696.4 -65.62
696.8 -66.82
697.2 -65.7
697.6 -65.7
698.0 -66.1
698.4 -65.39
698.8 -65.26
699.2 -65.27
699.6 -64.81
700.0 -65.21
700.4 -66.69
700.8 -65.87
701.2 -66.32
701.6 -65.67
702.0 -65.4
702.4 -66.33
702.8 -66.3
703.2 -65.21
703.6 -65.76
704.0 -65.69
704.4 -65.45
704.8 -65.65
705.2 -64.58
705.6 -65.38
706.0 -65.54
706.4 -66.27
706.8 -65.44
707.2 -65.13
707.6 -65.58
708.0 -65.76
708.4 -65.78
708.8 -65.53
709.2 -65.43
709.6 -64.86
710.0 -65.28
710.4 -65.14
710.8 -64.59
711.2 -64.52
711.6 -64.66
712.0 -65.58
712.4 -65.96
712.8 -66.3
713.2 -66.3
713.6 -64.91
714.0 -65.33
714.4 -65.2
714.8 -64.8
715.2 -65.42
715.6 -65.6
716.0 -65.82
716.4 -64.83
716.8 -65.75
717.2 -64.69
717.6 -66.39
718.0 -64.74
718.4 -65.42
718.8 -65.69
719.2 -65.32
719.6 -65.15
720.0 -65.77
720.4 -64.42
720.8 -65.36
721.2 -65.39
721.6 -65.1
722.0 -64.75
722.4 -67.39
722.8 -64.97
723.2 -65.46
723.6 -64.79
724.0 -64.8
724.4 -64.45
724.8 -66.43
725.2 -65.41
725.6 -65.21
726.0 -65.22
726.4 -65.43
726.8 -64.96
727.2 -65.45
727.6 -64.8
728.0 -65.83
728.4 -65.2
728.8 -65.78
729.2 -65.49
729.6 -65.31
730.0 -65.61
730.4 -65.61
730.8 -65.8
731.2 -65.73
731.6 -65.73
732.0 -65.22
732.4 -64.94
732.8 -64.99
733.2 -65.07
733.6 -65.01
734.0 -65.45
734.4 -65.73
734.8 -65.06
735.2 -65.0
735.6 -65.69
736.0 -66.0
736.4 -65.49
736.8 -65.99
737.2 -65.27
737.6 -65.35
738.0 -65.77
738.4 -64.94
738.8 -64.88
739.2 -65.93
739.6 -65.19
740.0 -64.58
740.4 -65.27
740.8 -66.29
741.2 -65.38
741.6 -65.54
742.0 -65.57
742.4 -65.17
742.8 -65.05
743.2 -65.7
743.6 -65.44
744.0 -65.09
744.4 -65.82
744.8 -65.09
745.2 -65.46
745.6 -65.88
746.0 -65.14
746.4 -65.58
746.8 -65.14
747.2 -64.4
747.6 -66.05
748.0 -65.07
748.4 -65.62
748.8 -64.86
749.2 -64.98
749.6 -65.03
750.0 -64.85
750.4 -65.32
750.8 -65.64
751.2 -65.1
751.6 -64.95
752.0 -65.72
752.4 -65.42
752.8 -65.04
753.2 -65.19
753.6 -64.46
754.0 -65.09
754.4 -64.79
754.8 -66.04
755.2 -64.95
755.6 -65.29
756.0 -65.21
756.4 -64.4
756.8 -64.79
757.2 -64.88
757.6 -65.19
758.0 -65.13
758.4 -66.07
758.8 -65.78
759.2 -65.36
759.6 -64.71
760.0 -64.87
760.4 -64.59
760.8 -65.41
761.2 -65.64
761.6 -65.41
762.0 -65.33
762.4 -64.85
762.8 -64.89
763.2 -65.23
763.6 -64.35
764.0 -66.08
764.4 -65.22
764.8 -65.92
765.2 -65.81
765.6 -64.56
766.0 -64.95
766.4 -64.86
766.8 -65.79
767.2 -64.71
767.6 -65.38
768.0 -66.75
768.4 -65.02
768.8 -64.83
769.2 -64.89
769.6 -65.2
770.0 -64.51
770.4 -64.79
770.8 -66.06
771.2 -65.52
771.6 -66.18
772.0 -65.47
772.4 -64.84
772.8 -65.44
773.2 -65.47
773.6 -64.53
774.0 -64.39
774.4 -64.36
774.8 -64.49
775.2 -64.66
775.6 -65.3
776.0 -65.7
776.4 -65.39
776.8 -65.52
777.2 -65.13
777.6 -64.12
778.0 -63.94
778.4 -64.87
778.8 -65.34
779.2 -64.81
779.6 -64.84
780.0 -64.66
780.4 -64.74
780.8 -65.14
781.2 -64.69
781.6 -65.67
782.0 -63.92
782.4 -64.51
782.8 -66.16
783.2 -64.96
783.6 -64.93
784.0 -65.38
784.4 -65.84
784.8 -65.14
785.2 -65.27
785.6 -65.2
786.0 -64.3
786.4 -64.21
786.8 -65.64
787.2 -64.59
787.6 -64.82
788.0 -64.34
788.4 -64.93
788.8 -63.95
789.2 -64.75
789.6 -64.18
790.0 -65.17
790.4 -64.86
790.8 -65.44
791.2 -65.43
791.6 -64.97
792.0 -65.1
792.4 -65.83
792.8 -65.46
793.2 -64.96
793.6 -64.72
794.0 -64.29
794.4 -63.99
794.8 -64.35
795.2 -64.51
795.6 -63.95
796.0 -64.88
796.4 -64.18
796.8 -64.5
797.2 -65.64
797.6 -65.26
798.0 -64.35
798.4 -64.26
798.8 -64.0
799.2 -63.93
799.6 -64.34
800.0 -64.53
800.4 -64.17
800.8 -63.48
801.2 -63.98
801.6 -64.43
802.0 -64.16
802.4 -64.21
802.8 -64.35
803.2 -64.27
803.6 -64.69
804.0 -63.66
804.4 -64.88
804.8 -63.71
805.2 -63.4
805.6 -63.67
806.0 -62.84
806.4 -60.65
806.8 -57.63
807.2 -53.88
807.6 -49.79
808.0 -48.43
808.4 -49.3
808.8 -49.74
809.2 -53.54
809.6 -60.93
810.0 -62.89
810.4 -63.62
810.8 -63.86
811.2 -63.99
811.6 -64.2
812.0 -64.18
812.4 -63.81
812.8 -63.78
813.2 -63.83
813.6 -63.75
814.0 -63.15
814.4 -64.2
814.8 -64.36
815.2 -64.23
815.6 -64.78
816.0 -63.5
816.4 -64.14
816.8 -64.47
817.2 -63.77
817.6 -64.31
818.0 -64.68
818.4 -64.5
818.8 -63.18
819.2 -64.74
819.6 -63.09
820.0 -64.08
820.4 -64.04
820.8 -63.77
821.2 -63.6
821.6 -64.09
822.0 -64.06
822.4 -64.15
822.8 -63.97
823.2 -64.15
823.6 -64.41
824.0 -64.11
824.4 -63.9
824.8 -63.74
825.2 -63.67
825.6 -64.15
826.0 -63.04
826.4 -63.39
826.8 -63.8
827.2 -63.29
827.6 -64.18
828.0 -63.24
828.4 -63.77
828.8 -63.85
829.2 -63.52
829.6 -63.9
830.0 -63.6
830.4 -63.18
830.8 -63.21
831.2 -62.98
831.6 -63.0
832.0 -63.07
832.4 -63.11
832.8 -63.14
833.2 -63.58
833.6 -63.43
834.0 -63.07
834.4 -62.86
834.8 -63.24
835.2 -63.81
835.6 -62.87
836.0 -63.2
836.4 -63.01
836.8 -63.11
837.2 -62.72
837.6 -63.36
838.0 -62.98
838.4 -62.97
838.8 -63.69
839.2 -63.18
839.6 -63.4
840.0 -63.41
840.4 -63.59
840.8 -63.23
841.2 -62.74
841.6 -63.36
842.0 -63.11
842.4 -63.38
842.8 -63.19
843.2 -62.94
843.6 -63.33
844.0 -63.12
844.4 -63.01
844.8 -63.67
845.2 -63.15
845.6 -62.93
846.0 -63.5
846.4 -62.97
846.8 -63.26
847.2 -62.92
847.6 -63.07
848.0 -63.11
848.4 -63.04
848.8 -63.28
849.2 -63.01
849.6 -63.36
850.0 -62.97
850.4 -63.3
850.8 -63.24
851.2 -63.08
851.6 -63.32
852.0 -63.17
852.4 -63.03
852.8 -63.17
853.2 -62.69
853.6 -63.02
854.0 -62.79
854.4 -62.71
854.8 -63.03
855.2 -62.85
855.6 -63.03
856.0 -62.8
856.4 -63.18
856.8 -62.52
857.2 -63.02
857.6 -63.3
858.0 -62.51
858.4 -63.26
858.8 -62.82
859.2 -63.01
859.6 -62.79
860.0 -63.12
860.4 -62.71
860.8 -63.13
861.2 -63.16
861.6 -63.0
862.0 -62.78
862.4 -62.89
862.8 -62.84
863.2 -62.99
863.6 -62.35
864.0 -63.27
864.4 -63.2
864.8 -63.21
865.2 -63.19
865.6 -62.62
866.0 -62.79
866.4 -62.99
866.8 -63.1
867.2 -62.92
867.6 -63.17
868.0 -62.88
868.4 -62.57
868.8 -62.93
869.2 -62.98
869.6 -62.49
870.0 -62.88
870.4 -62.65
870.8 -62.71
871.2 -62.93
871.6 -62.54
872.0 -62.92
872.4 -63.13
872.8 -62.52
873.2 -62.71
873.6 -63.13
874.0 -62.64
874.4 -62.73
874.8 -62.54
875.2 -62.64
875.6 -62.21
876.0 -62.7
876.4 -63.05
876.8 -62.56
877.2 -62.7
877.6 -62.57
878.0 -62.66
878.4 -62.6
878.8 -63.11
879.2 -62.83
879.6 -62.48
880.0 -62.22
880.4 -62.81
880.8 -62.14
881.2 -62.6
881.6 -62.79
882.0 -62.75
882.4 -62.63
882.8 -62.57
883.2 -62.28
883.6 -62.78
884.0 -62.53
884.4 -62.38
884.8 -62.35
885.2 -62.51
885.6 -62.51
886.0 -62.34
886.4 -62.28
886.8 -62.46
887.2 -62.41
887.6 -62.05
888.0 -62.06
888.4 -62.29
888.8 -62.27
889.2 -62.26
889.6 -62.4
890.0 -62.46
890.4 -62.21
890.8 -62.07
891.2 -62.09
891.6 -62.73
892.0 -62.06
892.4 -62.34
892.8 -62.08
893.2 -62.66
893.6 -62.29
894.0 -62.22
894.4 -62.34
894.8 -62.44
895.2 -62.97
895.6 -62.48
896.0 -62.52
896.4 -62.18
896.8 -62.28
897.2 -62.1
897.6 -62.54
898.0 -62.29
898.4 -62.22
898.8 -62.49
899.2 -62.59
899.6 -62.29
900.0 -62.26
900.4 -62.37
900.8 -62.36
901.2 -62.31
901.6 -62.08
902.0 -62.27
902.4 -62.39
902.8 -61.91
903.2 -62.43
903.6 -61.86
904.0 -62.32
904.4 -62.17
904.8 -62.3
905.2 -62.27
905.6 -62.01
906.0 -62.18
906.4 -62.03
906.8 -62.08
907.2 -62.14
907.6 -62.49
908.0 -61.82
908.4 -61.85
908.8 -62.46
909.2 -62.41
909.6 -62.21
910.0 -62.52
910.4 -62.22
910.8 -62.03
911.2 -62.32
911.6 -62.03
912.0 -61.95
912.4 -61.9
912.8 -61.43
913.2 -61.77
913.6 -62.21
914.0 -61.69
914.4 -61.98
914.8 -62.05
915.2 -62.31
915.6 -62.07
916.0 -62.18
916.4 -61.91
916.8 -61.82
917.2 -62.09
917.6 -62.02
918.0 -62.11
918.4 -61.98
918.8 -62.03
919.2 -62.11
919.6 -62.41
920.0 -62.08
920.4 -62.12
920.8 -61.88
921.2 -62.06
921.6 -61.93
922.0 -62.05
922.4 -61.93
922.8 -61.47
923.2 -61.9
923.6 -62.01
924.0 -61.62
924.4 -61.8
924.8 -61.88
925.2 -61.93
925.6 -61.35
926.0 -61.74
926.4 -61.95
926.8 -61.75
927.2 -61.73
927.6 -61.95
928.0 -61.75
928.4 -61.57
928.8 -61.98
929.2 -61.28
929.6 -61.9
930.0 -61.45
930.4 -61.6
930.8 -61.6
931.2 -61.73
931.6 -61.96
932.0 -61.77
932.4 -61.91
932.8 -61.91
933.2 -61.79
933.6 -61.68
934.0 -61.64
934.4 -61.63
934.8 -61.75
935.2 -61.72
935.6 -61.61
936.0 -61.89
936.4 -61.67
936.8 -61.77
937.2 -61.53
937.6 -61.59
938.0 -61.68
938.4 -61.83
938.8 -61.91
939.2 -61.68
939.6 -61.33
940.0 -61.3
940.4 -61.84
940.8 -61.62
941.2 -61.51
941.6 -61.5
942.0 -61.45
942.4 -61.7
942.8 -61.72
943.2 -61.43
943.6 -61.72
944.0 -61.46
944.4 -61.4
944.8 -61.33
945.2 -61.39
945.6 -61.64
946.0 -61.76
946.4 -61.35
946.8 -61.3
947.2 -61.66
947.6 -61.38
948.0 -61.64
948.4 -61.33
948.8 -61.28
949.2 -61.49
949.6 -61.36
950.0 -61.39
950.4 -61.18
950.8 -61.23
951.2 -61.31
951.6 -61.33
952.0 -61.41
952.4 -61.59
952.8 -61.51
953.2 -61.46
953.6 -61.47
954.0 -61.36
954.4 -61.53
954.8 -61.62
955.2 -61.69
955.6 -61.66
956.0 -61.69
956.4 -61.78
956.8 -61.73
957.2 -61.56
957.6 -61.57
958.0 -61.65
958.4 -61.58
958.8 -61.36
959.2 -61.45
959.6 -61.41
960.0 -61.4
960.4 -61.57
960.8 -61.35
961.2 -61.42
961.6 -61.34
962.0 -61.31
962.4 -61.3
962.8 -61.51
963.2 -61.21
963.6 -61.4
964.0 -61.43
964.4 -61.45
964.8 -61.1
965.2 -61.26
965.6 -61.26
966.0 -61.25
966.4 -61.41
966.8 -61.29
967.2 -61.63
967.6 -61.6
968.0 -61.61
968.4 -61.54
968.8 -61.5
969.2 -61.34
969.6 -61.39
970.0 -61.4
970.4 -61.46
970.8 -61.42
971.2 -61.37
971.6 -61.56
972.0 -61.44
972.4 -61.59
972.8 -61.36
973.2 -61.46
973.6 -61.51
974.0 -61.54
974.4 -61.44
974.8 -61.41
975.2 -61.46
975.6 -61.63
976.0 -61.72
976.4 -61.63
976.8 -61.69
977.2 -61.73
977.6 -61.85
978.0 -61.96
978.4 -61.64
978.8 -61.94
979.2 -61.78
979.6 -61.99
980.0 -61.93
980.4 -62.01
980.8 -61.63
981.2 -61.62
981.6 -61.62
982.0 -61.6
982.4 -61.54
982.8 -61.49
983.2 -61.3
983.6 -61.46
984.0 -61.36
984.4 -61.47
984.8 -61.46
985.2 -61.42
985.6 -61.35
986.0 -61.19
986.4 -61.26
986.8 -61.2
987.2 -61.26
987.6 -61.21
988.0 -61.2
988.4 -60.93
988.8 -61.0
989.2 -60.98
989.6 -60.8
990.0 -60.89
990.4 -60.92
990.8 -60.83
991.2 -60.84
991.6 -60.91
992.0 -60.97
992.4 -60.8
992.8 -60.71
993.2 -60.7
993.6 -60.74
994.0 -60.65
994.4 -60.54
994.8 -60.79
995.2 -60.68
995.6 -60.61
996.0 -60.55
996.4 -60.49
996.8 -60.46
997.2 -60.78
997.6 -60.71
998.0 -60.72
998.4 -60.76
998.8 -60.74
999.2 -60.69
999.6 -60.79
1000.0 -60.63
