600.0 -70.33
600.4 -210.0
600.8 -68.62
601.2 -210.0
601.6 -84.24
602.0 -70.65
602.4 -210.0
602.8 -210.0
603.2 -210.0
603.6 -74.37
604.0 -210.0
604.4 -210.0
604.8 -72.98
605.2 -72.7
605.6 -71.49
606.0 -68.5
606.4 -210.0
606.8 -73.78
607.2 -73.46
607.6 -74.21
608.0 -210.0
608.4 -210.0
608.8 -210.0
609.2 -70.25
609.6 -210.0
610.0 -210.0
610.4 -210.0
610.8 -210.0
611.2 -210.0
611.6 -69.82
612.0 -75.35
612.4 -75.38
612.8 -72.39
613.2 -74.17
613.6 -210.0
614.0 -72.01
614.4 -71.06
614.8 -75.52
615.2 -69.9
615.6 -210.0
616.0 -70.66
616.4 -210.0
616.8 -72.87
617.2 -210.0
617.6 -85.23
618.0 -70.34
618.4 -73.51
618.8 -80.52
619.2 -210.0
619.6 -82.34
620.0 -70.45
620.4 -210.0
620.8 -73.11
621.2 -72.89
621.6 -78.48
622.0 -72.49
622.4 -69.08
622.8 -74.08
623.2 -71.42
623.6 -70.54
624.0 -72.83
624.4 -70.2
624.8 -70.35
625.2 -79.67
625.6 -72.93
626.0 -74.28
626.4 -71.45
626.8 -75.8
627.2 -72.2
627.6 -70.66
628.0 -77.41
628.4 -77.44
628.8 -74.45
629.2 -73.89
629.6 -73.92
630.0 -72.57
630.4 -70.34
630.8 -71.91
631.2 -210.0
631.6 -70.8
632.0 -69.81
632.4 -70.38
632.8 -76.21
633.2 -70.67
633.6 -71.63
634.0 -70.05
634.4 -210.0
634.8 -78.56
635.2 -72.76
635.6 -70.96
636.0 -69.03
636.4 -69.14
636.8 -70.06
637.2 -71.75
637.6 -70.76
638.0 -80.56
638.4 -69.8
638.8 -67.67
639.2 -68.68
639.6 -70.79
640.0 -69.03
640.4 -73.77
640.8 -70.58
641.2 -69.77
641.6 -69.98
642.0 -70.01
642.4 -69.25
642.8 -70.46
643.2 -69.87
643.6 -68.94
644.0 -69.17
644.4 -70.06
644.8 -70.1
645.2 -68.45
645.6 -77.7
646.0 -69.35
646.4 -68.68
646.8 -68.22
647.2 -68.35
647.6 -69.5
648.0 -69.53
648.4 -69.04
648.8 -70.38
649.2 -70.24
649.6 -69.9
650.0 -69.69
650.4 -69.55
650.8 -68.58
651.2 -69.77
651.6 -71.29
652.0 -69.43
652.4 -68.66
652.8 -70.0
653.2 -67.9
653.6 -67.69
654.0 -68.3
654.4 -70.32
654.8 -68.52
655.2 -67.36
655.6 -66.9
656.0 -67.17
656.4 -67.5
656.8 -69.88
657.2 -67.63
657.6 -68.48
658.0 -68.28
658.4 -68.54
658.8 -66.89
659.2 -68.49
659.6 -68.24
660.0 -66.98
660.4 -66.66
660.8 -68.45
661.2 -67.96
661.6 -67.05
662.0 -67.78
662.4 -68.15
662.8 -68.2
663.2 -67.74
663.6 -67.53
664.0 -68.35
664.4 -67.32
664.8 -69.37
665.2 -67.13
665.6 -68.06
666.0 -67.48
666.4 -67.83
666.8 -67.7
667.2 -67.44
667.6 -69.43
668.0 -66.8
668.4 -67.74
668.8 -67.28
669.2 -68.01
669.6 -66.83
670.0 -69.17
670.4 -67.6
670.8 -67.34
671.2 -67.14
671.6 -67.03
672.0 -66.56
672.4 -67.37
672.8 -67.53
673.2 -68.31
673.6 -67.66
674.0 -67.08
674.4 -67.48
674.8 -66.88
675.2 -67.77
675.6 -66.77
676.0 -67.06
676.4 -66.45
676.8 -66.65
677.2 -66.79
677.6 -66.28
678.0 -66.14
678.4 -68.52
678.8 -67.03
679.2 -68.01
679.6 -66.17
680.0 -67.72
680.4 -66.25
680.8 -67.66
681.2 -67.45
681.6 -67.31
682.0 -66.84
682.4 -67.3
682.8 -67.38
683.2 -67.96
683.6 -66.07
684.0 -66.6
684.4 -66.42
684.8 -67.07
685.2 -66.21
685.6 -66.05
686.0 -66.94
686.4 -67.55
686.8 -66.16
687.2 -66.46
687.6 -66.8
688.0 -66.62
688.4 -66.54
688.8 -67.26
689.2 -66.64
689.6 -65.88
690.0 -66.59
690.4 -66.02
690.8 -67.07
691.2 -65.73
691.6 -67.14
692.0 -66.78
692.4 -65.95
692.8 -66.05
693.2 -66.69
693.6 -66.37
694.0 -66.86
694.4 -66.82
694.8 -65.96
695.2 -66.07
695.6 -66.73
696.0 -67.28
696.4 -66.9
696.8 -65.65
697.2 -67.09
697.6 -66.27
698.0 -65.63
698.4 -66.5
698.8 -66.22
699.2 -66.11
699.6 -66.31
700.0 -65.69
700.4 -67.0
700.8 -66.33
701.2 -66.83
701.6 -65.67
702.0 -66.45
702.4 -66.23
702.8 -66.51
703.2 -66.05
703.6 -66.5
704.0 -66.21
704.4 -66.78
704.8 -66.52
705.2 -66.4
705.6 -66.58
706.0 -66.04
706.4 -65.71
706.8 -65.56
707.2 -66.82
707.6 -65.8
708.0 -66.69
708.4 -66.17
708.8 -66.17
709.2 -66.52
709.6 -66.63
710.0 -66.12
710.4 -66.47
710.8 -66.32
711.2 -65.87
711.6 -65.58
712.0 -65.74
712.4 -65.64
712.8 -66.02
713.2 -66.09
713.6 -66.32
714.0 -66.36
714.4 -65.97
714.8 -66.03
715.2 -66.72
715.6 -65.99
716.0 -65.86
716.4 -65.15
716.8 -65.15
717.2 -65.52
717.6 -66.0
718.0 -65.36
718.4 -65.79
718.8 -64.91
719.2 -66.41
719.6 -65.72
720.0 -66.15
720.4 -66.01
720.8 -65.83
721.2 -65.73
721.6 -66.17
722.0 -64.72
722.4 -65.69
722.8 -64.84
723.2 -65.52
723.6 -65.28
724.0 -65.61
724.4 -65.36
724.8 -65.53
725.2 -66.17
725.6 -66.13
726.0 -66.38
726.4 -65.95
726.8 -65.21
727.2 -65.97
727.6 -65.33
728.0 -66.21
728.4 -65.23
728.8 -66.24
729.2 -64.83
729.6 -65.49
730.0 -65.27
730.4 -66.01
730.8 -66.29
731.2 -65.57
731.6 -65.41
732.0 -65.5
732.4 -66.51
732.8 -65.46
733.2 -65.21
733.6 -65.64
734.0 -66.23
734.4 -64.84
734.8 -66.49
735.2 -64.68
735.6 -65.82
736.0 -65.19
736.4 -65.88
736.8 -66.09
737.2 -65.24
737.6 -65.77
738.0 -65.03
738.4 -65.7
738.8 -65.16
739.2 -65.53
739.6 -66.07
740.0 -65.96
740.4 -66.69
740.8 -65.07
741.2 -65.64
741.6 -64.83
742.0 -65.14
742.4 -65.2
742.8 -66.27
743.2 -66.75
743.6 -66.62
744.0 -64.92
744.4 -65.36
744.8 -65.18
745.2 -65.27
745.6 -65.05
746.0 -64.07
746.4 -64.64
746.8 -65.74
747.2 -65.41
747.6 -65.19
748.0 -65.41
748.4 -65.69
748.8 -65.59
749.2 -65.83
749.6 -65.9
750.0 -65.99
750.4 -65.99
750.8 -65.47
751.2 -66.02
751.6 -65.3
752.0 -64.77
752.4 -64.88
752.8 -65.01
753.2 -65.28
753.6 -65.31
754.0 -64.75
754.4 -65.76
754.8 -65.26
755.2 -65.48
755.6 -64.81
756.0 -66.37
756.4 -64.43
756.8 -65.83
757.2 -64.88
757.6 -65.75
758.0 -65.58
758.4 -65.09
758.8 -64.72
759.2 -65.2
759.6 -64.93
760.0 -65.23
760.4 -65.86
760.8 -65.03
761.2 -65.47
761.6 -65.41
762.0 -64.59
762.4 -65.14
762.8 -65.73
763.2 -65.07
763.6 -65.04
764.0 -65.38
764.4 -65.22
764.8 -64.56
765.2 -65.33
765.6 -64.96
766.0 -64.86
766.4 -64.5
766.8 -64.71
767.2 -65.72
767.6 -65.38
768.0 -64.81
768.4 -64.76
768.8 -65.49
769.2 -64.83
769.6 -64.78
770.0 -65.59
770.4 -64.68
770.8 -65.35
771.2 -65.32
771.6 -64.62
772.0 -64.84
772.4 -65.02
772.8 -65.18
773.2 -64.09
773.6 -64.59
774.0 -64.8
774.4 -65.14
774.8 -65.26
775.2 -65.74
775.6 -64.86
776.0 -65.13
776.4 -65.29
776.8 -65.1
777.2 -64.94
777.6 -64.62
778.0 -65.28
778.4 -65.09
778.8 -65.21
779.2 -64.39
779.6 -65.02
780.0 -64.3
780.4 -64.86
780.8 -64.98
781.2 -64.86
781.6 -65.19
782.0 -64.71
782.4 -64.56
782.8 -65.13
783.2 -65.48
783.6 -64.64
784.0 -64.81
784.4 -65.15
784.8 -64.54
785.2 -64.0
785.6 -64.07
786.0 -64.38
786.4 -64.94
786.8 -65.04
787.2 -64.29
787.6 -65.53
788.0 -64.73
788.4 -65.63
788.8 -64.41
789.2 -64.55
789.6 -64.61
790.0 -64.24
790.4 -64.49
790.8 -65.14
791.2 -65.04
791.6 -65.13
792.0 -65.36
792.4 -65.07
792.8 -65.12
793.2 -65.22
793.6 -64.49
794.0 -63.91
794.4 -64.57
794.8 -64.99
795.2 -64.27
795.6 -64.88
796.0 -64.42
796.4 -64.62
796.8 -64.1
797.2 -64.46
797.6 -63.84
798.0 -64.14
798.4 -63.86
798.8 -64.08
799.2 -63.81
799.6 -64.34
800.0 -64.85
800.4 -64.36
800.8 -64.91
801.2 -64.99
801.6 -64.13
802.0 -63.71
802.4 -64.71
802.8 -64.14
803.2 -63.82
803.6 -64.12
804.0 -64.18
804.4 -64.05
804.8 -64.05
805.2 -64.13
805.6 -63.65
806.0 -63.03
806.4 -60.86
806.8 -57.4
807.2 -53.74
807.6 -49.62
808.0 -48.3
808.4 -49.3
808.8 -49.78
809.2 -53.75
809.6 -61.18
810.0 -62.96
810.4 -62.97
810.8 -62.87
811.2 -63.91
811.6 -64.46
812.0 -63.7
812.4 -64.28
812.8 -63.78
813.2 -64.28
813.6 -63.84
814.0 -63.73
814.4 -63.69
814.8 -63.68
815.2 -63.93
815.6 -63.92
816.0 -63.98
816.4 -63.85
816.8 -63.94
817.2 -63.63
817.6 -63.32
818.0 -63.73
818.4 -63.95
818.8 -64.48
819.2 -64.16
819.6 -63.67
820.0 -63.89
820.4 -63.84
820.8 -64.28
821.2 -63.8
821.6 -64.07
822.0 -63.61
822.4 -63.92
822.8 -63.95
823.2 -63.72
823.6 -63.63
824.0 -63.86
824.4 -63.83
824.8 -63.66
825.2 -63.62
825.6 -63.38
826.0 -63.28
826.4 -63.55
826.8 -63.93
827.2 -63.19
827.6 -63.03
828.0 -63.28
828.4 -63.43
828.8 -63.56
829.2 -63.18
829.6 -62.8
830.0 -63.21
830.4 -63.79
830.8 -63.66
831.2 -63.37
831.6 -63.28
832.0 -63.44
832.4 -63.22
832.8 -63.46
833.2 -63.21
833.6 -63.56
834.0 -63.46
834.4 -62.95
834.8 -63.47
835.2 -63.27
835.6 -63.01
836.0 -62.65
836.4 -63.15
836.8 -63.06
837.2 -63.69
837.6 -63.26
838.0 -63.03
838.4 -63.39
838.8 -63.03
839.2 -63.33
839.6 -63.25
840.0 -63.19
840.4 -63.69
840.8 -63.07
841.2 -62.94
841.6 -62.5
842.0 -63.41
842.4 -62.98
842.8 -62.93
843.2 -62.9
843.6 -62.9
844.0 -62.97
844.4 -63.16
844.8 -63.08
845.2 -62.86
845.6 -62.94
846.0 -62.97
846.4 -62.8
846.8 -62.73
847.2 -63.25
847.6 -62.88
848.0 -62.92
848.4 -63.31
848.8 -62.79
849.2 -63.05
849.6 -62.95
850.0 -62.55
850.4 -62.82
850.8 -62.75
851.2 -62.61
851.6 -62.74
852.0 -62.7
852.4 -62.55
852.8 -62.76
853.2 -62.69
853.6 -63.05
854.0 -62.65
854.4 -63.16
854.8 -62.87
855.2 -62.91
855.6 -62.44
856.0 -62.56
856.4 -62.42
856.8 -63.05
857.2 -61.95
857.6 -62.65
858.0 -62.42
858.4 -62.75
858.8 -62.58
859.2 -62.52
859.6 -62.27
860.0 -62.06
860.4 -62.44
860.8 -62.54
861.2 -62.21
861.6 -62.29
862.0 -62.34
862.4 -62.1
862.8 -62.58
863.2 -62.68
863.6 -62.35
864.0 -62.28
864.4 -62.29
864.8 -62.8
865.2 -62.35
865.6 -62.29
866.0 -62.03
866.4 -62.04
866.8 -62.25
867.2 -62.17
867.6 -62.18
868.0 -62.02
868.4 -62.44
868.8 -62.24
869.2 -62.15
869.6 -61.7
870.0 -62.3
870.4 -61.81
870.8 -61.86
871.2 -62.38
871.6 -62.02
872.0 -62.35
872.4 -62.07
872.8 -62.15
873.2 -62.15
873.6 -61.92
874.0 -62.31
874.4 -62.0
874.8 -62.17
875.2 -61.96
875.6 -62.15
876.0 -62.54
876.4 -62.2
876.8 -62.01
877.2 -62.06
877.6 -61.83
878.0 -62.5
878.4 -62.06
878.8 -62.1
879.2 -61.53
879.6 -61.75
880.0 -61.58
880.4 -62.16
880.8 -61.77
881.2 -61.69
881.6 -61.64
882.0 -61.74
882.4 -62.04
882.8 -61.94
883.2 -62.08
883.6 -61.79
884.0 -62.02
884.4 -61.92
884.8 -62.34
885.2 -61.98
885.6 -61.63
886.0 -62.11
886.4 -62.14
886.8 -62.11
887.2 -61.69
887.6 -62.02
888.0 -61.86
888.4 -61.61
888.8 -61.82
889.2 -61.87
889.6 -61.81
890.0 -61.38
890.4 -61.73
890.8 -61.7
891.2 -61.47
891.6 -61.56
892.0 -61.55
892.4 -61.51
892.8 -61.54
893.2 -62.12
893.6 -61.75
894.0 -61.51
894.4 -61.19
894.8 -61.44
895.2 -61.68
895.6 -61.77
896.0 -61.74
896.4 -61.59
896.8 -61.44
897.2 -61.18
897.6 -61.55
898.0 -61.37
898.4 -61.86
898.8 -61.36
899.2 -61.3
899.6 -61.53
900.0 -61.5
900.4 -61.45
900.8 -61.37
901.2 -61.87
901.6 -61.76
902.0 -61.42
902.4 -61.46
902.8 -61.32
903.2 -61.56
903.6 -61.3
904.0 -61.63
904.4 -61.42
904.8 -61.73
905.2 -61.5
905.6 -61.45
906.0 -61.06
906.4 -61.42
906.8 -61.33
907.2 -61.11
907.6 -61.51
908.0 -60.91
908.4 -61.33
908.8 -61.01
909.2 -61.03
909.6 -60.95
910.0 -61.28
910.4 -61.01
910.8 -61.19
911.2 -61.27
911.6 -60.99
912.0 -61.13
912.4 -61.03
912.8 -60.83
913.2 -60.76
913.6 -60.88
914.0 -60.86
914.4 -60.97
914.8 -60.84
915.2 -61.05
915.6 -60.94
916.0 -60.97
916.4 -60.89
916.8 -60.95
917.2 -60.82
917.6 -60.82
918.0 -60.97
918.4 -60.85
918.8 -60.64
919.2 -60.71
919.6 -60.91
920.0 -60.71
920.4 -60.9
920.8 -60.5
921.2 -60.83
921.6 -60.58
922.0 -60.61
922.4 -60.48
922.8 -60.42
923.2 -60.46
923.6 -60.61
924.0 -60.55
924.4 -60.2
924.8 -60.38
925.2 -60.27
925.6 -60.36
926.0 -60.18
926.4 -60.25
926.8 -60.17
927.2 -60.13
927.6 -60.31
928.0 -60.5
928.4 -60.13
928.8 -60.26
929.2 -59.8
929.6 -60.04
930.0 -60.05
930.4 -60.04
930.8 -59.98
931.2 -60.11
931.6 -60.11
932.0 -59.9
932.4 -59.86
932.8 -60.12
933.2 -59.73
933.6 -59.95
934.0 -60.06
934.4 -60.01
934.8 -59.65
935.2 -59.95
935.6 -59.84
936.0 -59.86
936.4 -59.63
936.8 -59.71
937.2 -59.73
937.6 -59.71
938.0 -59.87
938.4 -60.16
938.8 -59.69
939.2 -59.75
939.6 -59.7
940.0 -59.73
940.4 -59.76
940.8 -59.76
941.2 -59.75
941.6 -59.82
942.0 -59.69
942.4 -59.87
942.8 -59.77
943.2 -59.64
943.6 -59.64
944.0 -59.8
944.4 -59.7
944.8 -59.63
945.2 -59.56
945.6 -59.72
946.0 -59.64
946.4 -59.7
946.8 -59.48
947.2 -59.4
947.6 -59.64
948.0 -59.68
948.4 -59.41
948.8 -59.67
949.2 -59.58
949.6 -59.7
950.0 -59.55
950.4 -59.52
950.8 -59.51
951.2 -59.51
951.6 -59.58
952.0 -59.48
952.4 -59.43
952.8 -59.65
953.2 -59.56
953.6 -59.37
954.0 -59.5
954.4 -59.6
954.8 -59.48
955.2 -59.51
955.6 -59.54
956.0 -59.43
956.4 -59.62
956.8 -59.47
957.2 -59.37
957.6 -59.46
958.0 -59.56
958.4 -59.32
958.8 -59.53
959.2 -59.25
959.6 -59.42
960.0 -59.3
960.4 -59.13
960.8 -59.2
961.2 -59.25
961.6 -59.29
962.0 -59.07
962.4 -59.17
962.8 -59.17
963.2 -59.08
963.6 -59.15
964.0 -58.88
964.4 -59.01
964.8 -58.93
965.2 -58.89
965.6 -58.9
966.0 -58.84
966.4 -58.98
966.8 -59.06
967.2 -59.1
967.6 -59.1
968.0 -59.02
968.4 -59.06
968.8 -59.03
969.2 -58.97
969.6 -59.09
970.0 -59.05
970.4 -58.96
970.8 -58.94
971.2 -59.1
971.6 -59.08
972.0 -59.07
972.4 -58.99
972.8 -59.19
973.2 -59.19
973.6 -59.1
974.0 -59.0
974.4 -59.27
974.8 -59.13
975.2 -59.3
975.6 -59.17
976.0 -59.34
976.4 -59.35
976.8 -59.28
977.2 -59.51
977.6 -59.35
978.0 -59.32
978.4 -59.34
978.8 -59.36
979.2 -59.32
979.6 -59.3
980.0 -59.33
980.4 -59.39
980.8 -59.3
981.2 -59.28
981.6 -59.19
982.0 -59.09
982.4 -59.15
982.8 -59.14
983.2 -58.99
983.6 -59.08
984.0 -58.97
984.4 -59.02
984.8 -58.9
985.2 -59.0
985.6 -58.74
986.0 -58.76
986.4 -58.81
986.8 -58.82
987.2 -58.77
987.6 -58.79
988.0 -58.61
988.4 -58.73
988.8 -58.71
989.2 -58.54
989.6 -58.53
990.0 -58.46
990.4 -58.45
990.8 -58.21
991.2 -58.37
991.6 -58.32
992.0 -58.34
992.4 -58.24
992.8 -58.37
993.2 -58.24
993.6 -58.32
994.0 -58.29
994.4 -58.43
994.8 -58.44
995.2 -58.42
995.6 -58.43
996.0 -58.26
996.4 -58.38
996.8 -58.31
997.2 -58.51
997.6 -58.42
998.0 -58.58
998.4 -58.54
998.8 -58.43
999.2 -58.6
999.6 -58.46
1000.0 -58.56
