600.0 -71.58
600.4 -77.17
600.8 -210.0
601.2 -210.0
601.6 -210.0
602.0 -210.0
602.4 -75.83
602.8 -210.0
603.2 -84.34
603.6 -75.91
604.0 -210.0
604.4 -72.37
604.8 -73.65
605.2 -79.69
605.6 -210.0
606.0 -72.76
606.4 -76.76
606.8 -70.26
607.2 -210.0
607.6 -210.0
608.0 -81.65
608.4 -84.68
608.8 -72.66
609.2 -210.0
609.6 -75.21
610.0 -73.64
610.4 -210.0
610.8 -210.0
611.2 -210.0
611.6 -210.0
612.0 -73.76
612.4 -210.0
612.8 -70.8
613.2 -210.0
613.6 -210.0
614.0 -210.0
614.4 -71.42
614.8 -80.29
615.2 -70.17
615.6 -210.0
616.0 -210.0
616.4 -85.16
616.8 -210.0
617.2 -210.0
617.6 -74.81
618.0 -78.27
618.4 -210.0
618.8 -210.0
619.2 -210.0
619.6 -74.93
620.0 -210.0
620.4 -210.0
620.8 -210.0
621.2 -78.46
621.6 -85.47
622.0 -70.58
622.4 -210.0
622.8 -76.0
623.2 -210.0
623.6 -210.0
624.0 -210.0
624.4 -73.6
624.8 -210.0
625.2 -73.93
625.6 -210.0
626.0 -75.75
626.4 -210.0
626.8 -210.0
627.2 -73.77
627.6 -210.0
628.0 -210.0
628.4 -85.9
628.8 -78.93
629.2 -210.0
629.6 -71.82
630.0 -74.86
630.4 -210.0
630.8 -71.28
631.2 -210.0
631.6 -210.0
632.0 -72.53
632.4 -210.0
632.8 -210.0
633.2 -210.0
633.6 -71.94
634.0 -210.0
634.4 -210.0
634.8 -210.0
635.2 -75.96
635.6 -210.0
636.0 -210.0
636.4 -210.0
636.8 -210.0
637.2 -210.0
637.6 -210.0
638.0 -78.13
638.4 -71.56
638.8 -210.0
639.2 -71.49
639.6 -210.0
640.0 -75.94
640.4 -71.46
640.8 -210.0
641.2 -73.84
641.6 -69.48
642.0 -210.0
642.4 -210.0
642.8 -73.99
643.2 -77.99
643.6 -84.06
644.0 -210.0
644.4 -210.0
644.8 -76.04
645.2 -72.58
645.6 -74.46
646.0 -73.66
646.4 -70.59
646.8 -76.94
647.2 -78.93
647.6 -75.12
648.0 -77.91
648.4 -210.0
648.8 -77.54
649.2 -210.0
649.6 -76.47
650.0 -73.14
650.4 -77.2
650.8 -210.0
651.2 -210.0
651.6 -210.0
652.0 -84.62
652.4 -210.0
652.8 -79.85
653.2 -210.0
653.6 -72.33
654.0 -71.96
654.4 -74.22
654.8 -73.51
655.2 -210.0
655.6 -72.6
656.0 -75.9
656.4 -210.0
656.8 -72.75
657.2 -71.99
657.6 -73.36
658.0 -74.25
658.4 -210.0
658.8 -77.27
659.2 -72.0
659.6 -210.0
660.0 -77.28
660.4 -76.56
660.8 -71.67
661.2 -81.67
661.6 -72.92
662.0 -210.0
662.4 -74.27
662.8 -73.89
663.2 -210.0
663.6 -74.47
664.0 -210.0
664.4 -74.69
664.8 -71.9
665.2 -76.23
665.6 -71.67
666.0 -210.0
666.4 -81.67
666.8 -73.89
667.2 -77.28
667.6 -87.7
668.0 -210.0
668.4 -84.69
668.8 -210.0
669.2 -75.14
669.6 -75.39
670.0 -74.07
670.4 -73.88
670.8 -76.88
671.2 -210.0
671.6 -76.54
672.0 -82.89
672.4 -73.19
672.8 -74.23
673.2 -72.34
673.6 -78.11
674.0 -75.6
674.4 -78.1
674.8 -78.6
675.2 -210.0
675.6 -74.41
676.0 -73.48
676.4 -79.84
676.8 -75.57
677.2 -75.31
677.6 -72.17
678.0 -76.81
678.4 -74.38
678.8 -71.68
679.2 -81.57
679.6 -73.12
680.0 -71.05
680.4 -73.27
680.8 -75.02
681.2 -71.45
681.6 -78.53
682.0 -72.5
682.4 -70.93
682.8 -71.86
683.2 -74.99
683.6 -71.41
684.0 -72.35
684.4 -75.48
684.8 -72.61
685.2 -210.0
685.6 -75.21
686.0 -72.32
686.4 -77.96
686.8 -75.19
687.2 -76.7
687.6 -74.06
688.0 -210.0
688.4 -77.48
688.8 -81.45
689.2 -74.46
689.6 -72.28
690.0 -210.0
690.4 -79.66
690.8 -210.0
691.2 -72.96
691.6 -73.82
692.0 -79.64
692.4 -74.63
692.8 -73.27
693.2 -72.49
693.6 -71.61
694.0 -72.92
694.4 -76.97
694.8 -72.76
695.2 -210.0
695.6 -73.06
696.0 -75.32
696.4 -210.0
696.8 -74.57
697.2 -72.16
697.6 -72.03
698.0 -74.55
698.4 -72.01
698.8 -75.86
699.2 -210.0
699.6 -210.0
700.0 -75.0
700.4 -71.27
700.8 -75.25
701.2 -75.52
701.6 -75.52
702.0 -71.83
702.4 -74.71
702.8 -72.35
703.2 -72.78
703.6 -70.63
704.0 -210.0
704.4 -71.32
704.8 -75.19
705.2 -73.8
705.6 -75.46
706.0 -72.16
706.4 -69.28
706.8 -210.0
707.2 -71.17
707.6 -74.19
708.0 -73.04
708.4 -72.55
708.8 -75.71
709.2 -73.74
709.6 -74.86
710.0 -73.73
710.4 -84.15
710.8 -72.23
711.2 -78.11
711.6 -72.99
712.0 -74.58
712.4 -70.51
712.8 -79.34
713.2 -72.35
713.6 -70.68
714.0 -75.98
714.4 -210.0
714.8 -210.0
715.2 -72.47
715.6 -70.47
716.0 -71.53
716.4 -72.03
716.8 -72.94
717.2 -70.74
717.6 -76.28
718.0 -73.45
718.4 -210.0
718.8 -210.0
719.2 -71.87
719.6 -75.29
720.0 -71.73
720.4 -71.36
720.8 -84.03
721.2 -74.48
721.6 -77.49
722.0 -79.24
722.4 -78.57
722.8 -74.71
723.2 -71.22
723.6 -74.23
724.0 -73.78
724.4 -69.85
724.8 -72.52
725.2 -74.95
725.6 -72.52
726.0 -74.94
726.4 -71.19
726.8 -71.53
727.2 -74.42
727.6 -79.19
728.0 -70.84
728.4 -72.82
728.8 -73.73
729.2 -78.5
729.6 -73.53
730.0 -73.52
730.4 -71.03
730.8 -73.51
731.2 -75.8
731.6 -73.13
732.0 -72.15
732.4 -73.12
732.8 -74.14
733.2 -69.13
733.6 -72.0
734.0 -74.13
734.4 -74.12
734.8 -77.36
735.2 -80.88
735.6 -76.48
736.0 -69.26
736.4 -72.74
736.8 -70.26
737.2 -72.57
737.6 -69.63
738.0 -72.4
738.4 -70.64
738.8 -69.96
739.2 -74.82
739.6 -73.64
740.0 -71.41
740.4 -74.55
740.8 -70.83
741.2 -72.7
741.6 -72.7
742.0 -74.54
742.4 -77.3
742.8 -73.83
743.2 -72.86
743.6 -73.61
744.0 -71.91
744.4 -71.38
744.8 -70.2
745.2 -70.7
745.6 -72.67
746.0 -78.36
746.4 -73.39
746.8 -71.02
747.2 -83.8
747.6 -70.89
748.0 -74.5
748.4 -70.88
748.8 -73.57
749.2 -72.48
749.6 -71.0
750.0 -73.78
750.4 -71.47
750.8 -83.77
751.2 -72.97
751.6 -72.96
752.0 -75.29
752.4 -71.19
752.8 -80.72
753.2 -74.7
753.6 -80.71
754.0 -68.54
754.4 -72.25
754.8 -74.17
755.2 -77.17
755.6 -71.15
756.0 -69.55
756.4 -70.79
756.8 -72.55
757.2 -75.9
757.6 -71.5
758.0 -78.9
758.4 -74.91
758.8 -73.67
759.2 -70.98
759.6 -71.89
760.0 -71.09
760.4 -73.43
760.8 -70.21
761.2 -75.85
761.6 -72.5
762.0 -74.59
762.4 -68.78
762.8 -75.16
763.2 -72.31
763.6 -69.55
764.0 -71.99
764.4 -77.07
764.8 -72.99
765.2 -71.42
765.6 -70.27
766.0 -73.81
766.4 -77.56
766.8 -72.78
767.2 -76.17
767.6 -81.81
768.0 -74.02
768.4 -71.13
768.8 -73.56
769.2 -72.59
769.6 -86.57
770.0 -71.24
770.4 -72.08
770.8 -75.42
771.2 -68.49
771.6 -72.58
772.0 -74.5
772.4 -73.32
772.8 -73.76
773.2 -72.93
773.6 -71.36
774.0 -72.92
774.4 -70.85
774.8 -74.77
775.2 -78.08
775.6 -72.06
776.0 -70.84
776.4 -73.74
776.8 -210.0
777.2 -75.39
777.6 -70.73
778.0 -69.98
778.4 -67.82
778.8 -71.6
779.2 -77.48
779.6 -75.72
780.0 -72.03
780.4 -71.19
780.8 -80.48
781.2 -69.69
781.6 -76.5
782.0 -70.47
782.4 -71.44
782.8 -71.72
783.2 -70.57
783.6 -79.5
784.0 -74.18
784.4 -73.93
784.8 -74.43
785.2 -69.4
785.6 -73.69
786.0 -70.56
786.4 -71.55
786.8 -70.03
787.2 -76.47
787.6 -73.91
788.0 -72.32
788.4 -70.66
788.8 -78.0
789.2 -70.43
789.6 -73.45
790.0 -70.01
790.4 -73.44
790.8 -81.67
791.2 -70.0
791.6 -72.29
792.0 -71.52
792.4 -68.95
792.8 -70.3
793.2 -76.88
793.6 -73.42
794.0 -68.42
794.4 -67.78
794.8 -70.97
795.2 -69.6
795.6 -69.33
796.0 -69.25
796.4 -73.4
796.8 -68.14
797.2 -69.24
797.6 -70.71
798.0 -67.47
798.4 -68.53
798.8 -70.36
799.2 -70.36
799.6 -71.61
800.0 -73.37
800.4 -69.39
800.8 -70.35
801.2 -68.32
801.6 -74.34
802.0 -70.47
802.4 -72.96
802.8 -69.96
803.2 -77.94
803.6 -70.83
804.0 -71.49
804.4 -70.72
804.8 -69.97
805.2 -72.26
805.6 -69.43
806.0 -67.66
806.4 -65.52
806.8 -62.13
807.2 -58.28
807.6 -54.38
808.0 -52.74
808.4 -53.74
808.8 -54.47
809.2 -58.17
809.6 -66.22
810.0 -68.52
810.4 -68.6
810.8 -69.22
811.2 -73.68
811.6 -68.02
812.0 -74.72
812.4 -71.86
812.8 -69.96
813.2 -70.48
813.6 -70.95
814.0 -70.6
814.4 -70.4
814.8 -70.1
815.2 -69.05
815.6 -68.09
816.0 -72.94
816.4 -70.33
816.8 -69.41
817.2 -70.55
817.6 -68.07
818.0 -69.1
818.4 -70.47
818.8 -68.82
819.2 -76.2
819.6 -69.63
820.0 -69.82
820.4 -68.58
820.8 -69.68
821.2 -70.05
821.6 -69.88
822.0 -71.02
822.4 -70.0
822.8 -69.92
823.2 -69.35
823.6 -73.15
824.0 -69.63
824.4 -70.88
824.8 -70.19
825.2 -69.58
825.6 -70.22
826.0 -68.66
826.4 -69.72
826.8 -72.92
827.2 -69.35
827.6 -71.13
828.0 -69.78
828.4 -69.63
828.8 -69.64
829.2 -68.99
829.6 -68.67
830.0 -70.59
830.4 -68.02
830.8 -73.28
831.2 -68.92
831.6 -71.95
832.0 -70.01
832.4 -68.06
832.8 -69.3
833.2 -70.44
833.6 -69.58
834.0 -69.39
834.4 -68.31
834.8 -69.74
835.2 -68.43
835.6 -69.11
836.0 -69.14
836.4 -70.51
836.8 -69.59
837.2 -68.57
837.6 -70.09
838.0 -69.82
838.4 -72.32
838.8 -71.75
839.2 -70.62
839.6 -68.38
840.0 -70.33
840.4 -70.58
840.8 -70.33
841.2 -68.93
841.6 -69.67
842.0 -69.81
842.4 -71.0
842.8 -68.75
843.2 -68.64
843.6 -68.75
844.0 -71.81
844.4 -69.27
844.8 -67.94
845.2 -70.23
845.6 -69.86
846.0 -67.98
846.4 -70.01
846.8 -68.85
847.2 -72.14
847.6 -69.25
848.0 -68.57
848.4 -69.13
848.8 -69.64
849.2 -68.84
849.6 -70.8
850.0 -70.21
850.4 -69.18
850.8 -72.13
851.2 -69.23
851.6 -68.49
852.0 -68.88
852.4 -71.15
852.8 -68.64
853.2 -67.9
853.6 -68.43
854.0 -71.04
854.4 -67.54
854.8 -69.47
855.2 -69.74
855.6 -68.68
856.0 -70.25
856.4 -68.9
856.8 -69.39
857.2 -67.78
857.6 -67.65
858.0 -67.91
858.4 -67.81
858.8 -70.0
859.2 -68.83
859.6 -69.93
860.0 -68.18
860.4 -69.99
860.8 -69.29
861.2 -69.55
861.6 -68.63
862.0 -67.83
862.4 -68.68
862.8 -69.81
863.2 -67.86
863.6 -68.29
864.0 -67.5
864.4 -69.06
864.8 -67.08
865.2 -67.61
865.6 -68.53
866.0 -68.81
866.4 -68.21
866.8 -68.86
867.2 -69.48
867.6 -68.51
868.0 -70.05
868.4 -68.73
868.8 -67.75
869.2 -68.03
869.6 -70.04
870.0 -69.39
870.4 -70.1
870.8 -67.38
871.2 -67.2
871.6 -68.09
872.0 -66.77
872.4 -68.78
872.8 -66.72
873.2 -67.3
873.6 -68.06
874.0 -68.53
874.4 -67.11
874.8 -67.99
875.2 -69.65
875.6 -67.56
876.0 -67.92
876.4 -67.78
876.8 -69.77
877.2 -67.48
877.6 -68.1
878.0 -67.89
878.4 -66.89
878.8 -68.03
879.2 -68.56
879.6 -68.44
880.0 -67.77
880.4 -68.43
880.8 -67.86
881.2 -67.81
881.6 -68.6
882.0 -67.58
882.4 -68.83
882.8 -69.02
883.2 -66.55
883.6 -67.18
884.0 -67.71
884.4 -69.15
884.8 -68.41
885.2 -67.65
885.6 -68.2
886.0 -68.41
886.4 -67.84
886.8 -67.99
887.2 -68.52
887.6 -67.78
888.0 -69.84
888.4 -68.57
888.8 -69.26
889.2 -68.57
889.6 -68.75
890.0 -68.51
890.4 -68.12
890.8 -68.52
891.2 -68.19
891.6 -67.93
892.0 -67.65
892.4 -70.26
892.8 -68.31
893.2 -69.49
893.6 -68.21
894.0 -68.32
894.4 -68.6
894.8 -68.17
895.2 -67.97
895.6 -68.33
896.0 -69.67
896.4 -69.38
896.8 -68.09
897.2 -69.6
897.6 -67.7
898.0 -69.61
898.4 -67.57
898.8 -69.28
899.2 -68.6
899.6 -67.45
900.0 -67.87
900.4 -68.73
900.8 -67.31
901.2 -68.58
901.6 -68.41
902.0 -68.06
902.4 -68.83
902.8 -67.98
903.2 -67.94
903.6 -67.85
904.0 -69.04
904.4 -68.01
904.8 -68.82
905.2 -67.57
905.6 -67.11
906.0 -70.29
906.4 -67.59
906.8 -68.21
907.2 -68.76
907.6 -69.44
908.0 -68.13
908.4 -67.67
908.8 -67.96
909.2 -69.75
909.6 -69.28
910.0 -66.62
910.4 -68.2
910.8 -68.31
911.2 -68.54
911.6 -69.12
912.0 -67.54
912.4 -67.81
912.8 -66.44
913.2 -67.04
913.6 -68.0
914.0 -67.93
914.4 -68.67
914.8 -68.48
915.2 -69.52
915.6 -68.72
916.0 -68.24
916.4 -68.76
916.8 -70.35
917.2 -68.19
917.6 -68.21
918.0 -68.27
918.4 -69.71
918.8 -68.75
919.2 -69.25
919.6 -68.89
920.0 -70.49
920.4 -69.31
920.8 -68.95
921.2 -68.05
921.6 -68.25
922.0 -69.05
922.4 -68.91
922.8 -68.98
923.2 -69.49
923.6 -68.52
924.0 -68.98
924.4 -67.21
924.8 -69.94
925.2 -68.45
925.6 -67.65
926.0 -68.58
926.4 -70.7
926.8 -70.36
927.2 -70.88
927.6 -68.52
928.0 -69.95
928.4 -68.47
928.8 -68.58
929.2 -69.76
929.6 -68.18
930.0 -68.5
930.4 -68.39
930.8 -69.61
931.2 -68.73
931.6 -68.8
932.0 -69.91
932.4 -68.54
932.8 -71.09
933.2 -68.58
933.6 -69.39
934.0 -68.97
934.4 -69.8
934.8 -70.55
935.2 -69.63
935.6 -69.75
936.0 -68.98
936.4 -70.02
936.8 -69.07
937.2 -69.63
937.6 -69.31
938.0 -69.42
938.4 -70.36
938.8 -68.13
939.2 -72.85
939.6 -69.96
940.0 -69.02
940.4 -70.78
940.8 -69.52
941.2 -70.23
941.6 -70.54
942.0 -71.28
942.4 -71.53
942.8 -69.84
943.2 -70.18
943.6 -69.94
944.0 -69.0
944.4 -71.5
944.8 -68.74
945.2 -69.34
945.6 -70.43
946.0 -70.57
946.4 -70.65
946.8 -70.79
947.2 -69.72
947.6 -69.7
948.0 -71.79
948.4 -70.44
948.8 -70.3
949.2 -70.77
949.6 -72.11
950.0 -70.12
950.4 -70.77
950.8 -70.68
951.2 -70.75
951.6 -70.5
952.0 -70.47
952.4 -70.7
952.8 -69.84
953.2 -69.95
953.6 -69.97
954.0 -71.9
954.4 -71.39
954.8 -73.43
955.2 -69.97
955.6 -70.27
956.0 -70.53
956.4 -70.86
956.8 -70.88
957.2 -71.29
957.6 -72.45
958.0 -71.76
958.4 -70.65
958.8 -70.87
959.2 -70.31
959.6 -70.42
960.0 -73.31
960.4 -70.74
960.8 -71.02
961.2 -76.36
961.6 -71.38
962.0 -70.33
962.4 -71.08
962.8 -72.67
963.2 -70.95
963.6 -70.48
964.0 -70.58
964.4 -70.89
964.8 -71.72
965.2 -70.1
965.6 -70.24
966.0 -70.57
966.4 -71.32
966.8 -71.68
967.2 -70.99
967.6 -70.77
968.0 -72.42
968.4 -70.61
968.8 -71.15
969.2 -70.17
969.6 -69.76
970.0 -71.57
970.4 -70.87
970.8 -70.7
971.2 -69.78
971.6 -69.52
972.0 -71.18
972.4 -70.85
972.8 -70.97
973.2 -70.98
973.6 -71.71
974.0 -71.15
974.4 -72.21
974.8 -71.98
975.2 -70.48
975.6 -70.85
976.0 -71.97
976.4 -70.03
976.8 -71.78
977.2 -71.33
977.6 -71.75
978.0 -72.61
978.4 -72.55
978.8 -72.57
979.2 -72.05
979.6 -70.7
980.0 -73.02
980.4 -71.7
980.8 -71.87
981.2 -71.28
981.6 -70.8
982.0 -70.44
982.4 -71.81
982.8 -72.51
983.2 -70.48
983.6 -72.47
984.0 -70.31
984.4 -71.05
984.8 -71.67
985.2 -71.53
985.6 -69.91
986.0 -69.41
986.4 -70.1
986.8 -70.0
987.2 -71.26
987.6 -71.23
988.0 -70.58
988.4 -70.48
988.8 -69.71
989.2 -69.94
989.6 -70.86
990.0 -70.34
990.4 -70.93
990.8 -69.41
991.2 -70.49
991.6 -69.57
992.0 -70.02
992.4 -70.3
992.8 -69.98
993.2 -70.44
993.6 -69.15
994.0 -70.15
994.4 -69.45
994.8 -69.78
995.2 -69.98
995.6 -69.46
996.0 -69.41
996.4 -69.51
996.8 -69.09
997.2 -69.73
997.6 -70.11
998.0 -69.18
998.4 -69.65
998.8 -70.03
999.2 -70.64
999.6 -70.21
1000.0 -68.62
