600.0 -69.99
600.4 -73.36
600.8 -70.76
601.2 -72.16
601.6 -76.45
602.0 -210.0
602.4 -210.0
602.8 -81.31
603.2 -70.53
603.6 -210.0
604.0 -84.4
604.4 -77.43
604.8 -210.0
605.2 -70.85
605.6 -69.87
606.0 -210.0
606.4 -71.32
606.8 -71.79
607.2 -69.41
607.6 -210.0
608.0 -70.34
608.4 -76.22
608.8 -70.9
609.2 -67.82
609.6 -72.71
610.0 -81.77
610.4 -210.0
610.8 -70.68
611.2 -72.8
611.6 -71.07
612.0 -72.11
612.4 -210.0
612.8 -210.0
613.2 -74.55
613.6 -71.99
614.0 -73.25
614.4 -70.26
614.8 -71.84
615.2 -75.09
615.6 -66.98
616.0 -68.32
616.4 -72.15
616.8 -70.7
617.2 -74.07
617.6 -66.84
618.0 -72.95
618.4 -75.73
618.8 -70.52
619.2 -210.0
619.6 -73.04
620.0 -68.46
620.4 -74.6
620.8 -210.0
621.2 -70.26
621.6 -71.66
622.0 -210.0
622.4 -70.46
622.8 -72.76
623.2 -74.43
623.6 -68.61
624.0 -67.16
624.4 -69.11
624.8 -72.66
625.2 -75.28
625.6 -71.24
626.0 -70.83
626.4 -69.53
626.8 -71.48
627.2 -69.9
627.6 -71.7
628.0 -78.08
628.4 -70.71
628.8 -68.76
629.2 -71.02
629.6 -69.73
630.0 -69.87
630.4 -70.46
630.8 -69.24
631.2 -71.31
631.6 -210.0
632.0 -70.46
632.4 -69.94
632.8 -69.39
633.2 -67.26
633.6 -69.27
634.0 -72.67
634.4 -68.61
634.8 -68.56
635.2 -71.75
635.6 -68.21
636.0 -70.87
636.4 -67.66
636.8 -70.81
637.2 -67.49
637.6 -71.64
638.0 -69.1
638.4 -70.7
638.8 -66.91
639.2 -68.55
639.6 -67.62
640.0 -69.66
640.4 -69.45
640.8 -68.36
641.2 -69.14
641.6 -67.3
642.0 -67.42
642.4 -73.34
642.8 -69.21
643.2 -69.32
643.6 -67.07
644.0 -68.34
644.4 -70.23
644.8 -68.6
645.2 -68.63
645.6 -68.98
646.0 -69.01
646.4 -67.4
646.8 -68.06
647.2 -68.25
647.6 -68.18
648.0 -67.82
648.4 -67.63
648.8 -69.75
649.2 -68.37
649.6 -67.48
650.0 -67.45
650.4 -67.98
650.8 -67.24
651.2 -67.85
651.6 -67.46
652.0 -67.29
652.4 -67.22
652.8 -67.38
653.2 -69.12
653.6 -67.39
654.0 -66.61
654.4 -67.27
654.8 -66.13
655.2 -67.12
655.6 -66.79
656.0 -67.54
656.4 -67.29
656.8 -68.12
657.2 -66.31
657.6 -66.64
658.0 -66.54
658.4 -67.14
658.8 -66.51
659.2 -67.04
659.6 -66.72
660.0 -65.96
660.4 -65.82
660.8 -66.76
661.2 -66.33
661.6 -67.57
662.0 -65.93
662.4 -66.11
662.8 -65.71
663.2 -67.09
663.6 -65.82
664.0 -66.05
664.4 -66.2
664.8 -66.36
665.2 -65.65
665.6 -65.27
666.0 -66.39
666.4 -65.85
666.8 -66.27
667.2 -65.91
667.6 -66.83
668.0 -65.76
668.4 -65.55
668.8 -65.44
669.2 -65.68
669.6 -65.93
670.0 -66.16
670.4 -66.13
670.8 -65.66
671.2 -66.15
671.6 -66.06
672.0 -65.82
672.4 -66.87
672.8 -67.09
673.2 -65.78
673.6 -65.35
674.0 -65.39
674.4 -65.55
674.8 -66.33
675.2 -66.21
675.6 -66.5
676.0 -65.78
676.4 -65.37
676.8 -65.85
677.2 -65.68
677.6 -65.63
678.0 -65.99
678.4 -65.46
678.8 -65.64
679.2 -64.97
679.6 -65.47
680.0 -65.82
680.4 -65.71
680.8 -65.7
681.2 -64.97
681.6 -65.39
682.0 -65.57
682.4 -64.95
682.8 -65.67
683.2 -65.04
683.6 -65.06
684.0 -65.98
684.4 -65.3
684.8 -65.59
685.2 -65.5
685.6 -65.67
686.0 -66.5
686.4 -66.23
686.8 -65.22
687.2 -65.29
687.6 -65.36
688.0 -64.98
688.4 -65.49
688.8 -65.35
689.2 -65.45
689.6 -65.06
690.0 -65.9
690.4 -65.46
690.8 -65.4
691.2 -65.11
691.6 -64.96
692.0 -65.69
692.4 -65.8
692.8 -66.28
693.2 -65.79
693.6 -65.05
694.0 -65.17
694.4 -64.69
694.8 -65.54
695.2 -65.64
695.6 -64.87
696.0 -65.19
696.4 -65.05
696.8 -64.64
697.2 -65.7
697.6 -65.25
698.0 -65.32
698.4 -66.15
698.8 -65.59
699.2 -65.47
699.6 -65.58
700.0 -64.3
700.4 -65.2
700.8 -65.59
701.2 -64.43
701.6 -65.67
702.0 -65.6
702.4 -64.76
702.8 -64.99
703.2 -65.27
703.6 -65.0
704.0 -65.46
704.4 -65.03
704.8 -64.1
705.2 -65.52
705.6 -64.53
706.0 -65.09
706.4 -65.03
706.8 -64.6
707.2 -65.35
707.6 -64.87
708.0 -65.82
708.4 -64.46
708.8 -65.3
709.2 -64.91
709.6 -64.29
710.0 -64.77
710.4 -65.25
710.8 -65.3
711.2 -65.21
711.6 -64.78
712.0 -65.01
712.4 -64.93
712.8 -65.51
713.2 -65.08
713.6 -64.37
714.0 -65.5
714.4 -65.01
714.8 -65.06
715.2 -65.16
715.6 -65.33
716.0 -65.25
716.4 -64.83
716.8 -64.73
717.2 -65.23
717.6 -64.09
718.0 -65.28
718.4 -64.64
718.8 -64.6
719.2 -65.44
719.6 -64.7
720.0 -65.37
720.4 -64.79
720.8 -64.91
721.2 -65.1
721.6 -64.34
722.0 -64.98
722.4 -64.4
722.8 -64.46
723.2 -64.71
723.6 -64.71
724.0 -64.31
724.4 -64.96
724.8 -64.59
725.2 -64.16
725.6 -64.47
726.0 -64.48
726.4 -65.91
726.8 -65.04
727.2 -64.96
727.6 -64.59
728.0 -64.9
728.4 -65.18
728.8 -66.35
729.2 -64.48
729.6 -64.7
730.0 -64.74
730.4 -65.24
730.8 -64.71
731.2 -64.55
731.6 -65.38
732.0 -64.32
732.4 -64.0
732.8 -64.54
733.2 -64.41
733.6 -64.66
734.0 -64.77
734.4 -64.52
734.8 -65.6
735.2 -64.4
735.6 -64.72
736.0 -64.8
736.4 -65.88
736.8 -64.98
737.2 -65.12
737.6 -65.74
738.0 -64.92
738.4 -64.32
738.8 -65.22
739.2 -65.25
739.6 -64.88
740.0 -64.84
740.4 -64.79
740.8 -65.09
741.2 -64.75
741.6 -64.94
742.0 -64.75
742.4 -65.06
742.8 -65.02
743.2 -64.85
743.6 -64.82
744.0 -64.22
744.4 -65.43
744.8 -64.87
745.2 -64.92
745.6 -64.64
746.0 -64.19
746.4 -64.43
746.8 -64.94
747.2 -64.53
747.6 -64.99
748.0 -65.53
748.4 -65.06
748.8 -65.09
749.2 -65.01
749.6 -64.62
750.0 -64.51
750.4 -65.2
750.8 -65.25
751.2 -64.06
751.6 -64.56
752.0 -65.14
752.4 -64.18
752.8 -64.87
753.2 -64.54
753.6 -64.95
754.0 -65.21
754.4 -64.3
754.8 -65.2
755.2 -65.13
755.6 -65.13
756.0 -64.48
756.4 -64.94
756.8 -65.11
757.2 -64.71
757.6 -65.1
758.0 -63.81
758.4 -64.1
758.8 -64.83
759.2 -64.85
759.6 -65.73
760.0 -64.3
760.4 -65.35
760.8 -64.8
761.2 -64.86
761.6 -65.25
762.0 -64.76
762.4 -64.62
762.8 -64.45
763.2 -64.64
763.6 -64.53
764.0 -64.85
764.4 -65.03
764.8 -64.46
765.2 -64.15
765.6 -64.28
766.0 -64.86
766.4 -64.39
766.8 -64.41
767.2 -64.8
767.6 -65.0
768.0 -64.27
768.4 -64.43
768.8 -65.04
769.2 -64.89
769.6 -64.24
770.0 -64.51
770.4 -64.62
770.8 -65.22
771.2 -65.25
771.6 -64.6
772.0 -65.41
772.4 -64.09
772.8 -65.31
773.2 -64.53
773.6 -64.64
774.0 -64.98
774.4 -65.57
774.8 -64.98
775.2 -64.63
775.6 -65.2
776.0 -64.85
776.4 -64.46
776.8 -65.19
777.2 -64.48
777.6 -64.57
778.0 -63.82
778.4 -63.94
778.8 -64.84
779.2 -65.21
779.6 -64.75
780.0 -64.55
780.4 -65.08
780.8 -64.83
781.2 -64.33
781.6 -63.71
782.0 -64.65
782.4 -64.97
782.8 -65.03
783.2 -64.55
783.6 -64.67
784.0 -65.48
784.4 -64.23
784.8 -64.52
785.2 -64.27
785.6 -64.49
786.0 -64.46
786.4 -63.68
786.8 -64.29
787.2 -64.82
787.6 -64.37
788.0 -64.16
788.4 -64.0
788.8 -64.0
789.2 -64.05
789.6 -64.13
790.0 -64.68
790.4 -65.14
790.8 -63.94
791.2 -64.53
791.6 -64.7
792.0 -64.37
792.4 -64.23
792.8 -64.49
793.2 -64.04
793.6 -64.47
794.0 -63.94
794.4 -64.03
794.8 -63.99
795.2 -63.54
795.6 -64.08
796.0 -64.39
796.4 -63.53
796.8 -63.73
797.2 -63.7
797.6 -63.87
798.0 -63.36
798.4 -63.51
798.8 -63.2
799.2 -64.37
799.6 -63.55
800.0 -63.85
800.4 -63.85
800.8 -63.8
801.2 -63.71
801.6 -63.98
802.0 -62.96
802.4 -63.98
802.8 -63.24
803.2 -63.65
803.6 -63.19
804.0 -63.08
804.4 -63.71
804.8 -62.73
805.2 -63.27
805.6 -62.23
806.0 -61.57
806.4 -60.32
806.8 -56.9
807.2 -53.22
807.6 -49.35
808.0 -48.03
808.4 -49.02
808.8 -49.65
809.2 -53.57
809.6 -60.5
810.0 -62.18
810.4 -63.45
810.8 -63.08
811.2 -62.74
811.6 -63.15
812.0 -63.5
812.4 -63.12
812.8 -63.31
813.2 -63.08
813.6 -63.51
814.0 -62.94
814.4 -63.1
814.8 -62.82
815.2 -63.33
815.6 -63.43
816.0 -63.31
816.4 -63.24
816.8 -63.26
817.2 -63.17
817.6 -63.24
818.0 -62.84
818.4 -63.07
818.8 -63.32
819.2 -63.37
819.6 -63.33
820.0 -62.87
820.4 -63.3
820.8 -62.9
821.2 -62.84
821.6 -63.35
822.0 -62.64
822.4 -63.13
822.8 -62.84
823.2 -63.08
823.6 -63.24
824.0 -63.46
824.4 -63.08
824.8 -63.43
825.2 -63.1
825.6 -63.3
826.0 -62.67
826.4 -63.13
826.8 -63.08
827.2 -63.09
827.6 -63.23
828.0 -62.8
828.4 -63.21
828.8 -63.44
829.2 -63.37
829.6 -63.25
830.0 -63.37
830.4 -63.08
830.8 -63.37
831.2 -63.17
831.6 -63.23
832.0 -62.74
832.4 -62.85
832.8 -62.9
833.2 -62.85
833.6 -63.1
834.0 -63.42
834.4 -63.21
834.8 -62.95
835.2 -62.51
835.6 -62.69
836.0 -62.62
836.4 -62.65
836.8 -62.98
837.2 -63.23
837.6 -62.97
838.0 -63.04
838.4 -63.57
838.8 -62.85
839.2 -62.95
839.6 -63.3
840.0 -62.99
840.4 -63.39
840.8 -63.33
841.2 -63.5
841.6 -63.04
842.0 -63.11
842.4 -63.15
842.8 -63.32
843.2 -62.85
843.6 -63.09
844.0 -63.04
844.4 -63.44
844.8 -63.2
845.2 -63.21
845.6 -62.86
846.0 -63.0
846.4 -63.12
846.8 -63.18
847.2 -63.07
847.6 -63.1
848.0 -63.22
848.4 -63.02
848.8 -63.22
849.2 -63.26
849.6 -63.19
850.0 -63.38
850.4 -63.37
850.8 -63.46
851.2 -63.14
851.6 -63.64
852.0 -63.34
852.4 -63.78
852.8 -63.56
853.2 -62.92
853.6 -63.54
854.0 -63.1
854.4 -62.75
854.8 -62.97
855.2 -63.24
855.6 -63.23
856.0 -63.29
856.4 -63.29
856.8 -63.49
857.2 -63.4
857.6 -63.3
858.0 -63.3
858.4 -62.68
858.8 -62.92
859.2 -63.66
859.6 -62.89
860.0 -63.25
860.4 -62.97
860.8 -63.35
861.2 -62.95
861.6 -63.32
862.0 -63.23
862.4 -63.32
862.8 -63.27
863.2 -63.35
863.6 -62.87
864.0 -63.57
864.4 -63.58
864.8 -63.6
865.2 -62.91
865.6 -63.59
866.0 -63.25
866.4 -63.39
866.8 -63.23
867.2 -62.98
867.6 -63.26
868.0 -63.11
868.4 -63.52
868.8 -62.98
869.2 -62.96
869.6 -62.84
870.0 -63.17
870.4 -62.94
870.8 -63.36
871.2 -63.6
871.6 -63.37
872.0 -63.19
872.4 -62.81
872.8 -63.02
873.2 -63.23
873.6 -63.16
874.0 -63.31
874.4 -62.87
874.8 -63.04
875.2 -63.11
875.6 -62.7
876.0 -62.94
876.4 -62.7
876.8 -63.59
877.2 -62.54
877.6 -62.77
878.0 -62.73
878.4 -62.82
878.8 -62.87
879.2 -62.86
879.6 -62.71
880.0 -62.95
880.4 -62.64
880.8 -62.84
881.2 -62.95
881.6 -63.59
882.0 -62.79
882.4 -63.21
882.8 -62.59
883.2 -63.37
883.6 -62.95
884.0 -62.95
884.4 -62.78
884.8 -62.86
885.2 -62.96
885.6 -62.55
886.0 -62.93
886.4 -62.67
886.8 -63.3
887.2 -63.58
887.6 -62.76
888.0 -62.98
888.4 -62.25
888.8 -62.79
889.2 -63.26
889.6 -62.53
890.0 -63.22
890.4 -62.72
890.8 -63.01
891.2 -63.01
891.6 -62.92
892.0 -63.78
892.4 -62.58
892.8 -62.92
893.2 -63.08
893.6 -62.56
894.0 -62.7
894.4 -62.91
894.8 -62.92
895.2 -62.68
895.6 -62.68
896.0 -62.59
896.4 -63.52
896.8 -63.1
897.2 -62.9
897.6 -62.93
898.0 -62.32
898.4 -62.79
898.8 -63.19
899.2 -62.8
899.6 -63.11
900.0 -62.66
900.4 -62.85
900.8 -62.69
901.2 -63.04
901.6 -62.65
902.0 -62.85
902.4 -62.67
902.8 -63.11
903.2 -62.6
903.6 -62.71
904.0 -62.67
904.4 -62.54
904.8 -62.74
905.2 -62.75
905.6 -63.15
906.0 -62.9
906.4 -62.39
906.8 -62.33
907.2 -62.51
907.6 -62.78
908.0 -62.76
908.4 -62.69
908.8 -62.84
909.2 -62.57
909.6 -62.49
910.0 -62.18
910.4 -62.13
910.8 -62.29
911.2 -62.23
911.6 -62.64
912.0 -62.2
912.4 -62.57
912.8 -62.6
913.2 -62.49
913.6 -61.83
914.0 -62.38
914.4 -62.67
914.8 -62.72
915.2 -62.38
915.6 -62.41
916.0 -62.51
916.4 -62.45
916.8 -62.17
917.2 -62.6
917.6 -62.43
918.0 -62.55
918.4 -62.55
918.8 -62.55
919.2 -62.42
919.6 -62.46
920.0 -62.54
920.4 -62.38
920.8 -62.33
921.2 -62.25
921.6 -62.48
922.0 -62.68
922.4 -62.68
922.8 -62.35
923.2 -62.68
923.6 -62.62
924.0 -62.27
924.4 -62.44
924.8 -62.46
925.2 -62.54
925.6 -62.65
926.0 -62.46
926.4 -62.36
926.8 -62.62
927.2 -62.85
927.6 -62.52
928.0 -62.45
928.4 -62.43
928.8 -62.46
929.2 -62.53
929.6 -62.14
930.0 -62.4
930.4 -62.68
930.8 -62.62
931.2 -62.72
931.6 -62.44
932.0 -62.47
932.4 -62.36
932.8 -62.55
933.2 -62.58
933.6 -62.57
934.0 -62.55
934.4 -62.63
934.8 -62.2
935.2 -62.52
935.6 -62.27
936.0 -62.41
936.4 -62.49
936.8 -62.56
937.2 -62.64
937.6 -62.28
938.0 -62.54
938.4 -62.55
938.8 -62.3
939.2 -62.3
939.6 -62.54
940.0 -62.68
940.4 -62.98
940.8 -62.59
941.2 -62.5
941.6 -62.45
942.0 -62.76
942.4 -62.59
942.8 -62.61
943.2 -62.63
943.6 -62.46
944.0 -62.6
944.4 -62.37
944.8 -62.46
945.2 -62.63
945.6 -62.69
946.0 -62.66
946.4 -62.29
946.8 -62.61
947.2 -62.56
947.6 -62.63
948.0 -62.37
948.4 -62.56
948.8 -62.57
949.2 -62.29
949.6 -62.48
950.0 -62.64
950.4 -62.65
950.8 -62.53
951.2 -62.51
951.6 -62.76
952.0 -62.73
952.4 -62.37
952.8 -62.27
953.2 -62.66
953.6 -62.58
954.0 -62.64
954.4 -62.59
954.8 -62.43
955.2 -62.51
955.6 -62.8
956.0 -62.47
956.4 -62.57
956.8 -62.58
957.2 -62.6
957.6 -62.51
958.0 -62.58
958.4 -62.76
958.8 -62.51
959.2 -62.51
959.6 -62.62
960.0 -62.49
960.4 -62.46
960.8 -62.77
961.2 -62.68
961.6 -62.58
962.0 -62.36
962.4 -62.29
962.8 -62.38
963.2 -62.45
963.6 -62.39
964.0 -62.45
964.4 -62.63
964.8 -62.4
965.2 -62.28
965.6 -61.98
966.0 -62.21
966.4 -62.71
966.8 -62.36
967.2 -62.33
967.6 -62.32
968.0 -62.34
968.4 -62.62
968.8 -62.49
969.2 -62.53
969.6 -62.61
970.0 -62.47
970.4 -62.77
970.8 -62.32
971.2 -62.63
971.6 -62.68
972.0 -62.54
972.4 -62.62
972.8 -62.72
973.2 -62.67
973.6 -62.55
974.0 -62.77
974.4 -62.81
974.8 -62.89
975.2 -62.72
975.6 -62.78
976.0 -62.87
976.4 -62.91
976.8 -62.91
977.2 -62.91
977.6 -62.8
978.0 -62.98
978.4 -63.01
978.8 -63.1
979.2 -63.12
979.6 -62.96
980.0 -63.0
980.4 -62.75
980.8 -63.0
981.2 -63.02
981.6 -62.97
982.0 -62.67
982.4 -62.78
982.8 -62.49
983.2 -62.46
983.6 -62.42
984.0 -62.29
984.4 -62.24
984.8 -62.26
985.2 -62.29
985.6 -62.15
986.0 -62.07
986.4 -62.09
986.8 -62.08
987.2 -61.96
987.6 -61.89
988.0 -61.74
988.4 -61.86
988.8 -61.64
989.2 -61.78
989.6 -61.65
990.0 -61.63
990.4 -61.62
990.8 -61.56
991.2 -61.54
991.6 -61.59
992.0 -61.46
992.4 -61.49
992.8 -61.37
993.2 -61.68
993.6 -61.38
994.0 -61.51
994.4 -61.52
994.8 -61.35
995.2 -61.35
995.6 -61.38
996.0 -61.08
996.4 -61.29
996.8 -61.37
997.2 -61.54
997.6 -61.33
998.0 -61.21
998.4 -61.38
998.8 -61.38
999.2 -61.16
999.6 -61.26
1000.0 -61.22
