600.0 -210.0
600.4 -73.02
600.8 -73.05
601.2 -210.0
601.6 -210.0
602.0 -84.27
602.4 -76.5
602.8 -75.86
603.2 -73.54
603.6 -74.82
604.0 -73.26
604.4 -70.99
604.8 -74.03
605.2 -210.0
605.6 -72.45
606.0 -210.0
606.4 -210.0
606.8 -210.0
607.2 -76.81
607.6 -210.0
608.0 -210.0
608.4 -210.0
608.8 -71.09
609.2 -81.72
609.6 -210.0
610.0 -70.63
610.4 -68.57
610.8 -81.82
611.2 -68.41
611.6 -71.07
612.0 -76.44
612.4 -210.0
612.8 -72.64
613.2 -76.51
613.6 -70.85
614.0 -71.79
614.4 -80.26
614.8 -69.75
615.2 -72.3
615.6 -210.0
616.0 -76.68
616.4 -70.1
616.8 -69.86
617.2 -73.16
617.6 -67.82
618.0 -68.35
618.4 -70.09
618.8 -85.3
619.2 -72.32
619.6 -69.55
620.0 -210.0
620.4 -210.0
620.8 -73.65
621.2 -210.0
621.6 -85.47
622.0 -69.26
622.4 -210.0
622.8 -73.5
623.2 -69.77
623.6 -71.45
624.0 -70.99
624.4 -71.67
624.8 -79.64
625.2 -76.15
625.6 -71.74
626.0 -71.27
626.4 -72.76
626.8 -71.65
627.2 -69.48
627.6 -76.3
628.0 -67.87
628.4 -70.21
628.8 -79.89
629.2 -69.7
629.6 -71.05
630.0 -74.53
630.4 -70.84
630.8 -75.26
631.2 -71.31
631.6 -73.33
632.0 -68.36
632.4 -69.84
632.8 -69.97
633.2 -74.77
633.6 -69.01
634.0 -71.23
634.4 -69.59
634.8 -70.9
635.2 -71.32
635.6 -71.49
636.0 -70.64
636.4 -68.61
636.8 -68.79
637.2 -70.61
637.6 -72.94
638.0 -80.56
638.4 -71.05
638.8 -69.57
639.2 -71.9
639.6 -70.17
640.0 -68.95
640.4 -70.05
640.8 -68.89
641.2 -67.45
641.6 -68.43
642.0 -68.99
642.4 -70.72
642.8 -67.45
643.2 -68.9
643.6 -67.24
644.0 -67.85
644.4 -68.38
644.8 -69.69
645.2 -68.4
645.6 -68.61
646.0 -68.95
646.4 -70.59
646.8 -68.55
647.2 -68.46
647.6 -68.91
648.0 -68.76
648.4 -68.57
648.8 -68.45
649.2 -68.81
649.6 -68.85
650.0 -68.03
650.4 -68.64
650.8 -68.69
651.2 -70.64
651.6 -69.43
652.0 -68.13
652.4 -67.47
652.8 -67.64
653.2 -69.12
653.6 -67.6
654.0 -67.56
654.4 -68.01
654.8 -68.62
655.2 -67.24
655.6 -69.14
656.0 -66.84
656.4 -69.74
656.8 -67.1
657.2 -67.34
657.6 -67.81
658.0 -67.11
658.4 -68.75
658.8 -68.99
659.2 -66.65
659.6 -67.15
660.0 -68.06
660.4 -68.01
660.8 -67.4
661.2 -67.13
661.6 -66.94
662.0 -67.32
662.4 -67.44
662.8 -66.98
663.2 -68.61
663.6 -67.83
664.0 -67.09
664.4 -67.13
664.8 -67.13
665.2 -66.33
665.6 -68.15
666.0 -67.2
666.4 -67.4
666.8 -66.94
667.2 -66.98
667.6 -66.83
668.0 -67.61
668.4 -67.24
668.8 -66.56
669.2 -65.99
669.6 -67.65
670.0 -67.39
670.4 -66.41
670.8 -66.57
671.2 -66.6
671.6 -66.57
672.0 -67.89
672.4 -68.22
672.8 -66.76
673.2 -66.38
673.6 -66.52
674.0 -67.15
674.4 -67.6
674.8 -66.43
675.2 -66.77
675.6 -67.1
676.0 -66.62
676.4 -67.21
676.8 -65.57
677.2 -67.16
677.6 -66.9
678.0 -67.65
678.4 -66.3
678.8 -66.23
679.2 -67.96
679.6 -66.17
680.0 -66.65
680.4 -65.74
680.8 -66.54
681.2 -66.18
681.6 -65.18
682.0 -66.59
682.4 -66.48
682.8 -66.68
683.2 -66.72
683.6 -65.83
684.0 -66.2
684.4 -66.45
684.8 -66.45
685.2 -66.24
685.6 -67.26
686.0 -66.97
686.4 -67.68
686.8 -67.28
687.2 -66.32
687.6 -66.31
688.0 -66.06
688.4 -66.3
688.8 -67.1
689.2 -66.57
689.6 -67.13
690.0 -66.74
690.4 -67.07
690.8 -67.32
691.2 -65.94
691.6 -67.39
692.0 -66.97
692.4 -66.31
692.8 -65.65
693.2 -65.7
693.6 -66.13
694.0 -66.75
694.4 -65.68
694.8 -66.28
695.2 -66.51
695.6 -65.36
696.0 -66.99
696.4 -66.46
696.8 -66.86
697.2 -65.85
697.6 -66.17
698.0 -66.65
698.4 -66.02
698.8 -65.99
699.2 -66.28
699.6 -66.94
700.0 -66.3
700.4 -65.83
700.8 -66.54
701.2 -66.05
701.6 -65.47
702.0 -66.07
702.4 -65.99
702.8 -66.3
703.2 -65.24
703.6 -65.13
704.0 -66.24
704.4 -66.1
704.8 -66.7
705.2 -65.99
705.6 -65.21
706.0 -66.42
706.4 -66.0
706.8 -65.59
707.2 -65.77
707.6 -66.66
708.0 -66.73
708.4 -66.28
708.8 -65.94
709.2 -65.35
709.6 -66.71
710.0 -66.08
710.4 -66.15
710.8 -66.46
711.2 -66.58
711.6 -65.49
712.0 -66.31
712.4 -65.35
712.8 -66.02
713.2 -65.57
713.6 -67.03
714.0 -65.5
714.4 -65.83
714.8 -66.28
715.2 -66.23
715.6 -65.45
716.0 -65.51
716.4 -65.32
716.8 -65.91
717.2 -66.21
717.6 -66.36
718.0 -65.99
718.4 -66.5
718.8 -66.12
719.2 -66.41
719.6 -66.16
720.0 -65.97
720.4 -65.68
720.8 -66.62
721.2 -66.0
721.6 -64.89
722.0 -65.69
722.4 -65.6
722.8 -65.98
723.2 -65.84
723.6 -65.65
724.0 -65.45
724.4 -65.54
724.8 -65.57
725.2 -65.44
725.6 -66.7
726.0 -66.23
726.4 -65.75
726.8 -66.22
727.2 -66.08
727.6 -65.94
728.0 -66.21
728.4 -66.55
728.8 -64.6
729.2 -66.66
729.6 -65.53
730.0 -66.41
730.4 -65.39
730.8 -65.86
731.2 -65.0
731.6 -66.98
732.0 -66.47
732.4 -66.43
732.8 -66.39
733.2 -66.38
733.6 -65.68
734.0 -65.39
734.4 -66.41
734.8 -65.6
735.2 -67.66
735.6 -66.18
736.0 -65.76
736.4 -65.88
736.8 -66.35
737.2 -65.68
737.6 -66.42
738.0 -66.27
738.4 -65.51
738.8 -67.0
739.2 -66.57
739.6 -66.15
740.0 -65.96
740.4 -65.39
740.8 -66.9
741.2 -65.88
741.6 -65.51
742.0 -67.4
742.4 -65.67
742.8 -67.01
743.2 -65.76
743.6 -65.56
744.0 -65.27
744.4 -66.45
744.8 -65.52
745.2 -66.45
745.6 -66.52
746.0 -66.73
746.4 -67.84
746.8 -67.27
747.2 -66.09
747.6 -65.47
748.0 -65.98
748.4 -66.0
748.8 -66.08
749.2 -66.0
749.6 -66.93
750.0 -67.54
750.4 -65.39
750.8 -66.56
751.2 -64.9
751.6 -65.69
752.0 -66.46
752.4 -65.58
752.8 -65.88
753.2 -65.19
753.6 -65.84
754.0 -66.28
754.4 -65.72
754.8 -67.04
755.2 -65.96
755.6 -65.68
756.0 -66.37
756.4 -64.86
756.8 -66.53
757.2 -64.96
757.6 -65.97
758.0 -65.48
758.4 -66.07
758.8 -65.92
759.2 -65.98
759.6 -66.8
760.0 -65.52
760.4 -66.09
760.8 -65.93
761.2 -65.96
761.6 -66.08
762.0 -65.88
762.4 -65.43
762.8 -65.01
763.2 -65.39
763.6 -67.18
764.0 -65.97
764.4 -65.61
764.8 -65.43
765.2 -65.5
765.6 -65.71
766.0 -66.26
766.4 -66.64
766.8 -65.25
767.2 -68.26
767.6 -66.05
768.0 -66.36
768.4 -66.36
768.8 -65.85
769.2 -65.43
769.6 -65.77
770.0 -66.78
770.4 -66.18
770.8 -66.06
771.2 -65.35
771.6 -65.76
772.0 -66.01
772.4 -65.34
772.8 -65.68
773.2 -65.51
773.6 -66.05
774.0 -66.08
774.4 -65.2
774.8 -65.3
775.2 -65.46
775.6 -66.37
776.0 -66.89
776.4 -64.82
776.8 -65.0
777.2 -65.06
777.6 -65.66
778.0 -65.95
778.4 -64.45
778.8 -65.18
779.2 -65.91
779.6 -65.48
780.0 -64.98
780.4 -64.8
780.8 -65.5
781.2 -64.6
781.6 -65.03
782.0 -66.41
782.4 -65.13
782.8 -65.67
783.2 -64.67
783.6 -66.32
784.0 -65.99
784.4 -65.99
784.8 -65.54
785.2 -65.94
785.6 -65.54
786.0 -64.92
786.4 -66.05
786.8 -65.78
787.2 -65.64
787.6 -64.56
788.0 -64.97
788.4 -65.38
788.8 -65.03
789.2 -65.66
789.6 -65.22
790.0 -65.11
790.4 -66.49
790.8 -66.19
791.2 -65.98
791.6 -65.75
792.0 -65.98
792.4 -65.1
792.8 -64.93
793.2 -64.87
793.6 -65.12
794.0 -64.74
794.4 -66.08
794.8 -65.08
795.2 -65.18
795.6 -65.23
796.0 -64.08
796.4 -64.79
796.8 -66.96
797.2 -65.6
797.6 -64.93
798.0 -64.22
798.4 -65.02
798.8 -66.05
799.2 -65.18
799.6 -64.68
800.0 -64.07
800.4 -64.36
800.8 -65.01
801.2 -64.43
801.6 -64.62
802.0 -65.35
802.4 -64.57
802.8 -65.36
803.2 -65.03
803.6 -65.06
804.0 -64.53
804.4 -64.45
804.8 -64.45
805.2 -64.26
805.6 -63.65
806.0 -63.13
806.4 -60.9
806.8 -57.79
807.2 -54.51
807.6 -50.2
808.0 -48.89
808.4 -49.87
808.8 -50.63
809.2 -54.42
809.6 -61.59
810.0 -62.85
810.4 -64.61
810.8 -64.4
811.2 -63.99
811.6 -64.71
812.0 -63.98
812.4 -64.03
812.8 -65.29
813.2 -64.12
813.6 -65.69
814.0 -64.29
814.4 -64.57
814.8 -64.06
815.2 -63.91
815.6 -64.37
816.0 -65.0
816.4 -64.86
816.8 -63.85
817.2 -64.12
817.6 -64.91
818.0 -65.03
818.4 -63.76
818.8 -64.0
819.2 -64.94
819.6 -64.21
820.0 -64.73
820.4 -63.38
820.8 -64.06
821.2 -64.07
821.6 -63.91
822.0 -65.0
822.4 -65.08
822.8 -64.04
823.2 -63.88
823.6 -64.56
824.0 -64.56
824.4 -64.67
824.8 -64.14
825.2 -64.42
825.6 -64.37
826.0 -64.65
826.4 -63.72
826.8 -64.77
827.2 -63.48
827.6 -63.96
828.0 -64.61
828.4 -63.86
828.8 -64.32
829.2 -64.53
829.6 -63.96
830.0 -65.35
830.4 -64.02
830.8 -64.37
831.2 -63.89
831.6 -64.06
832.0 -64.42
832.4 -64.01
832.8 -64.95
833.2 -64.33
833.6 -64.1
834.0 -64.28
834.4 -65.07
834.8 -63.93
835.2 -63.86
835.6 -64.28
836.0 -63.92
836.4 -64.13
836.8 -64.13
837.2 -64.06
837.6 -64.23
838.0 -64.6
838.4 -63.49
838.8 -64.36
839.2 -65.0
839.6 -64.07
840.0 -64.53
840.4 -64.64
840.8 -64.31
841.2 -64.19
841.6 -65.18
842.0 -64.75
842.4 -64.03
842.8 -65.01
843.2 -64.87
843.6 -64.76
844.0 -64.54
844.4 -64.38
844.8 -65.02
845.2 -65.24
845.6 -65.19
846.0 -65.26
846.4 -64.47
846.8 -65.16
847.2 -64.34
847.6 -64.55
848.0 -65.08
848.4 -64.5
848.8 -64.76
849.2 -65.53
849.6 -64.46
850.0 -64.54
850.4 -64.82
850.8 -65.07
851.2 -64.42
851.6 -64.76
852.0 -65.08
852.4 -64.97
852.8 -64.75
853.2 -65.07
853.6 -65.58
854.0 -64.79
854.4 -64.68
854.8 -65.68
855.2 -65.26
855.6 -64.67
856.0 -65.25
856.4 -65.4
856.8 -65.48
857.2 -65.02
857.6 -65.02
858.0 -64.95
858.4 -64.67
858.8 -65.38
859.2 -65.65
859.6 -65.59
860.0 -64.3
860.4 -65.45
860.8 -65.71
861.2 -65.23
861.6 -65.87
862.0 -64.64
862.4 -65.84
862.8 -65.66
863.2 -65.55
863.6 -65.13
864.0 -65.03
864.4 -64.7
864.8 -65.53
865.2 -65.42
865.6 -65.29
866.0 -65.98
866.4 -65.49
866.8 -65.43
867.2 -64.87
867.6 -65.14
868.0 -65.77
868.4 -64.75
868.8 -65.38
869.2 -65.71
869.6 -65.3
870.0 -65.5
870.4 -65.44
870.8 -65.92
871.2 -64.82
871.6 -66.15
872.0 -66.59
872.4 -65.69
872.8 -66.2
873.2 -65.32
873.6 -65.64
874.0 -65.69
874.4 -65.32
874.8 -66.26
875.2 -65.53
875.6 -66.53
876.0 -64.89
876.4 -66.18
876.8 -65.64
877.2 -66.39
877.6 -65.41
878.0 -65.34
878.4 -66.15
878.8 -65.36
879.2 -65.58
879.6 -65.43
880.0 -65.34
880.4 -65.29
880.8 -65.21
881.2 -66.56
881.6 -66.08
882.0 -66.39
882.4 -66.24
882.8 -65.67
883.2 -65.85
883.6 -66.66
884.0 -65.92
884.4 -65.82
884.8 -65.91
885.2 -65.69
885.6 -64.69
886.0 -65.03
886.4 -66.03
886.8 -64.95
887.2 -65.62
887.6 -65.48
888.0 -66.22
888.4 -65.39
888.8 -65.07
889.2 -65.99
889.6 -66.68
890.0 -65.7
890.4 -66.21
890.8 -65.99
891.2 -66.02
891.6 -66.36
892.0 -65.08
892.4 -65.6
892.8 -65.5
893.2 -65.67
893.6 -66.93
894.0 -65.74
894.4 -65.74
894.8 -65.9
895.2 -66.26
895.6 -66.13
896.0 -66.58
896.4 -65.79
896.8 -66.21
897.2 -65.96
897.6 -66.25
898.0 -66.22
898.4 -66.32
898.8 -65.76
899.2 -65.7
899.6 -65.82
900.0 -65.21
900.4 -66.49
900.8 -66.07
901.2 -65.98
901.6 -67.11
902.0 -66.56
902.4 -66.23
902.8 -67.14
903.2 -65.81
903.6 -65.47
904.0 -66.16
904.4 -66.43
904.8 -66.72
905.2 -66.7
905.6 -65.88
906.0 -65.66
906.4 -65.78
906.8 -65.65
907.2 -66.77
907.6 -66.26
908.0 -65.87
908.4 -65.77
908.8 -65.5
909.2 -67.07
909.6 -66.43
910.0 -66.52
910.4 -65.86
910.8 -66.48
911.2 -66.37
911.6 -66.52
912.0 -65.72
912.4 -66.23
912.8 -65.9
913.2 -66.58
913.6 -66.44
914.0 -66.33
914.4 -66.57
914.8 -66.75
915.2 -66.42
915.6 -66.68
916.0 -66.84
916.4 -67.03
916.8 -67.22
917.2 -66.75
917.6 -66.27
918.0 -65.83
918.4 -66.67
918.8 -67.39
919.2 -66.97
919.6 -66.85
920.0 -66.91
920.4 -66.39
920.8 -66.44
921.2 -67.06
921.6 -66.5
922.0 -67.49
922.4 -67.15
922.8 -66.3
923.2 -66.98
923.6 -66.97
924.0 -67.73
924.4 -66.75
924.8 -67.44
925.2 -67.52
925.6 -67.22
926.0 -68.23
926.4 -67.96
926.8 -66.96
927.2 -67.26
927.6 -66.77
928.0 -67.2
928.4 -67.82
928.8 -67.02
929.2 -68.37
929.6 -67.76
930.0 -67.6
930.4 -67.12
930.8 -67.11
931.2 -66.46
931.6 -66.96
932.0 -67.89
932.4 -68.41
932.8 -67.25
933.2 -67.46
933.6 -66.9
934.0 -67.18
934.4 -67.36
934.8 -67.19
935.2 -67.97
935.6 -68.14
936.0 -67.84
936.4 -67.46
936.8 -68.93
937.2 -68.08
937.6 -67.86
938.0 -67.95
938.4 -67.9
938.8 -68.66
939.2 -67.77
939.6 -66.67
940.0 -67.52
940.4 -68.25
940.8 -68.06
941.2 -67.28
941.6 -68.58
942.0 -68.68
942.4 -68.37
942.8 -67.72
943.2 -69.26
943.6 -67.53
944.0 -67.86
944.4 -67.98
944.8 -67.72
945.2 -67.78
945.6 -67.15
946.0 -67.88
946.4 -68.13
946.8 -67.78
947.2 -68.38
947.6 -68.3
948.0 -68.32
948.4 -67.48
948.8 -68.05
949.2 -68.44
949.6 -68.63
950.0 -67.83
950.4 -67.79
950.8 -68.69
951.2 -67.86
951.6 -67.71
952.0 -67.62
952.4 -68.03
952.8 -67.35
953.2 -68.5
953.6 -67.81
954.0 -67.57
954.4 -67.91
954.8 -67.82
955.2 -67.74
955.6 -67.28
956.0 -67.62
956.4 -67.52
956.8 -67.74
957.2 -67.38
957.6 -68.36
958.0 -67.15
958.4 -66.91
958.8 -68.48
959.2 -67.7
959.6 -67.98
960.0 -68.11
960.4 -67.37
960.8 -67.83
961.2 -68.02
961.6 -67.66
962.0 -67.01
962.4 -67.29
962.8 -66.98
963.2 -67.44
963.6 -67.65
964.0 -67.28
964.4 -67.06
964.8 -67.99
965.2 -66.93
965.6 -67.04
966.0 -66.79
966.4 -67.22
966.8 -67.09
967.2 -67.04
967.6 -67.55
968.0 -66.89
968.4 -67.13
968.8 -66.92
969.2 -67.41
969.6 -67.23
970.0 -67.64
970.4 -66.89
970.8 -67.58
971.2 -66.92
971.6 -67.55
972.0 -67.09
972.4 -67.18
972.8 -67.3
973.2 -67.81
973.6 -67.27
974.0 -67.22
974.4 -67.7
974.8 -67.56
975.2 -68.12
975.6 -67.47
976.0 -67.32
976.4 -67.46
976.8 -67.29
977.2 -67.23
977.6 -66.93
978.0 -67.93
978.4 -67.26
978.8 -66.8
979.2 -66.76
979.6 -67.6
980.0 -67.07
980.4 -67.43
980.8 -66.58
981.2 -67.06
981.6 -67.0
982.0 -67.28
982.4 -66.65
982.8 -66.73
983.2 -66.47
983.6 -66.61
984.0 -66.76
984.4 -66.25
984.8 -66.53
985.2 -66.48
985.6 -66.67
986.0 -65.87
986.4 -66.04
986.8 -66.18
987.2 -66.13
987.6 -66.08
988.0 -65.93
988.4 -66.06
988.8 -65.83
989.2 -65.93
989.6 -65.59
990.0 -65.75
990.4 -65.73
990.8 -65.46
991.2 -65.48
991.6 -65.43
992.0 -65.43
992.4 -65.34
992.8 -65.56
993.2 -65.41
993.6 -65.17
994.0 -65.42
994.4 -65.1
994.8 -65.14
995.2 -64.88
995.6 -64.87
996.0 -65.1
996.4 -65.1
996.8 -65.1
997.2 -64.84
997.6 -64.86
998.0 -64.65
998.4 -64.95
998.8 -65.12
999.2 -65.03
999.6 -64.72
1000.0 -65.03
