600.0 -71.35
600.4 -72.69
600.8 -71.18
601.2 -210.0
601.6 -76.45
602.0 -210.0
602.4 -72.82
602.8 -210.0
603.2 -210.0
603.6 -71.81
604.0 -70.08
604.4 -74.42
604.8 -69.82
605.2 -210.0
605.6 -73.7
606.0 -75.49
606.4 -72.78
606.8 -210.0
607.2 -70.12
607.6 -71.4
608.0 -210.0
608.4 -210.0
608.8 -70.39
609.2 -210.0
609.6 -71.14
610.0 -72.47
610.4 -72.76
610.8 -69.51
611.2 -78.82
611.6 -69.31
612.0 -67.49
612.4 -72.14
612.8 -71.33
613.2 -81.96
613.6 -78.97
614.0 -210.0
614.4 -69.24
614.8 -70.75
615.2 -71.66
615.6 -71.88
616.0 -79.11
616.4 -69.97
616.8 -68.74
617.2 -76.17
617.6 -69.1
618.0 -72.25
618.4 -210.0
618.8 -68.96
619.2 -72.32
619.6 -210.0
620.0 -69.57
620.4 -71.59
620.8 -73.65
621.2 -210.0
621.6 -70.02
622.0 -210.0
622.4 -210.0
622.8 -72.99
623.2 -70.12
623.6 -74.8
624.0 -68.99
624.4 -71.5
624.8 -73.62
625.2 -210.0
625.6 -71.74
626.0 -70.97
626.4 -68.13
626.8 -73.24
627.2 -68.91
627.6 -69.12
628.0 -70.3
628.4 -71.92
628.8 -81.14
629.2 -70.88
629.6 -71.05
630.0 -71.37
630.4 -71.4
630.8 -68.5
631.2 -73.3
631.6 -70.32
632.0 -69.42
632.4 -71.7
632.8 -70.08
633.2 -69.7
633.6 -71.34
634.0 -68.43
634.4 -69.07
634.8 -68.15
635.2 -68.25
635.6 -70.72
636.0 -72.63
636.4 -67.95
636.8 -69.17
637.2 -70.09
637.6 -70.32
638.0 -69.6
638.4 -69.99
638.8 -69.92
639.2 -69.12
639.6 -68.64
640.0 -74.97
640.4 -72.0
640.8 -68.55
641.2 -69.69
641.6 -69.56
642.0 -68.72
642.4 -66.96
642.8 -68.36
643.2 -68.39
643.6 -68.74
644.0 -67.96
644.4 -67.45
644.8 -67.83
645.2 -68.28
645.6 -67.29
646.0 -67.54
646.4 -68.56
646.8 -67.4
647.2 -67.3
647.6 -67.74
648.0 -68.26
648.4 -67.04
648.8 -68.29
649.2 -67.7
649.6 -68.11
650.0 -67.93
650.4 -68.12
650.8 -67.88
651.2 -66.69
651.6 -67.71
652.0 -68.28
652.4 -67.1
652.8 -67.51
653.2 -67.47
653.6 -67.56
654.0 -67.35
654.4 -67.91
654.8 -67.16
655.2 -68.52
655.6 -66.32
656.0 -67.21
656.4 -67.41
656.8 -67.41
657.2 -66.03
657.6 -66.57
658.0 -66.21
658.4 -66.47
658.8 -67.31
659.2 -66.07
659.6 -67.64
660.0 -66.56
660.4 -66.27
660.8 -67.32
661.2 -66.83
661.6 -67.53
662.0 -66.17
662.4 -66.73
662.8 -66.42
663.2 -65.76
663.6 -66.23
664.0 -66.33
664.4 -66.66
664.8 -66.62
665.2 -66.76
665.6 -65.76
666.0 -66.08
666.4 -66.2
666.8 -66.42
667.2 -65.79
667.6 -65.91
668.0 -66.49
668.4 -66.23
668.8 -66.2
669.2 -66.66
669.6 -67.01
670.0 -66.01
670.4 -65.9
670.8 -66.28
671.2 -66.03
671.6 -65.47
672.0 -65.9
672.4 -66.59
672.8 -65.43
673.2 -66.72
673.6 -66.13
674.0 -66.18
674.4 -66.25
674.8 -65.28
675.2 -66.05
675.6 -65.82
676.0 -66.2
676.4 -65.84
676.8 -65.66
677.2 -65.41
677.6 -65.66
678.0 -65.59
678.4 -65.99
678.8 -66.32
679.2 -65.75
679.6 -65.61
680.0 -65.65
680.4 -66.31
680.8 -66.08
681.2 -66.44
681.6 -65.78
682.0 -66.0
682.4 -65.74
682.8 -65.42
683.2 -66.44
683.6 -66.26
684.0 -65.95
684.4 -65.35
684.8 -65.54
685.2 -65.58
685.6 -65.75
686.0 -65.23
686.4 -65.77
686.8 -65.4
687.2 -66.22
687.6 -65.39
688.0 -65.64
688.4 -65.02
688.8 -66.24
689.2 -65.48
689.6 -65.32
690.0 -65.1
690.4 -65.22
690.8 -65.27
691.2 -65.59
691.6 -64.69
692.0 -65.52
692.4 -65.95
692.8 -65.54
693.2 -65.39
693.6 -65.39
694.0 -65.46
694.4 -65.24
694.8 -65.03
695.2 -64.75
695.6 -65.25
696.0 -65.49
696.4 -64.71
696.8 -64.39
697.2 -65.2
697.6 -65.36
698.0 -65.01
698.4 -65.42
698.8 -64.43
699.2 -65.58
699.6 -65.22
700.0 -65.21
700.4 -65.68
700.8 -64.6
701.2 -65.58
701.6 -65.24
702.0 -64.8
702.4 -65.68
702.8 -65.87
703.2 -64.38
703.6 -65.16
704.0 -65.29
704.4 -65.68
704.8 -64.88
705.2 -65.95
705.6 -65.05
706.0 -65.34
706.4 -64.82
706.8 -65.14
707.2 -65.58
707.6 -65.43
708.0 -65.09
708.4 -64.57
708.8 -65.68
709.2 -65.46
709.6 -64.69
710.0 -65.39
710.4 -64.35
710.8 -65.0
711.2 -64.64
711.6 -64.75
712.0 -64.93
712.4 -65.26
712.8 -65.08
713.2 -65.14
713.6 -65.07
714.0 -64.15
714.4 -64.63
714.8 -64.83
715.2 -65.08
715.6 -64.82
716.0 -65.11
716.4 -65.3
716.8 -65.07
717.2 -64.4
717.6 -64.72
718.0 -64.76
718.4 -64.92
718.8 -64.36
719.2 -64.41
719.6 -64.43
720.0 -64.74
720.4 -64.77
720.8 -64.99
721.2 -64.46
721.6 -65.57
722.0 -64.15
722.4 -64.85
722.8 -65.43
723.2 -65.37
723.6 -64.89
724.0 -65.19
724.4 -65.39
724.8 -65.26
725.2 -64.61
725.6 -65.35
726.0 -64.66
726.4 -64.78
726.8 -65.19
727.2 -64.7
727.6 -64.55
728.0 -65.44
728.4 -65.06
728.8 -64.91
729.2 -64.33
729.6 -64.78
730.0 -64.49
730.4 -65.33
730.8 -65.9
731.2 -64.73
731.6 -65.09
732.0 -64.5
732.4 -64.4
732.8 -65.31
733.2 -65.52
733.6 -66.35
734.0 -64.79
734.4 -65.06
734.8 -65.2
735.2 -64.86
735.6 -64.62
736.0 -64.47
736.4 -65.01
736.8 -65.71
737.2 -65.42
737.6 -65.64
738.0 -65.23
738.4 -64.73
738.8 -65.25
739.2 -65.37
739.6 -64.54
740.0 -64.47
740.4 -64.63
740.8 -65.09
741.2 -64.44
741.6 -65.42
742.0 -64.8
742.4 -64.64
742.8 -65.47
743.2 -64.93
743.6 -64.77
744.0 -66.53
744.4 -64.73
744.8 -64.73
745.2 -65.27
745.6 -64.97
746.0 -65.48
746.4 -65.05
746.8 -64.91
747.2 -65.73
747.6 -64.38
748.0 -64.48
748.4 -65.27
748.8 -64.78
749.2 -65.01
749.6 -64.39
750.0 -64.8
750.4 -65.36
750.8 -65.07
751.2 -65.07
751.6 -64.56
752.0 -65.72
752.4 -64.13
752.8 -65.95
753.2 -64.84
753.6 -65.56
754.0 -64.72
754.4 -65.97
754.8 -65.49
755.2 -65.38
755.6 -65.04
756.0 -64.45
756.4 -65.15
756.8 -65.36
757.2 -64.93
757.6 -65.35
758.0 -64.18
758.4 -64.86
758.8 -64.89
759.2 -64.73
759.6 -64.39
760.0 -64.7
760.4 -64.92
760.8 -65.75
761.2 -65.96
761.6 -64.17
762.0 -64.73
762.4 -64.73
762.8 -64.81
763.2 -64.89
763.6 -64.58
764.0 -65.54
764.4 -64.97
764.8 -65.33
765.2 -64.87
765.6 -65.14
766.0 -64.66
766.4 -65.84
766.8 -65.38
767.2 -64.28
767.6 -64.82
768.0 -64.64
768.4 -64.93
768.8 -65.39
769.2 -64.31
769.6 -64.92
770.0 -64.49
770.4 -64.43
770.8 -64.41
771.2 -64.49
771.6 -64.88
772.0 -64.61
772.4 -64.45
772.8 -65.24
773.2 -64.42
773.6 -64.32
774.0 -65.74
774.4 -64.18
774.8 -64.41
775.2 -64.86
775.6 -64.77
776.0 -64.65
776.4 -64.91
776.8 -64.46
777.2 -65.45
777.6 -64.54
778.0 -64.67
778.4 -64.47
778.8 -64.73
779.2 -64.47
779.6 -64.45
780.0 -64.57
780.4 -64.0
780.8 -64.55
781.2 -64.6
781.6 -65.42
782.0 -64.62
782.4 -64.35
782.8 -64.45
783.2 -64.16
783.6 -64.7
784.0 -64.7
784.4 -64.34
784.8 -64.52
785.2 -65.14
785.6 -63.83
786.0 -64.15
786.4 -64.11
786.8 -64.26
787.2 -64.21
787.6 -64.82
788.0 -64.88
788.4 -64.44
788.8 -64.23
789.2 -63.95
789.6 -64.64
790.0 -63.92
790.4 -64.04
790.8 -64.68
791.2 -64.56
791.6 -64.05
792.0 -64.26
792.4 -64.16
792.8 -64.87
793.2 -64.25
793.6 -64.38
794.0 -65.34
794.4 -63.74
794.8 -64.51
795.2 -63.19
795.6 -64.47
796.0 -64.1
796.4 -64.42
796.8 -64.2
797.2 -64.01
797.6 -64.3
798.0 -63.87
798.4 -63.38
798.8 -63.98
799.2 -63.23
799.6 -63.58
800.0 -64.1
800.4 -63.63
800.8 -63.63
801.2 -64.18
801.6 -64.03
802.0 -63.18
802.4 -63.06
802.8 -63.21
803.2 -63.56
803.6 -63.7
804.0 -63.57
804.4 -63.18
804.8 -62.88
805.2 -63.02
805.6 -62.42
806.0 -62.32
806.4 -60.11
806.8 -56.82
807.2 -53.5
807.6 -49.73
808.0 -48.23
808.4 -48.85
808.8 -49.44
809.2 -53.66
809.6 -60.54
810.0 -62.26
810.4 -63.05
810.8 -62.96
811.2 -63.39
811.6 -63.01
812.0 -63.35
812.4 -63.39
812.8 -63.21
813.2 -63.5
813.6 -63.44
814.0 -63.23
814.4 -62.87
814.8 -63.66
815.2 -63.27
815.6 -63.51
816.0 -63.37
816.4 -63.47
816.8 -63.47
817.2 -63.05
817.6 -63.84
818.0 -63.28
818.4 -63.19
818.8 -63.49
819.2 -63.74
819.6 -63.58
820.0 -63.19
820.4 -63.44
820.8 -62.95
821.2 -63.67
821.6 -63.14
822.0 -63.44
822.4 -63.48
822.8 -63.81
823.2 -62.88
823.6 -63.32
824.0 -62.97
824.4 -63.37
824.8 -63.41
825.2 -63.19
825.6 -63.25
826.0 -63.09
826.4 -62.63
826.8 -62.99
827.2 -63.12
827.6 -62.73
828.0 -63.59
828.4 -63.14
828.8 -63.0
829.2 -63.46
829.6 -62.63
830.0 -62.91
830.4 -62.99
830.8 -62.64
831.2 -62.98
831.6 -63.24
832.0 -63.22
832.4 -63.6
832.8 -62.85
833.2 -62.77
833.6 -63.29
834.0 -63.23
834.4 -62.57
834.8 -63.09
835.2 -62.39
835.6 -62.77
836.0 -62.59
836.4 -62.64
836.8 -62.94
837.2 -62.52
837.6 -62.83
838.0 -62.75
838.4 -63.16
838.8 -62.79
839.2 -63.15
839.6 -63.07
840.0 -63.74
840.4 -63.22
840.8 -62.99
841.2 -62.75
841.6 -63.22
842.0 -63.76
842.4 -63.43
842.8 -62.9
843.2 -62.98
843.6 -63.22
844.0 -62.74
844.4 -63.01
844.8 -63.11
845.2 -62.65
845.6 -63.08
846.0 -63.52
846.4 -62.84
846.8 -62.82
847.2 -63.2
847.6 -63.3
848.0 -63.08
848.4 -63.41
848.8 -62.6
849.2 -63.25
849.6 -63.07
850.0 -63.0
850.4 -63.13
850.8 -63.16
851.2 -63.21
851.6 -62.72
852.0 -63.02
852.4 -63.05
852.8 -62.96
853.2 -63.2
853.6 -62.99
854.0 -63.3
854.4 -62.84
854.8 -63.03
855.2 -62.98
855.6 -62.73
856.0 -63.33
856.4 -62.97
856.8 -62.73
857.2 -63.11
857.6 -63.01
858.0 -63.33
858.4 -62.82
858.8 -63.26
859.2 -63.49
859.6 -62.97
860.0 -62.94
860.4 -62.97
860.8 -63.43
861.2 -63.07
861.6 -63.32
862.0 -62.88
862.4 -63.36
862.8 -62.96
863.2 -63.23
863.6 -63.34
864.0 -62.86
864.4 -63.79
864.8 -62.75
865.2 -63.05
865.6 -63.19
866.0 -62.9
866.4 -63.42
866.8 -62.81
867.2 -63.07
867.6 -62.77
868.0 -63.22
868.4 -62.68
868.8 -63.08
869.2 -63.2
869.6 -62.9
870.0 -62.86
870.4 -63.47
870.8 -62.81
871.2 -63.3
871.6 -63.2
872.0 -62.79
872.4 -63.39
872.8 -62.81
873.2 -63.02
873.6 -62.66
874.0 -62.91
874.4 -62.84
874.8 -63.17
875.2 -62.41
875.6 -63.13
876.0 -63.4
876.4 -62.73
876.8 -62.84
877.2 -62.95
877.6 -63.05
878.0 -62.78
878.4 -62.91
878.8 -62.53
879.2 -62.99
879.6 -62.77
880.0 -62.53
880.4 -62.76
880.8 -62.96
881.2 -62.78
881.6 -62.64
882.0 -62.47
882.4 -62.4
882.8 -62.89
883.2 -63.05
883.6 -62.71
884.0 -62.56
884.4 -63.0
884.8 -62.51
885.2 -62.88
885.6 -62.48
886.0 -62.07
886.4 -62.86
886.8 -62.73
887.2 -62.88
887.6 -62.45
888.0 -62.31
888.4 -62.78
888.8 -62.37
889.2 -62.72
889.6 -62.75
890.0 -62.53
890.4 -63.55
890.8 -62.6
891.2 -62.4
891.6 -62.54
892.0 -62.32
892.4 -62.49
892.8 -62.52
893.2 -62.72
893.6 -62.47
894.0 -62.54
894.4 -62.84
894.8 -62.61
895.2 -62.35
895.6 -62.57
896.0 -62.49
896.4 -62.35
896.8 -62.24
897.2 -62.63
897.6 -62.28
898.0 -62.34
898.4 -62.61
898.8 -62.45
899.2 -62.53
899.6 -62.29
900.0 -62.4
900.4 -62.07
900.8 -62.48
901.2 -62.34
901.6 -62.34
902.0 -62.08
902.4 -62.31
902.8 -62.1
903.2 -62.49
903.6 -62.3
904.0 -62.67
904.4 -61.88
904.8 -62.37
905.2 -61.97
905.6 -62.21
906.0 -62.11
906.4 -62.08
906.8 -62.16
907.2 -62.34
907.6 -62.54
908.0 -61.99
908.4 -62.21
908.8 -62.33
909.2 -62.16
909.6 -62.13
910.0 -61.89
910.4 -62.25
910.8 -62.14
911.2 -61.83
911.6 -62.29
912.0 -62.22
912.4 -61.93
912.8 -61.94
913.2 -61.78
913.6 -62.3
914.0 -61.86
914.4 -62.15
914.8 -61.98
915.2 -62.16
915.6 -62.17
916.0 -61.9
916.4 -61.77
916.8 -62.22
917.2 -62.08
917.6 -62.01
918.0 -61.95
918.4 -62.06
918.8 -61.8
919.2 -62.06
919.6 -61.98
920.0 -62.13
920.4 -61.83
920.8 -62.31
921.2 -62.03
921.6 -62.25
922.0 -61.73
922.4 -62.15
922.8 -61.93
923.2 -62.07
923.6 -62.17
924.0 -62.08
924.4 -61.9
924.8 -61.93
925.2 -61.9
925.6 -62.32
926.0 -62.11
926.4 -62.31
926.8 -62.23
927.2 -62.53
927.6 -62.01
928.0 -62.16
928.4 -62.07
928.8 -62.3
929.2 -61.96
929.6 -61.87
930.0 -61.9
930.4 -62.2
930.8 -62.09
931.2 -62.19
931.6 -62.45
932.0 -62.21
932.4 -61.92
932.8 -61.98
933.2 -62.05
933.6 -62.15
934.0 -62.13
934.4 -62.15
934.8 -61.84
935.2 -62.17
935.6 -61.89
936.0 -62.17
936.4 -61.98
936.8 -62.38
937.2 -61.82
937.6 -61.71
938.0 -62.04
938.4 -62.04
938.8 -61.88
939.2 -61.7
939.6 -61.9
940.0 -61.61
940.4 -61.93
940.8 -62.27
941.2 -61.85
941.6 -62.02
942.0 -61.8
942.4 -61.95
942.8 -61.86
943.2 -61.88
943.6 -61.86
944.0 -62.05
944.4 -61.71
944.8 -61.89
945.2 -62.02
945.6 -61.68
946.0 -61.92
946.4 -62.33
946.8 -61.99
947.2 -61.8
947.6 -61.97
948.0 -61.79
948.4 -62.12
948.8 -62.17
949.2 -61.94
949.6 -61.98
950.0 -62.09
950.4 -61.82
950.8 -61.99
951.2 -61.82
951.6 -61.79
952.0 -62.02
952.4 -62.11
952.8 -61.7
953.2 -62.07
953.6 -61.93
954.0 -61.79
954.4 -62.08
954.8 -62.09
955.2 -61.84
955.6 -62.08
956.0 -61.99
956.4 -62.04
956.8 -62.05
957.2 -61.94
957.6 -62.06
958.0 -61.92
958.4 -61.92
958.8 -61.9
959.2 -61.79
959.6 -61.95
960.0 -61.88
960.4 -61.89
960.8 -61.69
961.2 -61.58
961.6 -61.91
962.0 -61.54
962.4 -61.73
962.8 -61.8
963.2 -61.71
963.6 -61.87
964.0 -61.68
964.4 -61.65
964.8 -61.63
965.2 -61.77
965.6 -61.62
966.0 -61.41
966.4 -61.93
966.8 -61.88
967.2 -61.79
967.6 -61.89
968.0 -61.87
968.4 -61.75
968.8 -61.85
969.2 -61.86
969.6 -61.77
970.0 -62.01
970.4 -62.08
970.8 -61.96
971.2 -62.22
971.6 -62.13
972.0 -62.17
972.4 -62.36
972.8 -62.29
973.2 -62.07
973.6 -62.06
974.0 -62.07
974.4 -62.07
974.8 -62.37
975.2 -62.24
975.6 -62.4
976.0 -62.28
976.4 -62.07
976.8 -62.31
977.2 -62.35
977.6 -62.15
978.0 -62.25
978.4 -62.38
978.8 -62.29
979.2 -62.32
979.6 -62.18
980.0 -62.23
980.4 -62.12
980.8 -62.3
981.2 -62.13
981.6 -62.05
982.0 -61.98
982.4 -62.21
982.8 -61.86
983.2 -61.94
983.6 -61.8
984.0 -61.92
984.4 -61.83
984.8 -61.59
985.2 -61.44
985.6 -61.5
986.0 -61.55
986.4 -61.64
986.8 -61.44
987.2 -61.36
987.6 -61.34
988.0 -61.38
988.4 -61.29
988.8 -61.17
989.2 -61.05
989.6 -61.18
990.0 -61.37
990.4 -61.03
990.8 -61.02
991.2 -60.9
991.6 -61.14
992.0 -60.99
992.4 -60.74
992.8 -60.93
993.2 -60.78
993.6 -60.97
994.0 -60.83
994.4 -60.91
994.8 -60.91
995.2 -60.92
995.6 -60.74
996.0 -60.81
996.4 -60.85
996.8 -60.92
997.2 -60.94
997.6 -60.85
998.0 -60.92
998.4 -60.95
998.8 -61.05
999.2 -60.99
999.6 -60.99
1000.0 -60.91
