600.0 -72.37
600.4 -69.38
600.8 -210.0
601.2 -210.0
601.6 -75.2
602.0 -73.47
602.4 -210.0
602.8 -70.34
603.2 -210.0
603.6 -210.0
604.0 -210.0
604.4 -210.0
604.8 -72.14
605.2 -75.43
605.6 -76.04
606.0 -81.52
606.4 -210.0
606.8 -78.55
607.2 -73.13
607.6 -210.0
608.0 -210.0
608.4 -75.13
608.8 -210.0
609.2 -73.59
609.6 -69.44
610.0 -74.36
610.4 -210.0
610.8 -71.82
611.2 -81.84
611.6 -77.89
612.0 -76.44
612.4 -80.15
612.8 -68.22
613.2 -210.0
613.6 -75.96
614.0 -72.01
614.4 -210.0
614.8 -70.92
615.2 -68.96
615.6 -80.33
616.0 -210.0
616.4 -210.0
616.8 -70.26
617.2 -71.06
617.6 -69.91
618.0 -70.2
618.4 -74.86
618.8 -70.52
619.2 -77.54
619.6 -76.89
620.0 -70.18
620.4 -210.0
620.8 -70.64
621.2 -75.9
621.6 -72.04
622.0 -69.47
622.4 -71.71
622.8 -75.55
623.2 -71.09
623.6 -68.69
624.0 -74.48
624.4 -73.09
624.8 -73.11
625.2 -77.24
625.6 -79.69
626.0 -210.0
626.4 -70.85
626.8 -210.0
627.2 -70.9
627.6 -71.87
628.0 -71.72
628.4 -70.71
628.8 -71.6
629.2 -70.88
629.6 -71.65
630.0 -69.46
630.4 -72.41
630.8 -72.44
631.2 -68.45
631.6 -73.56
632.0 -73.84
632.4 -70.05
632.8 -71.73
633.2 -73.93
633.6 -72.64
634.0 -73.98
634.4 -73.76
634.8 -77.89
635.2 -71.6
635.6 -69.42
636.0 -69.9
636.4 -69.22
636.8 -70.26
637.2 -73.97
637.6 -71.24
638.0 -70.05
638.4 -72.3
638.8 -71.2
639.2 -74.12
639.6 -72.23
640.0 -210.0
640.4 -70.44
640.8 -69.83
641.2 -70.31
641.6 -68.31
642.0 -69.13
642.4 -69.47
642.8 -71.2
643.2 -70.4
643.6 -67.98
644.0 -72.47
644.4 -69.28
644.8 -67.98
645.2 -68.94
645.6 -69.05
646.0 -67.23
646.4 -71.87
646.8 -70.37
647.2 -68.69
647.6 -67.38
648.0 -68.82
648.4 -68.92
648.8 -72.76
649.2 -69.57
649.6 -70.05
650.0 -68.32
650.4 -68.48
650.8 -68.17
651.2 -69.36
651.6 -68.54
652.0 -68.7
652.4 -68.94
652.8 -68.83
653.2 -68.0
653.6 -70.09
654.0 -67.96
654.4 -68.67
654.8 -67.57
655.2 -68.73
655.6 -68.57
656.0 -67.37
656.4 -67.89
656.8 -68.86
657.2 -68.92
657.6 -67.14
658.0 -68.48
658.4 -69.16
658.8 -67.47
659.2 -67.69
659.6 -66.97
660.0 -68.11
660.4 -66.69
660.8 -67.78
661.2 -66.98
661.6 -67.74
662.0 -67.05
662.4 -68.01
662.8 -66.62
663.2 -66.98
663.6 -67.24
664.0 -67.32
664.4 -67.78
664.8 -67.2
665.2 -68.3
665.6 -67.92
666.0 -67.32
666.4 -66.62
666.8 -68.15
667.2 -67.7
667.6 -68.66
668.0 -68.2
668.4 -67.92
668.8 -66.59
669.2 -67.74
669.6 -66.94
670.0 -67.39
670.4 -65.81
670.8 -66.81
671.2 -66.78
671.6 -67.55
672.0 -67.54
672.4 -67.25
672.8 -66.55
673.2 -68.21
673.6 -65.95
674.0 -66.89
674.4 -65.8
674.8 -66.99
675.2 -66.46
675.6 -66.7
676.0 -66.04
676.4 -66.32
676.8 -66.58
677.2 -65.94
677.6 -66.79
678.0 -66.3
678.4 -66.85
678.8 -65.61
679.2 -65.83
679.6 -65.98
680.0 -66.65
680.4 -65.54
680.8 -66.57
681.2 -66.4
681.6 -66.53
682.0 -66.13
682.4 -65.71
682.8 -66.41
683.2 -67.72
683.6 -65.89
684.0 -66.36
684.4 -66.19
684.8 -66.49
685.2 -65.7
685.6 -66.41
686.0 -65.8
686.4 -66.17
686.8 -66.85
687.2 -67.24
687.6 -66.25
688.0 -65.96
688.4 -66.58
688.8 -66.76
689.2 -66.36
689.6 -66.1
690.0 -66.45
690.4 -66.51
690.8 -66.62
691.2 -65.73
691.6 -65.82
692.0 -67.09
692.4 -65.6
692.8 -66.62
693.2 -66.4
693.6 -65.67
694.0 -65.52
694.4 -66.05
694.8 -65.54
695.2 -66.34
695.6 -65.85
696.0 -66.8
696.4 -65.18
696.8 -66.18
697.2 -65.3
697.6 -66.27
698.0 -65.16
698.4 -65.96
698.8 -66.32
699.2 -66.11
699.6 -65.36
700.0 -65.26
700.4 -67.21
700.8 -66.16
701.2 -65.82
701.6 -65.86
702.0 -66.67
702.4 -67.1
702.8 -66.26
703.2 -65.86
703.6 -65.16
704.0 -66.45
704.4 -65.62
704.8 -65.96
705.2 -66.05
705.6 -66.43
706.0 -66.72
706.4 -66.0
706.8 -65.25
707.2 -65.77
707.6 -65.83
708.0 -65.85
708.4 -65.78
708.8 -65.94
709.2 -65.64
709.6 -66.16
710.0 -64.9
710.4 -66.29
710.8 -65.33
711.2 -65.44
711.6 -65.18
712.0 -66.27
712.4 -65.2
712.8 -65.28
713.2 -65.19
713.6 -65.65
714.0 -66.47
714.4 -65.8
714.8 -65.8
715.2 -65.25
715.6 -65.25
716.0 -64.84
716.4 -65.44
716.8 -65.75
717.2 -66.21
717.6 -65.97
718.0 -65.57
718.4 -65.08
718.8 -65.59
719.2 -65.95
719.6 -65.82
720.0 -65.87
720.4 -65.4
720.8 -66.35
721.2 -65.96
721.6 -65.54
722.0 -65.38
722.4 -65.29
722.8 -65.71
723.2 -65.03
723.6 -65.49
724.0 -64.88
724.4 -65.36
724.8 -66.1
725.2 -66.87
725.6 -65.26
726.0 -66.05
726.4 -65.4
726.8 -66.04
727.2 -65.94
727.6 -66.56
728.0 -65.89
728.4 -66.51
728.8 -65.43
729.2 -65.99
729.6 -66.09
730.0 -65.77
730.4 -66.38
730.8 -65.9
731.2 -65.03
731.6 -65.57
732.0 -65.28
732.4 -65.96
732.8 -65.99
733.2 -65.78
733.6 -65.68
734.0 -66.16
734.4 -65.87
734.8 -65.44
735.2 -65.87
735.6 -66.36
736.0 -65.79
736.4 -65.18
736.8 -66.24
737.2 -65.81
737.6 -65.64
738.0 -65.48
738.4 -66.31
738.8 -66.7
739.2 -65.44
739.6 -65.44
740.0 -66.32
740.4 -65.33
740.8 -66.21
741.2 -65.74
741.6 -65.95
742.0 -65.54
742.4 -65.51
742.8 -65.31
743.2 -65.66
743.6 -66.38
744.0 -64.73
744.4 -66.07
744.8 -66.26
745.2 -65.72
745.6 -66.32
746.0 -65.29
746.4 -66.25
746.8 -65.39
747.2 -66.24
747.6 -65.53
748.0 -66.39
748.4 -66.42
748.8 -66.0
749.2 -65.24
749.6 -65.4
750.0 -65.78
750.4 -66.57
750.8 -66.17
751.2 -65.28
751.6 -66.27
752.0 -65.17
752.4 -66.22
752.8 -66.41
753.2 -64.68
753.6 -66.28
754.0 -65.6
754.4 -65.39
754.8 -65.93
755.2 -65.44
755.6 -65.41
756.0 -65.21
756.4 -65.31
756.8 -65.76
757.2 -66.48
757.6 -64.9
758.0 -66.43
758.4 -66.11
758.8 -65.85
759.2 -66.25
759.6 -66.33
760.0 -66.66
760.4 -65.42
760.8 -66.65
761.2 -65.93
761.6 -65.75
762.0 -65.92
762.4 -66.59
762.8 -65.87
763.2 -65.13
763.6 -65.73
764.0 -65.22
764.4 -65.54
764.8 -65.4
765.2 -66.35
765.6 -65.89
766.0 -66.06
766.4 -65.95
766.8 -65.79
767.2 -65.9
767.6 -65.35
768.0 -65.34
768.4 -65.44
768.8 -65.1
769.2 -64.63
769.6 -65.81
770.0 -64.94
770.4 -65.55
770.8 -65.59
771.2 -66.1
771.6 -65.8
772.0 -65.65
772.4 -65.34
772.8 -66.81
773.2 -65.37
773.6 -64.93
774.0 -66.2
774.4 -65.17
774.8 -65.3
775.2 -65.11
775.6 -66.04
776.0 -65.32
776.4 -64.71
776.8 -64.54
777.2 -65.81
777.6 -65.03
778.0 -64.78
778.4 -66.14
778.8 -66.14
779.2 -65.91
779.6 -66.88
780.0 -64.92
780.4 -66.34
780.8 -66.17
781.2 -64.66
781.6 -66.0
782.0 -64.94
782.4 -64.85
782.8 -66.76
783.2 -65.52
783.6 -65.52
784.0 -65.12
784.4 -64.78
784.8 -65.54
785.2 -65.08
785.6 -65.27
786.0 -66.35
786.4 -63.91
786.8 -65.39
787.2 -65.39
787.6 -66.83
788.0 -65.6
788.4 -65.15
788.8 -65.09
789.2 -65.25
789.6 -65.18
790.0 -64.63
790.4 -64.77
790.8 -65.51
791.2 -65.98
791.6 -64.76
792.0 -65.1
792.4 -65.94
792.8 -64.66
793.2 -65.06
793.6 -65.06
794.0 -65.45
794.4 -65.41
794.8 -65.41
795.2 -65.02
795.6 -65.01
796.0 -64.5
796.4 -64.79
796.8 -65.51
797.2 -64.78
797.6 -65.12
798.0 -64.52
798.4 -64.48
798.8 -64.77
799.2 -65.08
799.6 -65.18
800.0 -64.73
800.4 -64.76
800.8 -64.82
801.2 -65.15
801.6 -64.26
802.0 -64.18
802.4 -64.29
802.8 -64.04
803.2 -64.07
803.6 -64.17
804.0 -64.45
804.4 -64.42
804.8 -64.15
805.2 -63.93
805.6 -63.56
806.0 -62.7
806.4 -61.11
806.8 -57.59
807.2 -53.98
807.6 -50.04
808.0 -48.69
808.4 -49.7
808.8 -50.43
809.2 -54.36
809.6 -61.15
810.0 -63.92
810.4 -63.36
810.8 -63.41
811.2 -64.24
811.6 -64.22
812.0 -64.96
812.4 -63.91
812.8 -64.48
813.2 -64.25
813.6 -64.29
814.0 -64.21
814.4 -65.06
814.8 -64.01
815.2 -64.66
815.6 -64.48
816.0 -64.71
816.4 -64.86
816.8 -64.16
817.2 -64.0
817.6 -64.44
818.0 -64.71
818.4 -64.34
818.8 -63.98
819.2 -63.87
819.6 -63.46
820.0 -64.23
820.4 -64.34
820.8 -63.66
821.2 -64.32
821.6 -64.05
822.0 -64.83
822.4 -64.68
822.8 -64.86
823.2 -64.69
823.6 -64.29
824.0 -64.18
824.4 -63.74
824.8 -64.51
825.2 -64.13
825.6 -64.52
826.0 -64.43
826.4 -64.75
826.8 -63.8
827.2 -64.26
827.6 -64.03
828.0 -64.31
828.4 -64.26
828.8 -64.41
829.2 -64.34
829.6 -64.74
830.0 -64.24
830.4 -63.87
830.8 -64.21
831.2 -64.35
831.6 -64.26
832.0 -64.22
832.4 -64.01
832.8 -64.24
833.2 -64.73
833.6 -64.64
834.0 -64.26
834.4 -63.94
834.8 -64.48
835.2 -63.69
835.6 -63.97
836.0 -64.33
836.4 -64.29
836.8 -64.09
837.2 -64.04
837.6 -63.96
838.0 -64.3
838.4 -64.13
838.8 -64.01
839.2 -64.19
839.6 -64.4
840.0 -65.28
840.4 -64.35
840.8 -64.29
841.2 -64.25
841.6 -65.41
842.0 -64.39
842.4 -65.15
842.8 -64.4
843.2 -64.2
843.6 -65.37
844.0 -64.32
844.4 -65.1
844.8 -64.86
845.2 -65.31
845.6 -65.0
846.0 -63.72
846.4 -63.9
846.8 -64.47
847.2 -64.81
847.6 -64.83
848.0 -64.32
848.4 -65.3
848.8 -64.92
849.2 -64.9
849.6 -64.59
850.0 -65.24
850.4 -65.68
850.8 -64.86
851.2 -64.92
851.6 -64.92
852.0 -64.55
852.4 -64.34
852.8 -64.33
853.2 -64.71
853.6 -65.22
854.0 -65.21
854.4 -65.11
854.8 -64.68
855.2 -64.81
855.6 -65.67
856.0 -65.3
856.4 -65.1
856.8 -64.73
857.2 -64.64
857.6 -64.81
858.0 -65.6
858.4 -65.28
858.8 -64.87
859.2 -65.62
859.6 -65.23
860.0 -64.91
860.4 -65.05
860.8 -65.09
861.2 -65.57
861.6 -65.25
862.0 -65.03
862.4 -64.73
862.8 -65.81
863.2 -65.86
863.6 -64.78
864.0 -65.91
864.4 -65.53
864.8 -65.64
865.2 -65.14
865.6 -65.58
866.0 -64.96
866.4 -65.97
866.8 -66.22
867.2 -65.73
867.6 -65.22
868.0 -65.28
868.4 -66.07
868.8 -65.02
869.2 -65.59
869.6 -65.91
870.0 -65.93
870.4 -65.05
870.8 -66.47
871.2 -65.43
871.6 -65.28
872.0 -65.96
872.4 -65.83
872.8 -65.3
873.2 -65.34
873.6 -65.78
874.0 -65.67
874.4 -65.95
874.8 -65.42
875.2 -65.79
875.6 -65.04
876.0 -65.68
876.4 -65.86
876.8 -65.88
877.2 -65.63
877.6 -66.16
878.0 -66.18
878.4 -65.8
878.8 -65.88
879.2 -65.52
879.6 -65.22
880.0 -65.31
880.4 -65.93
880.8 -66.39
881.2 -65.86
881.6 -65.99
882.0 -65.57
882.4 -66.27
882.8 -66.21
883.2 -65.61
883.6 -66.34
884.0 -65.88
884.4 -65.04
884.8 -66.13
885.2 -65.84
885.6 -65.46
886.0 -64.98
886.4 -66.26
886.8 -65.38
887.2 -65.56
887.6 -65.9
888.0 -66.22
888.4 -65.51
888.8 -65.86
889.2 -65.28
889.6 -66.57
890.0 -65.53
890.4 -66.56
890.8 -65.2
891.2 -66.15
891.6 -66.76
892.0 -64.71
892.4 -65.29
892.8 -66.14
893.2 -66.04
893.6 -66.27
894.0 -65.83
894.4 -65.71
894.8 -66.26
895.2 -65.58
895.6 -66.47
896.0 -65.33
896.4 -66.37
896.8 -65.86
897.2 -66.59
897.6 -66.28
898.0 -65.63
898.4 -66.09
898.8 -65.13
899.2 -66.54
899.6 -65.88
900.0 -66.31
900.4 -67.05
900.8 -66.83
901.2 -66.48
901.6 -66.34
902.0 -66.09
902.4 -66.0
902.8 -66.47
903.2 -66.45
903.6 -66.77
904.0 -66.78
904.4 -66.57
904.8 -66.09
905.2 -65.68
905.6 -65.65
906.0 -67.16
906.4 -65.96
906.8 -66.55
907.2 -66.07
907.6 -66.81
908.0 -66.71
908.4 -66.48
908.8 -66.91
909.2 -67.19
909.6 -67.19
910.0 -66.45
910.4 -66.31
910.8 -66.65
911.2 -66.64
911.6 -65.71
912.0 -66.06
912.4 -66.79
912.8 -65.19
913.2 -65.2
913.6 -67.24
914.0 -67.54
914.4 -66.6
914.8 -67.61
915.2 -67.13
915.6 -67.21
916.0 -66.14
916.4 -66.86
916.8 -67.22
917.2 -67.51
917.6 -66.64
918.0 -67.02
918.4 -67.04
918.8 -66.35
919.2 -67.25
919.6 -67.27
920.0 -67.11
920.4 -66.76
920.8 -66.41
921.2 -67.3
921.6 -67.01
922.0 -68.05
922.4 -67.82
922.8 -67.1
923.2 -66.88
923.6 -66.93
924.0 -66.8
924.4 -66.85
924.8 -66.8
925.2 -67.9
925.6 -67.26
926.0 -68.36
926.4 -67.1
926.8 -66.26
927.2 -68.28
927.6 -66.57
928.0 -67.27
928.4 -66.44
928.8 -67.08
929.2 -67.59
929.6 -67.2
930.0 -67.22
930.4 -66.9
930.8 -67.46
931.2 -67.0
931.6 -68.12
932.0 -68.31
932.4 -68.46
932.8 -67.31
933.2 -68.5
933.6 -68.64
934.0 -68.37
934.4 -68.19
934.8 -67.85
935.2 -69.42
935.6 -68.14
936.0 -67.94
936.4 -68.0
936.8 -67.29
937.2 -67.74
937.6 -67.28
938.0 -66.74
938.4 -66.98
938.8 -67.34
939.2 -67.36
939.6 -66.98
940.0 -67.59
940.4 -67.46
940.8 -68.1
941.2 -68.6
941.6 -67.3
942.0 -67.71
942.4 -67.49
942.8 -68.29
943.2 -67.79
943.6 -67.65
944.0 -67.7
944.4 -67.86
944.8 -67.24
945.2 -68.51
945.6 -68.42
946.0 -68.01
946.4 -68.01
946.8 -68.12
947.2 -68.74
947.6 -67.17
948.0 -68.29
948.4 -68.45
948.8 -68.79
949.2 -67.96
949.6 -68.29
950.0 -67.6
950.4 -67.79
950.8 -67.89
951.2 -68.09
951.6 -67.57
952.0 -68.01
952.4 -68.37
952.8 -68.58
953.2 -67.79
953.6 -69.0
954.0 -67.57
954.4 -67.67
954.8 -66.83
955.2 -68.95
955.6 -67.7
956.0 -68.59
956.4 -67.96
956.8 -67.9
957.2 -67.56
957.6 -67.62
958.0 -67.33
958.4 -67.87
958.8 -67.54
959.2 -67.21
959.6 -68.01
960.0 -67.57
960.4 -67.1
960.8 -67.19
961.2 -67.71
961.6 -67.76
962.0 -67.99
962.4 -67.45
962.8 -67.65
963.2 -67.15
963.6 -67.05
964.0 -67.39
964.4 -67.3
964.8 -67.07
965.2 -66.95
965.6 -66.96
966.0 -67.25
966.4 -66.99
966.8 -67.17
967.2 -67.31
967.6 -66.6
968.0 -67.07
968.4 -67.45
968.8 -66.9
969.2 -68.26
969.6 -67.38
970.0 -67.23
970.4 -66.67
970.8 -67.54
971.2 -66.96
971.6 -66.7
972.0 -66.85
972.4 -66.84
972.8 -67.24
973.2 -66.9
973.6 -67.0
974.0 -67.36
974.4 -67.28
974.8 -67.17
975.2 -66.88
975.6 -67.12
976.0 -67.03
976.4 -66.91
976.8 -67.1
977.2 -67.18
977.6 -67.06
978.0 -67.38
978.4 -67.45
978.8 -67.35
979.2 -67.13
979.6 -66.87
980.0 -67.11
980.4 -67.41
980.8 -67.46
981.2 -67.08
981.6 -67.29
982.0 -67.01
982.4 -66.65
982.8 -66.6
983.2 -66.53
983.6 -65.88
984.0 -66.25
984.4 -65.69
984.8 -66.27
985.2 -65.99
985.6 -66.09
986.0 -66.21
986.4 -66.05
986.8 -65.97
987.2 -66.01
987.6 -65.58
988.0 -65.61
988.4 -65.33
988.8 -65.4
989.2 -65.82
989.6 -65.5
990.0 -65.39
990.4 -65.47
990.8 -65.51
991.2 -64.82
991.6 -64.99
992.0 -64.84
992.4 -65.0
992.8 -64.84
993.2 -64.71
993.6 -64.95
994.0 -65.02
994.4 -64.94
994.8 -64.84
995.2 -64.82
995.6 -64.61
996.0 -64.97
996.4 -64.96
996.8 -64.57
997.2 -64.62
997.6 -64.23
998.0 -64.52
998.4 -64.58
998.8 -65.02
999.2 -64.35
999.6 -64.36
1000.0 -64.33
