600.0 -84.14
600.4 -72.69
600.8 -74.19
601.2 -72.16
601.6 -70.09
602.0 -79.49
602.4 -79.51
602.8 -210.0
603.2 -210.0
603.6 -73.95
604.0 -71.61
604.4 -73.62
604.8 -74.03
605.2 -71.04
605.6 -69.31
606.0 -210.0
606.4 -210.0
606.8 -71.57
607.2 -74.6
607.6 -81.62
608.0 -210.0
608.4 -84.68
608.8 -210.0
609.2 -73.59
609.6 -76.97
610.0 -72.73
610.4 -74.81
610.8 -70.68
611.2 -210.0
611.6 -78.85
612.0 -69.21
612.4 -72.37
612.8 -80.17
613.2 -81.96
613.6 -78.01
614.0 -210.0
614.4 -210.0
614.8 -71.45
615.2 -72.3
615.6 -73.06
616.0 -70.66
616.4 -68.82
616.8 -71.95
617.2 -210.0
617.6 -75.68
618.0 -70.63
618.4 -77.49
618.8 -68.57
619.2 -210.0
619.6 -70.43
620.0 -210.0
620.4 -210.0
620.8 -73.37
621.2 -210.0
621.6 -70.28
622.0 -210.0
622.4 -69.49
622.8 -70.23
623.2 -80.79
623.6 -71.98
624.0 -74.82
624.4 -70.87
624.8 -70.61
625.2 -82.69
625.6 -71.57
626.0 -69.02
626.4 -69.53
626.8 -70.23
627.2 -69.9
627.6 -70.05
628.0 -73.31
628.4 -75.1
628.8 -78.13
629.2 -70.14
629.6 -71.99
630.0 -71.37
630.4 -74.56
630.8 -74.01
631.2 -73.08
631.6 -70.09
632.0 -74.38
632.4 -70.26
632.8 -72.06
633.2 -68.75
633.6 -71.34
634.0 -75.87
634.4 -70.75
634.8 -71.87
635.2 -72.06
635.6 -69.08
636.0 -71.52
636.4 -71.84
636.8 -69.51
637.2 -72.72
637.6 -70.64
638.0 -72.61
638.4 -67.86
638.8 -70.11
639.2 -70.55
639.6 -69.15
640.0 -72.42
640.4 -69.53
640.8 -69.26
641.2 -71.16
641.6 -71.97
642.0 -69.28
642.4 -68.32
642.8 -68.87
643.2 -70.3
643.6 -70.44
644.0 -68.77
644.4 -68.81
644.8 -69.32
645.2 -72.02
645.6 -71.68
646.0 -71.83
646.4 -69.53
646.8 -67.02
647.2 -69.46
647.6 -70.1
648.0 -68.94
648.4 -68.69
648.8 -70.38
649.2 -68.7
649.6 -68.91
650.0 -71.18
650.4 -68.12
650.8 -70.37
651.2 -68.82
651.6 -67.5
652.0 -68.43
652.4 -70.48
652.8 -70.73
653.2 -68.14
653.6 -69.94
654.0 -68.3
654.4 -68.84
654.8 -69.2
655.2 -68.62
655.6 -67.28
656.0 -68.74
656.4 -67.62
656.8 -68.69
657.2 -68.04
657.6 -68.09
658.0 -67.59
658.4 -66.78
658.8 -68.29
659.2 -68.44
659.6 -68.1
660.0 -70.37
660.4 -68.61
660.8 -67.28
661.2 -68.2
661.6 -67.16
662.0 -69.12
662.4 -69.0
662.8 -69.37
663.2 -68.3
663.6 -68.72
664.0 -68.89
664.4 -67.87
664.8 -67.57
665.2 -68.72
665.6 -68.83
666.0 -67.44
666.4 -68.5
666.8 -68.45
667.2 -67.4
667.6 -67.7
668.0 -67.87
668.4 -68.01
668.8 -67.28
669.2 -67.92
669.6 -68.3
670.0 -67.12
670.4 -67.35
670.8 -67.22
671.2 -67.63
671.6 -68.28
672.0 -67.75
672.4 -68.03
672.8 -67.01
673.2 -66.19
673.6 -69.39
674.0 -67.15
674.4 -67.23
674.8 -68.44
675.2 -66.36
675.6 -67.68
676.0 -67.06
676.4 -67.29
676.8 -67.53
677.2 -66.65
677.6 -66.31
678.0 -67.52
678.4 -67.65
678.8 -67.73
679.2 -67.1
679.6 -67.22
680.0 -68.55
680.4 -66.38
680.8 -67.94
681.2 -66.75
681.6 -66.7
682.0 -67.78
682.4 -66.52
682.8 -67.17
683.2 -67.05
683.6 -68.34
684.0 -66.85
684.4 -66.77
684.8 -66.77
685.2 -68.43
685.6 -67.18
686.0 -67.09
686.4 -66.5
686.8 -66.46
687.2 -66.16
687.6 -67.32
688.0 -67.36
688.4 -68.23
688.8 -66.37
689.2 -65.68
689.6 -66.46
690.0 -66.52
690.4 -66.51
690.8 -66.99
691.2 -66.57
691.6 -66.4
692.0 -66.12
692.4 -67.12
692.8 -66.34
693.2 -66.27
693.6 -66.4
694.0 -68.2
694.4 -66.52
694.8 -67.01
695.2 -66.14
695.6 -67.04
696.0 -66.83
696.4 -66.6
696.8 -65.96
697.2 -66.01
697.6 -66.7
698.0 -67.34
698.4 -66.19
698.8 -66.43
699.2 -65.36
699.6 -66.49
700.0 -65.54
700.4 -65.93
700.8 -65.59
701.2 -66.15
701.6 -66.75
702.0 -66.82
702.4 -66.47
702.8 -66.7
703.2 -66.46
703.6 -65.98
704.0 -65.82
704.4 -65.39
704.8 -65.45
705.2 -66.69
705.6 -66.15
706.0 -66.25
706.4 -66.17
706.8 -66.79
707.2 -66.33
707.6 -66.12
708.0 -64.88
708.4 -66.64
708.8 -65.84
709.2 -66.23
709.6 -66.41
710.0 -65.48
710.4 -65.45
710.8 -65.87
711.2 -66.21
711.6 -65.61
712.0 -66.0
712.4 -66.68
712.8 -65.45
713.2 -65.31
713.6 -66.11
714.0 -66.32
714.4 -65.15
714.8 -65.55
715.2 -67.65
715.6 -65.7
716.0 -65.96
716.4 -65.85
716.8 -65.02
717.2 -66.62
717.6 -65.58
718.0 -66.5
718.4 -66.27
718.8 -65.01
719.2 -64.99
719.6 -65.72
720.0 -65.23
720.4 -65.2
720.8 -65.42
721.2 -66.21
721.6 -66.35
722.0 -66.49
722.4 -65.82
722.8 -65.74
723.2 -65.17
723.6 -65.84
724.0 -66.04
724.4 -65.13
724.8 -64.9
725.2 -66.2
725.6 -65.69
726.0 -65.88
726.4 -65.46
726.8 -65.58
727.2 -64.96
727.6 -65.97
728.0 -66.28
728.4 -65.18
728.8 -65.34
729.2 -64.91
729.6 -65.53
730.0 -65.16
730.4 -66.41
730.8 -65.73
731.2 -65.17
731.6 -65.73
732.0 -65.56
732.4 -65.43
732.8 -65.65
733.2 -65.81
733.6 -66.38
734.0 -66.46
734.4 -65.38
734.8 -65.14
735.2 -65.41
735.6 -65.13
736.0 -65.05
736.4 -66.72
736.8 -64.41
737.2 -64.71
737.6 -65.38
738.0 -65.8
738.4 -65.06
738.8 -65.4
739.2 -64.99
739.6 -64.46
740.0 -65.85
740.4 -65.72
740.8 -66.1
741.2 -65.51
741.6 -65.71
742.0 -65.77
742.4 -66.24
742.8 -65.34
743.2 -65.8
743.6 -64.79
744.0 -65.33
744.4 -65.82
744.8 -65.04
745.2 -65.01
745.6 -65.42
746.0 -66.02
746.4 -64.8
746.8 -64.83
747.2 -65.28
747.6 -65.63
748.0 -65.7
748.4 -65.46
748.8 -65.03
749.2 -66.58
749.6 -64.98
750.0 -64.74
750.4 -65.82
750.8 -64.65
751.2 -65.6
751.6 -64.67
752.0 -64.97
752.4 -65.42
752.8 -65.44
753.2 -64.84
753.6 -64.8
754.0 -65.56
754.4 -65.76
754.8 -65.05
755.2 -65.51
755.6 -65.68
756.0 -64.8
756.4 -64.94
756.8 -65.73
757.2 -65.76
757.6 -64.48
758.0 -65.79
758.4 -65.03
758.8 -65.67
759.2 -65.17
759.6 -64.96
760.0 -65.58
760.4 -65.76
760.8 -65.51
761.2 -65.93
761.6 -65.82
762.0 -65.27
762.4 -65.24
762.8 -64.75
763.2 -65.07
763.6 -65.23
764.0 -65.93
764.4 -65.44
764.8 -64.96
765.2 -64.76
765.6 -64.43
766.0 -64.53
766.4 -64.92
766.8 -65.03
767.2 -64.57
767.6 -65.48
768.0 -65.61
768.4 -64.64
768.8 -64.44
769.2 -64.34
769.6 -64.78
770.0 -64.68
770.4 -66.18
770.8 -65.45
771.2 -65.03
771.6 -65.13
772.0 -65.02
772.4 -63.85
772.8 -64.87
773.2 -65.15
773.6 -64.64
774.0 -64.83
774.4 -64.33
774.8 -64.47
775.2 -64.11
775.6 -64.77
776.0 -65.32
776.4 -63.56
776.8 -64.65
777.2 -64.0
777.6 -64.35
778.0 -64.81
778.4 -65.05
778.8 -64.16
779.2 -64.75
779.6 -65.31
780.0 -65.43
780.4 -64.95
780.8 -64.72
781.2 -64.6
781.6 -63.94
782.0 -65.07
782.4 -64.82
782.8 -64.24
783.2 -64.61
783.6 -64.36
784.0 -64.53
784.4 -64.5
784.8 -63.76
785.2 -64.6
785.6 -65.01
786.0 -63.9
786.4 -64.32
786.8 -64.26
787.2 -64.59
787.6 -65.33
788.0 -64.82
788.4 -64.41
788.8 -64.33
789.2 -64.15
789.6 -64.84
790.0 -63.57
790.4 -64.38
790.8 -64.54
791.2 -64.5
791.6 -64.42
792.0 -64.79
792.4 -64.05
792.8 -63.57
793.2 -64.41
793.6 -63.97
794.0 -64.4
794.4 -64.19
794.8 -63.54
795.2 -63.91
795.6 -65.8
796.0 -63.98
796.4 -64.13
796.8 -64.59
797.2 -65.57
797.6 -64.33
798.0 -63.87
798.4 -64.26
798.8 -65.02
799.2 -64.18
799.6 -64.62
800.0 -63.45
800.4 -63.48
800.8 -63.63
801.2 -64.57
801.6 -64.0
802.0 -63.91
802.4 -64.0
802.8 -64.55
803.2 -62.78
803.6 -63.11
804.0 -63.6
804.4 -64.2
804.8 -64.18
805.2 -64.0
805.6 -63.23
806.0 -62.1
806.4 -60.77
806.8 -57.2
807.2 -53.52
807.6 -49.48
808.0 -48.18
808.4 -49.14
808.8 -49.68
809.2 -53.67
809.6 -61.06
810.0 -63.29
810.4 -64.07
810.8 -63.68
811.2 -63.28
811.6 -63.78
812.0 -64.42
812.4 -64.06
812.8 -63.99
813.2 -63.65
813.6 -64.26
814.0 -64.01
814.4 -63.65
814.8 -62.96
815.2 -63.38
815.6 -64.37
816.0 -64.28
816.4 -63.56
816.8 -64.44
817.2 -63.52
817.6 -64.11
818.0 -63.6
818.4 -63.56
818.8 -64.13
819.2 -64.41
819.6 -63.83
820.0 -63.8
820.4 -63.26
820.8 -63.66
821.2 -63.96
821.6 -63.71
822.0 -64.43
822.4 -63.42
822.8 -63.75
823.2 -63.43
823.6 -64.54
824.0 -63.28
824.4 -63.94
824.8 -63.16
825.2 -63.3
825.6 -63.27
826.0 -64.3
826.4 -63.51
826.8 -63.78
827.2 -63.85
827.6 -64.07
828.0 -63.21
828.4 -63.9
828.8 -63.54
829.2 -63.64
829.6 -64.05
830.0 -63.91
830.4 -62.99
830.8 -63.11
831.2 -63.54
831.6 -63.41
832.0 -62.93
832.4 -63.22
832.8 -63.39
833.2 -63.28
833.6 -63.04
834.0 -63.1
834.4 -63.06
834.8 -63.63
835.2 -62.78
835.6 -62.61
836.0 -62.36
836.4 -62.93
836.8 -62.89
837.2 -63.06
837.6 -62.73
838.0 -62.92
838.4 -63.15
838.8 -63.15
839.2 -62.95
839.6 -62.87
840.0 -63.17
840.4 -62.89
840.8 -62.88
841.2 -63.23
841.6 -62.59
842.0 -63.33
842.4 -62.9
842.8 -62.98
843.2 -63.27
843.6 -63.41
844.0 -62.81
844.4 -62.83
844.8 -62.64
845.2 -62.79
845.6 -62.73
846.0 -62.75
846.4 -62.35
846.8 -63.34
847.2 -62.81
847.6 -62.88
848.0 -62.56
848.4 -62.57
848.8 -63.14
849.2 -62.69
849.6 -62.75
850.0 -62.97
850.4 -62.78
850.8 -62.36
851.2 -62.69
851.6 -62.55
852.0 -62.27
852.4 -62.5
852.8 -62.37
853.2 -62.71
853.6 -62.85
854.0 -62.85
854.4 -62.68
854.8 -62.61
855.2 -62.59
855.6 -62.4
856.0 -62.48
856.4 -62.83
856.8 -62.96
857.2 -62.02
857.6 -62.2
858.0 -62.16
858.4 -62.36
858.8 -62.72
859.2 -62.38
859.6 -62.22
860.0 -62.05
860.4 -61.94
860.8 -62.11
861.2 -62.33
861.6 -62.34
862.0 -62.53
862.4 -62.51
862.8 -62.02
863.2 -62.23
863.6 -62.43
864.0 -61.95
864.4 -62.27
864.8 -62.04
865.2 -61.93
865.6 -62.25
866.0 -62.14
866.4 -61.84
866.8 -61.92
867.2 -61.88
867.6 -61.91
868.0 -61.83
868.4 -62.12
868.8 -61.8
869.2 -62.1
869.6 -62.04
870.0 -61.85
870.4 -61.92
870.8 -62.02
871.2 -62.01
871.6 -61.89
872.0 -62.06
872.4 -61.83
872.8 -62.2
873.2 -62.1
873.6 -62.32
874.0 -62.08
874.4 -62.12
874.8 -61.79
875.2 -61.9
875.6 -62.01
876.0 -61.71
876.4 -62.06
876.8 -61.53
877.2 -61.53
877.6 -61.52
878.0 -61.86
878.4 -61.61
878.8 -61.74
879.2 -61.72
879.6 -61.56
880.0 -61.91
880.4 -61.76
880.8 -61.33
881.2 -61.47
881.6 -61.7
882.0 -61.51
882.4 -61.71
882.8 -61.97
883.2 -61.4
883.6 -61.76
884.0 -61.5
884.4 -61.59
884.8 -61.48
885.2 -61.46
885.6 -61.55
886.0 -61.44
886.4 -61.45
886.8 -61.89
887.2 -61.53
887.6 -61.29
888.0 -61.53
888.4 -61.57
888.8 -61.54
889.2 -61.37
889.6 -61.26
890.0 -61.75
890.4 -61.28
890.8 -61.44
891.2 -61.4
891.6 -61.14
892.0 -61.72
892.4 -61.3
892.8 -61.37
893.2 -61.55
893.6 -61.21
894.0 -61.38
894.4 -61.24
894.8 -61.39
895.2 -61.31
895.6 -61.25
896.0 -61.22
896.4 -61.26
896.8 -61.13
897.2 -61.3
897.6 -61.22
898.0 -61.28
898.4 -61.08
898.8 -61.09
899.2 -61.1
899.6 -61.22
900.0 -61.18
900.4 -61.12
900.8 -61.34
901.2 -61.35
901.6 -61.47
902.0 -61.79
902.4 -61.01
902.8 -61.22
903.2 -61.18
903.6 -61.68
904.0 -60.68
904.4 -61.04
904.8 -61.24
905.2 -60.69
905.6 -61.19
906.0 -61.13
906.4 -60.89
906.8 -60.99
907.2 -61.13
907.6 -60.95
908.0 -61.03
908.4 -60.99
908.8 -61.0
909.2 -60.8
909.6 -61.03
910.0 -60.75
910.4 -60.75
910.8 -60.88
911.2 -60.65
911.6 -60.71
912.0 -60.87
912.4 -60.68
912.8 -60.67
913.2 -60.46
913.6 -60.71
914.0 -60.84
914.4 -60.56
914.8 -60.5
915.2 -60.53
915.6 -60.48
916.0 -60.42
916.4 -60.6
916.8 -60.34
917.2 -60.15
917.6 -60.2
918.0 -60.38
918.4 -60.35
918.8 -60.26
919.2 -60.64
919.6 -60.27
920.0 -60.26
920.4 -60.23
920.8 -60.23
921.2 -60.36
921.6 -60.34
922.0 -60.16
922.4 -60.18
922.8 -60.21
923.2 -60.04
923.6 -60.18
924.0 -60.13
924.4 -60.16
924.8 -60.14
925.2 -59.96
925.6 -60.0
926.0 -60.07
926.4 -60.02
926.8 -60.03
927.2 -59.91
927.6 -59.88
928.0 -60.0
928.4 -60.3
928.8 -59.91
929.2 -59.82
929.6 -59.67
930.0 -59.97
930.4 -59.67
930.8 -59.66
931.2 -59.77
931.6 -59.68
932.0 -59.68
932.4 -59.61
932.8 -59.6
933.2 -59.75
933.6 -59.89
934.0 -59.65
934.4 -59.74
934.8 -59.78
935.2 -59.91
935.6 -59.64
936.0 -59.55
936.4 -59.51
936.8 -59.54
937.2 -59.5
937.6 -59.71
938.0 -59.45
938.4 -59.42
938.8 -59.46
939.2 -59.42
939.6 -59.32
940.0 -59.62
940.4 -59.41
940.8 -59.34
941.2 -59.5
941.6 -59.56
942.0 -59.31
942.4 -59.43
942.8 -59.36
943.2 -59.29
943.6 -59.25
944.0 -59.37
944.4 -59.29
944.8 -59.23
945.2 -59.34
945.6 -59.11
946.0 -59.17
946.4 -59.1
946.8 -59.05
947.2 -59.33
947.6 -59.1
948.0 -59.22
948.4 -59.03
948.8 -59.11
949.2 -59.09
949.6 -59.08
950.0 -59.12
950.4 -59.04
950.8 -59.1
951.2 -59.13
951.6 -59.04
952.0 -59.09
952.4 -59.03
952.8 -59.03
953.2 -59.13
953.6 -58.96
954.0 -59.02
954.4 -58.99
954.8 -59.19
955.2 -59.06
955.6 -59.02
956.0 -59.05
956.4 -59.09
956.8 -59.01
957.2 -58.9
957.6 -58.84
958.0 -58.94
958.4 -59.02
958.8 -58.97
959.2 -58.74
959.6 -58.79
960.0 -58.8
960.4 -58.78
960.8 -58.62
961.2 -58.74
961.6 -58.8
962.0 -58.77
962.4 -58.47
962.8 -58.62
963.2 -58.46
963.6 -58.57
964.0 -58.66
964.4 -58.58
964.8 -58.38
965.2 -58.47
965.6 -58.3
966.0 -58.43
966.4 -58.55
966.8 -58.53
967.2 -58.48
967.6 -58.38
968.0 -58.55
968.4 -58.33
968.8 -58.57
969.2 -58.65
969.6 -58.61
970.0 -58.57
970.4 -58.55
970.8 -58.5
971.2 -58.42
971.6 -58.41
972.0 -58.54
972.4 -58.51
972.8 -58.47
973.2 -58.49
973.6 -58.64
974.0 -58.8
974.4 -58.71
974.8 -58.76
975.2 -58.73
975.6 -58.8
976.0 -58.92
976.4 -58.76
976.8 -58.77
977.2 -58.83
977.6 -58.81
978.0 -58.99
978.4 -58.81
978.8 -58.92
979.2 -58.85
979.6 -58.83
980.0 -58.89
980.4 -58.91
980.8 -58.89
981.2 -58.83
981.6 -58.88
982.0 -58.65
982.4 -58.64
982.8 -58.72
983.2 -58.58
983.6 -58.5
984.0 -58.49
984.4 -58.38
984.8 -58.4
985.2 -58.37
985.6 -58.32
986.0 -58.2
986.4 -58.22
986.8 -58.29
987.2 -58.12
987.6 -58.17
988.0 -58.15
988.4 -58.03
988.8 -58.08
989.2 -58.12
989.6 -57.99
990.0 -57.95
990.4 -57.86
990.8 -57.84
991.2 -57.87
991.6 -57.84
992.0 -57.83
992.4 -57.79
992.8 -57.78
993.2 -57.68
993.6 -57.76
994.0 -57.79
994.4 -57.86
994.8 -57.83
995.2 -57.83
995.6 -57.82
996.0 -57.91
996.4 -57.87
996.8 -57.89
997.2 -57.84
997.6 -57.98
998.0 -57.97
998.4 -57.91
998.8 -58.18
999.2 -58.08
999.6 -58.08
1000.0 -58.04
