600.0 -72.09
600.4 -210.0
600.8 -72.14
601.2 -70.06
601.6 -70.62
602.0 -210.0
602.4 -210.0
602.8 -72.27
603.2 -210.0
603.6 -210.0
604.0 -210.0
604.4 -71.86
604.8 -74.03
605.2 -68.44
605.6 -210.0
606.0 -210.0
606.4 -81.54
606.8 -210.0
607.2 -210.0
607.6 -210.0
608.0 -70.03
608.4 -78.65
608.8 -70.56
609.2 -210.0
609.6 -81.75
610.0 -210.0
610.4 -210.0
610.8 -75.28
611.2 -71.84
611.6 -210.0
612.0 -74.1
612.4 -70.01
612.8 -80.17
613.2 -69.91
613.6 -210.0
614.0 -72.97
614.4 -210.0
614.8 -79.04
615.2 -210.0
615.6 -210.0
616.0 -75.59
616.4 -82.15
616.8 -210.0
617.2 -210.0
617.6 -74.43
618.0 -74.12
618.4 -210.0
618.8 -75.3
619.2 -85.33
619.6 -210.0
620.0 -210.0
620.4 -210.0
620.8 -210.0
621.2 -75.03
621.6 -210.0
622.0 -69.81
622.4 -72.51
622.8 -79.52
623.2 -210.0
623.6 -75.6
624.0 -78.63
624.4 -75.65
624.8 -71.52
625.2 -210.0
625.6 -210.0
626.0 -77.29
626.4 -210.0
626.8 -73.75
627.2 -71.67
627.6 -210.0
628.0 -210.0
628.4 -74.76
628.8 -78.93
629.2 -74.47
629.6 -210.0
630.0 -69.87
630.4 -210.0
630.8 -70.14
631.2 -71.94
631.6 -71.34
632.0 -72.72
632.4 -71.55
632.8 -72.59
633.2 -69.7
633.6 -74.49
634.0 -75.87
634.4 -69.88
634.8 -74.3
635.2 -74.91
635.6 -80.38
636.0 -72.82
636.4 -210.0
636.8 -75.36
637.2 -72.21
637.6 -74.25
638.0 -210.0
638.4 -74.57
638.8 -76.65
639.2 -71.62
639.6 -74.15
640.0 -77.19
640.4 -74.22
640.8 -78.36
641.2 -73.84
641.6 -210.0
642.0 -72.94
642.4 -72.64
642.8 -77.96
643.2 -77.48
643.6 -73.09
644.0 -210.0
644.4 -210.0
644.8 -79.39
645.2 -76.41
645.6 -71.93
646.0 -82.5
646.4 -70.5
646.8 -70.92
647.2 -70.31
647.6 -76.63
648.0 -73.14
648.4 -74.27
648.8 -72.62
649.2 -72.51
649.6 -73.63
650.0 -70.21
650.4 -72.17
650.8 -74.19
651.2 -70.9
651.6 -72.18
652.0 -75.86
652.4 -71.2
652.8 -73.16
653.2 -73.16
653.6 -70.49
654.0 -72.59
654.4 -72.33
654.8 -74.65
655.2 -71.42
655.6 -75.35
656.0 -70.18
656.4 -69.88
656.8 -69.09
657.2 -70.04
657.6 -72.76
658.0 -68.87
658.4 -72.11
658.8 -73.54
659.2 -70.44
659.6 -70.87
660.0 -68.15
660.4 -72.92
660.8 -70.14
661.2 -70.79
661.6 -72.78
662.0 -70.97
662.4 -72.38
662.8 -71.07
663.2 -70.79
663.6 -71.9
664.0 -71.07
664.4 -71.26
664.8 -68.56
665.2 -70.45
665.6 -71.67
666.0 -71.9
666.4 -70.54
666.8 -69.91
667.2 -74.08
667.6 -68.77
668.0 -69.77
668.4 -69.37
668.8 -67.74
669.2 -72.51
669.6 -74.47
670.0 -74.68
670.4 -70.61
670.8 -70.86
671.2 -70.19
671.6 -73.36
672.0 -72.35
672.4 -69.88
672.8 -70.75
673.2 -69.33
673.6 -71.86
674.0 -70.24
674.4 -69.13
674.8 -70.39
675.2 -70.56
675.6 -68.94
676.0 -71.09
676.4 -69.3
676.8 -69.69
677.2 -71.28
677.6 -69.49
678.0 -70.79
678.4 -72.55
678.8 -69.4
679.2 -70.11
679.6 -69.53
680.0 -68.95
680.4 -73.44
680.8 -70.42
681.2 -70.85
681.6 -69.5
682.0 -71.12
682.4 -68.75
682.8 -69.99
683.2 -74.54
683.6 -70.05
684.0 -70.29
684.4 -70.2
684.8 -70.8
685.2 -69.39
685.6 -69.81
686.0 -68.37
686.4 -71.48
686.8 -68.92
687.2 -68.8
687.6 -68.97
688.0 -69.85
688.4 -69.99
688.8 -70.85
689.2 -69.4
689.6 -69.98
690.0 -69.39
690.4 -69.45
690.8 -71.01
691.2 -69.51
691.6 -71.41
692.0 -68.62
692.4 -68.61
692.8 -70.51
693.2 -68.48
693.6 -69.21
694.0 -69.01
694.4 -69.39
694.8 -70.14
695.2 -70.65
695.6 -69.18
696.0 -69.96
696.4 -67.4
696.8 -70.92
697.2 -70.53
697.6 -67.61
698.0 -68.09
698.4 -69.92
698.8 -69.54
699.2 -68.99
699.6 -68.18
700.0 -68.98
700.4 -68.0
700.8 -68.54
701.2 -68.31
701.6 -67.89
702.0 -68.7
702.4 -68.34
702.8 -67.44
703.2 -69.4
703.6 -68.12
704.0 -68.86
704.4 -67.94
704.8 -69.68
705.2 -68.25
705.6 -67.68
706.0 -67.97
706.4 -69.5
706.8 -69.08
707.2 -69.34
707.6 -67.8
708.0 -68.15
708.4 -67.26
708.8 -71.15
709.2 -67.82
709.6 -69.61
710.0 -70.25
710.4 -68.35
710.8 -68.95
711.2 -68.22
711.6 -68.21
712.0 -69.35
712.4 -67.18
712.8 -68.2
713.2 -70.5
713.6 -67.87
714.0 -67.62
714.4 -67.76
714.8 -68.18
715.2 -69.54
715.6 -67.27
716.0 -69.17
716.4 -67.59
716.8 -67.22
717.2 -68.15
717.6 -67.63
718.0 -68.43
718.4 -68.09
718.8 -67.92
719.2 -67.92
719.6 -66.8
720.0 -67.7
720.4 -67.31
720.8 -67.64
721.2 -68.52
721.6 -67.4
722.0 -67.29
722.4 -67.2
722.8 -69.61
723.2 -68.44
723.6 -68.26
724.0 -68.2
724.4 -66.88
724.8 -67.13
725.2 -66.74
725.6 -68.8
726.0 -68.35
726.4 -68.18
726.8 -67.63
727.2 -66.18
727.6 -68.17
728.0 -66.92
728.4 -66.75
728.8 -69.47
729.2 -69.25
729.6 -67.18
730.0 -67.6
730.4 -66.99
730.8 -71.14
731.2 -66.25
731.6 -68.67
732.0 -67.68
732.4 -67.38
732.8 -68.0
733.2 -67.09
733.6 -67.57
734.0 -67.88
734.4 -69.58
734.8 -68.58
735.2 -66.95
735.6 -67.07
736.0 -67.31
736.4 -66.59
736.8 -67.8
737.2 -69.1
737.6 -68.75
738.0 -68.75
738.4 -67.53
738.8 -67.67
739.2 -68.41
739.6 -68.23
740.0 -66.21
740.4 -68.05
740.8 -66.32
741.2 -67.87
741.6 -68.09
742.0 -68.04
742.4 -69.06
742.8 -67.25
743.2 -67.44
743.6 -67.2
744.0 -67.9
744.4 -67.43
744.8 -68.25
745.2 -66.61
745.6 -67.73
746.0 -67.27
746.4 -68.3
746.8 -66.82
747.2 -70.89
747.6 -68.54
748.0 -68.0
748.4 -66.63
748.8 -67.45
749.2 -66.93
749.6 -67.11
750.0 -71.22
750.4 -67.29
750.8 -67.14
751.2 -68.39
751.6 -67.03
752.0 -68.3
752.4 -67.62
752.8 -67.4
753.2 -66.79
753.6 -67.65
754.0 -66.96
754.4 -67.8
754.8 -66.77
755.2 -66.85
755.6 -67.96
756.0 -68.19
756.4 -67.57
756.8 -66.53
757.2 -68.0
757.6 -67.65
758.0 -66.56
758.4 -67.75
758.8 -66.85
759.2 -66.8
759.6 -67.47
760.0 -67.21
760.4 -65.65
760.8 -67.01
761.2 -66.96
761.6 -66.0
762.0 -68.64
762.4 -66.77
762.8 -67.43
763.2 -68.11
763.6 -67.18
764.0 -66.93
764.4 -67.42
764.8 -66.97
765.2 -67.06
765.6 -66.87
766.0 -66.51
766.4 -66.22
766.8 -67.95
767.2 -67.19
767.6 -66.17
768.0 -67.18
768.4 -66.28
768.8 -66.61
769.2 -66.19
769.6 -66.35
770.0 -67.92
770.4 -66.34
770.8 -67.52
771.2 -66.78
771.6 -67.31
772.0 -66.86
772.4 -66.21
772.8 -66.17
773.2 -67.15
773.6 -67.3
774.0 -67.61
774.4 -67.19
774.8 -67.19
775.2 -66.99
775.6 -66.28
776.0 -67.33
776.4 -67.03
776.8 -66.75
777.2 -66.48
777.6 -65.59
778.0 -66.39
778.4 -67.94
778.8 -67.38
779.2 -66.22
779.6 -66.52
780.0 -66.55
780.4 -65.08
780.8 -65.54
781.2 -66.46
781.6 -67.1
782.0 -65.42
782.4 -66.5
782.8 -68.3
783.2 -66.53
783.6 -66.03
784.0 -66.62
784.4 -66.44
784.8 -66.7
785.2 -66.02
785.6 -65.87
786.0 -66.14
786.4 -66.38
786.8 -66.92
787.2 -67.17
787.6 -67.02
788.0 -65.97
788.4 -66.33
788.8 -66.37
789.2 -65.63
789.6 -66.16
790.0 -65.69
790.4 -65.51
790.8 -66.49
791.2 -66.39
791.6 -65.75
792.0 -66.75
792.4 -66.27
792.8 -66.51
793.2 -66.38
793.6 -66.3
794.0 -66.08
794.4 -65.7
794.8 -66.78
795.2 -65.73
795.6 -65.17
796.0 -66.82
796.4 -66.28
796.8 -65.27
797.2 -66.66
797.6 -66.9
798.0 -66.85
798.4 -65.21
798.8 -65.82
799.2 -65.63
799.6 -65.02
800.0 -66.88
800.4 -66.08
800.8 -65.58
801.2 -67.46
801.6 -65.18
802.0 -66.17
802.4 -65.38
802.8 -66.1
803.2 -65.39
803.6 -65.03
804.0 -65.61
804.4 -65.2
804.8 -64.76
805.2 -64.91
805.6 -64.83
806.0 -63.7
806.4 -61.93
806.8 -58.37
807.2 -54.63
807.6 -50.66
808.0 -49.31
808.4 -50.35
808.8 -50.73
809.2 -54.3
809.6 -61.9
810.0 -63.44
810.4 -65.63
810.8 -64.53
811.2 -65.6
811.6 -65.87
812.0 -65.99
812.4 -64.84
812.8 -65.89
813.2 -65.17
813.6 -64.93
814.0 -64.9
814.4 -65.84
814.8 -65.71
815.2 -65.17
815.6 -65.41
816.0 -65.32
816.4 -65.36
816.8 -65.77
817.2 -65.44
817.6 -64.88
818.0 -64.46
818.4 -64.81
818.8 -65.5
819.2 -66.45
819.6 -65.68
820.0 -65.46
820.4 -65.61
820.8 -66.33
821.2 -65.47
821.6 -64.47
822.0 -65.77
822.4 -65.65
822.8 -65.84
823.2 -65.33
823.6 -64.89
824.0 -65.78
824.4 -64.67
824.8 -65.14
825.2 -65.18
825.6 -64.52
826.0 -65.09
826.4 -64.65
826.8 -66.1
827.2 -66.57
827.6 -65.28
828.0 -65.06
828.4 -64.91
828.8 -64.41
829.2 -65.14
829.6 -65.38
830.0 -65.44
830.4 -65.29
830.8 -64.78
831.2 -65.07
831.6 -64.75
832.0 -65.38
832.4 -65.38
832.8 -64.33
833.2 -65.61
833.6 -64.66
834.0 -64.51
834.4 -65.02
834.8 -64.45
835.2 -65.13
835.6 -64.3
836.0 -65.51
836.4 -64.25
836.8 -64.4
837.2 -64.41
837.6 -64.48
838.0 -65.18
838.4 -64.5
838.8 -64.36
839.2 -64.21
839.6 -65.27
840.0 -64.06
840.4 -64.16
840.8 -64.23
841.2 -65.16
841.6 -64.58
842.0 -63.92
842.4 -64.07
842.8 -64.4
843.2 -65.22
843.6 -64.2
844.0 -64.85
844.4 -64.13
844.8 -64.71
845.2 -64.73
845.6 -64.45
846.0 -64.75
846.4 -64.27
846.8 -63.74
847.2 -64.48
847.6 -64.46
848.0 -64.48
848.4 -64.09
848.8 -64.34
849.2 -63.85
849.6 -64.16
850.0 -64.0
850.4 -63.63
850.8 -64.12
851.2 -63.9
851.6 -64.16
852.0 -63.71
852.4 -64.2
852.8 -64.41
853.2 -64.13
853.6 -63.59
854.0 -63.83
854.4 -63.69
854.8 -63.3
855.2 -64.36
855.6 -63.64
856.0 -63.96
856.4 -63.8
856.8 -63.62
857.2 -63.68
857.6 -63.45
858.0 -63.51
858.4 -63.66
858.8 -64.0
859.2 -63.64
859.6 -63.92
860.0 -63.91
860.4 -63.63
860.8 -63.5
861.2 -63.3
861.6 -63.86
862.0 -63.39
862.4 -64.05
862.8 -63.87
863.2 -63.85
863.6 -63.97
864.0 -63.47
864.4 -63.31
864.8 -63.49
865.2 -62.87
865.6 -63.59
866.0 -63.38
866.4 -63.46
866.8 -63.26
867.2 -63.67
867.6 -63.3
868.0 -62.87
868.4 -63.39
868.8 -62.8
869.2 -63.26
869.6 -63.36
870.0 -62.59
870.4 -62.96
870.8 -63.02
871.2 -63.09
871.6 -63.12
872.0 -62.59
872.4 -63.58
872.8 -63.21
873.2 -63.01
873.6 -62.76
874.0 -62.57
874.4 -63.04
874.8 -62.58
875.2 -62.69
875.6 -62.89
876.0 -62.96
876.4 -62.75
876.8 -63.03
877.2 -62.3
877.6 -63.02
878.0 -62.76
878.4 -62.6
878.8 -62.59
879.2 -62.91
879.6 -62.79
880.0 -62.58
880.4 -62.7
880.8 -62.72
881.2 -62.96
881.6 -62.85
882.0 -62.33
882.4 -62.47
882.8 -62.97
883.2 -62.75
883.6 -62.43
884.0 -62.28
884.4 -62.65
884.8 -62.54
885.2 -62.56
885.6 -63.05
886.0 -62.59
886.4 -62.42
886.8 -62.44
887.2 -62.43
887.6 -62.34
888.0 -62.22
888.4 -63.01
888.8 -62.63
889.2 -62.53
889.6 -62.44
890.0 -62.39
890.4 -62.32
890.8 -62.5
891.2 -62.53
891.6 -62.38
892.0 -62.49
892.4 -62.46
892.8 -62.9
893.2 -62.24
893.6 -62.19
894.0 -62.24
894.4 -62.17
894.8 -62.4
895.2 -62.17
895.6 -62.38
896.0 -62.36
896.4 -62.22
896.8 -62.72
897.2 -62.16
897.6 -62.24
898.0 -62.18
898.4 -62.29
898.8 -62.51
899.2 -62.75
899.6 -62.01
900.0 -62.46
900.4 -62.43
900.8 -62.13
901.2 -62.22
901.6 -62.08
902.0 -62.38
902.4 -62.32
902.8 -61.99
903.2 -62.13
903.6 -62.3
904.0 -62.23
904.4 -62.05
904.8 -62.46
905.2 -62.3
905.6 -62.02
906.0 -62.44
906.4 -61.71
906.8 -62.11
907.2 -61.98
907.6 -62.37
908.0 -61.98
908.4 -62.12
908.8 -61.96
909.2 -61.99
909.6 -62.12
910.0 -61.86
910.4 -62.18
910.8 -62.1
911.2 -61.81
911.6 -61.77
912.0 -61.58
912.4 -61.67
912.8 -61.48
913.2 -61.45
913.6 -61.65
914.0 -61.73
914.4 -61.55
914.8 -61.76
915.2 -61.97
915.6 -61.52
916.0 -61.84
916.4 -61.76
916.8 -61.54
917.2 -62.34
917.6 -61.25
918.0 -61.41
918.4 -61.39
918.8 -61.3
919.2 -61.46
919.6 -61.67
920.0 -61.66
920.4 -61.39
920.8 -61.53
921.2 -61.42
921.6 -61.54
922.0 -61.46
922.4 -61.3
922.8 -61.32
923.2 -61.49
923.6 -61.25
924.0 -61.22
924.4 -61.24
924.8 -60.89
925.2 -61.23
925.6 -60.88
926.0 -61.59
926.4 -61.08
926.8 -61.17
927.2 -61.1
927.6 -60.99
928.0 -60.98
928.4 -61.35
928.8 -61.26
929.2 -60.93
929.6 -60.69
930.0 -60.91
930.4 -60.99
930.8 -60.95
931.2 -60.85
931.6 -61.17
932.0 -60.81
932.4 -61.03
932.8 -60.78
933.2 -60.87
933.6 -60.93
934.0 -61.04
934.4 -61.05
934.8 -60.94
935.2 -60.99
935.6 -60.95
936.0 -60.91
936.4 -60.74
936.8 -60.73
937.2 -60.77
937.6 -60.88
938.0 -60.97
938.4 -60.77
938.8 -60.87
939.2 -60.93
939.6 -60.8
940.0 -60.7
940.4 -60.78
940.8 -60.61
941.2 -60.74
941.6 -60.71
942.0 -60.64
942.4 -60.73
942.8 -60.65
943.2 -60.5
943.6 -60.83
944.0 -60.51
944.4 -60.44
944.8 -60.37
945.2 -60.61
945.6 -60.51
946.0 -60.58
946.4 -60.51
946.8 -60.44
947.2 -60.35
947.6 -60.49
948.0 -60.56
948.4 -60.65
948.8 -60.51
949.2 -60.54
949.6 -60.56
950.0 -60.21
950.4 -60.33
950.8 -60.26
951.2 -60.3
951.6 -60.39
952.0 -60.33
952.4 -60.37
952.8 -60.45
953.2 -60.33
953.6 -60.48
954.0 -60.53
954.4 -60.32
954.8 -60.48
955.2 -60.56
955.6 -60.4
956.0 -60.58
956.4 -60.43
956.8 -60.36
957.2 -60.29
957.6 -60.18
958.0 -60.28
958.4 -60.14
958.8 -60.3
959.2 -60.38
959.6 -60.38
960.0 -60.23
960.4 -60.39
960.8 -60.23
961.2 -60.21
961.6 -60.07
962.0 -60.41
962.4 -60.09
962.8 -59.98
963.2 -60.14
963.6 -59.96
964.0 -60.07
964.4 -59.75
964.8 -59.68
965.2 -59.89
965.6 -59.59
966.0 -59.64
966.4 -59.64
966.8 -59.7
967.2 -59.9
967.6 -59.81
968.0 -59.77
968.4 -59.95
968.8 -59.76
969.2 -59.63
969.6 -59.65
970.0 -59.88
970.4 -59.95
970.8 -59.74
971.2 -59.86
971.6 -59.95
972.0 -59.75
972.4 -60.05
972.8 -60.0
973.2 -59.88
973.6 -60.08
974.0 -60.1
974.4 -60.14
974.8 -59.89
975.2 -60.06
975.6 -60.18
976.0 -60.36
976.4 -60.28
976.8 -60.14
977.2 -60.33
977.6 -60.33
978.0 -60.29
978.4 -60.51
978.8 -60.47
979.2 -60.57
979.6 -60.46
980.0 -60.3
980.4 -60.46
980.8 -60.28
981.2 -60.15
981.6 -60.36
982.0 -60.09
982.4 -60.06
982.8 -60.1
983.2 -60.02
983.6 -60.07
984.0 -59.81
984.4 -59.68
984.8 -59.73
985.2 -59.77
985.6 -59.68
986.0 -59.72
986.4 -59.46
986.8 -59.44
987.2 -59.46
987.6 -59.4
988.0 -59.46
988.4 -59.38
988.8 -59.42
989.2 -59.36
989.6 -59.31
990.0 -59.39
990.4 -59.23
990.8 -59.07
991.2 -59.12
991.6 -59.07
992.0 -59.2
992.4 -59.12
992.8 -59.1
993.2 -59.0
993.6 -59.11
994.0 -58.96
994.4 -59.13
994.8 -59.12
995.2 -59.13
995.6 -59.13
996.0 -59.01
996.4 -59.08
996.8 -58.94
997.2 -59.07
997.6 -59.18
998.0 -59.41
998.4 -59.23
998.8 -59.13
999.2 -59.23
999.6 -59.35
1000.0 -59.26
