600.0 -74.14
600.4 -70.18
600.8 -69.41
601.2 -75.17
601.6 -210.0
602.0 -70.29
602.4 -69.51
602.8 -72.55
603.2 -70.91
603.6 -210.0
604.0 -210.0
604.4 -210.0
604.8 -210.0
605.2 -75.43
605.6 -210.0
606.0 -210.0
606.4 -69.63
606.8 -210.0
607.2 -210.0
607.6 -210.0
608.0 -79.88
608.4 -72.12
608.8 -69.93
609.2 -72.42
609.6 -84.76
610.0 -210.0
610.4 -71.8
610.8 -69.38
611.2 -68.51
611.6 -210.0
612.0 -210.0
612.4 -210.0
612.8 -69.89
613.2 -81.96
613.6 -78.01
614.0 -71.79
614.4 -73.57
614.8 -210.0
615.2 -75.09
615.6 -85.11
616.0 -73.37
616.4 -72.37
616.8 -73.41
617.2 -67.96
617.6 -71.61
618.0 -68.53
618.4 -72.72
618.8 -80.52
619.2 -76.29
619.6 -71.92
620.0 -74.57
620.4 -210.0
620.8 -210.0
621.2 -210.0
621.6 -75.92
622.0 -72.71
622.4 -71.04
622.8 -71.4
623.2 -76.53
623.6 -74.8
624.0 -210.0
624.4 -80.87
624.8 -72.24
625.2 -72.27
625.6 -210.0
626.0 -210.0
626.4 -79.74
626.8 -73.24
627.2 -71.67
627.6 -210.0
628.0 -210.0
628.4 -68.99
628.8 -210.0
629.2 -76.9
629.6 -70.28
630.0 -210.0
630.4 -74.26
630.8 -74.29
631.2 -83.08
631.6 -71.8
632.0 -73.36
632.4 -68.93
632.8 -210.0
633.2 -74.77
633.6 -210.0
634.0 -210.0
634.4 -210.0
634.8 -72.37
635.2 -80.35
635.6 -80.38
636.0 -72.12
636.4 -71.28
636.8 -72.35
637.2 -75.06
637.6 -210.0
638.0 -72.11
638.4 -79.63
638.8 -210.0
639.2 -74.91
639.6 -70.17
640.0 -78.95
640.4 -76.78
640.8 -72.84
641.2 -75.08
641.6 -72.41
642.0 -71.73
642.4 -75.82
642.8 -73.02
643.2 -72.71
643.6 -78.03
644.0 -75.63
644.4 -76.34
644.8 -71.73
645.2 -70.13
645.6 -74.24
646.0 -76.86
646.4 -72.84
646.8 -72.44
647.2 -72.47
647.6 -210.0
648.0 -72.14
648.4 -71.7
648.8 -71.74
649.2 -72.38
649.6 -71.37
650.0 -72.17
650.4 -74.39
650.8 -70.29
651.2 -73.15
651.6 -73.48
652.0 -75.58
652.4 -72.45
652.8 -71.51
653.2 -72.32
653.6 -69.72
654.0 -71.52
654.4 -82.87
654.8 -70.75
655.2 -72.34
655.6 -70.17
656.0 -69.54
656.4 -70.85
656.8 -71.33
657.2 -69.89
657.6 -71.24
658.0 -72.23
658.4 -71.65
658.8 -72.63
659.2 -75.38
659.6 -70.87
660.0 -71.57
660.4 -70.29
660.8 -69.24
661.2 -69.43
661.6 -80.71
662.0 -70.97
662.4 -71.78
662.8 -71.78
663.2 -73.55
663.6 -75.93
664.0 -71.9
664.4 -70.45
664.8 -73.22
665.2 -69.12
665.6 -71.16
666.0 -74.27
666.4 -70.21
666.8 -69.91
667.2 -70.14
667.6 -72.01
668.0 -69.77
668.4 -70.79
668.8 -71.07
669.2 -70.29
669.6 -74.08
670.0 -73.06
670.4 -71.06
670.8 -70.04
671.2 -71.99
671.6 -69.97
672.0 -70.03
672.4 -70.51
672.8 -71.32
673.2 -71.32
673.6 -71.42
674.0 -69.58
674.4 -73.5
674.8 -69.64
675.2 -72.07
675.6 -69.93
676.0 -69.7
676.4 -71.29
676.8 -69.49
677.2 -71.28
677.6 -69.83
678.0 -70.98
678.4 -70.05
678.8 -73.28
679.2 -69.47
679.6 -69.14
680.0 -71.79
680.4 -69.26
680.8 -72.8
681.2 -70.17
681.6 -68.59
682.0 -69.85
682.4 -70.4
682.8 -69.84
683.2 -69.69
683.6 -70.81
684.0 -71.51
684.4 -69.01
684.8 -68.33
685.2 -68.27
685.6 -69.0
686.0 -71.38
686.4 -69.44
686.8 -69.71
687.2 -69.23
687.6 -69.56
688.0 -71.46
688.4 -69.77
688.8 -72.16
689.2 -70.48
689.6 -70.48
690.0 -70.73
690.4 -70.91
690.8 -68.87
691.2 -70.19
691.6 -68.24
692.0 -70.7
692.4 -69.93
692.8 -69.78
693.2 -71.72
693.6 -67.77
694.0 -69.61
694.4 -68.41
694.8 -68.87
695.2 -69.74
695.6 -69.67
696.0 -71.03
696.4 -71.12
696.8 -68.38
697.2 -71.43
697.6 -68.54
698.0 -69.41
698.4 -68.63
698.8 -69.13
699.2 -68.68
699.6 -70.41
700.0 -69.24
700.4 -71.17
700.8 -70.57
701.2 -67.55
701.6 -70.04
702.0 -70.65
702.4 -68.63
702.8 -67.82
703.2 -71.69
703.6 -69.85
704.0 -68.92
704.4 -70.16
704.8 -68.91
705.2 -68.42
705.6 -68.36
706.0 -69.58
706.4 -70.48
706.8 -68.28
707.2 -67.8
707.6 -67.37
708.0 -68.73
708.4 -68.91
708.8 -68.2
709.2 -67.53
709.6 -70.93
710.0 -66.82
710.4 -71.47
710.8 -67.95
711.2 -67.41
711.6 -67.64
712.0 -68.33
712.4 -68.44
712.8 -67.44
713.2 -68.43
713.6 -67.67
714.0 -68.6
714.4 -70.57
714.8 -68.35
715.2 -67.96
715.6 -68.83
716.0 -68.83
716.4 -69.09
716.8 -68.0
717.2 -70.95
717.6 -67.39
718.0 -67.48
718.4 -68.2
718.8 -69.35
719.2 -68.42
719.6 -66.93
720.0 -67.96
720.4 -68.47
720.8 -68.71
721.2 -71.01
721.6 -67.17
722.0 -67.58
722.4 -68.83
722.8 -69.09
723.2 -67.57
723.6 -68.89
724.0 -68.03
724.4 -68.49
724.8 -67.86
725.2 -67.5
725.6 -70.01
726.0 -67.69
726.4 -68.6
726.8 -69.19
727.2 -68.11
727.6 -67.43
728.0 -67.57
728.4 -67.77
728.8 -68.44
729.2 -67.56
729.6 -68.89
730.0 -67.4
730.4 -68.08
730.8 -66.85
731.2 -68.18
731.6 -67.49
732.0 -66.17
732.4 -68.35
732.8 -68.6
733.2 -68.16
733.6 -67.78
734.0 -68.72
734.4 -67.56
734.8 -67.61
735.2 -69.12
735.6 -67.03
736.0 -67.6
736.4 -68.76
736.8 -68.62
737.2 -68.82
737.6 -68.07
738.0 -68.3
738.4 -67.29
738.8 -67.73
739.2 -68.54
739.6 -66.91
740.0 -69.15
740.4 -67.82
740.8 -68.05
741.2 -68.72
741.6 -68.21
742.0 -67.5
742.4 -67.35
742.8 -67.54
743.2 -67.7
743.6 -67.39
744.0 -67.09
744.4 -68.5
744.8 -67.79
745.2 -67.85
745.6 -68.18
746.0 -68.01
746.4 -68.82
746.8 -67.37
747.2 -68.74
747.6 -68.05
748.0 -66.2
748.4 -68.04
748.8 -68.1
749.2 -68.47
749.6 -68.16
750.0 -68.86
750.4 -67.59
750.8 -66.86
751.2 -68.32
751.6 -68.19
752.0 -67.26
752.4 -66.93
752.8 -67.61
753.2 -68.82
753.6 -68.41
754.0 -68.47
754.4 -67.75
754.8 -67.09
755.2 -67.96
755.6 -66.98
756.0 -66.49
756.4 -68.01
756.8 -66.7
757.2 -66.4
757.6 -66.82
758.0 -66.91
758.4 -68.04
758.8 -68.97
759.2 -67.69
759.6 -66.75
760.0 -66.92
760.4 -68.39
760.8 -68.19
761.2 -67.84
761.6 -68.07
762.0 -66.34
762.4 -68.44
762.8 -67.59
763.2 -66.58
763.6 -67.23
764.0 -67.81
764.4 -67.22
764.8 -68.48
765.2 -67.16
765.6 -66.56
766.0 -67.1
766.4 -66.68
766.8 -67.89
767.2 -67.04
767.6 -66.81
768.0 -67.33
768.4 -68.0
768.8 -66.7
769.2 -66.83
769.6 -68.05
770.0 -67.31
770.4 -67.63
770.8 -66.02
771.2 -67.98
771.6 -67.98
772.0 -67.62
772.4 -67.3
772.8 -66.05
773.2 -66.55
773.6 -67.41
774.0 -69.05
774.4 -67.34
774.8 -65.78
775.2 -66.99
775.6 -68.08
776.0 -68.4
776.4 -67.77
776.8 -67.66
777.2 -66.03
777.6 -67.49
778.0 -67.32
778.4 -67.48
778.8 -66.93
779.2 -67.17
779.6 -66.52
780.0 -67.26
780.4 -68.12
780.8 -67.26
781.2 -66.92
781.6 -66.24
782.0 -66.58
782.4 -66.67
782.8 -67.92
783.2 -67.24
783.6 -66.9
784.0 -67.04
784.4 -67.91
784.8 -66.26
785.2 -66.35
785.6 -66.56
786.0 -66.7
786.4 -66.25
786.8 -66.73
787.2 -67.95
787.6 -67.54
788.0 -64.97
788.4 -65.74
788.8 -66.41
789.2 -66.2
789.6 -66.2
790.0 -67.2
790.4 -65.8
790.8 -66.19
791.2 -67.4
791.6 -66.06
792.0 -66.35
792.4 -66.14
792.8 -65.82
793.2 -66.93
793.6 -66.01
794.0 -68.49
794.4 -66.25
794.8 -66.2
795.2 -66.46
795.6 -66.28
796.0 -67.11
796.4 -65.37
796.8 -65.84
797.2 -65.79
797.6 -67.36
798.0 -66.18
798.4 -65.89
798.8 -66.56
799.2 -66.99
799.6 -66.99
800.0 -66.88
800.4 -66.08
800.8 -66.38
801.2 -66.13
801.6 -65.28
802.0 -66.09
802.4 -65.56
802.8 -67.1
803.2 -65.6
803.6 -66.1
804.0 -66.91
804.4 -65.3
804.8 -65.69
805.2 -64.98
805.6 -65.73
806.0 -64.16
806.4 -62.76
806.8 -58.46
807.2 -54.81
807.6 -50.96
808.0 -49.57
808.4 -50.64
808.8 -50.97
809.2 -54.69
809.6 -62.22
810.0 -64.63
810.4 -64.96
810.8 -65.64
811.2 -65.29
811.6 -65.58
812.0 -65.52
812.4 -65.41
812.8 -66.0
813.2 -64.77
813.6 -65.83
814.0 -64.96
814.4 -66.15
814.8 -65.43
815.2 -65.57
815.6 -65.72
816.0 -65.73
816.4 -66.4
816.8 -65.39
817.2 -65.57
817.6 -66.46
818.0 -66.29
818.4 -64.92
818.8 -66.44
819.2 -64.91
819.6 -65.72
820.0 -67.19
820.4 -66.56
820.8 -66.37
821.2 -65.88
821.6 -65.36
822.0 -66.54
822.4 -64.91
822.8 -66.65
823.2 -65.52
823.6 -65.56
824.0 -66.33
824.4 -67.35
824.8 -66.06
825.2 -66.14
825.6 -66.24
826.0 -66.56
826.4 -65.29
826.8 -65.72
827.2 -66.49
827.6 -64.86
828.0 -64.66
828.4 -65.22
828.8 -65.38
829.2 -65.88
829.6 -65.01
830.0 -64.57
830.4 -65.01
830.8 -65.35
831.2 -64.91
831.6 -64.42
832.0 -66.23
832.4 -65.18
832.8 -65.73
833.2 -65.05
833.6 -66.64
834.0 -65.06
834.4 -65.07
834.8 -65.23
835.2 -64.85
835.6 -64.28
836.0 -65.21
836.4 -64.82
836.8 -64.91
837.2 -64.71
837.6 -65.62
838.0 -65.03
838.4 -64.71
838.8 -64.92
839.2 -65.24
839.6 -64.94
840.0 -64.95
840.4 -65.16
840.8 -64.93
841.2 -64.75
841.6 -64.95
842.0 -64.77
842.4 -65.25
842.8 -64.98
843.2 -64.46
843.6 -65.12
844.0 -64.67
844.4 -65.66
844.8 -65.16
845.2 -65.11
845.6 -65.09
846.0 -64.95
846.4 -65.14
846.8 -65.0
847.2 -64.15
847.6 -64.61
848.0 -64.05
848.4 -64.67
848.8 -64.07
849.2 -64.52
849.6 -63.89
850.0 -64.62
850.4 -64.62
850.8 -64.17
851.2 -64.83
851.6 -64.32
852.0 -64.13
852.4 -64.57
852.8 -64.87
853.2 -65.07
853.6 -64.52
854.0 -64.66
854.4 -64.16
854.8 -63.88
855.2 -64.4
855.6 -64.37
856.0 -63.78
856.4 -64.13
856.8 -63.73
857.2 -63.65
857.6 -64.59
858.0 -64.26
858.4 -63.49
858.8 -64.35
859.2 -64.31
859.6 -64.56
860.0 -64.03
860.4 -63.88
860.8 -63.4
861.2 -63.6
861.6 -63.63
862.0 -63.88
862.4 -64.36
862.8 -63.94
863.2 -64.29
863.6 -63.91
864.0 -63.59
864.4 -63.85
864.8 -64.11
865.2 -63.66
865.6 -63.69
866.0 -63.38
866.4 -63.77
866.8 -63.86
867.2 -63.45
867.6 -63.71
868.0 -63.66
868.4 -63.5
868.8 -63.41
869.2 -63.85
869.6 -63.24
870.0 -63.68
870.4 -63.79
870.8 -63.69
871.2 -63.59
871.6 -63.16
872.0 -63.63
872.4 -63.33
872.8 -63.64
873.2 -63.17
873.6 -63.67
874.0 -63.56
874.4 -62.93
874.8 -63.01
875.2 -63.46
875.6 -63.08
876.0 -63.2
876.4 -63.17
876.8 -62.74
877.2 -63.42
877.6 -62.92
878.0 -63.41
878.4 -63.15
878.8 -63.41
879.2 -63.3
879.6 -62.85
880.0 -63.09
880.4 -63.36
880.8 -63.21
881.2 -63.22
881.6 -63.43
882.0 -63.21
882.4 -62.62
882.8 -62.95
883.2 -63.05
883.6 -63.2
884.0 -63.42
884.4 -63.3
884.8 -63.29
885.2 -62.88
885.6 -62.82
886.0 -62.88
886.4 -62.89
886.8 -62.85
887.2 -63.04
887.6 -62.79
888.0 -62.48
888.4 -62.96
888.8 -62.55
889.2 -63.06
889.6 -63.28
890.0 -62.84
890.4 -62.81
890.8 -62.4
891.2 -62.5
891.6 -62.66
892.0 -62.83
892.4 -62.85
892.8 -62.71
893.2 -63.0
893.6 -62.71
894.0 -62.44
894.4 -62.69
894.8 -62.83
895.2 -62.89
895.6 -62.68
896.0 -62.68
896.4 -62.42
896.8 -62.98
897.2 -62.87
897.6 -62.91
898.0 -62.41
898.4 -63.08
898.8 -62.84
899.2 -63.37
899.6 -62.71
900.0 -62.45
900.4 -62.63
900.8 -62.98
901.2 -62.55
901.6 -62.49
902.0 -62.34
902.4 -62.83
902.8 -62.53
903.2 -62.37
903.6 -62.91
904.0 -62.36
904.4 -62.87
904.8 -62.44
905.2 -62.71
905.6 -62.6
906.0 -62.55
906.4 -62.24
906.8 -62.33
907.2 -62.42
907.6 -62.43
908.0 -62.24
908.4 -62.45
908.8 -62.45
909.2 -62.54
909.6 -62.27
910.0 -62.75
910.4 -62.12
910.8 -62.62
911.2 -62.16
911.6 -62.29
912.0 -62.04
912.4 -62.69
912.8 -62.17
913.2 -62.02
913.6 -61.73
914.0 -61.77
914.4 -62.07
914.8 -62.29
915.2 -62.07
915.6 -62.3
916.0 -61.99
916.4 -62.21
916.8 -62.06
917.2 -61.84
917.6 -62.18
918.0 -62.25
918.4 -62.11
918.8 -62.13
919.2 -62.32
919.6 -61.89
920.0 -62.26
920.4 -62.23
920.8 -61.83
921.2 -61.89
921.6 -62.13
922.0 -61.43
922.4 -61.81
922.8 -62.47
923.2 -61.82
923.6 -61.97
924.0 -61.98
924.4 -61.92
924.8 -61.95
925.2 -61.96
925.6 -61.78
926.0 -61.59
926.4 -61.75
926.8 -61.81
927.2 -61.64
927.6 -61.64
928.0 -61.68
928.4 -61.98
928.8 -62.02
929.2 -61.59
929.6 -61.58
930.0 -61.63
930.4 -61.24
930.8 -61.43
931.2 -61.8
931.6 -61.66
932.0 -61.55
932.4 -61.64
932.8 -61.73
933.2 -61.69
933.6 -62.01
934.0 -61.78
934.4 -61.52
934.8 -61.96
935.2 -61.64
935.6 -61.67
936.0 -61.55
936.4 -61.86
936.8 -61.41
937.2 -61.7
937.6 -61.92
938.0 -61.72
938.4 -61.68
938.8 -61.7
939.2 -61.45
939.6 -61.84
940.0 -61.53
940.4 -61.65
940.8 -61.49
941.2 -61.71
941.6 -61.74
942.0 -61.64
942.4 -61.58
942.8 -61.4
943.2 -61.63
943.6 -61.54
944.0 -61.6
944.4 -61.43
944.8 -61.25
945.2 -61.29
945.6 -61.4
946.0 -61.49
946.4 -61.33
946.8 -61.28
947.2 -61.39
947.6 -61.32
948.0 -61.37
948.4 -61.42
948.8 -61.46
949.2 -61.41
949.6 -61.59
950.0 -61.56
950.4 -61.36
950.8 -61.16
951.2 -61.22
951.6 -61.45
952.0 -61.33
952.4 -61.14
952.8 -61.49
953.2 -61.36
953.6 -61.14
954.0 -61.43
954.4 -61.45
954.8 -61.49
955.2 -61.42
955.6 -61.66
956.0 -61.32
956.4 -61.43
956.8 -61.49
957.2 -61.48
957.6 -61.43
958.0 -61.13
958.4 -60.94
958.8 -61.22
959.2 -61.41
959.6 -61.22
960.0 -61.05
960.4 -60.98
960.8 -61.19
961.2 -61.05
961.6 -60.99
962.0 -61.14
962.4 -61.13
962.8 -61.01
963.2 -61.29
963.6 -61.0
964.0 -60.81
964.4 -60.85
964.8 -60.8
965.2 -60.9
965.6 -60.77
966.0 -60.76
966.4 -60.79
966.8 -60.84
967.2 -60.94
967.6 -61.0
968.0 -61.14
968.4 -61.11
968.8 -61.15
969.2 -61.08
969.6 -60.95
970.0 -61.05
970.4 -60.95
970.8 -61.05
971.2 -61.14
971.6 -61.25
972.0 -61.05
972.4 -61.0
972.8 -61.12
973.2 -61.13
973.6 -61.2
974.0 -60.95
974.4 -61.15
974.8 -61.3
975.2 -61.21
975.6 -61.33
976.0 -61.41
976.4 -61.3
976.8 -61.28
977.2 -61.28
977.6 -61.36
978.0 -61.52
978.4 -61.32
978.8 -61.09
979.2 -61.36
979.6 -61.38
980.0 -61.29
980.4 -61.32
980.8 -61.3
981.2 -61.16
981.6 -61.18
982.0 -61.06
982.4 -61.05
982.8 -61.15
983.2 -60.93
983.6 -61.06
984.0 -61.09
984.4 -61.04
984.8 -60.82
985.2 -60.85
985.6 -60.74
986.0 -60.67
986.4 -60.76
986.8 -60.6
987.2 -60.63
987.6 -60.56
988.0 -60.47
988.4 -60.46
988.8 -60.33
989.2 -60.6
989.6 -60.37
990.0 -60.41
990.4 -60.38
990.8 -60.37
991.2 -60.5
991.6 -60.35
992.0 -60.22
992.4 -60.2
992.8 -60.34
993.2 -60.25
993.6 -60.26
994.0 -60.26
994.4 -60.22
994.8 -60.24
995.2 -60.04
995.6 -60.07
996.0 -60.09
996.4 -60.11
996.8 -60.32
997.2 -60.13
997.6 -60.16
998.0 -60.21
998.4 -60.23
998.8 -60.25
999.2 -60.39
999.6 -60.2
1000.0 -60.31
