740.0 -61.9
740.16 -62.23
740.32 -61.87
740.48 -61.94
740.64 -62.01
740.8 -62.23
740.96 -61.75
741.12 -61.97
741.28 -62.6
741.44 -62.18
741.6 -61.81
741.76 -61.71
741.92 -61.93
742.08 -62.33
742.24 -61.82
742.4 -62.22
742.56 -61.6
742.72 -62.05
742.88 -61.85
743.04 -62.29
743.2 -61.8
743.36 -61.96
743.52 -62.18
743.68 -61.8
743.84 -61.87
744.0 -62.05
744.16 -61.73
744.32 -61.37
744.48 -61.63
744.64 -61.87
744.8 -62.26
744.96 -61.86
745.12 -62.11
745.28 -62.1
745.44 -62.1
745.6 -61.8
745.76 -62.1
745.92 -62.1
746.08 -61.94
746.24 -61.55
746.4 -62.33
746.56 -61.66
746.72 -61.96
746.88 -61.49
747.04 -61.86
747.2 -61.71
747.36 -61.73
747.52 -62.09
747.68 -62.46
747.84 -62.21
748.0 -62.03
748.16 -62.06
748.32 -61.88
748.48 -61.68
748.64 -61.78
748.8 -62.2
748.96 -62.17
749.12 -61.48
749.28 -61.88
749.44 -61.78
749.6 -61.8
749.76 -61.55
749.92 -61.41
750.08 -61.48
750.24 -61.63
750.4 -61.9
750.56 -61.45
750.72 -61.67
750.88 -61.27
751.04 -61.6
751.2 -61.41
751.36 -61.89
751.52 -61.55
751.68 -61.55
751.84 -61.32
752.0 -61.54
752.16 -61.81
752.32 -61.76
752.48 -61.6
752.64 -61.93
752.8 -61.93
752.96 -61.76
753.12 -61.37
753.28 -62.02
753.44 -61.87
753.6 -61.79
753.76 -61.74
753.92 -62.07
754.08 -61.75
754.24 -61.96
754.4 -61.78
754.56 -61.81
754.72 -61.65
754.88 -61.83
755.04 -61.54
755.2 -61.64
755.36 -61.64
755.52 -61.97
755.68 -61.64
755.84 -61.72
756.0 -61.33
756.16 -61.28
756.32 -61.44
756.48 -61.42
756.64 -61.66
756.8 -61.0
756.96 -61.32
757.12 -61.21
757.28 -61.41
757.44 -60.93
757.6 -61.49
757.76 -61.16
757.92 -60.97
758.08 -61.2
758.24 -61.26
758.4 -61.4
758.56 -60.92
758.72 -61.5
758.88 -61.42
759.04 -61.36
759.2 -61.63
759.36 -61.68
759.52 -61.48
759.68 -61.47
759.84 -61.44
760.0 -61.8
760.16 -61.35
760.32 -61.28
760.48 -61.58
760.64 -61.84
760.8 -61.19
760.96 -61.31
761.12 -61.45
761.28 -61.62
761.44 -61.62
761.6 -62.05
761.76 -61.38
761.92 -61.72
762.08 -61.69
762.24 -61.36
762.4 -61.17
762.56 -61.67
762.72 -61.21
762.88 -61.66
763.04 -61.21
763.2 -61.53
763.36 -61.44
763.52 -61.04
763.68 -61.45
763.84 -61.54
764.0 -61.24
764.16 -61.65
764.32 -61.19
764.48 -60.95
764.64 -60.77
764.8 -61.15
764.96 -61.09
765.12 -61.01
765.28 -61.1
765.44 -61.24
765.6 -61.03
765.76 -60.81
765.92 -61.0
766.08 -60.83
766.24 -60.79
766.4 -60.94
766.56 -61.09
766.72 -61.11
766.88 -60.74
767.04 -61.07
767.2 -61.17
767.36 -61.45
767.52 -61.56
767.68 -61.18
767.84 -61.2
768.0 -61.3
768.16 -61.58
768.32 -61.34
768.48 -61.4
768.64 -61.12
768.8 -61.82
768.96 -61.17
769.12 -61.41
769.28 -61.5
769.44 -61.55
769.6 -61.81
769.76 -61.44
769.92 -61.59
770.08 -61.4
770.24 -61.56
770.4 -62.11
770.56 -61.49
770.72 -61.67
770.88 -61.2
771.04 -61.98
771.2 -61.71
771.36 -61.48
771.52 -61.87
771.68 -61.46
771.84 -61.12
772.0 -60.98
772.16 -61.04
772.32 -61.14
772.48 -60.93
772.64 -61.1
772.8 -61.15
772.96 -61.35
773.12 -61.14
773.28 -60.97
773.44 -61.23
773.6 -61.08
773.76 -60.67
773.92 -60.76
774.08 -60.76
774.24 -60.74
774.4 -60.8
774.56 -60.61
774.72 -61.03
774.88 -60.65
775.04 -61.13
775.2 -61.07
775.36 -60.77
775.52 -61.08
775.68 -61.06
775.84 -61.21
776.0 -60.91
776.16 -61.38
776.32 -60.89
776.48 -61.7
776.64 -61.15
776.8 -61.41
776.96 -61.37
777.12 -61.49
777.28 -61.24
777.44 -61.46
777.6 -61.51
777.76 -61.41
777.92 -61.36
778.08 -61.97
778.24 -61.48
778.4 -61.69
778.56 -61.55
778.72 -61.57
778.88 -61.83
779.04 -61.95
779.2 -61.26
779.36 -61.74
779.52 -61.52
779.68 -61.05
779.84 -61.29
780.0 -61.48
780.16 -61.61
780.32 -61.35
780.48 -61.11
780.64 -61.23
780.8 -61.44
780.96 -61.36
781.12 -61.11
781.28 -60.88
781.44 -61.26
781.6 -61.07
781.76 -60.63
781.92 -61.14
782.08 -60.9
782.24 -60.51
782.4 -61.14
782.56 -60.76
782.72 -60.9
782.88 -60.83
783.04 -60.62
783.2 -60.61
783.36 -60.6
783.52 -60.21
783.68 -60.51
783.84 -60.66
784.0 -60.21
784.16 -60.7
784.32 -60.28
784.48 -60.59
784.64 -60.26
784.8 -60.28
784.96 -60.58
785.12 -60.52
785.28 -60.63
785.44 -60.71
785.6 -60.43
785.76 -60.65
785.92 -60.82
786.08 -60.99
786.24 -61.03
786.4 -60.63
786.56 -61.27
786.72 -61.27
786.88 -61.58
787.04 -61.48
787.2 -61.16
787.36 -62.01
787.52 -61.86
787.68 -61.68
787.84 -61.81
788.0 -61.72
788.16 -61.61
788.32 -61.92
788.48 -62.09
788.64 -61.77
788.8 -61.58
788.96 -61.83
789.12 -62.51
789.28 -61.57
789.44 -61.61
789.6 -61.91
789.76 -62.05
789.92 -61.63
790.08 -61.96
790.24 -61.87
790.4 -61.79
790.56 -61.27
790.72 -61.11
790.88 -61.27
791.04 -61.38
791.2 -60.66
791.36 -60.9
791.52 -60.72
791.68 -60.34
791.84 -60.6
792.0 -60.51
792.16 -60.37
792.32 -60.35
792.48 -60.57
792.64 -60.33
792.8 -60.34
792.96 -60.04
793.12 -60.04
793.28 -60.32
793.44 -60.24
793.6 -60.3
793.76 -60.28
793.92 -59.96
794.08 -60.11
794.24 -59.95
794.4 -60.44
794.56 -60.44
794.72 -60.33
794.88 -60.66
795.04 -60.77
795.2 -60.9
795.36 -60.5
795.52 -60.61
795.68 -60.9
795.84 -61.23
796.0 -61.09
796.16 -61.26
796.32 -61.17
796.48 -61.46
796.64 -61.22
796.8 -61.58
796.96 -61.74
797.12 -62.08
797.28 -62.1
797.44 -61.7
797.6 -61.82
797.76 -62.3
797.92 -61.83
798.08 -61.99
798.24 -62.03
798.4 -61.84
798.56 -61.67
798.72 -61.64
798.88 -61.91
799.04 -61.53
799.2 -61.84
799.36 -61.27
799.52 -61.28
799.68 -61.07
799.84 -60.81
800.0 -61.28
800.16 -60.87
800.32 -60.78
800.48 -60.74
800.64 -60.61
800.8 -60.52
800.96 -60.27
801.12 -60.12
801.28 -60.43
801.44 -60.34
801.6 -60.22
801.76 -59.92
801.92 -60.24
802.08 -60.12
802.24 -60.18
802.4 -59.86
802.56 -59.97
802.72 -60.09
802.88 -59.81
803.04 -60.1
803.2 -59.89
803.36 -59.91
803.52 -59.74
803.68 -60.24
803.84 -60.26
804.0 -60.24
804.16 -60.14
804.32 -60.38
804.48 -60.3
804.64 -60.44
804.8 -60.41
804.96 -60.54
805.12 -60.55
805.28 -60.32
805.44 -60.37
805.6 -60.45
805.76 -60.49
805.92 -60.46
806.08 -60.44
806.24 -60.49
806.4 -59.64
806.56 -58.89
806.72 -58.1
806.88 -57.08
807.04 -56.23
807.2 -54.96
807.36 -53.65
807.52 -52.42
807.68 -51.35
807.84 -50.72
808.0 -50.5
808.16 -50.87
808.32 -51.14
808.48 -51.37
808.64 -51.27
808.8 -51.31
808.96 -52.24
809.12 -53.75
809.28 -56.45
809.44 -58.91
809.6 -60.0
809.76 -60.18
809.92 -60.65
810.08 -60.42
810.24 -60.42
810.4 -60.61
810.56 -60.42
810.72 -60.12
810.88 -60.06
811.04 -59.93
811.2 -60.34
811.36 -60.06
811.52 -59.8
811.68 -59.79
811.84 -59.85
812.0 -60.15
812.16 -60.21
812.32 -60.05
812.48 -60.31
812.64 -60.18
812.8 -60.29
812.96 -60.57
813.12 -60.32
813.28 -60.73
813.44 -60.41
813.6 -60.42
813.76 -60.45
813.92 -60.51
814.08 -61.01
814.24 -61.1
814.4 -61.02
814.56 -60.97
814.72 -61.27
814.88 -61.03
815.04 -61.11
815.2 -61.51
815.36 -61.39
815.52 -61.23
815.68 -61.39
815.84 -61.44
816.0 -61.38
816.16 -61.78
816.32 -61.42
816.48 -61.64
816.64 -61.41
816.8 -61.65
816.96 -61.32
817.12 -61.68
817.28 -61.31
817.44 -61.2
817.6 -60.7
817.76 -60.79
817.92 -61.03
818.08 -60.33
818.24 -60.56
818.4 -60.25
818.56 -60.39
818.72 -60.25
818.88 -60.31
819.04 -60.07
819.2 -60.39
819.36 -60.3
819.52 -60.17
819.68 -60.37
819.84 -59.89
820.0 -60.3
820.16 -59.76
820.32 -60.1
820.48 -59.83
820.64 -60.03
820.8 -60.53
820.96 -60.07
821.12 -60.2
821.28 -60.34
821.44 -60.32
821.6 -60.39
821.76 -60.5
821.92 -60.58
822.08 -60.68
822.24 -60.46
822.4 -60.64
822.56 -60.77
822.72 -60.96
822.88 -61.05
823.04 -60.95
823.2 -61.33
823.36 -61.13
823.52 -61.32
823.68 -61.89
823.84 -61.27
824.0 -61.55
824.16 -61.85
824.32 -61.54
824.48 -61.63
824.64 -61.58
824.8 -61.64
824.96 -61.71
825.12 -61.47
825.28 -61.8
825.44 -61.65
825.6 -61.58
825.76 -61.24
825.92 -61.4
826.08 -61.27
826.24 -61.13
826.4 -61.14
826.56 -60.92
826.72 -61.2
826.88 -61.09
827.04 -60.79
827.2 -60.7
827.36 -60.97
827.52 -60.63
827.68 -60.67
827.84 -60.65
828.0 -60.36
828.16 -60.18
828.32 -60.83
828.48 -60.31
828.64 -60.11
828.8 -60.45
828.96 -60.28
829.12 -60.06
829.28 -60.12
829.44 -60.17
829.6 -60.02
829.76 -60.28
829.92 -60.14
830.08 -60.13
830.24 -60.19
830.4 -60.14
830.56 -60.19
830.72 -60.19
830.88 -60.54
831.04 -60.37
831.2 -60.87
831.36 -60.33
831.52 -60.84
831.68 -60.84
831.84 -60.97
832.0 -60.88
832.16 -60.88
832.32 -61.31
832.48 -61.31
832.64 -61.03
832.8 -61.25
832.96 -61.31
833.12 -61.3
833.28 -61.01
833.44 -61.66
833.6 -61.22
833.76 -61.42
833.92 -61.37
834.08 -61.24
834.24 -61.08
834.4 -61.11
834.56 -61.3
834.72 -61.09
834.88 -61.22
835.04 -60.78
835.2 -60.58
835.36 -60.8
835.52 -60.98
835.68 -60.59
835.84 -60.8
836.0 -60.57
836.16 -60.71
836.32 -60.56
836.48 -60.42
836.64 -60.42
836.8 -60.39
836.96 -60.28
837.12 -60.39
837.28 -60.12
837.44 -60.41
837.6 -60.3
837.76 -60.17
837.92 -60.1
838.08 -60.24
838.24 -60.01
838.4 -59.96
838.56 -60.04
838.72 -60.03
838.88 -60.13
839.04 -59.94
839.2 -59.96
839.36 -60.03
839.52 -60.26
839.68 -60.29
839.84 -60.46
840.0 -60.38
840.16 -60.39
840.32 -60.37
840.48 -60.32
840.64 -60.62
840.8 -60.59
840.96 -60.55
841.12 -60.58
841.28 -60.6
841.44 -60.82
841.6 -60.91
841.76 -60.97
841.92 -60.76
842.08 -60.63
842.24 -60.99
842.4 -61.17
842.56 -61.16
842.72 -61.1
842.88 -61.06
843.04 -61.26
843.2 -60.88
843.36 -61.06
843.52 -61.48
843.68 -60.95
843.84 -61.25
844.0 -61.19
844.16 -61.11
844.32 -60.95
844.48 -61.12
844.64 -61.05
844.8 -60.99
844.96 -60.83
845.12 -60.91
845.28 -60.84
845.44 -60.8
845.6 -60.99
845.76 -60.7
845.92 -60.41
846.08 -60.52
846.24 -60.53
846.4 -60.41
846.56 -60.4
846.72 -60.17
846.88 -60.61
847.04 -60.15
847.2 -60.06
847.36 -60.18
847.52 -60.11
847.68 -60.25
847.84 -60.41
848.0 -60.32
848.16 -60.38
848.32 -60.27
848.48 -60.3
848.64 -60.38
848.8 -60.55
848.96 -60.39
849.12 -60.5
849.28 -60.71
849.44 -60.6
849.6 -60.61
849.76 -60.66
849.92 -60.9
850.08 -61.06
850.24 -61.0
850.4 -61.07
850.56 -61.54
850.72 -61.34
850.88 -61.19
851.04 -61.17
851.2 -61.35
851.36 -61.19
851.52 -61.54
851.68 -61.35
851.84 -61.15
852.0 -60.88
852.16 -60.94
852.32 -61.12
852.48 -61.12
852.64 -60.89
852.8 -60.9
852.96 -60.63
853.12 -60.64
853.28 -60.47
853.44 -60.84
853.6 -60.28
853.76 -60.31
853.92 -60.7
854.08 -60.41
854.24 -60.63
854.4 -60.47
854.56 -60.44
854.72 -60.12
854.88 -60.13
855.04 -60.38
855.2 -60.31
855.36 -60.17
855.52 -60.47
855.68 -60.67
855.84 -60.54
856.0 -60.24
856.16 -60.56
856.32 -60.29
856.48 -60.4
856.64 -60.66
856.8 -60.57
856.96 -60.39
857.12 -60.53
857.28 -60.71
857.44 -60.57
857.6 -60.69
857.76 -60.73
857.92 -60.95
858.08 -60.86
858.24 -60.75
858.4 -60.93
858.56 -60.72
858.72 -60.93
858.88 -60.99
859.04 -60.66
859.2 -61.01
859.36 -60.71
859.52 -60.72
859.68 -60.5
859.84 -60.58
860.0 -60.51
860.16 -60.25
860.32 -60.02
860.48 -60.43
860.64 -60.06
860.8 -60.04
860.96 -60.21
861.12 -59.98
861.28 -60.11
861.44 -59.98
861.6 -59.98
861.76 -59.93
861.92 -59.85
862.08 -59.94
862.24 -60.13
862.4 -59.87
862.56 -60.18
862.72 -60.35
862.88 -60.14
863.04 -60.0
863.2 -60.41
863.36 -60.59
863.52 -60.34
863.68 -60.21
863.84 -60.47
864.0 -60.42
864.16 -60.56
864.32 -60.66
864.48 -60.54
864.64 -60.73
864.8 -60.73
864.96 -60.84
865.12 -60.98
865.28 -60.79
865.44 -60.7
865.6 -60.63
865.76 -60.75
865.92 -60.83
866.08 -60.75
866.24 -60.37
866.4 -60.57
866.56 -60.38
866.72 -60.51
866.88 -60.16
867.04 -60.63
867.2 -60.47
867.36 -60.13
867.52 -60.26
867.68 -60.33
867.84 -60.01
868.0 -59.79
868.16 -59.86
868.32 -59.76
868.48 -59.8
868.64 -59.89
868.8 -59.85
868.96 -59.77
869.12 -59.89
869.28 -59.85
869.44 -59.85
869.6 -59.98
869.76 -60.01
869.92 -60.07
870.08 -60.1
870.24 -60.23
870.4 -60.05
870.56 -60.07
870.72 -60.13
870.88 -60.52
871.04 -60.25
871.2 -60.51
871.36 -60.48
871.52 -60.3
871.68 -60.37
871.84 -60.34
872.0 -60.53
872.16 -60.33
872.32 -60.27
872.48 -60.37
872.64 -60.1
872.8 -60.22
872.96 -60.38
873.12 -60.15
873.28 -60.14
873.44 -59.98
873.6 -60.17
873.76 -59.9
873.92 -60.45
874.08 -60.1
874.24 -60.03
874.4 -60.03
874.56 -59.94
874.72 -59.94
874.88 -59.95
875.04 -59.77
875.2 -59.99
875.36 -59.96
875.52 -59.85
875.68 -59.99
875.84 -59.92
876.0 -59.71
876.16 -59.58
876.32 -59.73
876.48 -59.8
876.64 -59.84
876.8 -59.92
876.96 -59.91
877.12 -59.99
877.28 -59.82
877.44 -59.9
877.6 -59.96
877.76 -60.15
877.92 -60.05
878.08 -60.28
878.24 -60.16
878.4 -60.19
878.56 -60.13
878.72 -60.22
878.88 -60.38
879.04 -60.03
879.2 -59.96
879.36 -59.97
879.52 -60.19
879.68 -60.03
879.84 -59.9
880.0 -59.98
880.16 -59.87
880.32 -59.63
880.48 -59.45
880.64 -59.58
880.8 -59.67
880.96 -59.39
881.12 -59.36
881.28 -59.52
881.44 -59.4
881.6 -59.47
881.76 -59.58
881.92 -59.54
882.08 -59.56
882.24 -59.42
882.4 -59.51
882.56 -59.44
882.72 -59.32
882.88 -59.57
883.04 -59.69
883.2 -59.69
883.36 -59.54
883.52 -59.56
883.68 -59.7
883.84 -59.63
884.0 -59.73
884.16 -59.69
884.32 -59.61
884.48 -59.63
884.64 -59.67
884.8 -59.4
884.96 -59.76
885.12 -59.73
885.28 -59.5
885.44 -59.46
885.6 -59.5
885.76 -59.45
885.92 -59.15
886.08 -59.14
886.24 -59.1
886.4 -59.15
886.56 -59.28
886.72 -59.23
886.88 -59.23
887.04 -59.13
887.2 -59.07
887.36 -59.32
887.52 -59.4
887.68 -59.44
887.84 -59.26
888.0 -59.16
888.16 -59.58
888.32 -59.39
888.48 -59.61
888.64 -59.52
888.8 -59.39
888.96 -59.52
889.12 -59.43
889.28 -59.52
889.44 -59.49
889.6 -59.5
889.76 -59.58
889.92 -59.34
890.08 -59.26
890.24 -59.28
890.4 -59.41
890.56 -59.47
890.72 -59.18
890.88 -59.13
891.04 -59.26
891.2 -59.2
891.36 -59.05
891.52 -58.99
891.68 -59.11
891.84 -58.92
892.0 -59.07
892.16 -59.02
892.32 -59.06
892.48 -58.99
892.64 -59.07
892.8 -59.05
892.96 -59.01
893.12 -58.99
893.28 -59.39
893.44 -59.07
893.6 -59.19
893.76 -59.27
893.92 -59.13
894.08 -59.27
894.24 -59.31
894.4 -59.33
894.56 -59.3
894.72 -59.38
894.88 -59.23
895.04 -59.29
895.2 -59.44
895.36 -59.09
895.52 -59.26
895.68 -59.07
895.84 -59.21
896.0 -59.02
896.16 -59.12
896.32 -59.06
896.48 -58.83
896.64 -58.76
896.8 -58.74
896.96 -58.76
897.12 -58.82
897.28 -58.76
897.44 -58.83
897.6 -58.52
897.76 -58.51
897.92 -58.93
898.08 -58.76
898.24 -58.44
898.4 -58.65
898.56 -58.66
898.72 -58.93
898.88 -58.76
899.04 -58.92
899.2 -58.74
899.36 -58.87
899.52 -58.85
899.68 -58.97
899.84 -59.06
900.0 -58.67
