740.0 -60.39
740.16 -60.32
740.32 -60.66
740.48 -60.54
740.64 -60.11
740.8 -60.45
740.96 -60.58
741.12 -60.39
741.28 -60.41
741.44 -60.56
741.6 -60.42
741.76 -60.45
741.92 -60.46
742.08 -60.37
742.24 -60.49
742.4 -60.51
742.56 -60.72
742.72 -60.1
742.88 -60.35
743.04 -60.62
743.2 -60.48
743.36 -60.48
743.52 -60.47
743.68 -60.69
743.84 -60.43
744.0 -60.36
744.16 -60.49
744.32 -60.29
744.48 -60.6
744.64 -60.55
744.8 -60.46
744.96 -60.62
745.12 -60.68
745.28 -60.62
745.44 -60.24
745.6 -60.38
745.76 -60.52
745.92 -60.52
746.08 -60.15
746.24 -60.87
746.4 -60.63
746.56 -60.16
746.72 -60.44
746.88 -60.34
747.04 -60.32
747.2 -60.16
747.36 -60.59
747.52 -60.21
747.68 -60.59
747.84 -60.5
748.0 -60.44
748.16 -60.3
748.32 -60.61
748.48 -60.4
748.64 -60.57
748.8 -60.29
748.96 -60.34
749.12 -60.34
749.28 -60.41
749.44 -60.7
749.6 -60.46
749.76 -60.27
749.92 -60.53
750.08 -60.65
750.24 -60.27
750.4 -60.09
750.56 -60.59
750.72 -60.32
750.88 -60.57
751.04 -60.4
751.2 -60.52
751.36 -60.58
751.52 -60.43
751.68 -60.62
751.84 -60.6
752.0 -60.18
752.16 -60.49
752.32 -60.55
752.48 -60.37
752.64 -60.33
752.8 -60.19
752.96 -60.4
753.12 -60.59
753.28 -60.49
753.44 -60.2
753.6 -60.57
753.76 -60.23
753.92 -60.48
754.08 -60.32
754.24 -60.14
754.4 -60.41
754.56 -60.66
754.72 -60.02
754.88 -60.15
755.04 -60.29
755.2 -60.37
755.36 -60.5
755.52 -60.2
755.68 -60.22
755.84 -60.7
756.0 -60.26
756.16 -60.56
756.32 -59.94
756.48 -60.23
756.64 -60.33
756.8 -60.24
756.96 -60.21
757.12 -60.21
757.28 -60.15
757.44 -60.28
757.6 -60.32
757.76 -59.99
757.92 -60.11
758.08 -60.11
758.24 -60.05
758.4 -60.28
758.56 -60.31
758.72 -60.44
758.88 -60.2
759.04 -60.13
759.2 -60.0
759.36 -60.16
759.52 -60.28
759.68 -60.03
759.84 -60.31
760.0 -60.14
760.16 -60.15
760.32 -60.28
760.48 -60.26
760.64 -60.24
760.8 -60.02
760.96 -60.29
761.12 -60.28
761.28 -60.22
761.44 -60.23
761.6 -60.23
761.76 -60.12
761.92 -60.04
762.08 -59.95
762.24 -60.09
762.4 -60.12
762.56 -59.78
762.72 -60.26
762.88 -59.83
763.04 -59.93
763.2 -60.12
763.36 -59.97
763.52 -60.07
763.68 -59.93
763.84 -60.2
764.0 -60.15
764.16 -60.08
764.32 -59.77
764.48 -59.73
764.64 -60.12
764.8 -59.73
764.96 -59.92
765.12 -59.84
765.28 -59.64
765.44 -60.08
765.6 -59.76
765.76 -60.03
765.92 -60.03
766.08 -59.83
766.24 -60.11
766.4 -59.9
766.56 -59.62
766.72 -60.0
766.88 -59.97
767.04 -59.76
767.2 -59.99
767.36 -60.1
767.52 -60.14
767.68 -59.72
767.84 -60.1
768.0 -59.96
768.16 -59.89
768.32 -59.76
768.48 -59.71
768.64 -60.05
768.8 -59.84
768.96 -59.67
769.12 -59.56
769.28 -59.8
769.44 -59.65
769.6 -60.05
769.76 -59.6
769.92 -59.74
770.08 -59.82
770.24 -59.65
770.4 -59.97
770.56 -59.74
770.72 -59.92
770.88 -59.62
771.04 -59.72
771.2 -59.84
771.36 -59.83
771.52 -59.88
771.68 -59.54
771.84 -59.96
772.0 -60.04
772.16 -59.67
772.32 -59.55
772.48 -60.0
772.64 -59.77
772.8 -59.97
772.96 -59.61
773.12 -59.44
773.28 -59.69
773.44 -59.72
773.6 -59.7
773.76 -59.55
773.92 -59.67
774.08 -60.04
774.24 -60.03
774.4 -59.85
774.56 -59.7
774.72 -59.69
774.88 -60.11
775.04 -59.85
775.2 -60.03
775.36 -59.7
775.52 -59.57
775.68 -59.73
775.84 -59.9
776.0 -60.06
776.16 -59.71
776.32 -59.77
776.48 -59.71
776.64 -59.79
776.8 -59.63
776.96 -59.53
777.12 -59.53
777.28 -59.54
777.44 -60.09
777.6 -59.81
777.76 -59.56
777.92 -59.74
778.08 -59.53
778.24 -59.79
778.4 -59.8
778.56 -59.64
778.72 -59.5
778.88 -59.6
779.04 -59.63
779.2 -59.75
779.36 -59.86
779.52 -59.56
779.68 -59.54
779.84 -60.1
780.0 -59.75
780.16 -59.61
780.32 -59.34
780.48 -59.68
780.64 -59.52
780.8 -59.75
780.96 -59.86
781.12 -59.35
781.28 -59.27
781.44 -59.87
781.6 -59.69
781.76 -59.42
781.92 -59.32
782.08 -59.52
782.24 -59.72
782.4 -60.13
782.56 -59.52
782.72 -59.66
782.88 -59.37
783.04 -59.81
783.2 -59.8
783.36 -59.48
783.52 -59.36
783.68 -59.23
783.84 -59.45
784.0 -59.89
784.16 -59.75
784.32 -59.61
784.48 -59.37
784.64 -59.75
784.8 -59.51
784.96 -59.69
785.12 -59.54
785.28 -59.74
785.44 -59.64
785.6 -60.02
785.76 -59.83
785.92 -59.69
786.08 -59.21
786.24 -59.46
786.4 -59.85
786.56 -60.2
786.72 -59.8
786.88 -59.31
787.04 -59.37
787.2 -59.76
787.36 -59.76
787.52 -59.82
787.68 -59.69
787.84 -58.9
788.0 -59.42
788.16 -60.05
788.32 -59.62
788.48 -59.27
788.64 -59.51
788.8 -59.31
788.96 -59.68
789.12 -59.68
789.28 -59.43
789.44 -59.47
789.6 -59.35
789.76 -59.85
789.92 -59.72
790.08 -59.39
790.24 -59.19
790.4 -59.19
790.56 -59.42
790.72 -59.68
790.88 -59.6
791.04 -58.97
791.2 -59.15
791.36 -59.6
791.52 -59.84
791.68 -59.58
791.84 -58.91
792.0 -59.09
792.16 -59.52
792.32 -59.6
792.48 -59.47
792.64 -59.4
792.8 -59.13
792.96 -59.51
793.12 -59.62
793.28 -59.62
793.44 -59.23
793.6 -59.01
793.76 -59.21
793.92 -59.47
794.08 -59.84
794.24 -59.19
794.4 -59.19
794.56 -59.0
794.72 -59.63
794.88 -59.7
795.04 -59.6
795.2 -59.16
795.36 -59.01
795.52 -58.92
795.68 -59.59
795.84 -59.77
796.0 -59.55
796.16 -59.16
796.32 -58.91
796.48 -59.35
796.64 -59.36
796.8 -59.54
796.96 -58.87
797.12 -59.06
797.28 -59.24
797.44 -59.69
797.6 -59.51
797.76 -59.03
797.92 -59.0
798.08 -59.01
798.24 -59.29
798.4 -59.18
798.56 -58.98
798.72 -59.03
798.88 -58.72
799.04 -59.37
799.2 -59.6
799.36 -59.25
799.52 -59.01
799.68 -58.53
799.84 -58.89
800.0 -59.16
800.16 -59.17
800.32 -59.27
800.48 -58.82
800.64 -58.97
800.8 -59.08
800.96 -59.81
801.12 -59.23
801.28 -59.13
801.44 -58.66
801.6 -58.79
801.76 -59.22
801.92 -59.31
802.08 -59.47
802.24 -58.68
802.4 -58.89
802.56 -59.32
802.72 -59.6
802.88 -59.15
803.04 -58.74
803.2 -58.72
803.36 -59.09
803.52 -59.1
803.68 -59.18
803.84 -58.96
804.0 -58.74
804.16 -58.76
804.32 -59.11
804.48 -59.13
804.64 -58.85
804.8 -58.67
804.96 -58.73
805.12 -58.73
805.28 -58.88
805.44 -59.03
805.6 -58.48
805.76 -58.29
805.92 -58.56
806.08 -58.56
806.24 -58.37
806.4 -57.53
806.56 -56.69
806.72 -56.26
806.88 -55.62
807.04 -54.78
807.2 -53.06
807.36 -51.22
807.52 -50.17
807.68 -49.48
807.84 -49.12
808.0 -48.97
808.16 -48.93
808.32 -48.96
808.48 -49.28
808.64 -49.72
808.8 -50.25
808.96 -51.26
809.12 -52.45
809.28 -54.5
809.44 -56.93
809.6 -58.15
809.76 -58.3
809.92 -58.01
810.08 -58.24
810.24 -58.56
810.4 -59.05
810.56 -59.03
810.72 -58.69
810.88 -58.48
811.04 -58.86
811.2 -59.24
811.36 -59.1
811.52 -58.74
811.68 -58.75
811.84 -58.76
812.0 -58.63
812.16 -59.13
812.32 -59.02
812.48 -58.93
812.64 -58.82
812.8 -58.58
812.96 -58.77
813.12 -59.17
813.28 -59.37
813.44 -58.82
813.6 -58.58
813.76 -58.39
813.92 -58.78
814.08 -59.43
814.24 -59.03
814.4 -58.62
814.56 -58.66
814.72 -58.65
814.88 -58.95
815.04 -59.49
815.2 -58.78
815.36 -58.64
815.52 -58.6
815.68 -58.77
815.84 -59.28
816.0 -59.26
816.16 -58.8
816.32 -58.49
816.48 -58.66
816.64 -58.69
816.8 -59.23
816.96 -59.38
817.12 -58.77
817.28 -58.66
817.44 -58.72
817.6 -58.88
817.76 -59.15
817.92 -58.89
818.08 -58.57
818.24 -58.53
818.4 -58.86
818.56 -59.44
818.72 -59.31
818.88 -58.88
819.04 -58.47
819.2 -58.53
819.36 -58.94
819.52 -59.08
819.68 -59.2
819.84 -58.84
820.0 -58.6
820.16 -58.87
820.32 -59.14
820.48 -59.2
820.64 -58.92
820.8 -58.67
820.96 -58.4
821.12 -58.68
821.28 -58.97
821.44 -59.04
821.6 -58.87
821.76 -58.74
821.92 -58.56
822.08 -58.71
822.24 -59.05
822.4 -59.15
822.56 -58.87
822.72 -58.71
822.88 -58.47
823.04 -58.79
823.2 -59.18
823.36 -59.13
823.52 -58.7
823.68 -58.63
823.84 -58.81
824.0 -59.14
824.16 -59.21
824.32 -58.89
824.48 -58.81
824.64 -58.54
824.8 -58.82
824.96 -59.14
825.12 -59.1
825.28 -58.8
825.44 -58.69
825.6 -58.78
825.76 -58.9
825.92 -59.21
826.08 -59.1
826.24 -58.68
826.4 -58.36
826.56 -58.74
826.72 -58.94
826.88 -59.11
827.04 -58.76
827.2 -58.6
827.36 -58.58
827.52 -58.51
827.68 -58.74
827.84 -58.93
828.0 -58.75
828.16 -58.58
828.32 -58.44
828.48 -58.52
828.64 -58.67
828.8 -58.95
828.96 -58.89
829.12 -58.33
829.28 -58.21
829.44 -58.46
829.6 -58.87
829.76 -58.78
829.92 -58.53
830.08 -58.34
830.24 -58.21
830.4 -58.69
830.56 -59.02
830.72 -58.76
830.88 -58.43
831.04 -58.32
831.2 -58.19
831.36 -58.49
831.52 -58.8
831.68 -58.72
831.84 -58.44
832.0 -58.22
832.16 -58.41
832.32 -58.65
832.48 -58.74
832.64 -58.64
832.8 -58.11
832.96 -58.02
833.12 -58.41
833.28 -58.56
833.44 -58.48
833.6 -58.52
833.76 -58.26
833.92 -58.04
834.08 -57.98
834.24 -58.42
834.4 -58.54
834.56 -58.21
834.72 -58.18
834.88 -57.81
835.04 -58.02
835.2 -58.33
835.36 -58.39
835.52 -58.22
835.68 -57.74
835.84 -57.93
836.0 -57.96
836.16 -58.33
836.32 -58.44
836.48 -58.2
836.64 -57.99
836.8 -58.02
836.96 -57.96
837.12 -58.47
837.28 -58.39
837.44 -58.42
837.6 -58.28
837.76 -57.98
837.92 -58.23
838.08 -58.38
838.24 -58.42
838.4 -58.39
838.56 -58.36
838.72 -58.16
838.88 -58.16
839.04 -58.29
839.2 -58.57
839.36 -58.49
839.52 -58.43
839.68 -58.2
839.84 -58.22
840.0 -58.43
840.16 -58.6
840.32 -58.6
840.48 -58.34
840.64 -58.29
840.8 -58.27
840.96 -58.51
841.12 -58.57
841.28 -58.56
841.44 -58.29
841.6 -58.2
841.76 -58.14
841.92 -58.66
842.08 -58.42
842.24 -58.7
842.4 -58.5
842.56 -58.33
842.72 -58.05
842.88 -58.36
843.04 -58.45
843.2 -58.53
843.36 -58.51
843.52 -58.17
843.68 -58.4
843.84 -58.4
844.0 -58.62
844.16 -58.67
844.32 -58.58
844.48 -58.3
844.64 -58.11
844.8 -58.26
844.96 -58.47
845.12 -58.9
845.28 -58.48
845.44 -58.43
845.6 -58.13
845.76 -58.27
845.92 -58.34
846.08 -58.61
846.24 -58.52
846.4 -58.28
846.56 -58.27
846.72 -58.19
846.88 -58.16
847.04 -58.41
847.2 -58.45
847.36 -58.41
847.52 -58.36
847.68 -58.13
847.84 -58.3
848.0 -58.47
848.16 -58.56
848.32 -58.32
848.48 -58.3
848.64 -58.11
848.8 -58.12
848.96 -58.34
849.12 -58.4
849.28 -58.37
849.44 -58.25
849.6 -57.92
849.76 -58.09
849.92 -58.22
850.08 -58.34
850.24 -58.55
850.4 -58.41
850.56 -58.13
850.72 -58.27
850.88 -58.24
851.04 -58.56
851.2 -58.56
851.36 -58.52
851.52 -58.43
851.68 -58.08
851.84 -58.22
852.0 -58.36
852.16 -58.28
852.32 -58.37
852.48 -58.1
852.64 -58.06
852.8 -58.01
852.96 -58.27
853.12 -58.45
853.28 -58.46
853.44 -58.34
853.6 -58.1
853.76 -58.1
853.92 -58.34
854.08 -58.5
854.24 -58.38
854.4 -58.42
854.56 -58.13
854.72 -58.0
854.88 -58.17
855.04 -58.26
855.2 -58.39
855.36 -58.32
855.52 -58.14
855.68 -58.0
855.84 -58.0
856.0 -58.23
856.16 -58.32
856.32 -58.49
856.48 -58.21
856.64 -58.28
856.8 -58.21
856.96 -58.24
857.12 -58.34
857.28 -58.49
857.44 -58.35
857.6 -58.24
857.76 -58.05
857.92 -58.06
858.08 -58.1
858.24 -58.21
858.4 -58.48
858.56 -58.36
858.72 -58.34
858.88 -58.06
859.04 -57.86
859.2 -58.24
859.36 -58.4
859.52 -58.42
859.68 -58.29
859.84 -58.19
860.0 -58.09
860.16 -57.97
860.32 -58.19
860.48 -58.46
860.64 -58.28
860.8 -58.1
860.96 -57.89
861.12 -57.95
861.28 -58.28
861.44 -58.33
861.6 -58.42
861.76 -58.25
861.92 -58.2
862.08 -58.11
862.24 -58.0
862.4 -58.32
862.56 -58.42
862.72 -58.52
862.88 -58.35
863.04 -58.12
863.2 -57.93
863.36 -58.28
863.52 -58.2
863.68 -58.38
863.84 -58.39
864.0 -58.05
864.16 -57.94
864.32 -57.8
864.48 -58.13
864.64 -58.27
864.8 -58.22
864.96 -58.0
865.12 -57.79
865.28 -57.83
865.44 -58.04
865.6 -58.41
865.76 -58.34
865.92 -58.2
866.08 -58.03
866.24 -57.9
866.4 -57.95
866.56 -58.17
866.72 -58.22
866.88 -58.23
867.04 -58.18
867.2 -57.93
867.36 -57.93
867.52 -57.89
867.68 -57.9
867.84 -58.23
868.0 -58.05
868.16 -57.84
868.32 -57.79
868.48 -58.0
868.64 -57.83
868.8 -58.23
868.96 -57.94
869.12 -58.15
869.28 -57.97
869.44 -57.54
869.6 -57.78
869.76 -57.81
869.92 -58.0
870.08 -58.16
870.24 -58.13
870.4 -57.94
870.56 -57.59
870.72 -57.94
870.88 -57.95
871.04 -58.07
871.2 -58.27
871.36 -57.91
871.52 -57.7
871.68 -57.74
871.84 -57.84
872.0 -57.68
872.16 -57.74
872.32 -57.89
872.48 -57.93
872.64 -57.62
872.8 -57.67
872.96 -57.49
873.12 -57.82
873.28 -57.99
873.44 -57.88
873.6 -57.84
873.76 -57.66
873.92 -57.52
874.08 -57.52
874.24 -57.97
874.4 -57.96
874.56 -58.08
874.72 -57.82
874.88 -57.72
875.04 -57.59
875.2 -57.63
875.36 -57.83
875.52 -57.8
875.68 -57.92
875.84 -57.57
876.0 -57.44
876.16 -57.6
876.32 -57.61
876.48 -57.82
876.64 -57.7
876.8 -57.83
876.96 -57.66
877.12 -57.64
877.28 -57.5
877.44 -57.48
877.6 -57.54
877.76 -57.65
877.92 -57.68
878.08 -57.64
878.24 -57.47
878.4 -57.46
878.56 -57.47
878.72 -57.65
878.88 -57.76
879.04 -57.72
879.2 -57.41
879.36 -57.41
879.52 -57.49
879.68 -57.65
879.84 -57.76
880.0 -57.69
880.16 -57.56
880.32 -57.58
880.48 -57.54
880.64 -57.36
880.8 -57.62
880.96 -57.57
881.12 -57.71
881.28 -57.84
881.44 -57.56
881.6 -57.41
881.76 -57.31
881.92 -57.39
882.08 -57.68
882.24 -57.74
882.4 -57.63
882.56 -57.54
882.72 -57.44
882.88 -57.31
883.04 -57.26
883.2 -57.56
883.36 -57.52
883.52 -57.51
883.68 -57.46
883.84 -57.31
884.0 -57.36
884.16 -57.44
884.32 -57.72
884.48 -57.61
884.64 -57.81
884.8 -57.66
884.96 -57.47
885.12 -57.34
885.28 -57.27
885.44 -57.49
885.6 -57.61
885.76 -57.64
885.92 -57.54
886.08 -57.21
886.24 -57.28
886.4 -57.2
886.56 -57.17
886.72 -57.54
886.88 -57.45
887.04 -57.47
887.2 -57.33
887.36 -57.42
887.52 -57.32
887.68 -57.37
887.84 -57.41
888.0 -57.34
888.16 -57.48
888.32 -57.32
888.48 -57.23
888.64 -57.14
888.8 -57.19
888.96 -57.3
889.12 -57.31
889.28 -57.47
889.44 -57.44
889.6 -57.3
889.76 -57.26
889.92 -57.19
890.08 -57.37
890.24 -57.4
890.4 -57.5
890.56 -57.46
890.72 -57.54
890.88 -57.36
891.04 -57.15
891.2 -57.22
891.36 -57.16
891.52 -57.31
891.68 -57.44
891.84 -57.35
892.0 -57.25
892.16 -57.06
892.32 -57.07
892.48 -57.18
892.64 -57.38
892.8 -57.25
892.96 -57.22
893.12 -57.28
893.28 -57.27
893.44 -57.18
893.6 -57.34
893.76 -57.3
893.92 -57.55
894.08 -57.34
894.24 -57.45
894.4 -57.32
894.56 -57.35
894.72 -57.34
894.88 -57.26
895.04 -57.29
895.2 -57.37
895.36 -57.46
895.52 -57.46
895.68 -57.25
895.84 -57.21
896.0 -57.18
896.16 -57.2
896.32 -57.15
896.48 -57.21
896.64 -57.22
896.8 -57.23
896.96 -57.13
897.12 -57.08
897.28 -57.11
897.44 -57.31
897.6 -57.23
897.76 -57.28
897.92 -57.17
898.08 -57.13
898.24 -57.0
898.4 -57.03
898.56 -57.12
898.72 -57.16
898.88 -57.24
899.04 -57.03
899.2 -57.04
899.36 -57.09
899.52 -56.97
899.68 -56.79
899.84 -57.17
900.0 -57.16
