740.0 -60.44
740.16 -60.25
740.32 -60.29
740.48 -60.28
740.64 -60.38
740.8 -60.3
740.96 -60.43
741.12 -59.9
741.28 -60.28
741.44 -60.11
741.6 -60.42
741.76 -60.35
741.92 -60.34
742.08 -60.19
742.24 -59.97
742.4 -60.32
742.56 -60.34
742.72 -60.28
742.88 -60.15
743.04 -60.24
743.2 -60.53
743.36 -60.3
743.52 -60.3
743.68 -60.27
743.84 -60.11
744.0 -60.26
744.16 -60.19
744.32 -60.4
744.48 -60.38
744.64 -60.31
744.8 -60.2
744.96 -60.08
745.12 -60.25
745.28 -60.31
745.44 -60.13
745.6 -60.17
745.76 -60.51
745.92 -60.41
746.08 -60.14
746.24 -60.03
746.4 -60.58
746.56 -60.4
746.72 -60.55
746.88 -60.09
747.04 -60.46
747.2 -60.3
747.36 -60.65
747.52 -60.18
747.68 -60.03
747.84 -60.3
748.0 -60.09
748.16 -60.36
748.32 -60.07
748.48 -60.33
748.64 -60.41
748.8 -60.3
748.96 -60.02
749.12 -59.89
749.28 -60.03
749.44 -60.28
749.6 -60.07
749.76 -60.66
749.92 -60.32
750.08 -60.3
750.24 -60.2
750.4 -60.2
750.56 -60.21
750.72 -60.07
750.88 -59.97
751.04 -59.93
751.2 -60.12
751.36 -60.23
751.52 -60.23
751.68 -60.16
751.84 -60.22
752.0 -60.1
752.16 -60.11
752.32 -60.18
752.48 -59.94
752.64 -60.07
752.8 -60.19
752.96 -60.24
753.12 -60.28
753.28 -59.88
753.44 -60.1
753.6 -60.11
753.76 -60.1
753.92 -59.9
754.08 -60.29
754.24 -60.27
754.4 -60.14
754.56 -60.25
754.72 -59.85
754.88 -60.05
755.04 -59.88
755.2 -59.96
755.36 -59.94
755.52 -60.07
755.68 -60.34
755.84 -60.19
756.0 -59.7
756.16 -59.94
756.32 -59.97
756.48 -59.76
756.64 -59.89
756.8 -60.05
756.96 -60.12
757.12 -59.91
757.28 -60.01
757.44 -59.71
757.6 -60.03
757.76 -59.77
757.92 -59.87
758.08 -59.56
758.24 -59.73
758.4 -60.13
758.56 -60.1
758.72 -59.9
758.88 -60.06
759.04 -59.77
759.2 -59.6
759.36 -59.66
759.52 -59.77
759.68 -59.52
759.84 -59.97
760.0 -60.1
760.16 -60.05
760.32 -60.17
760.48 -60.16
760.64 -59.69
760.8 -59.65
760.96 -59.93
761.12 -59.68
761.28 -59.68
761.44 -60.07
761.6 -60.08
761.76 -59.93
761.92 -59.8
762.08 -60.09
762.24 -59.92
762.4 -59.47
762.56 -59.98
762.72 -60.02
762.88 -59.97
763.04 -60.07
763.2 -59.81
763.36 -59.76
763.52 -60.16
763.68 -60.05
763.84 -59.67
764.0 -59.8
764.16 -59.89
764.32 -59.79
764.48 -59.72
764.64 -59.9
764.8 -59.94
764.96 -59.93
765.12 -59.65
765.28 -59.84
765.44 -59.57
765.6 -59.61
765.76 -59.64
765.92 -59.76
766.08 -60.05
766.24 -59.96
766.4 -59.81
766.56 -59.72
766.72 -59.67
766.88 -59.62
767.04 -59.34
767.2 -59.34
767.36 -59.49
767.52 -59.76
767.68 -59.77
767.84 -59.92
768.0 -60.09
768.16 -59.76
768.32 -59.53
768.48 -59.47
768.64 -59.71
768.8 -59.43
768.96 -59.64
769.12 -59.9
769.28 -59.76
769.44 -59.81
769.6 -59.68
769.76 -59.57
769.92 -59.74
770.08 -59.57
770.24 -59.31
770.4 -59.29
770.56 -59.78
770.72 -59.86
770.88 -59.69
771.04 -60.08
771.2 -59.79
771.36 -59.75
771.52 -59.4
771.68 -59.5
771.84 -59.33
772.0 -59.37
772.16 -59.67
772.32 -59.78
772.48 -59.76
772.64 -59.92
772.8 -59.47
772.96 -59.43
773.12 -59.39
773.28 -59.33
773.44 -59.24
773.6 -59.5
773.76 -59.55
773.92 -59.22
774.08 -59.69
774.24 -59.76
774.4 -59.87
774.56 -59.41
774.72 -59.46
774.88 -59.13
775.04 -59.43
775.2 -59.49
775.36 -59.53
775.52 -59.83
775.68 -59.66
775.84 -59.69
776.0 -59.47
776.16 -59.5
776.32 -59.38
776.48 -59.24
776.64 -59.1
776.8 -59.55
776.96 -59.3
777.12 -59.42
777.28 -59.89
777.44 -59.68
777.6 -59.61
777.76 -59.58
777.92 -59.15
778.08 -58.78
778.24 -59.11
778.4 -59.26
778.56 -59.46
778.72 -60.01
778.88 -60.03
779.04 -59.89
779.2 -59.31
779.36 -59.3
779.52 -59.43
779.68 -58.9
779.84 -59.04
780.0 -59.33
780.16 -59.59
780.32 -59.88
780.48 -59.73
780.64 -59.84
780.8 -59.62
780.96 -59.25
781.12 -58.95
781.28 -59.19
781.44 -59.18
781.6 -59.28
781.76 -59.6
781.92 -59.94
782.08 -59.86
782.24 -59.66
782.4 -59.47
782.56 -59.39
782.72 -59.08
782.88 -58.95
783.04 -58.93
783.2 -58.96
783.36 -59.23
783.52 -59.93
783.68 -59.88
783.84 -59.74
784.0 -59.38
784.16 -59.37
784.32 -58.93
784.48 -58.96
784.64 -58.72
784.8 -59.11
784.96 -59.45
785.12 -59.4
785.28 -59.81
785.44 -59.64
785.6 -59.49
785.76 -59.32
785.92 -58.77
786.08 -58.78
786.24 -58.67
786.4 -58.91
786.56 -59.23
786.72 -59.51
786.88 -59.55
787.04 -59.64
787.2 -59.48
787.36 -59.22
787.52 -59.14
787.68 -58.79
787.84 -58.77
788.0 -58.98
788.16 -59.02
788.32 -59.35
788.48 -59.54
788.64 -59.54
788.8 -59.65
788.96 -59.24
789.12 -59.26
789.28 -58.77
789.44 -58.79
789.6 -58.74
789.76 -59.03
789.92 -59.3
790.08 -59.87
790.24 -59.57
790.4 -59.64
790.56 -59.65
790.72 -58.94
790.88 -58.82
791.04 -58.74
791.2 -58.95
791.36 -58.9
791.52 -59.31
791.68 -59.91
791.84 -59.63
792.0 -59.6
792.16 -59.38
792.32 -59.02
792.48 -58.76
792.64 -58.5
792.8 -58.86
792.96 -58.94
793.12 -59.12
793.28 -59.65
793.44 -59.51
793.6 -59.73
793.76 -59.4
793.92 -59.2
794.08 -58.69
794.24 -58.83
794.4 -58.61
794.56 -58.9
794.72 -59.29
794.88 -59.61
795.04 -59.56
795.2 -59.69
795.36 -59.28
795.52 -58.94
795.68 -58.99
795.84 -58.56
796.0 -58.41
796.16 -58.76
796.32 -59.07
796.48 -59.36
796.64 -59.58
796.8 -59.82
796.96 -59.56
797.12 -59.2
797.28 -58.98
797.44 -58.51
797.6 -58.64
797.76 -58.72
797.92 -58.57
798.08 -59.14
798.24 -59.37
798.4 -59.36
798.56 -59.5
798.72 -59.02
798.88 -59.05
799.04 -58.47
799.2 -58.65
799.36 -58.55
799.52 -58.75
799.68 -58.76
799.84 -59.1
800.0 -59.28
800.16 -59.6
800.32 -59.29
800.48 -58.96
800.64 -58.73
800.8 -58.54
800.96 -58.25
801.12 -58.23
801.28 -58.5
801.44 -59.19
801.6 -59.37
801.76 -59.41
801.92 -59.18
802.08 -58.98
802.24 -58.84
802.4 -58.48
802.56 -58.27
802.72 -58.31
802.88 -58.5
803.04 -58.69
803.2 -58.99
803.36 -59.27
803.52 -59.21
803.68 -59.45
803.84 -58.75
804.0 -58.63
804.16 -58.18
804.32 -58.16
804.48 -58.07
804.64 -58.49
804.8 -58.9
804.96 -58.87
805.12 -59.07
805.28 -58.96
805.44 -59.03
805.6 -58.61
805.76 -58.18
805.92 -57.86
806.08 -57.64
806.24 -57.58
806.4 -57.3
806.56 -56.94
806.72 -56.27
806.88 -55.32
807.04 -54.04
807.2 -52.56
807.36 -50.84
807.52 -49.71
807.68 -48.58
807.84 -48.06
808.0 -48.07
808.16 -48.54
808.32 -49.19
808.48 -49.56
808.64 -49.5
808.8 -49.52
808.96 -50.34
809.12 -51.67
809.28 -54.13
809.44 -56.28
809.6 -57.07
809.76 -57.88
809.92 -58.29
810.08 -58.56
810.24 -59.03
810.4 -58.83
810.56 -58.93
810.72 -58.55
810.88 -58.2
811.04 -58.08
811.2 -58.07
811.36 -58.21
811.52 -58.39
811.68 -58.96
811.84 -58.84
812.0 -59.01
812.16 -58.93
812.32 -58.81
812.48 -58.59
812.64 -58.3
812.8 -58.25
812.96 -58.22
813.12 -58.17
813.28 -58.46
813.44 -58.71
813.6 -59.06
813.76 -59.24
813.92 -59.31
814.08 -58.96
814.24 -58.81
814.4 -58.42
814.56 -58.23
814.72 -58.37
814.88 -58.49
815.04 -58.43
815.2 -58.63
815.36 -59.3
815.52 -59.15
815.68 -59.17
815.84 -58.91
816.0 -58.68
816.16 -58.31
816.32 -58.38
816.48 -58.28
816.64 -58.3
816.8 -58.46
816.96 -58.67
817.12 -58.86
817.28 -59.09
817.44 -59.15
817.6 -58.88
817.76 -58.58
817.92 -58.36
818.08 -58.13
818.24 -58.1
818.4 -58.16
818.56 -58.26
818.72 -58.58
818.88 -58.77
819.04 -58.82
819.2 -58.83
819.36 -58.68
819.52 -58.57
819.68 -58.12
819.84 -58.02
820.0 -58.1
820.16 -58.1
820.32 -58.23
820.48 -58.41
820.64 -58.61
820.8 -58.76
820.96 -58.6
821.12 -58.6
821.28 -58.47
821.44 -58.05
821.6 -57.91
821.76 -57.89
821.92 -58.14
822.08 -58.43
822.24 -58.54
822.4 -58.64
822.56 -58.58
822.72 -58.89
822.88 -58.65
823.04 -58.37
823.2 -58.2
823.36 -58.04
823.52 -57.84
823.68 -57.98
823.84 -58.03
824.0 -58.47
824.16 -58.38
824.32 -58.88
824.48 -58.66
824.64 -58.47
824.8 -58.38
824.96 -58.09
825.12 -58.22
825.28 -57.9
825.44 -57.89
825.6 -58.07
825.76 -58.3
825.92 -58.34
826.08 -58.7
826.24 -58.68
826.4 -58.56
826.56 -58.35
826.72 -58.07
826.88 -57.94
827.04 -58.0
827.2 -58.06
827.36 -58.13
827.52 -58.11
827.68 -58.41
827.84 -58.38
828.0 -58.64
828.16 -58.37
828.32 -58.28
828.48 -58.07
828.64 -58.12
828.8 -57.77
828.96 -57.87
829.12 -57.89
829.28 -57.97
829.44 -58.23
829.6 -58.45
829.76 -58.31
829.92 -58.31
830.08 -58.12
830.24 -57.87
830.4 -57.8
830.56 -57.85
830.72 -57.59
830.88 -57.74
831.04 -57.98
831.2 -58.21
831.36 -58.19
831.52 -58.53
831.68 -58.49
831.84 -58.26
832.0 -58.05
832.16 -57.95
832.32 -57.7
832.48 -57.75
832.64 -57.88
832.8 -57.96
832.96 -58.06
833.12 -58.31
833.28 -58.15
833.44 -58.43
833.6 -58.35
833.76 -58.19
833.92 -57.8
834.08 -57.78
834.24 -57.47
834.4 -57.54
834.56 -57.56
834.72 -57.59
834.88 -57.78
835.04 -58.22
835.2 -58.24
835.36 -58.0
835.52 -57.77
835.68 -57.61
835.84 -57.49
836.0 -57.51
836.16 -57.46
836.32 -57.57
836.48 -57.66
836.64 -57.72
836.8 -57.97
836.96 -58.02
837.12 -57.92
837.28 -57.88
837.44 -57.91
837.6 -57.75
837.76 -57.57
837.92 -57.72
838.08 -57.73
838.24 -57.75
838.4 -58.0
838.56 -58.13
838.72 -58.31
838.88 -58.4
839.04 -58.19
839.2 -58.07
839.36 -57.98
839.52 -57.76
839.68 -57.78
839.84 -57.77
840.0 -57.74
840.16 -57.89
840.32 -58.14
840.48 -58.42
840.64 -58.31
840.8 -58.1
840.96 -57.99
841.12 -57.93
841.28 -57.81
841.44 -57.83
841.6 -57.77
841.76 -57.7
841.92 -57.92
842.08 -58.0
842.24 -58.02
842.4 -58.17
842.56 -58.03
842.72 -58.02
842.88 -57.82
843.04 -57.71
843.2 -57.51
843.36 -57.49
843.52 -57.53
843.68 -57.7
843.84 -57.95
844.0 -57.87
844.16 -58.09
844.32 -57.93
844.48 -58.15
844.64 -57.87
844.8 -57.57
844.96 -57.5
845.12 -57.56
845.28 -57.52
845.44 -57.81
845.6 -57.74
845.76 -57.97
845.92 -57.79
846.08 -58.09
846.24 -57.71
846.4 -57.72
846.56 -57.59
846.72 -57.42
846.88 -57.39
847.04 -57.64
847.2 -57.65
847.36 -57.74
847.52 -57.86
847.68 -58.15
847.84 -57.91
848.0 -57.91
848.16 -57.67
848.32 -57.65
848.48 -57.4
848.64 -57.52
848.8 -57.56
848.96 -57.56
849.12 -57.79
849.28 -57.79
849.44 -58.03
849.6 -57.96
849.76 -57.71
849.92 -57.85
850.08 -57.49
850.24 -57.38
850.4 -57.44
850.56 -57.55
850.72 -57.45
850.88 -57.79
851.04 -57.78
851.2 -57.83
851.36 -57.96
851.52 -57.75
851.68 -57.56
851.84 -57.6
852.0 -57.54
852.16 -57.35
852.32 -57.41
852.48 -57.43
852.64 -57.66
852.8 -57.83
852.96 -57.83
853.12 -57.76
853.28 -57.72
853.44 -57.79
853.6 -57.58
853.76 -57.35
853.92 -57.37
854.08 -57.51
854.24 -57.59
854.4 -57.78
854.56 -57.77
854.72 -57.8
854.88 -57.69
855.04 -57.45
855.2 -57.55
855.36 -57.4
855.52 -57.32
855.68 -57.27
855.84 -57.25
856.0 -57.46
856.16 -57.49
856.32 -57.72
856.48 -57.77
856.64 -57.62
856.8 -57.59
856.96 -57.59
857.12 -57.42
857.28 -57.35
857.44 -57.34
857.6 -57.29
857.76 -57.5
857.92 -57.51
858.08 -57.53
858.24 -57.68
858.4 -57.64
858.56 -57.65
858.72 -57.2
858.88 -57.11
859.04 -57.13
859.2 -57.27
859.36 -57.35
859.52 -57.25
859.68 -57.56
859.84 -57.54
860.0 -57.68
860.16 -57.46
860.32 -57.43
860.48 -57.42
860.64 -57.38
860.8 -57.02
860.96 -57.07
861.12 -57.15
861.28 -57.24
861.44 -57.47
861.6 -57.49
861.76 -57.57
861.92 -57.58
862.08 -57.73
862.24 -57.37
862.4 -57.4
862.56 -57.3
862.72 -57.33
862.88 -57.34
863.04 -57.41
863.2 -57.48
863.36 -57.41
863.52 -57.58
863.68 -57.69
863.84 -57.53
864.0 -57.38
864.16 -57.24
864.32 -57.48
864.48 -57.37
864.64 -57.2
864.8 -57.21
864.96 -57.31
865.12 -57.28
865.28 -57.56
865.44 -57.4
865.6 -57.61
865.76 -57.4
865.92 -57.36
866.08 -56.92
866.24 -57.26
866.4 -57.13
866.56 -57.18
866.72 -57.27
866.88 -57.35
867.04 -57.49
867.2 -57.48
867.36 -57.31
867.52 -57.33
867.68 -57.26
867.84 -57.11
868.0 -56.91
868.16 -57.18
868.32 -57.15
868.48 -57.35
868.64 -57.21
868.8 -57.39
868.96 -57.48
869.12 -57.41
869.28 -57.38
869.44 -57.06
869.6 -57.0
869.76 -57.07
869.92 -56.98
870.08 -57.26
870.24 -57.17
870.4 -57.26
870.56 -57.39
870.72 -57.3
870.88 -57.32
871.04 -57.33
871.2 -56.99
871.36 -57.05
871.52 -57.1
871.68 -56.98
871.84 -57.07
872.0 -57.33
872.16 -57.27
872.32 -57.23
872.48 -57.17
872.64 -57.05
872.8 -57.15
872.96 -56.95
873.12 -56.9
873.28 -57.19
873.44 -57.05
873.6 -57.23
873.76 -57.35
873.92 -57.18
874.08 -57.13
874.24 -57.15
874.4 -56.94
874.56 -56.78
874.72 -57.0
874.88 -56.94
875.04 -56.95
875.2 -57.03
875.36 -57.11
875.52 -57.12
875.68 -57.21
875.84 -57.12
876.0 -57.12
876.16 -56.84
876.32 -56.89
876.48 -56.69
876.64 -56.93
876.8 -56.95
876.96 -57.12
877.12 -57.03
877.28 -56.9
877.44 -57.21
877.6 -57.07
877.76 -57.11
877.92 -56.91
878.08 -56.7
878.24 -56.8
878.4 -56.82
878.56 -56.84
878.72 -56.92
878.88 -56.98
879.04 -57.05
879.2 -57.13
879.36 -56.84
879.52 -56.97
879.68 -56.82
879.84 -56.79
880.0 -56.82
880.16 -56.85
880.32 -56.79
880.48 -57.0
880.64 -56.94
880.8 -56.92
880.96 -57.05
881.12 -57.02
881.28 -56.91
881.44 -56.86
881.6 -56.79
881.76 -56.76
881.92 -56.85
882.08 -56.58
882.24 -56.85
882.4 -56.87
882.56 -56.96
882.72 -56.91
882.88 -56.89
883.04 -56.8
883.2 -56.82
883.36 -56.84
883.52 -56.69
883.68 -56.74
883.84 -56.67
884.0 -56.81
884.16 -57.0
884.32 -57.01
884.48 -57.01
884.64 -56.88
884.8 -56.87
884.96 -56.79
885.12 -56.6
885.28 -56.6
885.44 -56.69
885.6 -56.81
885.76 -56.82
885.92 -56.88
886.08 -56.8
886.24 -56.92
886.4 -57.01
886.56 -56.91
886.72 -56.65
886.88 -56.74
887.04 -56.71
887.2 -56.76
887.36 -56.77
887.52 -56.84
887.68 -56.93
887.84 -56.95
888.0 -56.84
888.16 -56.85
888.32 -56.84
888.48 -56.87
888.64 -56.83
888.8 -56.65
888.96 -56.64
889.12 -56.74
889.28 -56.7
889.44 -56.85
889.6 -56.84
889.76 -56.92
889.92 -56.76
890.08 -56.82
890.24 -56.76
890.4 -56.51
890.56 -56.66
890.72 -56.61
890.88 -56.71
891.04 -56.54
891.2 -56.78
891.36 -56.75
891.52 -56.76
891.68 -56.65
891.84 -56.64
892.0 -56.77
892.16 -56.68
892.32 -56.68
892.48 -56.57
892.64 -56.58
892.8 -56.6
892.96 -56.86
893.12 -56.74
893.28 -56.86
893.44 -56.72
893.6 -56.76
893.76 -56.69
893.92 -56.5
894.08 -56.49
894.24 -56.51
894.4 -56.66
894.56 -56.58
894.72 -56.55
894.88 -56.8
895.04 -56.7
895.2 -56.67
895.36 -56.73
895.52 -56.78
895.68 -56.48
895.84 -56.66
896.0 -56.62
896.16 -56.53
896.32 -56.55
896.48 -56.69
896.64 -56.67
896.8 -56.66
896.96 -56.61
897.12 -56.66
897.28 -56.69
897.44 -56.58
897.6 -56.54
897.76 -56.49
897.92 -56.43
898.08 -56.64
898.24 -56.71
898.4 -56.74
898.56 -56.67
898.72 -56.75
898.88 -56.61
899.04 -56.57
899.2 -56.55
899.36 -56.72
899.52 -56.66
899.68 -56.61
899.84 -56.63
900.0 -56.86
