740.0 -61.33
740.16 -61.23
740.32 -61.17
740.48 -61.32
740.64 -61.16
740.8 -61.22
740.96 -61.24
741.12 -61.12
741.28 -61.15
741.44 -61.18
741.6 -61.34
741.76 -61.44
741.92 -61.05
742.08 -61.31
742.24 -60.98
742.4 -61.31
742.56 -60.95
742.72 -61.31
742.88 -61.08
743.04 -61.5
743.2 -61.21
743.36 -61.3
743.52 -61.01
743.68 -61.19
743.84 -61.35
744.0 -60.96
744.16 -61.21
744.32 -61.61
744.48 -61.19
744.64 -61.41
744.8 -61.32
744.96 -60.95
745.12 -61.18
745.28 -61.49
745.44 -61.16
745.6 -61.09
745.76 -60.84
745.92 -61.02
746.08 -61.19
746.24 -61.51
746.4 -61.28
746.56 -61.13
746.72 -60.73
746.88 -61.02
747.04 -61.36
747.2 -61.21
747.36 -61.36
747.52 -61.16
747.68 -60.85
747.84 -61.09
748.0 -61.05
748.16 -61.16
748.32 -60.88
748.48 -61.04
748.64 -61.52
748.8 -61.23
748.96 -61.52
749.12 -61.23
749.28 -61.2
749.44 -60.84
749.6 -60.87
749.76 -61.12
749.92 -60.82
750.08 -61.42
750.24 -61.3
750.4 -61.55
750.56 -61.3
750.72 -60.86
750.88 -61.47
751.04 -60.74
751.2 -60.97
751.36 -61.01
751.52 -61.04
751.68 -61.18
751.84 -60.8
752.0 -61.23
752.16 -61.13
752.32 -61.12
752.48 -61.68
752.64 -60.78
752.8 -61.09
752.96 -60.94
753.12 -60.99
753.28 -61.09
753.44 -61.04
753.6 -61.38
753.76 -61.02
753.92 -60.87
754.08 -61.1
754.24 -61.07
754.4 -60.85
754.56 -61.17
754.72 -61.02
754.88 -60.6
755.04 -60.93
755.2 -60.65
755.36 -61.12
755.52 -60.93
755.68 -60.83
755.84 -61.04
756.0 -60.59
756.16 -60.92
756.32 -60.93
756.48 -60.92
756.64 -60.94
756.8 -60.94
756.96 -61.23
757.12 -60.97
757.28 -60.85
757.44 -60.98
757.6 -61.15
757.76 -61.02
757.92 -60.48
758.08 -60.89
758.24 -60.88
758.4 -60.78
758.56 -60.53
758.72 -61.04
758.88 -60.95
759.04 -60.58
759.2 -60.58
759.36 -60.73
759.52 -60.95
759.68 -61.21
759.84 -61.03
760.0 -60.54
760.16 -60.76
760.32 -60.79
760.48 -60.52
760.64 -61.06
760.8 -61.18
760.96 -60.98
761.12 -60.51
761.28 -60.8
761.44 -60.73
761.6 -60.61
761.76 -61.05
761.92 -60.81
762.08 -60.84
762.24 -60.98
762.4 -60.77
762.56 -60.6
762.72 -61.26
762.88 -60.73
763.04 -60.87
763.2 -60.5
763.36 -60.59
763.52 -60.7
763.68 -60.98
763.84 -61.13
764.0 -60.82
764.16 -61.06
764.32 -60.62
764.48 -60.78
764.64 -61.04
764.8 -60.87
764.96 -60.66
765.12 -61.01
765.28 -60.81
765.44 -60.72
765.6 -60.66
765.76 -60.94
765.92 -61.04
766.08 -60.82
766.24 -60.68
766.4 -60.49
766.56 -60.95
766.72 -60.65
766.88 -60.93
767.04 -60.86
767.2 -60.9
767.36 -60.85
767.52 -60.54
767.68 -60.76
767.84 -60.86
768.0 -60.85
768.16 -60.43
768.32 -60.81
768.48 -60.92
768.64 -60.98
768.8 -60.54
768.96 -60.7
769.12 -60.42
769.28 -60.7
769.44 -60.76
769.6 -60.93
769.76 -60.78
769.92 -60.49
770.08 -60.25
770.24 -60.0
770.4 -60.79
770.56 -60.62
770.72 -60.6
770.88 -60.43
771.04 -60.63
771.2 -60.45
771.36 -60.61
771.52 -60.78
771.68 -60.61
771.84 -60.75
772.0 -60.63
772.16 -60.62
772.32 -60.25
772.48 -60.4
772.64 -60.63
772.8 -60.86
772.96 -60.98
773.12 -60.63
773.28 -60.44
773.44 -60.15
773.6 -60.42
773.76 -60.66
773.92 -60.81
774.08 -60.67
774.24 -60.54
774.4 -60.4
774.56 -60.39
774.72 -60.61
774.88 -60.71
775.04 -60.69
775.2 -60.67
775.36 -60.76
775.52 -60.46
775.68 -60.22
775.84 -60.38
776.0 -60.1
776.16 -60.61
776.32 -60.97
776.48 -60.56
776.64 -60.21
776.8 -60.69
776.96 -60.6
777.12 -60.6
777.28 -60.8
777.44 -60.46
777.6 -60.59
777.76 -60.15
777.92 -60.58
778.08 -60.18
778.24 -60.6
778.4 -60.57
778.56 -60.79
778.72 -60.67
778.88 -60.29
779.04 -60.0
779.2 -60.33
779.36 -60.71
779.52 -60.54
779.68 -60.87
779.84 -60.78
780.0 -60.14
780.16 -60.06
780.32 -59.98
780.48 -60.7
780.64 -61.09
780.8 -61.02
780.96 -60.48
781.12 -59.96
781.28 -60.32
781.44 -60.21
781.6 -60.5
781.76 -60.37
781.92 -60.87
782.08 -60.38
782.24 -60.56
782.4 -60.13
782.56 -60.12
782.72 -60.6
782.88 -60.63
783.04 -60.49
783.2 -60.32
783.36 -60.1
783.52 -60.29
783.68 -60.16
783.84 -60.16
784.0 -60.77
784.16 -60.72
784.32 -60.57
784.48 -60.18
784.64 -59.99
784.8 -60.37
784.96 -60.12
785.12 -60.38
785.28 -60.78
785.44 -60.82
785.6 -59.78
785.76 -59.95
785.92 -60.25
786.08 -60.38
786.24 -60.86
786.4 -60.76
786.56 -60.32
786.72 -60.41
786.88 -60.19
787.04 -59.88
787.2 -60.18
787.36 -60.61
787.52 -60.96
787.68 -60.63
787.84 -60.32
788.0 -59.93
788.16 -59.84
788.32 -60.15
788.48 -60.8
788.64 -60.6
788.8 -60.81
788.96 -60.33
789.12 -59.86
789.28 -59.84
789.44 -59.73
789.6 -60.43
789.76 -60.74
789.92 -60.85
790.08 -60.49
790.24 -60.18
790.4 -59.8
790.56 -59.84
790.72 -60.44
790.88 -60.39
791.04 -60.39
791.2 -60.81
791.36 -60.17
791.52 -59.84
791.68 -59.71
791.84 -60.13
792.0 -60.31
792.16 -60.82
792.32 -60.6
792.48 -60.09
792.64 -60.08
792.8 -59.81
792.96 -60.04
793.12 -60.33
793.28 -60.6
793.44 -60.53
793.6 -59.99
793.76 -59.96
793.92 -59.98
794.08 -60.01
794.24 -60.03
794.4 -60.43
794.56 -60.57
794.72 -60.45
794.88 -60.02
795.04 -59.5
795.2 -59.78
795.36 -60.09
795.52 -60.62
795.68 -60.37
795.84 -60.37
796.0 -59.78
796.16 -59.95
796.32 -59.74
796.48 -59.93
796.64 -60.21
796.8 -60.38
796.96 -60.61
797.12 -60.13
797.28 -60.13
797.44 -59.86
797.6 -59.95
797.76 -60.01
797.92 -60.51
798.08 -60.25
798.24 -60.31
798.4 -59.94
798.56 -59.79
798.72 -59.7
798.88 -59.9
799.04 -60.45
799.2 -60.53
799.36 -60.4
799.52 -60.02
799.68 -59.84
799.84 -59.72
800.0 -59.8
800.16 -60.34
800.32 -60.48
800.48 -60.82
800.64 -60.18
800.8 -59.79
800.96 -59.83
801.12 -59.68
801.28 -60.23
801.44 -60.27
801.6 -60.28
801.76 -60.13
801.92 -59.9
802.08 -59.55
802.24 -59.55
802.4 -59.66
802.56 -59.93
802.72 -59.94
802.88 -60.39
803.04 -60.11
803.2 -59.54
803.36 -59.48
803.52 -59.69
803.68 -60.15
803.84 -60.31
804.0 -60.53
804.16 -60.17
804.32 -59.59
804.48 -59.52
804.64 -59.63
804.8 -59.55
804.96 -59.98
805.12 -60.1
805.28 -60.32
805.44 -59.91
805.6 -59.43
805.76 -59.24
805.92 -59.25
806.08 -59.5
806.24 -59.53
806.4 -58.46
806.56 -57.66
806.72 -56.57
806.88 -55.45
807.04 -54.47
807.2 -53.75
807.36 -52.53
807.52 -51.27
807.68 -49.91
807.84 -48.93
808.0 -48.56
808.16 -48.84
808.32 -49.47
808.48 -50.11
808.64 -50.35
808.8 -50.53
808.96 -51.31
809.12 -52.65
809.28 -55.04
809.44 -57.41
809.6 -58.43
809.76 -59.52
809.92 -59.56
810.08 -59.71
810.24 -59.52
810.4 -59.4
810.56 -59.35
810.72 -59.28
810.88 -59.68
811.04 -59.74
811.2 -59.84
811.36 -60.17
811.52 -60.17
811.68 -59.43
811.84 -59.37
812.0 -59.76
812.16 -60.1
812.32 -60.01
812.48 -60.25
812.64 -59.86
812.8 -59.47
812.96 -59.58
813.12 -59.5
813.28 -59.67
813.44 -60.01
813.6 -60.16
813.76 -60.11
813.92 -60.4
814.08 -59.42
814.24 -59.61
814.4 -59.61
814.56 -59.93
814.72 -60.39
814.88 -60.39
815.04 -60.3
815.2 -59.94
815.36 -59.35
815.52 -59.54
815.68 -59.55
815.84 -59.85
816.0 -59.99
816.16 -60.2
816.32 -59.88
816.48 -59.82
816.64 -59.67
816.8 -59.34
816.96 -59.58
817.12 -60.2
817.28 -60.29
817.44 -60.59
817.6 -59.92
817.76 -59.43
817.92 -59.36
818.08 -59.54
818.24 -59.97
818.4 -59.61
818.56 -60.13
818.72 -59.96
818.88 -59.79
819.04 -59.43
819.2 -59.28
819.36 -59.64
819.52 -59.7
819.68 -60.17
819.84 -59.9
820.0 -60.14
820.16 -59.57
820.32 -59.21
820.48 -59.67
820.64 -59.61
820.8 -59.79
820.96 -60.19
821.12 -60.32
821.28 -59.76
821.44 -59.5
821.6 -59.5
821.76 -59.48
821.92 -59.56
822.08 -59.8
822.24 -60.14
822.4 -60.13
822.56 -59.78
822.72 -59.48
822.88 -59.32
823.04 -59.37
823.2 -59.55
823.36 -60.07
823.52 -59.97
823.68 -59.95
823.84 -59.63
824.0 -59.51
824.16 -59.24
824.32 -59.76
824.48 -59.96
824.64 -59.96
824.8 -60.1
824.96 -59.63
825.12 -59.37
825.28 -59.22
825.44 -59.37
825.6 -59.47
825.76 -59.85
825.92 -59.79
826.08 -59.79
826.24 -59.71
826.4 -59.34
826.56 -59.15
826.72 -59.26
826.88 -59.64
827.04 -59.97
827.2 -60.25
827.36 -59.83
827.52 -59.5
827.68 -59.47
827.84 -59.28
828.0 -59.54
828.16 -59.53
828.32 -59.91
828.48 -59.89
828.64 -59.89
828.8 -59.21
828.96 -59.01
829.12 -59.05
829.28 -59.51
829.44 -59.36
829.6 -59.91
829.76 -59.67
829.92 -59.66
830.08 -59.36
830.24 -59.0
830.4 -59.01
830.56 -59.19
830.72 -59.66
830.88 -59.75
831.04 -59.82
831.2 -59.53
831.36 -59.19
831.52 -59.33
831.68 -59.34
831.84 -59.46
832.0 -59.49
832.16 -59.7
832.32 -59.53
832.48 -59.45
832.64 -59.09
832.8 -59.06
832.96 -59.2
833.12 -59.28
833.28 -59.59
833.44 -59.7
833.6 -59.59
833.76 -59.57
833.92 -59.24
834.08 -58.91
834.24 -59.04
834.4 -59.18
834.56 -59.46
834.72 -59.5
834.88 -59.38
835.04 -59.21
835.2 -59.05
835.36 -58.96
835.52 -58.8
835.68 -59.37
835.84 -59.49
836.0 -59.57
836.16 -59.48
836.32 -59.28
836.48 -59.14
836.64 -59.15
836.8 -59.18
836.96 -59.27
837.12 -59.44
837.28 -59.52
837.44 -59.48
837.6 -59.37
837.76 -59.22
837.92 -59.04
838.08 -59.07
838.24 -59.24
838.4 -59.65
838.56 -59.58
838.72 -59.61
838.88 -59.19
839.04 -59.16
839.2 -59.07
839.36 -59.08
839.52 -59.56
839.68 -59.26
839.84 -59.76
840.0 -59.68
840.16 -59.16
840.32 -59.24
840.48 -59.04
840.64 -59.11
840.8 -59.39
840.96 -59.34
841.12 -59.7
841.28 -59.64
841.44 -59.14
841.6 -59.05
841.76 -59.2
841.92 -59.17
842.08 -59.25
842.24 -59.57
842.4 -59.6
842.56 -59.0
842.72 -59.21
842.88 -59.06
843.04 -58.93
843.2 -59.12
843.36 -59.28
843.52 -59.2
843.68 -59.6
843.84 -59.27
844.0 -59.23
844.16 -58.91
844.32 -59.04
844.48 -58.94
844.64 -59.36
844.8 -59.15
844.96 -59.65
845.12 -59.17
845.28 -59.2
845.44 -58.81
845.6 -58.99
845.76 -59.09
845.92 -59.37
846.08 -59.44
846.24 -59.37
846.4 -59.43
846.56 -59.32
846.72 -59.06
846.88 -58.81
847.04 -59.02
847.2 -59.15
847.36 -59.32
847.52 -59.46
847.68 -59.41
847.84 -59.23
848.0 -59.01
848.16 -58.86
848.32 -59.01
848.48 -59.16
848.64 -59.3
848.8 -59.21
848.96 -59.34
849.12 -59.11
849.28 -58.91
849.44 -58.97
849.6 -58.86
849.76 -59.0
849.92 -59.06
850.08 -59.16
850.24 -59.45
850.4 -58.96
850.56 -59.04
850.72 -58.94
850.88 -58.81
851.04 -58.97
851.2 -59.17
851.36 -59.18
851.52 -59.23
851.68 -59.1
851.84 -58.95
852.0 -58.89
852.16 -58.64
852.32 -58.92
852.48 -59.16
852.64 -59.02
852.8 -59.09
852.96 -59.04
853.12 -59.11
853.28 -58.87
853.44 -58.74
853.6 -58.82
853.76 -59.03
853.92 -58.92
854.08 -59.19
854.24 -59.15
854.4 -59.07
854.56 -58.95
854.72 -58.82
854.88 -58.78
855.04 -58.91
855.2 -59.24
855.36 -59.25
855.52 -59.11
855.68 -59.0
855.84 -58.92
856.0 -58.83
856.16 -58.86
856.32 -58.86
856.48 -59.24
856.64 -59.4
856.8 -59.01
856.96 -59.01
857.12 -58.91
857.28 -58.99
857.44 -58.98
857.6 -59.05
857.76 -59.22
857.92 -59.08
858.08 -59.15
858.24 -59.13
858.4 -58.83
858.56 -58.57
858.72 -58.83
858.88 -58.98
859.04 -59.12
859.2 -58.95
859.36 -58.97
859.52 -58.94
859.68 -58.83
859.84 -58.71
860.0 -58.82
860.16 -58.75
860.32 -59.09
860.48 -59.02
860.64 -59.1
860.8 -58.89
860.96 -58.65
861.12 -58.6
861.28 -58.67
861.44 -58.85
861.6 -58.91
861.76 -58.94
861.92 -58.97
862.08 -58.6
862.24 -58.62
862.4 -58.57
862.56 -58.78
862.72 -58.7
862.88 -58.85
863.04 -58.86
863.2 -58.94
863.36 -58.72
863.52 -58.85
863.68 -58.72
863.84 -58.85
864.0 -58.75
864.16 -59.01
864.32 -58.9
864.48 -58.86
864.64 -59.08
864.8 -58.72
864.96 -58.68
865.12 -58.63
865.28 -58.59
865.44 -58.83
865.6 -58.97
865.76 -59.04
865.92 -58.84
866.08 -58.82
866.24 -58.76
866.4 -58.66
866.56 -58.71
866.72 -58.83
866.88 -58.98
867.04 -59.08
867.2 -59.13
867.36 -58.89
867.52 -58.68
867.68 -58.4
867.84 -58.46
868.0 -58.72
868.16 -59.09
868.32 -58.96
868.48 -58.91
868.64 -58.72
868.8 -58.55
868.96 -58.75
869.12 -58.61
869.28 -58.57
869.44 -58.86
869.6 -58.77
869.76 -58.86
869.92 -58.88
870.08 -58.63
870.24 -58.53
870.4 -58.66
870.56 -58.73
870.72 -58.91
870.88 -58.94
871.04 -58.91
871.2 -58.76
871.36 -58.76
871.52 -58.7
871.68 -58.61
871.84 -58.77
872.0 -58.88
872.16 -58.84
872.32 -59.02
872.48 -58.75
872.64 -58.71
872.8 -58.79
872.96 -58.47
873.12 -58.73
873.28 -58.54
873.44 -58.96
873.6 -58.82
873.76 -58.86
873.92 -58.78
874.08 -58.52
874.24 -58.54
874.4 -58.62
874.56 -58.65
874.72 -58.71
874.88 -58.76
875.04 -58.78
875.2 -58.77
875.36 -58.9
875.52 -58.66
875.68 -58.65
875.84 -58.78
876.0 -58.77
876.16 -58.88
876.32 -58.76
876.48 -58.64
876.64 -58.66
876.8 -58.59
876.96 -58.64
877.12 -58.71
877.28 -58.79
877.44 -58.71
877.6 -58.73
877.76 -58.63
877.92 -58.3
878.08 -58.48
878.24 -58.6
878.4 -58.48
878.56 -58.62
878.72 -58.72
878.88 -58.59
879.04 -58.48
879.2 -58.3
879.36 -58.35
879.52 -58.64
879.68 -58.59
879.84 -58.67
880.0 -58.51
880.16 -58.54
880.32 -58.47
880.48 -58.31
880.64 -58.45
880.8 -58.43
880.96 -58.5
881.12 -58.49
881.28 -58.69
881.44 -58.61
881.6 -58.57
881.76 -58.43
881.92 -58.48
882.08 -58.3
882.24 -58.37
882.4 -58.65
882.56 -58.51
882.72 -58.68
882.88 -58.38
883.04 -58.42
883.2 -58.55
883.36 -58.65
883.52 -58.34
883.68 -58.44
883.84 -58.53
884.0 -58.74
884.16 -58.59
884.32 -58.62
884.48 -58.42
884.64 -58.28
884.8 -58.39
884.96 -58.5
885.12 -58.53
885.28 -58.43
885.44 -58.43
885.6 -58.53
885.76 -58.2
885.92 -58.3
886.08 -58.38
886.24 -58.39
886.4 -58.5
886.56 -58.48
886.72 -58.76
886.88 -58.51
887.04 -58.43
887.2 -58.49
887.36 -58.45
887.52 -58.66
887.68 -58.65
887.84 -58.49
888.0 -58.57
888.16 -58.61
888.32 -58.42
888.48 -58.45
888.64 -58.31
888.8 -58.59
888.96 -58.56
889.12 -58.66
889.28 -58.64
889.44 -58.86
889.6 -58.61
889.76 -58.36
889.92 -58.59
890.08 -58.56
890.24 -58.6
890.4 -58.71
890.56 -58.59
890.72 -58.51
890.88 -58.51
891.04 -58.41
891.2 -58.26
891.36 -58.53
891.52 -58.38
891.68 -58.59
891.84 -58.67
892.0 -58.63
892.16 -58.58
892.32 -58.49
892.48 -58.33
892.64 -58.57
892.8 -58.53
892.96 -58.68
893.12 -58.54
893.28 -58.53
893.44 -58.62
893.6 -58.43
893.76 -58.37
893.92 -58.5
894.08 -58.35
894.24 -58.45
894.4 -58.71
894.56 -58.7
894.72 -58.43
894.88 -58.48
895.04 -58.42
895.2 -58.3
895.36 -58.29
895.52 -58.48
895.68 -58.47
895.84 -58.52
896.0 -58.45
896.16 -58.37
896.32 -58.36
896.48 -58.27
896.64 -58.27
896.8 -58.38
896.96 -58.47
897.12 -58.39
897.28 -58.22
897.44 -58.38
897.6 -58.14
897.76 -58.32
897.92 -58.31
898.08 -58.41
898.24 -58.44
898.4 -58.37
898.56 -58.36
898.72 -58.43
898.88 -58.15
899.04 -58.3
899.2 -58.19
899.36 -58.23
899.52 -58.44
899.68 -58.22
899.84 -58.27
900.0 -58.22
