740.0 -61.79
740.16 -61.98
740.32 -61.86
740.48 -61.68
740.64 -61.7
740.8 -61.78
740.96 -61.57
741.12 -61.75
741.28 -61.19
741.44 -61.65
741.6 -61.75
741.76 -61.77
741.92 -61.49
742.08 -61.69
742.24 -62.25
742.4 -62.13
742.56 -61.68
742.72 -62.01
742.88 -61.78
743.04 -61.66
743.2 -61.52
743.36 -61.61
743.52 -62.05
743.68 -61.92
743.84 -61.61
744.0 -61.73
744.16 -61.5
744.32 -62.01
744.48 -61.91
744.64 -61.73
744.8 -62.03
744.96 -61.61
745.12 -61.83
745.28 -61.68
745.44 -61.82
745.6 -61.9
745.76 -62.45
745.92 -61.71
746.08 -61.63
746.24 -61.83
746.4 -61.93
746.56 -61.53
746.72 -61.62
746.88 -61.7
747.04 -61.71
747.2 -62.03
747.36 -62.14
747.52 -61.58
747.68 -61.34
747.84 -61.98
748.0 -61.57
748.16 -62.41
748.32 -61.69
748.48 -61.51
748.64 -61.78
748.8 -61.97
748.96 -61.64
749.12 -61.69
749.28 -62.01
749.44 -61.66
749.6 -61.74
749.76 -61.52
749.92 -61.56
750.08 -61.83
750.24 -61.76
750.4 -61.57
750.56 -61.83
750.72 -61.62
750.88 -61.44
751.04 -61.56
751.2 -61.49
751.36 -61.84
751.52 -61.81
751.68 -61.45
751.84 -61.8
752.0 -61.84
752.16 -61.94
752.32 -61.79
752.48 -61.68
752.64 -61.88
752.8 -61.61
752.96 -61.43
753.12 -62.03
753.28 -61.92
753.44 -61.51
753.6 -61.74
753.76 -61.89
753.92 -62.02
754.08 -61.98
754.24 -61.81
754.4 -61.98
754.56 -61.46
754.72 -61.67
754.88 -61.73
755.04 -61.91
755.2 -61.69
755.36 -61.49
755.52 -61.6
755.68 -61.53
755.84 -61.95
756.0 -61.61
756.16 -61.6
756.32 -61.56
756.48 -61.68
756.64 -61.75
756.8 -61.81
756.96 -61.52
757.12 -61.55
757.28 -61.67
757.44 -61.59
757.6 -61.47
757.76 -61.29
757.92 -61.58
758.08 -61.7
758.24 -61.44
758.4 -61.31
758.56 -61.64
758.72 -61.85
758.88 -61.34
759.04 -61.56
759.2 -61.64
759.36 -61.92
759.52 -62.0
759.68 -61.56
759.84 -61.38
760.0 -61.63
760.16 -61.29
760.32 -61.44
760.48 -61.46
760.64 -61.83
760.8 -61.7
760.96 -61.89
761.12 -61.76
761.28 -61.46
761.44 -61.63
761.6 -61.98
761.76 -61.44
761.92 -61.53
762.08 -61.91
762.24 -61.69
762.4 -61.74
762.56 -61.68
762.72 -61.56
762.88 -61.85
763.04 -61.7
763.2 -61.27
763.36 -61.25
763.52 -61.57
763.68 -61.64
763.84 -61.28
764.0 -61.4
764.16 -61.48
764.32 -61.52
764.48 -61.28
764.64 -61.17
764.8 -61.33
764.96 -61.34
765.12 -61.65
765.28 -61.5
765.44 -61.45
765.6 -61.61
765.76 -61.0
765.92 -61.7
766.08 -61.96
766.24 -61.29
766.4 -61.29
766.56 -61.49
766.72 -61.64
766.88 -61.81
767.04 -61.22
767.2 -61.52
767.36 -61.31
767.52 -61.08
767.68 -61.3
767.84 -61.58
768.0 -61.42
768.16 -61.25
768.32 -61.38
768.48 -61.51
768.64 -61.12
768.8 -61.34
768.96 -61.79
769.12 -61.6
769.28 -61.46
769.44 -61.43
769.6 -60.91
769.76 -61.46
769.92 -61.63
770.08 -61.22
770.24 -61.81
770.4 -61.29
770.56 -61.53
770.72 -61.34
770.88 -61.46
771.04 -61.46
771.2 -61.25
771.36 -61.33
771.52 -61.42
771.68 -61.59
771.84 -61.26
772.0 -61.65
772.16 -61.76
772.32 -61.51
772.48 -61.31
772.64 -61.41
772.8 -61.79
772.96 -61.55
773.12 -61.6
773.28 -61.51
773.44 -61.33
773.6 -61.49
773.76 -61.34
773.92 -61.07
774.08 -61.26
774.24 -61.13
774.4 -60.92
774.56 -61.5
774.72 -61.5
774.88 -61.59
775.04 -61.2
775.2 -61.28
775.36 -61.68
775.52 -61.52
775.68 -61.5
775.84 -61.63
776.0 -61.33
776.16 -61.21
776.32 -61.68
776.48 -61.22
776.64 -61.07
776.8 -61.24
776.96 -61.39
777.12 -61.49
777.28 -61.56
777.44 -61.04
777.6 -61.29
777.76 -61.49
777.92 -62.11
778.08 -61.44
778.24 -61.3
778.4 -60.87
778.56 -61.23
778.72 -61.33
778.88 -61.52
779.04 -61.25
779.2 -61.41
779.36 -61.25
779.52 -61.95
779.68 -61.28
779.84 -61.19
780.0 -61.06
780.16 -61.05
780.32 -61.11
780.48 -61.08
780.64 -61.15
780.8 -61.29
780.96 -61.65
781.12 -61.33
781.28 -61.48
781.44 -60.84
781.6 -61.18
781.76 -61.34
781.92 -61.81
782.08 -61.36
782.24 -61.24
782.4 -61.13
782.56 -61.21
782.72 -61.5
782.88 -61.51
783.04 -61.34
783.2 -61.39
783.36 -60.76
783.52 -61.52
783.68 -61.16
783.84 -61.46
784.0 -61.38
784.16 -61.0
784.32 -60.87
784.48 -61.35
784.64 -61.39
784.8 -60.9
784.96 -60.85
785.12 -61.14
785.28 -61.78
785.44 -61.51
785.6 -61.1
785.76 -60.89
785.92 -60.99
786.08 -61.45
786.24 -60.92
786.4 -61.47
786.56 -60.94
786.72 -61.09
786.88 -61.33
787.04 -61.16
787.2 -61.02
787.36 -61.15
787.52 -60.96
787.68 -61.19
787.84 -61.65
788.0 -61.31
788.16 -60.46
788.32 -60.74
788.48 -61.06
788.64 -61.17
788.8 -61.3
788.96 -60.79
789.12 -60.99
789.28 -60.89
789.44 -61.18
789.6 -61.46
789.76 -61.57
789.92 -61.02
790.08 -61.39
790.24 -61.43
790.4 -61.7
790.56 -61.11
790.72 -61.19
790.88 -60.65
791.04 -61.26
791.2 -61.49
791.36 -61.22
791.52 -60.78
791.68 -60.84
791.84 -60.81
792.0 -61.04
792.16 -61.45
792.32 -61.16
792.48 -60.63
792.64 -61.01
792.8 -61.15
792.96 -61.57
793.12 -60.89
793.28 -60.96
793.44 -60.94
793.6 -61.61
793.76 -61.61
793.92 -61.24
794.08 -61.06
794.24 -61.13
794.4 -60.97
794.56 -61.5
794.72 -61.28
794.88 -61.11
795.04 -60.76
795.2 -60.95
795.36 -60.86
795.52 -61.03
795.68 -60.95
795.84 -61.0
796.0 -61.04
796.16 -60.71
796.32 -61.53
796.48 -61.62
796.64 -60.94
796.8 -60.84
796.96 -60.94
797.12 -61.06
797.28 -61.06
797.44 -60.99
797.6 -60.71
797.76 -60.88
797.92 -61.33
798.08 -61.18
798.24 -61.18
798.4 -60.96
798.56 -60.55
798.72 -60.74
798.88 -61.23
799.04 -61.05
799.2 -60.77
799.36 -60.86
799.52 -60.79
799.68 -61.06
799.84 -61.19
800.0 -61.18
800.16 -60.64
800.32 -60.8
800.48 -60.96
800.64 -61.04
800.8 -61.2
800.96 -60.78
801.12 -60.54
801.28 -60.98
801.44 -61.1
801.6 -61.13
801.76 -61.12
801.92 -60.59
802.08 -60.65
802.24 -60.86
802.4 -60.97
802.56 -61.22
802.72 -61.02
802.88 -60.61
803.04 -61.57
803.2 -60.98
803.36 -60.88
803.52 -60.62
803.68 -60.78
803.84 -61.2
804.0 -60.76
804.16 -61.07
804.32 -60.96
804.48 -60.26
804.64 -60.75
804.8 -61.14
804.96 -60.92
805.12 -61.05
805.28 -60.78
805.44 -60.43
805.6 -60.8
805.76 -60.78
805.92 -60.69
806.08 -60.1
806.24 -59.51
806.4 -59.26
806.56 -58.72
806.72 -57.9
806.88 -56.42
807.04 -55.19
807.2 -54.1
807.36 -53.09
807.52 -51.96
807.68 -50.72
807.84 -49.76
808.0 -49.49
808.16 -49.88
808.32 -50.5
808.48 -51.02
808.64 -50.9
808.8 -50.95
808.96 -51.81
809.12 -53.33
809.28 -56.36
809.44 -58.91
809.6 -59.96
809.76 -60.08
809.92 -60.14
810.08 -60.73
810.24 -60.97
810.4 -61.18
810.56 -60.66
810.72 -60.86
810.88 -60.84
811.04 -60.99
811.2 -61.06
811.36 -61.01
811.52 -60.82
811.68 -60.64
811.84 -61.1
812.0 -61.12
812.16 -61.66
812.32 -60.79
812.48 -60.72
812.64 -60.97
812.8 -61.09
812.96 -61.14
813.12 -60.94
813.28 -61.06
813.44 -60.55
813.6 -60.45
813.76 -61.34
813.92 -60.92
814.08 -60.67
814.24 -60.73
814.4 -60.89
814.56 -61.01
814.72 -60.97
814.88 -60.88
815.04 -61.01
815.2 -60.45
815.36 -60.83
815.52 -61.04
815.68 -61.19
815.84 -60.59
816.0 -61.19
816.16 -61.05
816.32 -60.76
816.48 -61.49
816.64 -61.11
816.8 -60.34
816.96 -60.55
817.12 -61.05
817.28 -61.26
817.44 -61.18
817.6 -60.87
817.76 -60.56
817.92 -60.45
818.08 -60.56
818.24 -61.34
818.4 -61.09
818.56 -60.53
818.72 -60.56
818.88 -61.03
819.04 -61.2
819.2 -60.84
819.36 -60.82
819.52 -60.52
819.68 -60.68
819.84 -60.69
820.0 -61.16
820.16 -60.9
820.32 -60.8
820.48 -60.57
820.64 -60.65
820.8 -60.89
820.96 -61.33
821.12 -60.98
821.28 -60.64
821.44 -60.82
821.6 -60.64
821.76 -60.73
821.92 -60.99
822.08 -60.95
822.24 -60.65
822.4 -60.56
822.56 -60.63
822.72 -61.27
822.88 -60.99
823.04 -60.79
823.2 -60.76
823.36 -60.91
823.52 -60.69
823.68 -60.93
823.84 -60.77
824.0 -60.79
824.16 -60.48
824.32 -60.77
824.48 -60.92
824.64 -61.09
824.8 -60.72
824.96 -60.76
825.12 -60.43
825.28 -60.81
825.44 -60.6
825.6 -60.96
825.76 -60.27
825.92 -61.13
826.08 -60.59
826.24 -60.64
826.4 -60.85
826.56 -60.94
826.72 -60.62
826.88 -60.91
827.04 -60.61
827.2 -60.47
827.36 -60.99
827.52 -60.71
827.68 -60.79
827.84 -60.36
828.0 -60.38
828.16 -60.74
828.32 -61.1
828.48 -60.38
828.64 -60.56
828.8 -60.38
828.96 -60.73
829.12 -61.1
829.28 -60.53
829.44 -60.76
829.6 -60.48
829.76 -60.52
829.92 -61.06
830.08 -60.61
830.24 -60.53
830.4 -60.39
830.56 -60.39
830.72 -60.54
830.88 -60.64
831.04 -60.81
831.2 -60.2
831.36 -60.35
831.52 -60.56
831.68 -60.61
831.84 -60.96
832.0 -60.55
832.16 -60.82
832.32 -60.35
832.48 -60.41
832.64 -60.59
832.8 -60.9
832.96 -60.55
833.12 -60.53
833.28 -60.28
833.44 -60.42
833.6 -60.65
833.76 -60.52
833.92 -60.66
834.08 -60.22
834.24 -60.18
834.4 -60.29
834.56 -60.33
834.72 -60.53
834.88 -60.23
835.04 -60.41
835.2 -60.05
835.36 -60.22
835.52 -60.43
835.68 -60.67
835.84 -60.46
836.0 -60.2
836.16 -60.14
836.32 -60.32
836.48 -60.66
836.64 -60.46
836.8 -60.36
836.96 -59.92
837.12 -59.87
837.28 -60.57
837.44 -60.45
837.6 -60.47
837.76 -60.11
837.92 -60.12
838.08 -60.45
838.24 -60.62
838.4 -60.74
838.56 -60.54
838.72 -60.41
838.88 -60.45
839.04 -60.42
839.2 -60.49
839.36 -60.61
839.52 -60.48
839.68 -60.17
839.84 -60.43
840.0 -60.39
840.16 -60.82
840.32 -60.7
840.48 -60.71
840.64 -60.27
840.8 -60.25
840.96 -60.38
841.12 -60.58
841.28 -60.59
841.44 -60.48
841.6 -60.06
841.76 -60.29
841.92 -60.51
842.08 -60.84
842.24 -60.44
842.4 -60.25
842.56 -60.5
842.72 -60.52
842.88 -60.33
843.04 -60.5
843.2 -60.49
843.36 -60.25
843.52 -60.41
843.68 -60.5
843.84 -60.52
844.0 -60.74
844.16 -60.53
844.32 -60.5
844.48 -60.6
844.64 -60.32
844.8 -60.59
844.96 -60.69
845.12 -60.49
845.28 -60.4
845.44 -60.07
845.6 -60.16
845.76 -60.6
845.92 -60.7
846.08 -60.41
846.24 -60.18
846.4 -60.28
846.56 -60.38
846.72 -60.8
846.88 -60.48
847.04 -60.58
847.2 -60.22
847.36 -60.3
847.52 -60.39
847.68 -60.72
847.84 -60.6
848.0 -60.5
848.16 -59.91
848.32 -60.17
848.48 -60.3
848.64 -60.68
848.8 -60.6
848.96 -60.18
849.12 -60.16
849.28 -60.2
849.44 -60.58
849.6 -60.79
849.76 -60.65
849.92 -60.17
850.08 -60.06
850.24 -60.3
850.4 -60.37
850.56 -60.25
850.72 -60.4
850.88 -60.47
851.04 -60.19
851.2 -60.24
851.36 -60.27
851.52 -60.57
851.68 -60.56
851.84 -60.16
852.0 -60.13
852.16 -60.28
852.32 -60.27
852.48 -60.7
852.64 -60.09
852.8 -60.09
852.96 -60.14
853.12 -60.47
853.28 -60.48
853.44 -60.26
853.6 -60.12
853.76 -60.08
853.92 -60.02
854.08 -60.43
854.24 -60.41
854.4 -60.21
854.56 -60.11
854.72 -60.23
854.88 -60.29
855.04 -60.12
855.2 -60.46
855.36 -60.16
855.52 -59.92
855.68 -59.88
855.84 -60.05
856.0 -60.27
856.16 -60.3
856.32 -60.01
856.48 -60.01
856.64 -60.21
856.8 -60.2
856.96 -60.29
857.12 -60.06
857.28 -60.11
857.44 -60.21
857.6 -59.93
857.76 -60.29
857.92 -60.13
858.08 -60.19
858.24 -60.01
858.4 -59.83
858.56 -60.07
858.72 -60.16
858.88 -60.05
859.04 -60.34
859.2 -60.18
859.36 -59.69
859.52 -59.89
859.68 -60.05
859.84 -60.08
860.0 -60.1
860.16 -60.13
860.32 -59.8
860.48 -59.87
860.64 -59.78
860.8 -59.68
860.96 -60.02
861.12 -59.97
861.28 -59.68
861.44 -59.63
861.6 -59.82
861.76 -59.9
861.92 -59.9
862.08 -59.86
862.24 -59.81
862.4 -59.72
862.56 -59.86
862.72 -59.81
862.88 -60.19
863.04 -59.65
863.2 -59.86
863.36 -59.84
863.52 -59.96
863.68 -59.87
863.84 -59.76
864.0 -59.94
864.16 -59.7
864.32 -59.82
864.48 -59.82
864.64 -59.85
864.8 -59.97
864.96 -59.85
865.12 -59.79
865.28 -59.82
865.44 -59.77
865.6 -59.95
865.76 -60.14
865.92 -60.19
866.08 -59.96
866.24 -59.81
866.4 -59.73
866.56 -59.94
866.72 -59.88
866.88 -59.92
867.04 -59.79
867.2 -59.86
867.36 -59.64
867.52 -60.19
867.68 -59.86
867.84 -59.88
868.0 -59.91
868.16 -59.81
868.32 -59.51
868.48 -59.92
868.64 -59.75
868.8 -59.85
868.96 -59.61
869.12 -59.74
869.28 -59.84
869.44 -59.62
869.6 -59.94
869.76 -59.99
869.92 -59.89
870.08 -59.81
870.24 -59.75
870.4 -59.89
870.56 -59.98
870.72 -59.91
870.88 -59.95
871.04 -59.69
871.2 -59.79
871.36 -59.92
871.52 -59.95
871.68 -59.73
871.84 -59.73
872.0 -59.68
872.16 -59.68
872.32 -59.53
872.48 -59.97
872.64 -59.85
872.8 -59.71
872.96 -59.63
873.12 -59.79
873.28 -59.78
873.44 -59.84
873.6 -59.85
873.76 -59.86
873.92 -59.63
874.08 -59.44
874.24 -59.73
874.4 -59.87
874.56 -59.84
874.72 -59.73
874.88 -59.82
875.04 -59.58
875.2 -59.71
875.36 -59.83
875.52 -59.87
875.68 -59.68
875.84 -59.54
876.0 -59.54
876.16 -59.71
876.32 -59.77
876.48 -59.79
876.64 -59.8
876.8 -59.67
876.96 -59.48
877.12 -59.78
877.28 -59.72
877.44 -59.76
877.6 -59.95
877.76 -59.65
877.92 -59.6
878.08 -59.9
878.24 -59.72
878.4 -59.81
878.56 -59.55
878.72 -59.54
878.88 -59.44
879.04 -59.39
879.2 -59.49
879.36 -59.71
879.52 -59.78
879.68 -59.74
879.84 -59.65
880.0 -59.45
880.16 -59.74
880.32 -59.68
880.48 -59.47
880.64 -59.55
880.8 -59.46
880.96 -59.66
881.12 -59.58
881.28 -59.74
881.44 -59.68
881.6 -59.33
881.76 -59.45
881.92 -59.55
882.08 -59.58
882.24 -59.59
882.4 -59.46
882.56 -59.35
882.72 -59.36
882.88 -59.51
883.04 -59.5
883.2 -59.45
883.36 -59.39
883.52 -59.48
883.68 -59.34
883.84 -59.57
884.0 -59.44
884.16 -59.48
884.32 -59.48
884.48 -59.38
884.64 -59.44
884.8 -59.36
884.96 -59.49
885.12 -59.48
885.28 -59.53
885.44 -59.46
885.6 -59.45
885.76 -59.41
885.92 -59.36
886.08 -59.69
886.24 -59.48
886.4 -59.6
886.56 -59.25
886.72 -59.28
886.88 -59.68
887.04 -59.61
887.2 -59.75
887.36 -59.43
887.52 -59.58
887.68 -59.43
887.84 -59.54
888.0 -59.77
888.16 -59.25
888.32 -59.49
888.48 -59.4
888.64 -59.5
888.8 -59.22
888.96 -59.48
889.12 -59.56
889.28 -59.48
889.44 -59.64
889.6 -59.26
889.76 -59.51
889.92 -59.46
890.08 -59.58
890.24 -59.48
890.4 -59.33
890.56 -59.39
890.72 -59.46
890.88 -59.41
891.04 -59.57
891.2 -59.5
891.36 -59.24
891.52 -59.45
891.68 -59.26
891.84 -59.6
892.0 -59.49
892.16 -59.36
892.32 -59.34
892.48 -59.35
892.64 -59.42
892.8 -59.16
892.96 -59.6
893.12 -59.57
893.28 -59.5
893.44 -59.56
893.6 -59.32
893.76 -59.39
893.92 -59.47
894.08 -59.55
894.24 -59.37
894.4 -59.27
894.56 -59.13
894.72 -59.28
894.88 -59.2
895.04 -59.28
895.2 -59.39
895.36 -59.05
895.52 -59.18
895.68 -59.17
895.84 -59.47
896.0 -59.54
896.16 -59.27
896.32 -59.19
896.48 -59.03
896.64 -59.27
896.8 -59.27
896.96 -59.24
897.12 -59.18
897.28 -59.14
897.44 -59.19
897.6 -59.15
897.76 -59.37
897.92 -59.1
898.08 -59.29
898.24 -59.33
898.4 -59.08
898.56 -59.32
898.72 -59.31
898.88 -59.14
899.04 -59.06
899.2 -59.05
899.36 -59.04
899.52 -58.98
899.68 -59.09
899.84 -59.24
900.0 -59.28
