740.0 -61.1
740.16 -60.88
740.32 -61.54
740.48 -60.99
740.64 -60.58
740.8 -60.99
740.96 -60.55
741.12 -61.09
741.28 -60.79
741.44 -60.88
741.6 -60.84
741.76 -61.02
741.92 -60.86
742.08 -61.06
742.24 -60.76
742.4 -61.14
742.56 -60.7
742.72 -60.8
742.88 -60.86
743.04 -60.92
743.2 -61.11
743.36 -60.78
743.52 -60.67
743.68 -60.91
743.84 -61.01
744.0 -60.73
744.16 -60.93
744.32 -60.55
744.48 -61.05
744.64 -60.83
744.8 -60.77
744.96 -60.74
745.12 -60.77
745.28 -60.42
745.44 -60.82
745.6 -60.98
745.76 -60.89
745.92 -60.95
746.08 -60.84
746.24 -60.86
746.4 -60.71
746.56 -60.98
746.72 -61.03
746.88 -60.73
747.04 -61.08
747.2 -60.84
747.36 -61.0
747.52 -60.87
747.68 -60.94
747.84 -60.94
748.0 -60.88
748.16 -60.88
748.32 -60.61
748.48 -60.87
748.64 -60.83
748.8 -60.83
748.96 -60.59
749.12 -60.82
749.28 -60.91
749.44 -61.03
749.6 -60.65
749.76 -60.49
749.92 -60.75
750.08 -61.03
750.24 -60.86
750.4 -60.44
750.56 -60.41
750.72 -60.72
750.88 -60.85
751.04 -60.86
751.2 -60.84
751.36 -60.71
751.52 -60.51
751.68 -60.32
751.84 -60.85
752.0 -60.86
752.16 -60.72
752.32 -60.82
752.48 -60.89
752.64 -60.76
752.8 -60.59
752.96 -60.95
753.12 -60.61
753.28 -60.92
753.44 -60.61
753.6 -60.97
753.76 -60.48
753.92 -60.26
754.08 -60.71
754.24 -60.71
754.4 -60.49
754.56 -60.7
754.72 -60.85
754.88 -60.7
755.04 -60.61
755.2 -60.78
755.36 -60.45
755.52 -60.58
755.68 -60.39
755.84 -60.58
756.0 -60.65
756.16 -60.67
756.32 -60.56
756.48 -60.54
756.64 -60.61
756.8 -60.5
756.96 -60.63
757.12 -60.35
757.28 -60.9
757.44 -60.83
757.6 -61.09
757.76 -60.66
757.92 -60.68
758.08 -60.8
758.24 -60.51
758.4 -60.8
758.56 -60.4
758.72 -60.54
758.88 -60.81
759.04 -60.67
759.2 -60.82
759.36 -60.59
759.52 -60.51
759.68 -60.4
759.84 -60.59
760.0 -60.49
760.16 -60.62
760.32 -60.59
760.48 -60.55
760.64 -60.41
760.8 -60.53
760.96 -60.84
761.12 -60.76
761.28 -60.62
761.44 -60.5
761.6 -60.42
761.76 -60.61
761.92 -60.75
762.08 -60.26
762.24 -60.54
762.4 -60.66
762.56 -60.88
762.72 -60.36
762.88 -60.56
763.04 -60.74
763.2 -60.71
763.36 -60.44
763.52 -60.89
763.68 -60.13
763.84 -60.14
764.0 -60.51
764.16 -60.45
764.32 -60.53
764.48 -60.36
764.64 -60.66
764.8 -60.58
764.96 -60.03
765.12 -60.51
765.28 -60.41
765.44 -60.67
765.6 -60.55
765.76 -60.59
765.92 -60.52
766.08 -60.56
766.24 -60.3
766.4 -60.61
766.56 -60.28
766.72 -60.23
766.88 -60.69
767.04 -60.45
767.2 -60.81
767.36 -60.58
767.52 -60.12
767.68 -60.44
767.84 -60.49
768.0 -60.39
768.16 -60.21
768.32 -60.39
768.48 -60.39
768.64 -60.54
768.8 -60.03
768.96 -59.92
769.12 -60.24
769.28 -60.16
769.44 -60.46
769.6 -60.14
769.76 -60.64
769.92 -60.27
770.08 -60.32
770.24 -60.05
770.4 -60.01
770.56 -59.97
770.72 -60.32
770.88 -60.45
771.04 -60.36
771.2 -60.16
771.36 -60.18
771.52 -60.02
771.68 -59.99
771.84 -60.25
772.0 -60.68
772.16 -60.38
772.32 -60.21
772.48 -60.17
772.64 -59.92
772.8 -59.79
772.96 -59.95
773.12 -60.51
773.28 -60.12
773.44 -60.31
773.6 -60.31
773.76 -60.17
773.92 -59.81
774.08 -60.0
774.24 -60.15
774.4 -60.15
774.56 -60.57
774.72 -60.43
774.88 -60.43
775.04 -60.05
775.2 -60.09
775.36 -60.11
775.52 -60.11
775.68 -60.33
775.84 -60.13
776.0 -60.26
776.16 -59.97
776.32 -59.82
776.48 -60.19
776.64 -59.98
776.8 -60.17
776.96 -60.24
777.12 -59.79
777.28 -60.21
777.44 -60.1
777.6 -60.12
777.76 -60.29
777.92 -60.26
778.08 -59.79
778.24 -60.13
778.4 -59.94
778.56 -59.87
778.72 -60.06
778.88 -60.15
779.04 -60.37
779.2 -60.29
779.36 -60.27
779.52 -59.94
779.68 -60.16
779.84 -59.99
780.0 -60.23
780.16 -60.11
780.32 -59.99
780.48 -60.01
780.64 -59.97
780.8 -59.81
780.96 -59.93
781.12 -60.01
781.28 -60.1
781.44 -60.21
781.6 -60.05
781.76 -60.04
781.92 -59.9
782.08 -60.12
782.24 -60.07
782.4 -59.94
782.56 -60.16
782.72 -59.79
782.88 -60.03
783.04 -59.88
783.2 -60.03
783.36 -59.97
783.52 -59.86
783.68 -59.9
783.84 -60.08
784.0 -59.72
784.16 -59.55
784.32 -60.1
784.48 -60.05
784.64 -59.95
784.8 -60.01
784.96 -60.06
785.12 -59.8
785.28 -59.75
785.44 -60.0
785.6 -59.87
785.76 -59.78
785.92 -59.87
786.08 -59.93
786.24 -60.0
786.4 -60.28
786.56 -59.55
786.72 -60.17
786.88 -59.71
787.04 -59.85
787.2 -59.91
787.36 -60.07
787.52 -59.81
787.68 -59.89
787.84 -59.63
788.0 -60.09
788.16 -59.99
788.32 -59.84
788.48 -60.19
788.64 -59.88
788.8 -60.05
788.96 -60.04
789.12 -59.65
789.28 -59.7
789.44 -60.14
789.6 -59.77
789.76 -59.62
789.92 -59.95
790.08 -59.75
790.24 -59.68
790.4 -59.8
790.56 -59.72
790.72 -60.02
790.88 -59.97
791.04 -59.57
791.2 -59.89
791.36 -60.03
791.52 -59.37
791.68 -59.79
791.84 -60.09
792.0 -59.96
792.16 -59.88
792.32 -59.77
792.48 -59.8
792.64 -59.97
792.8 -59.58
792.96 -59.62
793.12 -59.73
793.28 -59.81
793.44 -59.71
793.6 -59.87
793.76 -59.8
793.92 -59.73
794.08 -59.67
794.24 -59.81
794.4 -59.84
794.56 -59.53
794.72 -59.58
794.88 -59.48
795.04 -59.73
795.2 -60.09
795.36 -59.8
795.52 -59.5
795.68 -59.47
795.84 -59.91
796.0 -59.82
796.16 -59.71
796.32 -59.56
796.48 -59.67
796.64 -59.79
796.8 -59.68
796.96 -59.52
797.12 -59.9
797.28 -59.53
797.44 -59.69
797.6 -59.54
797.76 -59.56
797.92 -59.58
798.08 -59.8
798.24 -59.55
798.4 -59.9
798.56 -59.61
798.72 -59.94
798.88 -59.61
799.04 -59.47
799.2 -59.72
799.36 -59.65
799.52 -59.74
799.68 -59.42
799.84 -59.81
800.0 -59.94
800.16 -59.63
800.32 -59.14
800.48 -59.77
800.64 -59.44
800.8 -59.7
800.96 -59.48
801.12 -59.33
801.28 -59.47
801.44 -59.59
801.6 -59.65
801.76 -59.45
801.92 -59.46
802.08 -59.67
802.24 -59.55
802.4 -59.55
802.56 -59.38
802.72 -59.36
802.88 -59.38
803.04 -59.18
803.2 -59.41
803.36 -59.69
803.52 -59.57
803.68 -59.55
803.84 -59.01
804.0 -59.25
804.16 -59.71
804.32 -59.21
804.48 -59.52
804.64 -59.49
804.8 -59.42
804.96 -59.25
805.12 -59.2
805.28 -59.07
805.44 -59.56
805.6 -59.16
805.76 -58.8
805.92 -58.73
806.08 -58.75
806.24 -58.75
806.4 -58.12
806.56 -57.46
806.72 -56.64
806.88 -55.56
807.04 -54.4
807.2 -53.23
807.36 -52.14
807.52 -50.99
807.68 -49.46
807.84 -48.57
808.0 -48.35
808.16 -48.78
808.32 -49.59
808.48 -49.94
808.64 -49.84
808.8 -50.05
808.96 -51.03
809.12 -52.6
809.28 -54.98
809.44 -57.22
809.6 -58.55
809.76 -59.02
809.92 -58.86
810.08 -58.94
810.24 -59.08
810.4 -59.39
810.56 -59.31
810.72 -59.25
810.88 -59.47
811.04 -59.4
811.2 -58.99
811.36 -59.36
811.52 -59.39
811.68 -59.5
811.84 -59.28
812.0 -59.05
812.16 -59.03
812.32 -59.49
812.48 -59.68
812.64 -59.47
812.8 -59.39
812.96 -59.34
813.12 -59.32
813.28 -59.27
813.44 -59.38
813.6 -59.45
813.76 -59.65
813.92 -59.14
814.08 -59.12
814.24 -59.32
814.4 -59.37
814.56 -59.46
814.72 -59.28
814.88 -59.36
815.04 -59.3
815.2 -59.45
815.36 -59.36
815.52 -58.92
815.68 -59.39
815.84 -59.31
816.0 -59.07
816.16 -59.05
816.32 -59.3
816.48 -59.51
816.64 -59.39
816.8 -59.36
816.96 -59.2
817.12 -59.06
817.28 -59.34
817.44 -59.39
817.6 -59.19
817.76 -59.34
817.92 -59.26
818.08 -59.16
818.24 -59.18
818.4 -59.27
818.56 -59.62
818.72 -59.5
818.88 -59.22
819.04 -59.04
819.2 -59.39
819.36 -59.34
819.52 -59.15
819.68 -59.13
819.84 -59.0
820.0 -59.19
820.16 -59.12
820.32 -59.27
820.48 -59.19
820.64 -59.16
820.8 -59.17
820.96 -59.14
821.12 -59.15
821.28 -59.18
821.44 -59.25
821.6 -59.14
821.76 -58.87
821.92 -59.26
822.08 -59.38
822.24 -59.19
822.4 -59.02
822.56 -58.98
822.72 -59.15
822.88 -59.34
823.04 -59.16
823.2 -58.87
823.36 -59.19
823.52 -59.19
823.68 -59.18
823.84 -59.04
824.0 -59.19
824.16 -59.28
824.32 -59.24
824.48 -59.13
824.64 -59.19
824.8 -59.24
824.96 -59.39
825.12 -59.27
825.28 -59.03
825.44 -59.12
825.6 -59.22
825.76 -59.24
825.92 -59.15
826.08 -59.4
826.24 -59.19
826.4 -59.35
826.56 -59.32
826.72 -59.28
826.88 -59.24
827.04 -59.11
827.2 -59.38
827.36 -59.1
827.52 -59.1
827.68 -59.23
827.84 -59.1
828.0 -59.02
828.16 -58.88
828.32 -59.06
828.48 -59.19
828.64 -59.2
828.8 -59.11
828.96 -58.9
829.12 -58.93
829.28 -59.1
829.44 -59.1
829.6 -59.05
829.76 -58.93
829.92 -59.16
830.08 -59.26
830.24 -59.03
830.4 -58.92
830.56 -58.96
830.72 -59.12
830.88 -59.0
831.04 -58.97
831.2 -58.91
831.36 -58.67
831.52 -59.2
831.68 -58.82
831.84 -58.83
832.0 -58.85
832.16 -59.02
832.32 -59.13
832.48 -58.97
832.64 -58.72
832.8 -58.76
832.96 -58.85
833.12 -59.02
833.28 -58.86
833.44 -58.64
833.6 -58.44
833.76 -58.72
833.92 -59.01
834.08 -58.73
834.24 -58.45
834.4 -58.61
834.56 -58.68
834.72 -58.89
834.88 -58.82
835.04 -58.67
835.2 -58.63
835.36 -58.82
835.52 -58.74
835.68 -58.89
835.84 -58.71
836.0 -58.96
836.16 -58.94
836.32 -58.88
836.48 -58.92
836.64 -58.9
836.8 -59.2
836.96 -59.26
837.12 -58.99
837.28 -58.69
837.44 -58.99
837.6 -58.91
837.76 -59.03
837.92 -58.79
838.08 -58.72
838.24 -58.81
838.4 -58.95
838.56 -59.07
838.72 -58.93
838.88 -58.71
839.04 -58.78
839.2 -59.11
839.36 -58.87
839.52 -58.79
839.68 -58.8
839.84 -59.05
840.0 -58.96
840.16 -58.86
840.32 -58.84
840.48 -58.86
840.64 -58.9
840.8 -59.14
840.96 -58.84
841.12 -59.03
841.28 -59.03
841.44 -59.35
841.6 -58.96
841.76 -58.97
841.92 -58.74
842.08 -58.97
842.24 -58.95
842.4 -58.92
842.56 -58.81
842.72 -58.93
842.88 -58.82
843.04 -59.18
843.2 -58.88
843.36 -58.79
843.52 -58.71
843.68 -58.85
843.84 -58.9
844.0 -58.99
844.16 -58.67
844.32 -58.69
844.48 -58.68
844.64 -58.76
844.8 -58.65
844.96 -58.55
845.12 -58.79
845.28 -58.84
845.44 -58.66
845.6 -58.63
845.76 -58.84
845.92 -58.81
846.08 -58.64
846.24 -58.51
846.4 -58.55
846.56 -58.66
846.72 -58.76
846.88 -58.78
847.04 -58.54
847.2 -58.41
847.36 -58.71
847.52 -58.93
847.68 -58.51
847.84 -58.65
848.0 -58.59
848.16 -58.6
848.32 -58.88
848.48 -58.65
848.64 -58.5
848.8 -58.42
848.96 -58.93
849.12 -58.91
849.28 -58.86
849.44 -58.72
849.6 -58.84
849.76 -58.76
849.92 -58.79
850.08 -58.7
850.24 -58.57
850.4 -58.83
850.56 -58.94
850.72 -58.82
850.88 -58.89
851.04 -58.78
851.2 -58.68
851.36 -58.79
851.52 -58.78
851.68 -58.68
851.84 -58.45
852.0 -58.85
852.16 -58.78
852.32 -58.75
852.48 -58.65
852.64 -58.48
852.8 -58.87
852.96 -58.89
853.12 -58.72
853.28 -58.6
853.44 -58.54
853.6 -58.88
853.76 -58.9
853.92 -58.8
854.08 -58.49
854.24 -58.49
854.4 -58.74
854.56 -58.89
854.72 -58.57
854.88 -58.45
855.04 -58.55
855.2 -58.66
855.36 -58.83
855.52 -58.7
855.68 -58.52
855.84 -58.21
856.0 -58.63
856.16 -58.78
856.32 -58.73
856.48 -58.57
856.64 -58.21
856.8 -58.56
856.96 -58.79
857.12 -58.61
857.28 -58.54
857.44 -58.31
857.6 -58.64
857.76 -58.74
857.92 -58.59
858.08 -58.46
858.24 -58.55
858.4 -58.64
858.56 -58.71
858.72 -58.71
858.88 -58.41
859.04 -58.3
859.2 -58.52
859.36 -58.69
859.52 -58.88
859.68 -58.26
859.84 -58.19
860.0 -58.42
860.16 -58.72
860.32 -58.61
860.48 -58.41
860.64 -58.29
860.8 -58.64
860.96 -58.67
861.12 -58.63
861.28 -58.36
861.44 -58.4
861.6 -58.52
861.76 -58.62
861.92 -58.54
862.08 -58.4
862.24 -58.15
862.4 -58.57
862.56 -58.55
862.72 -58.71
862.88 -58.53
863.04 -58.29
863.2 -58.54
863.36 -58.71
863.52 -58.79
863.68 -58.45
863.84 -58.52
864.0 -58.46
864.16 -58.61
864.32 -58.8
864.48 -58.45
864.64 -58.26
864.8 -58.38
864.96 -58.73
865.12 -58.68
865.28 -58.49
865.44 -58.34
865.6 -58.44
865.76 -58.66
865.92 -58.8
866.08 -58.45
866.24 -58.34
866.4 -58.47
866.56 -58.78
866.72 -58.75
866.88 -58.43
867.04 -58.34
867.2 -58.41
867.36 -58.71
867.52 -58.69
867.68 -58.51
867.84 -58.32
868.0 -58.44
868.16 -58.8
868.32 -58.75
868.48 -58.49
868.64 -58.6
868.8 -58.62
868.96 -58.6
869.12 -58.74
869.28 -58.72
869.44 -58.66
869.6 -58.45
869.76 -58.68
869.92 -58.6
870.08 -58.79
870.24 -58.52
870.4 -58.62
870.56 -58.68
870.72 -58.65
870.88 -58.75
871.04 -58.52
871.2 -58.54
871.36 -58.41
871.52 -58.63
871.68 -58.55
871.84 -58.54
872.0 -58.56
872.16 -58.42
872.32 -58.46
872.48 -58.59
872.64 -58.43
872.8 -58.47
872.96 -58.32
873.12 -58.35
873.28 -58.74
873.44 -58.68
873.6 -58.76
873.76 -58.44
873.92 -58.34
874.08 -58.57
874.24 -58.46
874.4 -58.63
874.56 -58.5
874.72 -58.42
874.88 -58.59
875.04 -58.54
875.2 -58.61
875.36 -58.34
875.52 -58.11
875.68 -58.45
875.84 -58.47
876.0 -58.5
876.16 -58.34
876.32 -58.42
876.48 -58.46
876.64 -58.35
876.8 -58.54
876.96 -58.59
877.12 -58.61
877.28 -58.49
877.44 -58.32
877.6 -58.61
877.76 -58.56
877.92 -58.53
878.08 -58.33
878.24 -58.31
878.4 -58.39
878.56 -58.69
878.72 -58.33
878.88 -58.26
879.04 -58.18
879.2 -58.46
879.36 -58.5
879.52 -58.56
879.68 -58.52
879.84 -58.49
880.0 -58.52
880.16 -58.6
880.32 -58.64
880.48 -58.49
880.64 -58.36
880.8 -58.43
880.96 -58.49
881.12 -58.45
881.28 -58.61
881.44 -58.6
881.6 -58.47
881.76 -58.24
881.92 -58.37
882.08 -58.54
882.24 -58.47
882.4 -58.16
882.56 -58.0
882.72 -58.05
882.88 -58.34
883.04 -58.36
883.2 -58.52
883.36 -58.2
883.52 -58.16
883.68 -58.2
883.84 -58.63
884.0 -58.42
884.16 -58.28
884.32 -58.19
884.48 -58.4
884.64 -58.41
884.8 -58.23
884.96 -58.27
885.12 -58.27
885.28 -58.19
885.44 -58.25
885.6 -58.35
885.76 -58.48
885.92 -58.35
886.08 -58.26
886.24 -58.08
886.4 -58.3
886.56 -58.57
886.72 -58.33
886.88 -58.37
887.04 -58.56
887.2 -58.36
887.36 -58.49
887.52 -58.31
887.68 -58.62
887.84 -58.42
888.0 -58.46
888.16 -58.35
888.32 -58.33
888.48 -58.46
888.64 -58.38
888.8 -58.43
888.96 -58.27
889.12 -58.4
889.28 -58.44
889.44 -58.59
889.6 -58.48
889.76 -58.38
889.92 -58.09
890.08 -58.23
890.24 -58.28
890.4 -58.52
890.56 -58.32
890.72 -58.53
890.88 -58.42
891.04 -58.35
891.2 -58.53
891.36 -58.45
891.52 -58.09
891.68 -58.31
891.84 -58.25
892.0 -58.33
892.16 -58.52
892.32 -58.56
892.48 -58.35
892.64 -58.39
892.8 -58.5
892.96 -58.66
893.12 -58.71
893.28 -58.52
893.44 -58.5
893.6 -58.37
893.76 -58.44
893.92 -58.57
894.08 -58.38
894.24 -58.7
894.4 -58.36
894.56 -58.43
894.72 -58.57
894.88 -58.55
895.04 -58.46
895.2 -58.26
895.36 -58.4
895.52 -58.53
895.68 -58.69
895.84 -58.63
896.0 -58.42
896.16 -58.5
896.32 -58.53
896.48 -58.34
896.64 -58.39
896.8 -58.42
896.96 -58.38
897.12 -58.36
897.28 -58.22
897.44 -58.33
897.6 -58.55
897.76 -58.5
897.92 -58.28
898.08 -58.15
898.24 -58.36
898.4 -58.63
898.56 -58.48
898.72 -58.28
898.88 -58.5
899.04 -58.56
899.2 -58.4
899.36 -58.45
899.52 -58.45
899.68 -58.59
899.84 -58.41
900.0 -58.4
