740.0 -60.33
740.16 -59.96
740.32 -60.66
740.48 -60.27
740.64 -60.31
740.8 -60.45
740.96 -60.19
741.12 -60.29
741.28 -60.33
741.44 -60.44
741.6 -60.36
741.76 -60.29
741.92 -60.66
742.08 -60.12
742.24 -60.29
742.4 -60.36
742.56 -60.5
742.72 -60.32
742.88 -60.2
743.04 -60.35
743.2 -60.24
743.36 -60.38
743.52 -60.31
743.68 -60.51
743.84 -60.33
744.0 -60.2
744.16 -60.36
744.32 -60.16
744.48 -60.17
744.64 -60.37
744.8 -60.28
744.96 -60.43
745.12 -59.98
745.28 -60.16
745.44 -60.24
745.6 -60.31
745.76 -60.43
745.92 -60.22
746.08 -60.34
746.24 -60.2
746.4 -60.1
746.56 -60.45
746.72 -60.15
746.88 -60.67
747.04 -60.1
747.2 -59.99
747.36 -59.92
747.52 -60.08
747.68 -60.29
747.84 -60.36
748.0 -60.01
748.16 -60.17
748.32 -60.29
748.48 -60.18
748.64 -60.22
748.8 -60.66
748.96 -60.12
749.12 -60.24
749.28 -60.32
749.44 -60.13
749.6 -60.25
749.76 -60.44
749.92 -60.5
750.08 -60.16
750.24 -60.19
750.4 -60.27
750.56 -60.1
750.72 -60.36
750.88 -60.68
751.04 -60.2
751.2 -59.99
751.36 -59.87
751.52 -59.93
751.68 -59.99
751.84 -60.32
752.0 -60.35
752.16 -60.39
752.32 -60.53
752.48 -60.26
752.64 -60.03
752.8 -60.43
752.96 -60.55
753.12 -60.31
753.28 -60.36
753.44 -60.03
753.6 -60.12
753.76 -60.1
753.92 -60.3
754.08 -60.32
754.24 -60.42
754.4 -60.19
754.56 -59.89
754.72 -59.97
754.88 -60.32
755.04 -60.26
755.2 -60.75
755.36 -60.19
755.52 -59.73
755.68 -59.87
755.84 -60.08
756.0 -60.39
756.16 -60.35
756.32 -60.16
756.48 -60.15
756.64 -59.92
756.8 -59.83
756.96 -60.05
757.12 -60.03
757.28 -59.99
757.44 -59.89
757.6 -59.95
757.76 -60.22
757.92 -59.93
758.08 -59.85
758.24 -59.77
758.4 -60.19
758.56 -60.08
758.72 -59.94
758.88 -59.87
759.04 -59.98
759.2 -59.9
759.36 -60.14
759.52 -60.46
759.68 -60.09
759.84 -59.74
760.0 -60.1
760.16 -59.89
760.32 -60.11
760.48 -60.51
760.64 -60.51
760.8 -60.26
760.96 -60.07
761.12 -59.56
761.28 -59.85
761.44 -60.25
761.6 -60.27
761.76 -59.99
761.92 -60.1
762.08 -59.8
762.24 -59.83
762.4 -59.76
762.56 -59.97
762.72 -60.34
762.88 -60.09
763.04 -59.75
763.2 -60.05
763.36 -60.11
763.52 -60.04
763.68 -60.39
763.84 -60.25
764.0 -59.92
764.16 -59.97
764.32 -60.27
764.48 -59.8
764.64 -60.34
764.8 -60.1
764.96 -60.08
765.12 -60.08
765.28 -59.58
765.44 -59.86
765.6 -59.98
765.76 -60.04
765.92 -59.83
766.08 -60.33
766.24 -59.76
766.4 -60.05
766.56 -60.08
766.72 -60.01
766.88 -59.95
767.04 -60.26
767.2 -60.03
767.36 -59.99
767.52 -59.99
767.68 -59.6
767.84 -59.95
768.0 -60.02
768.16 -59.87
768.32 -59.95
768.48 -60.19
768.64 -59.59
768.8 -59.5
768.96 -59.95
769.12 -60.18
769.28 -60.44
769.44 -59.92
769.6 -59.45
769.76 -59.75
769.92 -59.84
770.08 -59.99
770.24 -60.16
770.4 -60.1
770.56 -60.19
770.72 -59.76
770.88 -59.6
771.04 -59.68
771.2 -60.01
771.36 -60.35
771.52 -60.1
771.68 -60.0
771.84 -59.63
772.0 -59.6
772.16 -59.77
772.32 -59.85
772.48 -60.25
772.64 -60.15
772.8 -59.87
772.96 -59.78
773.12 -59.92
773.28 -59.83
773.44 -60.26
773.6 -60.24
773.76 -60.26
773.92 -60.04
774.08 -59.7
774.24 -59.58
774.4 -60.08
774.56 -59.98
774.72 -60.15
774.88 -60.09
775.04 -59.78
775.2 -59.67
775.36 -59.2
775.52 -59.93
775.68 -60.08
775.84 -60.49
776.0 -60.13
776.16 -59.78
776.32 -59.49
776.48 -59.42
776.64 -59.69
776.8 -60.1
776.96 -59.94
777.12 -59.72
777.28 -59.79
777.44 -59.42
777.6 -59.52
777.76 -59.6
777.92 -60.21
778.08 -60.37
778.24 -60.04
778.4 -59.74
778.56 -59.36
778.72 -59.47
778.88 -59.69
779.04 -59.8
779.2 -60.29
779.36 -60.36
779.52 -59.54
779.68 -59.18
779.84 -59.35
780.0 -59.71
780.16 -60.05
780.32 -60.37
780.48 -60.01
780.64 -59.69
780.8 -59.48
780.96 -59.43
781.12 -59.58
781.28 -59.78
781.44 -60.17
781.6 -60.42
781.76 -59.27
781.92 -59.59
782.08 -59.12
782.24 -59.68
782.4 -59.8
782.56 -60.16
782.72 -59.82
782.88 -59.82
783.04 -59.48
783.2 -59.32
783.36 -59.46
783.52 -59.94
783.68 -60.03
783.84 -60.18
784.0 -59.51
784.16 -59.24
784.32 -59.27
784.48 -59.23
784.64 -59.76
784.8 -60.2
784.96 -60.23
785.12 -59.87
785.28 -59.2
785.44 -59.37
785.6 -59.15
785.76 -59.55
785.92 -59.9
786.08 -60.2
786.24 -59.94
786.4 -59.42
786.56 -59.4
786.72 -59.18
786.88 -59.79
787.04 -60.0
787.2 -59.96
787.36 -59.78
787.52 -59.38
787.68 -59.13
787.84 -59.3
788.0 -59.75
788.16 -59.77
788.32 -60.03
788.48 -59.94
788.64 -59.24
788.8 -59.02
788.96 -59.2
789.12 -59.24
789.28 -60.16
789.44 -60.16
789.6 -59.8
789.76 -59.24
789.92 -58.94
790.08 -59.12
790.24 -59.3
790.4 -59.99
790.56 -60.05
790.72 -59.72
790.88 -59.41
791.04 -59.12
791.2 -58.93
791.36 -59.22
791.52 -59.56
791.68 -60.05
791.84 -59.75
792.0 -59.37
792.16 -59.02
792.32 -58.92
792.48 -59.52
792.64 -59.56
792.8 -60.39
792.96 -60.17
793.12 -59.51
793.28 -59.22
793.44 -58.93
793.6 -59.15
793.76 -59.59
793.92 -59.86
794.08 -59.82
794.24 -59.66
794.4 -59.43
794.56 -59.12
794.72 -58.88
794.88 -59.32
795.04 -60.22
795.2 -60.04
795.36 -59.73
795.52 -59.25
795.68 -58.83
795.84 -58.8
796.0 -59.17
796.16 -59.42
796.32 -60.13
796.48 -59.83
796.64 -59.33
796.8 -58.84
796.96 -58.86
797.12 -59.01
797.28 -59.56
797.44 -60.02
797.6 -60.35
797.76 -59.46
797.92 -59.24
798.08 -58.54
798.24 -58.94
798.4 -59.53
798.56 -59.62
798.72 -60.3
798.88 -59.83
799.04 -59.01
799.2 -58.69
799.36 -58.72
799.52 -59.13
799.68 -59.46
799.84 -59.99
800.0 -60.12
800.16 -59.46
800.32 -58.56
800.48 -58.89
800.64 -59.05
800.8 -59.29
800.96 -59.75
801.12 -59.8
801.28 -59.62
801.44 -58.93
801.6 -58.71
801.76 -58.84
801.92 -59.0
802.08 -59.58
802.24 -59.75
802.4 -59.76
802.56 -59.28
802.72 -59.04
802.88 -58.76
803.04 -58.75
803.2 -59.06
803.36 -59.48
803.52 -59.82
803.68 -59.35
803.84 -59.18
804.0 -58.65
804.16 -58.6
804.32 -59.02
804.48 -59.49
804.64 -59.58
804.8 -59.57
804.96 -59.08
805.12 -58.71
805.28 -58.4
805.44 -58.66
805.6 -58.84
805.76 -59.53
805.92 -59.44
806.08 -58.74
806.24 -57.96
806.4 -57.27
806.56 -56.7
806.72 -56.27
806.88 -55.75
807.04 -54.87
807.2 -53.43
807.36 -51.55
807.52 -50.16
807.68 -48.92
807.84 -48.39
808.0 -48.47
808.16 -49.02
808.32 -49.72
808.48 -49.78
808.64 -49.37
808.8 -49.25
808.96 -49.99
809.12 -51.72
809.28 -54.79
809.44 -57.49
809.6 -58.49
809.76 -58.56
809.92 -58.42
810.08 -58.34
810.24 -58.56
810.4 -59.01
810.56 -59.44
810.72 -59.37
810.88 -59.24
811.04 -58.76
811.2 -58.52
811.36 -59.26
811.52 -59.06
811.68 -59.37
811.84 -59.46
812.0 -59.65
812.16 -59.21
812.32 -58.83
812.48 -58.94
812.64 -58.89
812.8 -59.13
812.96 -59.49
813.12 -59.62
813.28 -59.28
813.44 -58.89
813.6 -58.66
813.76 -58.73
813.92 -59.03
814.08 -59.53
814.24 -59.8
814.4 -59.37
814.56 -59.47
814.72 -58.94
814.88 -58.75
815.04 -58.61
815.2 -59.09
815.36 -59.66
815.52 -59.43
815.68 -59.5
815.84 -58.98
816.0 -58.97
816.16 -58.75
816.32 -58.92
816.48 -59.11
816.64 -59.62
816.8 -59.51
816.96 -59.16
817.12 -58.86
817.28 -58.83
817.44 -58.67
817.6 -58.89
817.76 -59.33
817.92 -59.48
818.08 -59.61
818.24 -59.0
818.4 -58.62
818.56 -58.75
818.72 -58.83
818.88 -59.05
819.04 -59.4
819.2 -59.61
819.36 -59.4
819.52 -59.16
819.68 -58.69
819.84 -58.76
820.0 -58.7
820.16 -58.89
820.32 -59.45
820.48 -59.55
820.64 -59.41
820.8 -59.04
820.96 -58.76
821.12 -58.69
821.28 -58.83
821.44 -59.06
821.6 -59.54
821.76 -59.53
821.92 -59.24
822.08 -58.8
822.24 -58.59
822.4 -58.82
822.56 -58.76
822.72 -59.32
822.88 -59.4
823.04 -59.29
823.2 -58.97
823.36 -58.95
823.52 -58.61
823.68 -58.48
823.84 -58.87
824.0 -58.97
824.16 -59.57
824.32 -59.26
824.48 -59.23
824.64 -58.7
824.8 -58.61
824.96 -58.68
825.12 -58.72
825.28 -59.1
825.44 -59.47
825.6 -59.51
825.76 -58.82
825.92 -58.52
826.08 -58.59
826.24 -58.62
826.4 -58.89
826.56 -58.92
826.72 -59.25
826.88 -59.01
827.04 -58.83
827.2 -58.62
827.36 -58.53
827.52 -58.69
827.68 -58.66
827.84 -59.31
828.0 -59.21
828.16 -59.08
828.32 -58.78
828.48 -58.46
828.64 -58.43
828.8 -58.42
828.96 -58.67
829.12 -59.05
829.28 -59.05
829.44 -59.05
829.6 -58.55
829.76 -58.31
829.92 -58.18
830.08 -58.31
830.24 -58.59
830.4 -58.86
830.56 -59.04
830.72 -59.08
830.88 -58.67
831.04 -58.44
831.2 -58.12
831.36 -58.11
831.52 -58.57
831.68 -59.12
831.84 -59.07
832.0 -59.06
832.16 -58.79
832.32 -58.68
832.48 -58.39
832.64 -58.44
832.8 -58.37
832.96 -58.57
833.12 -58.93
833.28 -59.02
833.44 -58.59
833.6 -58.52
833.76 -58.26
833.92 -58.19
834.08 -58.28
834.24 -58.4
834.4 -58.52
834.56 -58.82
834.72 -58.73
834.88 -58.46
835.04 -58.14
835.2 -58.06
835.36 -58.03
835.52 -58.32
835.68 -58.72
835.84 -58.67
836.0 -58.88
836.16 -58.41
836.32 -58.36
836.48 -58.15
836.64 -57.93
836.8 -58.21
836.96 -58.38
837.12 -58.59
837.28 -58.78
837.44 -58.52
837.6 -58.21
837.76 -58.14
837.92 -58.11
838.08 -58.24
838.24 -58.43
838.4 -58.75
838.56 -58.85
838.72 -58.73
838.88 -58.69
839.04 -58.31
839.2 -58.12
839.36 -58.45
839.52 -58.52
839.68 -58.82
839.84 -58.7
840.0 -58.75
840.16 -58.48
840.32 -58.41
840.48 -58.15
840.64 -58.24
840.8 -58.39
840.96 -58.53
841.12 -58.94
841.28 -58.7
841.44 -58.57
841.6 -58.37
841.76 -58.22
841.92 -58.16
842.08 -58.24
842.24 -58.43
842.4 -58.71
842.56 -58.75
842.72 -58.77
842.88 -58.44
843.04 -58.36
843.2 -58.16
843.36 -58.17
843.52 -58.46
843.68 -58.49
843.84 -58.49
844.0 -58.55
844.16 -58.61
844.32 -58.39
844.48 -58.06
844.64 -58.14
844.8 -58.36
844.96 -58.2
845.12 -58.57
845.28 -58.64
845.44 -58.63
845.6 -58.29
845.76 -58.2
845.92 -58.17
846.08 -58.17
846.24 -58.25
846.4 -58.32
846.56 -58.56
846.72 -58.61
846.88 -58.58
847.04 -58.48
847.2 -58.21
847.36 -58.12
847.52 -58.14
847.68 -58.42
847.84 -58.57
848.0 -58.7
848.16 -58.93
848.32 -58.5
848.48 -58.42
848.64 -57.99
848.8 -58.19
848.96 -58.13
849.12 -58.32
849.28 -58.61
849.44 -58.64
849.6 -58.65
849.76 -58.5
849.92 -58.28
850.08 -58.14
850.24 -58.03
850.4 -58.04
850.56 -58.35
850.72 -58.53
850.88 -58.39
851.04 -58.55
851.2 -58.23
851.36 -58.29
851.52 -58.01
851.68 -57.97
851.84 -58.16
852.0 -58.29
852.16 -58.36
852.32 -58.57
852.48 -58.41
852.64 -58.14
852.8 -58.04
852.96 -57.77
853.12 -57.96
853.28 -58.25
853.44 -58.24
853.6 -58.56
853.76 -58.44
853.92 -58.38
854.08 -58.28
854.24 -57.95
854.4 -58.01
854.56 -57.99
854.72 -58.0
854.88 -58.29
855.04 -58.47
855.2 -58.43
855.36 -58.56
855.52 -58.15
855.68 -58.08
855.84 -58.0
856.0 -57.99
856.16 -57.96
856.32 -58.39
856.48 -58.43
856.64 -58.4
856.8 -58.31
856.96 -58.29
857.12 -58.13
857.28 -58.11
857.44 -58.08
857.6 -58.05
857.76 -58.07
857.92 -58.27
858.08 -58.44
858.24 -58.29
858.4 -58.06
858.56 -58.0
858.72 -57.88
858.88 -57.81
859.04 -58.05
859.2 -58.25
859.36 -58.26
859.52 -58.4
859.68 -58.44
859.84 -58.23
860.0 -58.12
860.16 -57.86
860.32 -57.83
860.48 -58.0
860.64 -58.04
860.8 -58.41
860.96 -58.18
861.12 -58.29
861.28 -58.03
861.44 -57.84
861.6 -57.8
861.76 -57.91
861.92 -58.01
862.08 -58.02
862.24 -58.14
862.4 -58.22
862.56 -58.19
862.72 -58.23
862.88 -58.04
863.04 -57.8
863.2 -57.87
863.36 -57.9
863.52 -58.0
863.68 -58.2
863.84 -58.02
864.0 -58.21
864.16 -58.08
864.32 -58.01
864.48 -57.91
864.64 -57.87
864.8 -57.69
864.96 -57.85
865.12 -58.06
865.28 -58.15
865.44 -58.29
865.6 -58.2
865.76 -58.09
865.92 -57.9
866.08 -57.87
866.24 -57.76
866.4 -57.88
866.56 -57.94
866.72 -58.15
866.88 -58.18
867.04 -58.27
867.2 -57.98
867.36 -58.04
867.52 -57.92
867.68 -57.86
867.84 -57.85
868.0 -57.91
868.16 -57.88
868.32 -58.12
868.48 -58.19
868.64 -58.14
868.8 -57.9
868.96 -57.96
869.12 -57.86
869.28 -57.83
869.44 -57.89
869.6 -57.78
869.76 -58.14
869.92 -58.2
870.08 -58.16
870.24 -57.99
870.4 -58.02
870.56 -57.89
870.72 -57.77
870.88 -57.74
871.04 -57.98
871.2 -57.96
871.36 -58.09
871.52 -58.18
871.68 -57.92
871.84 -57.96
872.0 -57.99
872.16 -57.68
872.32 -57.67
872.48 -57.76
872.64 -57.88
872.8 -57.95
872.96 -58.02
873.12 -57.98
873.28 -57.94
873.44 -57.97
873.6 -57.55
873.76 -57.66
873.92 -57.77
874.08 -57.79
874.24 -57.89
874.4 -58.0
874.56 -58.09
874.72 -58.12
874.88 -57.86
875.04 -57.77
875.2 -57.78
875.36 -57.72
875.52 -57.61
875.68 -57.6
875.84 -57.86
876.0 -57.97
876.16 -57.98
876.32 -58.09
876.48 -57.77
876.64 -57.74
876.8 -57.6
876.96 -57.52
877.12 -57.5
877.28 -57.69
877.44 -57.78
877.6 -57.84
877.76 -58.07
877.92 -57.86
878.08 -57.79
878.24 -57.61
878.4 -57.59
878.56 -57.43
878.72 -57.55
878.88 -57.63
879.04 -57.81
879.2 -57.76
879.36 -57.93
879.52 -57.9
879.68 -57.78
879.84 -57.72
880.0 -57.53
880.16 -57.48
880.32 -57.49
880.48 -57.6
880.64 -57.86
880.8 -57.87
880.96 -57.84
881.12 -57.79
881.28 -57.75
881.44 -57.86
881.6 -57.5
881.76 -57.4
881.92 -57.65
882.08 -57.71
882.24 -57.62
882.4 -57.68
882.56 -57.77
882.72 -57.99
882.88 -57.69
883.04 -57.8
883.2 -57.6
883.36 -57.39
883.52 -57.43
883.68 -57.53
883.84 -57.63
884.0 -57.68
884.16 -57.89
884.32 -57.68
884.48 -57.82
884.64 -57.65
884.8 -57.59
884.96 -57.59
885.12 -57.49
885.28 -57.35
885.44 -57.53
885.6 -57.82
885.76 -57.67
885.92 -57.71
886.08 -57.72
886.24 -57.55
886.4 -57.36
886.56 -57.45
886.72 -57.29
886.88 -57.51
887.04 -57.51
887.2 -57.56
887.36 -57.58
887.52 -57.71
887.68 -57.68
887.84 -57.59
888.0 -57.59
888.16 -57.35
888.32 -57.32
888.48 -57.28
888.64 -57.3
888.8 -57.48
888.96 -57.58
889.12 -57.66
889.28 -57.53
889.44 -57.69
889.6 -57.42
889.76 -57.36
889.92 -57.32
890.08 -57.5
890.24 -57.47
890.4 -57.44
890.56 -57.62
890.72 -57.52
890.88 -57.58
891.04 -57.67
891.2 -57.53
891.36 -57.48
891.52 -57.5
891.68 -57.21
891.84 -57.24
892.0 -57.27
892.16 -57.41
892.32 -57.44
892.48 -57.67
892.64 -57.37
892.8 -57.53
892.96 -57.57
893.12 -57.4
893.28 -57.3
893.44 -57.24
893.6 -57.27
893.76 -57.31
893.92 -57.37
894.08 -57.42
894.24 -57.33
894.4 -57.32
894.56 -57.3
894.72 -57.42
894.88 -57.36
895.04 -57.12
895.2 -57.31
895.36 -57.18
895.52 -57.3
895.68 -57.21
895.84 -57.3
896.0 -57.44
896.16 -57.45
896.32 -57.34
896.48 -57.4
896.64 -57.3
896.8 -57.38
896.96 -57.17
897.12 -57.18
897.28 -57.17
897.44 -57.19
897.6 -57.35
897.76 -57.47
897.92 -57.48
898.08 -57.4
898.24 -57.35
898.4 -57.11
898.56 -57.04
898.72 -57.2
898.88 -57.1
899.04 -57.09
899.2 -57.41
899.36 -57.22
899.52 -57.38
899.68 -57.33
899.84 -57.22
900.0 -57.33
