740.0 -61.35
740.16 -61.8
740.32 -61.64
740.48 -61.68
740.64 -61.21
740.8 -61.2
740.96 -61.28
741.12 -61.25
741.28 -61.26
741.44 -61.56
741.6 -61.52
741.76 -61.74
741.92 -61.53
742.08 -61.88
742.24 -61.32
742.4 -61.52
742.56 -61.58
742.72 -61.65
742.88 -61.62
743.04 -61.28
743.2 -61.53
743.36 -61.14
743.52 -61.64
743.68 -61.58
743.84 -61.64
744.0 -61.45
744.16 -61.29
744.32 -61.54
744.48 -61.26
744.64 -61.94
744.8 -61.47
744.96 -61.29
745.12 -61.12
745.28 -61.36
745.44 -61.49
745.6 -61.51
745.76 -61.4
745.92 -61.15
746.08 -61.55
746.24 -61.78
746.4 -61.53
746.56 -61.66
746.72 -61.49
746.88 -61.52
747.04 -61.21
747.2 -61.41
747.36 -61.73
747.52 -61.81
747.68 -61.08
747.84 -61.63
748.0 -61.35
748.16 -61.07
748.32 -61.13
748.48 -61.47
748.64 -61.1
748.8 -61.0
748.96 -61.69
749.12 -61.8
749.28 -61.61
749.44 -61.11
749.6 -61.52
749.76 -61.2
749.92 -61.01
750.08 -61.32
750.24 -61.17
750.4 -61.31
750.56 -61.2
750.72 -61.31
750.88 -61.04
751.04 -61.22
751.2 -61.37
751.36 -61.51
751.52 -61.18
751.68 -61.62
751.84 -61.39
752.0 -61.52
752.16 -60.86
752.32 -61.13
752.48 -60.92
752.64 -60.98
752.8 -60.95
752.96 -61.19
753.12 -61.05
753.28 -61.13
753.44 -60.95
753.6 -61.54
753.76 -61.32
753.92 -61.59
754.08 -61.26
754.24 -61.55
754.4 -61.32
754.56 -61.46
754.72 -61.31
754.88 -61.2
755.04 -60.97
755.2 -61.02
755.36 -61.15
755.52 -60.88
755.68 -61.18
755.84 -61.28
756.0 -61.13
756.16 -61.71
756.32 -61.39
756.48 -61.37
756.64 -60.96
756.8 -61.56
756.96 -61.18
757.12 -60.98
757.28 -61.01
757.44 -60.88
757.6 -61.12
757.76 -60.97
757.92 -60.91
758.08 -60.92
758.24 -60.79
758.4 -61.16
758.56 -60.82
758.72 -61.35
758.88 -61.27
759.04 -61.07
759.2 -61.01
759.36 -61.25
759.52 -60.96
759.68 -60.89
759.84 -60.8
760.0 -60.72
760.16 -60.67
760.32 -61.29
760.48 -61.14
760.64 -61.0
760.8 -60.84
760.96 -61.82
761.12 -61.46
761.28 -61.43
761.44 -61.37
761.6 -61.16
761.76 -61.15
761.92 -61.01
762.08 -60.7
762.24 -60.84
762.4 -60.92
762.56 -61.22
762.72 -60.89
762.88 -61.16
763.04 -61.3
763.2 -61.3
763.36 -61.26
763.52 -61.2
763.68 -61.06
763.84 -61.11
764.0 -61.26
764.16 -60.92
764.32 -60.88
764.48 -60.85
764.64 -60.7
764.8 -60.87
764.96 -61.01
765.12 -60.98
765.28 -60.99
765.44 -61.27
765.6 -61.33
765.76 -61.24
765.92 -61.46
766.08 -61.09
766.24 -61.07
766.4 -61.12
766.56 -61.09
766.72 -60.71
766.88 -60.48
767.04 -60.88
767.2 -60.56
767.36 -61.0
767.52 -60.83
767.68 -61.03
767.84 -60.96
768.0 -61.17
768.16 -60.91
768.32 -60.99
768.48 -60.91
768.64 -61.12
768.8 -60.79
768.96 -60.63
769.12 -60.77
769.28 -60.65
769.44 -60.31
769.6 -60.17
769.76 -60.57
769.92 -60.69
770.08 -60.98
770.24 -60.82
770.4 -60.63
770.56 -61.3
770.72 -61.16
770.88 -61.32
771.04 -61.59
771.2 -60.58
771.36 -60.77
771.52 -60.69
771.68 -60.56
771.84 -60.62
772.0 -60.71
772.16 -60.49
772.32 -60.42
772.48 -60.52
772.64 -60.89
772.8 -61.09
772.96 -61.13
773.12 -61.01
773.28 -61.48
773.44 -61.22
773.6 -60.82
773.76 -60.85
773.92 -60.62
774.08 -60.26
774.24 -60.24
774.4 -60.21
774.56 -60.43
774.72 -60.58
774.88 -60.66
775.04 -60.81
775.2 -60.97
775.36 -61.03
775.52 -61.23
775.68 -61.27
775.84 -61.13
776.0 -61.24
776.16 -60.88
776.32 -60.52
776.48 -60.54
776.64 -60.36
776.8 -60.34
776.96 -59.82
777.12 -60.3
777.28 -60.12
777.44 -60.1
777.6 -60.82
777.76 -61.07
777.92 -60.92
778.08 -61.07
778.24 -60.99
778.4 -60.9
778.56 -60.94
778.72 -60.63
778.88 -60.47
779.04 -60.03
779.2 -60.4
779.36 -59.95
779.52 -60.01
779.68 -60.1
779.84 -60.21
780.0 -60.34
780.16 -60.38
780.32 -60.53
780.48 -60.79
780.64 -60.93
780.8 -61.1
780.96 -60.91
781.12 -61.02
781.28 -60.73
781.44 -60.57
781.6 -60.45
781.76 -60.08
781.92 -60.14
782.08 -59.72
782.24 -60.07
782.4 -59.9
782.56 -60.03
782.72 -60.39
782.88 -60.5
783.04 -60.69
783.2 -61.07
783.36 -61.06
783.52 -61.38
783.68 -61.09
783.84 -60.56
784.0 -60.66
784.16 -60.12
784.32 -60.13
784.48 -59.67
784.64 -60.06
784.8 -59.79
784.96 -59.8
785.12 -60.39
785.28 -60.36
785.44 -60.95
785.6 -61.15
785.76 -61.24
785.92 -61.2
786.08 -61.12
786.24 -60.75
786.4 -60.39
786.56 -60.28
786.72 -59.88
786.88 -59.78
787.04 -59.81
787.2 -60.01
787.36 -59.95
787.52 -59.96
787.68 -60.18
787.84 -60.57
788.0 -60.76
788.16 -61.5
788.32 -61.23
788.48 -61.31
788.64 -61.08
788.8 -61.12
788.96 -60.76
789.12 -60.23
789.28 -60.24
789.44 -59.91
789.6 -59.79
789.76 -59.79
789.92 -59.68
790.08 -59.83
790.24 -59.87
790.4 -60.48
790.56 -60.88
790.72 -61.08
790.88 -61.19
791.04 -61.27
791.2 -61.29
791.36 -60.78
791.52 -60.34
791.68 -60.01
791.84 -60.1
792.0 -59.86
792.16 -59.31
792.32 -59.53
792.48 -59.52
792.64 -59.51
792.8 -59.98
792.96 -60.46
793.12 -60.6
793.28 -61.07
793.44 -61.29
793.6 -60.85
793.76 -60.44
793.92 -60.32
794.08 -60.14
794.24 -59.78
794.4 -59.9
794.56 -59.56
794.72 -59.39
794.88 -59.3
795.04 -59.51
795.2 -59.86
795.36 -60.08
795.52 -60.17
795.68 -60.64
795.84 -61.13
796.0 -61.03
796.16 -60.49
796.32 -60.87
796.48 -60.65
796.64 -60.1
796.8 -59.78
796.96 -59.79
797.12 -59.47
797.28 -59.03
797.44 -59.41
797.6 -59.55
797.76 -59.5
797.92 -59.85
798.08 -59.87
798.24 -60.11
798.4 -60.74
798.56 -60.83
798.72 -60.7
798.88 -61.15
799.04 -60.63
799.2 -60.66
799.36 -60.25
799.52 -59.97
799.68 -59.76
799.84 -59.07
800.0 -59.11
800.16 -59.31
800.32 -59.18
800.48 -59.18
800.64 -59.57
800.8 -59.91
800.96 -60.21
801.12 -60.68
801.28 -60.74
801.44 -60.7
801.6 -60.65
801.76 -60.81
801.92 -60.5
802.08 -60.73
802.24 -60.19
802.4 -60.16
802.56 -60.24
802.72 -59.56
802.88 -59.35
803.04 -59.13
803.2 -59.27
803.36 -59.4
803.52 -59.59
803.68 -59.81
803.84 -59.74
804.0 -60.04
804.16 -60.3
804.32 -60.58
804.48 -60.64
804.64 -60.54
804.8 -60.63
804.96 -60.16
805.12 -60.1
805.28 -59.54
805.44 -59.26
805.6 -59.31
805.76 -59.08
805.92 -58.84
806.08 -58.52
806.24 -58.44
806.4 -58.04
806.56 -57.61
806.72 -57.03
806.88 -56.17
807.04 -55.34
807.2 -54.35
807.36 -53.11
807.52 -51.79
807.68 -50.45
807.84 -49.61
808.0 -49.15
808.16 -49.21
808.32 -49.52
808.48 -49.59
808.64 -49.51
808.8 -49.72
808.96 -50.54
809.12 -52.22
809.28 -55.25
809.44 -57.86
809.6 -59.02
809.76 -60.15
809.92 -60.44
810.08 -60.1
810.24 -60.48
810.4 -60.25
810.56 -60.22
810.72 -60.06
810.88 -59.88
811.04 -59.62
811.2 -59.72
811.36 -59.28
811.52 -59.27
811.68 -59.25
811.84 -58.99
812.0 -59.44
812.16 -59.41
812.32 -59.4
812.48 -59.85
812.64 -60.13
812.8 -60.14
812.96 -60.46
813.12 -60.7
813.28 -60.47
813.44 -60.31
813.6 -60.22
813.76 -59.74
813.92 -59.98
814.08 -59.6
814.24 -59.3
814.4 -59.35
814.56 -59.21
814.72 -59.1
814.88 -59.69
815.04 -59.77
815.2 -60.05
815.36 -60.42
815.52 -60.26
815.68 -60.28
815.84 -60.64
816.0 -60.33
816.16 -60.39
816.32 -60.28
816.48 -59.9
816.64 -59.73
816.8 -59.31
816.96 -59.18
817.12 -59.28
817.28 -59.41
817.44 -59.38
817.6 -59.02
817.76 -59.57
817.92 -59.85
818.08 -59.93
818.24 -60.0
818.4 -60.57
818.56 -60.39
818.72 -60.19
818.88 -60.26
819.04 -60.23
819.2 -60.15
819.36 -59.7
819.52 -59.46
819.68 -59.24
819.84 -59.18
820.0 -59.28
820.16 -59.3
820.32 -59.29
820.48 -59.47
820.64 -59.88
820.8 -59.89
820.96 -60.1
821.12 -60.79
821.28 -60.3
821.44 -60.54
821.6 -60.1
821.76 -59.91
821.92 -59.72
822.08 -59.67
822.24 -59.5
822.4 -59.27
822.56 -59.23
822.72 -59.1
822.88 -59.26
823.04 -59.45
823.2 -59.74
823.36 -59.71
823.52 -59.9
823.68 -60.14
823.84 -60.23
824.0 -60.4
824.16 -60.33
824.32 -60.51
824.48 -59.8
824.64 -59.8
824.8 -60.06
824.96 -59.63
825.12 -59.3
825.28 -59.38
825.44 -59.28
825.6 -59.08
825.76 -59.37
825.92 -59.66
826.08 -59.86
826.24 -59.78
826.4 -60.15
826.56 -60.33
826.72 -60.23
826.88 -60.46
827.04 -60.58
827.2 -60.15
827.36 -60.19
827.52 -60.01
827.68 -59.83
827.84 -59.63
828.0 -59.45
828.16 -59.29
828.32 -58.97
828.48 -59.12
828.64 -59.4
828.8 -59.44
828.96 -59.6
829.12 -60.04
829.28 -60.14
829.44 -60.3
829.6 -60.73
829.76 -60.21
829.92 -60.34
830.08 -60.16
830.24 -60.2
830.4 -59.77
830.56 -59.81
830.72 -59.78
830.88 -59.58
831.04 -59.35
831.2 -59.66
831.36 -59.24
831.52 -59.38
831.68 -59.3
831.84 -59.61
832.0 -59.61
832.16 -59.84
832.32 -60.03
832.48 -60.13
832.64 -60.21
832.8 -60.4
832.96 -60.47
833.12 -60.17
833.28 -60.16
833.44 -60.08
833.6 -59.61
833.76 -59.73
833.92 -59.65
834.08 -59.35
834.24 -59.4
834.4 -59.25
834.56 -59.2
834.72 -59.24
834.88 -59.17
835.04 -59.33
835.2 -59.45
835.36 -59.58
835.52 -59.84
835.68 -59.91
835.84 -59.8
836.0 -60.01
836.16 -60.18
836.32 -60.21
836.48 -59.89
836.64 -59.83
836.8 -59.82
836.96 -59.52
837.12 -59.31
837.28 -59.4
837.44 -59.18
837.6 -59.29
837.76 -59.27
837.92 -59.01
838.08 -59.4
838.24 -59.19
838.4 -59.43
838.56 -59.27
838.72 -59.75
838.88 -59.9
839.04 -60.24
839.2 -60.0
839.36 -60.09
839.52 -60.33
839.68 -60.28
839.84 -60.13
840.0 -59.69
840.16 -59.86
840.32 -59.7
840.48 -59.46
840.64 -59.45
840.8 -59.15
840.96 -59.35
841.12 -59.17
841.28 -59.32
841.44 -59.51
841.6 -59.23
841.76 -59.53
841.92 -59.65
842.08 -59.7
842.24 -59.97
842.4 -59.98
842.56 -59.92
842.72 -60.03
842.88 -59.92
843.04 -60.1
843.2 -60.01
843.36 -59.58
843.52 -59.69
843.68 -59.92
843.84 -59.6
844.0 -59.41
844.16 -59.37
844.32 -59.28
844.48 -59.18
844.64 -59.13
844.8 -59.3
844.96 -59.3
845.12 -59.74
845.28 -59.78
845.44 -59.83
845.6 -59.74
845.76 -60.19
845.92 -60.25
846.08 -59.95
846.24 -60.46
846.4 -59.99
846.56 -59.95
846.72 -59.85
846.88 -59.78
847.04 -59.61
847.2 -59.38
847.36 -59.25
847.52 -59.27
847.68 -59.24
847.84 -59.24
848.0 -59.46
848.16 -59.25
848.32 -59.56
848.48 -59.65
848.64 -59.87
848.8 -60.01
848.96 -59.9
849.12 -59.95
849.28 -60.28
849.44 -60.51
849.6 -60.03
849.76 -60.11
849.92 -59.83
850.08 -59.89
850.24 -59.93
850.4 -59.61
850.56 -59.88
850.72 -59.79
850.88 -59.48
851.04 -59.5
851.2 -59.44
851.36 -59.64
851.52 -59.44
851.68 -59.65
851.84 -59.58
852.0 -59.83
852.16 -59.9
852.32 -59.76
852.48 -59.94
852.64 -59.87
852.8 -60.18
852.96 -60.34
853.12 -60.34
853.28 -60.09
853.44 -60.05
853.6 -59.58
853.76 -59.72
853.92 -59.63
854.08 -59.78
854.24 -59.44
854.4 -59.44
854.56 -59.67
854.72 -59.75
854.88 -59.72
855.04 -59.93
855.2 -59.72
855.36 -59.76
855.52 -60.0
855.68 -60.35
855.84 -60.09
856.0 -60.35
856.16 -60.2
856.32 -60.39
856.48 -60.38
856.64 -60.1
856.8 -60.44
856.96 -60.19
857.12 -59.69
857.28 -59.7
857.44 -60.02
857.6 -59.41
857.76 -59.67
857.92 -59.73
858.08 -59.39
858.24 -59.61
858.4 -59.74
858.56 -59.77
858.72 -60.0
858.88 -59.9
859.04 -60.0
859.2 -60.19
859.36 -60.27
859.52 -60.53
859.68 -60.55
859.84 -60.48
860.0 -60.25
860.16 -60.37
860.32 -60.25
860.48 -60.19
860.64 -60.06
860.8 -59.97
860.96 -60.09
861.12 -59.71
861.28 -59.74
861.44 -59.7
861.6 -59.5
861.76 -59.57
861.92 -59.58
862.08 -59.55
862.24 -59.67
862.4 -59.52
862.56 -59.69
862.72 -59.92
862.88 -59.86
863.04 -60.09
863.2 -60.32
863.36 -60.03
863.52 -60.2
863.68 -60.33
863.84 -60.19
864.0 -60.13
864.16 -60.22
864.32 -59.99
864.48 -59.95
864.64 -59.79
864.8 -59.94
864.96 -59.69
865.12 -59.47
865.28 -59.63
865.44 -59.38
865.6 -59.38
865.76 -59.43
865.92 -59.14
866.08 -59.28
866.24 -59.47
866.4 -59.33
866.56 -59.24
866.72 -59.56
866.88 -59.41
867.04 -59.71
867.2 -59.81
867.36 -59.71
867.52 -59.91
867.68 -59.65
867.84 -59.71
868.0 -60.02
868.16 -59.95
868.32 -59.73
868.48 -59.77
868.64 -59.93
868.8 -59.62
868.96 -59.82
869.12 -59.64
869.28 -59.42
869.44 -59.52
869.6 -59.17
869.76 -59.45
869.92 -59.24
870.08 -59.16
870.24 -59.45
870.4 -59.14
870.56 -59.24
870.72 -59.26
870.88 -59.28
871.04 -59.4
871.2 -59.27
871.36 -59.46
871.52 -59.44
871.68 -59.66
871.84 -59.6
872.0 -59.88
872.16 -59.96
872.32 -59.95
872.48 -59.81
872.64 -59.73
872.8 -59.66
872.96 -59.56
873.12 -59.3
873.28 -59.71
873.44 -59.39
873.6 -59.38
873.76 -59.09
873.92 -59.42
874.08 -59.2
874.24 -59.05
874.4 -59.17
874.56 -58.82
874.72 -59.19
874.88 -59.1
875.04 -59.23
875.2 -59.17
875.36 -58.93
875.52 -59.25
875.68 -59.18
875.84 -59.32
876.0 -59.34
876.16 -59.28
876.32 -59.34
876.48 -59.52
876.64 -59.67
876.8 -59.61
876.96 -59.77
877.12 -59.36
877.28 -59.55
877.44 -59.23
877.6 -59.36
877.76 -59.35
877.92 -59.03
878.08 -59.33
878.24 -59.1
878.4 -58.92
878.56 -58.89
878.72 -58.88
878.88 -58.78
879.04 -58.98
879.2 -59.12
879.36 -58.91
879.52 -59.26
879.68 -59.3
879.84 -59.28
880.0 -59.2
880.16 -59.49
880.32 -59.23
880.48 -59.37
880.64 -59.47
880.8 -59.11
880.96 -59.1
881.12 -59.31
881.28 -59.16
881.44 -59.2
881.6 -59.06
881.76 -59.12
881.92 -58.93
882.08 -58.79
882.24 -58.71
882.4 -58.56
882.56 -58.59
882.72 -58.68
882.88 -58.71
883.04 -58.83
883.2 -58.66
883.36 -58.78
883.52 -58.98
883.68 -58.87
883.84 -59.15
884.0 -59.01
884.16 -59.04
884.32 -59.2
884.48 -59.29
884.64 -59.24
884.8 -59.09
884.96 -59.0
885.12 -59.13
885.28 -59.07
885.44 -58.91
885.6 -59.07
885.76 -58.97
885.92 -58.96
886.08 -58.87
886.24 -58.87
886.4 -58.72
886.56 -58.73
886.72 -58.71
886.88 -58.73
887.04 -58.68
887.2 -58.53
887.36 -58.57
887.52 -58.46
887.68 -58.72
887.84 -58.51
888.0 -58.61
888.16 -58.87
888.32 -58.68
888.48 -58.79
888.64 -58.84
888.8 -58.8
888.96 -58.8
889.12 -59.1
889.28 -58.94
889.44 -58.69
889.6 -58.67
889.76 -58.8
889.92 -58.86
890.08 -58.87
890.24 -58.7
890.4 -58.72
890.56 -58.87
890.72 -58.72
890.88 -58.78
891.04 -58.73
891.2 -58.44
891.36 -58.53
891.52 -58.4
891.68 -58.55
891.84 -58.66
892.0 -58.38
892.16 -58.45
892.32 -58.28
892.48 -58.07
892.64 -58.49
892.8 -58.39
892.96 -58.42
893.12 -58.32
893.28 -58.46
893.44 -58.51
893.6 -58.68
893.76 -58.59
893.92 -58.66
894.08 -58.75
894.24 -58.5
894.4 -58.63
894.56 -58.7
894.72 -58.71
894.88 -58.68
895.04 -58.5
895.2 -58.8
895.36 -58.49
895.52 -58.63
895.68 -58.65
895.84 -58.57
896.0 -58.48
896.16 -58.32
896.32 -58.24
896.48 -58.42
896.64 -58.18
896.8 -58.16
896.96 -58.24
897.12 -58.06
897.28 -58.15
897.44 -58.23
897.6 -58.2
897.76 -58.24
897.92 -58.14
898.08 -58.27
898.24 -58.17
898.4 -58.46
898.56 -58.22
898.72 -58.51
898.88 -58.27
899.04 -58.5
899.2 -58.37
899.36 -58.6
899.52 -58.42
899.68 -58.27
899.84 -58.53
900.0 -58.52
