740.0 -61.64
740.16 -62.2
740.32 -62.16
740.48 -61.84
740.64 -62.37
740.8 -62.22
740.96 -62.08
741.12 -61.93
741.28 -61.57
741.44 -62.0
741.6 -61.93
741.76 -61.96
741.92 -61.99
742.08 -62.48
742.24 -61.63
742.4 -61.89
742.56 -62.11
742.72 -61.98
742.88 -62.3
743.04 -61.81
743.2 -61.81
743.36 -61.98
743.52 -61.91
743.68 -61.74
743.84 -62.09
744.0 -62.04
744.16 -62.19
744.32 -61.86
744.48 -61.91
744.64 -62.03
744.8 -61.69
744.96 -62.35
745.12 -62.22
745.28 -61.59
745.44 -62.19
745.6 -61.74
745.76 -62.09
745.92 -62.15
746.08 -62.24
746.24 -62.34
746.4 -62.06
746.56 -61.46
746.72 -61.58
746.88 -61.99
747.04 -62.26
747.2 -61.96
747.36 -61.77
747.52 -62.14
747.68 -61.81
747.84 -62.26
748.0 -62.01
748.16 -61.65
748.32 -61.91
748.48 -61.92
748.64 -62.17
748.8 -61.68
748.96 -61.64
749.12 -61.85
749.28 -61.68
749.44 -62.14
749.6 -62.02
749.76 -61.61
749.92 -61.97
750.08 -62.0
750.24 -62.25
750.4 -62.07
750.56 -61.7
750.72 -61.5
750.88 -61.76
751.04 -62.06
751.2 -61.68
751.36 -61.62
751.52 -61.58
751.68 -61.82
751.84 -62.05
752.0 -62.0
752.16 -62.18
752.32 -61.76
752.48 -61.76
752.64 -61.43
752.8 -61.75
752.96 -61.9
753.12 -61.52
753.28 -62.12
753.44 -61.79
753.6 -61.43
753.76 -61.92
753.92 -61.81
754.08 -62.04
754.24 -61.66
754.4 -61.9
754.56 -61.87
754.72 -61.87
754.88 -61.9
755.04 -62.21
755.2 -62.11
755.36 -61.8
755.52 -62.34
755.68 -61.84
755.84 -62.1
756.0 -61.78
756.16 -61.76
756.32 -61.53
756.48 -61.83
756.64 -61.95
756.8 -62.01
756.96 -61.55
757.12 -61.87
757.28 -61.92
757.44 -62.06
757.6 -62.17
757.76 -61.94
757.92 -61.35
758.08 -61.45
758.24 -61.78
758.4 -61.72
758.56 -61.72
758.72 -61.44
758.88 -61.4
759.04 -61.81
759.2 -61.6
759.36 -61.51
759.52 -61.92
759.68 -61.48
759.84 -62.0
760.0 -61.81
760.16 -61.71
760.32 -61.48
760.48 -61.83
760.64 -61.93
760.8 -61.8
760.96 -61.73
761.12 -61.7
761.28 -61.59
761.44 -61.33
761.6 -61.89
761.76 -61.78
761.92 -61.98
762.08 -61.81
762.24 -61.45
762.4 -61.92
762.56 -62.04
762.72 -61.52
762.88 -61.78
763.04 -61.73
763.2 -61.45
763.36 -61.48
763.52 -61.67
763.68 -61.73
763.84 -61.9
764.0 -61.42
764.16 -61.22
764.32 -61.15
764.48 -61.26
764.64 -61.34
764.8 -61.46
764.96 -61.41
765.12 -61.58
765.28 -61.62
765.44 -61.41
765.6 -61.35
765.76 -61.48
765.92 -61.5
766.08 -61.77
766.24 -61.99
766.4 -61.38
766.56 -61.18
766.72 -61.86
766.88 -61.52
767.04 -61.32
767.2 -61.6
767.36 -61.4
767.52 -61.57
767.68 -61.32
767.84 -61.55
768.0 -61.59
768.16 -61.55
768.32 -61.3
768.48 -61.55
768.64 -61.34
768.8 -61.71
768.96 -61.43
769.12 -61.29
769.28 -61.39
769.44 -61.33
769.6 -61.29
769.76 -61.24
769.92 -61.2
770.08 -61.38
770.24 -61.4
770.4 -61.49
770.56 -61.29
770.72 -61.86
770.88 -61.33
771.04 -61.63
771.2 -61.23
771.36 -61.22
771.52 -61.92
771.68 -62.05
771.84 -61.85
772.0 -61.24
772.16 -61.55
772.32 -61.33
772.48 -61.8
772.64 -61.45
772.8 -61.21
772.96 -61.85
773.12 -61.62
773.28 -61.43
773.44 -61.4
773.6 -61.08
773.76 -61.59
773.92 -61.28
774.08 -61.38
774.24 -61.27
774.4 -61.4
774.56 -61.74
774.72 -61.75
774.88 -61.21
775.04 -61.44
775.2 -61.96
775.36 -61.32
775.52 -61.42
775.68 -61.2
775.84 -61.35
776.0 -61.9
776.16 -61.49
776.32 -61.61
776.48 -61.26
776.64 -61.38
776.8 -61.31
776.96 -61.24
777.12 -61.5
777.28 -61.13
777.44 -61.16
777.6 -61.2
777.76 -61.1
777.92 -61.16
778.08 -61.38
778.24 -61.18
778.4 -61.01
778.56 -61.26
778.72 -61.37
778.88 -61.38
779.04 -61.32
779.2 -61.19
779.36 -61.07
779.52 -61.23
779.68 -61.55
779.84 -61.76
780.0 -60.99
780.16 -61.37
780.32 -61.06
780.48 -60.99
780.64 -61.04
780.8 -61.1
780.96 -61.25
781.12 -61.52
781.28 -61.49
781.44 -61.09
781.6 -61.67
781.76 -61.19
781.92 -61.54
782.08 -61.22
782.24 -61.07
782.4 -61.4
782.56 -61.35
782.72 -61.18
782.88 -61.04
783.04 -61.2
783.2 -61.53
783.36 -60.98
783.52 -60.97
783.68 -60.83
783.84 -61.25
784.0 -60.91
784.16 -60.92
784.32 -61.13
784.48 -60.84
784.64 -61.45
784.8 -61.02
784.96 -60.89
785.12 -60.97
785.28 -60.99
785.44 -61.24
785.6 -61.29
785.76 -60.84
785.92 -61.38
786.08 -61.14
786.24 -61.28
786.4 -60.75
786.56 -60.7
786.72 -61.48
786.88 -60.83
787.04 -61.15
787.2 -60.67
787.36 -61.0
787.52 -61.24
787.68 -60.98
787.84 -61.5
788.0 -61.14
788.16 -60.74
788.32 -61.24
788.48 -61.1
788.64 -61.06
788.8 -61.17
788.96 -60.79
789.12 -61.31
789.28 -61.26
789.44 -61.05
789.6 -60.79
789.76 -60.65
789.92 -61.23
790.08 -61.03
790.24 -61.13
790.4 -60.83
790.56 -60.89
790.72 -61.03
790.88 -61.35
791.04 -60.65
791.2 -60.8
791.36 -61.06
791.52 -61.21
791.68 -60.79
791.84 -61.17
792.0 -61.13
792.16 -61.42
792.32 -60.9
792.48 -60.78
792.64 -61.12
792.8 -61.21
792.96 -61.19
793.12 -60.7
793.28 -60.47
793.44 -60.72
793.6 -60.81
793.76 -60.86
793.92 -60.98
794.08 -60.86
794.24 -61.18
794.4 -60.79
794.56 -61.16
794.72 -60.86
794.88 -60.79
795.04 -60.78
795.2 -61.26
795.36 -60.91
795.52 -60.95
795.68 -60.83
795.84 -60.96
796.0 -60.89
796.16 -60.95
796.32 -60.78
796.48 -60.87
796.64 -61.05
796.8 -61.1
796.96 -60.74
797.12 -60.56
797.28 -60.99
797.44 -61.32
797.6 -61.06
797.76 -61.11
797.92 -60.66
798.08 -61.06
798.24 -61.13
798.4 -61.17
798.56 -60.72
798.72 -60.98
798.88 -61.13
799.04 -61.1
799.2 -60.96
799.36 -60.85
799.52 -61.1
799.68 -61.08
799.84 -61.11
800.0 -60.9
800.16 -60.72
800.32 -60.61
800.48 -61.11
800.64 -61.11
800.8 -60.3
800.96 -60.76
801.12 -60.29
801.28 -61.03
801.44 -60.98
801.6 -60.66
801.76 -60.62
801.92 -60.73
802.08 -60.86
802.24 -60.93
802.4 -60.47
802.56 -60.89
802.72 -60.75
802.88 -60.92
803.04 -61.06
803.2 -60.73
803.36 -60.63
803.52 -61.06
803.68 -60.71
803.84 -60.93
804.0 -60.7
804.16 -60.9
804.32 -60.82
804.48 -60.72
804.64 -60.58
804.8 -60.49
804.96 -60.34
805.12 -60.78
805.28 -60.79
805.44 -60.48
805.6 -60.14
805.76 -60.5
805.92 -60.36
806.08 -60.15
806.24 -59.62
806.4 -59.31
806.56 -58.69
806.72 -57.79
806.88 -56.44
807.04 -55.17
807.2 -54.27
807.36 -52.96
807.52 -51.66
807.68 -50.37
807.84 -49.71
808.0 -49.64
808.16 -50.06
808.32 -50.51
808.48 -50.61
808.64 -50.7
808.8 -50.95
808.96 -52.21
809.12 -54.01
809.28 -56.49
809.44 -58.55
809.6 -59.56
809.76 -60.52
809.92 -60.39
810.08 -60.38
810.24 -60.48
810.4 -60.5
810.56 -61.14
810.72 -60.89
810.88 -61.0
811.04 -60.53
811.2 -60.63
811.36 -61.25
811.52 -60.53
811.68 -61.01
811.84 -60.84
812.0 -61.04
812.16 -60.64
812.32 -60.92
812.48 -60.85
812.64 -60.96
812.8 -60.99
812.96 -60.62
813.12 -60.77
813.28 -60.92
813.44 -60.56
813.6 -60.87
813.76 -61.0
813.92 -60.46
814.08 -60.75
814.24 -60.77
814.4 -60.93
814.56 -60.95
814.72 -60.7
814.88 -60.51
815.04 -61.02
815.2 -60.61
815.36 -60.82
815.52 -61.1
815.68 -60.89
815.84 -60.97
816.0 -60.83
816.16 -61.07
816.32 -60.51
816.48 -61.16
816.64 -61.15
816.8 -61.0
816.96 -61.11
817.12 -60.92
817.28 -60.59
817.44 -60.75
817.6 -60.79
817.76 -60.45
817.92 -60.74
818.08 -60.77
818.24 -60.74
818.4 -60.88
818.56 -60.95
818.72 -60.57
818.88 -60.88
819.04 -60.98
819.2 -61.19
819.36 -60.53
819.52 -60.47
819.68 -60.52
819.84 -61.11
820.0 -60.75
820.16 -60.58
820.32 -60.78
820.48 -60.83
820.64 -60.99
820.8 -60.74
820.96 -60.63
821.12 -60.8
821.28 -60.8
821.44 -60.92
821.6 -60.65
821.76 -60.74
821.92 -60.45
822.08 -60.83
822.24 -60.6
822.4 -60.88
822.56 -60.49
822.72 -60.85
822.88 -60.98
823.04 -60.77
823.2 -60.53
823.36 -60.39
823.52 -60.49
823.68 -60.71
823.84 -60.99
824.0 -60.45
824.16 -60.75
824.32 -60.23
824.48 -60.83
824.64 -60.64
824.8 -60.71
824.96 -60.83
825.12 -60.53
825.28 -60.72
825.44 -60.7
825.6 -60.91
825.76 -60.69
825.92 -60.8
826.08 -61.16
826.24 -60.7
826.4 -60.6
826.56 -60.76
826.72 -60.5
826.88 -60.7
827.04 -61.12
827.2 -60.58
827.36 -60.77
827.52 -60.91
827.68 -60.76
827.84 -61.13
828.0 -60.55
828.16 -60.51
828.32 -60.53
828.48 -60.61
828.64 -60.76
828.8 -60.5
828.96 -60.52
829.12 -60.56
829.28 -60.73
829.44 -61.03
829.6 -60.42
829.76 -60.49
829.92 -60.58
830.08 -60.56
830.24 -60.83
830.4 -60.68
830.56 -60.31
830.72 -60.54
830.88 -60.73
831.04 -60.62
831.2 -60.47
831.36 -60.79
831.52 -60.35
831.68 -60.55
831.84 -60.58
832.0 -60.51
832.16 -60.61
832.32 -60.28
832.48 -60.97
832.64 -60.53
832.8 -60.67
832.96 -60.2
833.12 -60.49
833.28 -60.28
833.44 -60.53
833.6 -60.49
833.76 -60.32
833.92 -60.24
834.08 -60.57
834.24 -60.09
834.4 -60.22
834.56 -60.1
834.72 -60.11
834.88 -60.02
835.04 -60.15
835.2 -60.19
835.36 -59.98
835.52 -59.84
835.68 -60.28
835.84 -60.07
836.0 -60.36
836.16 -60.25
836.32 -59.96
836.48 -60.3
836.64 -60.38
836.8 -60.26
836.96 -60.23
837.12 -60.22
837.28 -60.14
837.44 -60.58
837.6 -60.57
837.76 -60.38
837.92 -60.17
838.08 -60.26
838.24 -60.42
838.4 -60.53
838.56 -60.55
838.72 -60.32
838.88 -60.4
839.04 -60.53
839.2 -60.48
839.36 -60.25
839.52 -60.49
839.68 -60.39
839.84 -60.67
840.0 -60.6
840.16 -60.53
840.32 -60.38
840.48 -60.31
840.64 -60.48
840.8 -60.7
840.96 -60.37
841.12 -60.21
841.28 -60.22
841.44 -60.36
841.6 -60.44
841.76 -60.73
841.92 -60.46
842.08 -60.35
842.24 -60.27
842.4 -60.57
842.56 -60.68
842.72 -60.47
842.88 -60.37
843.04 -60.58
843.2 -60.66
843.36 -60.39
843.52 -60.26
843.68 -60.48
843.84 -60.26
844.0 -60.52
844.16 -60.44
844.32 -60.47
844.48 -60.48
844.64 -60.46
844.8 -60.57
844.96 -60.43
845.12 -60.43
845.28 -60.15
845.44 -60.25
845.6 -60.18
845.76 -60.68
845.92 -60.38
846.08 -60.37
846.24 -60.28
846.4 -60.51
846.56 -60.77
846.72 -60.6
846.88 -60.35
847.04 -60.49
847.2 -60.6
847.36 -60.43
847.52 -60.54
847.68 -60.82
847.84 -60.52
848.0 -60.65
848.16 -60.82
848.32 -60.68
848.48 -60.55
848.64 -60.33
848.8 -60.57
848.96 -60.63
849.12 -60.74
849.28 -60.52
849.44 -60.41
849.6 -60.55
849.76 -60.62
849.92 -60.5
850.08 -60.66
850.24 -60.39
850.4 -60.58
850.56 -60.57
850.72 -60.73
850.88 -60.41
851.04 -60.42
851.2 -60.18
851.36 -60.42
851.52 -60.53
851.68 -60.26
851.84 -60.54
852.0 -60.5
852.16 -60.32
852.32 -60.42
852.48 -60.59
852.64 -60.52
852.8 -60.39
852.96 -60.4
853.12 -60.44
853.28 -60.63
853.44 -60.48
853.6 -60.49
853.76 -60.55
853.92 -60.45
854.08 -60.66
854.24 -60.64
854.4 -60.4
854.56 -60.2
854.72 -60.36
854.88 -60.42
855.04 -60.41
855.2 -60.68
855.36 -60.14
855.52 -60.27
855.68 -60.66
855.84 -60.76
856.0 -60.42
856.16 -60.2
856.32 -60.18
856.48 -60.32
856.64 -60.43
856.8 -60.58
856.96 -60.16
857.12 -60.07
857.28 -60.46
857.44 -60.66
857.6 -60.32
857.76 -60.44
857.92 -60.11
858.08 -60.56
858.24 -60.16
858.4 -60.72
858.56 -60.34
858.72 -60.39
858.88 -60.22
859.04 -60.48
859.2 -60.67
859.36 -59.93
859.52 -60.25
859.68 -60.38
859.84 -60.07
860.0 -60.4
860.16 -60.21
860.32 -60.28
860.48 -60.3
860.64 -60.22
860.8 -60.13
860.96 -60.33
861.12 -60.3
861.28 -59.97
861.44 -60.05
861.6 -60.45
861.76 -60.13
861.92 -60.31
862.08 -60.13
862.24 -60.24
862.4 -60.38
862.56 -60.58
862.72 -60.41
862.88 -60.22
863.04 -60.34
863.2 -60.47
863.36 -60.43
863.52 -60.53
863.68 -60.27
863.84 -60.2
864.0 -60.16
864.16 -60.54
864.32 -60.24
864.48 -60.32
864.64 -60.29
864.8 -60.02
864.96 -60.08
865.12 -60.33
865.28 -60.23
865.44 -60.11
865.6 -60.21
865.76 -60.27
865.92 -60.2
866.08 -60.35
866.24 -60.23
866.4 -59.98
866.56 -60.2
866.72 -60.18
866.88 -59.96
867.04 -59.87
867.2 -60.22
867.36 -59.99
867.52 -60.25
867.68 -60.29
867.84 -60.16
868.0 -59.76
868.16 -59.99
868.32 -60.25
868.48 -60.28
868.64 -60.27
868.8 -60.07
868.96 -60.25
869.12 -60.01
869.28 -60.27
869.44 -60.14
869.6 -59.8
869.76 -60.05
869.92 -60.17
870.08 -60.09
870.24 -60.05
870.4 -59.88
870.56 -59.93
870.72 -59.85
870.88 -59.94
871.04 -59.91
871.2 -59.72
871.36 -59.97
871.52 -59.77
871.68 -60.08
871.84 -60.0
872.0 -60.02
872.16 -59.55
872.32 -59.98
872.48 -60.12
872.64 -59.99
872.8 -59.99
872.96 -59.83
873.12 -59.82
873.28 -59.96
873.44 -59.97
873.6 -60.04
873.76 -60.25
873.92 -59.95
874.08 -59.93
874.24 -60.07
874.4 -59.75
874.56 -60.03
874.72 -60.06
874.88 -59.7
875.04 -60.0
875.2 -59.82
875.36 -59.94
875.52 -59.87
875.68 -59.86
875.84 -59.9
876.0 -60.01
876.16 -60.12
876.32 -59.9
876.48 -59.91
876.64 -59.73
876.8 -60.14
876.96 -59.73
877.12 -59.99
877.28 -59.87
877.44 -59.81
877.6 -59.98
877.76 -59.88
877.92 -59.78
878.08 -59.94
878.24 -59.64
878.4 -59.68
878.56 -59.59
878.72 -59.84
878.88 -59.83
879.04 -59.87
879.2 -59.83
879.36 -59.85
879.52 -59.79
879.68 -59.84
879.84 -59.69
880.0 -59.96
880.16 -59.59
880.32 -59.68
880.48 -59.85
880.64 -59.74
880.8 -59.47
880.96 -59.74
881.12 -59.8
881.28 -59.77
881.44 -59.81
881.6 -59.63
881.76 -59.64
881.92 -59.92
882.08 -59.62
882.24 -59.69
882.4 -59.57
882.56 -59.63
882.72 -59.64
882.88 -59.54
883.04 -59.91
883.2 -59.76
883.36 -59.64
883.52 -59.69
883.68 -59.56
883.84 -59.91
884.0 -59.76
884.16 -59.61
884.32 -59.68
884.48 -59.59
884.64 -59.59
884.8 -59.55
884.96 -59.58
885.12 -59.45
885.28 -59.66
885.44 -59.47
885.6 -59.58
885.76 -59.55
885.92 -59.29
886.08 -59.25
886.24 -59.58
886.4 -59.72
886.56 -59.5
886.72 -59.44
886.88 -59.53
887.04 -59.56
887.2 -59.68
887.36 -59.64
887.52 -59.46
887.68 -59.37
887.84 -59.64
888.0 -59.66
888.16 -59.61
888.32 -59.48
888.48 -59.31
888.64 -59.4
888.8 -59.42
888.96 -59.58
889.12 -59.5
889.28 -59.44
889.44 -59.39
889.6 -59.37
889.76 -59.56
889.92 -59.68
890.08 -59.57
890.24 -59.53
890.4 -59.34
890.56 -59.46
890.72 -59.5
890.88 -59.26
891.04 -59.14
891.2 -59.24
891.36 -59.21
891.52 -59.35
891.68 -59.71
891.84 -59.88
892.0 -59.3
892.16 -59.42
892.32 -59.45
892.48 -59.4
892.64 -59.56
892.8 -59.28
892.96 -59.37
893.12 -59.27
893.28 -59.43
893.44 -59.19
893.6 -59.22
893.76 -59.31
893.92 -59.31
894.08 -59.38
894.24 -59.45
894.4 -59.55
894.56 -59.5
894.72 -59.31
894.88 -59.37
895.04 -59.33
895.2 -59.4
895.36 -59.37
895.52 -59.34
895.68 -59.34
895.84 -59.38
896.0 -59.49
896.16 -59.33
896.32 -59.37
896.48 -59.55
896.64 -59.33
896.8 -59.37
896.96 -59.36
897.12 -59.38
897.28 -59.28
897.44 -59.36
897.6 -59.38
897.76 -59.25
897.92 -59.45
898.08 -59.42
898.24 -59.46
898.4 -59.27
898.56 -59.6
898.72 -59.35
898.88 -59.59
899.04 -59.51
899.2 -59.3
899.36 -59.34
899.52 -59.36
899.68 -59.29
899.84 -59.38
900.0 -59.58
