740.0 -60.57
740.16 -60.63
740.32 -60.81
740.48 -60.99
740.64 -60.8
740.8 -60.65
740.96 -60.89
741.12 -60.68
741.28 -60.98
741.44 -60.82
741.6 -60.95
741.76 -60.87
741.92 -60.96
742.08 -60.85
742.24 -60.72
742.4 -60.79
742.56 -60.56
742.72 -60.73
742.88 -60.89
743.04 -60.65
743.2 -60.92
743.36 -60.11
743.52 -60.71
743.68 -60.77
743.84 -60.55
744.0 -60.5
744.16 -60.69
744.32 -60.52
744.48 -60.78
744.64 -60.91
744.8 -61.1
744.96 -60.76
745.12 -60.86
745.28 -60.78
745.44 -60.83
745.6 -60.9
745.76 -61.1
745.92 -61.04
746.08 -60.76
746.24 -60.66
746.4 -60.86
746.56 -60.46
746.72 -60.88
746.88 -60.64
747.04 -60.98
747.2 -60.78
747.36 -60.81
747.52 -60.77
747.68 -60.64
747.84 -60.81
748.0 -60.89
748.16 -61.0
748.32 -60.91
748.48 -60.52
748.64 -60.45
748.8 -60.75
748.96 -60.84
749.12 -60.75
749.28 -60.67
749.44 -60.77
749.6 -60.59
749.76 -60.56
749.92 -60.47
750.08 -60.18
750.24 -60.58
750.4 -60.43
750.56 -60.79
750.72 -60.59
750.88 -60.0
751.04 -60.33
751.2 -60.7
751.36 -60.88
751.52 -60.61
751.68 -60.96
751.84 -60.53
752.0 -60.54
752.16 -60.79
752.32 -60.57
752.48 -60.4
752.64 -60.65
752.8 -60.61
752.96 -59.96
753.12 -60.55
753.28 -60.44
753.44 -60.33
753.6 -60.32
753.76 -60.25
753.92 -60.64
754.08 -60.23
754.24 -60.64
754.4 -60.54
754.56 -60.34
754.72 -60.88
754.88 -60.83
755.04 -60.88
755.2 -60.77
755.36 -60.85
755.52 -60.57
755.68 -60.71
755.84 -60.35
756.0 -60.6
756.16 -60.6
756.32 -60.36
756.48 -60.32
756.64 -60.39
756.8 -59.98
756.96 -60.16
757.12 -60.24
757.28 -60.65
757.44 -60.28
757.6 -60.47
757.76 -60.35
757.92 -60.39
758.08 -60.65
758.24 -60.7
758.4 -60.71
758.56 -60.58
758.72 -60.62
758.88 -60.63
759.04 -60.31
759.2 -60.22
759.36 -60.3
759.52 -60.3
759.68 -60.24
759.84 -60.33
760.0 -60.25
760.16 -60.34
760.32 -60.49
760.48 -60.33
760.64 -60.55
760.8 -60.28
760.96 -60.46
761.12 -60.43
761.28 -60.38
761.44 -60.75
761.6 -60.29
761.76 -60.69
761.92 -60.41
762.08 -60.26
762.24 -60.34
762.4 -60.47
762.56 -59.8
762.72 -59.91
762.88 -60.15
763.04 -59.9
763.2 -59.71
763.36 -60.2
763.52 -60.05
763.68 -60.15
763.84 -60.31
764.0 -60.55
764.16 -60.38
764.32 -60.5
764.48 -60.88
764.64 -60.02
764.8 -60.52
764.96 -60.45
765.12 -60.28
765.28 -60.1
765.44 -60.19
765.6 -60.17
765.76 -59.79
765.92 -60.02
766.08 -59.93
766.24 -59.91
766.4 -59.86
766.56 -60.31
766.72 -60.39
766.88 -60.6
767.04 -60.44
767.2 -60.5
767.36 -60.56
767.52 -60.6
767.68 -60.28
767.84 -60.41
768.0 -60.48
768.16 -59.85
768.32 -60.12
768.48 -60.11
768.64 -59.81
768.8 -60.07
768.96 -59.88
769.12 -59.99
769.28 -59.76
769.44 -59.99
769.6 -60.1
769.76 -60.06
769.92 -60.26
770.08 -60.61
770.24 -60.31
770.4 -60.39
770.56 -60.43
770.72 -60.32
770.88 -60.35
771.04 -60.41
771.2 -60.08
771.36 -59.77
771.52 -59.97
771.68 -59.83
771.84 -59.68
772.0 -59.66
772.16 -59.94
772.32 -59.97
772.48 -59.8
772.64 -59.94
772.8 -60.17
772.96 -60.39
773.12 -60.66
773.28 -60.03
773.44 -60.47
773.6 -60.58
773.76 -60.61
773.92 -60.28
774.08 -60.33
774.24 -60.22
774.4 -60.13
774.56 -59.73
774.72 -60.0
774.88 -59.82
775.04 -59.56
775.2 -59.55
775.36 -59.81
775.52 -59.78
775.68 -59.74
775.84 -60.17
776.0 -59.93
776.16 -60.17
776.32 -60.31
776.48 -60.38
776.64 -60.53
776.8 -60.37
776.96 -60.66
777.12 -60.48
777.28 -60.27
777.44 -60.14
777.6 -59.67
777.76 -59.77
777.92 -60.21
778.08 -59.64
778.24 -59.51
778.4 -59.22
778.56 -59.54
778.72 -59.48
778.88 -59.8
779.04 -59.62
779.2 -59.7
779.36 -60.06
779.52 -59.98
779.68 -60.49
779.84 -60.38
780.0 -60.73
780.16 -60.48
780.32 -60.2
780.48 -60.53
780.64 -60.13
780.8 -60.11
780.96 -60.35
781.12 -60.13
781.28 -59.84
781.44 -59.61
781.6 -59.45
781.76 -59.17
781.92 -59.51
782.08 -59.29
782.24 -59.48
782.4 -59.58
782.56 -59.25
782.72 -59.88
782.88 -60.1
783.04 -60.03
783.2 -60.07
783.36 -60.45
783.52 -60.76
783.68 -60.61
783.84 -60.75
784.0 -60.52
784.16 -60.19
784.32 -60.4
784.48 -60.2
784.64 -59.57
784.8 -59.59
784.96 -59.56
785.12 -59.26
785.28 -59.16
785.44 -59.22
785.6 -59.37
785.76 -59.15
785.92 -59.25
786.08 -59.58
786.24 -59.5
786.4 -59.74
786.56 -59.92
786.72 -60.32
786.88 -60.23
787.04 -60.31
787.2 -60.63
787.36 -60.96
787.52 -60.74
787.68 -60.43
787.84 -60.6
788.0 -59.96
788.16 -59.88
788.32 -59.89
788.48 -59.7
788.64 -59.24
788.8 -59.35
788.96 -59.25
789.12 -59.21
789.28 -59.23
789.44 -59.34
789.6 -59.25
789.76 -59.46
789.92 -59.5
790.08 -59.71
790.24 -60.25
790.4 -59.89
790.56 -60.67
790.72 -60.49
790.88 -60.46
791.04 -60.57
791.2 -60.45
791.36 -60.39
791.52 -60.24
791.68 -59.68
791.84 -59.7
792.0 -59.28
792.16 -59.11
792.32 -59.06
792.48 -59.23
792.64 -58.86
792.8 -59.09
792.96 -58.97
793.12 -59.12
793.28 -59.46
793.44 -59.7
793.6 -59.52
793.76 -60.32
793.92 -60.23
794.08 -60.29
794.24 -60.57
794.4 -60.71
794.56 -60.95
794.72 -60.53
794.88 -60.36
795.04 -59.99
795.2 -60.12
795.36 -59.57
795.52 -59.44
795.68 -58.96
795.84 -59.45
796.0 -58.86
796.16 -58.86
796.32 -58.74
796.48 -58.85
796.64 -59.01
796.8 -59.46
796.96 -59.46
797.12 -59.56
797.28 -59.67
797.44 -60.0
797.6 -60.13
797.76 -60.2
797.92 -60.47
798.08 -60.3
798.24 -60.7
798.4 -60.29
798.56 -60.28
798.72 -60.17
798.88 -59.65
799.04 -59.82
799.2 -59.25
799.36 -59.07
799.52 -58.97
799.68 -59.04
799.84 -58.85
800.0 -58.77
800.16 -58.91
800.32 -59.27
800.48 -59.5
800.64 -59.51
800.8 -59.56
800.96 -60.06
801.12 -60.07
801.28 -60.15
801.44 -60.19
801.6 -60.72
801.76 -60.39
801.92 -60.27
802.08 -59.79
802.24 -59.73
802.4 -59.46
802.56 -59.19
802.72 -58.91
802.88 -58.64
803.04 -58.93
803.2 -58.87
803.36 -58.95
803.52 -59.05
803.68 -59.2
803.84 -59.6
804.0 -59.44
804.16 -59.59
804.32 -59.83
804.48 -59.76
804.64 -60.27
804.8 -60.46
804.96 -60.06
805.12 -60.07
805.28 -59.94
805.44 -59.79
805.6 -59.43
805.76 -59.16
805.92 -58.83
806.08 -58.33
806.24 -58.39
806.4 -57.44
806.56 -56.9
806.72 -55.96
806.88 -54.86
807.04 -53.9
807.2 -52.8
807.36 -51.43
807.52 -50.38
807.68 -49.49
807.84 -48.97
808.0 -48.92
808.16 -49.42
808.32 -49.84
808.48 -50.28
808.64 -50.42
808.8 -50.58
808.96 -51.54
809.12 -53.13
809.28 -55.48
809.44 -57.48
809.6 -58.18
809.76 -58.47
809.92 -58.38
810.08 -58.58
810.24 -58.56
810.4 -58.56
810.56 -58.84
810.72 -58.9
810.88 -58.96
811.04 -59.29
811.2 -59.3
811.36 -59.69
811.52 -59.89
811.68 -59.85
811.84 -60.14
812.0 -60.26
812.16 -59.85
812.32 -60.53
812.48 -59.65
812.64 -59.33
812.8 -59.51
812.96 -59.43
813.12 -59.13
813.28 -59.14
813.44 -58.86
813.6 -58.94
813.76 -58.82
813.92 -59.06
814.08 -59.06
814.24 -59.22
814.4 -59.09
814.56 -59.41
814.72 -59.59
814.88 -59.63
815.04 -59.96
815.2 -59.87
815.36 -60.01
815.52 -60.14
815.68 -60.16
815.84 -60.13
816.0 -59.79
816.16 -59.81
816.32 -59.46
816.48 -59.53
816.64 -59.04
816.8 -59.15
816.96 -59.02
817.12 -58.87
817.28 -58.96
817.44 -58.7
817.6 -58.84
817.76 -58.79
817.92 -59.33
818.08 -59.12
818.24 -59.6
818.4 -59.39
818.56 -59.64
818.72 -60.09
818.88 -60.03
819.04 -59.85
819.2 -59.84
819.36 -59.9
819.52 -59.67
819.68 -59.79
819.84 -59.44
820.0 -59.3
820.16 -59.26
820.32 -59.0
820.48 -58.95
820.64 -59.0
820.8 -58.81
820.96 -58.76
821.12 -58.74
821.28 -59.0
821.44 -58.83
821.6 -59.08
821.76 -59.14
821.92 -59.31
822.08 -59.46
822.24 -59.78
822.4 -59.67
822.56 -60.0
822.72 -59.72
822.88 -60.02
823.04 -59.83
823.2 -59.74
823.36 -59.72
823.52 -59.75
823.68 -59.14
823.84 -59.13
824.0 -59.07
824.16 -59.07
824.32 -58.96
824.48 -59.07
824.64 -58.72
824.8 -58.69
824.96 -58.67
825.12 -58.85
825.28 -58.84
825.44 -59.03
825.6 -59.23
825.76 -59.16
825.92 -59.5
826.08 -59.49
826.24 -59.57
826.4 -59.93
826.56 -59.95
826.72 -59.82
826.88 -59.82
827.04 -59.54
827.2 -59.42
827.36 -59.47
827.52 -59.07
827.68 -58.92
827.84 -58.84
828.0 -58.91
828.16 -58.7
828.32 -58.57
828.48 -58.59
828.64 -58.67
828.8 -58.74
828.96 -58.77
829.12 -59.04
829.28 -59.09
829.44 -59.04
829.6 -59.5
829.76 -59.26
829.92 -59.64
830.08 -59.49
830.24 -59.61
830.4 -59.42
830.56 -59.6
830.72 -59.55
830.88 -59.52
831.04 -59.38
831.2 -59.15
831.36 -58.98
831.52 -59.01
831.68 -58.81
831.84 -58.82
832.0 -58.6
832.16 -58.65
832.32 -58.61
832.48 -58.73
832.64 -58.83
832.8 -58.78
832.96 -58.78
833.12 -58.74
833.28 -59.0
833.44 -58.99
833.6 -59.16
833.76 -59.17
833.92 -59.18
834.08 -59.34
834.24 -59.49
834.4 -59.41
834.56 -59.27
834.72 -59.22
834.88 -58.99
835.04 -59.15
835.2 -59.02
835.36 -58.95
835.52 -58.67
835.68 -58.64
835.84 -58.54
836.0 -58.63
836.16 -58.35
836.32 -58.37
836.48 -58.52
836.64 -58.31
836.8 -58.49
836.96 -58.6
837.12 -58.63
837.28 -58.6
837.44 -58.73
837.6 -58.67
837.76 -58.96
837.92 -59.07
838.08 -59.13
838.24 -59.24
838.4 -59.51
838.56 -59.33
838.72 -59.34
838.88 -59.4
839.04 -59.42
839.2 -59.18
839.36 -59.11
839.52 -58.97
839.68 -58.99
839.84 -58.86
840.0 -58.79
840.16 -58.64
840.32 -58.61
840.48 -58.52
840.64 -58.65
840.8 -58.51
840.96 -58.62
841.12 -58.51
841.28 -58.63
841.44 -58.78
841.6 -58.75
841.76 -59.01
841.92 -59.13
842.08 -59.03
842.24 -59.19
842.4 -59.09
842.56 -59.13
842.72 -59.34
842.88 -59.41
843.04 -59.23
843.2 -59.21
843.36 -59.2
843.52 -59.09
843.68 -58.92
843.84 -59.12
844.0 -58.69
844.16 -58.77
844.32 -58.57
844.48 -58.53
844.64 -58.58
844.8 -58.42
844.96 -58.62
845.12 -58.51
845.28 -58.54
845.44 -58.63
845.6 -58.48
845.76 -58.78
845.92 -58.62
846.08 -58.87
846.24 -58.78
846.4 -59.11
846.56 -59.09
846.72 -59.19
846.88 -59.08
847.04 -59.31
847.2 -59.18
847.36 -59.09
847.52 -59.06
847.68 -59.01
847.84 -58.96
848.0 -58.91
848.16 -58.65
848.32 -58.66
848.48 -58.79
848.64 -58.65
848.8 -58.64
848.96 -58.43
849.12 -58.47
849.28 -58.43
849.44 -58.47
849.6 -58.56
849.76 -58.33
849.92 -58.55
850.08 -58.58
850.24 -58.62
850.4 -58.9
850.56 -58.85
850.72 -58.99
850.88 -58.99
851.04 -58.96
851.2 -59.07
851.36 -58.96
851.52 -59.04
851.68 -59.05
851.84 -59.08
852.0 -58.86
852.16 -58.96
852.32 -58.75
852.48 -58.74
852.64 -58.58
852.8 -58.79
852.96 -58.61
853.12 -58.41
853.28 -58.41
853.44 -58.51
853.6 -58.34
853.76 -58.39
853.92 -58.44
854.08 -58.43
854.24 -58.59
854.4 -58.57
854.56 -58.35
854.72 -58.76
854.88 -58.4
855.04 -58.76
855.2 -58.73
855.36 -58.77
855.52 -59.0
855.68 -58.91
855.84 -59.12
856.0 -59.07
856.16 -58.92
856.32 -58.81
856.48 -58.95
856.64 -58.64
856.8 -58.67
856.96 -58.84
857.12 -58.43
857.28 -58.51
857.44 -58.33
857.6 -58.33
857.76 -58.37
857.92 -58.34
858.08 -58.27
858.24 -58.35
858.4 -58.25
858.56 -58.28
858.72 -58.24
858.88 -58.13
859.04 -58.35
859.2 -58.24
859.36 -58.35
859.52 -58.49
859.68 -58.36
859.84 -58.75
860.0 -58.59
860.16 -58.61
860.32 -58.43
860.48 -58.62
860.64 -58.62
860.8 -58.68
860.96 -58.73
861.12 -58.51
861.28 -58.59
861.44 -58.53
861.6 -58.45
861.76 -58.62
861.92 -58.54
862.08 -58.47
862.24 -58.39
862.4 -58.18
862.56 -58.34
862.72 -58.17
862.88 -58.31
863.04 -58.3
863.2 -58.2
863.36 -58.12
863.52 -58.09
863.68 -57.94
863.84 -58.18
864.0 -58.22
864.16 -58.03
864.32 -58.34
864.48 -58.36
864.64 -58.5
864.8 -58.54
864.96 -58.49
865.12 -58.54
865.28 -58.58
865.44 -58.56
865.6 -58.66
865.76 -58.51
865.92 -58.62
866.08 -58.6
866.24 -58.6
866.4 -58.55
866.56 -58.57
866.72 -58.49
866.88 -58.56
867.04 -58.51
867.2 -58.29
867.36 -58.37
867.52 -58.37
867.68 -58.26
867.84 -58.3
868.0 -58.04
868.16 -58.16
868.32 -58.33
868.48 -57.95
868.64 -58.19
868.8 -58.04
868.96 -58.12
869.12 -58.15
869.28 -58.07
869.44 -58.25
869.6 -58.35
869.76 -57.99
869.92 -58.25
870.08 -58.36
870.24 -58.46
870.4 -58.3
870.56 -58.48
870.72 -58.51
870.88 -58.4
871.04 -58.56
871.2 -58.66
871.36 -58.49
871.52 -58.55
871.68 -58.59
871.84 -58.52
872.0 -58.32
872.16 -58.73
872.32 -58.27
872.48 -58.5
872.64 -58.2
872.8 -58.19
872.96 -58.19
873.12 -58.27
873.28 -58.1
873.44 -58.07
873.6 -57.9
873.76 -58.23
873.92 -58.07
874.08 -57.8
874.24 -58.05
874.4 -57.99
874.56 -57.95
874.72 -57.92
874.88 -57.85
875.04 -58.08
875.2 -58.01
875.36 -58.07
875.52 -58.14
875.68 -58.21
875.84 -58.14
876.0 -58.29
876.16 -58.25
876.32 -58.29
876.48 -58.32
876.64 -58.11
876.8 -58.51
876.96 -58.29
877.12 -58.3
877.28 -58.38
877.44 -58.24
877.6 -58.39
877.76 -58.38
877.92 -58.13
878.08 -58.38
878.24 -58.21
878.4 -58.14
878.56 -58.23
878.72 -58.09
878.88 -57.89
879.04 -58.01
879.2 -57.84
879.36 -57.94
879.52 -58.1
879.68 -57.69
879.84 -57.73
880.0 -57.69
880.16 -57.72
880.32 -57.89
880.48 -57.68
880.64 -57.77
880.8 -57.73
880.96 -57.69
881.12 -57.84
881.28 -57.85
881.44 -57.64
881.6 -57.78
881.76 -57.79
881.92 -57.88
882.08 -58.0
882.24 -57.85
882.4 -58.03
882.56 -58.14
882.72 -58.13
882.88 -58.14
883.04 -57.91
883.2 -58.09
883.36 -58.04
883.52 -57.84
883.68 -57.98
883.84 -58.07
884.0 -57.75
884.16 -58.03
884.32 -58.0
884.48 -57.98
884.64 -57.9
884.8 -57.75
884.96 -57.68
885.12 -57.63
885.28 -58.0
885.44 -57.73
885.6 -57.81
885.76 -57.83
885.92 -57.66
886.08 -57.58
886.24 -57.69
886.4 -57.68
886.56 -57.6
886.72 -57.79
886.88 -57.76
887.04 -57.62
887.2 -57.68
887.36 -57.69
887.52 -57.84
887.68 -57.67
887.84 -57.77
888.0 -57.85
888.16 -57.61
888.32 -57.76
888.48 -57.76
888.64 -57.85
888.8 -57.87
888.96 -57.89
889.12 -57.79
889.28 -57.82
889.44 -57.84
889.6 -57.74
889.76 -57.86
889.92 -57.82
890.08 -57.8
890.24 -57.84
890.4 -57.92
890.56 -57.77
890.72 -57.9
890.88 -57.83
891.04 -57.72
891.2 -57.83
891.36 -57.84
891.52 -57.65
891.68 -57.84
891.84 -57.7
892.0 -57.55
892.16 -57.73
892.32 -57.91
892.48 -57.68
892.64 -57.67
892.8 -57.64
892.96 -57.63
893.12 -57.45
893.28 -57.53
893.44 -57.6
893.6 -57.69
893.76 -57.51
893.92 -57.52
894.08 -57.33
894.24 -57.47
894.4 -57.6
894.56 -57.67
894.72 -57.68
894.88 -57.74
895.04 -57.55
895.2 -57.75
895.36 -57.84
895.52 -57.7
895.68 -57.73
895.84 -57.8
896.0 -57.78
896.16 -57.72
896.32 -57.83
896.48 -57.82
896.64 -57.74
896.8 -57.67
896.96 -57.8
897.12 -57.71
897.28 -57.76
897.44 -57.67
897.6 -57.65
897.76 -57.81
897.92 -57.73
898.08 -57.6
898.24 -57.66
898.4 -57.75
898.56 -57.52
898.72 -57.5
898.88 -57.49
899.04 -57.59
899.2 -57.46
899.36 -57.38
899.52 -57.38
899.68 -57.21
899.84 -57.32
900.0 -57.31
