740.0 -60.53
740.16 -60.59
740.32 -60.56
740.48 -60.88
740.64 -60.77
740.8 -60.62
740.96 -60.4
741.12 -60.45
741.28 -60.62
741.44 -60.51
741.6 -60.85
741.76 -60.81
741.92 -60.74
742.08 -60.82
742.24 -60.7
742.4 -60.68
742.56 -60.6
742.72 -60.64
742.88 -60.65
743.04 -60.5
743.2 -60.7
743.36 -60.54
743.52 -60.49
743.68 -60.71
743.84 -60.63
744.0 -60.43
744.16 -60.52
744.32 -60.79
744.48 -60.53
744.64 -60.7
744.8 -60.39
744.96 -60.71
745.12 -60.59
745.28 -60.5
745.44 -60.79
745.6 -60.55
745.76 -60.56
745.92 -60.24
746.08 -60.09
746.24 -60.38
746.4 -60.27
746.56 -60.4
746.72 -60.28
746.88 -60.67
747.04 -60.58
747.2 -60.59
747.36 -60.54
747.52 -60.8
747.68 -60.2
747.84 -60.37
748.0 -60.56
748.16 -60.24
748.32 -60.34
748.48 -60.56
748.64 -60.75
748.8 -60.84
748.96 -60.56
749.12 -60.67
749.28 -60.4
749.44 -60.47
749.6 -60.28
749.76 -60.43
749.92 -60.43
750.08 -60.39
750.24 -60.4
750.4 -60.64
750.56 -60.43
750.72 -60.4
750.88 -60.39
751.04 -60.43
751.2 -60.22
751.36 -60.11
751.52 -60.19
751.68 -59.89
751.84 -60.5
752.0 -60.64
752.16 -60.26
752.32 -60.3
752.48 -60.68
752.64 -60.44
752.8 -60.23
752.96 -60.06
753.12 -60.26
753.28 -60.25
753.44 -60.44
753.6 -60.13
753.76 -60.36
753.92 -60.6
754.08 -60.74
754.24 -60.05
754.4 -60.22
754.56 -60.15
754.72 -60.17
754.88 -60.41
755.04 -60.15
755.2 -60.57
755.36 -60.66
755.52 -60.3
755.68 -60.18
755.84 -60.16
756.0 -60.28
756.16 -59.88
756.32 -60.19
756.48 -59.99
756.64 -60.18
756.8 -60.08
756.96 -60.38
757.12 -60.45
757.28 -60.33
757.44 -60.7
757.6 -60.4
757.76 -60.15
757.92 -60.17
758.08 -60.11
758.24 -60.12
758.4 -60.2
758.56 -60.68
758.72 -60.22
758.88 -60.35
759.04 -60.3
759.2 -60.23
759.36 -60.04
759.52 -60.05
759.68 -60.17
759.84 -60.18
760.0 -60.09
760.16 -60.09
760.32 -59.82
760.48 -60.36
760.64 -60.16
760.8 -60.39
760.96 -60.3
761.12 -60.07
761.28 -60.3
761.44 -60.05
761.6 -60.05
761.76 -60.21
761.92 -60.07
762.08 -60.13
762.24 -60.33
762.4 -60.24
762.56 -60.1
762.72 -60.41
762.88 -60.34
763.04 -59.89
763.2 -59.96
763.36 -59.87
763.52 -59.88
763.68 -59.9
763.84 -60.12
764.0 -60.19
764.16 -60.37
764.32 -60.46
764.48 -60.2
764.64 -59.89
764.8 -60.2
764.96 -59.84
765.12 -59.86
765.28 -59.87
765.44 -60.09
765.6 -59.82
765.76 -60.08
765.92 -60.45
766.08 -60.09
766.24 -60.16
766.4 -60.15
766.56 -60.12
766.72 -59.6
766.88 -59.77
767.04 -59.75
767.2 -59.82
767.36 -60.06
767.52 -59.91
767.68 -60.24
767.84 -60.22
768.0 -60.19
768.16 -60.27
768.32 -59.98
768.48 -59.97
768.64 -59.79
768.8 -59.81
768.96 -59.8
769.12 -60.06
769.28 -59.84
769.44 -60.17
769.6 -60.03
769.76 -60.29
769.92 -60.25
770.08 -60.08
770.24 -59.95
770.4 -59.8
770.56 -59.74
770.72 -59.8
770.88 -59.72
771.04 -59.87
771.2 -60.35
771.36 -60.1
771.52 -60.24
771.68 -59.76
771.84 -60.03
772.0 -59.87
772.16 -59.52
772.32 -59.67
772.48 -59.35
772.64 -59.79
772.8 -59.68
772.96 -59.69
773.12 -60.09
773.28 -59.78
773.44 -59.87
773.6 -60.11
773.76 -59.96
773.92 -59.78
774.08 -59.59
774.24 -59.54
774.4 -59.38
774.56 -59.9
774.72 -59.67
774.88 -59.84
775.04 -60.25
775.2 -60.41
775.36 -60.42
775.52 -59.94
775.68 -59.62
775.84 -59.32
776.0 -59.74
776.16 -59.75
776.32 -59.59
776.48 -59.81
776.64 -59.71
776.8 -59.76
776.96 -60.07
777.12 -60.38
777.28 -60.18
777.44 -60.2
777.6 -59.8
777.76 -59.47
777.92 -59.33
778.08 -59.39
778.24 -59.6
778.4 -59.71
778.56 -59.96
778.72 -60.16
778.88 -60.06
779.04 -60.07
779.2 -59.68
779.36 -59.61
779.52 -59.67
779.68 -59.35
779.84 -59.43
780.0 -59.57
780.16 -59.57
780.32 -59.48
780.48 -60.24
780.64 -60.24
780.8 -60.32
780.96 -59.86
781.12 -60.1
781.28 -59.66
781.44 -59.48
781.6 -59.34
781.76 -59.16
781.92 -59.33
782.08 -59.56
782.24 -59.63
782.4 -59.78
782.56 -60.14
782.72 -60.52
782.88 -59.94
783.04 -59.85
783.2 -59.42
783.36 -59.46
783.52 -59.19
783.68 -59.33
783.84 -59.19
784.0 -59.39
784.16 -59.69
784.32 -60.27
784.48 -60.18
784.64 -60.09
784.8 -59.75
784.96 -59.9
785.12 -59.61
785.28 -59.39
785.44 -59.22
785.6 -59.1
785.76 -59.27
785.92 -59.32
786.08 -59.76
786.24 -60.16
786.4 -60.41
786.56 -60.13
786.72 -60.01
786.88 -59.59
787.04 -59.42
787.2 -59.2
787.36 -59.05
787.52 -58.77
787.68 -59.22
787.84 -59.49
788.0 -59.75
788.16 -59.96
788.32 -60.08
788.48 -60.11
788.64 -59.81
788.8 -59.86
788.96 -59.19
789.12 -59.21
789.28 -58.86
789.44 -58.98
789.6 -59.26
789.76 -59.35
789.92 -59.74
790.08 -59.86
790.24 -60.36
790.4 -60.1
790.56 -59.9
790.72 -59.53
790.88 -59.24
791.04 -59.27
791.2 -59.06
791.36 -59.1
791.52 -59.06
791.68 -59.23
791.84 -59.85
792.0 -59.81
792.16 -59.78
792.32 -59.81
792.48 -59.6
792.64 -59.48
792.8 -59.13
792.96 -59.18
793.12 -58.91
793.28 -58.94
793.44 -59.04
793.6 -59.36
793.76 -59.58
793.92 -60.12
794.08 -60.18
794.24 -60.03
794.4 -59.71
794.56 -59.62
794.72 -59.22
794.88 -58.77
795.04 -58.83
795.2 -58.75
795.36 -58.87
795.52 -59.2
795.68 -59.27
795.84 -59.85
796.0 -59.84
796.16 -59.82
796.32 -59.67
796.48 -59.19
796.64 -59.26
796.8 -58.85
796.96 -58.63
797.12 -58.95
797.28 -58.89
797.44 -59.19
797.6 -59.65
797.76 -59.79
797.92 -59.95
798.08 -59.64
798.24 -59.43
798.4 -59.65
798.56 -58.89
798.72 -58.77
798.88 -58.64
799.04 -58.63
799.2 -58.59
799.36 -58.97
799.52 -59.36
799.68 -59.39
799.84 -59.82
800.0 -59.62
800.16 -59.27
800.32 -59.14
800.48 -58.96
800.64 -58.64
800.8 -58.36
800.96 -58.77
801.12 -58.78
801.28 -58.92
801.44 -58.95
801.6 -59.58
801.76 -59.72
801.92 -59.83
802.08 -59.4
802.24 -59.33
802.4 -58.9
802.56 -58.75
802.72 -58.34
802.88 -58.61
803.04 -58.46
803.2 -58.78
803.36 -59.14
803.52 -59.34
803.68 -59.27
803.84 -59.4
804.0 -59.9
804.16 -59.46
804.32 -59.28
804.48 -58.83
804.64 -58.57
804.8 -58.36
804.96 -58.29
805.12 -58.72
805.28 -58.75
805.44 -59.17
805.6 -59.04
805.76 -59.17
805.92 -59.12
806.08 -58.73
806.24 -58.31
806.4 -57.39
806.56 -56.37
806.72 -55.63
806.88 -54.52
807.04 -53.8
807.2 -52.83
807.36 -51.77
807.52 -50.68
807.68 -49.61
807.84 -48.85
808.0 -48.49
808.16 -48.59
808.32 -48.69
808.48 -48.78
808.64 -48.72
808.8 -48.93
808.96 -49.92
809.12 -51.67
809.28 -54.43
809.44 -56.98
809.6 -58.08
809.76 -58.64
809.92 -58.96
810.08 -58.87
810.24 -58.74
810.4 -58.72
810.56 -58.43
810.72 -58.34
810.88 -58.38
811.04 -58.28
811.2 -58.33
811.36 -58.69
811.52 -58.93
811.68 -59.06
811.84 -59.62
812.0 -59.48
812.16 -58.9
812.32 -58.84
812.48 -58.65
812.64 -58.41
812.8 -58.39
812.96 -58.51
813.12 -58.53
813.28 -58.7
813.44 -59.05
813.6 -59.1
813.76 -59.02
813.92 -59.46
814.08 -59.06
814.24 -58.91
814.4 -58.82
814.56 -58.47
814.72 -58.4
814.88 -58.41
815.04 -58.69
815.2 -58.83
815.36 -58.77
815.52 -59.19
815.68 -59.36
815.84 -59.26
816.0 -59.2
816.16 -58.89
816.32 -58.82
816.48 -58.27
816.64 -58.4
816.8 -58.41
816.96 -58.32
817.12 -58.45
817.28 -58.51
817.44 -59.16
817.6 -59.17
817.76 -59.19
817.92 -59.13
818.08 -59.26
818.24 -58.75
818.4 -58.48
818.56 -58.43
818.72 -58.34
818.88 -58.35
819.04 -58.34
819.2 -58.57
819.36 -58.79
819.52 -58.94
819.68 -59.13
819.84 -59.01
820.0 -59.02
820.16 -58.68
820.32 -58.62
820.48 -58.3
820.64 -58.22
820.8 -58.39
820.96 -58.39
821.12 -58.1
821.28 -58.35
821.44 -59.04
821.6 -59.03
821.76 -58.9
821.92 -58.99
822.08 -58.98
822.24 -58.45
822.4 -58.37
822.56 -58.33
822.72 -58.22
822.88 -58.22
823.04 -58.31
823.2 -58.46
823.36 -58.61
823.52 -58.88
823.68 -59.0
823.84 -58.99
824.0 -58.97
824.16 -58.82
824.32 -58.75
824.48 -58.58
824.64 -58.14
824.8 -58.19
824.96 -58.46
825.12 -58.35
825.28 -58.4
825.44 -58.63
825.6 -58.68
825.76 -58.89
825.92 -58.99
826.08 -58.9
826.24 -58.84
826.4 -58.41
826.56 -58.47
826.72 -58.26
826.88 -58.22
827.04 -58.04
827.2 -58.2
827.36 -58.63
827.52 -58.85
827.68 -58.9
827.84 -58.97
828.0 -58.88
828.16 -58.74
828.32 -58.72
828.48 -58.27
828.64 -58.21
828.8 -57.89
828.96 -58.13
829.12 -58.3
829.28 -58.26
829.44 -58.52
829.6 -58.56
829.76 -58.68
829.92 -58.73
830.08 -58.63
830.24 -58.59
830.4 -58.36
830.56 -58.37
830.72 -58.15
830.88 -58.11
831.04 -58.14
831.2 -58.23
831.36 -58.09
831.52 -58.45
831.68 -58.69
831.84 -58.68
832.0 -58.56
832.16 -58.58
832.32 -58.36
832.48 -58.11
832.64 -57.97
832.8 -57.94
832.96 -57.91
833.12 -58.0
833.28 -57.94
833.44 -58.2
833.6 -58.09
833.76 -58.28
833.92 -58.19
834.08 -58.47
834.24 -58.17
834.4 -58.2
834.56 -57.85
834.72 -57.56
834.88 -57.72
835.04 -57.62
835.2 -57.6
835.36 -57.62
835.52 -58.01
835.68 -58.16
835.84 -58.28
836.0 -58.17
836.16 -58.06
836.32 -58.07
836.48 -57.85
836.64 -57.79
836.8 -57.75
836.96 -57.68
837.12 -57.57
837.28 -57.69
837.44 -57.89
837.6 -57.98
837.76 -58.12
837.92 -58.16
838.08 -58.24
838.24 -58.32
838.4 -58.1
838.56 -57.84
838.72 -57.86
838.88 -57.66
839.04 -57.7
839.2 -57.66
839.36 -57.7
839.52 -57.84
839.68 -58.03
839.84 -57.97
840.0 -58.32
840.16 -58.36
840.32 -58.38
840.48 -58.14
840.64 -57.84
840.8 -57.85
840.96 -57.77
841.12 -57.72
841.28 -57.72
841.44 -57.95
841.6 -57.89
841.76 -58.07
841.92 -58.05
842.08 -58.15
842.24 -58.11
842.4 -58.16
842.56 -58.11
842.72 -57.77
842.88 -57.72
843.04 -57.65
843.2 -57.66
843.36 -57.63
843.52 -57.83
843.68 -58.06
843.84 -58.06
844.0 -58.14
844.16 -58.16
844.32 -58.21
844.48 -58.02
844.64 -58.02
844.8 -57.87
844.96 -57.76
845.12 -57.82
845.28 -57.67
845.44 -57.63
845.6 -57.72
845.76 -57.77
845.92 -57.98
846.08 -58.01
846.24 -58.05
846.4 -58.08
846.56 -58.12
846.72 -57.92
846.88 -57.92
847.04 -57.6
847.2 -57.55
847.36 -57.5
847.52 -57.63
847.68 -57.82
847.84 -57.62
848.0 -57.97
848.16 -58.03
848.32 -58.13
848.48 -57.91
848.64 -57.96
848.8 -57.76
848.96 -57.86
849.12 -57.54
849.28 -57.45
849.44 -57.56
849.6 -57.61
849.76 -57.8
849.92 -57.73
850.08 -57.67
850.24 -57.94
850.4 -57.92
850.56 -57.99
850.72 -57.85
850.88 -57.79
851.04 -57.65
851.2 -57.61
851.36 -57.5
851.52 -57.73
851.68 -57.52
851.84 -57.51
852.0 -57.8
852.16 -57.75
852.32 -57.87
852.48 -58.03
852.64 -57.86
852.8 -57.84
852.96 -57.62
853.12 -57.6
853.28 -57.44
853.44 -57.37
853.6 -57.5
853.76 -57.62
853.92 -57.59
854.08 -57.93
854.24 -57.75
854.4 -57.8
854.56 -57.74
854.72 -57.79
854.88 -57.58
855.04 -57.44
855.2 -57.57
855.36 -57.4
855.52 -57.44
855.68 -57.4
855.84 -57.64
856.0 -57.6
856.16 -57.6
856.32 -57.71
856.48 -57.8
856.64 -57.63
856.8 -57.6
856.96 -57.63
857.12 -57.24
857.28 -57.45
857.44 -57.32
857.6 -57.36
857.76 -57.38
857.92 -57.47
858.08 -57.71
858.24 -57.75
858.4 -57.77
858.56 -57.67
858.72 -57.82
858.88 -57.62
859.04 -57.55
859.2 -57.21
859.36 -57.31
859.52 -57.44
859.68 -57.35
859.84 -57.37
860.0 -57.31
860.16 -57.56
860.32 -57.63
860.48 -57.47
860.64 -57.6
860.8 -57.69
860.96 -57.37
861.12 -57.32
861.28 -57.24
861.44 -57.18
861.6 -57.15
861.76 -57.27
861.92 -57.13
862.08 -57.59
862.24 -57.58
862.4 -57.57
862.56 -57.62
862.72 -57.55
862.88 -57.57
863.04 -57.31
863.2 -57.34
863.36 -57.25
863.52 -57.13
863.68 -57.13
863.84 -57.2
864.0 -57.31
864.16 -57.61
864.32 -57.57
864.48 -57.58
864.64 -57.58
864.8 -57.65
864.96 -57.52
865.12 -57.37
865.28 -57.31
865.44 -57.16
865.6 -57.29
865.76 -57.3
865.92 -57.3
866.08 -57.31
866.24 -57.47
866.4 -57.31
866.56 -57.47
866.72 -57.57
866.88 -57.42
867.04 -57.46
867.2 -57.07
867.36 -57.16
867.52 -57.26
867.68 -57.27
867.84 -57.44
868.0 -57.2
868.16 -57.42
868.32 -57.63
868.48 -57.59
868.64 -57.51
868.8 -57.58
868.96 -57.41
869.12 -57.52
869.28 -57.18
869.44 -57.22
869.6 -57.22
869.76 -57.12
869.92 -57.32
870.08 -57.28
870.24 -57.5
870.4 -57.53
870.56 -57.5
870.72 -57.54
870.88 -57.6
871.04 -57.38
871.2 -57.29
871.36 -57.16
871.52 -57.21
871.68 -57.27
871.84 -57.4
872.0 -57.37
872.16 -57.37
872.32 -57.44
872.48 -57.54
872.64 -57.53
872.8 -57.48
872.96 -57.33
873.12 -57.33
873.28 -57.25
873.44 -57.13
873.6 -57.2
873.76 -57.03
873.92 -57.32
874.08 -57.22
874.24 -57.54
874.4 -57.38
874.56 -57.56
874.72 -57.47
874.88 -57.33
875.04 -57.32
875.2 -57.1
875.36 -56.96
875.52 -56.94
875.68 -57.14
875.84 -57.07
876.0 -57.15
876.16 -57.29
876.32 -57.15
876.48 -57.33
876.64 -57.19
876.8 -57.24
876.96 -57.24
877.12 -57.14
877.28 -56.92
877.44 -56.95
877.6 -57.08
877.76 -56.98
877.92 -57.22
878.08 -57.11
878.24 -57.18
878.4 -57.27
878.56 -57.31
878.72 -57.24
878.88 -57.17
879.04 -57.03
879.2 -57.0
879.36 -57.06
879.52 -56.98
879.68 -57.05
879.84 -57.23
880.0 -57.13
880.16 -57.24
880.32 -57.33
880.48 -57.24
880.64 -57.15
880.8 -57.22
880.96 -57.17
881.12 -56.93
881.28 -56.99
881.44 -56.99
881.6 -56.88
881.76 -57.13
881.92 -56.99
882.08 -57.14
882.24 -57.15
882.4 -57.1
882.56 -56.96
882.72 -57.15
882.88 -56.98
883.04 -56.95
883.2 -56.83
883.36 -56.71
883.52 -56.85
883.68 -56.76
883.84 -56.9
884.0 -57.02
884.16 -57.04
884.32 -57.17
884.48 -57.44
884.64 -57.04
884.8 -57.01
884.96 -56.93
885.12 -56.94
885.28 -56.86
885.44 -56.79
885.6 -56.79
885.76 -56.9
885.92 -56.83
886.08 -57.01
886.24 -57.0
886.4 -57.11
886.56 -57.07
886.72 -57.17
886.88 -56.92
887.04 -57.03
887.2 -56.97
887.36 -56.9
887.52 -56.91
887.68 -56.9
887.84 -56.98
888.0 -57.06
888.16 -56.94
888.32 -57.06
888.48 -57.11
888.64 -57.25
888.8 -57.16
888.96 -57.05
889.12 -56.81
889.28 -56.87
889.44 -56.96
889.6 -56.74
889.76 -56.81
889.92 -56.64
890.08 -56.85
890.24 -56.96
890.4 -57.02
890.56 -56.89
890.72 -56.93
890.88 -56.83
891.04 -56.9
891.2 -56.86
891.36 -56.72
891.52 -56.69
891.68 -56.65
891.84 -56.65
892.0 -56.77
892.16 -56.98
892.32 -56.9
892.48 -56.93
892.64 -56.82
892.8 -57.01
892.96 -56.85
893.12 -56.88
893.28 -56.76
893.44 -56.76
893.6 -56.6
893.76 -56.67
893.92 -56.67
894.08 -56.73
894.24 -56.77
894.4 -56.91
894.56 -56.83
894.72 -56.92
894.88 -56.89
895.04 -56.78
895.2 -56.81
895.36 -56.85
895.52 -56.58
895.68 -56.65
895.84 -56.72
896.0 -56.67
896.16 -56.64
896.32 -56.75
896.48 -56.78
896.64 -56.89
896.8 -56.88
896.96 -56.76
897.12 -56.58
897.28 -56.69
897.44 -56.67
897.6 -56.48
897.76 -56.67
897.92 -56.55
898.08 -56.65
898.24 -56.77
898.4 -56.8
898.56 -56.74
898.72 -56.78
898.88 -56.65
899.04 -56.64
899.2 -56.53
899.36 -56.6
899.52 -56.49
899.68 -56.61
899.84 -56.58
900.0 -56.62
