740.0 -61.06
740.16 -61.2
740.32 -61.0
740.48 -61.12
740.64 -61.28
740.8 -61.54
740.96 -61.46
741.12 -61.44
741.28 -61.04
741.44 -61.21
741.6 -61.22
741.76 -61.12
741.92 -61.15
742.08 -61.45
742.24 -61.66
742.4 -61.11
742.56 -61.56
742.72 -61.2
742.88 -61.03
743.04 -61.13
743.2 -61.0
743.36 -60.85
743.52 -61.21
743.68 -61.06
743.84 -61.48
744.0 -61.61
744.16 -61.17
744.32 -61.07
744.48 -61.0
744.64 -61.42
744.8 -61.25
744.96 -60.91
745.12 -61.26
745.28 -61.31
745.44 -61.08
745.6 -60.85
745.76 -61.17
745.92 -61.18
746.08 -61.26
746.24 -61.53
746.4 -61.44
746.56 -61.45
746.72 -61.13
746.88 -61.3
747.04 -61.27
747.2 -61.18
747.36 -61.02
747.52 -61.05
747.68 -61.36
747.84 -60.87
748.0 -61.28
748.16 -61.1
748.32 -60.77
748.48 -61.01
748.64 -61.23
748.8 -60.99
748.96 -61.04
749.12 -61.27
749.28 -60.87
749.44 -61.11
749.6 -61.23
749.76 -61.15
749.92 -61.22
750.08 -61.23
750.24 -60.98
750.4 -61.08
750.56 -60.45
750.72 -61.0
750.88 -60.99
751.04 -61.16
751.2 -61.5
751.36 -61.06
751.52 -61.31
751.68 -61.36
751.84 -61.31
752.0 -60.8
752.16 -60.91
752.32 -61.03
752.48 -60.82
752.64 -60.82
752.8 -61.05
752.96 -60.88
753.12 -61.26
753.28 -61.3
753.44 -61.26
753.6 -61.42
753.76 -61.09
753.92 -61.16
754.08 -60.75
754.24 -61.07
754.4 -60.97
754.56 -60.99
754.72 -60.86
754.88 -61.14
755.04 -61.04
755.2 -61.2
755.36 -61.05
755.52 -61.48
755.68 -60.89
755.84 -60.54
756.0 -61.02
756.16 -60.97
756.32 -60.79
756.48 -60.92
756.64 -61.08
756.8 -61.22
756.96 -61.08
757.12 -61.39
757.28 -60.77
757.44 -61.02
757.6 -60.53
757.76 -61.11
757.92 -60.9
758.08 -60.84
758.24 -60.94
758.4 -60.73
758.56 -61.41
758.72 -60.79
758.88 -60.92
759.04 -61.25
759.2 -60.89
759.36 -60.88
759.52 -60.82
759.68 -61.39
759.84 -60.88
760.0 -61.4
760.16 -61.1
760.32 -61.12
760.48 -61.13
760.64 -61.02
760.8 -60.81
760.96 -60.93
761.12 -60.87
761.28 -60.78
761.44 -60.68
761.6 -61.17
761.76 -60.92
761.92 -61.31
762.08 -61.17
762.24 -60.91
762.4 -60.92
762.56 -61.0
762.72 -60.57
762.88 -60.57
763.04 -60.68
763.2 -60.83
763.36 -61.18
763.52 -60.91
763.68 -61.07
763.84 -61.28
764.0 -60.78
764.16 -60.72
764.32 -60.51
764.48 -60.58
764.64 -60.36
764.8 -60.84
764.96 -60.87
765.12 -60.97
765.28 -61.23
765.44 -60.83
765.6 -61.07
765.76 -60.65
765.92 -60.55
766.08 -60.97
766.24 -60.95
766.4 -60.72
766.56 -61.07
766.72 -60.66
766.88 -61.27
767.04 -60.7
767.2 -61.19
767.36 -60.61
767.52 -60.55
767.68 -60.76
767.84 -60.48
768.0 -60.64
768.16 -60.96
768.32 -60.85
768.48 -60.7
768.64 -60.92
768.8 -60.68
768.96 -60.81
769.12 -60.69
769.28 -61.12
769.44 -60.8
769.6 -60.48
769.76 -60.93
769.92 -60.99
770.08 -60.57
770.24 -60.73
770.4 -60.83
770.56 -61.09
770.72 -60.99
770.88 -60.97
771.04 -60.79
771.2 -60.58
771.36 -60.35
771.52 -60.55
771.68 -61.0
771.84 -60.93
772.0 -60.78
772.16 -60.79
772.32 -61.06
772.48 -60.91
772.64 -60.46
772.8 -60.65
772.96 -60.71
773.12 -60.77
773.28 -60.38
773.44 -60.84
773.6 -60.47
773.76 -61.25
773.92 -60.73
774.08 -60.71
774.24 -60.17
774.4 -60.73
774.56 -60.59
774.72 -60.62
774.88 -60.55
775.04 -60.69
775.2 -60.6
775.36 -60.96
775.52 -60.98
775.68 -60.67
775.84 -60.77
776.0 -60.53
776.16 -60.65
776.32 -60.54
776.48 -60.55
776.64 -60.89
776.8 -60.65
776.96 -60.88
777.12 -60.77
777.28 -60.6
777.44 -60.6
777.6 -60.53
777.76 -60.33
777.92 -60.63
778.08 -60.56
778.24 -60.51
778.4 -60.58
778.56 -60.36
778.72 -60.56
778.88 -60.55
779.04 -60.52
779.2 -60.96
779.36 -60.78
779.52 -60.55
779.68 -60.58
779.84 -60.74
780.0 -60.59
780.16 -60.56
780.32 -60.53
780.48 -60.5
780.64 -60.4
780.8 -60.71
780.96 -60.65
781.12 -60.46
781.28 -60.71
781.44 -60.4
781.6 -60.54
781.76 -60.07
781.92 -60.49
782.08 -60.62
782.24 -60.6
782.4 -60.15
782.56 -60.15
782.72 -60.39
782.88 -60.58
783.04 -60.6
783.2 -60.38
783.36 -60.48
783.52 -60.52
783.68 -60.64
783.84 -60.53
784.0 -60.52
784.16 -60.17
784.32 -60.72
784.48 -60.84
784.64 -60.28
784.8 -60.83
784.96 -60.21
785.12 -60.22
785.28 -60.67
785.44 -61.02
785.6 -60.42
785.76 -60.88
785.92 -60.44
786.08 -60.41
786.24 -60.29
786.4 -60.44
786.56 -60.5
786.72 -60.77
786.88 -60.31
787.04 -60.33
787.2 -60.36
787.36 -60.63
787.52 -60.5
787.68 -60.15
787.84 -60.2
788.0 -60.58
788.16 -60.31
788.32 -60.63
788.48 -60.5
788.64 -60.49
788.8 -60.17
788.96 -60.46
789.12 -60.45
789.28 -60.13
789.44 -60.48
789.6 -60.69
789.76 -60.6
789.92 -60.76
790.08 -60.53
790.24 -60.56
790.4 -60.39
790.56 -60.29
790.72 -60.51
790.88 -60.6
791.04 -60.58
791.2 -60.63
791.36 -60.37
791.52 -60.35
791.68 -60.41
791.84 -60.14
792.0 -60.68
792.16 -60.23
792.32 -60.51
792.48 -60.84
792.64 -60.34
792.8 -60.26
792.96 -60.22
793.12 -60.24
793.28 -60.36
793.44 -60.36
793.6 -60.62
793.76 -60.7
793.92 -60.18
794.08 -60.46
794.24 -60.32
794.4 -60.17
794.56 -60.63
794.72 -60.07
794.88 -60.61
795.04 -60.7
795.2 -60.55
795.36 -60.63
795.52 -60.44
795.68 -60.54
795.84 -60.64
796.0 -60.37
796.16 -60.56
796.32 -60.47
796.48 -60.64
796.64 -60.76
796.8 -60.76
796.96 -60.62
797.12 -60.28
797.28 -60.48
797.44 -60.34
797.6 -60.54
797.76 -60.55
797.92 -60.75
798.08 -60.53
798.24 -60.27
798.4 -60.03
798.56 -60.28
798.72 -60.26
798.88 -60.51
799.04 -60.32
799.2 -60.56
799.36 -60.28
799.52 -60.27
799.68 -60.0
799.84 -60.3
800.0 -59.92
800.16 -60.09
800.32 -59.84
800.48 -60.37
800.64 -60.34
800.8 -60.23
800.96 -60.46
801.12 -60.26
801.28 -60.4
801.44 -60.29
801.6 -60.47
801.76 -60.14
801.92 -60.03
802.08 -60.4
802.24 -60.5
802.4 -60.33
802.56 -60.3
802.72 -60.51
802.88 -60.16
803.04 -59.98
803.2 -60.43
803.36 -60.33
803.52 -60.46
803.68 -60.14
803.84 -60.76
804.0 -59.96
804.16 -60.13
804.32 -59.85
804.48 -60.38
804.64 -60.11
804.8 -60.51
804.96 -60.06
805.12 -60.27
805.28 -59.76
805.44 -59.7
805.6 -59.67
805.76 -60.11
805.92 -60.09
806.08 -59.77
806.24 -59.49
806.4 -58.89
806.56 -57.98
806.72 -57.21
806.88 -56.4
807.04 -55.47
807.2 -54.21
807.36 -53.03
807.52 -51.81
807.68 -50.34
807.84 -49.47
808.0 -49.33
808.16 -49.71
808.32 -50.46
808.48 -50.96
808.64 -51.03
808.8 -51.18
808.96 -52.19
809.12 -53.62
809.28 -55.78
809.44 -58.05
809.6 -59.18
809.76 -59.85
809.92 -59.63
810.08 -59.9
810.24 -60.01
810.4 -59.84
810.56 -59.86
810.72 -60.13
810.88 -60.3
811.04 -60.46
811.2 -60.06
811.36 -60.59
811.52 -60.02
811.68 -59.96
811.84 -60.39
812.0 -60.36
812.16 -60.57
812.32 -60.46
812.48 -60.08
812.64 -60.0
812.8 -60.24
812.96 -60.21
813.12 -60.47
813.28 -60.43
813.44 -60.4
813.6 -60.28
813.76 -59.79
813.92 -60.06
814.08 -59.79
814.24 -60.25
814.4 -60.67
814.56 -60.42
814.72 -60.35
814.88 -60.24
815.04 -60.42
815.2 -60.16
815.36 -60.34
815.52 -61.01
815.68 -60.74
815.84 -60.32
816.0 -60.17
816.16 -60.37
816.32 -60.35
816.48 -60.59
816.64 -60.46
816.8 -60.36
816.96 -60.52
817.12 -60.34
817.28 -60.38
817.44 -60.19
817.6 -60.3
817.76 -60.27
817.92 -60.26
818.08 -60.35
818.24 -60.54
818.4 -60.22
818.56 -60.13
818.72 -60.36
818.88 -60.51
819.04 -60.36
819.2 -60.27
819.36 -60.26
819.52 -60.14
819.68 -60.18
819.84 -60.4
820.0 -60.28
820.16 -60.37
820.32 -60.35
820.48 -60.44
820.64 -60.12
820.8 -60.91
820.96 -60.51
821.12 -60.56
821.28 -60.3
821.44 -60.33
821.6 -60.18
821.76 -60.18
821.92 -60.25
822.08 -60.49
822.24 -60.51
822.4 -60.27
822.56 -60.15
822.72 -60.52
822.88 -60.54
823.04 -60.2
823.2 -60.76
823.36 -60.34
823.52 -60.39
823.68 -60.13
823.84 -60.26
824.0 -60.31
824.16 -60.45
824.32 -60.63
824.48 -60.08
824.64 -60.36
824.8 -60.34
824.96 -60.3
825.12 -60.22
825.28 -60.18
825.44 -60.43
825.6 -60.19
825.76 -60.08
825.92 -60.22
826.08 -60.48
826.24 -60.21
826.4 -60.3
826.56 -60.22
826.72 -60.37
826.88 -60.07
827.04 -59.96
827.2 -60.44
827.36 -60.57
827.52 -60.33
827.68 -60.15
827.84 -59.8
828.0 -60.38
828.16 -60.23
828.32 -60.3
828.48 -60.27
828.64 -60.14
828.8 -60.44
828.96 -60.29
829.12 -60.26
829.28 -60.41
829.44 -60.49
829.6 -60.34
829.76 -60.26
829.92 -60.44
830.08 -60.53
830.24 -60.14
830.4 -60.33
830.56 -60.36
830.72 -60.73
830.88 -60.59
831.04 -59.97
831.2 -60.27
831.36 -60.13
831.52 -60.17
831.68 -60.28
831.84 -60.58
832.0 -60.36
832.16 -60.12
832.32 -60.35
832.48 -60.3
832.64 -60.4
832.8 -60.23
832.96 -60.27
833.12 -60.08
833.28 -60.33
833.44 -60.48
833.6 -60.61
833.76 -60.13
833.92 -60.32
834.08 -60.2
834.24 -60.02
834.4 -59.97
834.56 -59.89
834.72 -60.59
834.88 -60.1
835.04 -59.99
835.2 -60.01
835.36 -60.01
835.52 -59.98
835.68 -59.98
835.84 -59.81
836.0 -60.52
836.16 -60.13
836.32 -60.11
836.48 -60.33
836.64 -60.27
836.8 -60.24
836.96 -60.33
837.12 -60.25
837.28 -60.08
837.44 -60.41
837.6 -60.29
837.76 -60.32
837.92 -60.29
838.08 -60.54
838.24 -60.4
838.4 -60.31
838.56 -60.15
838.72 -60.31
838.88 -60.33
839.04 -60.35
839.2 -60.31
839.36 -60.19
839.52 -60.29
839.68 -60.24
839.84 -60.19
840.0 -60.29
840.16 -60.44
840.32 -60.44
840.48 -60.1
840.64 -60.23
840.8 -60.54
840.96 -60.45
841.12 -60.44
841.28 -60.23
841.44 -60.28
841.6 -60.25
841.76 -60.39
841.92 -60.24
842.08 -60.51
842.24 -60.8
842.4 -60.65
842.56 -60.2
842.72 -60.3
842.88 -60.52
843.04 -60.46
843.2 -60.52
843.36 -60.16
843.52 -60.28
843.68 -60.18
843.84 -60.43
844.0 -60.24
844.16 -60.41
844.32 -60.47
844.48 -60.18
844.64 -60.1
844.8 -60.19
844.96 -60.42
845.12 -60.42
845.28 -60.38
845.44 -60.39
845.6 -60.16
845.76 -60.47
845.92 -60.58
846.08 -60.59
846.24 -60.34
846.4 -60.37
846.56 -60.3
846.72 -60.26
846.88 -60.32
847.04 -60.56
847.2 -60.39
847.36 -60.15
847.52 -60.2
847.68 -60.18
847.84 -60.44
848.0 -60.32
848.16 -60.15
848.32 -60.04
848.48 -60.41
848.64 -60.17
848.8 -60.24
848.96 -60.27
849.12 -60.33
849.28 -60.15
849.44 -60.51
849.6 -60.27
849.76 -60.29
849.92 -60.52
850.08 -60.8
850.24 -60.28
850.4 -60.43
850.56 -60.39
850.72 -60.64
850.88 -60.66
851.04 -60.57
851.2 -60.43
851.36 -60.62
851.52 -60.5
851.68 -60.38
851.84 -60.27
852.0 -60.39
852.16 -60.83
852.32 -60.46
852.48 -60.7
852.64 -60.39
852.8 -60.48
852.96 -60.48
853.12 -60.84
853.28 -60.38
853.44 -60.69
853.6 -60.52
853.76 -60.28
853.92 -60.24
854.08 -60.52
854.24 -60.31
854.4 -60.35
854.56 -60.08
854.72 -60.79
854.88 -60.44
855.04 -60.65
855.2 -60.19
855.36 -60.33
855.52 -60.53
855.68 -60.42
855.84 -60.63
856.0 -60.41
856.16 -60.34
856.32 -60.12
856.48 -60.35
856.64 -60.26
856.8 -60.37
856.96 -60.4
857.12 -60.37
857.28 -60.25
857.44 -60.44
857.6 -60.49
857.76 -60.39
857.92 -60.45
858.08 -60.27
858.24 -60.13
858.4 -60.15
858.56 -60.59
858.72 -60.65
858.88 -60.33
859.04 -60.26
859.2 -60.43
859.36 -60.59
859.52 -60.58
859.68 -60.34
859.84 -60.23
860.0 -60.37
860.16 -60.34
860.32 -60.42
860.48 -60.63
860.64 -60.41
860.8 -60.39
860.96 -60.11
861.12 -60.33
861.28 -60.46
861.44 -60.41
861.6 -60.35
861.76 -60.35
861.92 -60.34
862.08 -60.74
862.24 -60.63
862.4 -60.57
862.56 -60.41
862.72 -60.28
862.88 -60.47
863.04 -60.7
863.2 -60.34
863.36 -60.15
863.52 -60.52
863.68 -60.38
863.84 -60.99
864.0 -60.24
864.16 -60.16
864.32 -60.34
864.48 -60.47
864.64 -60.33
864.8 -60.43
864.96 -60.37
865.12 -60.22
865.28 -60.19
865.44 -60.5
865.6 -60.4
865.76 -60.22
865.92 -60.69
866.08 -60.37
866.24 -59.88
866.4 -60.21
866.56 -60.51
866.72 -60.74
866.88 -60.16
867.04 -60.21
867.2 -60.14
867.36 -60.44
867.52 -60.63
867.68 -59.98
867.84 -60.25
868.0 -60.1
868.16 -60.25
868.32 -60.28
868.48 -60.09
868.64 -59.95
868.8 -60.24
868.96 -60.35
869.12 -60.52
869.28 -60.34
869.44 -60.26
869.6 -60.24
869.76 -60.26
869.92 -60.32
870.08 -60.16
870.24 -60.33
870.4 -60.25
870.56 -60.58
870.72 -60.21
870.88 -60.19
871.04 -60.25
871.2 -60.39
871.36 -60.24
871.52 -60.09
871.68 -60.35
871.84 -60.5
872.0 -60.11
872.16 -60.07
872.32 -60.03
872.48 -60.22
872.64 -60.38
872.8 -60.37
872.96 -60.13
873.12 -59.89
873.28 -60.21
873.44 -60.5
873.6 -60.15
873.76 -60.0
873.92 -60.12
874.08 -60.13
874.24 -60.49
874.4 -60.21
874.56 -59.9
874.72 -59.99
874.88 -60.1
875.04 -60.42
875.2 -60.36
875.36 -59.96
875.52 -59.94
875.68 -60.28
875.84 -60.59
876.0 -60.35
876.16 -60.16
876.32 -60.29
876.48 -60.07
876.64 -60.36
876.8 -60.07
876.96 -60.09
877.12 -60.14
877.28 -60.29
877.44 -60.48
877.6 -60.14
877.76 -60.25
877.92 -60.17
878.08 -60.38
878.24 -60.13
878.4 -60.25
878.56 -60.22
878.72 -60.19
878.88 -60.24
879.04 -60.22
879.2 -59.88
879.36 -59.99
879.52 -60.07
879.68 -60.03
879.84 -60.02
880.0 -60.06
880.16 -59.82
880.32 -59.9
880.48 -60.04
880.64 -60.14
880.8 -59.96
880.96 -59.9
881.12 -59.79
881.28 -60.02
881.44 -60.19
881.6 -59.99
881.76 -59.9
881.92 -59.89
882.08 -60.16
882.24 -60.0
882.4 -60.22
882.56 -59.76
882.72 -60.27
882.88 -60.04
883.04 -60.05
883.2 -59.84
883.36 -60.12
883.52 -59.81
883.68 -59.96
883.84 -60.11
884.0 -59.97
884.16 -59.84
884.32 -59.89
884.48 -59.86
884.64 -59.94
884.8 -59.92
884.96 -59.92
885.12 -60.37
885.28 -60.02
885.44 -60.18
885.6 -59.86
885.76 -60.12
885.92 -60.08
886.08 -60.18
886.24 -60.25
886.4 -59.58
886.56 -59.77
886.72 -60.21
886.88 -59.96
887.04 -60.04
887.2 -59.63
887.36 -59.99
887.52 -59.94
887.68 -60.1
887.84 -59.92
888.0 -59.64
888.16 -59.66
888.32 -59.71
888.48 -60.14
888.64 -59.84
888.8 -59.68
888.96 -59.66
889.12 -59.72
889.28 -59.87
889.44 -59.91
889.6 -59.74
889.76 -59.61
889.92 -59.74
890.08 -59.91
890.24 -59.74
890.4 -59.74
890.56 -59.61
890.72 -59.79
890.88 -59.8
891.04 -59.68
891.2 -59.98
891.36 -59.79
891.52 -59.61
891.68 -59.9
891.84 -59.86
892.0 -59.69
892.16 -59.84
892.32 -60.0
892.48 -59.93
892.64 -59.97
892.8 -59.78
892.96 -59.69
893.12 -59.74
893.28 -59.69
893.44 -60.01
893.6 -59.49
893.76 -59.4
893.92 -59.58
894.08 -59.68
894.24 -59.83
894.4 -60.05
894.56 -59.59
894.72 -59.64
894.88 -59.89
895.04 -59.52
895.2 -59.5
895.36 -59.77
895.52 -59.68
895.68 -59.78
895.84 -59.85
896.0 -59.76
896.16 -59.6
896.32 -59.62
896.48 -59.46
896.64 -59.62
896.8 -59.39
896.96 -59.6
897.12 -59.42
897.28 -59.43
897.44 -59.75
897.6 -59.72
897.76 -59.66
897.92 -59.5
898.08 -59.42
898.24 -59.47
898.4 -59.4
898.56 -59.65
898.72 -59.45
898.88 -59.6
899.04 -59.39
899.2 -59.49
899.36 -59.34
899.52 -59.47
899.68 -59.28
899.84 -59.46
900.0 -59.56
