740.0 -60.09
740.16 -59.94
740.32 -60.25
740.48 -59.8
740.64 -60.22
740.8 -60.07
740.96 -60.15
741.12 -60.15
741.28 -60.03
741.44 -60.34
741.6 -60.24
741.76 -59.89
741.92 -60.11
742.08 -60.2
742.24 -59.96
742.4 -59.86
742.56 -60.2
742.72 -60.21
742.88 -60.09
743.04 -60.2
743.2 -60.16
743.36 -59.63
743.52 -59.85
743.68 -60.18
743.84 -60.12
744.0 -60.05
744.16 -59.93
744.32 -60.04
744.48 -60.2
744.64 -59.96
744.8 -59.88
744.96 -60.17
745.12 -60.06
745.28 -60.26
745.44 -60.16
745.6 -60.05
745.76 -60.14
745.92 -60.01
746.08 -60.05
746.24 -59.91
746.4 -60.23
746.56 -59.97
746.72 -59.94
746.88 -59.98
747.04 -60.12
747.2 -60.06
747.36 -60.24
747.52 -60.22
747.68 -60.04
747.84 -60.04
748.0 -59.95
748.16 -59.95
748.32 -59.98
748.48 -60.02
748.64 -60.25
748.8 -60.11
748.96 -59.96
749.12 -59.89
749.28 -60.02
749.44 -60.22
749.6 -60.19
749.76 -60.08
749.92 -59.95
750.08 -59.98
750.24 -60.16
750.4 -60.32
750.56 -60.05
750.72 -60.03
750.88 -59.84
751.04 -60.13
751.2 -60.16
751.36 -60.23
751.52 -59.95
751.68 -60.05
751.84 -60.3
752.0 -60.21
752.16 -60.18
752.32 -60.06
752.48 -60.05
752.64 -60.0
752.8 -60.02
752.96 -60.1
753.12 -60.01
753.28 -60.1
753.44 -59.76
753.6 -59.93
753.76 -60.15
753.92 -59.93
754.08 -59.92
754.24 -60.04
754.4 -59.99
754.56 -60.12
754.72 -60.04
754.88 -60.21
755.04 -59.93
755.2 -59.82
755.36 -60.12
755.52 -60.02
755.68 -59.73
755.84 -59.68
756.0 -59.93
756.16 -60.15
756.32 -59.96
756.48 -60.09
756.64 -60.01
756.8 -60.31
756.96 -60.17
757.12 -60.04
757.28 -59.89
757.44 -59.84
757.6 -59.93
757.76 -60.38
757.92 -59.86
758.08 -59.84
758.24 -60.03
758.4 -60.05
758.56 -59.79
758.72 -59.99
758.88 -59.77
759.04 -59.62
759.2 -60.06
759.36 -60.04
759.52 -59.68
759.68 -59.88
759.84 -59.84
760.0 -59.98
760.16 -59.99
760.32 -60.11
760.48 -60.27
760.64 -59.83
760.8 -59.82
760.96 -59.97
761.12 -59.89
761.28 -60.2
761.44 -59.59
761.6 -59.74
761.76 -59.83
761.92 -60.19
762.08 -59.77
762.24 -59.8
762.4 -59.84
762.56 -59.9
762.72 -59.87
762.88 -60.03
763.04 -59.85
763.2 -59.84
763.36 -60.02
763.52 -59.81
763.68 -60.07
763.84 -59.76
764.0 -59.81
764.16 -59.62
764.32 -59.84
764.48 -60.15
764.64 -59.95
764.8 -59.87
764.96 -59.93
765.12 -59.87
765.28 -59.85
765.44 -60.03
765.6 -59.91
765.76 -59.91
765.92 -59.78
766.08 -59.49
766.24 -60.32
766.4 -59.65
766.56 -60.0
766.72 -59.88
766.88 -59.8
767.04 -59.63
767.2 -59.88
767.36 -59.78
767.52 -59.98
767.68 -59.98
767.84 -59.79
768.0 -60.0
768.16 -59.91
768.32 -59.7
768.48 -59.76
768.64 -59.85
768.8 -59.76
768.96 -59.93
769.12 -59.59
769.28 -59.86
769.44 -59.86
769.6 -59.96
769.76 -59.76
769.92 -59.64
770.08 -59.79
770.24 -59.67
770.4 -60.01
770.56 -59.96
770.72 -59.95
770.88 -59.57
771.04 -59.51
771.2 -59.67
771.36 -59.69
771.52 -59.89
771.68 -59.89
771.84 -59.66
772.0 -59.52
772.16 -60.08
772.32 -59.93
772.48 -59.91
772.64 -59.67
772.8 -59.63
772.96 -59.41
773.12 -59.84
773.28 -59.94
773.44 -59.95
773.6 -59.21
773.76 -59.55
773.92 -59.68
774.08 -59.79
774.24 -59.65
774.4 -59.58
774.56 -59.53
774.72 -59.81
774.88 -60.02
775.04 -59.67
775.2 -59.7
775.36 -59.45
775.52 -59.61
775.68 -59.61
775.84 -60.18
776.0 -59.61
776.16 -59.36
776.32 -59.48
776.48 -59.61
776.64 -59.94
776.8 -59.75
776.96 -59.69
777.12 -59.48
777.28 -59.4
777.44 -59.78
777.6 -59.91
777.76 -59.52
777.92 -59.38
778.08 -59.38
778.24 -59.67
778.4 -59.8
778.56 -59.88
778.72 -59.46
778.88 -59.5
779.04 -59.55
779.2 -59.63
779.36 -59.88
779.52 -59.75
779.68 -59.57
779.84 -59.56
780.0 -59.73
780.16 -59.59
780.32 -59.82
780.48 -59.62
780.64 -59.44
780.8 -59.35
780.96 -59.79
781.12 -59.82
781.28 -59.92
781.44 -59.58
781.6 -59.42
781.76 -59.43
781.92 -59.61
782.08 -59.94
782.24 -59.93
782.4 -59.45
782.56 -59.33
782.72 -59.63
782.88 -59.85
783.04 -59.78
783.2 -59.67
783.36 -59.48
783.52 -59.33
783.68 -59.7
783.84 -59.74
784.0 -59.74
784.16 -59.55
784.32 -59.08
784.48 -59.41
784.64 -59.76
784.8 -59.92
784.96 -59.51
785.12 -59.33
785.28 -59.1
785.44 -59.51
785.6 -59.82
785.76 -60.11
785.92 -59.64
786.08 -58.99
786.24 -59.34
786.4 -59.36
786.56 -59.87
786.72 -59.85
786.88 -59.22
787.04 -59.36
787.2 -59.32
787.36 -59.78
787.52 -59.73
787.68 -59.84
787.84 -59.21
788.0 -59.35
788.16 -59.48
788.32 -59.92
788.48 -59.58
788.64 -59.51
788.8 -59.08
788.96 -59.19
789.12 -59.82
789.28 -59.92
789.44 -59.54
789.6 -59.41
789.76 -58.93
789.92 -59.48
790.08 -59.46
790.24 -59.9
790.4 -59.34
790.56 -59.1
790.72 -58.86
790.88 -59.39
791.04 -60.14
791.2 -60.03
791.36 -59.39
791.52 -58.97
791.68 -59.05
791.84 -59.49
792.0 -59.71
792.16 -59.68
792.32 -59.39
792.48 -58.98
792.64 -59.24
792.8 -59.79
792.96 -59.51
793.12 -59.42
793.28 -59.2
793.44 -58.9
793.6 -59.11
793.76 -59.64
793.92 -59.34
794.08 -59.42
794.24 -58.86
794.4 -58.98
794.56 -59.38
794.72 -59.41
794.88 -59.62
795.04 -59.17
795.2 -58.81
795.36 -59.12
795.52 -59.63
795.68 -59.66
795.84 -59.21
796.0 -58.8
796.16 -58.79
796.32 -58.99
796.48 -59.57
796.64 -59.52
796.8 -59.27
796.96 -58.85
797.12 -58.99
797.28 -59.41
797.44 -59.59
797.6 -59.4
797.76 -59.14
797.92 -58.81
798.08 -59.0
798.24 -59.09
798.4 -59.76
798.56 -59.22
798.72 -58.97
798.88 -58.8
799.04 -58.92
799.2 -59.16
799.36 -59.4
799.52 -59.23
799.68 -58.94
799.84 -58.67
800.0 -58.99
800.16 -59.43
800.32 -59.75
800.48 -59.48
800.64 -58.78
800.8 -58.59
800.96 -59.05
801.12 -59.53
801.28 -59.52
801.44 -59.09
801.6 -58.76
801.76 -58.74
801.92 -59.07
802.08 -59.7
802.24 -59.46
802.4 -59.09
802.56 -58.86
802.72 -58.71
802.88 -59.31
803.04 -59.47
803.2 -59.07
803.36 -58.77
803.52 -58.53
803.68 -59.06
803.84 -59.31
804.0 -59.41
804.16 -58.97
804.32 -58.95
804.48 -58.73
804.64 -58.7
804.8 -59.38
804.96 -59.48
805.12 -59.03
805.28 -58.56
805.44 -58.16
805.6 -58.66
805.76 -58.89
805.92 -58.58
806.08 -58.45
806.24 -57.71
806.4 -57.57
806.56 -57.28
806.72 -56.65
806.88 -55.51
807.04 -54.16
807.2 -52.66
807.36 -51.35
807.52 -50.37
807.68 -49.54
807.84 -48.9
808.0 -48.59
808.16 -48.6
808.32 -48.77
808.48 -49.22
808.64 -49.67
808.8 -50.13
808.96 -51.18
809.12 -52.44
809.28 -54.52
809.44 -56.73
809.6 -58.27
809.76 -58.66
809.92 -58.66
810.08 -58.3
810.24 -58.74
810.4 -59.01
810.56 -59.09
810.72 -59.18
810.88 -58.81
811.04 -58.64
811.2 -58.72
811.36 -59.13
811.52 -59.28
811.68 -59.29
811.84 -59.1
812.0 -58.69
812.16 -58.85
812.32 -59.21
812.48 -59.37
812.64 -59.27
812.8 -58.81
812.96 -58.61
813.12 -58.93
813.28 -59.3
813.44 -59.49
813.6 -59.2
813.76 -59.02
813.92 -58.9
814.08 -58.65
814.24 -59.41
814.4 -59.22
814.56 -59.38
814.72 -58.8
814.88 -58.74
815.04 -58.69
815.2 -59.28
815.36 -59.7
815.52 -59.13
815.68 -58.98
815.84 -58.95
816.0 -59.1
816.16 -59.56
816.32 -59.31
816.48 -59.12
816.64 -58.76
816.8 -58.71
816.96 -58.98
817.12 -59.34
817.28 -59.53
817.44 -59.01
817.6 -58.68
817.76 -58.65
817.92 -58.89
818.08 -59.24
818.24 -59.33
818.4 -59.03
818.56 -58.77
818.72 -58.87
818.88 -59.02
819.04 -59.31
819.2 -59.22
819.36 -59.04
819.52 -58.68
819.68 -58.69
819.84 -59.08
820.0 -59.17
820.16 -59.22
820.32 -59.12
820.48 -58.84
820.64 -58.7
820.8 -59.01
820.96 -59.39
821.12 -59.19
821.28 -59.33
821.44 -58.62
821.6 -58.64
821.76 -58.9
821.92 -59.29
822.08 -59.21
822.24 -59.19
822.4 -58.88
822.56 -58.65
822.72 -58.69
822.88 -59.15
823.04 -59.06
823.2 -59.2
823.36 -58.62
823.52 -58.54
823.68 -58.75
823.84 -58.97
824.0 -59.17
824.16 -59.15
824.32 -58.99
824.48 -58.84
824.64 -58.63
824.8 -59.01
824.96 -59.39
825.12 -59.27
825.28 -58.98
825.44 -58.49
825.6 -58.64
825.76 -58.96
825.92 -59.28
826.08 -59.51
826.24 -59.22
826.4 -58.71
826.56 -58.47
826.72 -58.74
826.88 -58.92
827.04 -59.24
827.2 -58.95
827.36 -58.56
827.52 -58.53
827.68 -58.73
827.84 -59.06
828.0 -59.18
828.16 -59.37
828.32 -58.78
828.48 -58.52
828.64 -58.67
828.8 -58.56
828.96 -59.22
829.12 -59.17
829.28 -59.13
829.44 -58.95
829.6 -58.46
829.76 -58.66
829.92 -58.95
830.08 -59.15
830.24 -59.02
830.4 -58.86
830.56 -58.57
830.72 -58.28
830.88 -58.51
831.04 -59.19
831.2 -58.97
831.36 -58.98
831.52 -58.43
831.68 -58.51
831.84 -58.45
832.0 -58.75
832.16 -59.02
832.32 -59.03
832.48 -58.68
832.64 -58.4
832.8 -58.49
832.96 -58.63
833.12 -58.74
833.28 -59.01
833.44 -58.78
833.6 -58.44
833.76 -58.49
833.92 -58.38
834.08 -58.75
834.24 -58.78
834.4 -58.58
834.56 -58.34
834.72 -58.22
834.88 -58.36
835.04 -58.46
835.2 -58.59
835.36 -58.78
835.52 -58.31
835.68 -58.38
835.84 -58.27
836.0 -58.44
836.16 -58.69
836.32 -58.93
836.48 -58.68
836.64 -58.26
836.8 -58.39
836.96 -58.45
837.12 -58.74
837.28 -58.81
837.44 -58.56
837.6 -58.34
837.76 -58.31
837.92 -58.27
838.08 -58.77
838.24 -58.83
838.4 -58.9
838.56 -58.51
838.72 -58.41
838.88 -58.5
839.04 -58.35
839.2 -58.58
839.36 -58.95
839.52 -58.86
839.68 -58.69
839.84 -58.51
840.0 -58.4
840.16 -58.46
840.32 -58.89
840.48 -59.02
840.64 -58.86
840.8 -58.57
840.96 -58.37
841.12 -58.42
841.28 -58.62
841.44 -58.61
841.6 -58.83
841.76 -58.43
841.92 -58.31
842.08 -58.32
842.24 -58.36
842.4 -58.65
842.56 -58.79
842.72 -58.65
842.88 -58.65
843.04 -58.37
843.2 -58.42
843.36 -58.61
843.52 -58.81
843.68 -58.88
843.84 -58.81
844.0 -58.46
844.16 -58.33
844.32 -58.58
844.48 -58.78
844.64 -58.93
844.8 -58.96
844.96 -58.75
845.12 -58.6
845.28 -58.29
845.44 -58.64
845.6 -58.88
845.76 -58.64
845.92 -58.71
846.08 -58.51
846.24 -58.49
846.4 -58.37
846.56 -58.41
846.72 -58.68
846.88 -58.84
847.04 -58.95
847.2 -58.46
847.36 -58.24
847.52 -58.36
847.68 -58.6
847.84 -58.65
848.0 -58.72
848.16 -58.37
848.32 -58.33
848.48 -58.16
848.64 -58.39
848.8 -58.66
848.96 -58.69
849.12 -58.64
849.28 -58.35
849.44 -58.33
849.6 -58.32
849.76 -58.45
849.92 -58.66
850.08 -58.67
850.24 -58.34
850.4 -58.22
850.56 -58.17
850.72 -58.28
850.88 -58.43
851.04 -58.55
851.2 -58.54
851.36 -58.35
851.52 -58.34
851.68 -58.12
851.84 -58.36
852.0 -58.44
852.16 -58.49
852.32 -58.21
852.48 -58.16
852.64 -57.97
852.8 -58.05
852.96 -58.34
853.12 -58.29
853.28 -58.55
853.44 -58.32
853.6 -58.2
853.76 -57.99
853.92 -58.2
854.08 -58.33
854.24 -58.31
854.4 -58.34
854.56 -58.29
854.72 -58.17
854.88 -58.02
855.04 -58.28
855.2 -58.38
855.36 -58.51
855.52 -58.33
855.68 -58.25
855.84 -58.0
856.0 -58.0
856.16 -58.19
856.32 -58.42
856.48 -58.49
856.64 -58.42
856.8 -58.29
856.96 -58.07
857.12 -58.06
857.28 -58.03
857.44 -58.29
857.6 -58.26
857.76 -58.27
857.92 -58.0
858.08 -57.89
858.24 -57.97
858.4 -58.11
858.56 -58.26
858.72 -58.32
858.88 -58.02
859.04 -57.88
859.2 -57.95
859.36 -57.87
859.52 -57.92
859.68 -58.09
859.84 -58.17
860.0 -58.1
860.16 -58.05
860.32 -57.79
860.48 -57.67
860.64 -57.89
860.8 -58.1
860.96 -58.09
861.12 -58.05
861.28 -57.78
861.44 -57.93
861.6 -57.76
861.76 -57.95
861.92 -58.06
862.08 -57.97
862.24 -57.88
862.4 -57.92
862.56 -57.75
862.72 -57.85
862.88 -57.94
863.04 -57.99
863.2 -58.1
863.36 -57.94
863.52 -57.99
863.68 -57.67
863.84 -57.66
864.0 -57.82
864.16 -58.03
864.32 -58.16
864.48 -57.88
864.64 -58.07
864.8 -57.58
864.96 -57.71
865.12 -57.73
865.28 -57.97
865.44 -58.24
865.6 -58.13
865.76 -58.03
865.92 -57.79
866.08 -57.72
866.24 -57.87
866.4 -58.16
866.56 -58.18
866.72 -58.18
866.88 -57.91
867.04 -57.73
867.2 -57.76
867.36 -57.72
867.52 -57.86
867.68 -57.95
867.84 -58.01
868.0 -57.86
868.16 -57.69
868.32 -57.68
868.48 -57.54
868.64 -57.71
868.8 -57.87
868.96 -57.95
869.12 -57.92
869.28 -57.85
869.44 -57.81
869.6 -57.57
869.76 -57.66
869.92 -57.79
870.08 -58.12
870.24 -58.16
870.4 -58.02
870.56 -57.86
870.72 -57.72
870.88 -57.53
871.04 -57.87
871.2 -57.88
871.36 -57.93
871.52 -57.92
871.68 -57.84
871.84 -57.86
872.0 -57.57
872.16 -57.54
872.32 -57.68
872.48 -57.89
872.64 -58.01
872.8 -57.8
872.96 -57.69
873.12 -57.65
873.28 -57.46
873.44 -57.6
873.6 -57.61
873.76 -57.8
873.92 -57.83
874.08 -57.73
874.24 -57.6
874.4 -57.69
874.56 -57.52
874.72 -57.69
874.88 -57.78
875.04 -57.94
875.2 -57.97
875.36 -57.74
875.52 -57.53
875.68 -57.43
875.84 -57.59
876.0 -57.7
876.16 -57.99
876.32 -57.85
876.48 -57.73
876.64 -57.69
876.8 -57.5
876.96 -57.76
877.12 -57.76
877.28 -57.57
877.44 -57.84
877.6 -57.77
877.76 -57.74
877.92 -57.4
878.08 -57.51
878.24 -57.64
878.4 -57.67
878.56 -57.57
878.72 -57.56
878.88 -57.67
879.04 -57.53
879.2 -57.36
879.36 -57.4
879.52 -57.43
879.68 -57.55
879.84 -57.69
880.0 -57.83
880.16 -57.44
880.32 -57.46
880.48 -57.3
880.64 -57.38
880.8 -57.61
880.96 -57.61
881.12 -57.55
881.28 -57.48
881.44 -57.5
881.6 -57.27
881.76 -57.51
881.92 -57.46
882.08 -57.49
882.24 -57.62
882.4 -57.67
882.56 -57.61
882.72 -57.46
882.88 -57.43
883.04 -57.25
883.2 -57.54
883.36 -57.67
883.52 -57.58
883.68 -57.54
883.84 -57.48
884.0 -57.46
884.16 -57.38
884.32 -57.58
884.48 -57.47
884.64 -57.62
884.8 -57.56
884.96 -57.53
885.12 -57.45
885.28 -57.41
885.44 -57.37
885.6 -57.32
885.76 -57.55
885.92 -57.58
886.08 -57.56
886.24 -57.5
886.4 -57.47
886.56 -57.38
886.72 -57.4
886.88 -57.34
887.04 -57.54
887.2 -57.61
887.36 -57.47
887.52 -57.44
887.68 -57.22
887.84 -57.21
888.0 -57.33
888.16 -57.4
888.32 -57.36
888.48 -57.51
888.64 -57.52
888.8 -57.41
888.96 -57.28
889.12 -57.31
889.28 -57.34
889.44 -57.32
889.6 -57.51
889.76 -57.44
889.92 -57.48
890.08 -57.32
890.24 -57.37
890.4 -57.25
890.56 -57.17
890.72 -57.25
890.88 -57.38
891.04 -57.32
891.2 -57.38
891.36 -57.47
891.52 -57.36
891.68 -57.15
891.84 -57.1
892.0 -57.14
892.16 -57.23
892.32 -57.31
892.48 -57.37
892.64 -57.28
892.8 -57.32
892.96 -57.19
893.12 -57.17
893.28 -57.1
893.44 -57.15
893.6 -57.33
893.76 -57.26
893.92 -57.27
894.08 -57.23
894.24 -57.19
894.4 -56.99
894.56 -57.12
894.72 -57.31
894.88 -57.33
895.04 -57.28
895.2 -57.25
895.36 -57.31
895.52 -57.15
895.68 -57.04
895.84 -56.94
896.0 -57.09
896.16 -57.18
896.32 -57.29
896.48 -57.29
896.64 -57.22
896.8 -57.19
896.96 -57.11
897.12 -57.12
897.28 -57.12
897.44 -57.12
897.6 -57.33
897.76 -57.2
897.92 -57.0
898.08 -57.04
898.24 -56.97
898.4 -57.07
898.56 -57.13
898.72 -57.09
898.88 -57.26
899.04 -57.23
899.2 -57.21
899.36 -57.0
899.52 -56.95
899.68 -57.05
899.84 -57.12
900.0 -57.02
