740.0 -61.32
740.16 -61.08
740.32 -61.21
740.48 -61.33
740.64 -61.29
740.8 -61.15
740.96 -61.27
741.12 -61.16
741.28 -61.13
741.44 -61.36
741.6 -61.25
741.76 -61.27
741.92 -61.32
742.08 -61.49
742.24 -61.26
742.4 -61.2
742.56 -61.26
742.72 -61.42
742.88 -61.21
743.04 -61.48
743.2 -61.72
743.36 -61.28
743.52 -61.3
743.68 -61.43
743.84 -61.35
744.0 -61.46
744.16 -61.32
744.32 -61.02
744.48 -61.32
744.64 -61.23
744.8 -61.37
744.96 -61.19
745.12 -61.31
745.28 -61.0
745.44 -60.97
745.6 -61.22
745.76 -61.33
745.92 -61.2
746.08 -61.13
746.24 -61.29
746.4 -61.26
746.56 -61.1
746.72 -61.18
746.88 -61.01
747.04 -61.36
747.2 -61.63
747.36 -61.39
747.52 -61.44
747.68 -61.4
747.84 -61.15
748.0 -61.48
748.16 -61.19
748.32 -61.52
748.48 -61.09
748.64 -61.38
748.8 -61.15
748.96 -61.03
749.12 -61.18
749.28 -61.08
749.44 -61.39
749.6 -61.04
749.76 -61.05
749.92 -61.12
750.08 -60.87
750.24 -61.15
750.4 -61.13
750.56 -60.79
750.72 -61.06
750.88 -61.45
751.04 -61.59
751.2 -61.36
751.36 -61.43
751.52 -61.28
751.68 -61.28
751.84 -61.11
752.0 -61.12
752.16 -61.68
752.32 -61.29
752.48 -61.33
752.64 -61.22
752.8 -61.34
752.96 -61.53
753.12 -61.24
753.28 -61.29
753.44 -61.53
753.6 -61.2
753.76 -60.87
753.92 -60.84
754.08 -61.09
754.24 -60.77
754.4 -60.95
754.56 -61.15
754.72 -61.0
754.88 -61.14
755.04 -61.26
755.2 -61.36
755.36 -61.75
755.52 -61.24
755.68 -61.18
755.84 -61.0
756.0 -60.92
756.16 -61.39
756.32 -61.31
756.48 -61.24
756.64 -61.29
756.8 -61.41
756.96 -61.21
757.12 -61.52
757.28 -61.29
757.44 -61.4
757.6 -61.32
757.76 -60.97
757.92 -60.92
758.08 -60.9
758.24 -61.21
758.4 -60.88
758.56 -60.81
758.72 -60.8
758.88 -60.76
759.04 -60.6
759.2 -60.89
759.36 -60.93
759.52 -60.78
759.68 -60.71
759.84 -60.77
760.0 -60.99
760.16 -61.03
760.32 -60.96
760.48 -61.34
760.64 -60.8
760.8 -61.19
760.96 -61.28
761.12 -61.45
761.28 -61.08
761.44 -61.27
761.6 -60.87
761.76 -61.22
761.92 -61.57
762.08 -61.17
762.24 -60.91
762.4 -61.15
762.56 -60.93
762.72 -61.05
762.88 -61.0
763.04 -60.63
763.2 -60.78
763.36 -60.74
763.52 -60.51
763.68 -60.8
763.84 -60.86
764.0 -60.68
764.16 -60.88
764.32 -61.03
764.48 -60.73
764.64 -60.59
764.8 -61.04
764.96 -60.84
765.12 -61.01
765.28 -60.78
765.44 -61.01
765.6 -61.12
765.76 -60.86
765.92 -60.88
766.08 -61.15
766.24 -60.57
766.4 -61.03
766.56 -60.74
766.72 -61.07
766.88 -61.35
767.04 -60.9
767.2 -60.74
767.36 -61.02
767.52 -60.82
767.68 -60.94
767.84 -60.73
768.0 -60.61
768.16 -60.51
768.32 -60.64
768.48 -60.62
768.64 -60.69
768.8 -60.5
768.96 -60.42
769.12 -60.61
769.28 -60.64
769.44 -60.65
769.6 -61.05
769.76 -60.8
769.92 -60.61
770.08 -60.87
770.24 -60.63
770.4 -61.16
770.56 -60.79
770.72 -60.98
770.88 -61.14
771.04 -61.38
771.2 -61.14
771.36 -61.32
771.52 -60.85
771.68 -60.98
771.84 -61.02
772.0 -61.09
772.16 -60.98
772.32 -61.26
772.48 -60.85
772.64 -60.78
772.8 -60.77
772.96 -60.93
773.12 -60.62
773.28 -60.61
773.44 -60.48
773.6 -60.42
773.76 -60.37
773.92 -60.45
774.08 -60.22
774.24 -60.06
774.4 -60.84
774.56 -60.34
774.72 -60.67
774.88 -60.69
775.04 -60.4
775.2 -60.5
775.36 -60.68
775.52 -60.61
775.68 -60.67
775.84 -61.11
776.0 -60.69
776.16 -60.97
776.32 -61.07
776.48 -61.37
776.64 -60.76
776.8 -60.94
776.96 -61.0
777.12 -61.21
777.28 -60.93
777.44 -61.16
777.6 -60.77
777.76 -60.85
777.92 -60.73
778.08 -60.85
778.24 -60.59
778.4 -60.48
778.56 -60.25
778.72 -60.09
778.88 -60.0
779.04 -60.2
779.2 -60.2
779.36 -60.09
779.52 -59.96
779.68 -60.1
779.84 -60.48
780.0 -60.34
780.16 -60.28
780.32 -60.19
780.48 -60.2
780.64 -60.51
780.8 -60.64
780.96 -60.97
781.12 -61.04
781.28 -61.33
781.44 -61.39
781.6 -61.04
781.76 -61.32
781.92 -61.14
782.08 -60.96
782.24 -61.55
782.4 -61.28
782.56 -60.86
782.72 -60.76
782.88 -60.79
783.04 -60.98
783.2 -60.78
783.36 -60.89
783.52 -60.79
783.68 -60.66
783.84 -60.38
784.0 -60.07
784.16 -59.97
784.32 -60.22
784.48 -60.15
784.64 -60.2
784.8 -60.07
784.96 -60.16
785.12 -59.78
785.28 -59.75
785.44 -60.04
785.6 -60.42
785.76 -60.25
785.92 -60.42
786.08 -60.14
786.24 -60.36
786.4 -60.71
786.56 -60.95
786.72 -60.46
786.88 -60.67
787.04 -61.15
787.2 -61.32
787.36 -60.94
787.52 -61.27
787.68 -60.9
787.84 -61.1
788.0 -61.14
788.16 -60.74
788.32 -60.77
788.48 -60.88
788.64 -60.88
788.8 -60.73
788.96 -60.48
789.12 -60.36
789.28 -60.01
789.44 -59.87
789.6 -59.97
789.76 -59.95
789.92 -59.7
790.08 -59.89
790.24 -59.87
790.4 -59.84
790.56 -59.81
790.72 -59.83
790.88 -59.76
791.04 -60.1
791.2 -60.11
791.36 -60.67
791.52 -60.55
791.68 -60.92
791.84 -60.96
792.0 -61.08
792.16 -61.56
792.32 -61.75
792.48 -61.28
792.64 -61.11
792.8 -61.36
792.96 -60.81
793.12 -60.87
793.28 -60.81
793.44 -60.51
793.6 -60.45
793.76 -60.48
793.92 -60.18
794.08 -59.85
794.24 -59.93
794.4 -59.89
794.56 -59.61
794.72 -59.42
794.88 -59.56
795.04 -59.54
795.2 -59.73
795.36 -59.81
795.52 -59.59
795.68 -59.73
795.84 -59.6
796.0 -59.81
796.16 -60.16
796.32 -60.26
796.48 -60.41
796.64 -60.36
796.8 -61.05
796.96 -61.02
797.12 -60.86
797.28 -60.93
797.44 -61.03
797.6 -61.32
797.76 -61.57
797.92 -60.97
798.08 -60.86
798.24 -61.2
798.4 -61.11
798.56 -60.9
798.72 -60.75
798.88 -60.66
799.04 -60.27
799.2 -60.24
799.36 -60.31
799.52 -59.99
799.68 -59.9
799.84 -59.77
800.0 -59.72
800.16 -59.8
800.32 -59.8
800.48 -59.26
800.64 -59.26
800.8 -59.59
800.96 -59.18
801.12 -59.18
801.28 -59.29
801.44 -59.62
801.6 -59.55
801.76 -59.65
801.92 -59.53
802.08 -60.2
802.24 -59.95
802.4 -59.94
802.56 -60.16
802.72 -60.33
802.88 -60.31
803.04 -60.67
803.2 -60.86
803.36 -60.83
803.52 -60.78
803.68 -60.89
803.84 -60.83
804.0 -61.13
804.16 -60.32
804.32 -60.46
804.48 -60.15
804.64 -60.01
804.8 -59.7
804.96 -59.6
805.12 -59.38
805.28 -59.57
805.44 -59.37
805.6 -59.16
805.76 -58.99
805.92 -58.76
806.08 -58.44
806.24 -58.32
806.4 -58.07
806.56 -57.37
806.72 -56.69
806.88 -55.81
807.04 -55.1
807.2 -54.11
807.36 -52.86
807.52 -51.74
807.68 -50.7
807.84 -50.15
808.0 -49.95
808.16 -50.34
808.32 -50.69
808.48 -50.89
808.64 -50.78
808.8 -50.78
808.96 -51.77
809.12 -53.26
809.28 -55.8
809.44 -58.36
809.6 -58.99
809.76 -59.66
809.92 -59.57
810.08 -59.64
810.24 -59.53
810.4 -59.25
810.56 -59.41
810.72 -59.23
810.88 -59.07
811.04 -59.08
811.2 -59.23
811.36 -59.23
811.52 -59.14
811.68 -59.13
811.84 -59.26
812.0 -59.44
812.16 -59.29
812.32 -59.38
812.48 -59.52
812.64 -59.82
812.8 -60.06
812.96 -60.11
813.12 -60.38
813.28 -60.48
813.44 -60.4
813.6 -60.9
813.76 -60.53
813.92 -60.41
814.08 -60.46
814.24 -60.43
814.4 -60.31
814.56 -60.54
814.72 -60.49
814.88 -60.06
815.04 -59.91
815.2 -59.81
815.36 -59.85
815.52 -59.65
815.68 -59.53
815.84 -59.52
816.0 -59.42
816.16 -59.24
816.32 -59.13
816.48 -59.04
816.64 -59.09
816.8 -59.18
816.96 -59.13
817.12 -59.13
817.28 -58.94
817.44 -59.05
817.6 -59.09
817.76 -59.61
817.92 -59.56
818.08 -59.65
818.24 -59.58
818.4 -59.57
818.56 -59.6
818.72 -60.11
818.88 -60.01
819.04 -60.23
819.2 -60.3
819.36 -60.18
819.52 -60.05
819.68 -59.99
819.84 -60.12
820.0 -60.36
820.16 -60.44
820.32 -60.18
820.48 -60.09
820.64 -59.93
820.8 -60.04
820.96 -59.8
821.12 -59.8
821.28 -59.43
821.44 -59.48
821.6 -58.89
821.76 -58.99
821.92 -59.26
822.08 -58.82
822.24 -58.83
822.4 -58.97
822.56 -59.02
822.72 -59.15
822.88 -59.18
823.04 -59.17
823.2 -59.46
823.36 -59.3
823.52 -59.32
823.68 -59.39
823.84 -59.24
824.0 -59.56
824.16 -59.86
824.32 -59.93
824.48 -60.23
824.64 -60.2
824.8 -60.08
824.96 -59.93
825.12 -59.95
825.28 -59.94
825.44 -59.79
825.6 -59.89
825.76 -59.61
825.92 -59.75
826.08 -59.82
826.24 -59.17
826.4 -59.12
826.56 -59.34
826.72 -59.05
826.88 -59.11
827.04 -59.14
827.2 -59.2
827.36 -59.13
827.52 -58.95
827.68 -59.27
827.84 -59.19
828.0 -59.18
828.16 -59.27
828.32 -59.46
828.48 -59.59
828.64 -59.44
828.8 -59.59
828.96 -59.68
829.12 -59.63
829.28 -59.89
829.44 -59.9
829.6 -59.82
829.76 -60.04
829.92 -59.66
830.08 -59.92
830.24 -59.91
830.4 -59.94
830.56 -59.81
830.72 -59.6
830.88 -59.42
831.04 -59.65
831.2 -59.21
831.36 -59.31
831.52 -59.48
831.68 -59.29
831.84 -58.88
832.0 -58.87
832.16 -59.12
832.32 -58.94
832.48 -59.17
832.64 -58.83
832.8 -59.01
832.96 -58.99
833.12 -59.03
833.28 -58.99
833.44 -59.21
833.6 -58.87
833.76 -59.32
833.92 -59.08
834.08 -59.2
834.24 -59.41
834.4 -59.3
834.56 -59.55
834.72 -59.78
834.88 -59.67
835.04 -59.61
835.2 -59.65
835.36 -59.73
835.52 -59.75
835.68 -59.74
835.84 -59.84
836.0 -59.61
836.16 -59.63
836.32 -59.68
836.48 -59.48
836.64 -59.31
836.8 -59.37
836.96 -59.39
837.12 -59.25
837.28 -59.37
837.44 -59.03
837.6 -59.08
837.76 -58.94
837.92 -58.88
838.08 -59.02
838.24 -58.77
838.4 -58.93
838.56 -58.98
838.72 -58.93
838.88 -59.12
839.04 -58.81
839.2 -59.18
839.36 -59.42
839.52 -59.53
839.68 -59.44
839.84 -59.8
840.0 -59.78
840.16 -59.84
840.32 -59.77
840.48 -59.88
840.64 -59.88
840.8 -60.06
840.96 -59.76
841.12 -59.78
841.28 -59.88
841.44 -59.93
841.6 -59.69
841.76 -59.32
841.92 -59.37
842.08 -59.32
842.24 -59.35
842.4 -58.92
842.56 -59.23
842.72 -59.16
842.88 -58.85
843.04 -59.05
843.2 -58.99
843.36 -59.15
843.52 -59.24
843.68 -59.3
843.84 -59.31
844.0 -59.23
844.16 -59.35
844.32 -59.63
844.48 -59.52
844.64 -59.54
844.8 -59.7
844.96 -59.48
845.12 -59.67
845.28 -59.95
845.44 -59.96
845.6 -59.9
845.76 -59.73
845.92 -59.96
846.08 -59.96
846.24 -59.74
846.4 -59.51
846.56 -59.77
846.72 -59.42
846.88 -59.45
847.04 -59.36
847.2 -59.36
847.36 -59.3
847.52 -59.39
847.68 -59.24
847.84 -59.16
848.0 -59.26
848.16 -59.19
848.32 -59.15
848.48 -59.16
848.64 -59.2
848.8 -59.29
848.96 -59.32
849.12 -59.27
849.28 -59.24
849.44 -59.37
849.6 -59.59
849.76 -59.73
849.92 -59.46
850.08 -59.65
850.24 -59.79
850.4 -59.74
850.56 -59.75
850.72 -59.88
850.88 -59.83
851.04 -59.84
851.2 -59.95
851.36 -59.77
851.52 -59.53
851.68 -59.77
851.84 -59.78
852.0 -59.57
852.16 -59.68
852.32 -59.69
852.48 -59.36
852.64 -59.28
852.8 -59.35
852.96 -59.13
853.12 -58.97
853.28 -59.35
853.44 -59.13
853.6 -59.11
853.76 -59.27
853.92 -59.19
854.08 -59.35
854.24 -59.25
854.4 -59.29
854.56 -59.45
854.72 -59.54
854.88 -59.64
855.04 -59.64
855.2 -59.6
855.36 -59.58
855.52 -59.87
855.68 -59.86
855.84 -59.75
856.0 -59.37
856.16 -59.58
856.32 -59.59
856.48 -59.55
856.64 -59.42
856.8 -59.48
856.96 -59.2
857.12 -59.2
857.28 -59.23
857.44 -59.24
857.6 -59.27
857.76 -58.92
857.92 -58.99
858.08 -59.1
858.24 -59.21
858.4 -58.98
858.56 -59.15
858.72 -58.93
858.88 -59.14
859.04 -59.36
859.2 -59.46
859.36 -59.54
859.52 -59.45
859.68 -59.73
859.84 -59.46
860.0 -59.63
860.16 -59.57
860.32 -59.79
860.48 -59.82
860.64 -59.45
860.8 -59.54
860.96 -59.33
861.12 -59.81
861.28 -59.43
861.44 -59.34
861.6 -59.32
861.76 -59.25
861.92 -59.31
862.08 -59.2
862.24 -59.27
862.4 -59.25
862.56 -58.94
862.72 -59.1
862.88 -59.0
863.04 -59.02
863.2 -58.94
863.36 -59.12
863.52 -59.3
863.68 -59.11
863.84 -59.27
864.0 -59.23
864.16 -59.73
864.32 -59.41
864.48 -59.71
864.64 -59.6
864.8 -60.04
864.96 -59.84
865.12 -59.67
865.28 -59.7
865.44 -59.54
865.6 -59.61
865.76 -59.37
865.92 -59.23
866.08 -59.39
866.24 -59.33
866.4 -59.16
866.56 -59.12
866.72 -59.35
866.88 -59.02
867.04 -58.97
867.2 -59.1
867.36 -58.95
867.52 -59.0
867.68 -58.96
867.84 -59.07
868.0 -58.99
868.16 -59.33
868.32 -59.25
868.48 -59.1
868.64 -59.33
868.8 -59.18
868.96 -59.27
869.12 -59.28
869.28 -59.37
869.44 -59.26
869.6 -59.5
869.76 -59.46
869.92 -59.41
870.08 -59.36
870.24 -59.36
870.4 -59.28
870.56 -59.31
870.72 -59.31
870.88 -59.17
871.04 -59.09
871.2 -59.04
871.36 -58.8
871.52 -58.89
871.68 -58.95
871.84 -58.78
872.0 -58.89
872.16 -58.94
872.32 -59.06
872.48 -59.13
872.64 -58.93
872.8 -59.01
872.96 -59.01
873.12 -59.1
873.28 -59.3
873.44 -59.18
873.6 -59.39
873.76 -59.7
873.92 -59.07
874.08 -59.28
874.24 -59.4
874.4 -59.29
874.56 -59.21
874.72 -59.39
874.88 -59.16
875.04 -59.13
875.2 -59.17
875.36 -58.99
875.52 -59.06
875.68 -58.92
875.84 -58.89
876.0 -58.99
876.16 -58.94
876.32 -59.01
876.48 -58.86
876.64 -58.62
876.8 -58.75
876.96 -58.87
877.12 -58.97
877.28 -59.04
877.44 -58.96
877.6 -58.98
877.76 -59.21
877.92 -59.19
878.08 -59.29
878.24 -59.32
878.4 -59.21
878.56 -59.29
878.72 -59.25
878.88 -59.32
879.04 -59.09
879.2 -58.87
879.36 -59.11
879.52 -59.0
879.68 -58.77
879.84 -58.78
880.0 -58.89
880.16 -58.69
880.32 -58.87
880.48 -58.68
880.64 -58.62
880.8 -58.81
880.96 -58.74
881.12 -58.72
881.28 -58.7
881.44 -58.67
881.6 -58.7
881.76 -58.8
881.92 -59.0
882.08 -58.86
882.24 -58.95
882.4 -58.94
882.56 -58.98
882.72 -58.96
882.88 -58.93
883.04 -59.0
883.2 -59.07
883.36 -58.93
883.52 -58.71
883.68 -58.8
883.84 -58.72
884.0 -58.68
884.16 -58.69
884.32 -58.68
884.48 -58.64
884.64 -58.58
884.8 -58.38
884.96 -58.35
885.12 -58.52
885.28 -58.68
885.44 -58.57
885.6 -58.45
885.76 -58.66
885.92 -58.54
886.08 -58.75
886.24 -58.8
886.4 -58.6
886.56 -58.66
886.72 -58.57
886.88 -58.63
887.04 -58.7
887.2 -58.79
887.36 -58.81
887.52 -58.69
887.68 -58.82
887.84 -58.66
888.0 -58.85
888.16 -58.64
888.32 -58.67
888.48 -58.81
888.64 -58.89
888.8 -58.75
888.96 -58.56
889.12 -58.51
889.28 -58.54
889.44 -58.45
889.6 -58.32
889.76 -58.38
889.92 -58.14
890.08 -58.38
890.24 -58.29
890.4 -58.32
890.56 -58.54
890.72 -58.44
890.88 -58.55
891.04 -58.56
891.2 -58.52
891.36 -58.52
891.52 -58.66
891.68 -58.66
891.84 -58.58
892.0 -58.72
892.16 -58.38
892.32 -58.69
892.48 -58.48
892.64 -58.54
892.8 -58.41
892.96 -58.51
893.12 -58.37
893.28 -58.34
893.44 -58.35
893.6 -58.2
893.76 -58.41
893.92 -58.3
894.08 -58.2
894.24 -58.29
894.4 -58.27
894.56 -58.47
894.72 -58.57
894.88 -58.22
895.04 -58.47
895.2 -58.45
895.36 -58.51
895.52 -58.53
895.68 -58.51
895.84 -58.65
896.0 -58.4
896.16 -58.4
896.32 -58.36
896.48 -58.3
896.64 -58.42
896.8 -58.43
896.96 -58.3
897.12 -58.17
897.28 -58.17
897.44 -58.17
897.6 -58.19
897.76 -58.2
897.92 -58.11
898.08 -58.2
898.24 -58.06
898.4 -58.22
898.56 -58.28
898.72 -58.19
898.88 -58.02
899.04 -58.32
899.2 -58.16
899.36 -58.17
899.52 -58.28
899.68 -58.14
899.84 -58.39
900.0 -58.19
