740.0 -60.71
740.16 -61.05
740.32 -60.71
740.48 -60.43
740.64 -60.54
740.8 -60.93
740.96 -60.9
741.12 -61.2
741.28 -61.02
741.44 -60.75
741.6 -60.75
741.76 -60.55
741.92 -60.78
742.08 -60.86
742.24 -60.78
742.4 -60.49
742.56 -60.56
742.72 -61.06
742.88 -60.8
743.04 -60.76
743.2 -61.04
743.36 -60.92
743.52 -60.67
743.68 -60.55
743.84 -60.78
744.0 -60.33
744.16 -61.09
744.32 -60.97
744.48 -60.93
744.64 -60.75
744.8 -60.75
744.96 -60.79
745.12 -60.68
745.28 -60.61
745.44 -60.63
745.6 -60.54
745.76 -60.62
745.92 -61.01
746.08 -60.87
746.24 -60.68
746.4 -60.49
746.56 -60.9
746.72 -61.23
746.88 -60.72
747.04 -60.89
747.2 -61.08
747.36 -61.1
747.52 -60.92
747.68 -60.67
747.84 -60.62
748.0 -60.61
748.16 -60.76
748.32 -60.67
748.48 -60.9
748.64 -60.56
748.8 -60.44
748.96 -60.54
749.12 -60.8
749.28 -60.8
749.44 -60.64
749.6 -60.52
749.76 -60.87
749.92 -60.6
750.08 -60.63
750.24 -61.06
750.4 -60.87
750.56 -61.31
750.72 -60.64
750.88 -60.93
751.04 -60.54
751.2 -60.95
751.36 -60.46
751.52 -61.01
751.68 -60.71
751.84 -60.54
752.0 -60.87
752.16 -60.65
752.32 -60.52
752.48 -60.73
752.64 -60.64
752.8 -60.86
752.96 -60.64
753.12 -60.94
753.28 -60.92
753.44 -60.86
753.6 -60.7
753.76 -60.89
753.92 -60.86
754.08 -60.86
754.24 -60.48
754.4 -60.69
754.56 -60.41
754.72 -60.44
754.88 -60.73
755.04 -60.77
755.2 -60.59
755.36 -60.63
755.52 -60.46
755.68 -60.44
755.84 -60.5
756.0 -60.73
756.16 -60.4
756.32 -60.81
756.48 -60.78
756.64 -60.77
756.8 -60.61
756.96 -60.83
757.12 -60.38
757.28 -60.87
757.44 -60.59
757.6 -60.3
757.76 -60.37
757.92 -60.59
758.08 -60.41
758.24 -60.33
758.4 -60.42
758.56 -60.36
758.72 -60.37
758.88 -60.37
759.04 -60.29
759.2 -60.7
759.36 -60.5
759.52 -60.82
759.68 -60.59
759.84 -60.69
760.0 -60.63
760.16 -60.77
760.32 -60.81
760.48 -60.79
760.64 -60.51
760.8 -60.54
760.96 -60.48
761.12 -60.57
761.28 -60.52
761.44 -60.57
761.6 -60.43
761.76 -60.37
761.92 -60.43
762.08 -60.3
762.24 -60.37
762.4 -60.39
762.56 -60.81
762.72 -60.5
762.88 -60.16
763.04 -60.58
763.2 -60.41
763.36 -60.59
763.52 -60.9
763.68 -60.59
763.84 -60.33
764.0 -60.69
764.16 -60.51
764.32 -60.47
764.48 -60.26
764.64 -60.35
764.8 -60.36
764.96 -60.35
765.12 -60.2
765.28 -60.38
765.44 -60.39
765.6 -60.51
765.76 -60.36
765.92 -60.37
766.08 -60.5
766.24 -60.5
766.4 -60.48
766.56 -60.84
766.72 -60.87
766.88 -60.71
767.04 -61.08
767.2 -60.45
767.36 -60.29
767.52 -60.89
767.68 -60.5
767.84 -60.32
768.0 -60.39
768.16 -60.03
768.32 -60.21
768.48 -60.31
768.64 -60.29
768.8 -60.2
768.96 -60.3
769.12 -60.24
769.28 -60.16
769.44 -60.67
769.6 -60.46
769.76 -60.9
769.92 -60.39
770.08 -60.4
770.24 -60.72
770.4 -60.79
770.56 -60.58
770.72 -60.27
770.88 -60.8
771.04 -60.84
771.2 -60.59
771.36 -60.05
771.52 -60.31
771.68 -60.3
771.84 -59.94
772.0 -60.11
772.16 -59.97
772.32 -59.82
772.48 -60.16
772.64 -60.0
772.8 -60.22
772.96 -60.21
773.12 -60.41
773.28 -60.49
773.44 -60.57
773.6 -60.91
773.76 -60.87
773.92 -60.91
774.08 -60.89
774.24 -60.88
774.4 -60.9
774.56 -60.44
774.72 -60.54
774.88 -60.13
775.04 -60.12
775.2 -60.85
775.36 -60.02
775.52 -60.49
775.68 -59.92
775.84 -60.07
776.0 -59.82
776.16 -59.98
776.32 -60.57
776.48 -60.33
776.64 -60.63
776.8 -60.81
776.96 -60.42
777.12 -60.39
777.28 -60.84
777.44 -61.16
777.6 -60.83
777.76 -60.68
777.92 -60.48
778.08 -60.11
778.24 -60.09
778.4 -60.08
778.56 -60.17
778.72 -60.2
778.88 -60.0
779.04 -60.02
779.2 -59.85
779.36 -59.83
779.52 -60.25
779.68 -60.16
779.84 -60.18
780.0 -60.18
780.16 -60.45
780.32 -60.42
780.48 -60.38
780.64 -60.44
780.8 -61.11
780.96 -60.91
781.12 -60.72
781.28 -60.71
781.44 -60.69
781.6 -60.38
781.76 -60.15
781.92 -60.17
782.08 -59.58
782.24 -60.02
782.4 -59.61
782.56 -59.78
782.72 -59.51
782.88 -59.93
783.04 -59.66
783.2 -59.98
783.36 -60.22
783.52 -60.06
783.68 -60.2
783.84 -60.48
784.0 -60.46
784.16 -61.23
784.32 -60.59
784.48 -60.46
784.64 -60.65
784.8 -60.54
784.96 -60.39
785.12 -59.88
785.28 -60.04
785.44 -59.86
785.6 -59.56
785.76 -59.51
785.92 -59.64
786.08 -59.46
786.24 -59.64
786.4 -59.54
786.56 -59.92
786.72 -59.86
786.88 -60.33
787.04 -60.36
787.2 -60.4
787.36 -60.46
787.52 -60.61
787.68 -61.19
787.84 -61.15
788.0 -60.81
788.16 -60.95
788.32 -60.84
788.48 -60.25
788.64 -60.2
788.8 -59.73
788.96 -59.54
789.12 -59.35
789.28 -59.53
789.44 -59.27
789.6 -59.42
789.76 -59.61
789.92 -59.52
790.08 -59.85
790.24 -59.84
790.4 -60.05
790.56 -60.47
790.72 -60.8
790.88 -60.53
791.04 -60.75
791.2 -60.68
791.36 -60.8
791.52 -60.77
791.68 -60.86
791.84 -60.58
792.0 -60.32
792.16 -60.18
792.32 -59.53
792.48 -59.56
792.64 -59.59
792.8 -59.42
792.96 -59.38
793.12 -59.17
793.28 -59.52
793.44 -59.51
793.6 -59.84
793.76 -60.21
793.92 -59.96
794.08 -60.49
794.24 -60.83
794.4 -60.9
794.56 -60.89
794.72 -61.14
794.88 -60.83
795.04 -60.9
795.2 -60.22
795.36 -60.14
795.52 -60.1
795.68 -59.86
795.84 -59.72
796.0 -59.57
796.16 -59.39
796.32 -59.42
796.48 -59.46
796.64 -59.33
796.8 -59.48
796.96 -59.65
797.12 -59.92
797.28 -60.29
797.44 -60.24
797.6 -60.46
797.76 -60.55
797.92 -60.88
798.08 -60.7
798.24 -61.21
798.4 -60.55
798.56 -60.45
798.72 -60.09
798.88 -60.11
799.04 -60.03
799.2 -60.02
799.36 -59.58
799.52 -59.41
799.68 -59.34
799.84 -59.14
800.0 -59.12
800.16 -58.96
800.32 -59.05
800.48 -59.33
800.64 -59.3
800.8 -59.28
800.96 -59.71
801.12 -60.15
801.28 -60.17
801.44 -60.31
801.6 -60.28
801.76 -60.74
801.92 -60.77
802.08 -60.61
802.24 -60.75
802.4 -60.36
802.56 -60.43
802.72 -60.08
802.88 -59.81
803.04 -59.6
803.2 -59.49
803.36 -59.29
803.52 -59.12
803.68 -59.04
803.84 -59.18
804.0 -58.93
804.16 -59.57
804.32 -59.1
804.48 -59.42
804.64 -59.53
804.8 -59.85
804.96 -59.8
805.12 -60.57
805.28 -60.09
805.44 -60.43
805.6 -60.45
805.76 -60.17
805.92 -59.76
806.08 -59.58
806.24 -58.64
806.4 -58.34
806.56 -57.27
806.72 -56.35
806.88 -55.1
807.04 -54.04
807.2 -52.9
807.36 -51.51
807.52 -50.54
807.68 -49.44
807.84 -48.92
808.0 -48.87
808.16 -49.2
808.32 -49.91
808.48 -50.27
808.64 -50.55
808.8 -50.81
808.96 -51.75
809.12 -53.48
809.28 -56.07
809.44 -58.43
809.6 -59.36
809.76 -59.49
809.92 -59.75
810.08 -59.73
810.24 -59.56
810.4 -59.7
810.56 -59.3
810.72 -59.34
810.88 -59.42
811.04 -59.14
811.2 -59.23
811.36 -59.09
811.52 -59.08
811.68 -59.19
811.84 -59.3
812.0 -59.69
812.16 -59.49
812.32 -59.76
812.48 -59.79
812.64 -60.26
812.8 -60.15
812.96 -60.47
813.12 -60.41
813.28 -60.3
813.44 -60.54
813.6 -59.97
813.76 -60.0
813.92 -60.06
814.08 -60.09
814.24 -59.95
814.4 -59.72
814.56 -59.67
814.72 -59.2
814.88 -59.53
815.04 -59.23
815.2 -59.12
815.36 -59.17
815.52 -59.09
815.68 -59.07
815.84 -59.25
816.0 -59.3
816.16 -59.2
816.32 -59.54
816.48 -59.83
816.64 -60.04
816.8 -60.28
816.96 -60.18
817.12 -60.29
817.28 -60.58
817.44 -60.38
817.6 -60.09
817.76 -60.07
817.92 -60.01
818.08 -59.91
818.24 -59.72
818.4 -59.3
818.56 -59.31
818.72 -59.15
818.88 -59.11
819.04 -58.85
819.2 -58.9
819.36 -59.06
819.52 -59.13
819.68 -59.07
819.84 -59.5
820.0 -59.34
820.16 -59.77
820.32 -59.66
820.48 -60.18
820.64 -59.97
820.8 -59.85
820.96 -60.11
821.12 -60.09
821.28 -59.88
821.44 -60.11
821.6 -59.77
821.76 -59.61
821.92 -59.35
822.08 -59.58
822.24 -59.33
822.4 -59.05
822.56 -59.13
822.72 -59.12
822.88 -59.1
823.04 -59.07
823.2 -59.15
823.36 -58.97
823.52 -59.28
823.68 -59.22
823.84 -59.58
824.0 -59.4
824.16 -59.78
824.32 -59.65
824.48 -59.95
824.64 -59.92
824.8 -60.12
824.96 -60.29
825.12 -60.27
825.28 -59.92
825.44 -59.93
825.6 -59.8
825.76 -59.54
825.92 -59.63
826.08 -59.28
826.24 -59.25
826.4 -59.02
826.56 -58.98
826.72 -58.84
826.88 -58.99
827.04 -59.1
827.2 -58.98
827.36 -59.29
827.52 -59.2
827.68 -59.33
827.84 -59.49
828.0 -59.68
828.16 -59.8
828.32 -60.0
828.48 -59.93
828.64 -59.6
828.8 -59.65
828.96 -59.95
829.12 -59.71
829.28 -59.44
829.44 -59.62
829.6 -59.31
829.76 -59.15
829.92 -59.01
830.08 -58.93
830.24 -58.92
830.4 -58.84
830.56 -58.92
830.72 -58.83
830.88 -59.04
831.04 -58.92
831.2 -59.05
831.36 -59.52
831.52 -59.52
831.68 -59.42
831.84 -59.59
832.0 -59.6
832.16 -59.79
832.32 -59.79
832.48 -59.6
832.64 -59.58
832.8 -59.74
832.96 -59.47
833.12 -59.5
833.28 -59.36
833.44 -59.04
833.6 -59.1
833.76 -58.87
833.92 -58.82
834.08 -58.76
834.24 -58.72
834.4 -58.74
834.56 -58.72
834.72 -58.64
834.88 -58.59
835.04 -58.73
835.2 -58.76
835.36 -58.96
835.52 -59.18
835.68 -59.05
835.84 -59.18
836.0 -59.16
836.16 -59.19
836.32 -59.32
836.48 -59.41
836.64 -59.55
836.8 -59.36
836.96 -59.29
837.12 -59.23
837.28 -59.2
837.44 -59.15
837.6 -58.95
837.76 -59.13
837.92 -58.77
838.08 -58.77
838.24 -58.68
838.4 -58.73
838.56 -58.62
838.72 -58.82
838.88 -58.93
839.04 -59.09
839.2 -59.2
839.36 -59.28
839.52 -59.32
839.68 -59.48
839.84 -59.37
840.0 -59.44
840.16 -59.64
840.32 -59.54
840.48 -59.49
840.64 -59.67
840.8 -59.4
840.96 -59.3
841.12 -59.22
841.28 -59.24
841.44 -58.94
841.6 -58.9
841.76 -58.8
841.92 -58.8
842.08 -58.73
842.24 -58.77
842.4 -58.79
842.56 -58.67
842.72 -58.72
842.88 -58.87
843.04 -58.95
843.2 -59.19
843.36 -59.22
843.52 -59.43
843.68 -59.36
843.84 -59.44
844.0 -59.52
844.16 -59.5
844.32 -59.43
844.48 -59.23
844.64 -58.99
844.8 -58.99
844.96 -59.09
845.12 -58.77
845.28 -58.9
845.44 -58.73
845.6 -58.5
845.76 -58.88
845.92 -58.65
846.08 -58.85
846.24 -58.71
846.4 -58.82
846.56 -58.97
846.72 -58.95
846.88 -58.97
847.04 -59.22
847.2 -59.21
847.36 -59.43
847.52 -59.14
847.68 -59.34
847.84 -59.36
848.0 -59.19
848.16 -59.08
848.32 -58.97
848.48 -59.13
848.64 -58.81
848.8 -58.81
848.96 -58.86
849.12 -58.64
849.28 -58.63
849.44 -58.61
849.6 -58.59
849.76 -58.65
849.92 -58.79
850.08 -59.08
850.24 -58.81
850.4 -58.97
850.56 -58.99
850.72 -58.94
850.88 -59.29
851.04 -59.22
851.2 -59.23
851.36 -59.2
851.52 -59.0
851.68 -58.94
851.84 -58.97
852.0 -59.0
852.16 -58.69
852.32 -58.5
852.48 -58.63
852.64 -58.61
852.8 -58.48
852.96 -58.45
853.12 -58.51
853.28 -58.68
853.44 -58.67
853.6 -58.7
853.76 -59.04
853.92 -58.69
854.08 -59.05
854.24 -58.98
854.4 -59.08
854.56 -59.06
854.72 -59.12
854.88 -59.15
855.04 -58.91
855.2 -58.93
855.36 -59.03
855.52 -59.02
855.68 -58.78
855.84 -58.8
856.0 -58.54
856.16 -58.55
856.32 -58.62
856.48 -58.62
856.64 -58.48
856.8 -58.58
856.96 -58.45
857.12 -58.46
857.28 -58.64
857.44 -58.67
857.6 -58.89
857.76 -59.02
857.92 -58.84
858.08 -59.06
858.24 -58.96
858.4 -59.07
858.56 -59.02
858.72 -59.02
858.88 -58.66
859.04 -58.97
859.2 -58.78
859.36 -58.74
859.52 -58.79
859.68 -58.7
859.84 -58.74
860.0 -58.42
860.16 -58.55
860.32 -58.43
860.48 -58.3
860.64 -58.51
860.8 -58.67
860.96 -58.77
861.12 -58.73
861.28 -58.83
861.44 -58.85
861.6 -59.0
861.76 -58.84
861.92 -58.91
862.08 -59.03
862.24 -59.17
862.4 -58.99
862.56 -58.76
862.72 -58.79
862.88 -58.41
863.04 -58.74
863.2 -58.49
863.36 -58.74
863.52 -58.48
863.68 -58.57
863.84 -58.61
864.0 -58.35
864.16 -58.49
864.32 -58.34
864.48 -58.58
864.64 -58.78
864.8 -58.59
864.96 -58.8
865.12 -58.82
865.28 -58.79
865.44 -58.99
865.6 -59.03
865.76 -59.06
865.92 -58.89
866.08 -58.86
866.24 -58.72
866.4 -58.57
866.56 -58.57
866.72 -58.56
866.88 -58.47
867.04 -58.43
867.2 -58.49
867.36 -58.23
867.52 -58.45
867.68 -58.36
867.84 -58.69
868.0 -58.65
868.16 -58.85
868.32 -58.66
868.48 -58.87
868.64 -58.85
868.8 -58.94
868.96 -58.79
869.12 -58.8
869.28 -58.64
869.44 -58.51
869.6 -58.79
869.76 -58.71
869.92 -58.39
870.08 -58.47
870.24 -58.54
870.4 -58.36
870.56 -58.39
870.72 -58.44
870.88 -58.21
871.04 -58.48
871.2 -58.31
871.36 -58.44
871.52 -58.5
871.68 -58.73
871.84 -58.61
872.0 -58.68
872.16 -58.62
872.32 -58.46
872.48 -58.65
872.64 -58.55
872.8 -58.37
872.96 -58.58
873.12 -58.49
873.28 -58.54
873.44 -58.28
873.6 -58.19
873.76 -58.17
873.92 -58.19
874.08 -58.31
874.24 -58.21
874.4 -58.06
874.56 -58.3
874.72 -58.57
874.88 -58.38
875.04 -58.71
875.2 -58.71
875.36 -58.53
875.52 -58.7
875.68 -58.65
875.84 -58.74
876.0 -58.54
876.16 -58.62
876.32 -58.54
876.48 -58.36
876.64 -58.33
876.8 -58.33
876.96 -58.18
877.12 -58.2
877.28 -58.29
877.44 -58.18
877.6 -58.08
877.76 -58.23
877.92 -58.4
878.08 -58.34
878.24 -58.31
878.4 -58.49
878.56 -58.5
878.72 -58.44
878.88 -58.5
879.04 -58.45
879.2 -58.24
879.36 -58.32
879.52 -58.35
879.68 -58.23
879.84 -58.04
880.0 -58.23
880.16 -58.01
880.32 -58.1
880.48 -58.11
880.64 -58.08
880.8 -58.25
880.96 -58.22
881.12 -57.96
881.28 -58.37
881.44 -58.27
881.6 -58.29
881.76 -58.29
881.92 -58.44
882.08 -58.38
882.24 -58.29
882.4 -58.3
882.56 -58.45
882.72 -58.43
882.88 -58.23
883.04 -58.2
883.2 -58.13
883.36 -58.09
883.52 -58.02
883.68 -58.02
883.84 -58.13
884.0 -57.86
884.16 -58.17
884.32 -58.1
884.48 -58.09
884.64 -58.13
884.8 -58.21
884.96 -58.31
885.12 -58.38
885.28 -58.38
885.44 -58.25
885.6 -58.09
885.76 -58.28
885.92 -58.21
886.08 -57.88
886.24 -58.07
886.4 -57.99
886.56 -58.0
886.72 -58.01
886.88 -57.99
887.04 -57.9
887.2 -57.84
887.36 -58.08
887.52 -57.99
887.68 -58.04
887.84 -58.14
888.0 -58.18
888.16 -58.38
888.32 -58.2
888.48 -58.1
888.64 -58.24
888.8 -58.05
888.96 -58.06
889.12 -57.99
889.28 -58.05
889.44 -58.11
889.6 -57.96
889.76 -57.86
889.92 -57.83
890.08 -57.73
890.24 -57.65
890.4 -57.82
890.56 -57.73
890.72 -57.94
890.88 -57.97
891.04 -57.97
891.2 -57.86
891.36 -58.18
891.52 -58.23
891.68 -58.2
891.84 -58.12
892.0 -58.24
892.16 -58.07
892.32 -58.08
892.48 -57.99
892.64 -57.95
892.8 -57.99
892.96 -57.82
893.12 -57.76
893.28 -57.76
893.44 -58.07
893.6 -57.74
893.76 -57.69
893.92 -57.74
894.08 -57.75
894.24 -57.86
894.4 -57.85
894.56 -57.96
894.72 -57.9
894.88 -57.93
895.04 -57.84
895.2 -57.95
895.36 -57.98
895.52 -57.91
895.68 -57.75
895.84 -57.75
896.0 -57.78
896.16 -57.7
896.32 -57.86
896.48 -57.63
896.64 -57.6
896.8 -57.78
896.96 -57.66
897.12 -57.76
897.28 -57.72
897.44 -57.81
897.6 -58.06
897.76 -57.82
897.92 -57.77
898.08 -57.93
898.24 -58.02
898.4 -57.92
898.56 -57.85
898.72 -57.83
898.88 -57.86
899.04 -57.82
899.2 -57.85
899.36 -57.69
899.52 -57.48
899.68 -57.57
899.84 -57.65
900.0 -57.61
