740.0 -61.24
740.16 -61.44
740.32 -61.53
740.48 -61.27
740.64 -61.72
740.8 -61.63
740.96 -61.3
741.12 -61.59
741.28 -61.47
741.44 -61.29
741.6 -61.65
741.76 -60.74
741.92 -61.22
742.08 -61.7
742.24 -61.82
742.4 -61.09
742.56 -61.31
742.72 -61.27
742.88 -61.27
743.04 -61.22
743.2 -61.61
743.36 -61.14
743.52 -61.51
743.68 -61.32
743.84 -61.46
744.0 -61.21
744.16 -61.52
744.32 -61.25
744.48 -60.98
744.64 -61.05
744.8 -60.98
744.96 -61.4
745.12 -61.38
745.28 -61.67
745.44 -60.97
745.6 -61.45
745.76 -61.15
745.92 -61.11
746.08 -61.13
746.24 -60.97
746.4 -61.31
746.56 -61.24
746.72 -60.95
746.88 -61.43
747.04 -61.23
747.2 -61.05
747.36 -61.19
747.52 -61.59
747.68 -61.52
747.84 -61.24
748.0 -61.43
748.16 -61.12
748.32 -60.76
748.48 -61.0
748.64 -61.64
748.8 -61.15
748.96 -61.07
749.12 -61.28
749.28 -60.91
749.44 -61.02
749.6 -61.15
749.76 -61.47
749.92 -61.23
750.08 -61.25
750.24 -60.96
750.4 -60.94
750.56 -61.56
750.72 -61.15
750.88 -61.02
751.04 -61.37
751.2 -61.36
751.36 -61.5
751.52 -60.93
751.68 -61.39
751.84 -61.43
752.0 -60.87
752.16 -61.29
752.32 -60.79
752.48 -60.98
752.64 -61.14
752.8 -60.85
752.96 -61.01
753.12 -60.92
753.28 -61.76
753.44 -61.24
753.6 -61.21
753.76 -60.94
753.92 -60.94
754.08 -61.31
754.24 -61.41
754.4 -61.27
754.56 -60.88
754.72 -61.41
754.88 -60.92
755.04 -61.22
755.2 -60.85
755.36 -61.08
755.52 -61.0
755.68 -61.43
755.84 -60.86
756.0 -61.08
756.16 -61.14
756.32 -61.51
756.48 -61.05
756.64 -61.03
756.8 -61.16
756.96 -61.23
757.12 -60.93
757.28 -60.75
757.44 -61.05
757.6 -60.8
757.76 -60.93
757.92 -61.06
758.08 -60.93
758.24 -60.9
758.4 -60.9
758.56 -61.09
758.72 -60.98
758.88 -60.78
759.04 -60.96
759.2 -61.38
759.36 -60.78
759.52 -60.66
759.68 -61.29
759.84 -61.13
760.0 -61.1
760.16 -61.26
760.32 -60.99
760.48 -61.29
760.64 -60.83
760.8 -60.81
760.96 -60.7
761.12 -61.28
761.28 -60.91
761.44 -60.91
761.6 -60.89
761.76 -60.74
761.92 -61.17
762.08 -61.12
762.24 -61.0
762.4 -60.99
762.56 -60.8
762.72 -60.8
762.88 -60.99
763.04 -61.12
763.2 -61.31
763.36 -61.29
763.52 -60.86
763.68 -61.03
763.84 -61.03
764.0 -61.02
764.16 -61.24
764.32 -60.84
764.48 -61.06
764.64 -60.92
764.8 -60.81
764.96 -60.83
765.12 -60.94
765.28 -61.13
765.44 -61.1
765.6 -60.69
765.76 -61.01
765.92 -60.72
766.08 -61.24
766.24 -61.02
766.4 -60.88
766.56 -60.94
766.72 -60.9
766.88 -61.36
767.04 -60.88
767.2 -60.71
767.36 -60.7
767.52 -60.65
767.68 -60.54
767.84 -60.89
768.0 -60.78
768.16 -60.85
768.32 -60.92
768.48 -61.18
768.64 -60.94
768.8 -60.76
768.96 -60.44
769.12 -61.47
769.28 -61.05
769.44 -61.05
769.6 -60.77
769.76 -60.85
769.92 -60.42
770.08 -60.72
770.24 -60.85
770.4 -61.16
770.56 -60.89
770.72 -60.79
770.88 -60.43
771.04 -60.98
771.2 -60.99
771.36 -60.91
771.52 -61.19
771.68 -60.58
771.84 -60.43
772.0 -60.55
772.16 -61.09
772.32 -60.89
772.48 -60.89
772.64 -60.81
772.8 -60.65
772.96 -60.85
773.12 -60.95
773.28 -60.69
773.44 -61.32
773.6 -60.78
773.76 -60.58
773.92 -60.58
774.08 -61.03
774.24 -60.89
774.4 -61.18
774.56 -60.74
774.72 -61.06
774.88 -60.38
775.04 -60.64
775.2 -60.88
775.36 -61.3
775.52 -60.84
775.68 -60.68
775.84 -60.55
776.0 -60.27
776.16 -61.04
776.32 -60.91
776.48 -61.13
776.64 -61.01
776.8 -60.96
776.96 -60.69
777.12 -60.69
777.28 -60.93
777.44 -60.55
777.6 -61.21
777.76 -60.89
777.92 -60.85
778.08 -60.56
778.24 -60.96
778.4 -60.72
778.56 -61.09
778.72 -60.71
778.88 -60.47
779.04 -60.75
779.2 -60.86
779.36 -60.99
779.52 -60.93
779.68 -60.96
779.84 -60.73
780.0 -60.77
780.16 -60.7
780.32 -60.71
780.48 -61.13
780.64 -61.17
780.8 -60.47
780.96 -60.62
781.12 -60.46
781.28 -60.72
781.44 -60.78
781.6 -61.1
781.76 -60.8
781.92 -60.64
782.08 -60.47
782.24 -60.5
782.4 -61.3
782.56 -61.02
782.72 -61.13
782.88 -60.46
783.04 -60.56
783.2 -60.63
783.36 -61.0
783.52 -61.23
783.68 -61.0
783.84 -60.42
784.0 -60.56
784.16 -60.54
784.32 -60.77
784.48 -60.71
784.64 -61.17
784.8 -60.92
784.96 -60.53
785.12 -60.35
785.28 -60.58
785.44 -60.77
785.6 -61.03
785.76 -61.01
785.92 -60.51
786.08 -60.16
786.24 -60.51
786.4 -60.55
786.56 -60.95
786.72 -61.15
786.88 -60.76
787.04 -60.37
787.2 -60.44
787.36 -60.47
787.52 -60.64
787.68 -61.13
787.84 -61.21
788.0 -60.61
788.16 -60.09
788.32 -60.24
788.48 -60.0
788.64 -61.1
788.8 -61.14
788.96 -60.6
789.12 -60.49
789.28 -60.18
789.44 -60.16
789.6 -60.76
789.76 -60.81
789.92 -60.87
790.08 -60.56
790.24 -60.57
790.4 -60.32
790.56 -60.46
790.72 -60.61
790.88 -60.91
791.04 -60.98
791.2 -60.56
791.36 -60.35
791.52 -60.09
791.68 -60.2
791.84 -60.88
792.0 -60.81
792.16 -60.37
792.32 -60.68
792.48 -60.13
792.64 -60.29
792.8 -60.26
792.96 -60.81
793.12 -60.84
793.28 -60.45
793.44 -60.36
793.6 -60.24
793.76 -60.14
793.92 -60.56
794.08 -60.69
794.24 -60.66
794.4 -60.49
794.56 -60.29
794.72 -60.41
794.88 -60.53
795.04 -60.93
795.2 -61.16
795.36 -60.82
795.52 -60.26
795.68 -60.15
795.84 -60.36
796.0 -60.53
796.16 -60.42
796.32 -60.57
796.48 -60.89
796.64 -60.21
796.8 -59.98
796.96 -60.0
797.12 -60.46
797.28 -60.69
797.44 -61.0
797.6 -60.34
797.76 -60.36
797.92 -60.03
798.08 -60.57
798.24 -60.8
798.4 -60.67
798.56 -60.81
798.72 -60.25
798.88 -60.05
799.04 -59.93
799.2 -60.22
799.36 -60.77
799.52 -60.62
799.68 -60.56
799.84 -60.25
800.0 -59.97
800.16 -60.13
800.32 -60.45
800.48 -60.85
800.64 -60.78
800.8 -60.55
800.96 -60.26
801.12 -60.11
801.28 -60.16
801.44 -60.27
801.6 -60.98
801.76 -60.38
801.92 -60.36
802.08 -59.99
802.24 -59.88
802.4 -60.11
802.56 -60.76
802.72 -60.92
802.88 -60.61
803.04 -60.54
803.2 -59.92
803.36 -60.13
803.52 -59.97
803.68 -60.69
803.84 -60.7
804.0 -60.78
804.16 -60.3
804.32 -60.01
804.48 -59.83
804.64 -60.4
804.8 -60.52
804.96 -60.41
805.12 -60.24
805.28 -59.51
805.44 -59.57
805.6 -59.42
805.76 -59.99
805.92 -60.32
806.08 -59.72
806.24 -59.34
806.4 -58.6
806.56 -57.54
806.72 -57.0
806.88 -56.22
807.04 -55.27
807.2 -53.97
807.36 -52.14
807.52 -50.83
807.68 -49.79
807.84 -49.41
808.0 -49.5
808.16 -49.89
808.32 -50.19
808.48 -50.19
808.64 -50.03
808.8 -50.2
808.96 -51.25
809.12 -53.0
809.28 -56.02
809.44 -58.48
809.6 -59.18
809.76 -59.27
809.92 -59.29
810.08 -59.61
810.24 -60.24
810.4 -60.43
810.56 -60.52
810.72 -60.05
810.88 -59.67
811.04 -59.63
811.2 -59.75
811.36 -60.22
811.52 -60.38
811.68 -60.63
811.84 -60.62
812.0 -59.96
812.16 -60.25
812.32 -59.95
812.48 -59.98
812.64 -60.63
812.8 -60.56
812.96 -60.35
813.12 -59.99
813.28 -59.87
813.44 -59.86
813.6 -60.1
813.76 -60.79
813.92 -60.58
814.08 -60.23
814.24 -59.96
814.4 -59.61
814.56 -60.17
814.72 -60.07
814.88 -60.57
815.04 -60.53
815.2 -60.07
815.36 -59.85
815.52 -59.67
815.68 -59.9
815.84 -60.28
816.0 -60.49
816.16 -60.57
816.32 -60.07
816.48 -60.2
816.64 -59.76
816.8 -60.33
816.96 -60.47
817.12 -61.0
817.28 -60.49
817.44 -60.06
817.6 -60.04
817.76 -60.33
817.92 -60.42
818.08 -60.37
818.24 -60.64
818.4 -60.5
818.56 -60.05
818.72 -60.12
818.88 -60.23
819.04 -60.06
819.2 -60.48
819.36 -60.49
819.52 -60.37
819.68 -59.95
819.84 -60.02
820.0 -59.97
820.16 -60.03
820.32 -60.5
820.48 -60.82
820.64 -60.43
820.8 -60.23
820.96 -60.08
821.12 -60.04
821.28 -60.26
821.44 -60.57
821.6 -60.54
821.76 -60.39
821.92 -60.13
822.08 -59.88
822.24 -60.16
822.4 -59.95
822.56 -60.28
822.72 -60.49
822.88 -60.35
823.04 -60.22
823.2 -60.17
823.36 -59.91
823.52 -59.93
823.68 -60.17
823.84 -60.3
824.0 -60.04
824.16 -60.06
824.32 -60.05
824.48 -59.89
824.64 -59.81
824.8 -60.01
824.96 -60.73
825.12 -60.22
825.28 -60.05
825.44 -59.8
825.6 -59.77
825.76 -59.87
825.92 -59.9
826.08 -60.31
826.24 -60.11
826.4 -60.24
826.56 -59.85
826.72 -60.04
826.88 -59.77
827.04 -59.97
827.2 -60.36
827.36 -60.07
827.52 -60.33
827.68 -60.19
827.84 -59.67
828.0 -59.6
828.16 -59.93
828.32 -60.11
828.48 -60.34
828.64 -60.14
828.8 -59.86
828.96 -59.72
829.12 -59.85
829.28 -59.66
829.44 -60.18
829.6 -60.29
829.76 -60.21
829.92 -59.91
830.08 -59.61
830.24 -59.72
830.4 -59.62
830.56 -59.94
830.72 -60.35
830.88 -60.29
831.04 -59.68
831.2 -59.77
831.36 -59.61
831.52 -59.69
831.68 -59.96
831.84 -60.11
832.0 -60.11
832.16 -59.93
832.32 -59.8
832.48 -59.81
832.64 -59.73
832.8 -59.88
832.96 -60.07
833.12 -60.19
833.28 -59.78
833.44 -59.9
833.6 -59.5
833.76 -59.54
833.92 -59.47
834.08 -59.87
834.24 -60.01
834.4 -60.24
834.56 -59.74
834.72 -59.37
834.88 -59.21
835.04 -59.31
835.2 -59.73
835.36 -59.86
835.52 -59.83
835.68 -59.83
835.84 -59.59
836.0 -59.43
836.16 -59.54
836.32 -59.59
836.48 -59.87
836.64 -60.05
836.8 -59.79
836.96 -59.57
837.12 -59.48
837.28 -59.56
837.44 -59.63
837.6 -59.9
837.76 -60.06
837.92 -60.09
838.08 -59.92
838.24 -59.65
838.4 -59.38
838.56 -59.52
838.72 -59.71
838.88 -60.12
839.04 -60.09
839.2 -59.75
839.36 -59.6
839.52 -59.66
839.68 -59.43
839.84 -59.76
840.0 -59.98
840.16 -59.98
840.32 -59.83
840.48 -59.85
840.64 -59.57
840.8 -59.71
840.96 -59.57
841.12 -59.79
841.28 -59.98
841.44 -60.12
841.6 -59.63
841.76 -59.44
841.92 -59.63
842.08 -59.53
842.24 -59.75
842.4 -60.09
842.56 -59.82
842.72 -59.58
842.88 -59.62
843.04 -59.41
843.2 -59.5
843.36 -59.71
843.52 -59.73
843.68 -59.92
843.84 -59.97
844.0 -59.59
844.16 -59.66
844.32 -59.51
844.48 -59.62
844.64 -59.69
844.8 -59.86
844.96 -60.1
845.12 -59.5
845.28 -59.38
845.44 -59.31
845.6 -59.55
845.76 -59.72
845.92 -59.83
846.08 -59.82
846.24 -59.77
846.4 -59.39
846.56 -59.45
846.72 -59.51
846.88 -59.49
847.04 -59.9
847.2 -60.0
847.36 -59.61
847.52 -59.68
847.68 -59.42
847.84 -59.43
848.0 -59.55
848.16 -59.6
848.32 -59.82
848.48 -59.97
848.64 -59.41
848.8 -59.3
848.96 -59.27
849.12 -59.46
849.28 -59.57
849.44 -59.75
849.6 -59.75
849.76 -59.62
849.92 -59.45
850.08 -59.45
850.24 -59.33
850.4 -59.63
850.56 -59.39
850.72 -59.81
850.88 -59.7
851.04 -59.55
851.2 -59.34
851.36 -59.46
851.52 -59.52
851.68 -59.63
851.84 -59.78
852.0 -59.44
852.16 -59.43
852.32 -59.33
852.48 -59.25
852.64 -59.64
852.8 -59.72
852.96 -59.61
853.12 -59.59
853.28 -59.38
853.44 -59.29
853.6 -59.41
853.76 -59.45
853.92 -59.38
854.08 -59.58
854.24 -59.58
854.4 -59.58
854.56 -59.49
854.72 -59.32
854.88 -59.25
855.04 -59.38
855.2 -59.62
855.36 -59.52
855.52 -59.58
855.68 -59.28
855.84 -59.22
856.0 -59.45
856.16 -59.5
856.32 -59.66
856.48 -59.66
856.64 -59.87
856.8 -59.49
856.96 -59.17
857.12 -59.1
857.28 -59.59
857.44 -59.35
857.6 -59.62
857.76 -59.48
857.92 -59.39
858.08 -59.26
858.24 -59.42
858.4 -59.24
858.56 -59.36
858.72 -59.35
858.88 -59.63
859.04 -59.66
859.2 -59.5
859.36 -59.22
859.52 -59.15
859.68 -59.39
859.84 -59.39
860.0 -59.38
860.16 -59.41
860.32 -59.42
860.48 -59.46
860.64 -59.25
860.8 -59.0
860.96 -59.28
861.12 -59.28
861.28 -59.31
861.44 -59.69
861.6 -59.31
861.76 -59.13
861.92 -59.15
862.08 -59.27
862.24 -59.38
862.4 -59.34
862.56 -59.37
862.72 -59.43
862.88 -59.23
863.04 -59.29
863.2 -59.2
863.36 -59.44
863.52 -59.25
863.68 -59.29
863.84 -59.18
864.0 -59.27
864.16 -59.19
864.32 -59.0
864.48 -59.21
864.64 -59.48
864.8 -59.26
864.96 -59.6
865.12 -59.4
865.28 -59.38
865.44 -58.91
865.6 -59.23
865.76 -59.32
865.92 -59.27
866.08 -59.5
866.24 -59.34
866.4 -59.35
866.56 -59.01
866.72 -59.25
866.88 -59.22
867.04 -59.33
867.2 -59.48
867.36 -59.42
867.52 -59.28
867.68 -59.13
867.84 -59.06
868.0 -59.2
868.16 -59.23
868.32 -59.57
868.48 -59.62
868.64 -59.28
868.8 -59.29
868.96 -59.04
869.12 -59.03
869.28 -59.28
869.44 -59.34
869.6 -59.27
869.76 -59.23
869.92 -59.18
870.08 -59.23
870.24 -59.05
870.4 -59.17
870.56 -59.23
870.72 -59.42
870.88 -59.29
871.04 -59.27
871.2 -59.23
871.36 -59.16
871.52 -59.29
871.68 -59.34
871.84 -59.24
872.0 -59.56
872.16 -59.51
872.32 -59.21
872.48 -59.21
872.64 -59.11
872.8 -59.37
872.96 -59.3
873.12 -59.49
873.28 -59.46
873.44 -59.22
873.6 -59.36
873.76 -59.09
873.92 -59.27
874.08 -59.29
874.24 -59.31
874.4 -59.49
874.56 -59.22
874.72 -59.37
874.88 -59.25
875.04 -59.35
875.2 -59.39
875.36 -59.37
875.52 -59.3
875.68 -59.3
875.84 -59.24
876.0 -59.07
876.16 -59.17
876.32 -59.29
876.48 -59.44
876.64 -59.36
876.8 -59.04
876.96 -59.18
877.12 -59.17
877.28 -58.76
877.44 -59.05
877.6 -59.12
877.76 -59.37
877.92 -59.5
878.08 -59.29
878.24 -59.28
878.4 -58.98
878.56 -58.92
878.72 -59.16
878.88 -59.09
879.04 -59.1
879.2 -59.13
879.36 -59.11
879.52 -58.96
879.68 -58.93
879.84 -58.9
880.0 -59.1
880.16 -59.0
880.32 -59.32
880.48 -59.34
880.64 -59.03
880.8 -58.9
880.96 -58.95
881.12 -58.92
881.28 -59.11
881.44 -59.29
881.6 -59.2
881.76 -58.88
881.92 -58.87
882.08 -58.73
882.24 -58.91
882.4 -58.87
882.56 -58.98
882.72 -59.08
882.88 -59.1
883.04 -58.83
883.2 -58.67
883.36 -58.78
883.52 -58.8
883.68 -59.05
883.84 -58.99
884.0 -59.01
884.16 -58.91
884.32 -58.98
884.48 -58.62
884.64 -58.96
884.8 -58.89
884.96 -58.95
885.12 -58.93
885.28 -59.07
885.44 -58.87
885.6 -58.9
885.76 -58.79
885.92 -59.01
886.08 -58.82
886.24 -58.93
886.4 -59.12
886.56 -58.77
886.72 -58.96
886.88 -58.89
887.04 -58.76
887.2 -58.83
887.36 -58.76
887.52 -59.01
887.68 -59.16
887.84 -58.77
888.0 -58.62
888.16 -58.7
888.32 -59.15
888.48 -58.83
888.64 -59.03
888.8 -59.14
888.96 -58.97
889.12 -59.08
889.28 -58.7
889.44 -58.85
889.6 -58.83
889.76 -58.9
889.92 -58.89
890.08 -58.92
890.24 -58.67
890.4 -58.91
890.56 -58.69
890.72 -58.52
890.88 -58.5
891.04 -58.94
891.2 -58.76
891.36 -58.78
891.52 -58.79
891.68 -58.67
891.84 -58.7
892.0 -58.7
892.16 -58.64
892.32 -58.92
892.48 -58.87
892.64 -58.8
892.8 -58.66
892.96 -58.57
893.12 -58.8
893.28 -58.44
893.44 -58.72
893.6 -58.8
893.76 -58.63
893.92 -58.73
894.08 -58.73
894.24 -58.52
894.4 -58.51
894.56 -58.76
894.72 -58.74
894.88 -58.6
895.04 -58.47
895.2 -58.57
895.36 -58.56
895.52 -58.58
895.68 -58.62
895.84 -58.81
896.0 -58.77
896.16 -58.71
896.32 -58.56
896.48 -58.57
896.64 -58.44
896.8 -58.53
896.96 -58.64
897.12 -58.48
897.28 -59.01
897.44 -58.58
897.6 -58.91
897.76 -58.62
897.92 -58.49
898.08 -58.59
898.24 -58.66
898.4 -58.63
898.56 -58.73
898.72 -58.57
898.88 -58.56
899.04 -58.62
899.2 -58.38
899.36 -58.69
899.52 -58.58
899.68 -58.69
899.84 -58.65
900.0 -58.68
