740.0 -61.0
740.16 -61.35
740.32 -61.62
740.48 -61.21
740.64 -61.49
740.8 -61.03
740.96 -61.09
741.12 -61.4
741.28 -61.44
741.44 -61.36
741.6 -61.45
741.76 -61.44
741.92 -61.22
742.08 -61.19
742.24 -61.32
742.4 -61.01
742.56 -61.53
742.72 -61.12
742.88 -61.11
743.04 -61.25
743.2 -61.61
743.36 -61.62
743.52 -61.21
743.68 -61.43
743.84 -61.22
744.0 -61.57
744.16 -61.45
744.32 -61.72
744.48 -60.99
744.64 -61.54
744.8 -61.24
744.96 -61.27
745.12 -61.09
745.28 -61.47
745.44 -61.12
745.6 -61.18
745.76 -61.09
745.92 -61.49
746.08 -61.08
746.24 -61.2
746.4 -61.04
746.56 -61.1
746.72 -61.25
746.88 -61.35
747.04 -61.49
747.2 -60.83
747.36 -61.04
747.52 -61.08
747.68 -61.25
747.84 -60.93
748.0 -60.83
748.16 -61.3
748.32 -61.6
748.48 -61.65
748.64 -61.07
748.8 -61.38
748.96 -61.32
749.12 -61.26
749.28 -61.65
749.44 -61.14
749.6 -61.6
749.76 -61.37
749.92 -61.37
750.08 -61.33
750.24 -61.22
750.4 -61.27
750.56 -60.86
750.72 -61.32
750.88 -61.44
751.04 -61.11
751.2 -61.14
751.36 -61.03
751.52 -61.2
751.68 -61.18
751.84 -61.15
752.0 -61.16
752.16 -61.29
752.32 -61.22
752.48 -61.39
752.64 -61.43
752.8 -61.26
752.96 -61.3
753.12 -61.15
753.28 -61.38
753.44 -61.33
753.6 -60.82
753.76 -61.0
753.92 -61.1
754.08 -60.87
754.24 -61.27
754.4 -61.28
754.56 -61.44
754.72 -61.28
754.88 -61.65
755.04 -61.36
755.2 -60.96
755.36 -61.24
755.52 -60.96
755.68 -61.26
755.84 -61.29
756.0 -61.33
756.16 -61.15
756.32 -61.25
756.48 -61.53
756.64 -61.0
756.8 -61.22
756.96 -61.07
757.12 -61.36
757.28 -61.14
757.44 -61.49
757.6 -61.06
757.76 -61.32
757.92 -61.02
758.08 -61.09
758.24 -61.32
758.4 -61.23
758.56 -61.23
758.72 -61.08
758.88 -61.31
759.04 -61.26
759.2 -61.18
759.36 -61.08
759.52 -61.07
759.68 -61.15
759.84 -61.24
760.0 -61.04
760.16 -60.97
760.32 -61.37
760.48 -60.82
760.64 -61.56
760.8 -61.37
760.96 -61.55
761.12 -60.82
761.28 -60.71
761.44 -61.24
761.6 -61.22
761.76 -61.02
761.92 -61.0
762.08 -61.02
762.24 -60.97
762.4 -61.07
762.56 -61.24
762.72 -61.29
762.88 -60.9
763.04 -61.27
763.2 -61.47
763.36 -60.89
763.52 -60.87
763.68 -61.11
763.84 -60.69
764.0 -61.08
764.16 -61.25
764.32 -60.69
764.48 -61.38
764.64 -60.96
764.8 -61.25
764.96 -60.97
765.12 -61.25
765.28 -60.57
765.44 -60.98
765.6 -60.89
765.76 -61.28
765.92 -60.98
766.08 -61.04
766.24 -61.17
766.4 -61.31
766.56 -60.98
766.72 -61.23
766.88 -60.93
767.04 -60.94
767.2 -60.76
767.36 -61.32
767.52 -60.9
767.68 -61.3
767.84 -60.85
768.0 -60.82
768.16 -61.06
768.32 -61.0
768.48 -60.52
768.64 -60.65
768.8 -60.73
768.96 -60.81
769.12 -60.86
769.28 -60.77
769.44 -60.8
769.6 -60.6
769.76 -60.96
769.92 -61.1
770.08 -61.18
770.24 -60.83
770.4 -61.03
770.56 -60.93
770.72 -60.83
770.88 -60.79
771.04 -60.77
771.2 -60.83
771.36 -60.98
771.52 -60.58
771.68 -60.91
771.84 -60.72
772.0 -60.95
772.16 -60.77
772.32 -60.76
772.48 -61.14
772.64 -60.75
772.8 -60.79
772.96 -60.63
773.12 -60.76
773.28 -60.62
773.44 -60.76
773.6 -61.13
773.76 -60.59
773.92 -60.68
774.08 -60.44
774.24 -60.96
774.4 -60.6
774.56 -60.95
774.72 -60.62
774.88 -60.98
775.04 -60.87
775.2 -61.22
775.36 -61.18
775.52 -60.94
775.68 -60.77
775.84 -60.48
776.0 -60.82
776.16 -60.83
776.32 -60.64
776.48 -60.87
776.64 -60.52
776.8 -61.37
776.96 -60.65
777.12 -60.7
777.28 -60.94
777.44 -60.52
777.6 -60.81
777.76 -60.93
777.92 -60.88
778.08 -61.19
778.24 -60.45
778.4 -60.73
778.56 -60.31
778.72 -61.1
778.88 -60.75
779.04 -61.03
779.2 -60.8
779.36 -60.64
779.52 -60.71
779.68 -61.21
779.84 -60.63
780.0 -61.02
780.16 -60.66
780.32 -60.68
780.48 -61.0
780.64 -61.0
780.8 -60.71
780.96 -60.27
781.12 -60.64
781.28 -60.81
781.44 -61.21
781.6 -60.83
781.76 -60.58
781.92 -60.61
782.08 -60.35
782.24 -60.74
782.4 -61.05
782.56 -60.94
782.72 -60.5
782.88 -60.86
783.04 -60.71
783.2 -60.91
783.36 -60.73
783.52 -61.02
783.68 -60.64
783.84 -60.36
784.0 -60.35
784.16 -60.98
784.32 -60.65
784.48 -60.62
784.64 -60.95
784.8 -60.62
784.96 -60.88
785.12 -60.99
785.28 -60.84
785.44 -60.68
785.6 -60.53
785.76 -60.84
785.92 -60.91
786.08 -61.12
786.24 -60.77
786.4 -60.52
786.56 -60.28
786.72 -60.9
786.88 -61.01
787.04 -60.63
787.2 -60.41
787.36 -60.62
787.52 -60.59
787.68 -61.1
787.84 -60.94
788.0 -60.6
788.16 -60.82
788.32 -60.32
788.48 -60.59
788.64 -61.09
788.8 -60.88
788.96 -60.74
789.12 -60.13
789.28 -60.7
789.44 -60.94
789.6 -61.08
789.76 -60.74
789.92 -61.11
790.08 -60.59
790.24 -60.62
790.4 -61.27
790.56 -60.88
790.72 -60.6
790.88 -60.38
791.04 -60.36
791.2 -60.73
791.36 -60.92
791.52 -61.24
791.68 -60.74
791.84 -60.55
792.0 -60.13
792.16 -60.74
792.32 -61.11
792.48 -61.02
792.64 -60.46
792.8 -60.58
792.96 -60.39
793.12 -60.89
793.28 -60.97
793.44 -60.64
793.6 -60.66
793.76 -60.09
793.92 -60.37
794.08 -60.84
794.24 -61.0
794.4 -60.71
794.56 -60.42
794.72 -60.57
794.88 -60.36
795.04 -60.58
795.2 -60.78
795.36 -60.7
795.52 -60.38
795.68 -60.29
795.84 -60.49
796.0 -60.43
796.16 -60.88
796.32 -60.47
796.48 -60.34
796.64 -60.15
796.8 -60.6
796.96 -60.86
797.12 -60.78
797.28 -60.26
797.44 -60.47
797.6 -60.28
797.76 -60.71
797.92 -61.25
798.08 -60.17
798.24 -60.39
798.4 -60.42
798.56 -60.56
798.72 -60.54
798.88 -61.03
799.04 -60.38
799.2 -60.02
799.36 -60.11
799.52 -60.67
799.68 -60.73
799.84 -60.64
800.0 -60.54
800.16 -60.25
800.32 -60.11
800.48 -60.5
800.64 -60.49
800.8 -60.41
800.96 -60.23
801.12 -60.2
801.28 -60.52
801.44 -60.69
801.6 -60.58
801.76 -60.44
801.92 -60.28
802.08 -60.3
802.24 -60.39
802.4 -60.66
802.56 -60.73
802.72 -60.47
802.88 -60.28
803.04 -60.25
803.2 -60.13
803.36 -60.56
803.52 -60.6
803.68 -60.46
803.84 -60.37
804.0 -60.44
804.16 -60.41
804.32 -60.61
804.48 -60.52
804.64 -60.52
804.8 -59.98
804.96 -60.07
805.12 -59.9
805.28 -60.83
805.44 -60.63
805.6 -60.52
805.76 -59.76
805.92 -59.48
806.08 -59.58
806.24 -59.67
806.4 -59.25
806.56 -58.13
806.72 -57.16
806.88 -56.26
807.04 -55.55
807.2 -54.3
807.36 -52.56
807.52 -51.23
807.68 -50.05
807.84 -49.61
808.0 -49.66
808.16 -50.08
808.32 -50.43
808.48 -50.43
808.64 -50.43
808.8 -50.69
808.96 -51.83
809.12 -53.78
809.28 -56.28
809.44 -58.46
809.6 -58.78
809.76 -59.4
809.92 -59.88
810.08 -60.49
810.24 -60.37
810.4 -60.08
810.56 -59.85
810.72 -60.27
810.88 -60.41
811.04 -60.69
811.2 -60.82
811.36 -60.42
811.52 -59.93
811.68 -60.1
811.84 -60.88
812.0 -60.78
812.16 -60.71
812.32 -60.75
812.48 -60.22
812.64 -60.28
812.8 -61.02
812.96 -60.92
813.12 -60.84
813.28 -60.53
813.44 -60.08
813.6 -60.41
813.76 -60.87
813.92 -60.89
814.08 -60.65
814.24 -60.4
814.4 -60.1
814.56 -60.5
814.72 -60.55
814.88 -60.74
815.04 -61.0
815.2 -60.58
815.36 -60.29
815.52 -60.19
815.68 -60.86
815.84 -60.84
816.0 -60.89
816.16 -60.52
816.32 -60.29
816.48 -60.31
816.64 -60.27
816.8 -60.91
816.96 -60.62
817.12 -60.91
817.28 -60.34
817.44 -60.63
817.6 -60.58
817.76 -61.14
817.92 -60.87
818.08 -60.71
818.24 -60.3
818.4 -60.34
818.56 -60.4
818.72 -60.89
818.88 -60.96
819.04 -60.84
819.2 -60.56
819.36 -60.63
819.52 -60.82
819.68 -60.61
819.84 -60.87
820.0 -61.0
820.16 -60.29
820.32 -60.43
820.48 -60.33
820.64 -60.86
820.8 -60.73
820.96 -60.68
821.12 -60.62
821.28 -60.26
821.44 -60.24
821.6 -60.43
821.76 -60.9
821.92 -60.43
822.08 -60.35
822.24 -60.28
822.4 -60.52
822.56 -60.9
822.72 -60.79
822.88 -60.69
823.04 -61.02
823.2 -60.47
823.36 -60.38
823.52 -60.69
823.68 -60.88
823.84 -60.84
824.0 -60.5
824.16 -60.55
824.32 -60.5
824.48 -60.56
824.64 -60.75
824.8 -61.15
824.96 -60.61
825.12 -60.58
825.28 -60.41
825.44 -60.77
825.6 -60.88
825.76 -60.99
825.92 -60.71
826.08 -60.42
826.24 -60.45
826.4 -60.79
826.56 -61.06
826.72 -60.84
826.88 -60.8
827.04 -60.51
827.2 -60.17
827.36 -60.34
827.52 -60.81
827.68 -60.86
827.84 -60.42
828.0 -60.3
828.16 -60.4
828.32 -60.61
828.48 -60.82
828.64 -60.82
828.8 -60.88
828.96 -60.52
829.12 -60.26
829.28 -60.41
829.44 -60.63
829.6 -60.5
829.76 -60.69
829.92 -60.54
830.08 -59.89
830.24 -60.18
830.4 -60.47
830.56 -60.85
830.72 -60.93
830.88 -60.61
831.04 -60.26
831.2 -60.19
831.36 -60.47
831.52 -60.79
831.68 -60.74
831.84 -60.58
832.0 -60.32
832.16 -60.44
832.32 -60.33
832.48 -60.41
832.64 -60.87
832.8 -60.73
832.96 -60.29
833.12 -60.22
833.28 -60.38
833.44 -60.8
833.6 -60.57
833.76 -60.46
833.92 -60.37
834.08 -60.14
834.24 -60.06
834.4 -59.94
834.56 -60.42
834.72 -60.36
834.88 -60.46
835.04 -60.05
835.2 -59.96
835.36 -60.05
835.52 -60.48
835.68 -60.32
835.84 -60.24
836.0 -59.94
836.16 -59.96
836.32 -60.19
836.48 -60.72
836.64 -60.39
836.8 -60.14
836.96 -60.23
837.12 -60.03
837.28 -59.9
837.44 -60.42
837.6 -60.42
837.76 -60.24
837.92 -60.19
838.08 -60.18
838.24 -60.36
838.4 -60.42
838.56 -60.71
838.72 -60.71
838.88 -60.53
839.04 -60.23
839.2 -60.22
839.36 -60.72
839.52 -60.67
839.68 -60.57
839.84 -60.51
840.0 -60.43
840.16 -60.36
840.32 -60.23
840.48 -60.69
840.64 -60.64
840.8 -60.48
840.96 -60.38
841.12 -60.16
841.28 -60.32
841.44 -60.46
841.6 -60.36
841.76 -60.68
841.92 -60.68
842.08 -60.17
842.24 -60.47
842.4 -60.35
842.56 -60.71
842.72 -60.79
842.88 -60.81
843.04 -60.34
843.2 -60.24
843.36 -60.26
843.52 -60.47
843.68 -60.58
843.84 -60.62
844.0 -60.5
844.16 -60.34
844.32 -60.22
844.48 -60.57
844.64 -60.6
844.8 -60.66
844.96 -60.38
845.12 -60.5
845.28 -60.18
845.44 -60.46
845.6 -60.45
845.76 -60.7
845.92 -60.81
846.08 -60.46
846.24 -60.3
846.4 -60.31
846.56 -60.69
846.72 -60.53
846.88 -60.26
847.04 -60.42
847.2 -60.0
847.36 -60.21
847.52 -60.37
847.68 -60.85
847.84 -60.64
848.0 -60.43
848.16 -60.15
848.32 -60.01
848.48 -60.26
848.64 -60.36
848.8 -60.42
848.96 -60.51
849.12 -60.16
849.28 -60.28
849.44 -60.29
849.6 -60.53
849.76 -60.64
849.92 -60.28
850.08 -60.27
850.24 -60.26
850.4 -60.4
850.56 -60.41
850.72 -60.43
850.88 -60.52
851.04 -60.45
851.2 -60.34
851.36 -60.38
851.52 -60.48
851.68 -60.43
851.84 -60.64
852.0 -60.39
852.16 -60.43
852.32 -60.22
852.48 -60.42
852.64 -60.18
852.8 -60.36
852.96 -60.34
853.12 -60.34
853.28 -60.52
853.44 -60.21
853.6 -60.38
853.76 -60.46
853.92 -60.32
854.08 -60.54
854.24 -60.18
854.4 -60.09
854.56 -60.14
854.72 -60.44
854.88 -60.37
855.04 -60.37
855.2 -60.33
855.36 -60.11
855.52 -60.22
855.68 -60.23
855.84 -60.5
856.0 -60.35
856.16 -60.2
856.32 -59.9
856.48 -60.15
856.64 -60.19
856.8 -60.19
856.96 -60.49
857.12 -60.4
857.28 -60.17
857.44 -60.19
857.6 -60.13
857.76 -60.26
857.92 -60.32
858.08 -60.19
858.24 -60.31
858.4 -59.92
858.56 -60.07
858.72 -60.38
858.88 -60.29
859.04 -60.44
859.2 -60.19
859.36 -59.94
859.52 -59.83
859.68 -60.13
859.84 -60.28
860.0 -60.12
860.16 -59.98
860.32 -59.95
860.48 -59.95
860.64 -59.78
860.8 -60.15
860.96 -59.83
861.12 -60.06
861.28 -59.89
861.44 -60.02
861.6 -59.75
861.76 -60.36
861.92 -60.37
862.08 -60.02
862.24 -60.02
862.4 -59.93
862.56 -59.89
862.72 -60.24
862.88 -60.23
863.04 -60.45
863.2 -60.22
863.36 -60.14
863.52 -60.02
863.68 -60.02
863.84 -60.39
864.0 -60.17
864.16 -60.53
864.32 -60.03
864.48 -59.72
864.64 -59.99
864.8 -60.14
864.96 -60.28
865.12 -60.05
865.28 -60.15
865.44 -60.22
865.6 -60.09
865.76 -60.09
865.92 -60.56
866.08 -60.18
866.24 -59.97
866.4 -60.0
866.56 -59.92
866.72 -60.03
866.88 -60.35
867.04 -60.2
867.2 -60.04
867.36 -59.71
867.52 -59.99
867.68 -60.08
867.84 -60.0
868.0 -59.98
868.16 -60.36
868.32 -60.16
868.48 -60.06
868.64 -59.85
868.8 -59.88
868.96 -60.21
869.12 -60.04
869.28 -59.89
869.44 -59.85
869.6 -60.06
869.76 -60.02
869.92 -60.18
870.08 -60.39
870.24 -60.05
870.4 -59.97
870.56 -59.93
870.72 -59.83
870.88 -60.14
871.04 -60.26
871.2 -60.12
871.36 -60.09
871.52 -59.54
871.68 -59.97
871.84 -59.94
872.0 -60.15
872.16 -59.94
872.32 -60.16
872.48 -59.95
872.64 -59.99
872.8 -59.87
872.96 -59.86
873.12 -60.09
873.28 -60.01
873.44 -59.76
873.6 -59.83
873.76 -59.62
873.92 -59.82
874.08 -60.06
874.24 -59.96
874.4 -60.01
874.56 -59.8
874.72 -59.76
874.88 -59.84
875.04 -59.86
875.2 -59.74
875.36 -60.07
875.52 -59.94
875.68 -59.78
875.84 -59.69
876.0 -59.55
876.16 -59.83
876.32 -59.85
876.48 -60.04
876.64 -59.75
876.8 -59.48
876.96 -59.63
877.12 -59.85
877.28 -59.51
877.44 -59.91
877.6 -59.76
877.76 -59.5
877.92 -59.58
878.08 -59.5
878.24 -59.93
878.4 -59.62
878.56 -59.64
878.72 -59.96
878.88 -59.48
879.04 -59.52
879.2 -59.79
879.36 -59.68
879.52 -59.66
879.68 -59.72
879.84 -59.57
880.0 -59.52
880.16 -59.83
880.32 -59.76
880.48 -59.9
880.64 -59.74
880.8 -59.79
880.96 -59.69
881.12 -59.4
881.28 -59.95
881.44 -59.93
881.6 -59.94
881.76 -59.8
881.92 -59.66
882.08 -59.75
882.24 -59.64
882.4 -59.75
882.56 -59.7
882.72 -60.02
882.88 -59.46
883.04 -59.49
883.2 -59.4
883.36 -59.54
883.52 -59.86
883.68 -59.82
883.84 -59.79
884.0 -59.64
884.16 -59.46
884.32 -59.58
884.48 -59.61
884.64 -59.98
884.8 -59.6
884.96 -59.59
885.12 -59.45
885.28 -59.58
885.44 -59.56
885.6 -59.72
885.76 -59.63
885.92 -59.88
886.08 -59.36
886.24 -59.68
886.4 -59.56
886.56 -59.79
886.72 -59.85
886.88 -59.8
887.04 -59.62
887.2 -59.48
887.36 -59.59
887.52 -59.71
887.68 -59.86
887.84 -59.8
888.0 -59.77
888.16 -59.62
888.32 -59.71
888.48 -59.43
888.64 -59.73
888.8 -59.9
888.96 -59.75
889.12 -59.7
889.28 -59.7
889.44 -59.83
889.6 -59.41
889.76 -59.53
889.92 -59.75
890.08 -59.51
890.24 -59.51
890.4 -59.46
890.56 -59.46
890.72 -59.58
890.88 -59.65
891.04 -59.54
891.2 -59.33
891.36 -59.24
891.52 -59.33
891.68 -59.65
891.84 -59.79
892.0 -59.52
892.16 -59.72
892.32 -59.59
892.48 -59.31
892.64 -59.47
892.8 -59.42
892.96 -59.49
893.12 -59.59
893.28 -59.56
893.44 -59.44
893.6 -59.45
893.76 -59.83
893.92 -59.4
894.08 -59.5
894.24 -59.42
894.4 -59.41
894.56 -59.38
894.72 -59.35
894.88 -59.39
895.04 -59.8
895.2 -59.51
895.36 -59.31
895.52 -59.46
895.68 -59.1
895.84 -59.55
896.0 -59.52
896.16 -59.68
896.32 -59.54
896.48 -59.49
896.64 -59.61
896.8 -59.32
896.96 -59.47
897.12 -59.35
897.28 -59.62
897.44 -59.79
897.6 -59.58
897.76 -59.62
897.92 -59.54
898.08 -59.33
898.24 -59.41
898.4 -59.44
898.56 -59.56
898.72 -59.46
898.88 -59.47
899.04 -59.88
899.2 -59.76
899.36 -59.57
899.52 -59.63
899.68 -59.62
899.84 -59.39
900.0 -59.69
