740.0 -62.11
740.16 -62.04
740.32 -62.23
740.48 -62.06
740.64 -62.71
740.8 -61.94
740.96 -61.64
741.12 -61.51
741.28 -61.96
741.44 -61.78
741.6 -62.27
741.76 -61.88
741.92 -62.09
742.08 -61.78
742.24 -62.09
742.4 -61.95
742.56 -61.78
742.72 -62.15
742.88 -61.82
743.04 -61.95
743.2 -61.85
743.36 -61.72
743.52 -62.17
743.68 -61.89
743.84 -62.05
744.0 -61.88
744.16 -61.6
744.32 -62.07
744.48 -62.05
744.64 -61.81
744.8 -61.83
744.96 -61.9
745.12 -62.25
745.28 -62.11
745.44 -62.04
745.6 -61.85
745.76 -62.03
745.92 -61.68
746.08 -61.82
746.24 -61.92
746.4 -61.41
746.56 -61.64
746.72 -62.18
746.88 -61.96
747.04 -61.63
747.2 -62.03
747.36 -61.52
747.52 -61.86
747.68 -62.21
747.84 -62.01
748.0 -61.95
748.16 -61.99
748.32 -61.92
748.48 -61.57
748.64 -62.17
748.8 -61.94
748.96 -61.84
749.12 -61.92
749.28 -61.8
749.44 -61.56
749.6 -62.14
749.76 -61.47
749.92 -61.94
750.08 -62.21
750.24 -61.61
750.4 -61.93
750.56 -61.38
750.72 -61.72
750.88 -62.24
751.04 -61.83
751.2 -62.37
751.36 -61.92
751.52 -61.81
751.68 -61.55
751.84 -61.94
752.0 -62.06
752.16 -62.07
752.32 -61.47
752.48 -61.66
752.64 -61.77
752.8 -61.82
752.96 -61.95
753.12 -62.17
753.28 -61.99
753.44 -61.67
753.6 -61.67
753.76 -61.55
753.92 -61.75
754.08 -61.5
754.24 -62.22
754.4 -61.83
754.56 -61.84
754.72 -61.55
754.88 -61.54
755.04 -62.09
755.2 -62.09
755.36 -61.72
755.52 -61.92
755.68 -61.68
755.84 -61.65
756.0 -61.57
756.16 -61.91
756.32 -61.76
756.48 -61.75
756.64 -61.6
756.8 -61.6
756.96 -61.22
757.12 -61.8
757.28 -61.85
757.44 -62.11
757.6 -61.86
757.76 -62.05
757.92 -61.89
758.08 -61.57
758.24 -61.68
758.4 -61.82
758.56 -61.45
758.72 -62.13
758.88 -61.39
759.04 -61.49
759.2 -61.67
759.36 -62.0
759.52 -61.33
759.68 -61.51
759.84 -61.52
760.0 -61.38
760.16 -62.05
760.32 -62.08
760.48 -61.66
760.64 -61.62
760.8 -61.68
760.96 -62.19
761.12 -61.7
761.28 -61.93
761.44 -61.89
761.6 -61.28
761.76 -62.13
761.92 -61.33
762.08 -61.6
762.24 -61.49
762.4 -62.18
762.56 -61.6
762.72 -61.36
762.88 -61.52
763.04 -61.66
763.2 -61.37
763.36 -61.61
763.52 -61.59
763.68 -61.64
763.84 -61.96
764.0 -61.52
764.16 -61.8
764.32 -61.8
764.48 -61.62
764.64 -61.55
764.8 -61.71
764.96 -61.66
765.12 -61.51
765.28 -61.53
765.44 -61.97
765.6 -61.5
765.76 -61.27
765.92 -61.37
766.08 -60.93
766.24 -61.52
766.4 -61.38
766.56 -61.67
766.72 -61.49
766.88 -61.48
767.04 -61.64
767.2 -61.33
767.36 -61.31
767.52 -61.6
767.68 -61.28
767.84 -61.62
768.0 -61.54
768.16 -61.61
768.32 -61.56
768.48 -61.17
768.64 -61.32
768.8 -61.51
768.96 -61.49
769.12 -61.35
769.28 -61.55
769.44 -61.6
769.6 -61.53
769.76 -61.4
769.92 -61.3
770.08 -61.74
770.24 -61.18
770.4 -61.24
770.56 -61.45
770.72 -61.5
770.88 -61.33
771.04 -61.63
771.2 -61.4
771.36 -61.76
771.52 -61.32
771.68 -61.32
771.84 -61.24
772.0 -61.35
772.16 -61.49
772.32 -61.41
772.48 -61.35
772.64 -61.33
772.8 -61.28
772.96 -61.58
773.12 -61.12
773.28 -61.18
773.44 -61.41
773.6 -61.39
773.76 -61.75
773.92 -61.57
774.08 -61.57
774.24 -61.66
774.4 -61.57
774.56 -61.08
774.72 -61.78
774.88 -61.22
775.04 -61.21
775.2 -60.96
775.36 -60.92
775.52 -61.28
775.68 -61.34
775.84 -61.7
776.0 -61.33
776.16 -61.64
776.32 -61.29
776.48 -61.77
776.64 -60.97
776.8 -61.53
776.96 -61.1
777.12 -61.56
777.28 -61.47
777.44 -61.77
777.6 -61.13
777.76 -61.18
777.92 -61.4
778.08 -61.41
778.24 -61.45
778.4 -61.04
778.56 -61.28
778.72 -61.5
778.88 -61.23
779.04 -61.36
779.2 -61.19
779.36 -61.4
779.52 -61.12
779.68 -61.25
779.84 -61.24
780.0 -61.47
780.16 -61.37
780.32 -61.27
780.48 -61.27
780.64 -61.31
780.8 -61.35
780.96 -61.04
781.12 -61.37
781.28 -61.06
781.44 -61.12
781.6 -61.54
781.76 -61.24
781.92 -61.03
782.08 -61.36
782.24 -61.54
782.4 -61.21
782.56 -60.86
782.72 -61.13
782.88 -61.4
783.04 -61.25
783.2 -61.08
783.36 -61.41
783.52 -62.08
783.68 -61.31
783.84 -61.34
784.0 -60.76
784.16 -61.23
784.32 -61.73
784.48 -61.22
784.64 -61.2
784.8 -61.28
784.96 -61.37
785.12 -60.97
785.28 -61.38
785.44 -61.1
785.6 -61.11
785.76 -61.56
785.92 -61.32
786.08 -60.97
786.24 -61.07
786.4 -61.24
786.56 -61.55
786.72 -61.31
786.88 -61.35
787.04 -61.19
787.2 -61.14
787.36 -61.24
787.52 -61.44
787.68 -60.99
787.84 -61.36
788.0 -61.64
788.16 -61.27
788.32 -61.51
788.48 -61.06
788.64 -61.38
788.8 -61.05
788.96 -61.36
789.12 -61.35
789.28 -61.39
789.44 -61.43
789.6 -61.39
789.76 -61.63
789.92 -61.09
790.08 -61.25
790.24 -61.31
790.4 -61.11
790.56 -61.17
790.72 -61.43
790.88 -61.3
791.04 -61.0
791.2 -60.9
791.36 -61.59
791.52 -61.25
791.68 -61.22
791.84 -61.13
792.0 -60.97
792.16 -61.29
792.32 -61.22
792.48 -61.54
792.64 -61.06
792.8 -61.19
792.96 -61.15
793.12 -61.37
793.28 -61.32
793.44 -61.29
793.6 -61.57
793.76 -60.85
793.92 -61.36
794.08 -61.62
794.24 -61.47
794.4 -61.14
794.56 -61.24
794.72 -61.09
794.88 -61.43
795.04 -61.26
795.2 -61.46
795.36 -61.05
795.52 -61.38
795.68 -61.21
795.84 -60.79
796.0 -61.05
796.16 -61.19
796.32 -61.71
796.48 -61.17
796.64 -60.85
796.8 -61.17
796.96 -61.4
797.12 -61.22
797.28 -61.48
797.44 -61.03
797.6 -61.25
797.76 -60.87
797.92 -61.5
798.08 -60.88
798.24 -61.52
798.4 -61.07
798.56 -61.76
798.72 -60.86
798.88 -60.79
799.04 -61.05
799.2 -61.39
799.36 -61.28
799.52 -61.12
799.68 -61.37
799.84 -61.23
800.0 -61.42
800.16 -61.1
800.32 -60.78
800.48 -61.28
800.64 -61.39
800.8 -61.24
800.96 -60.97
801.12 -60.8
801.28 -61.42
801.44 -60.94
801.6 -61.17
801.76 -60.88
801.92 -61.31
802.08 -61.28
802.24 -61.07
802.4 -61.1
802.56 -61.21
802.72 -61.21
802.88 -60.82
803.04 -61.33
803.2 -61.11
803.36 -60.75
803.52 -60.97
803.68 -60.87
803.84 -60.76
804.0 -60.98
804.16 -61.05
804.32 -61.08
804.48 -60.9
804.64 -60.94
804.8 -61.08
804.96 -60.99
805.12 -61.38
805.28 -60.68
805.44 -60.77
805.6 -60.7
805.76 -60.46
805.92 -60.62
806.08 -60.32
806.24 -60.06
806.4 -59.63
806.56 -58.69
806.72 -57.64
806.88 -56.51
807.04 -55.7
807.2 -54.4
807.36 -52.75
807.52 -51.68
807.68 -50.76
807.84 -50.17
808.0 -49.93
808.16 -50.11
808.32 -50.43
808.48 -50.94
808.64 -51.05
808.8 -51.18
808.96 -51.93
809.12 -53.37
809.28 -56.16
809.44 -59.11
809.6 -59.9
809.76 -60.07
809.92 -60.65
810.08 -60.96
810.24 -60.85
810.4 -61.01
810.56 -60.63
810.72 -61.22
810.88 -61.05
811.04 -61.24
811.2 -60.93
811.36 -60.84
811.52 -61.44
811.68 -61.05
811.84 -60.84
812.0 -61.0
812.16 -61.25
812.32 -61.42
812.48 -61.22
812.64 -61.24
812.8 -60.86
812.96 -61.02
813.12 -61.04
813.28 -61.19
813.44 -60.97
813.6 -61.12
813.76 -61.53
813.92 -61.18
814.08 -61.15
814.24 -60.88
814.4 -60.76
814.56 -61.22
814.72 -61.21
814.88 -60.96
815.04 -61.06
815.2 -61.35
815.36 -60.97
815.52 -60.93
815.68 -60.93
815.84 -61.22
816.0 -61.05
816.16 -61.08
816.32 -60.69
816.48 -60.83
816.64 -60.91
816.8 -61.29
816.96 -61.31
817.12 -61.13
817.28 -60.86
817.44 -61.24
817.6 -61.62
817.76 -61.19
817.92 -61.28
818.08 -60.74
818.24 -61.4
818.4 -61.37
818.56 -60.94
818.72 -60.94
818.88 -61.1
819.04 -61.33
819.2 -61.21
819.36 -61.21
819.52 -60.76
819.68 -61.19
819.84 -60.75
820.0 -60.79
820.16 -60.67
820.32 -61.11
820.48 -61.14
820.64 -61.24
820.8 -61.07
820.96 -60.78
821.12 -61.23
821.28 -61.2
821.44 -61.11
821.6 -60.94
821.76 -60.86
821.92 -61.37
822.08 -60.92
822.24 -61.26
822.4 -61.09
822.56 -60.72
822.72 -60.81
822.88 -61.18
823.04 -60.91
823.2 -61.02
823.36 -61.23
823.52 -61.18
823.68 -61.02
823.84 -60.98
824.0 -61.39
824.16 -61.09
824.32 -61.13
824.48 -61.04
824.64 -61.49
824.8 -61.55
824.96 -60.82
825.12 -60.97
825.28 -60.88
825.44 -60.89
825.6 -60.78
825.76 -61.03
825.92 -61.08
826.08 -61.21
826.24 -60.81
826.4 -61.12
826.56 -61.4
826.72 -61.0
826.88 -60.95
827.04 -61.06
827.2 -61.08
827.36 -60.84
827.52 -60.88
827.68 -60.73
827.84 -60.86
828.0 -61.05
828.16 -60.97
828.32 -60.88
828.48 -60.92
828.64 -60.84
828.8 -61.24
828.96 -61.0
829.12 -60.72
829.28 -60.76
829.44 -60.93
829.6 -60.86
829.76 -60.76
829.92 -60.68
830.08 -60.92
830.24 -60.53
830.4 -60.86
830.56 -60.72
830.72 -60.6
830.88 -60.73
831.04 -61.22
831.2 -60.79
831.36 -60.97
831.52 -60.76
831.68 -60.63
831.84 -61.06
832.0 -60.71
832.16 -60.77
832.32 -60.83
832.48 -60.93
832.64 -60.88
832.8 -61.15
832.96 -61.0
833.12 -61.14
833.28 -60.75
833.44 -60.72
833.6 -60.96
833.76 -60.38
833.92 -60.58
834.08 -60.72
834.24 -60.77
834.4 -60.66
834.56 -60.42
834.72 -60.38
834.88 -60.84
835.04 -60.86
835.2 -60.61
835.36 -60.36
835.52 -60.37
835.68 -60.73
835.84 -60.76
836.0 -60.54
836.16 -60.25
836.32 -60.65
836.48 -60.71
836.64 -60.82
836.8 -60.56
836.96 -60.58
837.12 -60.52
837.28 -60.68
837.44 -60.81
837.6 -60.73
837.76 -60.49
837.92 -60.95
838.08 -61.04
838.24 -60.4
838.4 -60.56
838.56 -60.66
838.72 -60.69
838.88 -61.06
839.04 -60.7
839.2 -60.65
839.36 -60.72
839.52 -60.92
839.68 -61.0
839.84 -60.73
840.0 -60.76
840.16 -60.57
840.32 -60.77
840.48 -60.76
840.64 -60.65
840.8 -60.65
840.96 -60.44
841.12 -60.79
841.28 -60.79
841.44 -60.67
841.6 -60.41
841.76 -60.76
841.92 -60.93
842.08 -60.45
842.24 -60.69
842.4 -60.68
842.56 -60.82
842.72 -60.92
842.88 -60.75
843.04 -60.49
843.2 -60.87
843.36 -60.64
843.52 -60.58
843.68 -60.87
843.84 -60.77
844.0 -60.51
844.16 -60.98
844.32 -60.63
844.48 -60.58
844.64 -60.74
844.8 -60.56
844.96 -60.8
845.12 -60.77
845.28 -60.61
845.44 -60.62
845.6 -60.72
845.76 -60.66
845.92 -60.51
846.08 -60.66
846.24 -60.62
846.4 -60.51
846.56 -60.85
846.72 -60.59
846.88 -60.69
847.04 -60.52
847.2 -60.65
847.36 -60.9
847.52 -60.56
847.68 -60.6
847.84 -60.6
848.0 -60.6
848.16 -60.81
848.32 -60.82
848.48 -60.72
848.64 -60.77
848.8 -60.6
848.96 -60.79
849.12 -60.41
849.28 -60.37
849.44 -60.38
849.6 -60.53
849.76 -60.32
849.92 -60.49
850.08 -60.39
850.24 -60.62
850.4 -60.61
850.56 -60.74
850.72 -60.59
850.88 -60.62
851.04 -60.56
851.2 -60.63
851.36 -60.78
851.52 -60.78
851.68 -60.43
851.84 -60.6
852.0 -60.84
852.16 -60.7
852.32 -60.43
852.48 -60.51
852.64 -60.53
852.8 -60.81
852.96 -60.59
853.12 -60.47
853.28 -60.37
853.44 -60.69
853.6 -60.52
853.76 -60.46
853.92 -60.23
854.08 -60.5
854.24 -60.47
854.4 -60.87
854.56 -60.62
854.72 -60.48
854.88 -60.46
855.04 -60.73
855.2 -60.53
855.36 -60.57
855.52 -60.18
855.68 -60.56
855.84 -60.55
856.0 -60.55
856.16 -60.4
856.32 -60.17
856.48 -60.34
856.64 -60.72
856.8 -60.48
856.96 -60.66
857.12 -60.39
857.28 -60.64
857.44 -60.62
857.6 -60.78
857.76 -60.38
857.92 -60.52
858.08 -60.31
858.24 -60.58
858.4 -60.48
858.56 -60.39
858.72 -60.47
858.88 -60.39
859.04 -61.01
859.2 -60.38
859.36 -60.43
859.52 -60.33
859.68 -60.68
859.84 -60.57
860.0 -60.68
860.16 -60.33
860.32 -60.3
860.48 -60.15
860.64 -60.38
860.8 -60.51
860.96 -60.35
861.12 -60.53
861.28 -60.4
861.44 -60.6
861.6 -60.3
861.76 -60.43
861.92 -60.69
862.08 -60.54
862.24 -60.46
862.4 -60.72
862.56 -60.66
862.72 -60.07
862.88 -60.32
863.04 -60.18
863.2 -60.6
863.36 -60.43
863.52 -60.48
863.68 -60.32
863.84 -60.32
864.0 -60.48
864.16 -60.51
864.32 -60.37
864.48 -60.32
864.64 -60.39
864.8 -60.9
864.96 -60.66
865.12 -60.54
865.28 -60.24
865.44 -60.37
865.6 -60.34
865.76 -60.46
865.92 -60.41
866.08 -60.24
866.24 -60.59
866.4 -60.65
866.56 -60.35
866.72 -60.61
866.88 -60.16
867.04 -60.54
867.2 -60.33
867.36 -60.26
867.52 -60.45
867.68 -60.21
867.84 -60.39
868.0 -60.25
868.16 -60.38
868.32 -60.51
868.48 -60.17
868.64 -60.71
868.8 -60.32
868.96 -60.23
869.12 -60.34
869.28 -60.35
869.44 -60.62
869.6 -60.42
869.76 -60.43
869.92 -60.29
870.08 -60.45
870.24 -60.26
870.4 -60.72
870.56 -60.31
870.72 -60.3
870.88 -60.46
871.04 -60.29
871.2 -60.25
871.36 -60.26
871.52 -60.21
871.68 -60.17
871.84 -60.33
872.0 -60.5
872.16 -60.38
872.32 -60.38
872.48 -60.35
872.64 -60.4
872.8 -60.52
872.96 -60.12
873.12 -60.1
873.28 -60.27
873.44 -60.3
873.6 -60.31
873.76 -60.47
873.92 -60.36
874.08 -60.54
874.24 -60.15
874.4 -60.29
874.56 -60.19
874.72 -60.1
874.88 -60.06
875.04 -60.15
875.2 -60.36
875.36 -60.33
875.52 -60.13
875.68 -60.34
875.84 -60.47
876.0 -60.21
876.16 -60.46
876.32 -60.24
876.48 -60.31
876.64 -60.25
876.8 -60.09
876.96 -60.2
877.12 -60.27
877.28 -60.21
877.44 -60.28
877.6 -60.15
877.76 -60.27
877.92 -60.27
878.08 -60.04
878.24 -60.34
878.4 -60.2
878.56 -60.48
878.72 -60.17
878.88 -60.08
879.04 -60.21
879.2 -60.32
879.36 -60.35
879.52 -60.01
879.68 -60.34
879.84 -60.17
880.0 -60.07
880.16 -59.89
880.32 -60.06
880.48 -60.18
880.64 -60.03
880.8 -60.23
880.96 -60.21
881.12 -60.21
881.28 -60.16
881.44 -60.45
881.6 -60.22
881.76 -60.1
881.92 -60.3
882.08 -60.05
882.24 -59.97
882.4 -60.16
882.56 -60.33
882.72 -60.18
882.88 -60.26
883.04 -60.33
883.2 -60.29
883.36 -60.21
883.52 -60.05
883.68 -60.15
883.84 -60.33
884.0 -60.14
884.16 -60.25
884.32 -60.44
884.48 -60.14
884.64 -60.11
884.8 -60.32
884.96 -60.42
885.12 -60.16
885.28 -60.08
885.44 -60.1
885.6 -60.08
885.76 -60.05
885.92 -60.17
886.08 -60.15
886.24 -60.01
886.4 -60.11
886.56 -60.21
886.72 -60.39
886.88 -60.12
887.04 -60.39
887.2 -60.07
887.36 -60.12
887.52 -60.4
887.68 -60.05
887.84 -60.35
888.0 -59.97
888.16 -60.36
888.32 -60.03
888.48 -60.02
888.64 -59.8
888.8 -59.8
888.96 -59.71
889.12 -59.97
889.28 -59.91
889.44 -60.07
889.6 -59.74
889.76 -60.08
889.92 -60.08
890.08 -60.03
890.24 -59.72
890.4 -59.95
890.56 -60.06
890.72 -60.15
890.88 -59.87
891.04 -59.79
891.2 -59.7
891.36 -59.84
891.52 -59.84
891.68 -60.12
891.84 -60.02
892.0 -59.69
892.16 -59.93
892.32 -60.09
892.48 -60.21
892.64 -59.96
892.8 -60.03
892.96 -59.97
893.12 -60.02
893.28 -60.06
893.44 -60.37
893.6 -59.96
893.76 -59.94
893.92 -60.06
894.08 -60.1
894.24 -60.04
894.4 -59.87
894.56 -59.87
894.72 -60.09
894.88 -60.07
895.04 -59.78
895.2 -60.0
895.36 -60.08
895.52 -60.1
895.68 -60.02
895.84 -59.95
896.0 -60.16
896.16 -59.84
896.32 -59.94
896.48 -60.22
896.64 -60.07
896.8 -60.06
896.96 -60.04
897.12 -59.76
897.28 -60.21
897.44 -59.91
897.6 -60.16
897.76 -60.07
897.92 -60.01
898.08 -60.06
898.24 -59.92
898.4 -60.02
898.56 -59.87
898.72 -59.84
898.88 -59.93
899.04 -59.91
899.2 -59.85
899.36 -59.89
899.52 -59.96
899.68 -60.01
899.84 -59.75
900.0 -59.85
