740.0 -61.08
740.16 -61.26
740.32 -61.24
740.48 -61.16
740.64 -61.4
740.8 -61.23
740.96 -61.23
741.12 -61.07
741.28 -61.11
741.44 -61.07
741.6 -61.28
741.76 -61.04
741.92 -60.95
742.08 -61.2
742.24 -61.26
742.4 -61.11
742.56 -61.03
742.72 -60.97
742.88 -60.99
743.04 -61.04
743.2 -61.19
743.36 -61.18
743.52 -61.0
743.68 -61.04
743.84 -61.43
744.0 -61.05
744.16 -61.09
744.32 -61.09
744.48 -61.0
744.64 -61.18
744.8 -61.37
744.96 -61.24
745.12 -61.49
745.28 -61.04
745.44 -60.92
745.6 -61.17
745.76 -61.12
745.92 -61.16
746.08 -61.06
746.24 -61.13
746.4 -61.08
746.56 -61.17
746.72 -61.12
746.88 -61.03
747.04 -61.14
747.2 -60.88
747.36 -61.14
747.52 -60.67
747.68 -60.69
747.84 -61.07
748.0 -61.07
748.16 -60.75
748.32 -61.0
748.48 -60.91
748.64 -61.09
748.8 -60.86
748.96 -61.03
749.12 -60.88
749.28 -60.48
749.44 -61.24
749.6 -60.87
749.76 -61.06
749.92 -61.19
750.08 -60.78
750.24 -60.81
750.4 -61.05
750.56 -61.19
750.72 -60.71
750.88 -61.19
751.04 -60.68
751.2 -61.37
751.36 -60.87
751.52 -60.7
751.68 -60.96
751.84 -60.97
752.0 -60.69
752.16 -60.87
752.32 -60.82
752.48 -60.86
752.64 -60.82
752.8 -60.74
752.96 -60.52
753.12 -60.96
753.28 -61.11
753.44 -61.15
753.6 -60.7
753.76 -60.97
753.92 -60.87
754.08 -60.87
754.24 -60.93
754.4 -61.03
754.56 -60.83
754.72 -60.93
754.88 -61.1
755.04 -60.97
755.2 -61.21
755.36 -61.01
755.52 -61.06
755.68 -60.65
755.84 -60.75
756.0 -61.02
756.16 -60.97
756.32 -60.82
756.48 -61.08
756.64 -60.71
756.8 -60.65
756.96 -60.81
757.12 -60.98
757.28 -60.66
757.44 -61.23
757.6 -60.93
757.76 -61.4
757.92 -61.31
758.08 -60.99
758.24 -60.91
758.4 -60.9
758.56 -61.21
758.72 -60.7
758.88 -61.16
759.04 -61.08
759.2 -61.16
759.36 -61.08
759.52 -61.03
759.68 -61.25
759.84 -61.01
760.0 -60.82
760.16 -61.51
760.32 -60.88
760.48 -60.95
760.64 -60.93
760.8 -61.22
760.96 -61.12
761.12 -61.11
761.28 -60.92
761.44 -61.27
761.6 -60.89
761.76 -61.04
761.92 -60.77
762.08 -61.4
762.24 -61.26
762.4 -61.13
762.56 -61.37
762.72 -61.32
762.88 -61.75
763.04 -61.35
763.2 -61.15
763.36 -61.4
763.52 -61.31
763.68 -61.52
763.84 -61.24
764.0 -61.38
764.16 -61.17
764.32 -61.77
764.48 -61.34
764.64 -61.39
764.8 -61.21
764.96 -61.03
765.12 -61.37
765.28 -61.45
765.44 -61.46
765.6 -61.76
765.76 -61.22
765.92 -61.19
766.08 -61.14
766.24 -61.18
766.4 -61.58
766.56 -61.15
766.72 -61.02
766.88 -61.36
767.04 -61.1
767.2 -60.96
767.36 -61.6
767.52 -61.03
767.68 -61.25
767.84 -61.36
768.0 -61.09
768.16 -61.27
768.32 -61.26
768.48 -61.16
768.64 -61.26
768.8 -60.97
768.96 -61.26
769.12 -61.33
769.28 -60.93
769.44 -60.92
769.6 -61.09
769.76 -61.4
769.92 -60.83
770.08 -61.42
770.24 -61.2
770.4 -61.28
770.56 -61.29
770.72 -61.23
770.88 -61.29
771.04 -61.33
771.2 -61.08
771.36 -61.0
771.52 -61.5
771.68 -61.05
771.84 -61.37
772.0 -61.47
772.16 -60.91
772.32 -60.97
772.48 -61.29
772.64 -61.08
772.8 -60.81
772.96 -61.09
773.12 -60.77
773.28 -60.78
773.44 -61.41
773.6 -60.84
773.76 -60.78
773.92 -61.18
774.08 -61.13
774.24 -60.85
774.4 -60.6
774.56 -60.59
774.72 -60.88
774.88 -60.8
775.04 -60.62
775.2 -60.64
775.36 -60.81
775.52 -60.9
775.68 -61.01
775.84 -60.9
776.0 -60.61
776.16 -61.3
776.32 -60.86
776.48 -60.72
776.64 -60.94
776.8 -61.29
776.96 -60.87
777.12 -60.94
777.28 -60.72
777.44 -60.84
777.6 -60.5
777.76 -60.72
777.92 -60.35
778.08 -60.57
778.24 -60.39
778.4 -60.64
778.56 -60.8
778.72 -60.63
778.88 -60.67
779.04 -60.55
779.2 -60.49
779.36 -60.55
779.52 -60.57
779.68 -60.65
779.84 -60.75
780.0 -60.86
780.16 -60.54
780.32 -60.54
780.48 -60.42
780.64 -60.67
780.8 -60.58
780.96 -60.73
781.12 -60.35
781.28 -60.51
781.44 -60.52
781.6 -60.58
781.76 -60.76
781.92 -60.61
782.08 -60.45
782.24 -60.66
782.4 -60.4
782.56 -60.33
782.72 -60.57
782.88 -60.7
783.04 -60.26
783.2 -60.26
783.36 -60.24
783.52 -60.13
783.68 -60.54
783.84 -60.43
784.0 -60.4
784.16 -60.11
784.32 -60.44
784.48 -60.29
784.64 -60.2
784.8 -60.25
784.96 -60.31
785.12 -60.31
785.28 -60.68
785.44 -60.14
785.6 -60.35
785.76 -60.2
785.92 -60.14
786.08 -60.25
786.24 -60.43
786.4 -60.12
786.56 -60.44
786.72 -60.06
786.88 -60.39
787.04 -60.24
787.2 -60.47
787.36 -60.11
787.52 -60.37
787.68 -60.28
787.84 -60.67
788.0 -60.48
788.16 -60.38
788.32 -60.75
788.48 -60.61
788.64 -60.48
788.8 -60.35
788.96 -60.57
789.12 -60.87
789.28 -60.79
789.44 -61.0
789.6 -60.83
789.76 -60.82
789.92 -60.59
790.08 -60.35
790.24 -60.72
790.4 -60.57
790.56 -60.68
790.72 -60.74
790.88 -60.71
791.04 -60.98
791.2 -60.78
791.36 -60.78
791.52 -61.07
791.68 -61.02
791.84 -61.03
792.0 -60.81
792.16 -61.04
792.32 -61.68
792.48 -61.16
792.64 -61.05
792.8 -61.07
792.96 -61.1
793.12 -61.11
793.28 -61.19
793.44 -61.27
793.6 -61.4
793.76 -61.6
793.92 -61.35
794.08 -61.31
794.24 -61.52
794.4 -61.5
794.56 -61.27
794.72 -61.31
794.88 -61.38
795.04 -61.4
795.2 -61.64
795.36 -61.62
795.52 -61.3
795.68 -61.74
795.84 -61.89
796.0 -61.48
796.16 -61.21
796.32 -61.75
796.48 -61.68
796.64 -62.03
796.8 -61.42
796.96 -61.79
797.12 -62.67
797.28 -62.08
797.44 -61.85
797.6 -61.89
797.76 -61.86
797.92 -62.15
798.08 -61.99
798.24 -62.08
798.4 -61.81
798.56 -62.12
798.72 -61.5
798.88 -62.09
799.04 -62.25
799.2 -61.56
799.36 -61.6
799.52 -62.27
799.68 -61.53
799.84 -61.87
800.0 -62.33
800.16 -61.84
800.32 -62.93
800.48 -61.68
800.64 -62.29
800.8 -61.72
800.96 -62.48
801.12 -62.07
801.28 -61.78
801.44 -61.72
801.6 -61.85
801.76 -62.1
801.92 -62.19
802.08 -62.25
802.24 -62.22
802.4 -62.22
802.56 -62.97
802.72 -62.0
802.88 -62.2
803.04 -62.0
803.2 -62.21
803.36 -61.47
803.52 -61.88
803.68 -61.86
803.84 -62.3
804.0 -61.55
804.16 -61.68
804.32 -61.26
804.48 -61.72
804.64 -61.62
804.8 -61.68
804.96 -61.52
805.12 -61.22
805.28 -61.55
805.44 -61.28
805.6 -61.47
805.76 -61.31
805.92 -61.0
806.08 -60.7
806.24 -60.3
806.4 -59.64
806.56 -58.93
806.72 -57.84
806.88 -56.57
807.04 -55.55
807.2 -54.41
807.36 -52.97
807.52 -51.83
807.68 -50.86
807.84 -50.12
808.0 -49.97
808.16 -50.34
808.32 -50.62
808.48 -51.05
808.64 -50.96
808.8 -51.14
808.96 -52.11
809.12 -53.56
809.28 -56.55
809.44 -58.98
809.6 -59.86
809.76 -60.52
809.92 -60.57
810.08 -60.6
810.24 -60.87
810.4 -60.69
810.56 -61.3
810.72 -61.22
810.88 -61.1
811.04 -61.37
811.2 -61.14
811.36 -61.05
811.52 -61.33
811.68 -60.92
811.84 -62.39
812.0 -61.27
812.16 -60.96
812.32 -61.25
812.48 -61.34
812.64 -61.5
812.8 -61.38
812.96 -61.14
813.12 -61.14
813.28 -61.11
813.44 -60.77
813.6 -60.83
813.76 -60.69
813.92 -60.68
814.08 -60.82
814.24 -60.88
814.4 -60.68
814.56 -60.47
814.72 -60.43
814.88 -60.55
815.04 -60.97
815.2 -60.48
815.36 -60.34
815.52 -60.42
815.68 -60.46
815.84 -60.69
816.0 -60.13
816.16 -60.63
816.32 -60.59
816.48 -60.43
816.64 -60.79
816.8 -60.32
816.96 -60.37
817.12 -60.31
817.28 -60.74
817.44 -60.7
817.6 -60.44
817.76 -60.53
817.92 -60.55
818.08 -60.64
818.24 -60.7
818.4 -60.66
818.56 -60.18
818.72 -60.52
818.88 -60.5
819.04 -60.89
819.2 -60.57
819.36 -60.69
819.52 -60.68
819.68 -60.9
819.84 -60.42
820.0 -60.77
820.16 -60.39
820.32 -60.66
820.48 -60.54
820.64 -60.83
820.8 -60.62
820.96 -60.54
821.12 -60.4
821.28 -60.9
821.44 -60.8
821.6 -60.81
821.76 -61.03
821.92 -60.61
822.08 -60.79
822.24 -60.93
822.4 -60.66
822.56 -60.7
822.72 -60.5
822.88 -60.87
823.04 -60.87
823.2 -60.63
823.36 -60.48
823.52 -60.56
823.68 -60.54
823.84 -60.86
824.0 -60.94
824.16 -60.61
824.32 -60.99
824.48 -60.69
824.64 -60.88
824.8 -60.65
824.96 -60.97
825.12 -60.85
825.28 -60.65
825.44 -60.71
825.6 -60.88
825.76 -60.87
825.92 -60.92
826.08 -61.23
826.24 -61.21
826.4 -60.99
826.56 -60.82
826.72 -60.83
826.88 -60.87
827.04 -60.85
827.2 -60.84
827.36 -61.0
827.52 -61.08
827.68 -61.37
827.84 -60.9
828.0 -61.35
828.16 -61.66
828.32 -60.78
828.48 -61.37
828.64 -61.45
828.8 -61.37
828.96 -60.85
829.12 -60.9
829.28 -61.46
829.44 -61.53
829.6 -61.3
829.76 -61.53
829.92 -61.36
830.08 -61.39
830.24 -61.18
830.4 -61.03
830.56 -61.09
830.72 -61.38
830.88 -61.45
831.04 -61.41
831.2 -61.34
831.36 -61.75
831.52 -61.35
831.68 -61.51
831.84 -61.18
832.0 -61.13
832.16 -61.45
832.32 -61.61
832.48 -61.42
832.64 -61.71
832.8 -61.57
832.96 -61.67
833.12 -61.5
833.28 -61.55
833.44 -61.58
833.6 -61.63
833.76 -61.47
833.92 -61.52
834.08 -61.24
834.24 -61.38
834.4 -61.4
834.56 -61.41
834.72 -61.39
834.88 -61.68
835.04 -61.29
835.2 -61.52
835.36 -61.65
835.52 -61.55
835.68 -61.84
835.84 -61.76
836.0 -61.59
836.16 -61.88
836.32 -61.46
836.48 -61.39
836.64 -61.8
836.8 -62.05
836.96 -61.82
837.12 -61.52
837.28 -61.6
837.44 -61.36
837.6 -61.8
837.76 -61.62
837.92 -62.01
838.08 -61.69
838.24 -61.77
838.4 -61.52
838.56 -61.55
838.72 -62.12
838.88 -61.74
839.04 -61.63
839.2 -61.65
839.36 -61.85
839.52 -61.63
839.68 -61.33
839.84 -61.48
840.0 -61.54
840.16 -61.45
840.32 -61.71
840.48 -61.22
840.64 -61.46
840.8 -61.29
840.96 -61.32
841.12 -61.13
841.28 -61.35
841.44 -60.97
841.6 -61.06
841.76 -60.91
841.92 -61.37
842.08 -61.22
842.24 -61.11
842.4 -61.0
842.56 -60.97
842.72 -60.96
842.88 -60.97
843.04 -60.78
843.2 -60.94
843.36 -60.98
843.52 -61.07
843.68 -60.89
843.84 -60.72
844.0 -60.99
844.16 -60.68
844.32 -60.82
844.48 -60.73
844.64 -60.82
844.8 -60.71
844.96 -60.8
845.12 -60.67
845.28 -61.09
845.44 -60.67
845.6 -60.93
845.76 -60.62
845.92 -60.59
846.08 -60.56
846.24 -60.98
846.4 -60.69
846.56 -60.55
846.72 -60.91
846.88 -60.66
847.04 -60.72
847.2 -60.85
847.36 -60.52
847.52 -60.63
847.68 -60.7
847.84 -60.95
848.0 -60.72
848.16 -60.79
848.32 -60.73
848.48 -60.9
848.64 -61.05
848.8 -61.01
848.96 -60.85
849.12 -60.98
849.28 -61.42
849.44 -61.32
849.6 -61.14
849.76 -60.95
849.92 -61.35
850.08 -61.19
850.24 -61.18
850.4 -61.56
850.56 -61.24
850.72 -61.5
850.88 -61.41
851.04 -61.69
851.2 -61.64
851.36 -61.47
851.52 -61.75
851.68 -61.3
851.84 -61.39
852.0 -61.28
852.16 -61.4
852.32 -61.56
852.48 -61.36
852.64 -61.36
852.8 -61.45
852.96 -61.2
853.12 -61.28
853.28 -61.43
853.44 -61.45
853.6 -61.43
853.76 -61.25
853.92 -61.24
854.08 -61.28
854.24 -61.4
854.4 -61.2
854.56 -61.19
854.72 -61.17
854.88 -61.5
855.04 -61.18
855.2 -61.13
855.36 -61.48
855.52 -61.14
855.68 -61.13
855.84 -61.12
856.0 -60.93
856.16 -61.25
856.32 -60.63
856.48 -60.94
856.64 -61.05
856.8 -61.17
856.96 -60.66
857.12 -61.04
857.28 -60.81
857.44 -60.76
857.6 -61.09
857.76 -60.63
857.92 -60.58
858.08 -60.76
858.24 -60.8
858.4 -60.43
858.56 -60.7
858.72 -60.8
858.88 -60.65
859.04 -60.67
859.2 -60.64
859.36 -60.47
859.52 -60.76
859.68 -60.75
859.84 -60.84
860.0 -60.74
860.16 -60.68
860.32 -60.64
860.48 -60.77
860.64 -60.68
860.8 -60.38
860.96 -60.89
861.12 -60.43
861.28 -60.35
861.44 -60.94
861.6 -60.81
861.76 -61.17
861.92 -61.01
862.08 -60.85
862.24 -61.29
862.4 -61.03
862.56 -61.48
862.72 -61.14
862.88 -60.99
863.04 -61.34
863.2 -61.23
863.36 -61.5
863.52 -61.31
863.68 -61.55
863.84 -61.48
864.0 -61.23
864.16 -61.42
864.32 -61.2
864.48 -61.48
864.64 -61.43
864.8 -61.41
864.96 -61.48
865.12 -61.43
865.28 -61.49
865.44 -61.28
865.6 -61.85
865.76 -61.69
865.92 -61.97
866.08 -61.76
866.24 -61.52
866.4 -61.73
866.56 -61.87
866.72 -61.67
866.88 -61.45
867.04 -61.52
867.2 -61.43
867.36 -61.63
867.52 -61.49
867.68 -61.96
867.84 -61.45
868.0 -61.49
868.16 -61.15
868.32 -61.57
868.48 -60.85
868.64 -61.07
868.8 -61.29
868.96 -61.12
869.12 -61.36
869.28 -61.16
869.44 -61.05
869.6 -61.12
869.76 -61.0
869.92 -60.99
870.08 -61.08
870.24 -60.99
870.4 -60.91
870.56 -60.6
870.72 -60.74
870.88 -60.77
871.04 -61.1
871.2 -60.81
871.36 -60.8
871.52 -60.89
871.68 -60.86
871.84 -60.94
872.0 -60.74
872.16 -60.82
872.32 -60.92
872.48 -60.7
872.64 -60.98
872.8 -60.9
872.96 -60.77
873.12 -60.83
873.28 -60.72
873.44 -61.09
873.6 -60.9
873.76 -60.95
873.92 -60.95
874.08 -61.01
874.24 -61.14
874.4 -61.18
874.56 -61.07
874.72 -61.1
874.88 -61.22
875.04 -61.35
875.2 -61.6
875.36 -61.56
875.52 -61.44
875.68 -61.43
875.84 -61.64
876.0 -61.63
876.16 -61.33
876.32 -62.04
876.48 -61.35
876.64 -61.46
876.8 -61.45
876.96 -61.38
877.12 -61.38
877.28 -61.53
877.44 -61.5
877.6 -61.82
877.76 -61.64
877.92 -61.69
878.08 -61.28
878.24 -61.47
878.4 -61.42
878.56 -61.51
878.72 -61.49
878.88 -61.41
879.04 -61.38
879.2 -61.43
879.36 -61.08
879.52 -61.51
879.68 -61.21
879.84 -61.1
880.0 -61.36
880.16 -61.09
880.32 -61.32
880.48 -60.75
880.64 -60.93
880.8 -61.22
880.96 -61.05
881.12 -60.86
881.28 -60.94
881.44 -60.74
881.6 -60.67
881.76 -60.92
881.92 -60.63
882.08 -60.69
882.24 -60.51
882.4 -60.92
882.56 -60.8
882.72 -60.83
882.88 -60.92
883.04 -60.51
883.2 -60.5
883.36 -60.58
883.52 -60.96
883.68 -60.8
883.84 -60.51
884.0 -60.49
884.16 -60.66
884.32 -60.54
884.48 -60.63
884.64 -61.3
884.8 -60.79
884.96 -60.5
885.12 -60.99
885.28 -60.6
885.44 -60.72
885.6 -60.83
885.76 -60.78
885.92 -60.83
886.08 -60.66
886.24 -60.97
886.4 -60.84
886.56 -60.96
886.72 -60.96
886.88 -60.99
887.04 -60.92
887.2 -61.04
887.36 -60.87
887.52 -61.05
887.68 -61.08
887.84 -60.91
888.0 -60.97
888.16 -61.26
888.32 -60.87
888.48 -60.96
888.64 -60.94
888.8 -60.83
888.96 -60.67
889.12 -60.74
889.28 -61.14
889.44 -60.83
889.6 -60.91
889.76 -60.79
889.92 -60.63
890.08 -60.57
890.24 -60.74
890.4 -60.59
890.56 -60.91
890.72 -60.63
890.88 -60.7
891.04 -60.43
891.2 -60.58
891.36 -60.27
891.52 -60.35
891.68 -60.32
891.84 -60.41
892.0 -60.6
892.16 -60.71
892.32 -60.44
892.48 -60.33
892.64 -60.52
892.8 -60.31
892.96 -60.58
893.12 -60.4
893.28 -60.36
893.44 -60.39
893.6 -60.37
893.76 -60.56
893.92 -60.44
894.08 -60.92
894.24 -60.62
894.4 -60.75
894.56 -60.91
894.72 -60.65
894.88 -60.64
895.04 -60.46
895.2 -60.89
895.36 -60.64
895.52 -61.1
895.68 -60.8
895.84 -60.93
896.0 -61.07
896.16 -60.65
896.32 -60.46
896.48 -60.58
896.64 -60.85
896.8 -60.79
896.96 -60.29
897.12 -60.71
897.28 -61.0
897.44 -60.75
897.6 -60.61
897.76 -60.59
897.92 -60.8
898.08 -60.63
898.24 -60.45
898.4 -60.76
898.56 -60.81
898.72 -60.49
898.88 -60.58
899.04 -60.76
899.2 -60.2
899.36 -60.18
899.52 -60.21
899.68 -60.37
899.84 -60.27
900.0 -60.11
