740.0 -60.81
740.16 -61.4
740.32 -61.33
740.48 -61.33
740.64 -61.34
740.8 -61.07
740.96 -60.59
741.12 -61.15
741.28 -61.18
741.44 -60.99
741.6 -61.08
741.76 -60.99
741.92 -61.01
742.08 -61.08
742.24 -61.53
742.4 -61.08
742.56 -61.06
742.72 -61.04
742.88 -60.97
743.04 -61.21
743.2 -61.11
743.36 -60.97
743.52 -61.03
743.68 -61.11
743.84 -61.46
744.0 -61.06
744.16 -61.12
744.32 -61.2
744.48 -60.89
744.64 -61.26
744.8 -61.21
744.96 -60.98
745.12 -61.25
745.28 -60.75
745.44 -60.87
745.6 -61.17
745.76 -60.98
745.92 -61.31
746.08 -61.16
746.24 -61.03
746.4 -61.04
746.56 -61.18
746.72 -61.45
746.88 -60.94
747.04 -61.29
747.2 -61.3
747.36 -61.54
747.52 -61.54
747.68 -60.84
747.84 -61.03
748.0 -61.1
748.16 -60.77
748.32 -60.96
748.48 -60.94
748.64 -60.92
748.8 -61.65
748.96 -60.91
749.12 -61.13
749.28 -60.68
749.44 -61.01
749.6 -61.07
749.76 -61.2
749.92 -61.02
750.08 -60.89
750.24 -61.12
750.4 -61.12
750.56 -61.04
750.72 -60.99
750.88 -60.62
751.04 -61.41
751.2 -60.97
751.36 -60.94
751.52 -61.62
751.68 -61.17
751.84 -61.35
752.0 -61.05
752.16 -61.03
752.32 -60.97
752.48 -60.84
752.64 -61.23
752.8 -60.89
752.96 -60.99
753.12 -61.48
753.28 -61.19
753.44 -61.22
753.6 -61.14
753.76 -61.22
753.92 -61.25
754.08 -60.91
754.24 -60.89
754.4 -61.1
754.56 -61.04
754.72 -60.97
754.88 -60.79
755.04 -60.87
755.2 -61.15
755.36 -60.71
755.52 -60.72
755.68 -61.08
755.84 -61.2
756.0 -61.14
756.16 -61.35
756.32 -61.19
756.48 -61.25
756.64 -60.59
756.8 -60.91
756.96 -61.05
757.12 -60.57
757.28 -60.74
757.44 -60.72
757.6 -60.85
757.76 -60.99
757.92 -61.0
758.08 -60.9
758.24 -60.9
758.4 -60.83
758.56 -60.91
758.72 -60.37
758.88 -60.52
759.04 -60.87
759.2 -61.01
759.36 -60.8
759.52 -61.2
759.68 -61.31
759.84 -60.88
760.0 -60.67
760.16 -60.88
760.32 -61.08
760.48 -60.83
760.64 -60.88
760.8 -61.08
760.96 -61.27
761.12 -60.92
761.28 -61.12
761.44 -60.84
761.6 -60.64
761.76 -60.5
761.92 -60.53
762.08 -60.55
762.24 -61.04
762.4 -61.13
762.56 -60.92
762.72 -60.94
762.88 -60.84
763.04 -61.0
763.2 -60.93
763.36 -60.8
763.52 -60.52
763.68 -61.26
763.84 -60.79
764.0 -61.06
764.16 -61.19
764.32 -60.93
764.48 -60.56
764.64 -60.7
764.8 -60.56
764.96 -60.56
765.12 -60.6
765.28 -60.87
765.44 -60.89
765.6 -60.66
765.76 -60.71
765.92 -60.67
766.08 -60.64
766.24 -61.32
766.4 -60.75
766.56 -60.6
766.72 -60.76
766.88 -60.71
767.04 -60.65
767.2 -60.81
767.36 -60.72
767.52 -60.53
767.68 -60.72
767.84 -60.65
768.0 -60.63
768.16 -60.36
768.32 -60.75
768.48 -61.13
768.64 -60.85
768.8 -60.48
768.96 -60.58
769.12 -60.62
769.28 -60.45
769.44 -60.6
769.6 -60.83
769.76 -60.57
769.92 -60.58
770.08 -60.59
770.24 -60.91
770.4 -60.59
770.56 -60.52
770.72 -60.6
770.88 -60.68
771.04 -60.6
771.2 -60.96
771.36 -60.9
771.52 -60.87
771.68 -60.33
771.84 -60.75
772.0 -60.58
772.16 -60.48
772.32 -60.3
772.48 -60.67
772.64 -60.59
772.8 -60.72
772.96 -60.89
773.12 -60.58
773.28 -60.38
773.44 -60.21
773.6 -60.44
773.76 -60.53
773.92 -60.58
774.08 -60.44
774.24 -60.7
774.4 -60.41
774.56 -60.57
774.72 -60.39
774.88 -60.45
775.04 -60.87
775.2 -60.84
775.36 -60.73
775.52 -60.46
775.68 -60.81
775.84 -60.36
776.0 -60.6
776.16 -60.39
776.32 -60.88
776.48 -60.39
776.64 -60.47
776.8 -60.49
776.96 -60.57
777.12 -60.56
777.28 -60.64
777.44 -60.54
777.6 -60.77
777.76 -60.51
777.92 -60.66
778.08 -60.55
778.24 -60.67
778.4 -60.54
778.56 -60.63
778.72 -60.57
778.88 -60.22
779.04 -60.38
779.2 -60.31
779.36 -60.1
779.52 -60.44
779.68 -60.27
779.84 -60.75
780.0 -60.54
780.16 -60.51
780.32 -60.47
780.48 -60.67
780.64 -60.45
780.8 -60.45
780.96 -60.52
781.12 -60.39
781.28 -60.54
781.44 -60.63
781.6 -60.35
781.76 -60.43
781.92 -60.52
782.08 -60.16
782.24 -60.65
782.4 -60.38
782.56 -60.25
782.72 -60.57
782.88 -60.55
783.04 -60.37
783.2 -60.6
783.36 -60.16
783.52 -60.3
783.68 -60.64
783.84 -60.64
784.0 -60.65
784.16 -60.56
784.32 -60.26
784.48 -60.63
784.64 -60.57
784.8 -60.55
784.96 -60.6
785.12 -60.2
785.28 -60.32
785.44 -60.49
785.6 -60.52
785.76 -60.53
785.92 -60.41
786.08 -60.42
786.24 -60.52
786.4 -60.85
786.56 -60.24
786.72 -60.18
786.88 -60.31
787.04 -60.52
787.2 -60.3
787.36 -60.44
787.52 -60.42
787.68 -60.36
787.84 -60.19
788.0 -60.46
788.16 -60.15
788.32 -60.13
788.48 -60.49
788.64 -60.25
788.8 -60.65
788.96 -60.29
789.12 -60.06
789.28 -60.5
789.44 -60.26
789.6 -60.5
789.76 -60.5
789.92 -60.39
790.08 -60.21
790.24 -60.09
790.4 -60.08
790.56 -60.03
790.72 -60.46
790.88 -60.36
791.04 -60.12
791.2 -60.51
791.36 -60.24
791.52 -60.2
791.68 -60.33
791.84 -60.18
792.0 -60.32
792.16 -60.22
792.32 -60.29
792.48 -59.99
792.64 -59.97
792.8 -60.11
792.96 -59.98
793.12 -60.14
793.28 -60.13
793.44 -60.15
793.6 -60.27
793.76 -60.24
793.92 -60.04
794.08 -60.1
794.24 -60.07
794.4 -60.49
794.56 -60.18
794.72 -60.46
794.88 -59.98
795.04 -60.45
795.2 -60.03
795.36 -59.93
795.52 -60.16
795.68 -59.81
795.84 -60.41
796.0 -60.24
796.16 -60.08
796.32 -60.28
796.48 -59.82
796.64 -59.76
796.8 -60.09
796.96 -60.36
797.12 -60.09
797.28 -60.07
797.44 -60.27
797.6 -59.83
797.76 -59.98
797.92 -60.19
798.08 -59.84
798.24 -60.09
798.4 -59.97
798.56 -60.04
798.72 -59.73
798.88 -60.01
799.04 -60.06
799.2 -59.8
799.36 -59.94
799.52 -59.87
799.68 -60.0
799.84 -60.0
800.0 -59.83
800.16 -59.97
800.32 -59.75
800.48 -59.81
800.64 -59.8
800.8 -60.01
800.96 -59.93
801.12 -59.72
801.28 -59.95
801.44 -59.92
801.6 -60.14
801.76 -59.93
801.92 -59.94
802.08 -60.13
802.24 -60.29
802.4 -59.98
802.56 -60.07
802.72 -60.28
802.88 -60.07
803.04 -59.92
803.2 -59.67
803.36 -59.84
803.52 -60.28
803.68 -59.76
803.84 -59.91
804.0 -59.99
804.16 -59.81
804.32 -60.24
804.48 -59.83
804.64 -59.69
804.8 -59.83
804.96 -59.56
805.12 -59.58
805.28 -59.89
805.44 -59.85
805.6 -60.1
805.76 -59.61
805.92 -59.21
806.08 -58.88
806.24 -58.87
806.4 -58.58
806.56 -58.21
806.72 -57.22
806.88 -55.81
807.04 -54.62
807.2 -53.72
807.36 -52.44
807.52 -51.21
807.68 -50.12
807.84 -49.57
808.0 -49.4
808.16 -49.54
808.32 -49.74
808.48 -50.04
808.64 -50.32
808.8 -50.79
808.96 -51.86
809.12 -53.14
809.28 -55.38
809.44 -57.71
809.6 -58.26
809.76 -59.24
809.92 -59.87
810.08 -59.66
810.24 -59.66
810.4 -59.47
810.56 -59.53
810.72 -59.74
810.88 -59.92
811.04 -59.92
811.2 -59.99
811.36 -59.68
811.52 -59.36
811.68 -59.56
811.84 -59.64
812.0 -59.91
812.16 -60.14
812.32 -59.98
812.48 -59.88
812.64 -59.44
812.8 -59.58
812.96 -59.83
813.12 -60.15
813.28 -60.01
813.44 -60.01
813.6 -60.06
813.76 -59.78
813.92 -59.76
814.08 -60.04
814.24 -59.77
814.4 -59.79
814.56 -60.09
814.72 -59.79
814.88 -59.44
815.04 -59.6
815.2 -59.93
815.36 -59.96
815.52 -59.66
815.68 -59.67
815.84 -59.62
816.0 -59.8
816.16 -59.71
816.32 -60.15
816.48 -60.09
816.64 -59.88
816.8 -59.68
816.96 -59.82
817.12 -59.77
817.28 -60.06
817.44 -59.86
817.6 -59.88
817.76 -59.9
817.92 -60.01
818.08 -60.1
818.24 -59.73
818.4 -59.87
818.56 -59.78
818.72 -60.07
818.88 -59.93
819.04 -59.84
819.2 -60.14
819.36 -59.84
819.52 -59.8
819.68 -59.63
819.84 -59.94
820.0 -59.89
820.16 -59.47
820.32 -59.68
820.48 -60.08
820.64 -60.18
820.8 -59.72
820.96 -59.7
821.12 -60.0
821.28 -59.93
821.44 -59.96
821.6 -59.79
821.76 -59.87
821.92 -60.15
822.08 -59.87
822.24 -60.13
822.4 -59.86
822.56 -60.0
822.72 -59.84
822.88 -59.56
823.04 -59.93
823.2 -60.22
823.36 -60.04
823.52 -59.81
823.68 -59.76
823.84 -59.75
824.0 -59.99
824.16 -60.01
824.32 -60.09
824.48 -60.11
824.64 -60.01
824.8 -59.93
824.96 -59.85
825.12 -59.89
825.28 -60.29
825.44 -59.92
825.6 -59.78
825.76 -59.65
825.92 -60.02
826.08 -60.06
826.24 -59.68
826.4 -59.61
826.56 -59.77
826.72 -60.07
826.88 -60.11
827.04 -59.77
827.2 -60.24
827.36 -59.99
827.52 -59.84
827.68 -59.81
827.84 -60.09
828.0 -59.86
828.16 -59.85
828.32 -59.94
828.48 -60.09
828.64 -60.17
828.8 -59.97
828.96 -59.78
829.12 -59.77
829.28 -59.79
829.44 -60.01
829.6 -59.81
829.76 -59.72
829.92 -59.88
830.08 -59.68
830.24 -60.04
830.4 -59.85
830.56 -59.84
830.72 -59.74
830.88 -59.71
831.04 -59.79
831.2 -59.59
831.36 -59.79
831.52 -59.93
831.68 -59.81
831.84 -60.09
832.0 -59.81
832.16 -59.67
832.32 -60.15
832.48 -59.94
832.64 -59.62
832.8 -59.65
832.96 -59.78
833.12 -59.85
833.28 -59.88
833.44 -59.82
833.6 -59.61
833.76 -59.77
833.92 -59.46
834.08 -59.52
834.24 -59.44
834.4 -59.51
834.56 -59.65
834.72 -59.3
834.88 -59.41
835.04 -59.65
835.2 -59.7
835.36 -59.53
835.52 -59.43
835.68 -59.29
835.84 -59.59
836.0 -59.72
836.16 -59.66
836.32 -59.55
836.48 -59.81
836.64 -59.83
836.8 -59.62
836.96 -59.75
837.12 -59.71
837.28 -59.88
837.44 -59.58
837.6 -59.68
837.76 -59.63
837.92 -59.85
838.08 -59.85
838.24 -59.72
838.4 -59.6
838.56 -59.64
838.72 -59.55
838.88 -59.88
839.04 -59.65
839.2 -59.72
839.36 -59.71
839.52 -60.04
839.68 -59.74
839.84 -59.74
840.0 -59.87
840.16 -60.0
840.32 -60.0
840.48 -59.76
840.64 -59.6
840.8 -59.75
840.96 -60.15
841.12 -59.84
841.28 -59.55
841.44 -59.67
841.6 -59.93
841.76 -59.66
841.92 -59.59
842.08 -59.74
842.24 -60.17
842.4 -59.97
842.56 -59.67
842.72 -59.59
842.88 -59.68
843.04 -60.08
843.2 -60.01
843.36 -59.77
843.52 -59.61
843.68 -59.75
843.84 -59.94
844.0 -59.67
844.16 -59.72
844.32 -59.7
844.48 -59.55
844.64 -59.95
844.8 -59.74
844.96 -59.72
845.12 -59.88
845.28 -59.72
845.44 -59.68
845.6 -59.69
845.76 -59.81
845.92 -59.83
846.08 -59.97
846.24 -59.79
846.4 -59.58
846.56 -59.88
846.72 -60.16
846.88 -59.93
847.04 -59.89
847.2 -59.6
847.36 -60.01
847.52 -60.08
847.68 -59.7
847.84 -59.69
848.0 -59.64
848.16 -59.82
848.32 -59.94
848.48 -59.6
848.64 -59.73
848.8 -59.73
848.96 -59.8
849.12 -59.78
849.28 -59.8
849.44 -59.95
849.6 -59.83
849.76 -59.63
849.92 -59.74
850.08 -59.67
850.24 -59.89
850.4 -60.04
850.56 -59.99
850.72 -59.89
850.88 -59.63
851.04 -59.67
851.2 -59.85
851.36 -59.64
851.52 -59.8
851.68 -59.62
851.84 -59.88
852.0 -59.99
852.16 -59.77
852.32 -59.56
852.48 -59.63
852.64 -59.94
852.8 -59.77
852.96 -59.35
853.12 -59.67
853.28 -59.77
853.44 -59.84
853.6 -59.78
853.76 -59.43
853.92 -59.51
854.08 -59.81
854.24 -59.93
854.4 -59.52
854.56 -59.37
854.72 -59.47
854.88 -59.84
855.04 -59.92
855.2 -59.57
855.36 -59.54
855.52 -59.47
855.68 -59.73
855.84 -59.76
856.0 -59.55
856.16 -59.63
856.32 -59.53
856.48 -59.69
856.64 -59.85
856.8 -59.63
856.96 -59.57
857.12 -59.75
857.28 -59.47
857.44 -59.74
857.6 -59.58
857.76 -59.54
857.92 -59.65
858.08 -59.74
858.24 -59.67
858.4 -59.56
858.56 -59.64
858.72 -59.66
858.88 -59.4
859.04 -59.48
859.2 -59.51
859.36 -59.76
859.52 -59.65
859.68 -59.5
859.84 -59.5
860.0 -59.36
860.16 -59.64
860.32 -59.56
860.48 -59.21
860.64 -59.36
860.8 -59.53
860.96 -59.5
861.12 -59.8
861.28 -59.4
861.44 -59.41
861.6 -59.38
861.76 -59.84
861.92 -59.63
862.08 -59.43
862.24 -59.56
862.4 -59.49
862.56 -59.84
862.72 -59.78
862.88 -59.34
863.04 -59.49
863.2 -59.33
863.36 -59.67
863.52 -59.58
863.68 -59.3
863.84 -59.25
864.0 -59.38
864.16 -59.61
864.32 -59.43
864.48 -59.45
864.64 -59.46
864.8 -59.34
864.96 -59.58
865.12 -59.55
865.28 -59.31
865.44 -59.43
865.6 -59.47
865.76 -59.51
865.92 -59.28
866.08 -59.2
866.24 -59.31
866.4 -59.33
866.56 -59.37
866.72 -59.21
866.88 -59.18
867.04 -59.39
867.2 -59.61
867.36 -59.19
867.52 -59.17
867.68 -59.07
867.84 -59.32
868.0 -59.68
868.16 -59.42
868.32 -59.26
868.48 -59.08
868.64 -59.45
868.8 -59.28
868.96 -59.53
869.12 -59.14
869.28 -59.25
869.44 -59.35
869.6 -59.32
869.76 -59.43
869.92 -59.24
870.08 -59.43
870.24 -59.42
870.4 -59.6
870.56 -59.23
870.72 -59.4
870.88 -59.34
871.04 -59.62
871.2 -59.36
871.36 -59.23
871.52 -59.33
871.68 -59.36
871.84 -59.4
872.0 -59.44
872.16 -59.41
872.32 -59.5
872.48 -59.16
872.64 -59.44
872.8 -59.48
872.96 -59.36
873.12 -59.24
873.28 -59.28
873.44 -59.31
873.6 -59.29
873.76 -59.57
873.92 -59.23
874.08 -59.26
874.24 -59.18
874.4 -59.45
874.56 -59.28
874.72 -58.97
874.88 -59.16
875.04 -59.32
875.2 -59.35
875.36 -59.16
875.52 -59.26
875.68 -59.24
875.84 -59.13
876.0 -59.1
876.16 -59.22
876.32 -59.14
876.48 -59.18
876.64 -59.38
876.8 -59.3
876.96 -59.3
877.12 -59.15
877.28 -59.12
877.44 -59.06
877.6 -59.12
877.76 -59.27
877.92 -59.09
878.08 -59.09
878.24 -59.01
878.4 -59.11
878.56 -59.36
878.72 -59.12
878.88 -59.04
879.04 -59.11
879.2 -59.4
879.36 -59.41
879.52 -59.22
879.68 -58.98
879.84 -58.86
880.0 -59.37
880.16 -59.15
880.32 -59.34
880.48 -58.95
880.64 -59.11
880.8 -59.02
880.96 -59.28
881.12 -59.17
881.28 -58.89
881.44 -58.86
881.6 -59.2
881.76 -59.17
881.92 -59.2
882.08 -59.06
882.24 -59.01
882.4 -59.29
882.56 -59.15
882.72 -59.22
882.88 -58.96
883.04 -58.97
883.2 -59.02
883.36 -59.26
883.52 -59.13
883.68 -59.16
883.84 -59.03
884.0 -59.02
884.16 -59.05
884.32 -59.17
884.48 -59.08
884.64 -58.85
884.8 -58.9
884.96 -59.18
885.12 -59.22
885.28 -59.17
885.44 -59.17
885.6 -58.96
885.76 -58.85
885.92 -59.31
886.08 -59.09
886.24 -59.07
886.4 -58.97
886.56 -58.95
886.72 -58.94
886.88 -59.29
887.04 -59.1
887.2 -58.99
887.36 -59.0
887.52 -58.92
887.68 -59.08
887.84 -59.26
888.0 -58.86
888.16 -58.93
888.32 -58.93
888.48 -59.12
888.64 -59.18
888.8 -58.93
888.96 -58.91
889.12 -58.9
889.28 -58.93
889.44 -58.83
889.6 -58.89
889.76 -58.99
889.92 -58.7
890.08 -59.04
890.24 -59.09
890.4 -59.16
890.56 -58.98
890.72 -58.86
890.88 -58.9
891.04 -58.94
891.2 -58.94
891.36 -59.17
891.52 -59.0
891.68 -58.75
891.84 -58.77
892.0 -58.85
892.16 -58.9
892.32 -58.98
892.48 -58.7
892.64 -58.77
892.8 -58.8
892.96 -59.03
893.12 -58.91
893.28 -58.73
893.44 -58.92
893.6 -59.2
893.76 -58.79
893.92 -58.93
894.08 -58.84
894.24 -58.7
894.4 -58.75
894.56 -58.78
894.72 -58.88
894.88 -58.9
895.04 -58.77
895.2 -58.87
895.36 -58.76
895.52 -58.91
895.68 -58.83
895.84 -58.9
896.0 -58.75
896.16 -58.52
896.32 -58.69
896.48 -59.08
896.64 -58.88
896.8 -58.77
896.96 -58.9
897.12 -58.95
897.28 -59.03
897.44 -59.02
897.6 -58.76
897.76 -58.63
897.92 -58.55
898.08 -58.72
898.24 -58.79
898.4 -58.86
898.56 -58.85
898.72 -58.74
898.88 -58.71
899.04 -58.78
899.2 -58.94
899.36 -58.8
899.52 -58.5
899.68 -58.6
899.84 -58.72
900.0 -59.03
