740.0 -61.17
740.16 -61.41
740.32 -61.1
740.48 -61.3
740.64 -61.37
740.8 -61.49
740.96 -61.39
741.12 -61.14
741.28 -61.39
741.44 -61.12
741.6 -61.28
741.76 -61.65
741.92 -61.12
742.08 -61.01
742.24 -61.43
742.4 -60.95
742.56 -61.0
742.72 -61.3
742.88 -61.68
743.04 -61.27
743.2 -61.19
743.36 -61.31
743.52 -61.15
743.68 -61.33
743.84 -61.15
744.0 -61.34
744.16 -61.05
744.32 -61.18
744.48 -61.2
744.64 -60.94
744.8 -61.34
744.96 -61.63
745.12 -61.47
745.28 -61.38
745.44 -61.39
745.6 -61.17
745.76 -61.74
745.92 -61.15
746.08 -61.05
746.24 -61.33
746.4 -61.35
746.56 -61.42
746.72 -61.22
746.88 -61.47
747.04 -61.22
747.2 -61.34
747.36 -61.41
747.52 -61.47
747.68 -61.66
747.84 -61.32
748.0 -61.05
748.16 -61.23
748.32 -61.1
748.48 -61.37
748.64 -61.22
748.8 -61.22
748.96 -61.57
749.12 -61.04
749.28 -61.34
749.44 -61.51
749.6 -61.18
749.76 -61.3
749.92 -61.06
750.08 -61.27
750.24 -61.41
750.4 -61.2
750.56 -61.51
750.72 -61.59
750.88 -61.51
751.04 -61.24
751.2 -61.12
751.36 -61.15
751.52 -60.87
751.68 -61.41
751.84 -61.32
752.0 -61.09
752.16 -60.86
752.32 -61.27
752.48 -61.06
752.64 -61.03
752.8 -61.33
752.96 -61.22
753.12 -61.32
753.28 -61.08
753.44 -61.37
753.6 -61.42
753.76 -61.23
753.92 -61.1
754.08 -61.21
754.24 -61.41
754.4 -61.09
754.56 -61.36
754.72 -61.28
754.88 -61.15
755.04 -61.45
755.2 -61.4
755.36 -60.73
755.52 -61.35
755.68 -61.44
755.84 -61.47
756.0 -61.19
756.16 -61.07
756.32 -61.01
756.48 -60.92
756.64 -61.08
756.8 -61.29
756.96 -61.11
757.12 -61.04
757.28 -61.07
757.44 -61.5
757.6 -61.1
757.76 -61.29
757.92 -61.09
758.08 -61.38
758.24 -60.95
758.4 -61.25
758.56 -60.82
758.72 -61.11
758.88 -61.57
759.04 -60.87
759.2 -61.04
759.36 -61.18
759.52 -61.08
759.68 -61.2
759.84 -60.79
760.0 -60.94
760.16 -61.08
760.32 -61.08
760.48 -60.82
760.64 -61.34
760.8 -60.91
760.96 -61.05
761.12 -61.28
761.28 -61.24
761.44 -61.03
761.6 -61.27
761.76 -60.86
761.92 -60.9
762.08 -60.83
762.24 -61.35
762.4 -61.3
762.56 -61.15
762.72 -60.41
762.88 -60.94
763.04 -61.0
763.2 -61.31
763.36 -61.11
763.52 -61.29
763.68 -60.98
763.84 -61.28
764.0 -61.03
764.16 -61.13
764.32 -61.03
764.48 -60.62
764.64 -61.21
764.8 -61.16
764.96 -61.14
765.12 -61.08
765.28 -60.53
765.44 -60.88
765.6 -60.74
765.76 -60.91
765.92 -61.17
766.08 -60.82
766.24 -60.96
766.4 -60.89
766.56 -61.14
766.72 -60.69
766.88 -61.28
767.04 -60.97
767.2 -60.7
767.36 -60.82
767.52 -60.93
767.68 -61.08
767.84 -61.16
768.0 -60.88
768.16 -60.59
768.32 -60.71
768.48 -60.94
768.64 -61.36
768.8 -61.17
768.96 -60.99
769.12 -60.64
769.28 -60.79
769.44 -61.17
769.6 -61.12
769.76 -61.08
769.92 -61.04
770.08 -60.82
770.24 -61.16
770.4 -61.03
770.56 -61.02
770.72 -60.9
770.88 -60.82
771.04 -61.03
771.2 -60.96
771.36 -61.09
771.52 -61.16
771.68 -60.89
771.84 -60.72
772.0 -60.88
772.16 -60.79
772.32 -61.13
772.48 -60.65
772.64 -61.01
772.8 -60.56
772.96 -60.82
773.12 -60.82
773.28 -60.78
773.44 -61.14
773.6 -60.81
773.76 -60.68
773.92 -60.95
774.08 -60.67
774.24 -61.09
774.4 -61.02
774.56 -60.95
774.72 -60.69
774.88 -60.61
775.04 -60.56
775.2 -60.92
775.36 -60.9
775.52 -60.71
775.68 -60.59
775.84 -60.72
776.0 -60.93
776.16 -60.75
776.32 -60.99
776.48 -60.91
776.64 -60.61
776.8 -60.53
776.96 -61.26
777.12 -60.99
777.28 -60.76
777.44 -60.73
777.6 -60.81
777.76 -60.83
777.92 -61.16
778.08 -61.15
778.24 -61.19
778.4 -60.96
778.56 -60.58
778.72 -60.71
778.88 -60.93
779.04 -60.71
779.2 -61.25
779.36 -60.86
779.52 -60.8
779.68 -60.71
779.84 -60.86
780.0 -60.87
780.16 -60.53
780.32 -60.44
780.48 -60.53
780.64 -60.58
780.8 -61.27
780.96 -60.92
781.12 -61.02
781.28 -60.41
781.44 -60.36
781.6 -60.88
781.76 -60.76
781.92 -60.61
782.08 -60.81
782.24 -60.3
782.4 -60.73
782.56 -60.86
782.72 -60.73
782.88 -60.83
783.04 -60.75
783.2 -60.27
783.36 -60.6
783.52 -60.64
783.68 -61.15
783.84 -60.95
784.0 -60.75
784.16 -60.46
784.32 -60.39
784.48 -60.44
784.64 -61.2
784.8 -60.78
784.96 -61.01
785.12 -60.68
785.28 -60.39
785.44 -60.69
785.6 -60.89
785.76 -60.95
785.92 -60.41
786.08 -60.5
786.24 -60.26
786.4 -60.94
786.56 -61.0
786.72 -60.48
786.88 -60.95
787.04 -60.13
787.2 -60.47
787.36 -60.51
787.52 -60.9
787.68 -61.4
787.84 -61.15
788.0 -60.3
788.16 -60.39
788.32 -60.65
788.48 -60.97
788.64 -61.12
788.8 -60.8
788.96 -60.35
789.12 -60.3
789.28 -60.66
789.44 -60.99
789.6 -60.47
789.76 -60.73
789.92 -60.33
790.08 -60.13
790.24 -60.65
790.4 -60.67
790.56 -61.16
790.72 -60.64
790.88 -60.17
791.04 -60.49
791.2 -60.4
791.36 -61.22
791.52 -60.77
791.68 -60.49
791.84 -60.13
792.0 -60.21
792.16 -60.7
792.32 -60.87
792.48 -60.98
792.64 -60.87
792.8 -60.76
792.96 -60.14
793.12 -60.44
793.28 -60.54
793.44 -60.87
793.6 -60.89
793.76 -60.49
793.92 -60.33
794.08 -60.32
794.24 -60.34
794.4 -60.85
794.56 -60.84
794.72 -60.62
794.88 -60.13
795.04 -60.12
795.2 -60.39
795.36 -60.83
795.52 -60.71
795.68 -60.77
795.84 -60.25
796.0 -60.24
796.16 -60.4
796.32 -60.69
796.48 -60.93
796.64 -60.3
796.8 -60.15
796.96 -60.08
797.12 -60.57
797.28 -60.69
797.44 -60.7
797.6 -60.43
797.76 -60.24
797.92 -60.52
798.08 -60.1
798.24 -60.42
798.4 -60.62
798.56 -60.82
798.72 -60.39
798.88 -59.84
799.04 -60.14
799.2 -60.7
799.36 -60.51
799.52 -60.41
799.68 -60.63
799.84 -60.06
800.0 -59.92
800.16 -60.18
800.32 -60.46
800.48 -60.55
800.64 -60.45
800.8 -60.09
800.96 -60.05
801.12 -60.01
801.28 -60.39
801.44 -60.87
801.6 -60.87
801.76 -60.27
801.92 -60.15
802.08 -59.96
802.24 -60.45
802.4 -60.5
802.56 -60.51
802.72 -60.69
802.88 -59.98
803.04 -60.16
803.2 -59.92
803.36 -60.25
803.52 -60.62
803.68 -60.51
803.84 -60.0
804.0 -59.88
804.16 -60.07
804.32 -60.48
804.48 -60.71
804.64 -60.71
804.8 -60.32
804.96 -59.85
805.12 -59.67
805.28 -59.97
805.44 -60.02
805.6 -60.37
805.76 -60.18
805.92 -59.24
806.08 -59.42
806.24 -59.31
806.4 -58.85
806.56 -58.42
806.72 -57.28
806.88 -55.8
807.04 -54.75
807.2 -53.94
807.36 -52.76
807.52 -51.6
807.68 -50.3
807.84 -49.3
808.0 -48.94
808.16 -49.28
808.32 -49.9
808.48 -50.56
808.64 -50.62
808.8 -50.65
808.96 -51.44
809.12 -52.81
809.28 -55.47
809.44 -58.0
809.6 -59.23
809.76 -59.78
809.92 -59.61
810.08 -59.71
810.24 -59.46
810.4 -59.97
810.56 -60.5
810.72 -60.39
810.88 -60.08
811.04 -59.99
811.2 -60.22
811.36 -60.18
811.52 -60.21
811.68 -60.42
811.84 -60.45
812.0 -60.17
812.16 -60.15
812.32 -59.95
812.48 -60.29
812.64 -60.33
812.8 -60.92
812.96 -60.52
813.12 -59.99
813.28 -60.36
813.44 -60.35
813.6 -60.78
813.76 -60.72
813.92 -60.44
814.08 -60.26
814.24 -60.23
814.4 -60.05
814.56 -60.12
814.72 -61.03
814.88 -60.51
815.04 -60.44
815.2 -60.09
815.36 -59.86
815.52 -60.11
815.68 -60.62
815.84 -60.57
816.0 -60.49
816.16 -60.19
816.32 -60.04
816.48 -60.31
816.64 -60.49
816.8 -60.8
816.96 -60.49
817.12 -60.44
817.28 -60.24
817.44 -60.32
817.6 -60.33
817.76 -60.65
817.92 -60.74
818.08 -60.41
818.24 -60.13
818.4 -59.85
818.56 -60.18
818.72 -60.54
818.88 -60.83
819.04 -60.33
819.2 -60.31
819.36 -60.16
819.52 -60.14
819.68 -60.37
819.84 -60.56
820.0 -60.55
820.16 -60.72
820.32 -60.07
820.48 -60.07
820.64 -60.14
820.8 -60.69
820.96 -60.84
821.12 -60.61
821.28 -60.3
821.44 -60.22
821.6 -60.26
821.76 -60.38
821.92 -60.65
822.08 -60.87
822.24 -60.63
822.4 -60.25
822.56 -60.19
822.72 -60.27
822.88 -60.63
823.04 -60.59
823.2 -60.66
823.36 -60.35
823.52 -60.11
823.68 -60.28
823.84 -60.14
824.0 -60.81
824.16 -60.67
824.32 -60.47
824.48 -60.11
824.64 -60.08
824.8 -60.13
824.96 -60.26
825.12 -60.41
825.28 -60.7
825.44 -60.41
825.6 -60.4
825.76 -60.01
825.92 -60.02
826.08 -60.14
826.24 -60.46
826.4 -60.38
826.56 -60.13
826.72 -59.9
826.88 -60.1
827.04 -60.01
827.2 -60.08
827.36 -60.55
827.52 -60.31
827.68 -60.09
827.84 -60.28
828.0 -59.97
828.16 -59.9
828.32 -60.49
828.48 -60.53
828.64 -60.36
828.8 -60.38
828.96 -59.82
829.12 -59.98
829.28 -60.13
829.44 -60.44
829.6 -60.52
829.76 -59.87
829.92 -59.83
830.08 -59.94
830.24 -60.01
830.4 -59.91
830.56 -60.23
830.72 -60.33
830.88 -59.98
831.04 -59.86
831.2 -59.87
831.36 -60.04
831.52 -59.99
831.68 -60.35
831.84 -60.09
832.0 -60.15
832.16 -59.67
832.32 -59.89
832.48 -60.26
832.64 -60.15
832.8 -60.21
832.96 -60.35
833.12 -60.03
833.28 -59.95
833.44 -59.9
833.6 -60.06
833.76 -60.34
833.92 -60.18
834.08 -59.84
834.24 -59.66
834.4 -59.6
834.56 -59.49
834.72 -59.86
834.88 -60.12
835.04 -60.02
835.2 -59.71
835.36 -59.61
835.52 -59.56
835.68 -59.55
835.84 -59.99
836.0 -60.21
836.16 -59.72
836.32 -59.81
836.48 -59.64
836.64 -59.82
836.8 -59.83
836.96 -60.01
837.12 -60.19
837.28 -59.67
837.44 -59.59
837.6 -59.55
837.76 -59.5
837.92 -59.92
838.08 -60.16
838.24 -59.98
838.4 -59.78
838.56 -59.84
838.72 -59.57
838.88 -59.94
839.04 -60.11
839.2 -60.05
839.36 -59.92
839.52 -59.69
839.68 -59.48
839.84 -59.95
840.0 -59.96
840.16 -60.23
840.32 -60.2
840.48 -59.9
840.64 -59.77
840.8 -59.83
840.96 -59.71
841.12 -59.84
841.28 -59.91
841.44 -59.78
841.6 -59.72
841.76 -59.71
841.92 -59.61
842.08 -59.51
842.24 -60.1
842.4 -60.09
842.56 -60.09
842.72 -59.79
842.88 -59.84
843.04 -59.74
843.2 -59.6
843.36 -59.88
843.52 -60.0
843.68 -60.1
843.84 -59.54
844.0 -59.6
844.16 -59.7
844.32 -59.69
844.48 -60.04
844.64 -59.96
844.8 -59.74
844.96 -59.91
845.12 -59.58
845.28 -59.45
845.44 -59.59
845.6 -59.8
845.76 -59.58
845.92 -59.7
846.08 -59.68
846.24 -59.55
846.4 -59.25
846.56 -59.71
846.72 -59.76
846.88 -59.73
847.04 -59.87
847.2 -59.73
847.36 -59.46
847.52 -59.52
847.68 -59.61
847.84 -59.68
848.0 -60.06
848.16 -59.68
848.32 -59.65
848.48 -59.52
848.64 -59.39
848.8 -59.57
848.96 -59.77
849.12 -59.95
849.28 -59.87
849.44 -59.62
849.6 -59.52
849.76 -59.35
849.92 -59.67
850.08 -59.93
850.24 -60.07
850.4 -59.92
850.56 -59.55
850.72 -59.67
850.88 -59.53
851.04 -59.74
851.2 -59.77
851.36 -59.94
851.52 -59.83
851.68 -59.54
851.84 -59.58
852.0 -59.67
852.16 -59.73
852.32 -59.83
852.48 -59.73
852.64 -59.64
852.8 -59.59
852.96 -59.45
853.12 -59.43
853.28 -59.89
853.44 -59.92
853.6 -59.64
853.76 -59.49
853.92 -59.41
854.08 -59.6
854.24 -59.81
854.4 -59.79
854.56 -59.78
854.72 -59.65
854.88 -59.64
855.04 -59.56
855.2 -59.73
855.36 -59.74
855.52 -59.85
855.68 -59.61
855.84 -59.77
856.0 -59.42
856.16 -59.34
856.32 -59.79
856.48 -59.69
856.64 -59.73
856.8 -59.6
856.96 -59.56
857.12 -59.47
857.28 -59.5
857.44 -59.6
857.6 -59.85
857.76 -59.65
857.92 -59.77
858.08 -59.48
858.24 -59.6
858.4 -59.22
858.56 -59.61
858.72 -59.7
858.88 -59.73
859.04 -59.73
859.2 -59.49
859.36 -59.27
859.52 -59.39
859.68 -59.45
859.84 -59.62
860.0 -59.83
860.16 -59.75
860.32 -59.4
860.48 -59.36
860.64 -59.46
860.8 -59.53
860.96 -59.64
861.12 -59.57
861.28 -59.53
861.44 -59.62
861.6 -59.37
861.76 -59.33
861.92 -59.52
862.08 -59.5
862.24 -59.81
862.4 -59.5
862.56 -59.23
862.72 -59.32
862.88 -59.34
863.04 -59.57
863.2 -59.62
863.36 -59.53
863.52 -59.42
863.68 -59.4
863.84 -59.32
864.0 -59.38
864.16 -59.76
864.32 -59.65
864.48 -59.51
864.64 -59.49
864.8 -59.46
864.96 -59.17
865.12 -59.5
865.28 -59.6
865.44 -59.54
865.6 -59.52
865.76 -59.55
865.92 -59.26
866.08 -59.26
866.24 -59.56
866.4 -59.56
866.56 -59.54
866.72 -59.45
866.88 -59.24
867.04 -59.03
867.2 -59.27
867.36 -59.41
867.52 -59.64
867.68 -59.42
867.84 -59.38
868.0 -59.24
868.16 -59.29
868.32 -59.26
868.48 -59.06
868.64 -59.27
868.8 -59.64
868.96 -59.31
869.12 -59.26
869.28 -59.36
869.44 -59.33
869.6 -59.36
869.76 -59.61
869.92 -59.39
870.08 -59.37
870.24 -59.32
870.4 -59.31
870.56 -58.99
870.72 -59.46
870.88 -59.46
871.04 -59.28
871.2 -59.29
871.36 -59.16
871.52 -59.04
871.68 -59.3
871.84 -59.34
872.0 -59.4
872.16 -59.46
872.32 -59.35
872.48 -59.11
872.64 -58.84
872.8 -59.45
872.96 -59.38
873.12 -59.32
873.28 -59.4
873.44 -59.45
873.6 -59.08
873.76 -59.41
873.92 -59.39
874.08 -59.43
874.24 -59.4
874.4 -59.28
874.56 -59.34
874.72 -59.21
874.88 -59.05
875.04 -59.05
875.2 -59.12
875.36 -59.27
875.52 -59.62
875.68 -59.3
875.84 -59.13
876.0 -59.31
876.16 -59.13
876.32 -59.56
876.48 -59.31
876.64 -59.55
876.8 -59.16
876.96 -59.16
877.12 -59.16
877.28 -59.26
877.44 -59.39
877.6 -59.58
877.76 -59.37
877.92 -58.93
878.08 -59.18
878.24 -59.04
878.4 -59.47
878.56 -59.35
878.72 -59.21
878.88 -59.4
879.04 -59.33
879.2 -59.32
879.36 -59.31
879.52 -59.02
879.68 -59.43
879.84 -59.28
880.0 -59.09
880.16 -59.18
880.32 -59.06
880.48 -59.26
880.64 -59.15
880.8 -59.5
880.96 -59.36
881.12 -59.36
881.28 -59.4
881.44 -59.27
881.6 -59.19
881.76 -59.51
881.92 -59.46
882.08 -59.29
882.24 -59.1
882.4 -59.08
882.56 -59.0
882.72 -59.11
882.88 -59.18
883.04 -59.05
883.2 -59.12
883.36 -58.97
883.52 -59.06
883.68 -58.89
883.84 -58.97
884.0 -59.01
884.16 -59.2
884.32 -59.27
884.48 -59.01
884.64 -58.82
884.8 -58.7
884.96 -59.06
885.12 -58.92
885.28 -58.92
885.44 -59.1
885.6 -58.93
885.76 -58.87
885.92 -58.84
886.08 -58.99
886.24 -59.09
886.4 -59.08
886.56 -58.83
886.72 -59.11
886.88 -58.74
887.04 -58.82
887.2 -59.11
887.36 -59.08
887.52 -58.94
887.68 -59.12
887.84 -58.88
888.0 -58.94
888.16 -58.91
888.32 -58.91
888.48 -59.09
888.64 -59.13
888.8 -59.32
888.96 -59.06
889.12 -59.06
889.28 -59.06
889.44 -58.89
889.6 -59.08
889.76 -59.08
889.92 -59.25
890.08 -58.97
890.24 -58.86
890.4 -59.07
890.56 -59.16
890.72 -59.16
890.88 -59.05
891.04 -59.12
891.2 -58.92
891.36 -59.0
891.52 -58.87
891.68 -58.81
891.84 -59.04
892.0 -59.07
892.16 -58.98
892.32 -58.87
892.48 -58.77
892.64 -58.82
892.8 -59.08
892.96 -59.16
893.12 -58.86
893.28 -58.89
893.44 -58.89
893.6 -58.8
893.76 -58.9
893.92 -58.82
894.08 -58.81
894.24 -59.0
894.4 -59.05
894.56 -58.83
894.72 -58.71
894.88 -58.91
895.04 -58.85
895.2 -58.9
895.36 -58.96
895.52 -58.92
895.68 -58.79
895.84 -58.53
896.0 -58.65
896.16 -58.59
896.32 -58.77
896.48 -58.82
896.64 -58.83
896.8 -58.81
896.96 -58.51
897.12 -58.75
897.28 -58.98
897.44 -58.59
897.6 -58.66
897.76 -58.66
897.92 -58.62
898.08 -58.6
898.24 -58.57
898.4 -58.62
898.56 -58.71
898.72 -58.83
898.88 -58.7
899.04 -58.84
899.2 -58.67
899.36 -58.44
899.52 -58.72
899.68 -58.56
899.84 -58.74
900.0 -58.81
