740.0 -60.28
740.16 -60.54
740.32 -60.7
740.48 -60.67
740.64 -60.29
740.8 -60.54
740.96 -60.39
741.12 -60.51
741.28 -60.57
741.44 -60.66
741.6 -60.61
741.76 -60.49
741.92 -60.1
742.08 -60.16
742.24 -60.34
742.4 -60.42
742.56 -60.47
742.72 -60.41
742.88 -60.77
743.04 -60.43
743.2 -60.13
743.36 -60.48
743.52 -60.33
743.68 -60.37
743.84 -60.59
744.0 -60.2
744.16 -60.57
744.32 -60.45
744.48 -60.3
744.64 -60.19
744.8 -60.43
744.96 -60.8
745.12 -60.29
745.28 -60.33
745.44 -60.42
745.6 -60.25
745.76 -60.33
745.92 -60.81
746.08 -60.29
746.24 -60.36
746.4 -60.3
746.56 -60.04
746.72 -60.42
746.88 -60.28
747.04 -60.17
747.2 -60.46
747.36 -60.2
747.52 -60.49
747.68 -59.95
747.84 -60.47
748.0 -60.27
748.16 -60.4
748.32 -60.73
748.48 -60.3
748.64 -60.31
748.8 -60.12
748.96 -60.4
749.12 -60.35
749.28 -60.51
749.44 -60.41
749.6 -60.42
749.76 -60.23
749.92 -60.4
750.08 -60.2
750.24 -60.08
750.4 -60.11
750.56 -60.22
750.72 -60.22
750.88 -60.4
751.04 -60.26
751.2 -60.23
751.36 -60.27
751.52 -60.58
751.68 -60.21
751.84 -60.44
752.0 -60.69
752.16 -60.64
752.32 -60.08
752.48 -60.12
752.64 -59.92
752.8 -60.19
752.96 -60.26
753.12 -60.22
753.28 -60.29
753.44 -60.32
753.6 -59.92
753.76 -60.44
753.92 -60.27
754.08 -60.13
754.24 -60.36
754.4 -60.41
754.56 -59.94
754.72 -59.99
754.88 -60.23
755.04 -59.93
755.2 -60.15
755.36 -60.53
755.52 -60.18
755.68 -60.45
755.84 -60.12
756.0 -60.3
756.16 -60.41
756.32 -60.23
756.48 -60.35
756.64 -60.44
756.8 -59.88
756.96 -59.93
757.12 -59.76
757.28 -60.32
757.44 -60.23
757.6 -60.3
757.76 -60.45
757.92 -60.56
758.08 -60.09
758.24 -60.1
758.4 -60.18
758.56 -59.99
758.72 -60.52
758.88 -60.37
759.04 -59.99
759.2 -60.07
759.36 -59.85
759.52 -59.94
759.68 -60.18
759.84 -60.07
760.0 -60.31
760.16 -60.11
760.32 -59.99
760.48 -59.85
760.64 -59.82
760.8 -60.15
760.96 -60.15
761.12 -60.35
761.28 -60.39
761.44 -59.98
761.6 -60.03
761.76 -59.7
761.92 -59.58
762.08 -60.14
762.24 -60.53
762.4 -60.27
762.56 -60.3
762.72 -59.78
762.88 -60.05
763.04 -59.92
763.2 -59.95
763.36 -60.22
763.52 -60.08
763.68 -60.1
763.84 -59.67
764.0 -59.84
764.16 -59.79
764.32 -60.08
764.48 -59.95
764.64 -59.98
764.8 -60.14
764.96 -59.71
765.12 -60.05
765.28 -59.87
765.44 -59.98
765.6 -60.06
765.76 -60.25
765.92 -59.88
766.08 -60.1
766.24 -60.03
766.4 -59.69
766.56 -59.88
766.72 -59.78
766.88 -60.03
767.04 -59.95
767.2 -60.11
767.36 -59.94
767.52 -59.76
767.68 -59.57
767.84 -59.79
768.0 -60.02
768.16 -60.3
768.32 -60.1
768.48 -59.74
768.64 -60.03
768.8 -59.8
768.96 -59.72
769.12 -60.27
769.28 -60.31
769.44 -60.18
769.6 -59.97
769.76 -59.78
769.92 -59.98
770.08 -59.65
770.24 -59.82
770.4 -60.03
770.56 -60.15
770.72 -60.09
770.88 -59.86
771.04 -59.6
771.2 -59.53
771.36 -59.83
771.52 -60.05
771.68 -60.0
771.84 -60.19
772.0 -60.2
772.16 -59.77
772.32 -59.73
772.48 -59.61
772.64 -59.84
772.8 -59.92
772.96 -60.29
773.12 -60.27
773.28 -60.11
773.44 -59.86
773.6 -59.45
773.76 -59.41
773.92 -59.9
774.08 -60.26
774.24 -59.96
774.4 -60.35
774.56 -59.96
774.72 -59.33
774.88 -59.55
775.04 -59.6
775.2 -59.86
775.36 -59.79
775.52 -60.05
775.68 -60.06
775.84 -59.82
776.0 -59.52
776.16 -59.52
776.32 -59.95
776.48 -59.97
776.64 -60.08
776.8 -60.06
776.96 -59.98
777.12 -59.48
777.28 -59.39
777.44 -59.19
777.6 -59.7
777.76 -60.0
777.92 -60.2
778.08 -60.12
778.24 -59.73
778.4 -59.68
778.56 -59.42
778.72 -59.49
778.88 -59.82
779.04 -60.24
779.2 -60.26
779.36 -60.13
779.52 -59.47
779.68 -59.61
779.84 -59.4
780.0 -59.7
780.16 -59.71
780.32 -60.47
780.48 -59.94
780.64 -59.83
780.8 -59.45
780.96 -59.35
781.12 -59.43
781.28 -59.67
781.44 -59.98
781.6 -60.34
781.76 -59.93
781.92 -59.69
782.08 -59.29
782.24 -59.06
782.4 -59.43
782.56 -59.56
782.72 -59.96
782.88 -60.03
783.04 -59.86
783.2 -59.7
783.36 -59.14
783.52 -59.65
783.68 -59.78
783.84 -59.83
784.0 -60.17
784.16 -60.2
784.32 -59.9
784.48 -59.38
784.64 -59.0
784.8 -59.4
784.96 -59.7
785.12 -60.13
785.28 -60.22
785.44 -60.14
785.6 -59.82
785.76 -59.47
785.92 -59.1
786.08 -59.27
786.24 -59.69
786.4 -59.99
786.56 -60.26
786.72 -59.89
786.88 -59.28
787.04 -59.21
787.2 -58.85
787.36 -59.23
787.52 -59.84
787.68 -60.23
787.84 -60.06
788.0 -59.83
788.16 -59.55
788.32 -59.16
788.48 -58.9
788.64 -59.15
788.8 -59.62
788.96 -60.09
789.12 -60.2
789.28 -59.68
789.44 -59.41
789.6 -59.07
789.76 -58.99
789.92 -59.36
790.08 -59.63
790.24 -60.45
790.4 -60.12
790.56 -59.71
790.72 -58.97
790.88 -58.9
791.04 -59.4
791.2 -59.33
791.36 -60.03
791.52 -60.08
791.68 -59.96
791.84 -59.78
792.0 -59.05
792.16 -58.88
792.32 -58.95
792.48 -59.32
792.64 -59.87
792.8 -60.13
792.96 -59.8
793.12 -59.5
793.28 -59.05
793.44 -59.12
793.6 -58.84
793.76 -59.6
793.92 -60.07
794.08 -60.01
794.24 -60.26
794.4 -59.4
794.56 -58.9
794.72 -58.72
794.88 -59.12
795.04 -59.05
795.2 -59.66
795.36 -60.14
795.52 -59.58
795.68 -59.44
795.84 -58.94
796.0 -58.82
796.16 -58.98
796.32 -59.6
796.48 -59.99
796.64 -60.02
796.8 -59.46
796.96 -59.4
797.12 -58.96
797.28 -58.72
797.44 -58.58
797.6 -59.24
797.76 -59.75
797.92 -59.95
798.08 -59.67
798.24 -59.78
798.4 -58.67
798.56 -58.51
798.72 -58.9
798.88 -58.97
799.04 -59.52
799.2 -59.85
799.36 -59.67
799.52 -59.31
799.68 -59.23
799.84 -58.59
800.0 -58.74
800.16 -58.99
800.32 -59.55
800.48 -59.95
800.64 -59.66
800.8 -59.46
800.96 -58.96
801.12 -58.71
801.28 -58.99
801.44 -59.11
801.6 -59.55
801.76 -59.58
801.92 -59.77
802.08 -59.4
802.24 -59.35
802.4 -58.8
802.56 -58.69
802.72 -58.58
802.88 -59.21
803.04 -59.49
803.2 -59.89
803.36 -59.67
803.52 -59.52
803.68 -59.0
803.84 -58.69
804.0 -58.82
804.16 -58.95
804.32 -59.11
804.48 -59.87
804.64 -59.61
804.8 -59.28
804.96 -58.88
805.12 -58.37
805.28 -58.52
805.44 -58.59
805.6 -58.97
805.76 -59.48
805.92 -59.22
806.08 -59.04
806.24 -58.15
806.4 -57.38
806.56 -56.53
806.72 -56.14
806.88 -55.35
807.04 -54.75
807.2 -53.59
807.36 -52.1
807.52 -50.6
807.68 -49.01
807.84 -48.11
808.0 -47.97
808.16 -48.45
808.32 -49.23
808.48 -49.88
808.64 -49.92
808.8 -49.98
808.96 -50.78
809.12 -52.2
809.28 -54.39
809.44 -56.8
809.6 -58.16
809.76 -59.03
809.92 -59.23
810.08 -58.71
810.24 -58.44
810.4 -58.43
810.56 -58.64
810.72 -58.71
810.88 -59.17
811.04 -59.48
811.2 -59.87
811.36 -59.58
811.52 -59.05
811.68 -58.6
811.84 -58.45
812.0 -58.68
812.16 -58.92
812.32 -59.41
812.48 -59.79
812.64 -59.42
812.8 -59.03
812.96 -58.74
813.12 -58.81
813.28 -58.99
813.44 -59.14
813.6 -59.31
813.76 -59.69
813.92 -59.62
814.08 -59.27
814.24 -58.87
814.4 -58.87
814.56 -58.56
814.72 -59.11
814.88 -59.23
815.04 -59.73
815.2 -59.61
815.36 -59.22
815.52 -59.17
815.68 -58.64
815.84 -58.88
816.0 -58.87
816.16 -59.4
816.32 -59.64
816.48 -59.44
816.64 -59.47
816.8 -59.09
816.96 -58.82
817.12 -58.55
817.28 -58.73
817.44 -58.97
817.6 -59.1
817.76 -59.5
817.92 -59.63
818.08 -59.3
818.24 -58.79
818.4 -58.71
818.56 -58.51
818.72 -58.71
818.88 -59.05
819.04 -59.61
819.2 -59.52
819.36 -59.44
819.52 -59.25
819.68 -58.74
819.84 -58.52
820.0 -58.61
820.16 -58.86
820.32 -59.23
820.48 -59.43
820.64 -59.61
820.8 -59.21
820.96 -58.93
821.12 -58.82
821.28 -58.64
821.44 -58.5
821.6 -58.65
821.76 -59.11
821.92 -59.47
822.08 -59.52
822.24 -59.01
822.4 -58.75
822.56 -58.48
822.72 -58.49
822.88 -59.02
823.04 -59.17
823.2 -59.16
823.36 -59.34
823.52 -59.35
823.68 -58.9
823.84 -58.67
824.0 -58.48
824.16 -58.41
824.32 -58.68
824.48 -59.13
824.64 -59.19
824.8 -59.45
824.96 -59.24
825.12 -59.12
825.28 -58.79
825.44 -58.42
825.6 -58.44
825.76 -58.71
825.92 -59.13
826.08 -59.13
826.24 -59.19
826.4 -59.0
826.56 -58.8
826.72 -58.42
826.88 -58.45
827.04 -58.59
827.2 -58.73
827.36 -59.0
827.52 -59.38
827.68 -59.1
827.84 -59.17
828.0 -58.77
828.16 -58.51
828.32 -58.33
828.48 -58.29
828.64 -58.9
828.8 -58.98
828.96 -59.18
829.12 -58.86
829.28 -58.92
829.44 -58.59
829.6 -58.45
829.76 -58.33
829.92 -58.39
830.08 -58.67
830.24 -58.77
830.4 -58.91
830.56 -58.9
830.72 -59.01
830.88 -58.52
831.04 -58.41
831.2 -58.22
831.36 -58.28
831.52 -58.56
831.68 -58.88
831.84 -58.8
832.0 -59.14
832.16 -58.77
832.32 -58.73
832.48 -58.52
832.64 -58.27
832.8 -58.33
832.96 -58.44
833.12 -58.53
833.28 -58.9
833.44 -58.99
833.6 -58.66
833.76 -58.46
833.92 -58.21
834.08 -58.04
834.24 -57.82
834.4 -58.07
834.56 -58.18
834.72 -58.48
834.88 -58.75
835.04 -58.49
835.2 -58.42
835.36 -58.05
835.52 -57.88
835.68 -57.91
835.84 -58.03
836.0 -58.29
836.16 -58.57
836.32 -58.68
836.48 -58.76
836.64 -58.58
836.8 -58.23
836.96 -57.94
837.12 -57.99
837.28 -58.06
837.44 -58.31
837.6 -58.43
837.76 -58.65
837.92 -58.8
838.08 -58.51
838.24 -58.18
838.4 -58.29
838.56 -58.08
838.72 -58.01
838.88 -58.45
839.04 -58.53
839.2 -58.84
839.36 -58.78
839.52 -58.67
839.68 -58.49
839.84 -58.32
840.0 -58.18
840.16 -58.11
840.32 -58.15
840.48 -58.44
840.64 -58.75
840.8 -58.69
840.96 -58.49
841.12 -58.51
841.28 -58.23
841.44 -58.18
841.6 -58.33
841.76 -58.25
841.92 -58.41
842.08 -58.81
842.24 -58.85
842.4 -58.83
842.56 -58.66
842.72 -58.55
842.88 -58.27
843.04 -58.2
843.2 -58.26
843.36 -58.28
843.52 -58.41
843.68 -58.73
843.84 -58.67
844.0 -58.52
844.16 -58.43
844.32 -58.39
844.48 -58.17
844.64 -58.1
844.8 -58.49
844.96 -58.51
845.12 -58.44
845.28 -58.82
845.44 -58.7
845.6 -58.67
845.76 -58.29
845.92 -58.38
846.08 -58.09
846.24 -58.13
846.4 -58.38
846.56 -58.67
846.72 -58.55
846.88 -58.74
847.04 -58.57
847.2 -58.41
847.36 -58.41
847.52 -58.1
847.68 -58.27
847.84 -58.2
848.0 -58.51
848.16 -58.55
848.32 -58.71
848.48 -58.64
848.64 -58.48
848.8 -58.39
848.96 -58.11
849.12 -58.01
849.28 -58.2
849.44 -58.3
849.6 -58.29
849.76 -58.58
849.92 -58.68
850.08 -58.55
850.24 -58.17
850.4 -58.18
850.56 -58.11
850.72 -58.02
850.88 -58.29
851.04 -58.2
851.2 -58.57
851.36 -58.37
851.52 -58.64
851.68 -58.52
851.84 -58.23
852.0 -58.11
852.16 -58.01
852.32 -57.99
852.48 -58.02
852.64 -58.5
852.8 -58.38
852.96 -58.42
853.12 -58.44
853.28 -58.59
853.44 -58.21
853.6 -58.11
853.76 -58.07
853.92 -58.15
854.08 -58.14
854.24 -58.33
854.4 -58.51
854.56 -58.5
854.72 -58.56
854.88 -58.46
855.04 -58.09
855.2 -57.98
855.36 -58.01
855.52 -57.86
855.68 -57.98
855.84 -58.27
856.0 -58.32
856.16 -58.44
856.32 -58.34
856.48 -58.26
856.64 -57.98
856.8 -58.14
856.96 -58.06
857.12 -57.94
857.28 -58.07
857.44 -58.17
857.6 -58.47
857.76 -58.47
857.92 -58.49
858.08 -58.1
858.24 -58.22
858.4 -58.08
858.56 -57.92
858.72 -58.11
858.88 -57.96
859.04 -58.28
859.2 -58.32
859.36 -58.52
859.52 -58.4
859.68 -58.31
859.84 -58.34
860.0 -57.98
860.16 -58.04
860.32 -57.8
860.48 -57.86
860.64 -57.94
860.8 -58.21
860.96 -58.18
861.12 -58.3
861.28 -58.36
861.44 -58.03
861.6 -57.94
861.76 -58.01
861.92 -57.91
862.08 -57.86
862.24 -57.94
862.4 -58.17
862.56 -58.02
862.72 -58.46
862.88 -58.49
863.04 -58.15
863.2 -58.09
863.36 -58.03
863.52 -57.88
863.68 -57.94
863.84 -57.85
864.0 -58.1
864.16 -58.1
864.32 -58.5
864.48 -58.37
864.64 -58.3
864.8 -58.06
864.96 -57.92
865.12 -58.13
865.28 -57.75
865.44 -57.82
865.6 -57.86
865.76 -57.95
865.92 -58.27
866.08 -58.3
866.24 -58.11
866.4 -58.12
866.56 -58.0
866.72 -58.01
866.88 -57.83
867.04 -57.82
867.2 -58.14
867.36 -57.89
867.52 -58.14
867.68 -58.25
867.84 -58.19
868.0 -58.09
868.16 -58.02
868.32 -57.94
868.48 -57.77
868.64 -57.86
868.8 -57.74
868.96 -57.85
869.12 -57.95
869.28 -58.08
869.44 -58.18
869.6 -58.17
869.76 -58.21
869.92 -57.87
870.08 -57.72
870.24 -57.72
870.4 -57.71
870.56 -57.94
870.72 -58.12
870.88 -58.1
871.04 -58.16
871.2 -58.23
871.36 -58.33
871.52 -58.1
871.68 -57.72
871.84 -57.82
872.0 -57.63
872.16 -57.83
872.32 -57.75
872.48 -57.95
872.64 -57.95
872.8 -58.0
872.96 -58.03
873.12 -58.02
873.28 -57.96
873.44 -57.67
873.6 -57.63
873.76 -57.63
873.92 -57.81
874.08 -57.65
874.24 -57.84
874.4 -58.07
874.56 -57.95
874.72 -58.07
874.88 -58.01
875.04 -57.81
875.2 -57.87
875.36 -57.78
875.52 -57.59
875.68 -57.75
875.84 -57.72
876.0 -57.8
876.16 -57.85
876.32 -58.09
876.48 -57.88
876.64 -58.0
876.8 -58.02
876.96 -57.7
877.12 -57.68
877.28 -57.59
877.44 -57.66
877.6 -57.69
877.76 -57.74
877.92 -57.65
878.08 -57.84
878.24 -57.96
878.4 -57.91
878.56 -57.81
878.72 -57.64
878.88 -57.71
879.04 -57.52
879.2 -57.7
879.36 -57.66
879.52 -57.82
879.68 -57.87
879.84 -57.76
880.0 -57.85
880.16 -57.86
880.32 -57.72
880.48 -57.74
880.64 -57.68
880.8 -57.51
880.96 -57.43
881.12 -57.61
881.28 -57.54
881.44 -57.97
881.6 -57.89
881.76 -57.75
881.92 -57.99
882.08 -57.9
882.24 -57.72
882.4 -57.54
882.56 -57.42
882.72 -57.36
882.88 -57.49
883.04 -57.52
883.2 -57.51
883.36 -57.73
883.52 -57.72
883.68 -57.93
883.84 -57.69
884.0 -57.66
884.16 -57.69
884.32 -57.6
884.48 -57.42
884.64 -57.5
884.8 -57.45
884.96 -57.6
885.12 -57.73
885.28 -57.72
885.44 -57.75
885.6 -57.74
885.76 -57.74
885.92 -57.47
886.08 -57.49
886.24 -57.44
886.4 -57.58
886.56 -57.56
886.72 -57.68
886.88 -57.66
887.04 -57.84
887.2 -57.8
887.36 -57.81
887.52 -57.67
887.68 -57.66
887.84 -57.43
888.0 -57.47
888.16 -57.44
888.32 -57.43
888.48 -57.39
888.64 -57.44
888.8 -57.67
888.96 -57.71
889.12 -57.56
889.28 -57.63
889.44 -57.76
889.6 -57.48
889.76 -57.43
889.92 -57.4
890.08 -57.49
890.24 -57.46
890.4 -57.43
890.56 -57.44
890.72 -57.57
890.88 -57.51
891.04 -57.39
891.2 -57.54
891.36 -57.47
891.52 -57.41
891.68 -57.27
891.84 -57.27
892.0 -57.45
892.16 -57.49
892.32 -57.62
892.48 -57.62
892.64 -57.42
892.8 -57.57
892.96 -57.53
893.12 -57.47
893.28 -57.46
893.44 -57.42
893.6 -57.17
893.76 -57.51
893.92 -57.51
894.08 -57.63
894.24 -57.51
894.4 -57.6
894.56 -57.55
894.72 -57.67
894.88 -57.48
895.04 -57.43
895.2 -57.52
895.36 -57.25
895.52 -57.32
895.68 -57.44
895.84 -57.46
896.0 -57.45
896.16 -57.47
896.32 -57.57
896.48 -57.63
896.64 -57.49
896.8 -57.68
896.96 -57.43
897.12 -57.43
897.28 -57.37
897.44 -57.25
897.6 -57.42
897.76 -57.28
897.92 -57.39
898.08 -57.45
898.24 -57.44
898.4 -57.41
898.56 -57.55
898.72 -57.57
898.88 -57.51
899.04 -57.32
899.2 -57.28
899.36 -57.25
899.52 -57.2
899.68 -57.26
899.84 -57.37
900.0 -57.42
