740.0 -60.83
740.16 -61.07
740.32 -61.01
740.48 -61.13
740.64 -61.32
740.8 -60.94
740.96 -60.88
741.12 -61.15
741.28 -61.18
741.44 -61.22
741.6 -61.26
741.76 -60.98
741.92 -60.93
742.08 -61.01
742.24 -61.28
742.4 -61.38
742.56 -61.24
742.72 -60.77
742.88 -60.77
743.04 -60.88
743.2 -61.13
743.36 -60.94
743.52 -61.13
743.68 -60.84
743.84 -60.97
744.0 -60.73
744.16 -60.86
744.32 -61.14
744.48 -61.04
744.64 -60.79
744.8 -60.97
744.96 -61.13
745.12 -60.88
745.28 -60.91
745.44 -61.09
745.6 -60.92
745.76 -60.85
745.92 -61.05
746.08 -61.04
746.24 -60.85
746.4 -60.84
746.56 -60.78
746.72 -60.85
746.88 -60.78
747.04 -60.8
747.2 -60.89
747.36 -60.85
747.52 -61.21
747.68 -61.12
747.84 -60.89
748.0 -61.39
748.16 -60.88
748.32 -61.24
748.48 -60.94
748.64 -60.82
748.8 -60.91
748.96 -60.97
749.12 -61.04
749.28 -60.66
749.44 -60.92
749.6 -61.03
749.76 -60.94
749.92 -60.95
750.08 -61.01
750.24 -61.17
750.4 -60.95
750.56 -61.08
750.72 -60.89
750.88 -60.97
751.04 -60.92
751.2 -60.79
751.36 -60.74
751.52 -60.88
751.68 -61.08
751.84 -60.82
752.0 -61.07
752.16 -60.78
752.32 -60.62
752.48 -60.67
752.64 -60.84
752.8 -60.79
752.96 -60.82
753.12 -60.98
753.28 -61.01
753.44 -61.24
753.6 -60.88
753.76 -61.0
753.92 -61.16
754.08 -60.73
754.24 -60.81
754.4 -61.0
754.56 -60.66
754.72 -60.99
754.88 -60.84
755.04 -60.68
755.2 -60.85
755.36 -60.83
755.52 -60.64
755.68 -60.79
755.84 -60.95
756.0 -60.71
756.16 -60.59
756.32 -60.7
756.48 -60.71
756.64 -60.5
756.8 -60.71
756.96 -61.13
757.12 -60.74
757.28 -60.22
757.44 -60.61
757.6 -61.07
757.76 -60.85
757.92 -61.07
758.08 -61.22
758.24 -60.8
758.4 -60.7
758.56 -60.6
758.72 -60.81
758.88 -60.28
759.04 -61.01
759.2 -60.83
759.36 -60.72
759.52 -60.93
759.68 -60.77
759.84 -60.74
760.0 -60.99
760.16 -60.87
760.32 -60.83
760.48 -61.12
760.64 -60.92
760.8 -60.35
760.96 -60.46
761.12 -60.38
761.28 -60.52
761.44 -60.58
761.6 -60.78
761.76 -60.84
761.92 -60.88
762.08 -60.68
762.24 -60.91
762.4 -60.76
762.56 -60.63
762.72 -60.74
762.88 -60.74
763.04 -60.55
763.2 -60.79
763.36 -60.68
763.52 -60.7
763.68 -60.93
763.84 -60.84
764.0 -60.81
764.16 -61.15
764.32 -60.85
764.48 -60.39
764.64 -60.99
764.8 -60.67
764.96 -60.71
765.12 -60.41
765.28 -60.34
765.44 -60.72
765.6 -61.03
765.76 -61.03
765.92 -60.57
766.08 -60.76
766.24 -60.49
766.4 -60.94
766.56 -60.82
766.72 -60.61
766.88 -60.67
767.04 -60.59
767.2 -60.21
767.36 -60.83
767.52 -60.45
767.68 -60.71
767.84 -60.48
768.0 -60.52
768.16 -60.63
768.32 -61.02
768.48 -60.88
768.64 -60.47
768.8 -60.49
768.96 -60.44
769.12 -60.67
769.28 -60.27
769.44 -60.45
769.6 -60.46
769.76 -60.66
769.92 -60.9
770.08 -60.57
770.24 -60.96
770.4 -60.73
770.56 -60.66
770.72 -60.51
770.88 -60.53
771.04 -60.19
771.2 -60.57
771.36 -60.43
771.52 -60.43
771.68 -60.87
771.84 -61.09
772.0 -61.03
772.16 -60.72
772.32 -60.54
772.48 -60.42
772.64 -60.44
772.8 -60.33
772.96 -60.49
773.12 -60.59
773.28 -60.82
773.44 -61.12
773.6 -60.49
773.76 -60.64
773.92 -60.8
774.08 -60.44
774.24 -60.5
774.4 -60.48
774.56 -60.23
774.72 -60.22
774.88 -60.7
775.04 -60.89
775.2 -61.12
775.36 -60.51
775.52 -60.57
775.68 -60.73
775.84 -60.41
776.0 -60.19
776.16 -60.52
776.32 -60.59
776.48 -60.36
776.64 -60.28
776.8 -60.56
776.96 -60.69
777.12 -60.39
777.28 -60.52
777.44 -60.43
777.6 -60.37
777.76 -60.54
777.92 -60.65
778.08 -60.17
778.24 -60.82
778.4 -60.46
778.56 -60.54
778.72 -60.74
778.88 -60.33
779.04 -60.52
779.2 -60.41
779.36 -60.58
779.52 -60.48
779.68 -60.47
779.84 -60.42
780.0 -60.38
780.16 -60.58
780.32 -60.36
780.48 -60.63
780.64 -60.37
780.8 -60.34
780.96 -60.71
781.12 -60.77
781.28 -60.47
781.44 -60.27
781.6 -60.09
781.76 -60.3
781.92 -60.55
782.08 -60.56
782.24 -60.18
782.4 -60.26
782.56 -60.35
782.72 -60.58
782.88 -60.38
783.04 -60.25
783.2 -60.34
783.36 -60.54
783.52 -60.27
783.68 -60.24
783.84 -60.24
784.0 -60.23
784.16 -60.57
784.32 -60.18
784.48 -60.41
784.64 -60.35
784.8 -60.1
784.96 -59.97
785.12 -60.47
785.28 -60.13
785.44 -60.13
785.6 -60.1
785.76 -60.61
785.92 -60.15
786.08 -60.21
786.24 -60.56
786.4 -60.38
786.56 -60.03
786.72 -60.47
786.88 -60.23
787.04 -59.87
787.2 -60.33
787.36 -60.11
787.52 -60.36
787.68 -60.33
787.84 -60.42
788.0 -60.2
788.16 -60.0
788.32 -60.47
788.48 -60.58
788.64 -60.27
788.8 -59.92
788.96 -60.27
789.12 -60.3
789.28 -60.27
789.44 -60.17
789.6 -60.82
789.76 -60.21
789.92 -60.4
790.08 -60.5
790.24 -60.46
790.4 -60.13
790.56 -60.1
790.72 -60.09
790.88 -60.01
791.04 -59.77
791.2 -60.43
791.36 -60.48
791.52 -59.99
791.68 -60.29
791.84 -60.34
792.0 -60.07
792.16 -60.14
792.32 -60.06
792.48 -59.91
792.64 -60.08
792.8 -59.86
792.96 -60.23
793.12 -60.31
793.28 -60.06
793.44 -60.24
793.6 -59.96
793.76 -59.93
793.92 -59.86
794.08 -60.34
794.24 -60.23
794.4 -60.21
794.56 -60.22
794.72 -60.2
794.88 -60.01
795.04 -60.3
795.2 -59.9
795.36 -59.69
795.52 -59.96
795.68 -60.07
795.84 -60.28
796.0 -59.99
796.16 -60.32
796.32 -60.24
796.48 -59.9
796.64 -60.09
796.8 -59.91
796.96 -59.95
797.12 -59.42
797.28 -59.94
797.44 -60.21
797.6 -60.0
797.76 -59.89
797.92 -59.97
798.08 -60.16
798.24 -59.94
798.4 -59.7
798.56 -59.78
798.72 -60.16
798.88 -60.17
799.04 -60.0
799.2 -59.74
799.36 -60.14
799.52 -59.82
799.68 -59.85
799.84 -59.87
800.0 -59.76
800.16 -59.86
800.32 -59.97
800.48 -59.82
800.64 -59.68
800.8 -59.82
800.96 -59.82
801.12 -59.61
801.28 -59.85
801.44 -59.94
801.6 -60.01
801.76 -59.88
801.92 -59.93
802.08 -59.66
802.24 -59.66
802.4 -59.9
802.56 -59.95
802.72 -60.36
802.88 -59.97
803.04 -59.96
803.2 -59.92
803.36 -59.6
803.52 -59.71
803.68 -59.56
803.84 -60.21
804.0 -60.11
804.16 -60.14
804.32 -59.68
804.48 -59.98
804.64 -59.81
804.8 -59.52
804.96 -59.85
805.12 -59.97
805.28 -59.92
805.44 -59.81
805.6 -59.86
805.76 -59.58
805.92 -59.31
806.08 -59.05
806.24 -58.89
806.4 -58.56
806.56 -58.21
806.72 -57.27
806.88 -56.14
807.04 -55.15
807.2 -53.55
807.36 -51.76
807.52 -50.69
807.68 -49.86
807.84 -49.31
808.0 -49.35
808.16 -49.67
808.32 -50.0
808.48 -50.09
808.64 -49.85
808.8 -49.9
808.96 -50.67
809.12 -52.42
809.28 -55.53
809.44 -57.74
809.6 -58.59
809.76 -59.19
809.92 -59.24
810.08 -59.17
810.24 -59.4
810.4 -59.26
810.56 -59.69
810.72 -59.9
810.88 -59.82
811.04 -59.68
811.2 -59.46
811.36 -59.58
811.52 -59.72
811.68 -59.7
811.84 -59.97
812.0 -59.97
812.16 -60.34
812.32 -60.0
812.48 -59.7
812.64 -59.58
812.8 -59.82
812.96 -59.88
813.12 -59.73
813.28 -59.85
813.44 -60.22
813.6 -60.16
813.76 -59.91
813.92 -59.82
814.08 -60.04
814.24 -59.92
814.4 -59.82
814.56 -60.4
814.72 -60.18
814.88 -60.01
815.04 -59.7
815.2 -59.95
815.36 -59.78
815.52 -60.01
815.68 -59.89
815.84 -60.06
816.0 -60.0
816.16 -59.97
816.32 -60.03
816.48 -59.59
816.64 -60.02
816.8 -59.73
816.96 -60.09
817.12 -60.3
817.28 -60.17
817.44 -60.02
817.6 -60.08
817.76 -59.84
817.92 -59.93
818.08 -59.94
818.24 -59.93
818.4 -59.72
818.56 -60.12
818.72 -59.97
818.88 -59.88
819.04 -59.87
819.2 -59.85
819.36 -60.15
819.52 -60.0
819.68 -59.67
819.84 -59.93
820.0 -59.81
820.16 -59.91
820.32 -59.81
820.48 -60.11
820.64 -60.15
820.8 -59.97
820.96 -59.95
821.12 -59.81
821.28 -59.89
821.44 -59.93
821.6 -59.84
821.76 -59.96
821.92 -59.98
822.08 -59.9
822.24 -60.1
822.4 -59.88
822.56 -59.82
822.72 -59.91
822.88 -60.17
823.04 -60.1
823.2 -60.36
823.36 -60.03
823.52 -60.31
823.68 -60.23
823.84 -59.8
824.0 -59.87
824.16 -59.84
824.32 -59.91
824.48 -59.63
824.64 -59.8
824.8 -59.98
824.96 -59.74
825.12 -60.01
825.28 -60.04
825.44 -59.86
825.6 -60.03
825.76 -59.71
825.92 -59.8
826.08 -59.61
826.24 -60.04
826.4 -59.69
826.56 -59.78
826.72 -59.81
826.88 -59.84
827.04 -59.57
827.2 -59.78
827.36 -60.29
827.52 -60.08
827.68 -60.01
827.84 -59.74
828.0 -59.78
828.16 -59.72
828.32 -59.66
828.48 -59.84
828.64 -59.92
828.8 -60.1
828.96 -59.64
829.12 -59.93
829.28 -59.71
829.44 -59.64
829.6 -59.78
829.76 -59.9
829.92 -59.87
830.08 -59.8
830.24 -59.75
830.4 -59.62
830.56 -59.69
830.72 -59.91
830.88 -59.82
831.04 -59.94
831.2 -59.78
831.36 -59.7
831.52 -59.59
831.68 -59.92
831.84 -60.11
832.0 -59.7
832.16 -59.84
832.32 -59.71
832.48 -59.57
832.64 -59.7
832.8 -59.6
832.96 -59.76
833.12 -59.95
833.28 -59.65
833.44 -59.59
833.6 -59.46
833.76 -59.31
833.92 -59.4
834.08 -59.8
834.24 -59.47
834.4 -59.59
834.56 -59.47
834.72 -59.67
834.88 -59.46
835.04 -59.29
835.2 -59.57
835.36 -59.53
835.52 -59.68
835.68 -59.74
835.84 -59.54
836.0 -59.58
836.16 -59.41
836.32 -59.68
836.48 -59.56
836.64 -59.91
836.8 -59.88
836.96 -59.57
837.12 -59.51
837.28 -59.44
837.44 -59.73
837.6 -59.67
837.76 -59.55
837.92 -59.53
838.08 -59.57
838.24 -59.67
838.4 -59.8
838.56 -59.38
838.72 -59.81
838.88 -59.8
839.04 -59.75
839.2 -59.99
839.36 -59.65
839.52 -59.93
839.68 -59.82
839.84 -59.82
840.0 -59.78
840.16 -59.95
840.32 -60.05
840.48 -60.01
840.64 -59.91
840.8 -59.91
840.96 -60.36
841.12 -60.04
841.28 -59.86
841.44 -59.8
841.6 -60.06
841.76 -59.86
841.92 -60.11
842.08 -59.72
842.24 -60.08
842.4 -60.11
842.56 -59.92
842.72 -59.92
842.88 -59.72
843.04 -59.84
843.2 -60.2
843.36 -59.99
843.52 -59.84
843.68 -59.79
843.84 -59.89
844.0 -59.94
844.16 -60.07
844.32 -60.03
844.48 -59.88
844.64 -59.93
844.8 -60.06
844.96 -59.93
845.12 -60.1
845.28 -59.93
845.44 -60.13
845.6 -60.08
845.76 -60.04
845.92 -59.74
846.08 -60.0
846.24 -60.01
846.4 -60.03
846.56 -59.9
846.72 -59.99
846.88 -60.16
847.04 -59.74
847.2 -59.75
847.36 -60.07
847.52 -60.15
847.68 -60.09
847.84 -60.03
848.0 -59.83
848.16 -59.9
848.32 -60.22
848.48 -60.3
848.64 -59.73
848.8 -60.1
848.96 -59.93
849.12 -60.05
849.28 -59.95
849.44 -59.98
849.6 -60.03
849.76 -59.88
849.92 -59.99
850.08 -60.2
850.24 -60.06
850.4 -59.96
850.56 -59.97
850.72 -59.66
850.88 -59.98
851.04 -60.32
851.2 -60.1
851.36 -59.94
851.52 -59.96
851.68 -59.98
851.84 -60.24
852.0 -59.93
852.16 -60.16
852.32 -60.17
852.48 -60.04
852.64 -59.9
852.8 -60.1
852.96 -60.11
853.12 -60.06
853.28 -59.87
853.44 -59.92
853.6 -60.3
853.76 -59.99
853.92 -59.96
854.08 -60.3
854.24 -59.98
854.4 -60.01
854.56 -59.75
854.72 -60.16
854.88 -59.97
855.04 -60.23
855.2 -59.91
855.36 -59.81
855.52 -60.17
855.68 -60.08
855.84 -60.44
856.0 -60.15
856.16 -59.96
856.32 -60.02
856.48 -60.07
856.64 -60.28
856.8 -60.25
856.96 -60.38
857.12 -59.94
857.28 -59.65
857.44 -59.8
857.6 -60.1
857.76 -60.42
857.92 -60.19
858.08 -59.66
858.24 -59.75
858.4 -60.02
858.56 -60.18
858.72 -60.15
858.88 -60.07
859.04 -59.86
859.2 -59.78
859.36 -59.69
859.52 -59.88
859.68 -60.0
859.84 -60.12
860.0 -60.2
860.16 -59.6
860.32 -59.78
860.48 -59.95
860.64 -59.84
860.8 -60.16
860.96 -59.76
861.12 -59.9
861.28 -59.42
861.44 -60.06
861.6 -60.14
861.76 -60.21
861.92 -60.06
862.08 -60.09
862.24 -60.01
862.4 -60.3
862.56 -60.33
862.72 -60.56
862.88 -60.23
863.04 -60.03
863.2 -60.14
863.36 -60.5
863.52 -60.49
863.68 -60.33
863.84 -60.17
864.0 -60.22
864.16 -60.53
864.32 -60.26
864.48 -60.58
864.64 -60.54
864.8 -60.95
864.96 -60.2
865.12 -60.18
865.28 -60.46
865.44 -60.8
865.6 -60.42
865.76 -60.14
865.92 -60.11
866.08 -60.31
866.24 -60.61
866.4 -60.99
866.56 -60.48
866.72 -60.38
866.88 -60.38
867.04 -60.79
867.2 -60.45
867.36 -60.56
867.52 -60.43
867.68 -60.53
867.84 -60.8
868.0 -60.91
868.16 -60.62
868.32 -60.6
868.48 -60.48
868.64 -60.31
868.8 -60.49
868.96 -60.79
869.12 -60.68
869.28 -60.28
869.44 -60.61
869.6 -60.36
869.76 -60.3
869.92 -61.04
870.08 -60.36
870.24 -60.15
870.4 -60.25
870.56 -60.3
870.72 -60.43
870.88 -60.59
871.04 -60.39
871.2 -60.58
871.36 -60.47
871.52 -60.46
871.68 -60.44
871.84 -60.38
872.0 -60.53
872.16 -60.42
872.32 -60.16
872.48 -60.39
872.64 -60.48
872.8 -60.42
872.96 -60.29
873.12 -60.26
873.28 -60.21
873.44 -60.3
873.6 -60.56
873.76 -60.22
873.92 -60.27
874.08 -60.16
874.24 -60.59
874.4 -60.29
874.56 -60.39
874.72 -60.16
874.88 -60.28
875.04 -60.26
875.2 -60.05
875.36 -60.32
875.52 -60.34
875.68 -59.92
875.84 -60.19
876.0 -60.24
876.16 -60.1
876.32 -59.99
876.48 -60.1
876.64 -60.21
876.8 -60.13
876.96 -60.44
877.12 -60.34
877.28 -60.05
877.44 -59.99
877.6 -60.09
877.76 -60.02
877.92 -60.08
878.08 -59.89
878.24 -59.85
878.4 -59.91
878.56 -60.0
878.72 -60.14
878.88 -59.89
879.04 -59.82
879.2 -60.13
879.36 -60.12
879.52 -60.16
879.68 -59.93
879.84 -59.87
880.0 -59.94
880.16 -59.93
880.32 -59.92
880.48 -59.98
880.64 -59.9
880.8 -59.84
880.96 -59.89
881.12 -59.96
881.28 -60.05
881.44 -59.96
881.6 -60.11
881.76 -59.8
881.92 -59.87
882.08 -59.81
882.24 -60.17
882.4 -60.05
882.56 -59.9
882.72 -59.72
882.88 -59.73
883.04 -59.88
883.2 -60.07
883.36 -59.62
883.52 -59.62
883.68 -59.92
883.84 -60.14
884.0 -59.78
884.16 -59.78
884.32 -59.71
884.48 -59.93
884.64 -59.96
884.8 -59.92
884.96 -59.78
885.12 -59.87
885.28 -60.13
885.44 -59.85
885.6 -59.92
885.76 -59.81
885.92 -59.79
886.08 -59.74
886.24 -60.02
886.4 -60.03
886.56 -59.89
886.72 -60.01
886.88 -59.85
887.04 -59.53
887.2 -59.73
887.36 -59.71
887.52 -60.02
887.68 -59.84
887.84 -59.68
888.0 -59.68
888.16 -59.68
888.32 -59.95
888.48 -59.69
888.64 -60.0
888.8 -59.65
888.96 -59.89
889.12 -59.82
889.28 -59.87
889.44 -59.65
889.6 -59.87
889.76 -59.51
889.92 -59.72
890.08 -59.97
890.24 -59.67
890.4 -59.89
890.56 -59.68
890.72 -59.75
890.88 -59.68
891.04 -59.37
891.2 -59.71
891.36 -59.66
891.52 -59.87
891.68 -59.51
891.84 -59.6
892.0 -59.8
892.16 -59.88
892.32 -60.04
892.48 -59.88
892.64 -59.66
892.8 -59.69
892.96 -59.97
893.12 -59.7
893.28 -59.59
893.44 -59.34
893.6 -59.59
893.76 -59.59
893.92 -59.68
894.08 -59.58
894.24 -59.34
894.4 -59.98
894.56 -59.78
894.72 -59.63
894.88 -59.61
895.04 -59.76
895.2 -59.69
895.36 -59.59
895.52 -59.67
895.68 -59.77
895.84 -59.59
896.0 -59.55
896.16 -59.76
896.32 -59.7
896.48 -59.54
896.64 -59.63
896.8 -59.55
896.96 -59.75
897.12 -59.6
897.28 -59.41
897.44 -59.53
897.6 -59.45
897.76 -59.74
897.92 -59.84
898.08 -59.47
898.24 -59.37
898.4 -59.46
898.56 -59.87
898.72 -59.69
898.88 -59.6
899.04 -59.62
899.2 -59.49
899.36 -59.56
899.52 -59.6
899.68 -59.63
899.84 -59.66
900.0 -59.53
