740.0 -61.67
740.16 -62.06
740.32 -61.6
740.48 -61.6
740.64 -61.79
740.8 -61.7
740.96 -61.66
741.12 -61.61
741.28 -61.89
741.44 -62.12
741.6 -61.51
741.76 -61.67
741.92 -61.63
742.08 -61.9
742.24 -61.82
742.4 -61.89
742.56 -61.74
742.72 -61.76
742.88 -62.08
743.04 -61.64
743.2 -61.73
743.36 -61.91
743.52 -61.64
743.68 -61.72
743.84 -61.65
744.0 -61.81
744.16 -61.63
744.32 -61.77
744.48 -61.84
744.64 -61.86
744.8 -61.68
744.96 -62.0
745.12 -61.8
745.28 -61.45
745.44 -61.82
745.6 -61.96
745.76 -61.45
745.92 -62.18
746.08 -61.87
746.24 -61.62
746.4 -61.85
746.56 -61.85
746.72 -61.99
746.88 -62.03
747.04 -61.74
747.2 -61.78
747.36 -62.17
747.52 -61.63
747.68 -61.59
747.84 -62.08
748.0 -61.98
748.16 -61.73
748.32 -61.61
748.48 -62.16
748.64 -61.8
748.8 -61.76
748.96 -61.87
749.12 -61.97
749.28 -61.98
749.44 -61.73
749.6 -61.69
749.76 -61.75
749.92 -62.12
750.08 -61.79
750.24 -61.56
750.4 -61.57
750.56 -61.5
750.72 -62.06
750.88 -62.15
751.04 -61.83
751.2 -61.62
751.36 -61.95
751.52 -61.89
751.68 -62.02
751.84 -62.05
752.0 -61.97
752.16 -61.65
752.32 -61.96
752.48 -61.97
752.64 -62.24
752.8 -61.9
752.96 -61.8
753.12 -61.41
753.28 -61.9
753.44 -62.02
753.6 -61.79
753.76 -61.78
753.92 -61.96
754.08 -61.75
754.24 -61.7
754.4 -61.69
754.56 -61.87
754.72 -61.61
754.88 -61.7
755.04 -61.59
755.2 -61.68
755.36 -61.36
755.52 -61.64
755.68 -61.8
755.84 -61.44
756.0 -62.04
756.16 -61.68
756.32 -61.63
756.48 -61.35
756.64 -61.43
756.8 -61.37
756.96 -61.85
757.12 -61.37
757.28 -61.48
757.44 -61.66
757.6 -61.49
757.76 -61.74
757.92 -61.45
758.08 -61.59
758.24 -61.8
758.4 -61.61
758.56 -61.62
758.72 -61.44
758.88 -61.25
759.04 -61.85
759.2 -62.04
759.36 -61.36
759.52 -61.41
759.68 -61.57
759.84 -61.55
760.0 -61.55
760.16 -61.4
760.32 -61.94
760.48 -61.66
760.64 -61.77
760.8 -61.58
760.96 -61.41
761.12 -61.43
761.28 -61.75
761.44 -61.92
761.6 -61.7
761.76 -61.13
761.92 -61.36
762.08 -61.64
762.24 -61.69
762.4 -61.62
762.56 -61.64
762.72 -61.37
762.88 -61.73
763.04 -61.44
763.2 -61.37
763.36 -61.45
763.52 -61.45
763.68 -61.12
763.84 -61.39
764.0 -61.58
764.16 -61.48
764.32 -61.19
764.48 -61.65
764.64 -61.73
764.8 -61.5
764.96 -61.79
765.12 -61.38
765.28 -61.24
765.44 -61.46
765.6 -61.43
765.76 -61.53
765.92 -61.42
766.08 -61.01
766.24 -61.63
766.4 -61.52
766.56 -61.65
766.72 -61.4
766.88 -61.48
767.04 -61.69
767.2 -61.27
767.36 -61.73
767.52 -61.22
767.68 -61.37
767.84 -61.52
768.0 -61.42
768.16 -61.18
768.32 -61.18
768.48 -61.24
768.64 -61.7
768.8 -61.26
768.96 -61.35
769.12 -61.15
769.28 -61.2
769.44 -61.01
769.6 -61.67
769.76 -61.34
769.92 -61.33
770.08 -61.83
770.24 -61.33
770.4 -61.54
770.56 -60.92
770.72 -61.23
770.88 -61.22
771.04 -61.37
771.2 -61.04
771.36 -61.7
771.52 -61.37
771.68 -61.53
771.84 -61.39
772.0 -61.24
772.16 -61.36
772.32 -61.53
772.48 -61.06
772.64 -60.79
772.8 -60.9
772.96 -61.47
773.12 -61.32
773.28 -61.32
773.44 -61.14
773.6 -61.52
773.76 -61.47
773.92 -61.3
774.08 -61.35
774.24 -61.08
774.4 -61.93
774.56 -61.31
774.72 -61.34
774.88 -61.22
775.04 -61.36
775.2 -61.11
775.36 -61.23
775.52 -61.27
775.68 -61.3
775.84 -61.64
776.0 -61.58
776.16 -61.75
776.32 -61.34
776.48 -61.31
776.64 -60.89
776.8 -61.08
776.96 -61.34
777.12 -61.63
777.28 -61.07
777.44 -60.76
777.6 -61.1
777.76 -61.2
777.92 -61.41
778.08 -61.03
778.24 -61.48
778.4 -61.6
778.56 -61.05
778.72 -60.87
778.88 -61.09
779.04 -61.15
779.2 -61.28
779.36 -61.41
779.52 -61.41
779.68 -61.29
779.84 -61.76
780.0 -61.36
780.16 -61.27
780.32 -61.44
780.48 -61.4
780.64 -61.23
780.8 -61.35
780.96 -61.55
781.12 -61.39
781.28 -61.03
781.44 -61.18
781.6 -61.53
781.76 -61.67
781.92 -61.05
782.08 -61.58
782.24 -61.16
782.4 -61.24
782.56 -61.32
782.72 -61.16
782.88 -61.53
783.04 -60.98
783.2 -61.34
783.36 -61.39
783.52 -61.52
783.68 -61.27
783.84 -61.33
784.0 -61.67
784.16 -61.47
784.32 -61.33
784.48 -61.35
784.64 -61.33
784.8 -61.72
784.96 -61.41
785.12 -60.91
785.28 -61.28
785.44 -61.93
785.6 -61.45
785.76 -61.55
785.92 -61.12
786.08 -61.12
786.24 -61.51
786.4 -61.41
786.56 -61.14
786.72 -61.64
786.88 -61.61
787.04 -61.15
787.2 -61.67
787.36 -60.94
787.52 -61.16
787.68 -60.85
787.84 -61.64
788.0 -61.5
788.16 -61.1
788.32 -61.43
788.48 -61.18
788.64 -61.24
788.8 -61.49
788.96 -60.89
789.12 -61.28
789.28 -61.27
789.44 -61.83
789.6 -61.6
789.76 -61.04
789.92 -60.71
790.08 -61.34
790.24 -61.23
790.4 -61.11
790.56 -61.46
790.72 -60.94
790.88 -60.83
791.04 -61.23
791.2 -60.93
791.36 -61.08
791.52 -61.13
791.68 -61.56
791.84 -61.68
792.0 -60.91
792.16 -60.93
792.32 -61.04
792.48 -61.16
792.64 -61.36
792.8 -61.09
792.96 -60.8
793.12 -61.29
793.28 -61.14
793.44 -61.33
793.6 -61.28
793.76 -61.09
793.92 -61.16
794.08 -61.2
794.24 -61.18
794.4 -61.28
794.56 -60.97
794.72 -60.83
794.88 -60.99
795.04 -61.28
795.2 -61.02
795.36 -60.76
795.52 -60.85
795.68 -61.17
795.84 -61.13
796.0 -61.13
796.16 -60.64
796.32 -60.83
796.48 -61.26
796.64 -61.14
796.8 -60.96
796.96 -60.56
797.12 -61.25
797.28 -61.09
797.44 -61.21
797.6 -60.8
797.76 -60.91
797.92 -61.04
798.08 -61.2
798.24 -61.44
798.4 -60.93
798.56 -60.92
798.72 -61.08
798.88 -61.44
799.04 -61.29
799.2 -60.88
799.36 -61.05
799.52 -61.16
799.68 -61.12
799.84 -61.49
800.0 -61.04
800.16 -60.98
800.32 -61.09
800.48 -61.05
800.64 -60.93
800.8 -61.1
800.96 -60.92
801.12 -61.13
801.28 -61.35
801.44 -61.08
801.6 -61.03
801.76 -60.62
801.92 -60.7
802.08 -61.31
802.24 -61.32
802.4 -60.83
802.56 -61.22
802.72 -61.02
802.88 -61.0
803.04 -61.6
803.2 -61.07
803.36 -60.76
803.52 -61.11
803.68 -61.13
803.84 -61.17
804.0 -60.7
804.16 -60.63
804.32 -60.85
804.48 -61.09
804.64 -61.51
804.8 -60.96
804.96 -60.89
805.12 -60.35
805.28 -60.9
805.44 -60.99
805.6 -60.53
805.76 -60.41
805.92 -60.55
806.08 -60.32
806.24 -60.27
806.4 -59.4
806.56 -58.45
806.72 -57.54
806.88 -56.48
807.04 -55.63
807.2 -54.31
807.36 -52.64
807.52 -51.58
807.68 -50.76
807.84 -50.13
808.0 -49.87
808.16 -50.04
808.32 -50.36
808.48 -50.77
808.64 -51.06
808.8 -51.35
808.96 -52.33
809.12 -53.78
809.28 -56.02
809.44 -58.98
809.6 -60.23
809.76 -60.4
809.92 -60.31
810.08 -60.33
810.24 -60.74
810.4 -60.86
810.56 -61.06
810.72 -60.88
810.88 -60.66
811.04 -60.73
811.2 -60.93
811.36 -61.07
811.52 -61.03
811.68 -60.54
811.84 -60.88
812.0 -61.3
812.16 -61.37
812.32 -61.22
812.48 -60.71
812.64 -60.47
812.8 -60.98
812.96 -61.19
813.12 -60.85
813.28 -60.67
813.44 -60.88
813.6 -60.95
813.76 -61.42
813.92 -60.58
814.08 -61.12
814.24 -61.19
814.4 -61.0
814.56 -61.11
814.72 -60.91
814.88 -60.73
815.04 -60.69
815.2 -60.77
815.36 -61.35
815.52 -61.08
815.68 -60.96
815.84 -60.7
816.0 -60.7
816.16 -61.49
816.32 -61.25
816.48 -60.76
816.64 -60.44
816.8 -60.67
816.96 -60.86
817.12 -61.04
817.28 -60.87
817.44 -60.87
817.6 -60.8
817.76 -60.93
817.92 -61.11
818.08 -61.02
818.24 -60.71
818.4 -60.66
818.56 -60.88
818.72 -61.02
818.88 -60.89
819.04 -60.82
819.2 -60.68
819.36 -60.68
819.52 -60.86
819.68 -60.98
819.84 -60.68
820.0 -60.79
820.16 -60.69
820.32 -61.14
820.48 -61.09
820.64 -60.57
820.8 -60.81
820.96 -60.28
821.12 -60.4
821.28 -61.04
821.44 -60.71
821.6 -60.55
821.76 -60.81
821.92 -60.75
822.08 -60.92
822.24 -60.94
822.4 -60.63
822.56 -60.53
822.72 -60.68
822.88 -60.81
823.04 -60.94
823.2 -60.84
823.36 -60.66
823.52 -60.63
823.68 -60.71
823.84 -61.04
824.0 -61.07
824.16 -60.42
824.32 -60.69
824.48 -60.85
824.64 -61.01
824.8 -60.55
824.96 -60.61
825.12 -60.3
825.28 -60.62
825.44 -60.98
825.6 -60.7
825.76 -60.45
825.92 -60.67
826.08 -60.26
826.24 -60.65
826.4 -60.54
826.56 -61.01
826.72 -60.88
826.88 -60.59
827.04 -60.2
827.2 -60.64
827.36 -60.71
827.52 -60.76
827.68 -60.66
827.84 -60.48
828.0 -60.24
828.16 -60.51
828.32 -60.47
828.48 -60.31
828.64 -60.24
828.8 -60.29
828.96 -60.36
829.12 -60.82
829.28 -60.75
829.44 -60.04
829.6 -60.1
829.76 -60.19
829.92 -60.36
830.08 -60.74
830.24 -60.54
830.4 -60.35
830.56 -60.31
830.72 -60.54
830.88 -60.51
831.04 -60.44
831.2 -60.34
831.36 -60.31
831.52 -60.5
831.68 -60.77
831.84 -60.4
832.0 -60.52
832.16 -60.32
832.32 -60.24
832.48 -60.18
832.64 -60.67
832.8 -60.64
832.96 -59.99
833.12 -59.86
833.28 -60.07
833.44 -60.42
833.6 -60.3
833.76 -59.92
833.92 -59.86
834.08 -60.03
834.24 -59.79
834.4 -60.35
834.56 -60.34
834.72 -59.81
834.88 -59.78
835.04 -59.99
835.2 -60.1
835.36 -60.05
835.52 -60.01
835.68 -59.85
835.84 -59.66
836.0 -59.89
836.16 -60.27
836.32 -59.94
836.48 -59.94
836.64 -59.88
836.8 -60.06
836.96 -60.21
837.12 -60.13
837.28 -60.07
837.44 -60.05
837.6 -59.98
837.76 -60.31
837.92 -60.15
838.08 -59.88
838.24 -59.93
838.4 -60.1
838.56 -60.16
838.72 -60.58
838.88 -60.46
839.04 -60.16
839.2 -60.13
839.36 -60.27
839.52 -60.53
839.68 -60.2
839.84 -60.44
840.0 -60.18
840.16 -60.08
840.32 -60.21
840.48 -60.29
840.64 -60.58
840.8 -60.18
840.96 -60.11
841.12 -60.03
841.28 -59.98
841.44 -60.21
841.6 -60.25
841.76 -60.11
841.92 -60.0
842.08 -60.14
842.24 -60.45
842.4 -60.43
842.56 -60.31
842.72 -60.15
842.88 -60.03
843.04 -60.43
843.2 -60.17
843.36 -60.6
843.52 -60.23
843.68 -60.0
843.84 -60.29
844.0 -60.27
844.16 -60.23
844.32 -60.23
844.48 -60.33
844.64 -60.09
844.8 -60.3
844.96 -60.38
845.12 -60.62
845.28 -59.98
845.44 -59.94
845.6 -60.1
845.76 -60.5
845.92 -60.23
846.08 -60.33
846.24 -60.07
846.4 -60.08
846.56 -60.29
846.72 -60.66
846.88 -60.21
847.04 -60.51
847.2 -60.16
847.36 -60.37
847.52 -60.58
847.68 -60.62
847.84 -60.35
848.0 -60.38
848.16 -60.06
848.32 -60.5
848.48 -60.46
848.64 -60.3
848.8 -60.07
848.96 -60.29
849.12 -60.18
849.28 -60.45
849.44 -60.5
849.6 -60.13
849.76 -60.13
849.92 -60.14
850.08 -60.17
850.24 -60.44
850.4 -60.18
850.56 -60.21
850.72 -60.13
850.88 -60.3
851.04 -60.21
851.2 -60.21
851.36 -59.95
851.52 -60.1
851.68 -59.86
851.84 -60.01
852.0 -60.6
852.16 -60.09
852.32 -60.2
852.48 -60.27
852.64 -59.91
852.8 -60.4
852.96 -60.26
853.12 -60.38
853.28 -60.04
853.44 -60.05
853.6 -60.41
853.76 -60.16
853.92 -60.24
854.08 -60.11
854.24 -60.32
854.4 -60.11
854.56 -60.39
854.72 -60.21
854.88 -60.23
855.04 -60.08
855.2 -59.99
855.36 -60.08
855.52 -60.24
855.68 -60.12
855.84 -59.98
856.0 -60.04
856.16 -60.3
856.32 -60.56
856.48 -60.08
856.64 -60.03
856.8 -60.35
856.96 -59.97
857.12 -60.07
857.28 -60.27
857.44 -60.19
857.6 -60.09
857.76 -60.13
857.92 -60.02
858.08 -60.2
858.24 -60.26
858.4 -60.1
858.56 -60.18
858.72 -59.68
858.88 -60.12
859.04 -60.33
859.2 -60.1
859.36 -60.18
859.52 -59.93
859.68 -59.88
859.84 -60.2
860.0 -60.28
860.16 -60.04
860.32 -60.0
860.48 -60.02
860.64 -60.09
860.8 -59.96
860.96 -59.9
861.12 -59.82
861.28 -59.68
861.44 -59.78
861.6 -59.93
861.76 -60.07
861.92 -60.23
862.08 -60.0
862.24 -59.87
862.4 -60.1
862.56 -60.15
862.72 -60.25
862.88 -60.39
863.04 -60.02
863.2 -59.9
863.36 -60.01
863.52 -60.29
863.68 -60.05
863.84 -59.9
864.0 -59.87
864.16 -60.0
864.32 -60.0
864.48 -60.13
864.64 -60.12
864.8 -60.2
864.96 -59.94
865.12 -60.16
865.28 -60.02
865.44 -60.36
865.6 -60.27
865.76 -60.14
865.92 -59.99
866.08 -60.34
866.24 -60.18
866.4 -60.32
866.56 -60.1
866.72 -60.0
866.88 -59.93
867.04 -59.99
867.2 -60.06
867.36 -59.79
867.52 -60.04
867.68 -59.73
867.84 -59.92
868.0 -60.06
868.16 -60.05
868.32 -59.95
868.48 -60.11
868.64 -60.1
868.8 -60.18
868.96 -60.16
869.12 -60.18
869.28 -60.06
869.44 -60.04
869.6 -59.96
869.76 -60.27
869.92 -60.14
870.08 -60.26
870.24 -60.24
870.4 -59.82
870.56 -60.13
870.72 -60.45
870.88 -60.14
871.04 -60.07
871.2 -60.01
871.36 -60.02
871.52 -60.01
871.68 -60.46
871.84 -60.2
872.0 -59.98
872.16 -59.85
872.32 -60.25
872.48 -60.27
872.64 -60.1
872.8 -60.15
872.96 -60.47
873.12 -60.21
873.28 -60.01
873.44 -60.38
873.6 -60.14
873.76 -60.32
873.92 -59.95
874.08 -60.19
874.24 -60.26
874.4 -60.29
874.56 -60.31
874.72 -59.96
874.88 -59.9
875.04 -60.27
875.2 -60.02
875.36 -60.08
875.52 -60.04
875.68 -60.01
875.84 -59.8
876.0 -59.93
876.16 -59.94
876.32 -60.06
876.48 -59.97
876.64 -59.74
876.8 -59.8
876.96 -59.78
877.12 -59.95
877.28 -59.98
877.44 -59.92
877.6 -60.05
877.76 -59.69
877.92 -59.78
878.08 -59.96
878.24 -59.9
878.4 -59.91
878.56 -60.08
878.72 -60.24
878.88 -60.11
879.04 -60.12
879.2 -60.25
879.36 -59.81
879.52 -59.81
879.68 -59.97
879.84 -59.99
880.0 -59.91
880.16 -59.93
880.32 -59.84
880.48 -59.83
880.64 -60.15
880.8 -59.65
880.96 -59.88
881.12 -59.98
881.28 -59.91
881.44 -60.08
881.6 -59.83
881.76 -60.15
881.92 -60.28
882.08 -59.83
882.24 -59.83
882.4 -60.05
882.56 -59.93
882.72 -60.1
882.88 -59.82
883.04 -59.9
883.2 -60.04
883.36 -60.09
883.52 -59.98
883.68 -60.01
883.84 -59.78
884.0 -59.97
884.16 -59.89
884.32 -59.93
884.48 -60.1
884.64 -59.94
884.8 -59.75
884.96 -59.73
885.12 -59.96
885.28 -59.71
885.44 -59.85
885.6 -59.79
885.76 -59.81
885.92 -59.95
886.08 -59.81
886.24 -59.93
886.4 -59.9
886.56 -59.63
886.72 -60.0
886.88 -59.88
887.04 -59.95
887.2 -59.93
887.36 -59.88
887.52 -59.77
887.68 -59.73
887.84 -59.94
888.0 -60.03
888.16 -59.98
888.32 -59.72
888.48 -59.58
888.64 -59.83
888.8 -59.98
888.96 -59.91
889.12 -59.77
889.28 -59.65
889.44 -59.69
889.6 -59.82
889.76 -59.87
889.92 -59.88
890.08 -59.7
890.24 -59.75
890.4 -59.77
890.56 -59.73
890.72 -59.93
890.88 -59.88
891.04 -59.77
891.2 -59.66
891.36 -59.7
891.52 -59.63
891.68 -59.84
891.84 -59.86
892.0 -59.7
892.16 -59.5
892.32 -59.72
892.48 -59.87
892.64 -60.0
892.8 -59.82
892.96 -59.67
893.12 -59.67
893.28 -59.59
893.44 -59.7
893.6 -60.19
893.76 -59.62
893.92 -59.72
894.08 -59.57
894.24 -60.17
894.4 -59.91
894.56 -59.54
894.72 -59.69
894.88 -59.83
895.04 -59.66
895.2 -59.71
895.36 -59.72
895.52 -59.8
895.68 -59.64
895.84 -59.62
896.0 -59.54
896.16 -59.76
896.32 -59.66
896.48 -59.63
896.64 -59.38
896.8 -59.58
896.96 -59.55
897.12 -59.45
897.28 -59.75
897.44 -59.7
897.6 -59.37
897.76 -59.74
897.92 -59.61
898.08 -59.83
898.24 -59.43
898.4 -59.63
898.56 -59.22
898.72 -59.62
898.88 -59.45
899.04 -59.79
899.2 -59.45
899.36 -59.54
899.52 -59.46
899.68 -59.43
899.84 -59.74
900.0 -59.22
