740.0 -60.89
740.16 -60.81
740.32 -60.7
740.48 -60.86
740.64 -60.82
740.8 -60.59
740.96 -60.71
741.12 -60.53
741.28 -61.25
741.44 -60.9
741.6 -60.74
741.76 -61.12
741.92 -60.93
742.08 -60.75
742.24 -61.05
742.4 -60.66
742.56 -60.95
742.72 -60.92
742.88 -60.84
743.04 -60.52
743.2 -60.67
743.36 -60.56
743.52 -60.55
743.68 -60.53
743.84 -60.76
744.0 -60.79
744.16 -60.6
744.32 -60.73
744.48 -60.77
744.64 -60.75
744.8 -60.85
744.96 -60.44
745.12 -60.61
745.28 -60.36
745.44 -60.5
745.6 -60.84
745.76 -60.6
745.92 -60.7
746.08 -60.56
746.24 -60.71
746.4 -60.68
746.56 -60.84
746.72 -60.88
746.88 -60.67
747.04 -61.23
747.2 -60.65
747.36 -60.76
747.52 -60.47
747.68 -60.82
747.84 -60.55
748.0 -60.53
748.16 -60.75
748.32 -60.73
748.48 -60.57
748.64 -60.63
748.8 -60.73
748.96 -60.87
749.12 -60.86
749.28 -60.91
749.44 -60.82
749.6 -60.66
749.76 -61.06
749.92 -60.55
750.08 -60.39
750.24 -60.35
750.4 -60.59
750.56 -60.64
750.72 -60.88
750.88 -60.44
751.04 -60.73
751.2 -60.71
751.36 -61.07
751.52 -60.67
751.68 -60.68
751.84 -60.45
752.0 -60.8
752.16 -60.42
752.32 -60.68
752.48 -60.49
752.64 -60.72
752.8 -60.99
752.96 -60.23
753.12 -60.15
753.28 -60.6
753.44 -60.52
753.6 -60.87
753.76 -60.76
753.92 -60.88
754.08 -60.88
754.24 -60.98
754.4 -60.67
754.56 -60.73
754.72 -60.77
754.88 -60.58
755.04 -60.41
755.2 -60.45
755.36 -60.52
755.52 -60.17
755.68 -60.53
755.84 -60.47
756.0 -60.37
756.16 -60.99
756.32 -60.62
756.48 -60.62
756.64 -60.72
756.8 -60.65
756.96 -60.37
757.12 -60.4
757.28 -60.48
757.44 -60.49
757.6 -60.33
757.76 -60.28
757.92 -60.74
758.08 -60.45
758.24 -60.52
758.4 -60.41
758.56 -60.54
758.72 -61.09
758.88 -60.73
759.04 -60.91
759.2 -60.77
759.36 -60.61
759.52 -60.69
759.68 -60.32
759.84 -60.52
760.0 -60.65
760.16 -60.36
760.32 -60.57
760.48 -60.08
760.64 -60.46
760.8 -60.42
760.96 -60.52
761.12 -60.6
761.28 -60.73
761.44 -60.6
761.6 -60.43
761.76 -60.58
761.92 -60.44
762.08 -60.43
762.24 -60.51
762.4 -60.37
762.56 -60.19
762.72 -60.32
762.88 -60.27
763.04 -60.39
763.2 -60.17
763.36 -60.52
763.52 -60.67
763.68 -60.53
763.84 -60.88
764.0 -60.36
764.16 -60.7
764.32 -60.5
764.48 -60.04
764.64 -60.32
764.8 -60.52
764.96 -60.5
765.12 -60.16
765.28 -59.85
765.44 -59.88
765.6 -60.08
765.76 -60.16
765.92 -60.31
766.08 -60.6
766.24 -60.57
766.4 -60.48
766.56 -60.71
766.72 -60.47
766.88 -60.6
767.04 -60.54
767.2 -60.26
767.36 -60.62
767.52 -60.37
767.68 -60.2
767.84 -60.02
768.0 -60.0
768.16 -59.95
768.32 -59.99
768.48 -60.3
768.64 -60.18
768.8 -60.23
768.96 -60.29
769.12 -60.52
769.28 -60.84
769.44 -60.65
769.6 -60.62
769.76 -60.64
769.92 -60.62
770.08 -60.46
770.24 -60.12
770.4 -60.21
770.56 -60.15
770.72 -59.93
770.88 -59.98
771.04 -59.72
771.2 -60.12
771.36 -60.16
771.52 -60.32
771.68 -60.18
771.84 -60.23
772.0 -60.43
772.16 -60.55
772.32 -60.78
772.48 -60.43
772.64 -60.31
772.8 -60.38
772.96 -60.3
773.12 -60.3
773.28 -59.91
773.44 -59.99
773.6 -59.72
773.76 -59.75
773.92 -60.13
774.08 -60.1
774.24 -60.1
774.4 -60.26
774.56 -60.34
774.72 -60.43
774.88 -60.61
775.04 -60.55
775.2 -60.65
775.36 -60.7
775.52 -60.13
775.68 -60.37
775.84 -60.53
776.0 -60.16
776.16 -59.9
776.32 -59.82
776.48 -59.54
776.64 -59.7
776.8 -59.91
776.96 -59.78
777.12 -60.09
777.28 -60.07
777.44 -60.7
777.6 -60.55
777.76 -60.23
777.92 -60.9
778.08 -61.14
778.24 -60.63
778.4 -60.45
778.56 -60.29
778.72 -59.98
778.88 -60.02
779.04 -59.56
779.2 -59.7
779.36 -59.47
779.52 -59.82
779.68 -59.75
779.84 -60.05
780.0 -60.44
780.16 -60.22
780.32 -60.71
780.48 -60.68
780.64 -60.86
780.8 -60.59
780.96 -60.06
781.12 -60.18
781.28 -59.81
781.44 -60.17
781.6 -59.59
781.76 -59.38
781.92 -59.67
782.08 -59.24
782.24 -59.45
782.4 -59.94
782.56 -59.84
782.72 -60.0
782.88 -60.2
783.04 -60.52
783.2 -60.49
783.36 -60.49
783.52 -60.54
783.68 -60.34
783.84 -60.14
784.0 -60.24
784.16 -59.83
784.32 -59.7
784.48 -59.59
784.64 -59.25
784.8 -59.36
784.96 -59.48
785.12 -59.56
785.28 -59.75
785.44 -59.9
785.6 -60.24
785.76 -60.41
785.92 -60.63
786.08 -60.72
786.24 -60.74
786.4 -60.34
786.56 -60.24
786.72 -60.27
786.88 -60.0
787.04 -59.52
787.2 -59.46
787.36 -59.27
787.52 -59.37
787.68 -59.26
787.84 -59.42
788.0 -59.63
788.16 -59.88
788.32 -59.86
788.48 -60.52
788.64 -60.51
788.8 -60.74
788.96 -60.93
789.12 -60.52
789.28 -60.34
789.44 -60.05
789.6 -59.99
789.76 -59.82
789.92 -59.25
790.08 -59.09
790.24 -59.4
790.4 -59.28
790.56 -59.17
790.72 -59.42
790.88 -60.03
791.04 -59.84
791.2 -60.23
791.36 -60.64
791.52 -60.44
791.68 -60.39
791.84 -60.43
792.0 -60.17
792.16 -60.15
792.32 -60.0
792.48 -59.81
792.64 -59.6
792.8 -59.31
792.96 -59.06
793.12 -59.08
793.28 -59.02
793.44 -59.46
793.6 -59.5
793.76 -59.78
793.92 -59.92
794.08 -60.04
794.24 -60.58
794.4 -60.5
794.56 -60.44
794.72 -60.27
794.88 -60.38
795.04 -59.84
795.2 -59.47
795.36 -59.37
795.52 -59.09
795.68 -59.22
795.84 -59.1
796.0 -59.23
796.16 -59.39
796.32 -59.77
796.48 -59.82
796.64 -60.34
796.8 -60.41
796.96 -60.62
797.12 -60.33
797.28 -60.35
797.44 -60.86
797.6 -60.16
797.76 -60.05
797.92 -59.55
798.08 -59.52
798.24 -59.29
798.4 -59.08
798.56 -58.84
798.72 -58.86
798.88 -58.96
799.04 -59.41
799.2 -59.65
799.36 -59.76
799.52 -60.03
799.68 -60.2
799.84 -60.06
800.0 -60.72
800.16 -60.64
800.32 -60.1
800.48 -60.31
800.64 -60.23
800.8 -59.94
800.96 -59.62
801.12 -59.47
801.28 -59.45
801.44 -59.19
801.6 -59.18
801.76 -59.01
801.92 -58.82
802.08 -59.25
802.24 -59.52
802.4 -59.49
802.56 -59.7
802.72 -60.5
802.88 -60.3
803.04 -60.34
803.2 -60.06
803.36 -60.32
803.52 -59.86
803.68 -59.51
803.84 -59.5
804.0 -59.33
804.16 -59.18
804.32 -58.98
804.48 -58.67
804.64 -58.85
804.8 -58.93
804.96 -59.36
805.12 -59.33
805.28 -59.57
805.44 -60.12
805.6 -59.91
805.76 -59.96
805.92 -59.84
806.08 -59.33
806.24 -58.71
806.4 -58.02
806.56 -57.1
806.72 -56.23
806.88 -54.93
807.04 -53.87
807.2 -52.87
807.36 -51.52
807.52 -50.52
807.68 -49.54
807.84 -49.08
808.0 -49.04
808.16 -49.4
808.32 -49.87
808.48 -50.12
808.64 -50.18
808.8 -50.32
808.96 -51.19
809.12 -52.66
809.28 -55.05
809.44 -57.23
809.6 -58.03
809.76 -58.23
809.92 -58.4
810.08 -58.49
810.24 -58.95
810.4 -58.84
810.56 -59.42
810.72 -59.69
810.88 -60.06
811.04 -60.31
811.2 -59.95
811.36 -60.07
811.52 -59.78
811.68 -59.55
811.84 -59.39
812.0 -59.26
812.16 -58.97
812.32 -58.84
812.48 -58.79
812.64 -58.66
812.8 -58.67
812.96 -58.92
813.12 -59.21
813.28 -59.09
813.44 -59.17
813.6 -59.53
813.76 -59.9
813.92 -59.94
814.08 -60.08
814.24 -60.29
814.4 -59.89
814.56 -59.64
814.72 -59.55
814.88 -59.56
815.04 -58.79
815.2 -59.06
815.36 -58.71
815.52 -58.71
815.68 -58.75
815.84 -58.94
816.0 -59.26
816.16 -59.45
816.32 -59.51
816.48 -59.94
816.64 -59.65
816.8 -59.94
816.96 -59.89
817.12 -59.97
817.28 -59.74
817.44 -59.61
817.6 -59.55
817.76 -59.15
817.92 -59.01
818.08 -58.86
818.24 -59.12
818.4 -58.81
818.56 -58.59
818.72 -58.78
818.88 -58.82
819.04 -58.98
819.2 -58.94
819.36 -59.11
819.52 -59.5
819.68 -59.48
819.84 -59.82
820.0 -59.91
820.16 -59.76
820.32 -59.74
820.48 -59.62
820.64 -59.32
820.8 -59.51
820.96 -59.12
821.12 -58.98
821.28 -58.79
821.44 -58.74
821.6 -58.7
821.76 -58.77
821.92 -58.81
822.08 -58.72
822.24 -58.94
822.4 -59.02
822.56 -59.0
822.72 -59.29
822.88 -59.3
823.04 -59.71
823.2 -59.55
823.36 -59.38
823.52 -59.5
823.68 -59.45
823.84 -59.26
824.0 -59.15
824.16 -59.18
824.32 -59.08
824.48 -59.07
824.64 -58.78
824.8 -58.52
824.96 -58.59
825.12 -58.38
825.28 -58.59
825.44 -58.3
825.6 -58.5
825.76 -58.54
825.92 -58.79
826.08 -58.72
826.24 -58.78
826.4 -59.12
826.56 -59.24
826.72 -59.49
826.88 -59.44
827.04 -59.32
827.2 -59.33
827.36 -59.06
827.52 -59.24
827.68 -58.84
827.84 -58.81
828.0 -58.74
828.16 -58.65
828.32 -58.43
828.48 -58.45
828.64 -58.47
828.8 -58.56
828.96 -58.52
829.12 -58.81
829.28 -58.94
829.44 -59.09
829.6 -59.23
829.76 -59.24
829.92 -59.43
830.08 -59.27
830.24 -59.43
830.4 -59.01
830.56 -58.84
830.72 -58.72
830.88 -58.55
831.04 -58.69
831.2 -58.41
831.36 -58.29
831.52 -58.37
831.68 -58.25
831.84 -58.32
832.0 -58.57
832.16 -58.71
832.32 -58.9
832.48 -58.89
832.64 -58.93
832.8 -58.97
832.96 -59.09
833.12 -59.07
833.28 -58.92
833.44 -58.54
833.6 -58.7
833.76 -58.53
833.92 -58.24
834.08 -58.29
834.24 -58.11
834.4 -58.2
834.56 -58.16
834.72 -58.24
834.88 -58.4
835.04 -58.54
835.2 -58.62
835.36 -58.81
835.52 -58.78
835.68 -58.66
835.84 -58.87
836.0 -58.84
836.16 -58.67
836.32 -58.55
836.48 -58.28
836.64 -58.18
836.8 -58.21
836.96 -58.21
837.12 -58.24
837.28 -58.39
837.44 -58.43
837.6 -58.67
837.76 -58.59
837.92 -58.88
838.08 -58.91
838.24 -58.95
838.4 -58.9
838.56 -59.18
838.72 -58.85
838.88 -58.71
839.04 -58.68
839.2 -58.57
839.36 -58.44
839.52 -58.49
839.68 -58.27
839.84 -58.55
840.0 -58.41
840.16 -58.41
840.32 -58.46
840.48 -58.68
840.64 -58.8
840.8 -59.07
840.96 -59.15
841.12 -58.96
841.28 -59.13
841.44 -59.12
841.6 -59.05
841.76 -58.91
841.92 -58.78
842.08 -58.56
842.24 -58.57
842.4 -58.52
842.56 -58.67
842.72 -58.43
842.88 -58.47
843.04 -58.44
843.2 -58.5
843.36 -58.57
843.52 -58.74
843.68 -58.75
843.84 -59.01
844.0 -58.91
844.16 -59.18
844.32 -58.91
844.48 -58.99
844.64 -59.0
844.8 -58.89
844.96 -58.7
845.12 -58.46
845.28 -58.58
845.44 -58.57
845.6 -58.45
845.76 -58.56
845.92 -58.47
846.08 -58.51
846.24 -58.79
846.4 -58.76
846.56 -58.9
846.72 -59.2
846.88 -59.11
847.04 -59.03
847.2 -59.0
847.36 -59.02
847.52 -59.05
847.68 -58.9
847.84 -58.98
848.0 -58.74
848.16 -58.71
848.32 -58.67
848.48 -58.68
848.64 -58.64
848.8 -58.55
848.96 -58.56
849.12 -58.7
849.28 -58.77
849.44 -58.77
849.6 -59.06
849.76 -59.21
849.92 -58.97
850.08 -59.12
850.24 -59.17
850.4 -59.05
850.56 -58.81
850.72 -58.98
850.88 -58.55
851.04 -58.74
851.2 -58.6
851.36 -58.29
851.52 -58.53
851.68 -58.42
851.84 -58.54
852.0 -58.53
852.16 -58.66
852.32 -58.78
852.48 -58.67
852.64 -58.88
852.8 -58.93
852.96 -58.92
853.12 -59.03
853.28 -58.82
853.44 -58.74
853.6 -58.54
853.76 -58.66
853.92 -58.36
854.08 -58.42
854.24 -58.46
854.4 -58.29
854.56 -58.51
854.72 -58.5
854.88 -58.32
855.04 -58.41
855.2 -58.69
855.36 -58.74
855.52 -58.91
855.68 -58.82
855.84 -58.8
856.0 -58.75
856.16 -58.91
856.32 -58.7
856.48 -58.6
856.64 -58.72
856.8 -58.46
856.96 -58.35
857.12 -58.41
857.28 -58.35
857.44 -58.21
857.6 -58.21
857.76 -58.4
857.92 -58.43
858.08 -58.61
858.24 -58.66
858.4 -58.65
858.56 -58.74
858.72 -58.89
858.88 -58.7
859.04 -58.65
859.2 -58.56
859.36 -58.51
859.52 -58.4
859.68 -58.33
859.84 -58.35
860.0 -58.18
860.16 -58.16
860.32 -58.12
860.48 -58.15
860.64 -58.26
860.8 -58.41
860.96 -58.54
861.12 -58.31
861.28 -58.68
861.44 -58.74
861.6 -58.61
861.76 -58.69
861.92 -58.49
862.08 -58.66
862.24 -58.56
862.4 -58.42
862.56 -58.28
862.72 -58.37
862.88 -58.18
863.04 -58.11
863.2 -58.3
863.36 -58.27
863.52 -58.29
863.68 -58.5
863.84 -58.59
864.0 -58.49
864.16 -58.53
864.32 -58.76
864.48 -58.7
864.64 -58.69
864.8 -58.43
864.96 -58.38
865.12 -58.42
865.28 -58.32
865.44 -58.28
865.6 -58.37
865.76 -58.04
865.92 -58.08
866.08 -58.26
866.24 -58.11
866.4 -58.11
866.56 -58.41
866.72 -58.49
866.88 -58.42
867.04 -58.55
867.2 -58.29
867.36 -58.56
867.52 -58.47
867.68 -58.46
867.84 -58.48
868.0 -58.28
868.16 -58.37
868.32 -58.29
868.48 -57.93
868.64 -58.23
868.8 -58.19
868.96 -58.13
869.12 -58.09
869.28 -58.04
869.44 -58.21
869.6 -58.35
869.76 -58.3
869.92 -58.41
870.08 -58.47
870.24 -58.39
870.4 -58.53
870.56 -58.47
870.72 -58.14
870.88 -58.15
871.04 -58.1
871.2 -58.03
871.36 -58.17
871.52 -57.97
871.68 -58.04
871.84 -58.2
872.0 -57.97
872.16 -57.98
872.32 -58.19
872.48 -58.23
872.64 -58.53
872.8 -58.37
872.96 -58.47
873.12 -58.43
873.28 -58.45
873.44 -58.45
873.6 -58.18
873.76 -57.92
873.92 -58.08
874.08 -58.07
874.24 -58.19
874.4 -57.99
874.56 -58.11
874.72 -58.16
874.88 -58.03
875.04 -58.26
875.2 -58.31
875.36 -58.3
875.52 -58.41
875.68 -58.44
875.84 -58.47
876.0 -58.43
876.16 -58.21
876.32 -58.16
876.48 -57.95
876.64 -57.99
876.8 -57.86
876.96 -58.1
877.12 -58.18
877.28 -58.07
877.44 -58.15
877.6 -58.18
877.76 -58.51
877.92 -58.38
878.08 -58.4
878.24 -58.35
878.4 -58.34
878.56 -58.5
878.72 -58.38
878.88 -58.54
879.04 -58.26
879.2 -58.09
879.36 -58.09
879.52 -58.23
879.68 -58.33
879.84 -58.4
880.0 -58.05
880.16 -58.24
880.32 -58.25
880.48 -58.08
880.64 -58.09
880.8 -58.42
880.96 -58.38
881.12 -58.55
881.28 -58.44
881.44 -58.33
881.6 -58.62
881.76 -58.24
881.92 -58.26
882.08 -58.21
882.24 -57.92
882.4 -58.04
882.56 -58.03
882.72 -58.06
882.88 -58.11
883.04 -58.05
883.2 -58.23
883.36 -58.21
883.52 -58.1
883.68 -58.29
883.84 -58.35
884.0 -58.58
884.16 -58.39
884.32 -58.3
884.48 -58.34
884.64 -58.05
884.8 -57.98
884.96 -57.94
885.12 -57.98
885.28 -57.82
885.44 -57.98
885.6 -58.08
885.76 -58.05
885.92 -57.96
886.08 -58.06
886.24 -58.11
886.4 -58.11
886.56 -58.33
886.72 -58.25
886.88 -58.09
887.04 -58.1
887.2 -58.1
887.36 -57.88
887.52 -57.83
887.68 -57.8
887.84 -57.65
888.0 -57.63
888.16 -57.62
888.32 -57.64
888.48 -57.63
888.64 -57.67
888.8 -57.72
888.96 -57.84
889.12 -57.81
889.28 -58.02
889.44 -58.01
889.6 -58.0
889.76 -57.83
889.92 -57.95
890.08 -57.8
890.24 -57.73
890.4 -57.77
890.56 -57.82
890.72 -57.82
890.88 -57.75
891.04 -57.67
891.2 -57.78
891.36 -57.72
891.52 -57.96
891.68 -57.92
891.84 -57.96
892.0 -57.89
892.16 -57.83
892.32 -57.69
892.48 -57.85
892.64 -57.71
892.8 -57.85
892.96 -57.77
893.12 -57.68
893.28 -57.68
893.44 -57.55
893.6 -57.53
893.76 -57.59
893.92 -57.66
894.08 -57.58
894.24 -57.77
894.4 -58.02
894.56 -58.0
894.72 -58.1
894.88 -57.94
895.04 -57.85
895.2 -57.87
895.36 -57.84
895.52 -57.77
895.68 -57.54
895.84 -57.66
896.0 -57.5
896.16 -57.56
896.32 -57.32
896.48 -57.35
896.64 -57.38
896.8 -57.71
896.96 -57.5
897.12 -57.59
897.28 -57.59
897.44 -57.59
897.6 -57.6
897.76 -57.66
897.92 -57.49
898.08 -57.61
898.24 -57.43
898.4 -57.48
898.56 -57.49
898.72 -57.55
898.88 -57.45
899.04 -57.5
899.2 -57.46
899.36 -57.49
899.52 -57.55
899.68 -57.55
899.84 -57.74
900.0 -57.72
