740.0 -61.12
740.16 -60.83
740.32 -60.88
740.48 -60.98
740.64 -60.94
740.8 -60.87
740.96 -61.21
741.12 -60.99
741.28 -60.97
741.44 -61.05
741.6 -61.14
741.76 -61.27
741.92 -60.97
742.08 -60.88
742.24 -60.7
742.4 -61.05
742.56 -60.62
742.72 -61.03
742.88 -60.91
743.04 -61.0
743.2 -61.12
743.36 -60.87
743.52 -60.97
743.68 -60.73
743.84 -61.13
744.0 -60.98
744.16 -61.03
744.32 -60.83
744.48 -61.1
744.64 -60.78
744.8 -61.04
744.96 -60.8
745.12 -61.05
745.28 -60.61
745.44 -60.93
745.6 -60.69
745.76 -61.2
745.92 -60.86
746.08 -60.94
746.24 -61.09
746.4 -61.13
746.56 -60.82
746.72 -60.9
746.88 -60.96
747.04 -60.94
747.2 -60.84
747.36 -60.89
747.52 -60.96
747.68 -60.83
747.84 -60.66
748.0 -61.04
748.16 -60.68
748.32 -60.86
748.48 -60.69
748.64 -60.74
748.8 -60.87
748.96 -60.88
749.12 -60.65
749.28 -60.84
749.44 -60.9
749.6 -60.69
749.76 -60.7
749.92 -60.96
750.08 -60.91
750.24 -61.07
750.4 -60.86
750.56 -60.7
750.72 -60.78
750.88 -60.77
751.04 -60.99
751.2 -61.09
751.36 -60.83
751.52 -60.52
751.68 -60.67
751.84 -60.97
752.0 -60.8
752.16 -60.56
752.32 -60.47
752.48 -60.72
752.64 -60.65
752.8 -61.02
752.96 -60.71
753.12 -60.56
753.28 -60.59
753.44 -60.8
753.6 -60.25
753.76 -60.73
753.92 -60.69
754.08 -60.57
754.24 -60.55
754.4 -60.61
754.56 -60.77
754.72 -60.63
754.88 -60.59
755.04 -60.63
755.2 -60.28
755.36 -60.71
755.52 -60.48
755.68 -60.59
755.84 -60.46
756.0 -60.5
756.16 -60.65
756.32 -60.58
756.48 -60.46
756.64 -60.38
756.8 -60.72
756.96 -60.48
757.12 -60.28
757.28 -60.33
757.44 -60.4
757.6 -60.32
757.76 -60.56
757.92 -60.45
758.08 -60.8
758.24 -60.23
758.4 -60.35
758.56 -60.39
758.72 -60.52
758.88 -60.45
759.04 -60.57
759.2 -60.31
759.36 -60.45
759.52 -60.44
759.68 -60.47
759.84 -60.54
760.0 -60.52
760.16 -60.74
760.32 -60.62
760.48 -60.45
760.64 -60.49
760.8 -61.25
760.96 -60.57
761.12 -60.44
761.28 -60.52
761.44 -60.37
761.6 -60.46
761.76 -60.61
761.92 -60.38
762.08 -60.57
762.24 -60.34
762.4 -60.05
762.56 -60.45
762.72 -60.77
762.88 -60.6
763.04 -60.55
763.2 -60.33
763.36 -60.22
763.52 -60.43
763.68 -60.9
763.84 -60.56
764.0 -60.85
764.16 -60.43
764.32 -60.58
764.48 -60.69
764.64 -60.36
764.8 -60.75
764.96 -60.39
765.12 -60.5
765.28 -60.34
765.44 -60.65
765.6 -60.54
765.76 -60.62
765.92 -60.49
766.08 -60.73
766.24 -60.51
766.4 -60.29
766.56 -60.28
766.72 -60.46
766.88 -60.7
767.04 -60.53
767.2 -60.37
767.36 -60.8
767.52 -60.33
767.68 -60.34
767.84 -60.34
768.0 -60.5
768.16 -60.04
768.32 -60.2
768.48 -60.62
768.64 -60.68
768.8 -60.32
768.96 -60.36
769.12 -59.97
769.28 -60.26
769.44 -60.29
769.6 -60.37
769.76 -60.27
769.92 -60.31
770.08 -60.07
770.24 -60.23
770.4 -60.4
770.56 -60.03
770.72 -60.62
770.88 -60.62
771.04 -60.22
771.2 -60.49
771.36 -60.2
771.52 -60.25
771.68 -60.17
771.84 -60.46
772.0 -59.9
772.16 -60.29
772.32 -60.06
772.48 -60.32
772.64 -60.44
772.8 -59.83
772.96 -59.94
773.12 -60.41
773.28 -60.6
773.44 -60.28
773.6 -60.23
773.76 -60.39
773.92 -60.29
774.08 -60.37
774.24 -60.16
774.4 -60.17
774.56 -60.17
774.72 -60.32
774.88 -60.17
775.04 -60.18
775.2 -60.13
775.36 -60.33
775.52 -60.6
775.68 -60.24
775.84 -60.19
776.0 -60.36
776.16 -60.76
776.32 -60.28
776.48 -60.17
776.64 -60.26
776.8 -60.12
776.96 -60.37
777.12 -60.5
777.28 -60.34
777.44 -59.97
777.6 -60.29
777.76 -60.64
777.92 -60.43
778.08 -59.94
778.24 -60.16
778.4 -60.37
778.56 -60.28
778.72 -59.94
778.88 -60.23
779.04 -60.64
779.2 -60.37
779.36 -60.31
779.52 -60.54
779.68 -60.01
779.84 -60.3
780.0 -60.1
780.16 -60.15
780.32 -60.36
780.48 -59.58
780.64 -60.21
780.8 -60.25
780.96 -60.5
781.12 -59.98
781.28 -60.25
781.44 -60.52
781.6 -60.38
781.76 -60.14
781.92 -59.97
782.08 -60.16
782.24 -60.36
782.4 -59.96
782.56 -60.09
782.72 -59.84
782.88 -59.95
783.04 -60.18
783.2 -60.26
783.36 -60.11
783.52 -59.83
783.68 -60.07
783.84 -60.39
784.0 -60.24
784.16 -59.97
784.32 -59.88
784.48 -60.08
784.64 -60.51
784.8 -60.19
784.96 -59.76
785.12 -59.75
785.28 -60.01
785.44 -60.09
785.6 -60.42
785.76 -60.05
785.92 -59.86
786.08 -60.28
786.24 -60.35
786.4 -59.99
786.56 -59.66
786.72 -59.68
786.88 -60.32
787.04 -60.42
787.2 -60.12
787.36 -59.75
787.52 -59.89
787.68 -60.39
787.84 -60.14
788.0 -59.88
788.16 -59.72
788.32 -60.04
788.48 -59.96
788.64 -60.15
788.8 -59.67
788.96 -59.73
789.12 -60.19
789.28 -59.8
789.44 -60.29
789.6 -59.88
789.76 -59.88
789.92 -60.45
790.08 -60.13
790.24 -59.76
790.4 -59.64
790.56 -60.0
790.72 -60.41
790.88 -60.19
791.04 -59.8
791.2 -59.8
791.36 -59.64
791.52 -60.21
791.68 -60.35
791.84 -59.7
792.0 -59.84
792.16 -59.8
792.32 -60.2
792.48 -60.34
792.64 -60.07
792.8 -59.52
792.96 -59.82
793.12 -59.95
793.28 -60.4
793.44 -59.81
793.6 -59.72
793.76 -59.49
793.92 -60.27
794.08 -60.23
794.24 -59.97
794.4 -59.75
794.56 -59.85
794.72 -60.14
794.88 -60.14
795.04 -59.49
795.2 -59.57
795.36 -60.06
795.52 -60.34
795.68 -59.85
795.84 -59.67
796.0 -59.64
796.16 -59.8
796.32 -60.0
796.48 -59.94
796.64 -59.57
796.8 -59.7
796.96 -59.99
797.12 -60.13
797.28 -59.9
797.44 -59.6
797.6 -59.46
797.76 -60.01
797.92 -60.14
798.08 -60.06
798.24 -59.57
798.4 -59.81
798.56 -60.09
798.72 -60.36
798.88 -60.15
799.04 -59.75
799.2 -59.44
799.36 -59.84
799.52 -59.92
799.68 -59.74
799.84 -59.54
800.0 -59.64
800.16 -60.11
800.32 -60.14
800.48 -59.86
800.64 -59.6
800.8 -59.64
800.96 -60.17
801.12 -60.25
801.28 -59.68
801.44 -59.58
801.6 -59.72
801.76 -60.05
801.92 -60.41
802.08 -59.85
802.24 -59.81
802.4 -59.64
802.56 -60.02
802.72 -60.04
802.88 -60.07
803.04 -59.72
803.2 -59.61
803.36 -59.77
803.52 -60.18
803.68 -60.04
803.84 -59.7
804.0 -59.62
804.16 -60.11
804.32 -60.07
804.48 -59.57
804.64 -59.63
804.8 -59.73
804.96 -60.13
805.12 -59.95
805.28 -59.6
805.44 -59.19
805.6 -59.07
805.76 -59.52
805.92 -59.37
806.08 -59.37
806.24 -58.85
806.4 -58.19
806.56 -57.79
806.72 -57.2
806.88 -56.05
807.04 -54.71
807.2 -53.34
807.36 -52.03
807.52 -51.12
807.68 -50.01
807.84 -49.21
808.0 -48.93
808.16 -49.16
808.32 -49.6
808.48 -50.1
808.64 -50.1
808.8 -50.33
808.96 -51.22
809.12 -52.66
809.28 -55.36
809.44 -58.0
809.6 -58.83
809.76 -59.29
809.92 -59.38
810.08 -59.43
810.24 -59.92
810.4 -59.78
810.56 -59.52
810.72 -59.56
810.88 -59.82
811.04 -60.06
811.2 -59.71
811.36 -59.62
811.52 -59.52
811.68 -59.84
811.84 -60.12
812.0 -59.62
812.16 -59.41
812.32 -59.89
812.48 -60.09
812.64 -60.05
812.8 -59.85
812.96 -59.36
813.12 -59.42
813.28 -59.75
813.44 -59.71
813.6 -59.69
813.76 -59.6
813.92 -59.43
814.08 -59.74
814.24 -59.93
814.4 -59.83
814.56 -59.75
814.72 -59.38
814.88 -59.72
815.04 -59.81
815.2 -60.06
815.36 -59.71
815.52 -59.38
815.68 -59.42
815.84 -59.72
816.0 -59.86
816.16 -59.51
816.32 -59.44
816.48 -59.41
816.64 -59.72
816.8 -59.78
816.96 -59.62
817.12 -59.45
817.28 -59.45
817.44 -59.52
817.6 -59.81
817.76 -60.38
817.92 -59.48
818.08 -59.45
818.24 -59.47
818.4 -59.68
818.56 -59.81
818.72 -59.74
818.88 -59.31
819.04 -59.51
819.2 -59.73
819.36 -59.68
819.52 -60.01
819.68 -59.66
819.84 -59.37
820.0 -59.56
820.16 -59.84
820.32 -59.95
820.48 -59.78
820.64 -59.41
820.8 -59.25
820.96 -60.07
821.12 -59.82
821.28 -59.7
821.44 -59.49
821.6 -59.57
821.76 -59.82
821.92 -59.91
822.08 -59.87
822.24 -59.56
822.4 -59.32
822.56 -59.84
822.72 -59.9
822.88 -59.89
823.04 -59.66
823.2 -59.45
823.36 -59.67
823.52 -60.02
823.68 -60.0
823.84 -59.94
824.0 -59.55
824.16 -59.5
824.32 -59.88
824.48 -60.04
824.64 -60.13
824.8 -59.71
824.96 -59.54
825.12 -59.45
825.28 -59.93
825.44 -60.09
825.6 -59.77
825.76 -59.52
825.92 -59.73
826.08 -59.83
826.24 -60.27
826.4 -59.96
826.56 -59.96
826.72 -59.43
826.88 -59.57
827.04 -59.79
827.2 -59.84
827.36 -59.51
827.52 -59.29
827.68 -59.66
827.84 -59.73
828.0 -59.97
828.16 -60.02
828.32 -59.35
828.48 -59.45
828.64 -59.5
828.8 -59.95
828.96 -59.75
829.12 -59.37
829.28 -59.31
829.44 -59.58
829.6 -59.67
829.76 -59.85
829.92 -59.78
830.08 -59.45
830.24 -59.34
830.4 -59.6
830.56 -59.59
830.72 -59.81
830.88 -59.2
831.04 -59.27
831.2 -59.21
831.36 -59.47
831.52 -59.78
831.68 -59.53
831.84 -59.14
832.0 -59.25
832.16 -59.21
832.32 -59.6
832.48 -59.37
832.64 -59.24
832.8 -59.15
832.96 -59.01
833.12 -59.33
833.28 -59.51
833.44 -59.49
833.6 -59.04
833.76 -58.83
833.92 -58.99
834.08 -59.47
834.24 -59.43
834.4 -58.93
834.56 -58.76
834.72 -59.05
834.88 -58.99
835.04 -59.02
835.2 -59.32
835.36 -58.91
835.52 -58.86
835.68 -58.8
835.84 -59.06
836.0 -59.26
836.16 -59.22
836.32 -59.05
836.48 -58.62
836.64 -59.05
836.8 -59.37
836.96 -59.17
837.12 -58.97
837.28 -58.68
837.44 -58.84
837.6 -58.94
837.76 -59.36
837.92 -59.2
838.08 -58.99
838.24 -58.82
838.4 -58.96
838.56 -59.12
838.72 -59.36
838.88 -59.34
839.04 -59.02
839.2 -59.09
839.36 -59.19
839.52 -59.28
839.68 -59.48
839.84 -59.23
840.0 -58.99
840.16 -59.1
840.32 -59.16
840.48 -59.32
840.64 -59.55
840.8 -59.18
840.96 -59.02
841.12 -59.0
841.28 -59.24
841.44 -59.47
841.6 -59.41
841.76 -59.46
841.92 -59.0
842.08 -59.04
842.24 -59.25
842.4 -59.36
842.56 -59.21
842.72 -59.01
842.88 -59.06
843.04 -59.17
843.2 -59.05
843.36 -59.26
843.52 -59.39
843.68 -59.14
843.84 -59.14
844.0 -59.04
844.16 -59.45
844.32 -59.44
844.48 -59.34
844.64 -58.95
844.8 -58.9
844.96 -59.05
845.12 -59.17
845.28 -59.33
845.44 -59.06
845.6 -58.94
845.76 -59.03
845.92 -58.87
846.08 -59.24
846.24 -59.31
846.4 -59.27
846.56 -58.9
846.72 -59.19
846.88 -59.02
847.04 -59.48
847.2 -59.37
847.36 -59.11
847.52 -58.89
847.68 -58.96
847.84 -59.31
848.0 -59.34
848.16 -59.11
848.32 -58.95
848.48 -58.9
848.64 -58.86
848.8 -58.97
848.96 -59.33
849.12 -59.25
849.28 -59.19
849.44 -59.02
849.6 -58.75
849.76 -59.04
849.92 -59.32
850.08 -58.9
850.24 -59.07
850.4 -58.85
850.56 -58.94
850.72 -58.97
850.88 -59.26
851.04 -59.05
851.2 -58.95
851.36 -58.77
851.52 -58.95
851.68 -59.14
851.84 -59.24
852.0 -59.0
852.16 -58.88
852.32 -58.81
852.48 -59.08
852.64 -59.02
852.8 -59.14
852.96 -59.46
853.12 -59.12
853.28 -58.84
853.44 -58.89
853.6 -59.16
853.76 -59.28
853.92 -59.29
854.08 -58.74
854.24 -58.87
854.4 -58.83
854.56 -59.09
854.72 -59.18
854.88 -59.15
855.04 -59.03
855.2 -58.8
855.36 -58.89
855.52 -59.05
855.68 -59.1
855.84 -59.24
856.0 -59.05
856.16 -58.84
856.32 -58.91
856.48 -59.11
856.64 -58.99
856.8 -59.1
856.96 -59.06
857.12 -58.82
857.28 -58.88
857.44 -58.92
857.6 -59.15
857.76 -59.26
857.92 -59.06
858.08 -58.93
858.24 -58.8
858.4 -58.83
858.56 -59.3
858.72 -59.12
858.88 -59.06
859.04 -58.78
859.2 -58.76
859.36 -58.94
859.52 -58.97
859.68 -59.08
859.84 -59.02
860.0 -58.85
860.16 -58.79
860.32 -58.75
860.48 -59.22
860.64 -59.12
860.8 -58.93
860.96 -58.83
861.12 -58.58
861.28 -58.93
861.44 -58.97
861.6 -59.04
861.76 -59.01
861.92 -58.76
862.08 -58.82
862.24 -58.84
862.4 -58.92
862.56 -58.97
862.72 -58.95
862.88 -58.96
863.04 -58.49
863.2 -58.84
863.36 -59.01
863.52 -59.04
863.68 -58.88
863.84 -58.87
864.0 -58.68
864.16 -58.86
864.32 -58.93
864.48 -59.13
864.64 -59.09
864.8 -58.95
864.96 -58.77
865.12 -58.73
865.28 -58.76
865.44 -58.88
865.6 -58.93
865.76 -58.84
865.92 -58.76
866.08 -58.63
866.24 -58.65
866.4 -58.97
866.56 -59.03
866.72 -58.92
866.88 -58.8
867.04 -58.6
867.2 -58.77
867.36 -58.92
867.52 -58.93
867.68 -58.91
867.84 -58.76
868.0 -58.49
868.16 -58.53
868.32 -58.78
868.48 -58.7
868.64 -58.91
868.8 -58.78
868.96 -58.73
869.12 -58.52
869.28 -58.73
869.44 -58.89
869.6 -58.88
869.76 -58.79
869.92 -58.87
870.08 -58.6
870.24 -58.76
870.4 -59.0
870.56 -59.1
870.72 -59.17
870.88 -58.84
871.04 -58.65
871.2 -58.56
871.36 -58.86
871.52 -58.98
871.68 -58.73
871.84 -58.87
872.0 -58.74
872.16 -58.71
872.32 -58.82
872.48 -58.93
872.64 -59.01
872.8 -58.98
872.96 -58.63
873.12 -58.51
873.28 -58.65
873.44 -58.62
873.6 -58.92
873.76 -58.92
873.92 -58.73
874.08 -58.7
874.24 -58.43
874.4 -58.79
874.56 -59.04
874.72 -58.9
874.88 -58.81
875.04 -58.86
875.2 -58.5
875.36 -58.76
875.52 -58.97
875.68 -59.01
875.84 -58.72
876.0 -58.58
876.16 -58.43
876.32 -58.38
876.48 -58.58
876.64 -58.86
876.8 -58.75
876.96 -58.7
877.12 -58.75
877.28 -58.24
877.44 -58.62
877.6 -58.67
877.76 -58.83
877.92 -58.91
878.08 -58.75
878.24 -58.54
878.4 -58.34
878.56 -58.68
878.72 -58.65
878.88 -58.77
879.04 -58.75
879.2 -58.54
879.36 -58.53
879.52 -58.52
879.68 -58.43
879.84 -58.79
880.0 -58.7
880.16 -58.47
880.32 -58.46
880.48 -58.42
880.64 -58.28
880.8 -58.51
880.96 -58.62
881.12 -58.47
881.28 -58.43
881.44 -58.43
881.6 -58.23
881.76 -58.41
881.92 -58.73
882.08 -58.45
882.24 -58.62
882.4 -58.36
882.56 -58.39
882.72 -58.21
882.88 -58.51
883.04 -58.39
883.2 -58.42
883.36 -58.55
883.52 -58.22
883.68 -58.37
883.84 -58.4
884.0 -58.52
884.16 -58.55
884.32 -58.62
884.48 -58.51
884.64 -58.3
884.8 -58.27
884.96 -58.51
885.12 -58.48
885.28 -58.67
885.44 -58.47
885.6 -58.38
885.76 -58.22
885.92 -58.48
886.08 -58.47
886.24 -58.44
886.4 -58.6
886.56 -58.38
886.72 -58.5
886.88 -58.19
887.04 -58.45
887.2 -58.17
887.36 -58.43
887.52 -58.49
887.68 -58.36
887.84 -58.33
888.0 -58.26
888.16 -58.36
888.32 -58.26
888.48 -58.35
888.64 -58.47
888.8 -58.37
888.96 -58.31
889.12 -58.18
889.28 -58.34
889.44 -58.34
889.6 -58.5
889.76 -58.31
889.92 -58.24
890.08 -58.39
890.24 -58.27
890.4 -58.4
890.56 -58.31
890.72 -58.26
890.88 -58.38
891.04 -58.12
891.2 -58.32
891.36 -58.05
891.52 -58.13
891.68 -58.27
891.84 -58.39
892.0 -58.38
892.16 -57.98
892.32 -58.1
892.48 -58.06
892.64 -58.14
892.8 -58.29
892.96 -58.29
893.12 -58.31
893.28 -58.23
893.44 -58.08
893.6 -58.05
893.76 -58.11
893.92 -58.04
894.08 -58.28
894.24 -58.19
894.4 -57.99
894.56 -58.0
894.72 -58.04
894.88 -57.92
895.04 -58.03
895.2 -58.21
895.36 -58.21
895.52 -58.08
895.68 -57.99
895.84 -57.89
896.0 -57.98
896.16 -58.03
896.32 -58.23
896.48 -58.18
896.64 -58.13
896.8 -57.8
896.96 -57.93
897.12 -57.86
897.28 -58.13
897.44 -58.18
897.6 -58.04
897.76 -57.92
897.92 -57.89
898.08 -57.83
898.24 -57.94
898.4 -58.06
898.56 -58.13
898.72 -58.21
898.88 -57.95
899.04 -57.95
899.2 -57.95
899.36 -57.93
899.52 -57.93
899.68 -57.97
899.84 -58.24
900.0 -57.88
