740.0 -60.61
740.16 -60.36
740.32 -60.67
740.48 -60.43
740.64 -60.67
740.8 -60.43
740.96 -60.61
741.12 -60.36
741.28 -60.2
741.44 -60.41
741.6 -60.37
741.76 -60.54
741.92 -60.48
742.08 -60.69
742.24 -60.49
742.4 -60.42
742.56 -60.29
742.72 -60.4
742.88 -60.32
743.04 -60.25
743.2 -60.4
743.36 -60.52
743.52 -60.74
743.68 -60.26
743.84 -60.68
744.0 -60.45
744.16 -60.26
744.32 -60.15
744.48 -60.28
744.64 -60.41
744.8 -60.47
744.96 -60.49
745.12 -60.71
745.28 -60.66
745.44 -60.11
745.6 -60.62
745.76 -60.56
745.92 -60.47
746.08 -60.26
746.24 -60.68
746.4 -60.38
746.56 -60.59
746.72 -60.48
746.88 -60.43
747.04 -60.31
747.2 -60.68
747.36 -60.43
747.52 -60.35
747.68 -60.14
747.84 -60.8
748.0 -60.81
748.16 -60.74
748.32 -60.24
748.48 -60.47
748.64 -60.58
748.8 -60.65
748.96 -60.39
749.12 -60.75
749.28 -60.63
749.44 -60.73
749.6 -60.7
749.76 -60.31
749.92 -60.5
750.08 -60.19
750.24 -60.21
750.4 -60.48
750.56 -60.28
750.72 -60.46
750.88 -60.2
751.04 -60.93
751.2 -60.53
751.36 -60.44
751.52 -60.38
751.68 -60.13
751.84 -60.22
752.0 -60.36
752.16 -60.77
752.32 -60.24
752.48 -60.54
752.64 -60.29
752.8 -60.44
752.96 -60.29
753.12 -60.34
753.28 -60.05
753.44 -60.16
753.6 -60.44
753.76 -60.46
753.92 -60.74
754.08 -60.78
754.24 -60.34
754.4 -60.16
754.56 -59.89
754.72 -60.2
754.88 -60.22
755.04 -60.27
755.2 -60.32
755.36 -60.55
755.52 -60.42
755.68 -60.26
755.84 -60.14
756.0 -59.8
756.16 -59.94
756.32 -60.49
756.48 -60.37
756.64 -60.25
756.8 -60.41
756.96 -60.21
757.12 -59.92
757.28 -60.05
757.44 -59.98
757.6 -60.08
757.76 -60.14
757.92 -60.25
758.08 -60.05
758.24 -60.55
758.4 -60.14
758.56 -60.29
758.72 -59.92
758.88 -59.81
759.04 -59.89
759.2 -59.97
759.36 -60.16
759.52 -60.04
759.68 -60.53
759.84 -60.35
760.0 -60.03
760.16 -60.31
760.32 -59.95
760.48 -59.93
760.64 -59.82
760.8 -60.21
760.96 -60.08
761.12 -60.37
761.28 -60.11
761.44 -60.05
761.6 -60.0
761.76 -59.99
761.92 -59.94
762.08 -59.93
762.24 -59.87
762.4 -60.05
762.56 -60.31
762.72 -60.31
762.88 -60.07
763.04 -60.05
763.2 -59.64
763.36 -59.7
763.52 -59.77
763.68 -60.13
763.84 -60.09
764.0 -60.19
764.16 -60.16
764.32 -60.12
764.48 -59.85
764.64 -59.81
764.8 -59.67
764.96 -59.85
765.12 -59.71
765.28 -60.0
765.44 -60.09
765.6 -60.19
765.76 -59.71
765.92 -59.98
766.08 -59.65
766.24 -59.46
766.4 -59.73
766.56 -59.67
766.72 -60.06
766.88 -59.76
767.04 -59.96
767.2 -60.11
767.36 -59.74
767.52 -59.64
767.68 -59.52
767.84 -59.48
768.0 -59.72
768.16 -59.7
768.32 -60.0
768.48 -60.0
768.64 -60.07
768.8 -59.94
768.96 -59.63
769.12 -59.67
769.28 -59.53
769.44 -59.56
769.6 -59.51
769.76 -59.56
769.92 -59.75
770.08 -60.01
770.24 -60.25
770.4 -60.05
770.56 -59.75
770.72 -59.69
770.88 -59.19
771.04 -59.41
771.2 -59.57
771.36 -60.0
771.52 -59.71
771.68 -59.89
771.84 -60.06
772.0 -59.82
772.16 -59.8
772.32 -59.67
772.48 -59.56
772.64 -59.6
772.8 -59.8
772.96 -60.02
773.12 -60.18
773.28 -59.97
773.44 -59.83
773.6 -59.63
773.76 -59.36
773.92 -59.26
774.08 -59.55
774.24 -59.61
774.4 -60.01
774.56 -60.06
774.72 -60.2
774.88 -59.78
775.04 -59.88
775.2 -59.59
775.36 -59.42
775.52 -59.52
775.68 -59.6
775.84 -59.79
776.0 -59.87
776.16 -60.24
776.32 -60.53
776.48 -60.1
776.64 -59.65
776.8 -59.68
776.96 -59.42
777.12 -59.04
777.28 -59.15
777.44 -59.54
777.6 -59.8
777.76 -60.12
777.92 -60.06
778.08 -59.68
778.24 -59.41
778.4 -59.72
778.56 -59.36
778.72 -59.45
778.88 -59.64
779.04 -60.36
779.2 -60.35
779.36 -59.86
779.52 -59.66
779.68 -59.52
779.84 -59.34
780.0 -59.09
780.16 -59.36
780.32 -59.78
780.48 -60.17
780.64 -60.19
780.8 -60.09
780.96 -59.76
781.12 -59.39
781.28 -59.21
781.44 -59.3
781.6 -59.34
781.76 -59.6
781.92 -59.9
782.08 -60.2
782.24 -60.0
782.4 -60.28
782.56 -59.81
782.72 -59.46
782.88 -59.16
783.04 -59.27
783.2 -59.39
783.36 -59.91
783.52 -59.79
783.68 -60.13
783.84 -60.27
784.0 -60.14
784.16 -59.38
784.32 -59.57
784.48 -59.09
784.64 -59.2
784.8 -59.5
784.96 -59.55
785.12 -59.89
785.28 -60.54
785.44 -60.09
785.6 -60.01
785.76 -59.88
785.92 -59.25
786.08 -59.01
786.24 -58.99
786.4 -59.09
786.56 -59.55
786.72 -60.23
786.88 -60.03
787.04 -60.47
787.2 -59.94
787.36 -59.16
787.52 -58.91
787.68 -58.81
787.84 -58.78
788.0 -59.09
788.16 -59.82
788.32 -59.95
788.48 -59.97
788.64 -60.22
788.8 -59.64
788.96 -59.6
789.12 -59.17
789.28 -58.84
789.44 -58.84
789.6 -59.16
789.76 -59.53
789.92 -60.04
790.08 -60.41
790.24 -59.94
790.4 -59.6
790.56 -59.11
790.72 -59.21
790.88 -58.79
791.04 -58.98
791.2 -59.12
791.36 -59.19
791.52 -59.75
791.68 -59.99
791.84 -60.25
792.0 -59.73
792.16 -59.33
792.32 -59.25
792.48 -58.95
792.64 -58.69
792.8 -58.96
792.96 -59.32
793.12 -59.54
793.28 -59.98
793.44 -60.13
793.6 -59.89
793.76 -59.11
793.92 -58.93
794.08 -58.77
794.24 -58.78
794.4 -58.83
794.56 -58.98
794.72 -59.18
794.88 -59.84
795.04 -59.98
795.2 -59.96
795.36 -60.19
795.52 -59.74
795.68 -58.92
795.84 -58.7
796.0 -58.82
796.16 -58.6
796.32 -59.28
796.48 -59.39
796.64 -59.67
796.8 -60.0
796.96 -59.46
797.12 -59.34
797.28 -58.9
797.44 -58.94
797.6 -58.45
797.76 -58.68
797.92 -58.58
798.08 -59.15
798.24 -59.65
798.4 -59.69
798.56 -59.62
798.72 -59.64
798.88 -59.13
799.04 -58.54
799.2 -58.75
799.36 -58.68
799.52 -59.05
799.68 -59.17
799.84 -59.33
800.0 -59.84
800.16 -59.95
800.32 -59.57
800.48 -59.37
800.64 -59.03
800.8 -58.44
800.96 -58.54
801.12 -58.68
801.28 -59.06
801.44 -59.5
801.6 -59.85
801.76 -59.89
801.92 -59.43
802.08 -59.02
802.24 -58.63
802.4 -58.47
802.56 -58.51
802.72 -58.69
802.88 -59.13
803.04 -59.77
803.2 -59.73
803.36 -59.78
803.52 -59.41
803.68 -58.81
803.84 -58.77
804.0 -58.41
804.16 -58.59
804.32 -59.0
804.48 -59.25
804.64 -59.71
804.8 -59.33
804.96 -59.54
805.12 -59.37
805.28 -58.79
805.44 -58.6
805.6 -58.16
805.76 -58.15
805.92 -58.11
806.08 -58.44
806.24 -58.64
806.4 -58.19
806.56 -57.63
806.72 -56.42
806.88 -55.15
807.04 -53.99
807.2 -52.59
807.36 -51.04
807.52 -50.09
807.68 -49.36
807.84 -49.01
808.0 -49.08
808.16 -49.51
808.32 -49.81
808.48 -49.66
808.64 -49.32
808.8 -49.34
808.96 -50.08
809.12 -51.77
809.28 -54.42
809.44 -57.03
809.6 -58.31
809.76 -58.96
809.92 -58.7
810.08 -58.81
810.24 -58.26
810.4 -58.21
810.56 -58.26
810.72 -58.41
810.88 -58.65
811.04 -58.7
811.2 -59.11
811.36 -59.37
811.52 -59.36
811.68 -59.11
811.84 -58.63
812.0 -58.68
812.16 -58.26
812.32 -58.28
812.48 -58.6
812.64 -59.11
812.8 -58.97
812.96 -59.47
813.12 -59.46
813.28 -59.51
813.44 -59.11
813.6 -58.84
813.76 -58.44
813.92 -58.28
814.08 -58.37
814.24 -58.85
814.4 -58.95
814.56 -59.29
814.72 -59.55
814.88 -59.36
815.04 -59.12
815.2 -58.98
815.36 -58.62
815.52 -58.26
815.68 -58.44
815.84 -58.58
816.0 -58.7
816.16 -59.48
816.32 -59.41
816.48 -59.34
816.64 -59.16
816.8 -59.15
816.96 -58.67
817.12 -58.66
817.28 -58.43
817.44 -58.46
817.6 -58.59
817.76 -58.94
817.92 -58.95
818.08 -59.14
818.24 -59.62
818.4 -59.46
818.56 -58.98
818.72 -58.66
818.88 -58.58
819.04 -58.48
819.2 -58.09
819.36 -58.63
819.52 -58.65
819.68 -58.97
819.84 -59.24
820.0 -59.41
820.16 -58.99
820.32 -58.93
820.48 -58.38
820.64 -58.23
820.8 -58.3
820.96 -58.48
821.12 -58.55
821.28 -58.79
821.44 -59.24
821.6 -59.58
821.76 -59.38
821.92 -59.06
822.08 -58.61
822.24 -58.47
822.4 -58.46
822.56 -58.19
822.72 -58.52
822.88 -58.6
823.04 -58.68
823.2 -59.17
823.36 -59.08
823.52 -59.03
823.68 -59.07
823.84 -58.65
824.0 -58.5
824.16 -58.27
824.32 -58.27
824.48 -58.25
824.64 -58.39
824.8 -58.79
824.96 -59.12
825.12 -59.18
825.28 -59.45
825.44 -59.04
825.6 -58.92
825.76 -58.63
825.92 -58.39
826.08 -58.14
826.24 -58.31
826.4 -58.33
826.56 -58.62
826.72 -58.86
826.88 -59.37
827.04 -59.11
827.2 -59.03
827.36 -59.05
827.52 -58.69
827.68 -58.35
827.84 -58.19
828.0 -58.39
828.16 -58.3
828.32 -58.6
828.48 -58.58
828.64 -59.19
828.8 -59.06
828.96 -59.16
829.12 -58.91
829.28 -58.8
829.44 -58.63
829.6 -58.33
829.76 -58.08
829.92 -58.49
830.08 -58.38
830.24 -58.45
830.4 -58.64
830.56 -58.98
830.72 -58.82
830.88 -58.75
831.04 -58.73
831.2 -58.48
831.36 -58.23
831.52 -58.26
831.68 -58.11
831.84 -58.14
832.0 -58.4
832.16 -58.73
832.32 -58.95
832.48 -58.93
832.64 -58.9
832.8 -58.43
832.96 -58.5
833.12 -58.35
833.28 -57.94
833.44 -57.9
833.6 -58.17
833.76 -58.19
833.92 -58.43
834.08 -58.43
834.24 -58.49
834.4 -58.41
834.56 -58.41
834.72 -58.17
834.88 -57.97
835.04 -57.81
835.2 -57.72
835.36 -57.74
835.52 -57.88
835.68 -58.02
835.84 -58.17
836.0 -58.71
836.16 -58.73
836.32 -58.48
836.48 -58.41
836.64 -58.39
836.8 -57.89
836.96 -57.84
837.12 -57.9
837.28 -57.83
837.44 -58.32
837.6 -58.23
837.76 -58.52
837.92 -58.71
838.08 -58.67
838.24 -58.5
838.4 -58.41
838.56 -58.16
838.72 -58.19
838.88 -57.93
839.04 -58.1
839.2 -58.31
839.36 -58.45
839.52 -58.52
839.68 -58.79
839.84 -58.62
840.0 -58.69
840.16 -58.72
840.32 -58.44
840.48 -58.23
840.64 -58.2
840.8 -58.19
840.96 -58.13
841.12 -58.39
841.28 -58.59
841.44 -58.8
841.6 -58.87
841.76 -58.79
841.92 -58.75
842.08 -58.54
842.24 -58.26
842.4 -58.25
842.56 -58.0
842.72 -58.15
842.88 -58.26
843.04 -58.5
843.2 -58.68
843.36 -58.91
843.52 -59.02
843.68 -58.78
843.84 -58.68
844.0 -58.27
844.16 -58.27
844.32 -58.3
844.48 -58.33
844.64 -58.27
844.8 -58.34
844.96 -58.48
845.12 -58.55
845.28 -58.72
845.44 -58.73
845.6 -58.74
845.76 -58.5
845.92 -58.37
846.08 -58.09
846.24 -58.27
846.4 -58.15
846.56 -58.16
846.72 -58.15
846.88 -58.55
847.04 -58.66
847.2 -58.84
847.36 -58.89
847.52 -58.79
847.68 -58.43
847.84 -58.57
848.0 -58.3
848.16 -58.28
848.32 -58.06
848.48 -58.22
848.64 -58.32
848.8 -58.64
848.96 -58.78
849.12 -58.76
849.28 -58.8
849.44 -58.8
849.6 -58.66
849.76 -58.29
849.92 -58.31
850.08 -58.19
850.24 -58.25
850.4 -58.41
850.56 -58.23
850.72 -58.44
850.88 -58.55
851.04 -58.88
851.2 -58.84
851.36 -58.76
851.52 -58.7
851.68 -58.6
851.84 -58.43
852.0 -58.29
852.16 -58.26
852.32 -58.17
852.48 -58.37
852.64 -58.27
852.8 -58.5
852.96 -58.62
853.12 -58.7
853.28 -58.83
853.44 -58.7
853.6 -58.61
853.76 -58.57
853.92 -58.34
854.08 -58.42
854.24 -58.41
854.4 -58.19
854.56 -58.18
854.72 -58.57
854.88 -58.59
855.04 -58.85
855.2 -58.72
855.36 -58.79
855.52 -58.62
855.68 -58.47
855.84 -58.34
856.0 -58.3
856.16 -58.34
856.32 -58.28
856.48 -58.4
856.64 -58.37
856.8 -58.48
856.96 -58.88
857.12 -58.78
857.28 -58.85
857.44 -58.77
857.6 -58.65
857.76 -58.49
857.92 -58.33
858.08 -58.33
858.24 -58.36
858.4 -58.29
858.56 -58.29
858.72 -58.38
858.88 -58.58
859.04 -58.76
859.2 -58.87
859.36 -58.77
859.52 -58.53
859.68 -58.75
859.84 -58.5
860.0 -58.27
860.16 -58.38
860.32 -58.13
860.48 -58.09
860.64 -58.3
860.8 -58.29
860.96 -58.57
861.12 -58.51
861.28 -58.56
861.44 -58.56
861.6 -58.8
861.76 -58.45
861.92 -58.33
862.08 -58.39
862.24 -58.19
862.4 -58.46
862.56 -58.24
862.72 -58.42
862.88 -58.28
863.04 -58.4
863.2 -58.6
863.36 -58.67
863.52 -58.71
863.68 -58.79
863.84 -58.69
864.0 -58.47
864.16 -58.65
864.32 -58.15
864.48 -58.22
864.64 -58.2
864.8 -58.4
864.96 -58.26
865.12 -58.59
865.28 -58.5
865.44 -58.78
865.6 -58.69
865.76 -58.88
865.92 -58.76
866.08 -58.72
866.24 -58.54
866.4 -58.58
866.56 -58.39
866.72 -58.48
866.88 -58.38
867.04 -58.43
867.2 -58.55
867.36 -58.74
867.52 -58.59
867.68 -58.81
867.84 -58.99
868.0 -58.88
868.16 -58.76
868.32 -58.87
868.48 -58.5
868.64 -58.56
868.8 -58.25
868.96 -58.34
869.12 -58.4
869.28 -58.4
869.44 -58.52
869.6 -58.61
869.76 -58.67
869.92 -58.91
870.08 -58.87
870.24 -58.84
870.4 -58.77
870.56 -58.63
870.72 -58.6
870.88 -58.37
871.04 -58.27
871.2 -58.22
871.36 -58.23
871.52 -58.34
871.68 -58.43
871.84 -58.54
872.0 -58.78
872.16 -58.75
872.32 -58.79
872.48 -58.95
872.64 -58.82
872.8 -58.63
872.96 -58.73
873.12 -58.26
873.28 -58.32
873.44 -58.4
873.6 -58.4
873.76 -58.37
873.92 -58.52
874.08 -58.68
874.24 -58.65
874.4 -58.8
874.56 -59.04
874.72 -58.62
874.88 -58.83
875.04 -58.84
875.2 -58.44
875.36 -58.44
875.52 -58.19
875.68 -58.32
875.84 -58.42
876.0 -58.41
876.16 -58.31
876.32 -58.64
876.48 -58.64
876.64 -58.61
876.8 -58.87
876.96 -58.84
877.12 -58.93
877.28 -58.51
877.44 -58.51
877.6 -58.43
877.76 -58.52
877.92 -58.39
878.08 -58.32
878.24 -58.24
878.4 -58.46
878.56 -58.5
878.72 -58.8
878.88 -59.04
879.04 -58.88
879.2 -58.87
879.36 -59.07
879.52 -58.63
879.68 -58.7
879.84 -58.59
880.0 -58.59
880.16 -58.63
880.32 -58.48
880.48 -58.56
880.64 -58.58
880.8 -58.48
880.96 -58.65
881.12 -58.9
881.28 -58.95
881.44 -58.89
881.6 -58.61
881.76 -58.63
881.92 -58.81
882.08 -58.61
882.24 -58.72
882.4 -58.49
882.56 -58.41
882.72 -58.41
882.88 -58.4
883.04 -58.46
883.2 -58.52
883.36 -58.61
883.52 -58.8
883.68 -58.8
883.84 -58.5
884.0 -58.65
884.16 -58.69
884.32 -58.37
884.48 -58.42
884.64 -58.2
884.8 -58.3
884.96 -58.32
885.12 -58.15
885.28 -58.25
885.44 -58.49
885.6 -58.61
885.76 -58.47
885.92 -58.57
886.08 -58.57
886.24 -58.52
886.4 -58.59
886.56 -58.4
886.72 -58.44
886.88 -58.32
887.04 -58.27
887.2 -58.16
887.36 -58.28
887.52 -58.24
887.68 -58.26
887.84 -58.38
888.0 -58.4
888.16 -58.29
888.32 -58.43
888.48 -58.61
888.64 -58.5
888.8 -58.6
888.96 -58.59
889.12 -58.55
889.28 -58.43
889.44 -58.27
889.6 -58.17
889.76 -58.11
889.92 -58.23
890.08 -58.23
890.24 -58.22
890.4 -58.33
890.56 -58.4
890.72 -58.56
890.88 -58.62
891.04 -58.62
891.2 -58.39
891.36 -58.56
891.52 -58.49
891.68 -58.41
891.84 -58.2
892.0 -58.12
892.16 -58.3
892.32 -58.21
892.48 -58.14
892.64 -58.13
892.8 -58.27
892.96 -58.4
893.12 -58.4
893.28 -58.52
893.44 -58.57
893.6 -58.58
893.76 -58.59
893.92 -58.58
894.08 -58.52
894.24 -58.44
894.4 -58.37
894.56 -58.41
894.72 -58.25
894.88 -58.16
895.04 -58.29
895.2 -58.22
895.36 -58.19
895.52 -58.32
895.68 -58.43
895.84 -58.43
896.0 -58.8
896.16 -58.64
896.32 -58.29
896.48 -58.77
896.64 -58.72
896.8 -58.54
896.96 -58.64
897.12 -58.27
897.28 -58.27
897.44 -58.42
897.6 -58.37
897.76 -58.15
897.92 -58.19
898.08 -58.59
898.24 -58.24
898.4 -58.49
898.56 -58.41
898.72 -58.4
898.88 -58.52
899.04 -58.45
899.2 -58.44
899.36 -58.53
899.52 -58.46
899.68 -58.36
899.84 -58.19
900.0 -58.18
