740.0 -60.15
740.16 -60.34
740.32 -60.53
740.48 -60.73
740.64 -60.43
740.8 -60.71
740.96 -60.26
741.12 -60.4
741.28 -60.31
741.44 -60.82
741.6 -60.64
741.76 -60.29
741.92 -60.68
742.08 -60.41
742.24 -60.46
742.4 -60.43
742.56 -60.92
742.72 -60.49
742.88 -60.5
743.04 -60.78
743.2 -60.68
743.36 -60.63
743.52 -60.47
743.68 -60.64
743.84 -60.44
744.0 -60.58
744.16 -60.62
744.32 -60.41
744.48 -60.56
744.64 -60.49
744.8 -60.27
744.96 -60.39
745.12 -60.62
745.28 -60.48
745.44 -60.36
745.6 -60.99
745.76 -60.97
745.92 -60.33
746.08 -60.36
746.24 -60.67
746.4 -60.19
746.56 -60.84
746.72 -60.59
746.88 -60.61
747.04 -60.74
747.2 -60.62
747.36 -60.24
747.52 -60.41
747.68 -60.4
747.84 -60.53
748.0 -61.0
748.16 -60.85
748.32 -60.39
748.48 -60.63
748.64 -60.32
748.8 -60.26
748.96 -60.36
749.12 -60.53
749.28 -60.71
749.44 -60.71
749.6 -60.69
749.76 -60.29
749.92 -60.65
750.08 -60.31
750.24 -60.37
750.4 -60.96
750.56 -60.71
750.72 -60.83
750.88 -60.59
751.04 -60.35
751.2 -60.61
751.36 -60.56
751.52 -60.27
751.68 -60.89
751.84 -60.66
752.0 -60.79
752.16 -60.48
752.32 -60.5
752.48 -60.2
752.64 -60.49
752.8 -60.38
752.96 -60.43
753.12 -60.53
753.28 -60.61
753.44 -60.75
753.6 -60.89
753.76 -60.15
753.92 -60.25
754.08 -60.68
754.24 -60.52
754.4 -60.74
754.56 -60.75
754.72 -60.9
754.88 -60.65
755.04 -59.93
755.2 -60.25
755.36 -60.36
755.52 -60.57
755.68 -60.61
755.84 -60.59
756.0 -60.57
756.16 -60.24
756.32 -60.25
756.48 -60.27
756.64 -60.27
756.8 -60.12
756.96 -60.21
757.12 -60.46
757.28 -60.35
757.44 -60.23
757.6 -60.28
757.76 -60.57
757.92 -60.17
758.08 -60.17
758.24 -60.57
758.4 -60.39
758.56 -60.43
758.72 -60.34
758.88 -60.19
759.04 -60.44
759.2 -60.22
759.36 -60.12
759.52 -60.46
759.68 -60.11
759.84 -60.81
760.0 -60.23
760.16 -60.29
760.32 -60.43
760.48 -60.22
760.64 -59.93
760.8 -60.25
760.96 -60.16
761.12 -60.35
761.28 -60.36
761.44 -60.18
761.6 -59.98
761.76 -60.02
761.92 -60.36
762.08 -60.27
762.24 -60.33
762.4 -60.45
762.56 -60.5
762.72 -60.52
762.88 -60.12
763.04 -60.09
763.2 -60.0
763.36 -60.14
763.52 -60.43
763.68 -60.48
763.84 -60.55
764.0 -60.49
764.16 -59.91
764.32 -59.96
764.48 -59.89
764.64 -59.96
764.8 -60.27
764.96 -60.1
765.12 -60.17
765.28 -60.44
765.44 -60.27
765.6 -60.11
765.76 -60.22
765.92 -59.99
766.08 -60.37
766.24 -60.53
766.4 -60.4
766.56 -60.33
766.72 -60.16
766.88 -59.72
767.04 -59.98
767.2 -60.17
767.36 -60.19
767.52 -59.9
767.68 -60.52
767.84 -60.12
768.0 -60.3
768.16 -59.87
768.32 -59.85
768.48 -60.06
768.64 -60.32
768.8 -60.71
768.96 -60.45
769.12 -59.97
769.28 -60.12
769.44 -60.04
769.6 -60.04
769.76 -59.83
769.92 -59.92
770.08 -60.11
770.24 -60.13
770.4 -60.18
770.56 -60.5
770.72 -60.23
770.88 -59.97
771.04 -59.99
771.2 -60.24
771.36 -60.36
771.52 -60.5
771.68 -60.29
771.84 -60.58
772.0 -60.09
772.16 -59.97
772.32 -60.06
772.48 -59.71
772.64 -60.57
772.8 -60.43
772.96 -60.41
773.12 -60.13
773.28 -60.14
773.44 -59.89
773.6 -60.18
773.76 -59.66
773.92 -60.15
774.08 -60.39
774.24 -60.28
774.4 -60.33
774.56 -60.39
774.72 -59.92
774.88 -59.91
775.04 -59.95
775.2 -60.21
775.36 -60.32
775.52 -60.34
775.68 -60.62
775.84 -60.22
776.0 -59.83
776.16 -59.63
776.32 -59.97
776.48 -59.86
776.64 -60.08
776.8 -60.56
776.96 -60.4
777.12 -60.5
777.28 -60.06
777.44 -59.96
777.6 -59.52
777.76 -59.64
777.92 -59.96
778.08 -60.44
778.24 -60.37
778.4 -60.02
778.56 -60.17
778.72 -59.96
778.88 -59.65
779.04 -59.65
779.2 -60.09
779.36 -60.25
779.52 -60.47
779.68 -60.56
779.84 -60.18
780.0 -59.79
780.16 -59.52
780.32 -59.78
780.48 -59.89
780.64 -60.48
780.8 -60.52
780.96 -60.45
781.12 -60.17
781.28 -59.52
781.44 -59.45
781.6 -59.75
781.76 -59.57
781.92 -60.13
782.08 -60.79
782.24 -60.31
782.4 -60.27
782.56 -59.91
782.72 -59.78
782.88 -59.53
783.04 -59.79
783.2 -60.09
783.36 -60.07
783.52 -60.56
783.68 -60.2
783.84 -60.03
784.0 -59.62
784.16 -59.33
784.32 -59.41
784.48 -59.99
784.64 -60.39
784.8 -60.49
784.96 -60.51
785.12 -60.13
785.28 -60.0
785.44 -59.49
785.6 -59.53
785.76 -59.62
785.92 -60.01
786.08 -60.5
786.24 -60.71
786.4 -60.46
786.56 -59.83
786.72 -59.31
786.88 -59.18
787.04 -59.33
787.2 -59.88
787.36 -60.25
787.52 -60.59
787.68 -60.52
787.84 -60.17
788.0 -59.9
788.16 -59.37
788.32 -59.34
788.48 -59.31
788.64 -59.96
788.8 -60.54
788.96 -60.43
789.12 -60.39
789.28 -60.11
789.44 -59.58
789.6 -59.6
789.76 -59.5
789.92 -59.65
790.08 -59.82
790.24 -60.48
790.4 -60.52
790.56 -60.4
790.72 -59.96
790.88 -59.34
791.04 -59.37
791.2 -59.39
791.36 -59.62
791.52 -59.86
791.68 -60.78
791.84 -60.65
792.0 -60.18
792.16 -59.75
792.32 -59.54
792.48 -58.94
792.64 -59.11
792.8 -59.44
792.96 -59.88
793.12 -60.31
793.28 -60.53
793.44 -60.43
793.6 -60.15
793.76 -59.49
793.92 -59.42
794.08 -59.27
794.24 -59.59
794.4 -59.78
794.56 -60.49
794.72 -60.38
794.88 -60.41
795.04 -59.72
795.2 -59.99
795.36 -59.4
795.52 -58.92
795.68 -59.51
795.84 -59.99
796.0 -60.17
796.16 -60.56
796.32 -60.69
796.48 -60.4
796.64 -59.42
796.8 -59.19
796.96 -58.9
797.12 -59.46
797.28 -59.61
797.44 -60.14
797.6 -60.44
797.76 -60.55
797.92 -59.85
798.08 -59.41
798.24 -59.01
798.4 -59.23
798.56 -59.3
798.72 -59.65
798.88 -60.06
799.04 -60.23
799.2 -60.31
799.36 -59.96
799.52 -59.3
799.68 -58.96
799.84 -59.14
800.0 -59.39
800.16 -59.25
800.32 -60.05
800.48 -60.4
800.64 -60.21
800.8 -59.86
800.96 -59.46
801.12 -59.12
801.28 -58.8
801.44 -58.93
801.6 -59.47
801.76 -59.76
801.92 -59.93
802.08 -59.55
802.24 -59.88
802.4 -59.64
802.56 -59.05
802.72 -59.06
802.88 -58.95
803.04 -58.87
803.2 -59.63
803.36 -59.86
803.52 -60.39
803.68 -59.98
803.84 -59.74
804.0 -59.44
804.16 -59.06
804.32 -58.58
804.48 -59.18
804.64 -59.2
804.8 -59.82
804.96 -59.74
805.12 -60.03
805.28 -59.57
805.44 -59.34
805.6 -58.66
805.76 -58.42
805.92 -58.46
806.08 -58.51
806.24 -58.6
806.4 -58.47
806.56 -57.95
806.72 -57.07
806.88 -55.63
807.04 -54.34
807.2 -52.76
807.36 -51.24
807.52 -50.21
807.68 -49.47
807.84 -49.12
808.0 -49.2
808.16 -49.62
808.32 -49.89
808.48 -49.76
808.64 -49.4
808.8 -49.38
808.96 -50.14
809.12 -51.86
809.28 -54.78
809.44 -57.45
809.6 -58.71
809.76 -59.14
809.92 -59.08
810.08 -58.8
810.24 -58.42
810.4 -58.57
810.56 -58.98
810.72 -59.38
810.88 -59.72
811.04 -59.98
811.2 -59.58
811.36 -59.4
811.52 -59.02
811.68 -58.84
811.84 -58.71
812.0 -58.94
812.16 -59.36
812.32 -59.63
812.48 -60.03
812.64 -59.66
812.8 -59.69
812.96 -59.55
813.12 -58.98
813.28 -58.6
813.44 -58.92
813.6 -59.46
813.76 -59.54
813.92 -59.84
814.08 -59.59
814.24 -59.69
814.4 -59.23
814.56 -58.94
814.72 -58.73
814.88 -58.93
815.04 -59.19
815.2 -59.21
815.36 -59.69
815.52 -59.82
815.68 -59.66
815.84 -59.4
816.0 -59.21
816.16 -58.64
816.32 -58.95
816.48 -58.81
816.64 -59.23
816.8 -59.35
816.96 -59.73
817.12 -59.62
817.28 -59.64
817.44 -59.4
817.6 -59.17
817.76 -58.68
817.92 -58.56
818.08 -58.84
818.24 -59.3
818.4 -59.44
818.56 -59.48
818.72 -59.84
818.88 -59.3
819.04 -59.09
819.2 -58.86
819.36 -58.64
819.52 -58.95
819.68 -59.08
819.84 -59.19
820.0 -59.6
820.16 -59.72
820.32 -59.78
820.48 -59.36
820.64 -58.82
820.8 -58.87
820.96 -58.68
821.12 -58.97
821.28 -59.31
821.44 -59.36
821.6 -59.7
821.76 -59.48
821.92 -59.41
822.08 -58.97
822.24 -58.98
822.4 -58.78
822.56 -58.9
822.72 -58.97
822.88 -59.22
823.04 -59.43
823.2 -59.24
823.36 -59.53
823.52 -58.98
823.68 -58.93
823.84 -58.63
824.0 -58.68
824.16 -58.84
824.32 -59.08
824.48 -59.34
824.64 -59.62
824.8 -59.51
824.96 -59.27
825.12 -58.84
825.28 -58.9
825.44 -58.75
825.6 -58.63
825.76 -58.61
825.92 -59.05
826.08 -59.13
826.24 -59.5
826.4 -59.52
826.56 -59.28
826.72 -58.94
826.88 -58.79
827.04 -58.66
827.2 -58.48
827.36 -58.86
827.52 -59.08
827.68 -59.09
827.84 -59.19
828.0 -59.38
828.16 -59.3
828.32 -58.87
828.48 -58.75
828.64 -58.56
828.8 -58.5
828.96 -58.89
829.12 -59.02
829.28 -59.37
829.44 -59.38
829.6 -59.21
829.76 -59.21
829.92 -58.99
830.08 -58.61
830.24 -58.52
830.4 -58.59
830.56 -58.9
830.72 -59.08
830.88 -59.18
831.04 -59.34
831.2 -59.26
831.36 -59.05
831.52 -58.86
831.68 -58.65
831.84 -58.59
832.0 -58.36
832.16 -58.62
832.32 -58.82
832.48 -59.11
832.64 -59.15
832.8 -59.26
832.96 -59.17
833.12 -58.94
833.28 -58.63
833.44 -58.44
833.6 -58.43
833.76 -58.61
833.92 -58.78
834.08 -59.05
834.24 -58.99
834.4 -59.14
834.56 -58.82
834.72 -58.5
834.88 -58.29
835.04 -58.28
835.2 -58.23
835.36 -58.31
835.52 -58.3
835.68 -58.58
835.84 -58.54
836.0 -58.78
836.16 -58.89
836.32 -58.71
836.48 -58.24
836.64 -58.19
836.8 -58.15
836.96 -58.37
837.12 -58.61
837.28 -58.55
837.44 -58.89
837.6 -58.87
837.76 -59.04
837.92 -58.78
838.08 -58.56
838.24 -58.55
838.4 -58.31
838.56 -58.25
838.72 -58.46
838.88 -58.81
839.04 -58.91
839.2 -58.87
839.36 -59.06
839.52 -58.84
839.68 -58.76
839.84 -58.49
840.0 -58.3
840.16 -58.33
840.32 -58.34
840.48 -58.41
840.64 -58.63
840.8 -59.0
840.96 -58.96
841.12 -58.93
841.28 -58.7
841.44 -58.34
841.6 -58.44
841.76 -58.27
841.92 -58.33
842.08 -58.73
842.24 -58.65
842.4 -58.75
842.56 -58.9
842.72 -59.03
842.88 -59.04
843.04 -59.02
843.2 -58.76
843.36 -58.44
843.52 -58.58
843.68 -58.34
843.84 -58.46
844.0 -58.91
844.16 -58.87
844.32 -58.94
844.48 -58.99
844.64 -58.91
844.8 -58.64
844.96 -58.37
845.12 -58.34
845.28 -58.33
845.44 -58.29
845.6 -58.49
845.76 -58.9
845.92 -58.79
846.08 -58.98
846.24 -58.99
846.4 -58.51
846.56 -58.71
846.72 -58.52
846.88 -58.13
847.04 -58.24
847.2 -58.56
847.36 -58.55
847.52 -58.72
847.68 -58.77
847.84 -58.91
848.0 -58.72
848.16 -58.6
848.32 -58.49
848.48 -58.42
848.64 -58.27
848.8 -58.3
848.96 -58.53
849.12 -58.57
849.28 -58.69
849.44 -59.04
849.6 -58.88
849.76 -58.59
849.92 -58.48
850.08 -58.47
850.24 -58.46
850.4 -58.33
850.56 -58.35
850.72 -58.43
850.88 -58.54
851.04 -58.65
851.2 -58.74
851.36 -58.73
851.52 -58.52
851.68 -58.57
851.84 -58.27
852.0 -58.18
852.16 -58.24
852.32 -58.38
852.48 -58.42
852.64 -58.57
852.8 -58.65
852.96 -58.82
853.12 -58.68
853.28 -58.61
853.44 -58.46
853.6 -58.28
853.76 -58.19
853.92 -58.28
854.08 -58.17
854.24 -58.24
854.4 -58.46
854.56 -58.26
854.72 -58.57
854.88 -58.74
855.04 -58.39
855.2 -58.39
855.36 -58.27
855.52 -57.96
855.68 -58.06
855.84 -57.89
856.0 -58.33
856.16 -58.36
856.32 -58.54
856.48 -58.45
856.64 -58.42
856.8 -58.36
856.96 -58.28
857.12 -58.17
857.28 -58.04
857.44 -58.14
857.6 -57.94
857.76 -58.21
857.92 -58.3
858.08 -58.44
858.24 -58.49
858.4 -58.39
858.56 -58.49
858.72 -58.41
858.88 -58.24
859.04 -58.19
859.2 -57.95
859.36 -58.06
859.52 -58.14
859.68 -58.1
859.84 -58.41
860.0 -58.43
860.16 -58.57
860.32 -58.42
860.48 -58.24
860.64 -58.16
860.8 -58.03
860.96 -58.1
861.12 -57.81
861.28 -58.03
861.44 -58.14
861.6 -58.33
861.76 -58.22
861.92 -58.49
862.08 -58.61
862.24 -58.34
862.4 -58.24
862.56 -57.97
862.72 -57.99
862.88 -57.9
863.04 -57.96
863.2 -58.14
863.36 -58.11
863.52 -58.37
863.68 -58.35
863.84 -58.18
864.0 -58.52
864.16 -58.36
864.32 -58.15
864.48 -57.98
864.64 -57.96
864.8 -58.03
864.96 -58.01
865.12 -58.08
865.28 -58.25
865.44 -58.26
865.6 -58.48
865.76 -58.34
865.92 -58.41
866.08 -58.15
866.24 -58.14
866.4 -57.88
866.56 -57.9
866.72 -57.82
866.88 -57.98
867.04 -58.02
867.2 -58.27
867.36 -58.32
867.52 -58.25
867.68 -58.5
867.84 -58.19
868.0 -58.28
868.16 -58.02
868.32 -58.02
868.48 -57.88
868.64 -58.15
868.8 -57.73
868.96 -57.98
869.12 -58.18
869.28 -58.36
869.44 -58.36
869.6 -58.33
869.76 -58.35
869.92 -58.31
870.08 -58.07
870.24 -57.99
870.4 -57.96
870.56 -57.64
870.72 -58.0
870.88 -58.06
871.04 -58.16
871.2 -58.2
871.36 -58.34
871.52 -58.28
871.68 -58.17
871.84 -58.14
872.0 -57.97
872.16 -58.12
872.32 -57.78
872.48 -57.69
872.64 -58.02
872.8 -57.92
872.96 -58.0
873.12 -58.07
873.28 -58.22
873.44 -58.38
873.6 -58.22
873.76 -58.2
873.92 -57.98
874.08 -57.76
874.24 -57.83
874.4 -57.68
874.56 -57.91
874.72 -57.86
874.88 -57.73
875.04 -58.01
875.2 -58.18
875.36 -57.92
875.52 -58.13
875.68 -58.12
875.84 -57.99
876.0 -57.75
876.16 -57.65
876.32 -57.67
876.48 -57.73
876.64 -57.82
876.8 -58.01
876.96 -58.05
877.12 -58.05
877.28 -58.12
877.44 -58.15
877.6 -58.08
877.76 -57.87
877.92 -57.77
878.08 -57.75
878.24 -57.87
878.4 -57.87
878.56 -57.87
878.72 -57.82
878.88 -58.0
879.04 -58.03
879.2 -58.0
879.36 -57.99
879.52 -58.0
879.68 -57.9
879.84 -57.81
880.0 -57.69
880.16 -57.54
880.32 -57.54
880.48 -57.53
880.64 -57.76
880.8 -58.01
880.96 -58.08
881.12 -58.14
881.28 -58.1
881.44 -58.23
881.6 -57.97
881.76 -57.78
881.92 -57.85
882.08 -57.68
882.24 -57.72
882.4 -57.72
882.56 -57.77
882.72 -57.61
882.88 -57.77
883.04 -57.82
883.2 -58.0
883.36 -57.9
883.52 -57.93
883.68 -57.86
883.84 -57.89
884.0 -57.68
884.16 -57.65
884.32 -57.57
884.48 -57.56
884.64 -57.61
884.8 -57.59
884.96 -57.49
885.12 -57.77
885.28 -57.75
885.44 -57.9
885.6 -57.9
885.76 -57.91
885.92 -57.84
886.08 -57.79
886.24 -57.77
886.4 -57.66
886.56 -57.61
886.72 -57.61
886.88 -57.51
887.04 -57.81
887.2 -57.68
887.36 -57.92
887.52 -57.78
887.68 -57.83
887.84 -57.91
888.0 -57.71
888.16 -57.71
888.32 -57.48
888.48 -57.57
888.64 -57.58
888.8 -57.51
888.96 -57.5
889.12 -57.79
889.28 -57.73
889.44 -57.82
889.6 -57.71
889.76 -57.8
889.92 -57.6
890.08 -57.81
890.24 -57.97
890.4 -57.61
890.56 -57.49
890.72 -57.44
890.88 -57.45
891.04 -57.52
891.2 -57.72
891.36 -57.54
891.52 -57.7
891.68 -57.91
891.84 -57.82
892.0 -57.85
892.16 -57.76
892.32 -57.81
892.48 -57.34
892.64 -57.38
892.8 -57.32
892.96 -57.51
893.12 -57.51
893.28 -57.53
893.44 -57.5
893.6 -57.87
893.76 -57.75
893.92 -57.53
894.08 -57.7
894.24 -57.79
894.4 -57.63
894.56 -57.59
894.72 -57.4
894.88 -57.43
895.04 -57.44
895.2 -57.28
895.36 -57.37
895.52 -57.46
895.68 -57.52
895.84 -57.56
896.0 -57.43
896.16 -57.53
896.32 -57.5
896.48 -57.48
896.64 -57.33
896.8 -57.46
896.96 -57.25
897.12 -57.41
897.28 -57.38
897.44 -57.2
897.6 -57.31
897.76 -57.34
897.92 -57.39
898.08 -57.24
898.24 -57.5
898.4 -57.61
898.56 -57.38
898.72 -57.33
898.88 -57.4
899.04 -57.28
899.2 -57.21
899.36 -57.11
899.52 -57.29
899.68 -57.28
899.84 -57.21
900.0 -57.23
