740.0 -60.28
740.16 -60.01
740.32 -60.26
740.48 -60.35
740.64 -60.41
740.8 -60.3
740.96 -60.02
741.12 -60.11
741.28 -60.29
741.44 -60.37
741.6 -60.22
741.76 -60.15
741.92 -60.41
742.08 -60.28
742.24 -60.2
742.4 -60.05
742.56 -60.16
742.72 -60.18
742.88 -60.15
743.04 -60.12
743.2 -60.22
743.36 -60.32
743.52 -60.45
743.68 -60.18
743.84 -60.26
744.0 -60.41
744.16 -60.08
744.32 -60.53
744.48 -60.21
744.64 -59.95
744.8 -60.09
744.96 -60.08
745.12 -60.28
745.28 -59.99
745.44 -59.99
745.6 -59.82
745.76 -60.26
745.92 -60.22
746.08 -60.35
746.24 -60.19
746.4 -60.11
746.56 -60.17
746.72 -60.2
746.88 -59.95
747.04 -60.05
747.2 -60.17
747.36 -60.1
747.52 -59.89
747.68 -60.37
747.84 -60.14
748.0 -59.71
748.16 -60.29
748.32 -60.15
748.48 -60.02
748.64 -60.19
748.8 -60.11
748.96 -60.14
749.12 -59.81
749.28 -60.22
749.44 -60.34
749.6 -60.39
749.76 -60.03
749.92 -59.94
750.08 -60.02
750.24 -59.98
750.4 -60.21
750.56 -60.04
750.72 -60.09
750.88 -60.2
751.04 -60.18
751.2 -60.04
751.36 -60.07
751.52 -60.11
751.68 -59.91
751.84 -59.9
752.0 -60.05
752.16 -59.91
752.32 -60.13
752.48 -60.07
752.64 -59.87
752.8 -59.95
752.96 -60.33
753.12 -60.23
753.28 -60.0
753.44 -60.05
753.6 -59.98
753.76 -59.75
753.92 -59.89
754.08 -59.9
754.24 -59.92
754.4 -60.32
754.56 -60.09
754.72 -60.02
754.88 -60.13
755.04 -60.1
755.2 -59.99
755.36 -59.73
755.52 -59.87
755.68 -59.91
755.84 -60.08
756.0 -59.74
756.16 -59.89
756.32 -59.9
756.48 -59.87
756.64 -59.92
756.8 -60.0
756.96 -59.79
757.12 -59.81
757.28 -59.75
757.44 -59.85
757.6 -60.26
757.76 -60.26
757.92 -59.9
758.08 -60.08
758.24 -59.95
758.4 -59.74
758.56 -59.91
758.72 -59.83
758.88 -59.92
759.04 -59.77
759.2 -60.18
759.36 -60.04
759.52 -60.05
759.68 -60.01
759.84 -59.87
760.0 -60.22
760.16 -60.05
760.32 -59.97
760.48 -59.82
760.64 -59.55
760.8 -59.81
760.96 -59.65
761.12 -60.18
761.28 -59.82
761.44 -59.9
761.6 -59.63
761.76 -59.83
761.92 -60.22
762.08 -60.14
762.24 -59.72
762.4 -60.04
762.56 -59.72
762.72 -59.88
762.88 -60.07
763.04 -59.93
763.2 -59.71
763.36 -60.01
763.52 -59.87
763.68 -59.71
763.84 -59.7
764.0 -60.24
764.16 -59.69
764.32 -59.65
764.48 -59.9
764.64 -59.83
764.8 -60.11
764.96 -59.98
765.12 -59.64
765.28 -59.67
765.44 -59.69
765.6 -59.79
765.76 -59.95
765.92 -59.95
766.08 -59.55
766.24 -59.67
766.4 -59.76
766.56 -59.96
766.72 -59.96
766.88 -59.8
767.04 -59.6
767.2 -59.6
767.36 -59.7
767.52 -59.92
767.68 -59.66
767.84 -59.71
768.0 -59.59
768.16 -59.64
768.32 -59.8
768.48 -59.97
768.64 -59.55
768.8 -59.8
768.96 -59.32
769.12 -59.67
769.28 -59.99
769.44 -59.84
769.6 -59.94
769.76 -59.45
769.92 -59.78
770.08 -59.85
770.24 -59.86
770.4 -59.61
770.56 -59.58
770.72 -59.56
770.88 -59.5
771.04 -59.64
771.2 -60.21
771.36 -60.0
771.52 -59.85
771.68 -59.83
771.84 -59.62
772.0 -59.73
772.16 -60.09
772.32 -59.85
772.48 -59.69
772.64 -59.56
772.8 -59.44
772.96 -59.75
773.12 -59.82
773.28 -59.79
773.44 -59.7
773.6 -59.58
773.76 -59.64
773.92 -60.0
774.08 -59.68
774.24 -59.62
774.4 -59.41
774.56 -59.29
774.72 -59.38
774.88 -59.81
775.04 -59.82
775.2 -59.48
775.36 -59.49
775.52 -59.52
775.68 -59.47
775.84 -59.91
776.0 -59.57
776.16 -59.61
776.32 -59.64
776.48 -59.54
776.64 -59.69
776.8 -59.99
776.96 -59.92
777.12 -59.59
777.28 -59.31
777.44 -59.27
777.6 -59.68
777.76 -59.68
777.92 -59.57
778.08 -59.6
778.24 -59.32
778.4 -59.49
778.56 -59.58
778.72 -59.75
778.88 -59.69
779.04 -59.46
779.2 -59.35
779.36 -59.29
779.52 -59.8
779.68 -59.94
779.84 -59.67
780.0 -59.47
780.16 -59.35
780.32 -59.25
780.48 -59.54
780.64 -60.31
780.8 -59.89
780.96 -59.77
781.12 -59.22
781.28 -59.28
781.44 -59.66
781.6 -59.69
781.76 -59.79
781.92 -59.58
782.08 -59.14
782.24 -59.23
782.4 -59.28
782.56 -59.71
782.72 -59.85
782.88 -59.28
783.04 -59.04
783.2 -59.27
783.36 -59.56
783.52 -59.85
783.68 -59.69
783.84 -59.1
784.0 -59.13
784.16 -59.24
784.32 -59.41
784.48 -59.93
784.64 -59.9
784.8 -59.55
784.96 -59.18
785.12 -59.1
785.28 -59.58
785.44 -59.89
785.6 -59.65
785.76 -59.25
785.92 -58.95
786.08 -59.21
786.24 -59.94
786.4 -59.82
786.56 -59.74
786.72 -59.13
786.88 -58.97
787.04 -59.11
787.2 -59.53
787.36 -60.0
787.52 -59.54
787.68 -59.36
787.84 -59.25
788.0 -58.88
788.16 -59.25
788.32 -59.75
788.48 -59.81
788.64 -59.15
788.8 -59.04
788.96 -58.84
789.12 -59.49
789.28 -59.77
789.44 -59.49
789.6 -59.32
789.76 -58.95
789.92 -58.98
790.08 -59.3
790.24 -59.86
790.4 -59.65
790.56 -58.99
790.72 -58.96
790.88 -58.96
791.04 -59.5
791.2 -59.88
791.36 -59.57
791.52 -59.19
791.68 -58.95
791.84 -59.07
792.0 -59.42
792.16 -59.86
792.32 -59.93
792.48 -59.42
792.64 -58.87
792.8 -58.82
792.96 -59.18
793.12 -59.73
793.28 -59.62
793.44 -59.26
793.6 -58.89
793.76 -58.96
793.92 -59.09
794.08 -59.36
794.24 -59.69
794.4 -59.28
794.56 -59.09
794.72 -58.8
794.88 -59.2
795.04 -59.08
795.2 -59.91
795.36 -59.55
795.52 -58.78
795.68 -58.6
795.84 -58.74
796.0 -59.17
796.16 -59.49
796.32 -59.25
796.48 -58.98
796.64 -58.62
796.8 -58.57
796.96 -58.85
797.12 -59.33
797.28 -59.69
797.44 -59.21
797.6 -58.88
797.76 -58.82
797.92 -58.78
798.08 -59.57
798.24 -59.41
798.4 -59.55
798.56 -58.95
798.72 -58.74
798.88 -58.8
799.04 -59.1
799.2 -59.45
799.36 -59.48
799.52 -59.01
799.68 -58.6
799.84 -58.79
800.0 -59.33
800.16 -59.61
800.32 -59.39
800.48 -59.16
800.64 -58.64
800.8 -58.49
800.96 -58.73
801.12 -59.19
801.28 -59.38
801.44 -59.53
801.6 -58.77
801.76 -58.57
801.92 -58.84
802.08 -59.23
802.24 -59.51
802.4 -59.09
802.56 -58.83
802.72 -58.53
802.88 -58.64
803.04 -58.94
803.2 -59.3
803.36 -59.43
803.52 -58.95
803.68 -58.44
803.84 -58.5
804.0 -58.69
804.16 -59.11
804.32 -59.24
804.48 -58.98
804.64 -58.75
804.8 -58.34
804.96 -58.27
805.12 -58.68
805.28 -58.91
805.44 -58.95
805.6 -58.92
805.76 -58.01
805.92 -58.07
806.08 -58.3
806.24 -58.47
806.4 -57.96
806.56 -56.88
806.72 -55.89
806.88 -54.73
807.04 -53.79
807.2 -53.03
807.36 -51.94
807.52 -50.64
807.68 -49.01
807.84 -48.02
808.0 -47.79
808.16 -48.26
808.32 -49.11
808.48 -49.56
808.64 -49.29
808.8 -49.2
808.96 -49.96
809.12 -51.55
809.28 -54.35
809.44 -56.95
809.6 -57.96
809.76 -58.08
809.92 -57.93
810.08 -58.21
810.24 -58.62
810.4 -59.02
810.56 -58.89
810.72 -58.64
810.88 -58.38
811.04 -58.26
811.2 -58.49
811.36 -59.21
811.52 -58.88
811.68 -58.93
811.84 -58.59
812.0 -58.37
812.16 -58.49
812.32 -58.81
812.48 -59.24
812.64 -58.91
812.8 -58.83
812.96 -58.42
813.12 -58.46
813.28 -58.76
813.44 -59.15
813.6 -58.93
813.76 -58.83
813.92 -58.54
814.08 -58.44
814.24 -58.52
814.4 -59.05
814.56 -59.24
814.72 -58.99
814.88 -58.84
815.04 -58.46
815.2 -58.27
815.36 -58.72
815.52 -59.1
815.68 -59.13
815.84 -58.96
816.0 -58.43
816.16 -58.13
816.32 -58.42
816.48 -58.79
816.64 -59.22
816.8 -58.78
816.96 -58.57
817.12 -58.21
817.28 -58.37
817.44 -58.78
817.6 -59.14
817.76 -59.02
817.92 -58.9
818.08 -58.36
818.24 -58.23
818.4 -58.49
818.56 -58.83
818.72 -59.03
818.88 -58.85
819.04 -58.48
819.2 -58.47
819.36 -58.34
819.52 -58.56
819.68 -58.89
819.84 -59.12
820.0 -58.72
820.16 -58.22
820.32 -58.28
820.48 -58.23
820.64 -58.7
820.8 -58.86
820.96 -58.78
821.12 -58.6
821.28 -58.33
821.44 -58.11
821.6 -58.47
821.76 -59.1
821.92 -59.09
822.08 -58.75
822.24 -58.36
822.4 -58.15
822.56 -58.34
822.72 -58.67
822.88 -58.97
823.04 -58.62
823.2 -58.78
823.36 -58.12
823.52 -58.2
823.68 -58.41
823.84 -58.73
824.0 -59.03
824.16 -59.27
824.32 -58.4
824.48 -58.42
824.64 -58.21
824.8 -58.56
824.96 -58.94
825.12 -58.89
825.28 -58.72
825.44 -58.4
825.6 -58.18
825.76 -58.22
825.92 -58.77
826.08 -59.05
826.24 -58.73
826.4 -58.54
826.56 -58.43
826.72 -58.17
826.88 -58.43
827.04 -58.85
827.2 -58.91
827.36 -58.91
827.52 -58.42
827.68 -58.36
827.84 -58.14
828.0 -58.17
828.16 -58.61
828.32 -58.92
828.48 -58.57
828.64 -58.27
828.8 -58.23
828.96 -58.1
829.12 -58.15
829.28 -58.68
829.44 -58.77
829.6 -58.66
829.76 -58.38
829.92 -57.91
830.08 -58.25
830.24 -58.35
830.4 -58.47
830.56 -58.75
830.72 -58.72
830.88 -58.25
831.04 -58.12
831.2 -58.0
831.36 -58.26
831.52 -58.46
831.68 -58.65
831.84 -58.39
832.0 -58.27
832.16 -58.17
832.32 -57.91
832.48 -58.19
832.64 -58.5
832.8 -58.61
832.96 -58.37
833.12 -58.42
833.28 -57.82
833.44 -58.21
833.6 -58.29
833.76 -58.16
833.92 -58.51
834.08 -58.17
834.24 -57.85
834.4 -57.82
834.56 -57.99
834.72 -58.01
834.88 -58.12
835.04 -58.31
835.2 -58.05
835.36 -57.82
835.52 -57.72
835.68 -57.76
835.84 -58.14
836.0 -58.13
836.16 -58.32
836.32 -57.97
836.48 -57.99
836.64 -57.83
836.8 -57.91
836.96 -58.09
837.12 -58.13
837.28 -58.31
837.44 -58.04
837.6 -57.93
837.76 -57.79
837.92 -57.89
838.08 -58.08
838.24 -58.3
838.4 -58.29
838.56 -58.25
838.72 -57.95
838.88 -57.79
839.04 -58.04
839.2 -57.97
839.36 -58.32
839.52 -58.49
839.68 -58.39
839.84 -58.04
840.0 -57.8
840.16 -57.88
840.32 -58.29
840.48 -58.49
840.64 -58.39
840.8 -58.32
840.96 -57.96
841.12 -57.83
841.28 -58.0
841.44 -58.2
841.6 -58.59
841.76 -58.35
841.92 -58.29
842.08 -57.99
842.24 -57.95
842.4 -57.96
842.56 -57.95
842.72 -58.41
842.88 -58.34
843.04 -58.16
843.2 -58.03
843.36 -57.92
843.52 -57.88
843.68 -58.05
843.84 -58.19
844.0 -58.37
844.16 -58.35
844.32 -58.0
844.48 -57.88
844.64 -57.83
844.8 -58.04
844.96 -58.29
845.12 -58.24
845.28 -58.23
845.44 -57.83
845.6 -57.93
845.76 -57.85
845.92 -57.92
846.08 -58.11
846.24 -58.23
846.4 -58.25
846.56 -57.89
846.72 -57.77
846.88 -57.82
847.04 -57.79
847.2 -58.06
847.36 -58.32
847.52 -58.15
847.68 -58.06
847.84 -57.76
848.0 -57.75
848.16 -57.84
848.32 -58.07
848.48 -58.12
848.64 -58.1
848.8 -58.1
848.96 -57.77
849.12 -57.58
849.28 -57.78
849.44 -57.88
849.6 -57.92
849.76 -58.31
849.92 -58.16
850.08 -57.98
850.24 -57.78
850.4 -57.61
850.56 -57.9
850.72 -58.03
850.88 -58.12
851.04 -58.15
851.2 -57.83
851.36 -57.83
851.52 -57.47
851.68 -57.73
851.84 -57.85
852.0 -58.17
852.16 -58.0
852.32 -58.01
852.48 -57.87
852.64 -57.66
852.8 -57.71
852.96 -57.84
853.12 -58.02
853.28 -58.08
853.44 -58.08
853.6 -57.79
853.76 -57.57
853.92 -57.55
854.08 -57.52
854.24 -57.9
854.4 -57.95
854.56 -57.89
854.72 -57.99
854.88 -57.67
855.04 -57.47
855.2 -57.61
855.36 -57.7
855.52 -57.9
855.68 -58.04
855.84 -57.89
856.0 -57.67
856.16 -57.64
856.32 -57.49
856.48 -57.66
856.64 -57.82
856.8 -58.09
856.96 -58.07
857.12 -57.73
857.28 -57.76
857.44 -57.46
857.6 -57.5
857.76 -57.64
857.92 -57.92
858.08 -58.03
858.24 -58.03
858.4 -57.75
858.56 -57.57
858.72 -57.6
858.88 -57.55
859.04 -57.77
859.2 -57.86
859.36 -57.9
859.52 -57.88
859.68 -57.73
859.84 -57.55
860.0 -57.54
860.16 -57.72
860.32 -57.83
860.48 -57.87
860.64 -57.97
860.8 -57.7
860.96 -57.53
861.12 -57.52
861.28 -57.5
861.44 -57.64
861.6 -57.78
861.76 -57.98
861.92 -57.96
862.08 -57.75
862.24 -57.42
862.4 -57.49
862.56 -57.63
862.72 -57.91
862.88 -57.92
863.04 -57.94
863.2 -57.8
863.36 -57.84
863.52 -57.5
863.68 -57.57
863.84 -57.5
864.0 -57.7
864.16 -58.04
864.32 -57.84
864.48 -57.72
864.64 -57.57
864.8 -57.61
864.96 -57.4
865.12 -57.54
865.28 -57.68
865.44 -57.89
865.6 -57.94
865.76 -57.67
865.92 -57.45
866.08 -57.6
866.24 -57.49
866.4 -57.59
866.56 -57.74
866.72 -57.68
866.88 -57.8
867.04 -57.69
867.2 -57.66
867.36 -57.46
867.52 -57.43
867.68 -57.44
867.84 -57.58
868.0 -57.8
868.16 -57.66
868.32 -57.67
868.48 -57.54
868.64 -57.46
868.8 -57.45
868.96 -57.45
869.12 -57.64
869.28 -57.74
869.44 -57.89
869.6 -57.88
869.76 -57.56
869.92 -57.46
870.08 -57.48
870.24 -57.64
870.4 -57.78
870.56 -57.8
870.72 -57.72
870.88 -57.72
871.04 -57.5
871.2 -57.38
871.36 -57.37
871.52 -57.42
871.68 -57.4
871.84 -57.53
872.0 -57.55
872.16 -57.52
872.32 -57.24
872.48 -57.31
872.64 -57.34
872.8 -57.37
872.96 -57.52
873.12 -57.56
873.28 -57.7
873.44 -57.39
873.6 -57.43
873.76 -57.19
873.92 -57.29
874.08 -57.31
874.24 -57.39
874.4 -57.51
874.56 -57.5
874.72 -57.44
874.88 -57.43
875.04 -57.19
875.2 -57.07
875.36 -57.19
875.52 -57.28
875.68 -57.24
875.84 -57.57
876.0 -57.52
876.16 -57.29
876.32 -57.16
876.48 -57.08
876.64 -57.19
876.8 -57.41
876.96 -57.43
877.12 -57.55
877.28 -57.51
877.44 -57.4
877.6 -57.01
877.76 -57.13
877.92 -57.15
878.08 -57.21
878.24 -57.3
878.4 -57.59
878.56 -57.43
878.72 -57.39
878.88 -56.92
879.04 -57.07
879.2 -57.18
879.36 -57.15
879.52 -57.19
879.68 -57.38
879.84 -57.24
880.0 -57.34
880.16 -57.06
880.32 -57.01
880.48 -57.01
880.64 -57.05
880.8 -57.23
880.96 -57.32
881.12 -57.39
881.28 -57.19
881.44 -57.16
881.6 -57.14
881.76 -56.94
881.92 -57.01
882.08 -57.24
882.24 -57.38
882.4 -57.38
882.56 -57.34
882.72 -57.18
882.88 -57.05
883.04 -56.96
883.2 -56.99
883.36 -57.22
883.52 -57.2
883.68 -57.26
883.84 -57.23
884.0 -57.25
884.16 -57.25
884.32 -57.17
884.48 -56.87
884.64 -57.2
884.8 -57.09
884.96 -57.28
885.12 -57.32
885.28 -57.17
885.44 -57.17
885.6 -57.07
885.76 -57.03
885.92 -57.11
886.08 -57.05
886.24 -57.18
886.4 -57.13
886.56 -57.36
886.72 -57.19
886.88 -57.07
887.04 -57.0
887.2 -56.95
887.36 -57.21
887.52 -57.03
887.68 -57.15
887.84 -57.37
888.0 -57.11
888.16 -57.21
888.32 -57.09
888.48 -56.9
888.64 -56.9
888.8 -57.0
888.96 -57.22
889.12 -57.13
889.28 -57.26
889.44 -57.12
889.6 -57.0
889.76 -56.89
889.92 -56.88
890.08 -56.84
890.24 -56.99
890.4 -56.92
890.56 -56.95
890.72 -57.11
890.88 -57.01
891.04 -56.95
891.2 -56.81
891.36 -56.83
891.52 -56.8
891.68 -57.06
891.84 -57.09
892.0 -57.07
892.16 -57.07
892.32 -56.79
892.48 -56.92
892.64 -56.76
892.8 -56.7
892.96 -56.75
893.12 -56.95
893.28 -56.81
893.44 -56.99
893.6 -57.01
893.76 -56.85
893.92 -56.83
894.08 -56.77
894.24 -56.81
894.4 -56.83
894.56 -56.79
894.72 -56.96
894.88 -56.88
895.04 -57.0
895.2 -56.75
895.36 -56.91
895.52 -56.67
895.68 -56.65
895.84 -56.77
896.0 -56.63
896.16 -56.84
896.32 -57.01
896.48 -56.68
896.64 -56.71
896.8 -56.71
896.96 -56.74
897.12 -56.58
897.28 -56.79
897.44 -56.62
897.6 -56.8
897.76 -56.9
897.92 -56.87
898.08 -56.8
898.24 -56.66
898.4 -56.72
898.56 -56.79
898.72 -56.69
898.88 -56.77
899.04 -56.72
899.2 -56.86
899.36 -56.77
899.52 -56.84
899.68 -56.66
899.84 -56.72
900.0 -56.67
