740.0 -60.89
740.16 -60.73
740.32 -61.12
740.48 -60.86
740.64 -60.82
740.8 -61.23
740.96 -61.0
741.12 -60.76
741.28 -61.01
741.44 -60.98
741.6 -60.82
741.76 -60.95
741.92 -60.65
742.08 -60.85
742.24 -61.09
742.4 -61.37
742.56 -60.97
742.72 -60.86
742.88 -60.61
743.04 -60.78
743.2 -60.67
743.36 -61.12
743.52 -60.99
743.68 -60.73
743.84 -60.8
744.0 -60.96
744.16 -61.32
744.32 -61.18
744.48 -60.75
744.64 -60.79
744.8 -60.86
744.96 -60.96
745.12 -60.7
745.28 -61.23
745.44 -60.97
745.6 -61.25
745.76 -61.09
745.92 -61.22
746.08 -60.81
746.24 -60.88
746.4 -60.96
746.56 -60.67
746.72 -60.97
746.88 -60.96
747.04 -60.98
747.2 -61.16
747.36 -60.98
747.52 -60.57
747.68 -61.12
747.84 -61.08
748.0 -61.24
748.16 -60.96
748.32 -60.92
748.48 -60.95
748.64 -61.42
748.8 -61.13
748.96 -60.92
749.12 -61.23
749.28 -60.7
749.44 -60.94
749.6 -60.91
749.76 -60.68
749.92 -61.1
750.08 -60.69
750.24 -60.86
750.4 -61.21
750.56 -61.06
750.72 -61.41
750.88 -60.94
751.04 -60.79
751.2 -60.69
751.36 -60.77
751.52 -60.77
751.68 -60.88
751.84 -60.58
752.0 -60.71
752.16 -60.98
752.32 -61.16
752.48 -61.04
752.64 -61.3
752.8 -60.7
752.96 -60.54
753.12 -60.69
753.28 -60.72
753.44 -60.62
753.6 -60.94
753.76 -61.02
753.92 -61.08
754.08 -60.98
754.24 -61.26
754.4 -60.77
754.56 -60.69
754.72 -60.61
754.88 -60.67
755.04 -60.73
755.2 -60.46
755.36 -60.79
755.52 -61.3
755.68 -61.13
755.84 -61.23
756.0 -60.59
756.16 -60.82
756.32 -60.71
756.48 -60.81
756.64 -60.57
756.8 -60.7
756.96 -60.98
757.12 -60.97
757.28 -60.74
757.44 -60.93
757.6 -61.0
757.76 -60.77
757.92 -60.79
758.08 -60.86
758.24 -60.73
758.4 -60.9
758.56 -60.83
758.72 -60.68
758.88 -61.03
759.04 -61.1
759.2 -60.94
759.36 -60.94
759.52 -60.96
759.68 -60.88
759.84 -60.61
760.0 -60.97
760.16 -60.81
760.32 -60.82
760.48 -60.79
760.64 -60.86
760.8 -61.0
760.96 -61.17
761.12 -60.99
761.28 -60.79
761.44 -60.51
761.6 -60.91
761.76 -60.63
761.92 -60.32
762.08 -60.74
762.24 -60.86
762.4 -60.92
762.56 -61.01
762.72 -60.48
762.88 -60.57
763.04 -60.7
763.2 -60.9
763.36 -60.78
763.52 -60.35
763.68 -60.57
763.84 -60.67
764.0 -60.69
764.16 -61.13
764.32 -60.86
764.48 -60.83
764.64 -60.61
764.8 -60.61
764.96 -60.56
765.12 -60.42
765.28 -60.54
765.44 -60.78
765.6 -60.61
765.76 -61.28
765.92 -61.02
766.08 -61.11
766.24 -60.77
766.4 -60.83
766.56 -60.44
766.72 -60.56
766.88 -60.11
767.04 -60.49
767.2 -60.45
767.36 -60.64
767.52 -60.87
767.68 -60.83
767.84 -60.95
768.0 -60.79
768.16 -60.59
768.32 -60.64
768.48 -60.32
768.64 -60.46
768.8 -60.35
768.96 -60.48
769.12 -60.6
769.28 -60.64
769.44 -61.2
769.6 -61.34
769.76 -60.57
769.92 -60.56
770.08 -60.23
770.24 -60.06
770.4 -60.83
770.56 -60.69
770.72 -60.7
770.88 -60.91
771.04 -60.85
771.2 -61.23
771.36 -60.92
771.52 -60.79
771.68 -60.96
771.84 -59.97
772.0 -60.13
772.16 -60.29
772.32 -60.56
772.48 -60.7
772.64 -60.88
772.8 -61.07
772.96 -61.04
773.12 -60.76
773.28 -60.66
773.44 -60.67
773.6 -60.02
773.76 -60.06
773.92 -60.22
774.08 -60.38
774.24 -60.83
774.4 -60.95
774.56 -61.17
774.72 -60.68
774.88 -60.55
775.04 -60.8
775.2 -60.29
775.36 -60.08
775.52 -60.39
775.68 -60.2
775.84 -60.65
776.0 -60.53
776.16 -60.96
776.32 -61.12
776.48 -61.31
776.64 -60.81
776.8 -60.6
776.96 -60.2
777.12 -60.14
777.28 -60.06
777.44 -60.36
777.6 -59.91
777.76 -60.57
777.92 -60.99
778.08 -61.0
778.24 -60.49
778.4 -61.1
778.56 -60.86
778.72 -60.3
778.88 -60.2
779.04 -60.05
779.2 -60.12
779.36 -60.33
779.52 -60.43
779.68 -61.37
779.84 -61.02
780.0 -61.09
780.16 -60.48
780.32 -60.2
780.48 -59.75
780.64 -60.01
780.8 -59.81
780.96 -60.1
781.12 -60.31
781.28 -60.73
781.44 -60.87
781.6 -61.18
781.76 -60.73
781.92 -60.36
782.08 -60.3
782.24 -59.85
782.4 -59.59
782.56 -59.92
782.72 -60.61
782.88 -60.83
783.04 -61.03
783.2 -61.12
783.36 -61.11
783.52 -60.91
783.68 -60.38
783.84 -60.33
784.0 -59.54
784.16 -59.73
784.32 -59.88
784.48 -60.5
784.64 -60.55
784.8 -60.91
784.96 -61.22
785.12 -60.69
785.28 -61.03
785.44 -60.26
785.6 -59.83
785.76 -59.85
785.92 -59.93
786.08 -59.75
786.24 -60.59
786.4 -60.77
786.56 -61.01
786.72 -61.41
786.88 -60.8
787.04 -60.7
787.2 -60.77
787.36 -59.95
787.52 -59.68
787.68 -59.78
787.84 -59.92
788.0 -60.08
788.16 -60.89
788.32 -61.18
788.48 -61.56
788.64 -60.83
788.8 -60.32
788.96 -60.25
789.12 -60.15
789.28 -59.88
789.44 -59.71
789.6 -60.04
789.76 -60.12
789.92 -60.23
790.08 -60.82
790.24 -60.94
790.4 -61.39
790.56 -60.82
790.72 -60.42
790.88 -59.49
791.04 -59.78
791.2 -59.56
791.36 -59.55
791.52 -59.94
791.68 -60.43
791.84 -60.4
792.0 -61.4
792.16 -61.04
792.32 -60.87
792.48 -60.46
792.64 -60.15
792.8 -59.62
792.96 -59.56
793.12 -59.57
793.28 -59.97
793.44 -60.03
793.6 -60.77
793.76 -61.05
793.92 -61.14
794.08 -61.43
794.24 -61.18
794.4 -60.58
794.56 -60.29
794.72 -59.7
794.88 -59.43
795.04 -59.72
795.2 -59.74
795.36 -60.33
795.52 -60.64
795.68 -60.75
795.84 -60.98
796.0 -60.83
796.16 -60.75
796.32 -60.17
796.48 -59.81
796.64 -59.7
796.8 -59.25
796.96 -59.56
797.12 -60.04
797.28 -60.48
797.44 -60.51
797.6 -61.28
797.76 -61.14
797.92 -60.99
798.08 -60.14
798.24 -60.35
798.4 -59.99
798.56 -59.63
798.72 -59.46
798.88 -59.48
799.04 -59.76
799.2 -59.97
799.36 -60.3
799.52 -60.74
799.68 -61.1
799.84 -61.11
800.0 -60.55
800.16 -60.5
800.32 -60.28
800.48 -59.65
800.64 -59.42
800.8 -59.34
800.96 -59.46
801.12 -59.8
801.28 -60.65
801.44 -60.68
801.6 -60.98
801.76 -61.13
801.92 -61.05
802.08 -60.51
802.24 -60.13
802.4 -59.85
802.56 -59.57
802.72 -59.48
802.88 -59.44
803.04 -59.8
803.2 -59.92
803.36 -60.29
803.52 -61.12
803.68 -61.06
803.84 -60.92
804.0 -60.71
804.16 -60.02
804.32 -59.83
804.48 -59.52
804.64 -59.42
804.8 -59.42
804.96 -59.54
805.12 -60.22
805.28 -60.42
805.44 -60.71
805.6 -60.59
805.76 -60.26
805.92 -59.97
806.08 -59.23
806.24 -58.86
806.4 -58.14
806.56 -57.45
806.72 -56.66
806.88 -55.98
807.04 -55.25
807.2 -54.33
807.36 -53.17
807.52 -51.86
807.68 -50.42
807.84 -49.45
808.0 -49.0
808.16 -49.06
808.32 -49.39
808.48 -49.75
808.64 -49.89
808.8 -50.31
808.96 -51.46
809.12 -53.17
809.28 -56.15
809.44 -58.38
809.6 -58.97
809.76 -59.08
809.92 -58.98
810.08 -59.11
810.24 -59.44
810.4 -59.53
810.56 -59.99
810.72 -60.7
810.88 -60.58
811.04 -60.73
811.2 -60.75
811.36 -60.12
811.52 -60.15
811.68 -59.72
811.84 -59.53
812.0 -59.4
812.16 -59.58
812.32 -59.65
812.48 -60.34
812.64 -60.93
812.8 -60.93
812.96 -60.61
813.12 -60.68
813.28 -60.25
813.44 -59.78
813.6 -59.48
813.76 -59.39
813.92 -59.87
814.08 -59.78
814.24 -59.98
814.4 -60.43
814.56 -60.64
814.72 -61.06
814.88 -60.87
815.04 -60.44
815.2 -60.4
815.36 -60.23
815.52 -59.74
815.68 -59.45
815.84 -59.58
816.0 -59.52
816.16 -59.84
816.32 -60.3
816.48 -60.46
816.64 -60.64
816.8 -60.81
816.96 -61.06
817.12 -60.7
817.28 -60.28
817.44 -59.96
817.6 -59.59
817.76 -59.54
817.92 -59.78
818.08 -59.64
818.24 -59.74
818.4 -60.05
818.56 -60.48
818.72 -60.41
818.88 -60.71
819.04 -60.67
819.2 -60.47
819.36 -59.98
819.52 -59.74
819.68 -59.59
819.84 -59.56
820.0 -59.38
820.16 -59.84
820.32 -59.87
820.48 -60.2
820.64 -60.32
820.8 -60.57
820.96 -60.7
821.12 -60.72
821.28 -60.65
821.44 -59.96
821.6 -59.8
821.76 -59.63
821.92 -59.7
822.08 -59.71
822.24 -59.67
822.4 -59.88
822.56 -60.34
822.72 -60.6
822.88 -60.83
823.04 -60.47
823.2 -60.59
823.36 -60.19
823.52 -60.41
823.68 -59.97
823.84 -59.64
824.0 -59.57
824.16 -59.52
824.32 -59.53
824.48 -60.05
824.64 -60.11
824.8 -60.5
824.96 -60.79
825.12 -60.75
825.28 -60.47
825.44 -60.63
825.6 -60.22
825.76 -60.21
825.92 -59.93
826.08 -59.66
826.24 -59.44
826.4 -59.62
826.56 -59.82
826.72 -59.89
826.88 -60.0
827.04 -60.2
827.2 -60.43
827.36 -60.76
827.52 -60.39
827.68 -60.3
827.84 -59.94
828.0 -59.74
828.16 -59.69
828.32 -59.52
828.48 -59.5
828.64 -59.48
828.8 -59.71
828.96 -59.87
829.12 -60.06
829.28 -60.49
829.44 -60.64
829.6 -60.78
829.76 -60.4
829.92 -60.39
830.08 -60.01
830.24 -59.7
830.4 -59.6
830.56 -59.49
830.72 -59.53
830.88 -59.59
831.04 -59.71
831.2 -59.67
831.36 -59.87
831.52 -60.09
831.68 -60.25
831.84 -60.5
832.0 -60.51
832.16 -60.32
832.32 -60.18
832.48 -59.82
832.64 -60.08
832.8 -59.42
832.96 -59.44
833.12 -59.7
833.28 -59.54
833.44 -59.51
833.6 -59.89
833.76 -59.84
833.92 -59.88
834.08 -60.18
834.24 -60.28
834.4 -60.17
834.56 -60.2
834.72 -59.84
834.88 -59.64
835.04 -59.57
835.2 -59.16
835.36 -59.33
835.52 -59.16
835.68 -59.35
835.84 -59.49
836.0 -59.57
836.16 -59.82
836.32 -60.03
836.48 -60.3
836.64 -60.1
836.8 -60.01
836.96 -60.03
837.12 -59.77
837.28 -59.39
837.44 -59.25
837.6 -59.51
837.76 -59.38
837.92 -59.42
838.08 -59.59
838.24 -59.59
838.4 -60.06
838.56 -60.31
838.72 -60.15
838.88 -60.24
839.04 -60.0
839.2 -59.61
839.36 -59.49
839.52 -59.38
839.68 -59.23
839.84 -59.55
840.0 -59.37
840.16 -59.61
840.32 -59.84
840.48 -59.74
840.64 -60.15
840.8 -60.24
840.96 -60.18
841.12 -60.04
841.28 -59.7
841.44 -59.73
841.6 -59.46
841.76 -59.44
841.92 -59.23
842.08 -59.22
842.24 -59.74
842.4 -59.63
842.56 -60.05
842.72 -60.19
842.88 -59.98
843.04 -60.21
843.2 -59.91
843.36 -59.87
843.52 -59.56
843.68 -59.7
843.84 -59.26
844.0 -59.11
844.16 -59.39
844.32 -59.34
844.48 -59.56
844.64 -59.45
844.8 -59.61
844.96 -59.89
845.12 -60.01
845.28 -60.36
845.44 -59.98
845.6 -59.88
845.76 -59.81
845.92 -59.55
846.08 -59.44
846.24 -59.36
846.4 -59.39
846.56 -59.4
846.72 -59.55
846.88 -59.61
847.04 -59.72
847.2 -59.95
847.36 -59.85
847.52 -60.03
847.68 -60.18
847.84 -60.08
848.0 -59.71
848.16 -59.52
848.32 -59.46
848.48 -59.29
848.64 -59.21
848.8 -59.38
848.96 -59.26
849.12 -59.68
849.28 -59.67
849.44 -59.66
849.6 -60.05
849.76 -60.27
849.92 -59.96
850.08 -59.63
850.24 -59.5
850.4 -59.67
850.56 -59.54
850.72 -59.32
850.88 -59.3
851.04 -59.23
851.2 -59.48
851.36 -59.46
851.52 -59.62
851.68 -59.86
851.84 -60.04
852.0 -59.96
852.16 -59.78
852.32 -60.1
852.48 -59.74
852.64 -59.27
852.8 -59.18
852.96 -59.26
853.12 -59.38
853.28 -59.29
853.44 -59.18
853.6 -59.41
853.76 -59.73
853.92 -59.91
854.08 -59.81
854.24 -59.7
854.4 -59.87
854.56 -59.81
854.72 -59.81
854.88 -59.23
855.04 -59.48
855.2 -59.06
855.36 -59.37
855.52 -59.42
855.68 -59.22
855.84 -59.37
856.0 -59.5
856.16 -59.6
856.32 -59.7
856.48 -59.79
856.64 -59.65
856.8 -59.79
856.96 -59.72
857.12 -59.43
857.28 -59.4
857.44 -59.19
857.6 -59.12
857.76 -59.13
857.92 -59.38
858.08 -59.16
858.24 -59.22
858.4 -59.59
858.56 -59.54
858.72 -59.81
858.88 -59.59
859.04 -59.8
859.2 -59.92
859.36 -59.71
859.52 -59.42
859.68 -59.41
859.84 -59.2
860.0 -59.13
860.16 -59.13
860.32 -59.28
860.48 -59.14
860.64 -59.19
860.8 -59.19
860.96 -59.14
861.12 -59.64
861.28 -59.6
861.44 -59.71
861.6 -59.68
861.76 -59.68
861.92 -59.52
862.08 -59.54
862.24 -59.4
862.4 -59.1
862.56 -59.35
862.72 -59.25
862.88 -59.24
863.04 -59.26
863.2 -59.66
863.36 -59.39
863.52 -59.46
863.68 -59.83
863.84 -59.67
864.0 -59.84
864.16 -59.61
864.32 -59.51
864.48 -59.49
864.64 -59.45
864.8 -59.41
864.96 -59.41
865.12 -59.33
865.28 -59.25
865.44 -59.45
865.6 -59.67
865.76 -59.63
865.92 -59.85
866.08 -59.86
866.24 -59.86
866.4 -59.72
866.56 -59.84
866.72 -59.76
866.88 -59.35
867.04 -59.38
867.2 -59.13
867.36 -59.15
867.52 -59.22
867.68 -59.34
867.84 -59.54
868.0 -59.51
868.16 -59.56
868.32 -59.68
868.48 -59.83
868.64 -59.94
868.8 -59.92
868.96 -59.98
869.12 -59.7
869.28 -59.64
869.44 -59.53
869.6 -59.5
869.76 -59.22
869.92 -59.23
870.08 -59.18
870.24 -59.36
870.4 -59.27
870.56 -59.42
870.72 -59.71
870.88 -59.8
871.04 -59.82
871.2 -59.89
871.36 -60.11
871.52 -59.6
871.68 -59.69
871.84 -59.85
872.0 -59.44
872.16 -59.48
872.32 -59.33
872.48 -59.17
872.64 -59.39
872.8 -59.22
872.96 -59.52
873.12 -59.48
873.28 -59.87
873.44 -59.67
873.6 -59.92
873.76 -59.77
873.92 -59.93
874.08 -59.71
874.24 -59.86
874.4 -59.65
874.56 -59.78
874.72 -59.31
874.88 -59.31
875.04 -59.31
875.2 -59.31
875.36 -59.3
875.52 -59.21
875.68 -59.36
875.84 -59.49
876.0 -59.56
876.16 -59.84
876.32 -59.86
876.48 -59.84
876.64 -59.76
876.8 -59.85
876.96 -59.82
877.12 -59.61
877.28 -59.33
877.44 -59.44
877.6 -59.21
877.76 -59.29
877.92 -59.14
878.08 -59.18
878.24 -59.42
878.4 -59.25
878.56 -59.43
878.72 -59.33
878.88 -59.49
879.04 -59.76
879.2 -59.8
879.36 -59.69
879.52 -59.63
879.68 -59.56
879.84 -59.66
880.0 -59.47
880.16 -59.55
880.32 -59.27
880.48 -59.09
880.64 -59.23
880.8 -59.47
880.96 -59.35
881.12 -59.36
881.28 -59.47
881.44 -59.69
881.6 -59.48
881.76 -59.52
881.92 -59.65
882.08 -59.68
882.24 -59.51
882.4 -59.46
882.56 -59.36
882.72 -59.35
882.88 -59.34
883.04 -59.39
883.2 -59.11
883.36 -59.03
883.52 -58.88
883.68 -59.14
883.84 -59.1
884.0 -59.2
884.16 -59.1
884.32 -59.44
884.48 -59.52
884.64 -59.65
884.8 -59.53
884.96 -59.81
885.12 -59.43
885.28 -59.48
885.44 -59.46
885.6 -59.31
885.76 -59.31
885.92 -59.23
886.08 -59.02
886.24 -59.18
886.4 -58.94
886.56 -59.13
886.72 -59.2
886.88 -59.2
887.04 -59.34
887.2 -59.64
887.36 -59.43
887.52 -59.4
887.68 -59.53
887.84 -59.45
888.0 -59.42
888.16 -59.31
888.32 -59.56
888.48 -59.35
888.64 -59.18
888.8 -59.05
888.96 -58.87
889.12 -58.84
889.28 -59.22
889.44 -59.03
889.6 -59.14
889.76 -59.42
889.92 -59.36
890.08 -59.22
890.24 -59.27
890.4 -59.4
890.56 -59.29
890.72 -59.4
890.88 -59.28
891.04 -59.24
891.2 -59.14
891.36 -59.04
891.52 -59.06
891.68 -59.05
891.84 -58.96
892.0 -59.01
892.16 -58.73
892.32 -58.9
892.48 -58.75
892.64 -59.3
892.8 -59.24
892.96 -59.14
893.12 -59.23
893.28 -59.31
893.44 -59.28
893.6 -59.35
893.76 -59.21
893.92 -59.51
894.08 -59.2
894.24 -59.04
894.4 -58.76
894.56 -58.96
894.72 -58.77
894.88 -58.88
895.04 -58.85
895.2 -58.87
895.36 -58.75
895.52 -59.1
895.68 -58.88
895.84 -59.02
896.0 -59.13
896.16 -59.19
896.32 -59.48
896.48 -59.05
896.64 -59.35
896.8 -59.28
896.96 -59.01
897.12 -58.99
897.28 -58.87
897.44 -58.78
897.6 -58.78
897.76 -58.92
897.92 -58.7
898.08 -58.82
898.24 -58.64
898.4 -58.93
898.56 -58.65
898.72 -58.83
898.88 -59.06
899.04 -58.92
899.2 -58.92
899.36 -59.2
899.52 -59.13
899.68 -59.05
899.84 -58.85
900.0 -58.85
