740.0 -60.33
740.16 -60.38
740.32 -60.51
740.48 -60.4
740.64 -60.31
740.8 -60.76
740.96 -60.5
741.12 -60.24
741.28 -60.53
741.44 -60.47
741.6 -60.58
741.76 -60.11
741.92 -60.32
742.08 -60.25
742.24 -60.58
742.4 -60.61
742.56 -60.52
742.72 -60.67
742.88 -60.41
743.04 -60.22
743.2 -60.55
743.36 -60.69
743.52 -60.62
743.68 -60.77
743.84 -60.65
744.0 -60.82
744.16 -60.84
744.32 -60.48
744.48 -61.04
744.64 -60.78
744.8 -60.52
744.96 -60.66
745.12 -60.95
745.28 -60.66
745.44 -60.72
745.6 -60.58
745.76 -60.69
745.92 -60.75
746.08 -60.4
746.24 -60.5
746.4 -60.95
746.56 -60.49
746.72 -60.54
746.88 -60.89
747.04 -60.59
747.2 -60.21
747.36 -60.78
747.52 -60.45
747.68 -60.92
747.84 -60.49
748.0 -60.3
748.16 -60.56
748.32 -60.59
748.48 -60.45
748.64 -60.42
748.8 -60.64
748.96 -60.88
749.12 -60.64
749.28 -60.75
749.44 -60.48
749.6 -60.95
749.76 -60.81
749.92 -60.78
750.08 -60.68
750.24 -60.76
750.4 -60.46
750.56 -60.8
750.72 -60.7
750.88 -60.54
751.04 -61.05
751.2 -60.65
751.36 -60.45
751.52 -60.82
751.68 -60.7
751.84 -60.65
752.0 -60.63
752.16 -61.24
752.32 -60.93
752.48 -60.88
752.64 -60.39
752.8 -60.86
752.96 -60.42
753.12 -60.44
753.28 -60.66
753.44 -60.52
753.6 -60.44
753.76 -60.67
753.92 -60.69
754.08 -60.33
754.24 -60.37
754.4 -60.43
754.56 -60.51
754.72 -60.15
754.88 -60.38
755.04 -60.32
755.2 -60.61
755.36 -60.35
755.52 -60.1
755.68 -60.58
755.84 -60.39
756.0 -60.29
756.16 -60.41
756.32 -60.22
756.48 -60.52
756.64 -60.42
756.8 -60.66
756.96 -60.47
757.12 -60.4
757.28 -61.03
757.44 -60.6
757.6 -60.72
757.76 -60.76
757.92 -60.22
758.08 -60.7
758.24 -60.67
758.4 -60.72
758.56 -60.72
758.72 -60.72
758.88 -60.89
759.04 -60.58
759.2 -60.89
759.36 -60.87
759.52 -61.09
759.68 -60.68
759.84 -60.82
760.0 -61.07
760.16 -61.09
760.32 -60.59
760.48 -60.78
760.64 -60.7
760.8 -60.55
760.96 -60.94
761.12 -60.28
761.28 -60.4
761.44 -60.55
761.6 -60.81
761.76 -60.4
761.92 -60.36
762.08 -60.39
762.24 -60.24
762.4 -60.27
762.56 -60.02
762.72 -60.07
762.88 -60.2
763.04 -60.28
763.2 -60.22
763.36 -60.39
763.52 -60.19
763.68 -60.44
763.84 -60.11
764.0 -60.18
764.16 -60.35
764.32 -60.53
764.48 -60.5
764.64 -60.68
764.8 -60.37
764.96 -60.0
765.12 -60.88
765.28 -60.54
765.44 -60.41
765.6 -60.41
765.76 -60.8
765.92 -60.31
766.08 -60.43
766.24 -60.46
766.4 -60.44
766.56 -60.6
766.72 -60.7
766.88 -60.79
767.04 -60.86
767.2 -60.74
767.36 -60.43
767.52 -60.79
767.68 -60.59
767.84 -60.55
768.0 -60.43
768.16 -60.52
768.32 -60.24
768.48 -60.42
768.64 -60.23
768.8 -60.25
768.96 -59.86
769.12 -60.19
769.28 -60.16
769.44 -60.27
769.6 -60.27
769.76 -59.78
769.92 -60.37
770.08 -60.22
770.24 -60.11
770.4 -60.31
770.56 -60.23
770.72 -60.2
770.88 -60.18
771.04 -60.32
771.2 -60.14
771.36 -60.48
771.52 -60.72
771.68 -60.43
771.84 -60.42
772.0 -60.74
772.16 -60.71
772.32 -60.44
772.48 -60.84
772.64 -60.83
772.8 -61.06
772.96 -60.74
773.12 -61.03
773.28 -60.78
773.44 -60.96
773.6 -60.95
773.76 -60.45
773.92 -60.9
774.08 -60.8
774.24 -60.4
774.4 -60.54
774.56 -60.76
774.72 -60.48
774.88 -60.34
775.04 -60.62
775.2 -60.53
775.36 -60.23
775.52 -60.24
775.68 -59.88
775.84 -59.84
776.0 -59.81
776.16 -59.63
776.32 -60.15
776.48 -59.86
776.64 -59.93
776.8 -59.87
776.96 -59.81
777.12 -59.77
777.28 -60.22
777.44 -60.08
777.6 -60.09
777.76 -60.13
777.92 -59.96
778.08 -60.14
778.24 -60.29
778.4 -60.72
778.56 -60.55
778.72 -60.64
778.88 -60.62
779.04 -60.76
779.2 -60.66
779.36 -60.44
779.52 -60.49
779.68 -61.01
779.84 -60.94
780.0 -60.51
780.16 -60.87
780.32 -60.78
780.48 -60.97
780.64 -60.46
780.8 -60.82
780.96 -60.5
781.12 -60.29
781.28 -60.46
781.44 -60.5
781.6 -60.52
781.76 -60.16
781.92 -59.99
782.08 -59.57
782.24 -60.07
782.4 -59.99
782.56 -59.64
782.72 -59.7
782.88 -59.7
783.04 -59.77
783.2 -59.43
783.36 -59.69
783.52 -59.64
783.68 -59.78
783.84 -59.6
784.0 -59.85
784.16 -60.01
784.32 -59.77
784.48 -60.02
784.64 -60.15
784.8 -60.02
784.96 -60.08
785.12 -60.54
785.28 -60.28
785.44 -60.53
785.6 -60.61
785.76 -60.95
785.92 -60.74
786.08 -60.78
786.24 -60.9
786.4 -60.84
786.56 -60.93
786.72 -61.04
786.88 -60.89
787.04 -60.84
787.2 -60.64
787.36 -60.3
787.52 -60.54
787.68 -60.47
787.84 -60.36
788.0 -60.18
788.16 -60.19
788.32 -59.79
788.48 -59.73
788.64 -59.9
788.8 -59.62
788.96 -59.73
789.12 -59.46
789.28 -59.62
789.44 -59.4
789.6 -59.52
789.76 -59.4
789.92 -59.57
790.08 -59.33
790.24 -59.61
790.4 -59.59
790.56 -59.34
790.72 -59.57
790.88 -59.58
791.04 -59.8
791.2 -59.66
791.36 -60.06
791.52 -59.86
791.68 -60.48
791.84 -60.58
792.0 -60.59
792.16 -60.58
792.32 -60.57
792.48 -60.95
792.64 -61.06
792.8 -60.71
792.96 -61.14
793.12 -61.09
793.28 -61.21
793.44 -61.25
793.6 -60.98
793.76 -60.95
793.92 -60.91
794.08 -60.99
794.24 -61.06
794.4 -60.91
794.56 -61.01
794.72 -60.71
794.88 -60.97
795.04 -60.71
795.2 -60.33
795.36 -60.38
795.52 -60.09
795.68 -60.17
795.84 -59.98
796.0 -59.75
796.16 -59.57
796.32 -59.44
796.48 -59.34
796.64 -59.47
796.8 -59.58
796.96 -59.59
797.12 -59.35
797.28 -59.19
797.44 -59.24
797.6 -59.27
797.76 -59.38
797.92 -59.06
798.08 -59.29
798.24 -59.44
798.4 -59.35
798.56 -59.45
798.72 -59.66
798.88 -59.78
799.04 -59.4
799.2 -59.89
799.36 -59.89
799.52 -60.18
799.68 -60.63
799.84 -60.52
800.0 -60.21
800.16 -60.12
800.32 -60.46
800.48 -60.75
800.64 -60.93
800.8 -60.97
800.96 -60.84
801.12 -60.94
801.28 -60.73
801.44 -60.82
801.6 -60.87
801.76 -61.42
801.92 -61.06
802.08 -60.96
802.24 -60.66
802.4 -60.74
802.56 -60.71
802.72 -60.34
802.88 -60.77
803.04 -60.62
803.2 -60.3
803.36 -60.26
803.52 -60.0
803.68 -60.31
803.84 -59.65
804.0 -59.58
804.16 -59.63
804.32 -59.58
804.48 -59.35
804.64 -59.44
804.8 -59.27
804.96 -59.15
805.12 -59.36
805.28 -59.08
805.44 -59.21
805.6 -58.88
805.76 -58.64
805.92 -58.74
806.08 -58.35
806.24 -58.38
806.4 -57.63
806.56 -57.14
806.72 -56.46
806.88 -55.19
807.04 -54.22
807.2 -53.12
807.36 -51.76
807.52 -50.6
807.68 -49.63
807.84 -48.94
808.0 -48.89
808.16 -49.2
808.32 -49.56
808.48 -50.13
808.64 -50.11
808.8 -50.34
808.96 -51.34
809.12 -52.9
809.28 -55.83
809.44 -58.41
809.6 -59.53
809.76 -59.99
809.92 -60.2
810.08 -60.21
810.24 -60.65
810.4 -60.86
810.56 -60.81
810.72 -60.68
810.88 -60.69
811.04 -60.54
811.2 -60.58
811.36 -60.61
811.52 -60.09
811.68 -60.32
811.84 -60.04
812.0 -60.13
812.16 -59.97
812.32 -59.95
812.48 -60.11
812.64 -60.26
812.8 -59.8
812.96 -59.75
813.12 -59.7
813.28 -59.64
813.44 -59.48
813.6 -59.25
813.76 -59.23
813.92 -59.44
814.08 -59.31
814.24 -59.39
814.4 -59.11
814.56 -59.4
814.72 -59.27
814.88 -59.44
815.04 -59.55
815.2 -59.43
815.36 -59.5
815.52 -59.62
815.68 -59.56
815.84 -59.65
816.0 -59.88
816.16 -60.0
816.32 -59.69
816.48 -60.11
816.64 -59.58
816.8 -59.73
816.96 -60.43
817.12 -60.23
817.28 -60.15
817.44 -60.04
817.6 -60.11
817.76 -60.42
817.92 -60.34
818.08 -60.3
818.24 -60.53
818.4 -60.5
818.56 -60.52
818.72 -60.58
818.88 -60.5
819.04 -60.54
819.2 -60.9
819.36 -60.52
819.52 -60.42
819.68 -60.33
819.84 -60.33
820.0 -60.41
820.16 -60.54
820.32 -60.02
820.48 -60.07
820.64 -60.21
820.8 -59.86
820.96 -59.98
821.12 -60.14
821.28 -59.72
821.44 -59.56
821.6 -59.67
821.76 -59.78
821.92 -60.0
822.08 -59.59
822.24 -59.53
822.4 -59.57
822.56 -59.46
822.72 -59.27
822.88 -59.62
823.04 -59.45
823.2 -59.19
823.36 -59.47
823.52 -59.68
823.68 -59.26
823.84 -59.32
824.0 -59.56
824.16 -59.18
824.32 -59.64
824.48 -59.6
824.64 -59.78
824.8 -59.5
824.96 -59.72
825.12 -59.74
825.28 -59.8
825.44 -59.71
825.6 -59.98
825.76 -60.28
825.92 -60.1
826.08 -60.34
826.24 -60.0
826.4 -60.11
826.56 -60.11
826.72 -60.35
826.88 -60.33
827.04 -60.27
827.2 -60.33
827.36 -60.44
827.52 -60.65
827.68 -60.29
827.84 -60.39
828.0 -60.54
828.16 -60.44
828.32 -60.82
828.48 -60.55
828.64 -60.39
828.8 -60.42
828.96 -60.37
829.12 -60.25
829.28 -60.03
829.44 -60.14
829.6 -59.92
829.76 -59.87
829.92 -59.89
830.08 -59.82
830.24 -59.79
830.4 -59.76
830.56 -59.75
830.72 -59.59
830.88 -59.52
831.04 -59.52
831.2 -59.31
831.36 -59.32
831.52 -59.3
831.68 -59.28
831.84 -59.51
832.0 -59.33
832.16 -59.19
832.32 -59.24
832.48 -59.36
832.64 -59.31
832.8 -59.44
832.96 -59.37
833.12 -59.42
833.28 -59.43
833.44 -59.36
833.6 -59.66
833.76 -59.6
833.92 -59.63
834.08 -59.48
834.24 -59.48
834.4 -59.7
834.56 -59.67
834.72 -59.87
834.88 -59.9
835.04 -59.86
835.2 -60.06
835.36 -60.17
835.52 -60.18
835.68 -60.23
835.84 -60.17
836.0 -60.04
836.16 -60.67
836.32 -60.38
836.48 -60.29
836.64 -60.31
836.8 -60.61
836.96 -60.43
837.12 -60.31
837.28 -60.58
837.44 -60.15
837.6 -60.38
837.76 -60.1
837.92 -60.4
838.08 -60.28
838.24 -60.38
838.4 -60.34
838.56 -60.27
838.72 -60.4
838.88 -60.13
839.04 -60.29
839.2 -60.06
839.36 -60.15
839.52 -60.33
839.68 -60.14
839.84 -60.21
840.0 -60.21
840.16 -60.06
840.32 -59.88
840.48 -59.9
840.64 -59.94
840.8 -59.85
840.96 -59.69
841.12 -59.82
841.28 -59.78
841.44 -59.65
841.6 -59.86
841.76 -59.69
841.92 -59.84
842.08 -59.63
842.24 -59.65
842.4 -59.66
842.56 -59.86
842.72 -59.83
842.88 -59.86
843.04 -59.8
843.2 -59.96
843.36 -60.09
843.52 -60.04
843.68 -59.87
843.84 -59.79
844.0 -60.21
844.16 -60.05
844.32 -60.03
844.48 -60.46
844.64 -60.28
844.8 -60.23
844.96 -60.23
845.12 -60.28
845.28 -60.26
845.44 -60.26
845.6 -60.3
845.76 -60.27
845.92 -60.3
846.08 -60.29
846.24 -60.37
846.4 -60.3
846.56 -60.4
846.72 -60.25
846.88 -60.27
847.04 -60.46
847.2 -60.23
847.36 -60.5
847.52 -60.3
847.68 -60.09
847.84 -60.3
848.0 -60.15
848.16 -60.25
848.32 -59.95
848.48 -59.75
848.64 -60.02
848.8 -59.91
848.96 -59.93
849.12 -60.03
849.28 -59.76
849.44 -59.92
849.6 -59.79
849.76 -59.81
849.92 -59.57
850.08 -59.76
850.24 -59.56
850.4 -59.61
850.56 -59.76
850.72 -59.58
850.88 -59.62
851.04 -59.67
851.2 -59.39
851.36 -59.58
851.52 -59.48
851.68 -59.59
851.84 -59.41
852.0 -59.44
852.16 -59.29
852.32 -59.4
852.48 -59.52
852.64 -59.55
852.8 -59.34
852.96 -59.55
853.12 -59.31
853.28 -59.38
853.44 -59.51
853.6 -59.45
853.76 -59.34
853.92 -59.36
854.08 -59.46
854.24 -59.39
854.4 -59.27
854.56 -59.26
854.72 -59.17
854.88 -59.17
855.04 -59.15
855.2 -59.27
855.36 -59.26
855.52 -59.21
855.68 -59.11
855.84 -59.57
856.0 -59.22
856.16 -59.36
856.32 -59.37
856.48 -59.28
856.64 -59.49
856.8 -59.3
856.96 -59.43
857.12 -59.48
857.28 -59.33
857.44 -59.34
857.6 -59.5
857.76 -59.41
857.92 -59.44
858.08 -59.26
858.24 -59.69
858.4 -59.45
858.56 -59.57
858.72 -59.61
858.88 -59.41
859.04 -59.61
859.2 -59.58
859.36 -59.34
859.52 -59.78
859.68 -59.58
859.84 -59.71
860.0 -59.84
860.16 -59.64
860.32 -59.92
860.48 -59.64
860.64 -59.41
860.8 -59.68
860.96 -59.57
861.12 -59.81
861.28 -59.6
861.44 -59.82
861.6 -59.72
861.76 -59.84
861.92 -59.81
862.08 -59.67
862.24 -59.67
862.4 -59.72
862.56 -59.84
862.72 -59.95
862.88 -59.8
863.04 -59.82
863.2 -59.7
863.36 -59.71
863.52 -59.74
863.68 -59.47
863.84 -59.56
864.0 -59.85
864.16 -59.67
864.32 -59.59
864.48 -59.58
864.64 -59.49
864.8 -59.5
864.96 -59.69
865.12 -59.39
865.28 -59.34
865.44 -59.45
865.6 -59.44
865.76 -59.51
865.92 -59.37
866.08 -59.35
866.24 -59.31
866.4 -59.47
866.56 -59.12
866.72 -59.28
866.88 -59.38
867.04 -59.38
867.2 -59.15
867.36 -59.25
867.52 -59.15
867.68 -58.98
867.84 -59.12
868.0 -59.04
868.16 -58.99
868.32 -59.09
868.48 -59.04
868.64 -58.97
868.8 -58.83
868.96 -58.86
869.12 -58.98
869.28 -58.79
869.44 -59.09
869.6 -59.06
869.76 -58.98
869.92 -59.0
870.08 -58.85
870.24 -58.71
870.4 -58.85
870.56 -58.96
870.72 -58.94
870.88 -58.81
871.04 -58.83
871.2 -58.8
871.36 -58.76
871.52 -58.86
871.68 -58.87
871.84 -58.85
872.0 -58.89
872.16 -58.77
872.32 -58.82
872.48 -58.82
872.64 -59.01
872.8 -58.95
872.96 -58.84
873.12 -58.78
873.28 -59.06
873.44 -58.77
873.6 -58.96
873.76 -58.91
873.92 -58.96
874.08 -59.08
874.24 -58.95
874.4 -59.3
874.56 -58.93
874.72 -58.98
874.88 -59.13
875.04 -58.99
875.2 -59.09
875.36 -59.24
875.52 -59.3
875.68 -59.32
875.84 -59.31
876.0 -59.34
876.16 -59.23
876.32 -59.11
876.48 -59.31
876.64 -59.52
876.8 -59.5
876.96 -59.32
877.12 -59.36
877.28 -59.23
877.44 -59.37
877.6 -59.23
877.76 -59.17
877.92 -59.32
878.08 -59.12
878.24 -59.51
878.4 -59.34
878.56 -59.4
878.72 -59.32
878.88 -59.37
879.04 -59.11
879.2 -59.37
879.36 -59.2
879.52 -59.36
879.68 -59.24
879.84 -59.45
880.0 -59.62
880.16 -59.13
880.32 -59.27
880.48 -59.23
880.64 -59.36
880.8 -59.41
880.96 -59.31
881.12 -59.42
881.28 -59.44
881.44 -59.3
881.6 -59.45
881.76 -59.46
881.92 -59.49
882.08 -59.28
882.24 -59.37
882.4 -59.56
882.56 -59.44
882.72 -59.61
882.88 -59.14
883.04 -59.28
883.2 -59.61
883.36 -59.33
883.52 -59.3
883.68 -59.14
883.84 -59.23
884.0 -59.32
884.16 -59.27
884.32 -59.31
884.48 -59.47
884.64 -59.15
884.8 -59.5
884.96 -59.6
885.12 -59.2
885.28 -59.44
885.44 -59.25
885.6 -59.21
885.76 -59.26
885.92 -59.23
886.08 -59.27
886.24 -59.22
886.4 -59.34
886.56 -58.95
886.72 -59.48
886.88 -59.23
887.04 -59.04
887.2 -59.39
887.36 -59.22
887.52 -59.34
887.68 -59.4
887.84 -59.32
888.0 -59.07
888.16 -59.24
888.32 -59.01
888.48 -59.12
888.64 -58.98
888.8 -58.96
888.96 -59.11
889.12 -59.11
889.28 -59.18
889.44 -59.04
889.6 -59.14
889.76 -59.04
889.92 -59.0
890.08 -59.04
890.24 -59.04
890.4 -59.1
890.56 -59.0
890.72 -59.31
890.88 -59.08
891.04 -59.12
891.2 -58.96
891.36 -59.02
891.52 -58.98
891.68 -58.89
891.84 -59.0
892.0 -59.11
892.16 -59.11
892.32 -59.0
892.48 -58.9
892.64 -58.94
892.8 -59.03
892.96 -58.93
893.12 -59.22
893.28 -58.8
893.44 -58.95
893.6 -59.04
893.76 -59.29
893.92 -59.0
894.08 -59.02
894.24 -58.89
894.4 -59.17
894.56 -59.04
894.72 -59.18
894.88 -59.06
895.04 -59.18
895.2 -59.36
895.36 -58.98
895.52 -59.14
895.68 -58.99
895.84 -59.14
896.0 -59.01
896.16 -59.11
896.32 -59.12
896.48 -59.07
896.64 -59.08
896.8 -58.83
896.96 -59.22
897.12 -59.12
897.28 -59.38
897.44 -59.13
897.6 -59.24
897.76 -59.01
897.92 -59.09
898.08 -59.15
898.24 -59.24
898.4 -59.31
898.56 -59.28
898.72 -59.09
898.88 -59.32
899.04 -58.92
899.2 -59.11
899.36 -58.85
899.52 -58.95
899.68 -59.26
899.84 -59.02
900.0 -59.23
