740.0 -60.89
740.16 -60.74
740.32 -61.05
740.48 -61.19
740.64 -60.97
740.8 -60.87
740.96 -61.22
741.12 -60.86
741.28 -60.97
741.44 -60.93
741.6 -61.29
741.76 -61.08
741.92 -60.77
742.08 -60.95
742.24 -60.87
742.4 -61.29
742.56 -61.21
742.72 -61.18
742.88 -60.74
743.04 -60.98
743.2 -60.91
743.36 -61.07
743.52 -60.86
743.68 -61.15
743.84 -60.91
744.0 -60.98
744.16 -61.13
744.32 -61.1
744.48 -61.37
744.64 -60.83
744.8 -60.76
744.96 -60.96
745.12 -60.98
745.28 -60.76
745.44 -60.83
745.6 -61.36
745.76 -60.66
745.92 -61.06
746.08 -61.19
746.24 -61.12
746.4 -61.08
746.56 -60.94
746.72 -61.08
746.88 -60.77
747.04 -61.09
747.2 -61.01
747.36 -60.86
747.52 -60.84
747.68 -60.94
747.84 -61.1
748.0 -60.77
748.16 -61.22
748.32 -60.81
748.48 -60.96
748.64 -60.88
748.8 -60.92
748.96 -61.46
749.12 -60.91
749.28 -61.28
749.44 -60.85
749.6 -61.0
749.76 -60.99
749.92 -61.09
750.08 -61.36
750.24 -61.0
750.4 -61.19
750.56 -61.21
750.72 -61.33
750.88 -61.05
751.04 -60.81
751.2 -61.0
751.36 -61.23
751.52 -61.18
751.68 -61.03
751.84 -60.89
752.0 -60.79
752.16 -61.11
752.32 -60.9
752.48 -60.99
752.64 -61.11
752.8 -61.06
752.96 -61.04
753.12 -60.79
753.28 -60.89
753.44 -60.83
753.6 -60.8
753.76 -60.81
753.92 -61.07
754.08 -60.94
754.24 -61.17
754.4 -61.2
754.56 -60.69
754.72 -61.11
754.88 -60.65
755.04 -61.11
755.2 -60.79
755.36 -61.05
755.52 -60.79
755.68 -61.02
755.84 -60.85
756.0 -60.95
756.16 -60.95
756.32 -60.9
756.48 -60.88
756.64 -61.16
756.8 -61.07
756.96 -60.94
757.12 -60.93
757.28 -60.71
757.44 -61.11
757.6 -61.21
757.76 -61.09
757.92 -61.31
758.08 -60.91
758.24 -60.92
758.4 -60.97
758.56 -60.75
758.72 -61.02
758.88 -60.91
759.04 -61.24
759.2 -60.94
759.36 -60.95
759.52 -60.8
759.68 -60.6
759.84 -60.92
760.0 -60.93
760.16 -61.25
760.32 -61.14
760.48 -60.95
760.64 -60.82
760.8 -60.52
760.96 -61.01
761.12 -61.13
761.28 -61.28
761.44 -60.65
761.6 -61.13
761.76 -60.79
761.92 -60.54
762.08 -60.65
762.24 -60.59
762.4 -60.63
762.56 -60.88
762.72 -60.9
762.88 -60.77
763.04 -60.75
763.2 -60.82
763.36 -60.63
763.52 -60.76
763.68 -61.01
763.84 -60.66
764.0 -60.63
764.16 -60.84
764.32 -60.83
764.48 -60.5
764.64 -60.66
764.8 -61.03
764.96 -60.83
765.12 -60.99
765.28 -60.41
765.44 -60.72
765.6 -60.75
765.76 -61.08
765.92 -61.04
766.08 -61.01
766.24 -60.77
766.4 -60.89
766.56 -60.5
766.72 -60.71
766.88 -60.92
767.04 -60.83
767.2 -60.71
767.36 -60.65
767.52 -61.02
767.68 -60.95
767.84 -60.85
768.0 -60.82
768.16 -60.78
768.32 -60.78
768.48 -60.92
768.64 -60.94
768.8 -61.31
768.96 -60.28
769.12 -60.86
769.28 -60.77
769.44 -60.53
769.6 -61.0
769.76 -60.9
769.92 -60.97
770.08 -60.51
770.24 -60.76
770.4 -60.59
770.56 -60.91
770.72 -60.79
770.88 -60.9
771.04 -60.92
771.2 -61.09
771.36 -60.37
771.52 -60.55
771.68 -60.32
771.84 -60.96
772.0 -60.78
772.16 -60.57
772.32 -60.6
772.48 -60.44
772.64 -60.47
772.8 -60.76
772.96 -60.85
773.12 -61.09
773.28 -61.02
773.44 -60.59
773.6 -60.32
773.76 -60.71
773.92 -60.3
774.08 -61.25
774.24 -60.97
774.4 -60.69
774.56 -60.6
774.72 -60.48
774.88 -60.67
775.04 -61.32
775.2 -61.2
775.36 -60.9
775.52 -60.81
775.68 -60.55
775.84 -61.02
776.0 -61.27
776.16 -60.83
776.32 -61.25
776.48 -61.3
776.64 -61.08
776.8 -60.75
776.96 -60.97
777.12 -60.8
777.28 -60.83
777.44 -60.89
777.6 -60.46
777.76 -60.68
777.92 -60.87
778.08 -60.66
778.24 -60.89
778.4 -60.42
778.56 -60.96
778.72 -60.53
778.88 -60.83
779.04 -60.89
779.2 -60.73
779.36 -61.21
779.52 -61.05
779.68 -60.43
779.84 -60.75
780.0 -60.43
780.16 -60.55
780.32 -60.62
780.48 -60.61
780.64 -60.45
780.8 -60.53
780.96 -60.55
781.12 -60.59
781.28 -60.78
781.44 -60.52
781.6 -60.76
781.76 -60.52
781.92 -60.24
782.08 -60.67
782.24 -60.52
782.4 -60.94
782.56 -60.49
782.72 -60.69
782.88 -60.84
783.04 -60.33
783.2 -60.39
783.36 -60.48
783.52 -61.17
783.68 -60.68
783.84 -60.69
784.0 -60.5
784.16 -60.68
784.32 -61.0
784.48 -60.59
784.64 -60.21
784.8 -60.75
784.96 -60.4
785.12 -60.5
785.28 -60.67
785.44 -60.29
785.6 -60.94
785.76 -60.76
785.92 -60.75
786.08 -60.19
786.24 -60.55
786.4 -60.55
786.56 -60.23
786.72 -60.32
786.88 -60.9
787.04 -60.98
787.2 -60.34
787.36 -61.01
787.52 -60.93
787.68 -60.74
787.84 -60.59
788.0 -60.66
788.16 -60.66
788.32 -60.59
788.48 -60.8
788.64 -60.53
788.8 -60.47
788.96 -60.58
789.12 -60.79
789.28 -60.59
789.44 -60.68
789.6 -60.56
789.76 -60.48
789.92 -60.36
790.08 -60.44
790.24 -60.38
790.4 -60.88
790.56 -60.42
790.72 -60.23
790.88 -60.61
791.04 -60.78
791.2 -60.71
791.36 -60.16
791.52 -60.09
791.68 -60.59
791.84 -60.88
792.0 -60.52
792.16 -60.49
792.32 -60.52
792.48 -60.84
792.64 -60.49
792.8 -60.37
792.96 -60.09
793.12 -60.64
793.28 -60.74
793.44 -60.62
793.6 -60.54
793.76 -60.65
793.92 -60.67
794.08 -61.15
794.24 -60.47
794.4 -60.64
794.56 -60.42
794.72 -60.84
794.88 -60.79
795.04 -60.48
795.2 -60.79
795.36 -60.85
795.52 -60.55
795.68 -60.14
795.84 -60.57
796.0 -60.54
796.16 -60.51
796.32 -60.53
796.48 -60.46
796.64 -60.68
796.8 -60.71
796.96 -60.1
797.12 -60.48
797.28 -60.54
797.44 -61.08
797.6 -60.43
797.76 -60.66
797.92 -60.59
798.08 -60.63
798.24 -60.7
798.4 -60.63
798.56 -60.41
798.72 -60.86
798.88 -60.53
799.04 -60.38
799.2 -60.69
799.36 -60.73
799.52 -60.86
799.68 -60.75
799.84 -60.15
800.0 -60.18
800.16 -60.46
800.32 -60.68
800.48 -60.38
800.64 -60.39
800.8 -60.6
800.96 -60.42
801.12 -60.43
801.28 -60.14
801.44 -60.36
801.6 -60.77
801.76 -60.49
801.92 -60.36
802.08 -59.96
802.24 -60.38
802.4 -60.79
802.56 -60.55
802.72 -60.14
802.88 -60.35
803.04 -60.77
803.2 -60.41
803.36 -59.99
803.52 -60.01
803.68 -60.61
803.84 -60.64
804.0 -60.61
804.16 -60.3
804.32 -59.88
804.48 -60.42
804.64 -60.84
804.8 -60.42
804.96 -59.99
805.12 -60.19
805.28 -60.57
805.44 -60.17
805.6 -60.17
805.76 -60.08
805.92 -60.14
806.08 -59.58
806.24 -59.12
806.4 -59.01
806.56 -58.58
806.72 -57.77
806.88 -56.37
807.04 -55.06
807.2 -53.99
807.36 -53.09
807.52 -51.95
807.68 -50.48
807.84 -49.62
808.0 -49.4
808.16 -49.87
808.32 -50.55
808.48 -50.82
808.64 -50.78
808.8 -50.97
808.96 -52.05
809.12 -53.68
809.28 -56.05
809.44 -58.36
809.6 -59.71
809.76 -60.2
809.92 -60.0
810.08 -59.95
810.24 -60.38
810.4 -60.82
810.56 -61.01
810.72 -60.23
810.88 -60.22
811.04 -60.36
811.2 -60.74
811.36 -60.52
811.52 -60.31
811.68 -60.16
811.84 -60.39
812.0 -60.92
812.16 -60.33
812.32 -60.97
812.48 -60.26
812.64 -60.77
812.8 -60.61
812.96 -60.31
813.12 -60.32
813.28 -61.1
813.44 -61.02
813.6 -60.42
813.76 -60.3
813.92 -60.45
814.08 -61.05
814.24 -61.16
814.4 -60.55
814.56 -60.36
814.72 -60.77
814.88 -60.54
815.04 -60.48
815.2 -60.55
815.36 -60.36
815.52 -60.66
815.68 -60.42
815.84 -60.28
816.0 -60.72
816.16 -60.56
816.32 -60.84
816.48 -60.48
816.64 -60.46
816.8 -60.49
816.96 -61.29
817.12 -60.8
817.28 -60.36
817.44 -60.49
817.6 -60.63
817.76 -60.48
817.92 -60.37
818.08 -60.51
818.24 -60.62
818.4 -60.8
818.56 -60.8
818.72 -60.78
818.88 -60.45
819.04 -60.52
819.2 -61.0
819.36 -60.61
819.52 -60.49
819.68 -60.16
819.84 -60.76
820.0 -60.7
820.16 -60.55
820.32 -60.55
820.48 -60.61
820.64 -60.6
820.8 -60.72
820.96 -60.6
821.12 -60.45
821.28 -60.58
821.44 -60.56
821.6 -60.93
821.76 -60.35
821.92 -60.17
822.08 -60.45
822.24 -60.67
822.4 -60.68
822.56 -60.38
822.72 -60.41
822.88 -60.68
823.04 -60.79
823.2 -60.6
823.36 -60.36
823.52 -60.21
823.68 -60.45
823.84 -60.94
824.0 -60.42
824.16 -60.22
824.32 -60.55
824.48 -60.76
824.64 -60.8
824.8 -60.6
824.96 -60.01
825.12 -60.34
825.28 -60.6
825.44 -60.71
825.6 -60.46
825.76 -60.36
825.92 -60.52
826.08 -60.92
826.24 -60.53
826.4 -60.47
826.56 -60.29
826.72 -60.17
826.88 -60.57
827.04 -60.52
827.2 -60.54
827.36 -60.05
827.52 -60.33
827.68 -60.76
827.84 -60.51
828.0 -60.04
828.16 -60.38
828.32 -60.36
828.48 -60.43
828.64 -60.44
828.8 -60.08
828.96 -59.91
829.12 -60.48
829.28 -60.45
829.44 -60.19
829.6 -59.92
829.76 -60.26
829.92 -60.24
830.08 -60.48
830.24 -60.14
830.4 -60.02
830.56 -60.23
830.72 -60.41
830.88 -60.18
831.04 -59.97
831.2 -59.98
831.36 -60.14
831.52 -60.44
831.68 -60.31
831.84 -59.7
832.0 -59.96
832.16 -60.27
832.32 -60.92
832.48 -60.59
832.64 -60.13
832.8 -59.76
832.96 -60.16
833.12 -60.63
833.28 -60.46
833.44 -59.96
833.6 -59.58
833.76 -59.9
833.92 -60.24
834.08 -60.25
834.24 -60.01
834.4 -59.74
834.56 -60.06
834.72 -60.12
834.88 -60.26
835.04 -59.87
835.2 -59.63
835.36 -59.87
835.52 -60.34
835.68 -60.23
835.84 -59.96
836.0 -59.8
836.16 -60.08
836.32 -60.14
836.48 -60.26
836.64 -60.06
836.8 -59.79
836.96 -59.86
837.12 -60.22
837.28 -60.3
837.44 -60.17
837.6 -59.92
837.76 -59.91
837.92 -60.28
838.08 -60.54
838.24 -60.4
838.4 -60.1
838.56 -59.76
838.72 -60.36
838.88 -60.41
839.04 -60.2
839.2 -59.96
839.36 -60.03
839.52 -60.25
839.68 -60.58
839.84 -60.41
840.0 -60.17
840.16 -60.21
840.32 -60.0
840.48 -60.27
840.64 -60.24
840.8 -60.12
840.96 -59.98
841.12 -60.29
841.28 -60.3
841.44 -60.52
841.6 -60.3
841.76 -60.09
841.92 -60.12
842.08 -60.41
842.24 -60.45
842.4 -60.21
842.56 -60.19
842.72 -60.05
842.88 -60.34
843.04 -60.62
843.2 -60.44
843.36 -60.24
843.52 -60.49
843.68 -60.54
843.84 -60.33
844.0 -60.39
844.16 -59.89
844.32 -60.31
844.48 -60.45
844.64 -60.53
844.8 -60.42
844.96 -60.31
845.12 -60.19
845.28 -60.46
845.44 -60.46
845.6 -60.3
845.76 -60.09
845.92 -60.05
846.08 -60.26
846.24 -60.34
846.4 -60.26
846.56 -60.16
846.72 -60.16
846.88 -60.45
847.04 -60.38
847.2 -60.4
847.36 -60.09
847.52 -60.13
847.68 -60.41
847.84 -60.34
848.0 -60.09
848.16 -59.84
848.32 -60.06
848.48 -60.29
848.64 -60.09
848.8 -60.39
848.96 -60.12
849.12 -60.15
849.28 -60.28
849.44 -60.51
849.6 -60.31
849.76 -60.08
849.92 -60.07
850.08 -60.06
850.24 -60.27
850.4 -60.47
850.56 -60.2
850.72 -60.14
850.88 -60.08
851.04 -60.12
851.2 -60.35
851.36 -60.58
851.52 -60.1
851.68 -60.13
851.84 -60.5
852.0 -60.71
852.16 -60.59
852.32 -60.43
852.48 -60.19
852.64 -60.12
852.8 -60.63
852.96 -60.38
853.12 -60.37
853.28 -60.17
853.44 -60.03
853.6 -60.2
853.76 -60.22
853.92 -60.06
854.08 -60.25
854.24 -60.11
854.4 -60.05
854.56 -60.41
854.72 -60.12
854.88 -60.34
855.04 -60.09
855.2 -60.29
855.36 -60.6
855.52 -60.08
855.68 -60.21
855.84 -60.21
856.0 -60.41
856.16 -60.54
856.32 -60.56
856.48 -60.24
856.64 -60.1
856.8 -60.6
856.96 -60.77
857.12 -60.64
857.28 -60.46
857.44 -60.19
857.6 -60.13
857.76 -60.44
857.92 -60.69
858.08 -60.45
858.24 -60.35
858.4 -60.44
858.56 -60.48
858.72 -60.46
858.88 -60.21
859.04 -60.24
859.2 -60.34
859.36 -60.44
859.52 -60.32
859.68 -60.29
859.84 -60.21
860.0 -60.32
860.16 -59.98
860.32 -60.11
860.48 -60.45
860.64 -60.38
860.8 -60.27
860.96 -60.04
861.12 -60.09
861.28 -60.49
861.44 -60.41
861.6 -60.45
861.76 -60.1
861.92 -60.11
862.08 -60.58
862.24 -60.56
862.4 -60.43
862.56 -60.31
862.72 -60.06
862.88 -60.68
863.04 -60.8
863.2 -60.52
863.36 -60.33
863.52 -60.23
863.68 -60.45
863.84 -60.69
864.0 -60.42
864.16 -60.38
864.32 -60.18
864.48 -60.16
864.64 -60.28
864.8 -60.38
864.96 -60.42
865.12 -60.41
865.28 -60.15
865.44 -60.24
865.6 -60.48
865.76 -60.55
865.92 -60.68
866.08 -60.27
866.24 -60.4
866.4 -60.48
866.56 -60.78
866.72 -60.41
866.88 -60.62
867.04 -60.97
867.2 -60.24
867.36 -60.1
867.52 -60.23
867.68 -60.34
867.84 -60.75
868.0 -60.75
868.16 -60.12
868.32 -60.58
868.48 -60.35
868.64 -60.73
868.8 -60.61
868.96 -60.27
869.12 -60.25
869.28 -60.42
869.44 -60.37
869.6 -60.31
869.76 -60.17
869.92 -60.26
870.08 -60.36
870.24 -60.5
870.4 -60.31
870.56 -60.58
870.72 -60.09
870.88 -60.13
871.04 -60.07
871.2 -60.45
871.36 -60.61
871.52 -60.27
871.68 -60.09
871.84 -60.24
872.0 -60.44
872.16 -60.76
872.32 -60.51
872.48 -60.35
872.64 -60.03
872.8 -60.36
872.96 -60.82
873.12 -60.38
873.28 -60.43
873.44 -60.08
873.6 -60.03
873.76 -60.2
873.92 -60.49
874.08 -60.22
874.24 -60.41
874.4 -60.22
874.56 -60.3
874.72 -60.44
874.88 -60.68
875.04 -60.98
875.2 -59.87
875.36 -59.96
875.52 -60.12
875.68 -60.27
875.84 -60.04
876.0 -59.86
876.16 -60.05
876.32 -60.0
876.48 -59.74
876.64 -59.76
876.8 -60.13
876.96 -60.2
877.12 -60.03
877.28 -59.77
877.44 -59.73
877.6 -59.39
877.76 -59.91
877.92 -59.6
878.08 -59.88
878.24 -59.7
878.4 -59.74
878.56 -59.58
878.72 -59.7
878.88 -60.09
879.04 -59.98
879.2 -59.72
879.36 -60.0
879.52 -59.95
879.68 -59.99
879.84 -60.15
880.0 -59.83
880.16 -59.31
880.32 -59.57
880.48 -59.81
880.64 -59.89
880.8 -59.98
880.96 -59.96
881.12 -59.81
881.28 -59.74
881.44 -60.02
881.6 -60.11
881.76 -59.82
881.92 -59.68
882.08 -59.6
882.24 -59.59
882.4 -59.88
882.56 -59.71
882.72 -59.86
882.88 -59.64
883.04 -59.26
883.2 -59.45
883.36 -59.72
883.52 -59.87
883.68 -59.76
883.84 -59.69
884.0 -59.67
884.16 -59.7
884.32 -59.88
884.48 -59.78
884.64 -59.87
884.8 -59.57
884.96 -59.7
885.12 -59.63
885.28 -60.01
885.44 -59.74
885.6 -59.98
885.76 -59.73
885.92 -59.69
886.08 -59.56
886.24 -59.95
886.4 -59.79
886.56 -59.96
886.72 -59.79
886.88 -59.81
887.04 -59.68
887.2 -60.13
887.36 -60.08
887.52 -59.8
887.68 -59.75
887.84 -59.79
888.0 -59.85
888.16 -59.91
888.32 -60.11
888.48 -59.88
888.64 -59.98
888.8 -59.64
888.96 -59.99
889.12 -60.2
889.28 -60.08
889.44 -59.93
889.6 -59.52
889.76 -59.48
889.92 -59.76
890.08 -59.96
890.24 -59.93
890.4 -59.63
890.56 -59.61
890.72 -59.44
890.88 -59.74
891.04 -59.83
891.2 -60.13
891.36 -59.62
891.52 -59.57
891.68 -59.57
891.84 -59.96
892.0 -59.72
892.16 -59.63
892.32 -59.78
892.48 -59.65
892.64 -59.49
892.8 -59.81
892.96 -60.19
893.12 -59.7
893.28 -59.82
893.44 -59.62
893.6 -59.59
893.76 -59.62
893.92 -59.8
894.08 -59.65
894.24 -59.74
894.4 -59.56
894.56 -59.55
894.72 -59.56
894.88 -59.82
895.04 -59.81
895.2 -59.69
895.36 -59.48
895.52 -59.4
895.68 -59.47
895.84 -59.76
896.0 -59.79
896.16 -59.64
896.32 -59.47
896.48 -59.55
896.64 -59.75
896.8 -59.75
896.96 -59.69
897.12 -59.65
897.28 -59.61
897.44 -59.37
897.6 -59.71
897.76 -59.82
897.92 -59.82
898.08 -59.77
898.24 -59.75
898.4 -59.64
898.56 -59.81
898.72 -59.57
898.88 -60.07
899.04 -59.86
899.2 -59.6
899.36 -59.6
899.52 -59.8
899.68 -59.61
899.84 -59.64
900.0 -59.68
