740.0 -60.45
740.16 -60.52
740.32 -60.16
740.48 -60.3
740.64 -60.4
740.8 -60.36
740.96 -60.72
741.12 -60.24
741.28 -60.7
741.44 -60.44
741.6 -60.74
741.76 -60.31
741.92 -60.62
742.08 -60.38
742.24 -60.43
742.4 -60.6
742.56 -60.83
742.72 -60.43
742.88 -60.51
743.04 -60.7
743.2 -60.23
743.36 -60.43
743.52 -60.58
743.68 -60.23
743.84 -60.33
744.0 -60.35
744.16 -60.6
744.32 -60.42
744.48 -60.42
744.64 -60.3
744.8 -60.07
744.96 -60.52
745.12 -60.28
745.28 -60.52
745.44 -60.01
745.6 -60.55
745.76 -60.52
745.92 -60.53
746.08 -60.4
746.24 -60.37
746.4 -60.55
746.56 -60.62
746.72 -60.57
746.88 -60.53
747.04 -60.46
747.2 -60.5
747.36 -60.38
747.52 -60.32
747.68 -60.58
747.84 -60.2
748.0 -60.22
748.16 -60.38
748.32 -60.25
748.48 -60.46
748.64 -60.27
748.8 -60.13
748.96 -59.92
749.12 -60.36
749.28 -59.87
749.44 -60.28
749.6 -59.86
749.76 -60.23
749.92 -60.27
750.08 -60.21
750.24 -60.27
750.4 -60.62
750.56 -60.41
750.72 -60.58
750.88 -60.29
751.04 -60.56
751.2 -60.52
751.36 -60.48
751.52 -60.64
751.68 -60.33
751.84 -60.68
752.0 -60.23
752.16 -60.31
752.32 -60.32
752.48 -60.42
752.64 -60.46
752.8 -60.22
752.96 -60.13
753.12 -60.36
753.28 -60.02
753.44 -60.02
753.6 -60.18
753.76 -60.05
753.92 -60.31
754.08 -60.41
754.24 -60.16
754.4 -60.39
754.56 -60.09
754.72 -60.22
754.88 -60.08
755.04 -60.5
755.2 -60.44
755.36 -60.53
755.52 -60.55
755.68 -60.62
755.84 -60.23
756.0 -60.4
756.16 -60.24
756.32 -60.32
756.48 -60.32
756.64 -60.14
756.8 -60.11
756.96 -60.36
757.12 -60.25
757.28 -59.71
757.44 -59.76
757.6 -59.87
757.76 -59.89
757.92 -59.81
758.08 -59.91
758.24 -60.1
758.4 -60.19
758.56 -59.76
758.72 -59.97
758.88 -60.03
759.04 -60.29
759.2 -60.18
759.36 -60.21
759.52 -60.46
759.68 -60.19
759.84 -60.56
760.0 -60.26
760.16 -60.1
760.32 -60.08
760.48 -60.35
760.64 -60.27
760.8 -59.78
760.96 -60.33
761.12 -59.91
761.28 -60.02
761.44 -59.99
761.6 -59.75
761.76 -59.81
761.92 -59.8
762.08 -59.89
762.24 -59.7
762.4 -60.01
762.56 -59.65
762.72 -59.88
762.88 -59.81
763.04 -59.98
763.2 -60.35
763.36 -59.99
763.52 -60.05
763.68 -59.97
763.84 -59.98
764.0 -60.2
764.16 -60.34
764.32 -60.22
764.48 -59.97
764.64 -59.97
764.8 -60.03
764.96 -59.98
765.12 -59.85
765.28 -59.9
765.44 -59.77
765.6 -60.11
765.76 -59.95
765.92 -59.71
766.08 -59.39
766.24 -59.49
766.4 -59.55
766.56 -59.49
766.72 -59.91
766.88 -59.88
767.04 -59.7
767.2 -59.73
767.36 -59.8
767.52 -59.96
767.68 -60.1
767.84 -59.8
768.0 -60.03
768.16 -60.16
768.32 -59.78
768.48 -60.03
768.64 -60.02
768.8 -60.07
768.96 -59.66
769.12 -59.78
769.28 -59.59
769.44 -59.63
769.6 -59.86
769.76 -59.47
769.92 -59.51
770.08 -59.46
770.24 -59.27
770.4 -59.32
770.56 -59.5
770.72 -59.54
770.88 -59.53
771.04 -59.47
771.2 -59.63
771.36 -59.46
771.52 -59.51
771.68 -59.83
771.84 -59.75
772.0 -59.87
772.16 -60.06
772.32 -60.22
772.48 -60.12
772.64 -59.97
772.8 -59.81
772.96 -59.94
773.12 -59.97
773.28 -59.8
773.44 -59.62
773.6 -59.85
773.76 -59.7
773.92 -59.71
774.08 -59.38
774.24 -59.04
774.4 -59.37
774.56 -59.53
774.72 -59.16
774.88 -58.99
775.04 -59.04
775.2 -59.38
775.36 -59.22
775.52 -59.66
775.68 -59.55
775.84 -59.47
776.0 -59.38
776.16 -59.6
776.32 -59.81
776.48 -59.95
776.64 -59.92
776.8 -59.94
776.96 -60.32
777.12 -59.76
777.28 -60.33
777.44 -60.19
777.6 -59.77
777.76 -60.05
777.92 -59.79
778.08 -59.67
778.24 -59.79
778.4 -59.63
778.56 -59.29
778.72 -59.16
778.88 -59.27
779.04 -59.08
779.2 -59.14
779.36 -59.09
779.52 -59.31
779.68 -59.36
779.84 -59.21
780.0 -59.69
780.16 -59.35
780.32 -59.59
780.48 -59.48
780.64 -59.72
780.8 -60.01
780.96 -59.88
781.12 -59.89
781.28 -60.11
781.44 -59.69
781.6 -60.17
781.76 -60.06
781.92 -60.11
782.08 -59.87
782.24 -59.77
782.4 -59.7
782.56 -59.51
782.72 -59.58
782.88 -59.2
783.04 -59.0
783.2 -58.84
783.36 -58.75
783.52 -58.85
783.68 -58.89
783.84 -59.1
784.0 -59.02
784.16 -58.9
784.32 -59.07
784.48 -59.12
784.64 -59.18
784.8 -59.75
784.96 -59.71
785.12 -59.68
785.28 -59.83
785.44 -59.83
785.6 -60.36
785.76 -60.23
785.92 -60.61
786.08 -60.21
786.24 -59.95
786.4 -59.89
786.56 -60.02
786.72 -59.53
786.88 -59.55
787.04 -59.05
787.2 -59.13
787.36 -58.78
787.52 -58.8
787.68 -58.76
787.84 -58.54
788.0 -58.89
788.16 -58.62
788.32 -58.61
788.48 -58.87
788.64 -58.85
788.8 -59.21
788.96 -59.07
789.12 -59.08
789.28 -59.26
789.44 -59.56
789.6 -59.96
789.76 -59.87
789.92 -59.95
790.08 -60.24
790.24 -60.12
790.4 -59.95
790.56 -60.01
790.72 -60.08
790.88 -59.64
791.04 -59.87
791.2 -59.45
791.36 -59.08
791.52 -59.13
791.68 -58.83
791.84 -58.86
792.0 -58.55
792.16 -58.48
792.32 -58.46
792.48 -58.46
792.64 -58.53
792.8 -58.38
792.96 -58.65
793.12 -58.71
793.28 -58.67
793.44 -58.81
793.6 -58.94
793.76 -59.27
793.92 -59.34
794.08 -59.59
794.24 -59.76
794.4 -59.84
794.56 -59.84
794.72 -59.87
794.88 -59.91
795.04 -60.02
795.2 -60.25
795.36 -59.62
795.52 -59.43
795.68 -59.54
795.84 -59.25
796.0 -59.06
796.16 -59.04
796.32 -58.75
796.48 -58.65
796.64 -58.38
796.8 -58.51
796.96 -58.1
797.12 -58.52
797.28 -58.2
797.44 -58.36
797.6 -58.45
797.76 -58.55
797.92 -58.78
798.08 -58.65
798.24 -59.3
798.4 -59.11
798.56 -59.4
798.72 -59.16
798.88 -59.33
799.04 -59.52
799.2 -59.73
799.36 -59.5
799.52 -59.68
799.68 -59.82
799.84 -59.99
800.0 -59.45
800.16 -59.49
800.32 -59.16
800.48 -59.29
800.64 -59.13
800.8 -58.76
800.96 -58.52
801.12 -58.28
801.28 -58.43
801.44 -58.3
801.6 -58.26
801.76 -58.34
801.92 -58.07
802.08 -58.13
802.24 -58.39
802.4 -58.41
802.56 -58.66
802.72 -58.67
802.88 -58.55
803.04 -59.27
803.2 -58.99
803.36 -59.35
803.52 -59.38
803.68 -59.67
803.84 -59.7
804.0 -59.49
804.16 -59.57
804.32 -59.63
804.48 -59.55
804.64 -59.15
804.8 -58.88
804.96 -58.92
805.12 -58.53
805.28 -58.52
805.44 -58.11
805.6 -58.04
805.76 -57.78
805.92 -57.75
806.08 -57.35
806.24 -57.35
806.4 -56.67
806.56 -56.11
806.72 -55.36
806.88 -54.55
807.04 -53.57
807.2 -52.44
807.36 -51.05
807.52 -50.0
807.68 -49.11
807.84 -48.51
808.0 -48.48
808.16 -48.9
808.32 -49.31
808.48 -49.73
808.64 -49.87
808.8 -50.06
808.96 -51.03
809.12 -52.59
809.28 -54.94
809.44 -57.04
809.6 -57.94
809.76 -57.99
809.92 -58.07
810.08 -57.97
810.24 -58.02
810.4 -57.98
810.56 -57.92
810.72 -57.84
810.88 -57.81
811.04 -57.83
811.2 -57.92
811.36 -58.07
811.52 -57.99
811.68 -58.37
811.84 -58.41
812.0 -58.3
812.16 -58.8
812.32 -58.72
812.48 -58.92
812.64 -59.2
812.8 -59.04
812.96 -59.27
813.12 -59.38
813.28 -59.1
813.44 -59.35
813.6 -59.14
813.76 -59.03
813.92 -58.82
814.08 -58.59
814.24 -58.46
814.4 -58.46
814.56 -58.3
814.72 -58.31
814.88 -58.49
815.04 -57.92
815.2 -58.22
815.36 -58.03
815.52 -58.11
815.68 -57.89
815.84 -58.01
816.0 -57.94
816.16 -58.01
816.32 -58.12
816.48 -58.16
816.64 -58.29
816.8 -58.36
816.96 -58.47
817.12 -58.7
817.28 -58.7
817.44 -58.77
817.6 -58.82
817.76 -59.22
817.92 -59.29
818.08 -59.28
818.24 -59.09
818.4 -59.07
818.56 -58.99
818.72 -59.03
818.88 -59.0
819.04 -58.63
819.2 -58.63
819.36 -58.59
819.52 -58.71
819.68 -58.25
819.84 -58.44
820.0 -58.06
820.16 -58.18
820.32 -57.99
820.48 -57.78
820.64 -57.84
820.8 -58.0
820.96 -57.67
821.12 -57.87
821.28 -57.88
821.44 -58.02
821.6 -58.04
821.76 -58.23
821.92 -58.32
822.08 -58.35
822.24 -58.4
822.4 -58.52
822.56 -58.6
822.72 -58.65
822.88 -58.8
823.04 -58.84
823.2 -58.75
823.36 -58.69
823.52 -59.03
823.68 -58.96
823.84 -58.78
824.0 -58.7
824.16 -58.64
824.32 -58.61
824.48 -58.49
824.64 -58.29
824.8 -58.24
824.96 -58.23
825.12 -57.99
825.28 -58.03
825.44 -57.86
825.6 -57.81
825.76 -57.76
825.92 -57.69
826.08 -57.8
826.24 -57.74
826.4 -57.68
826.56 -57.88
826.72 -57.84
826.88 -58.02
827.04 -58.04
827.2 -58.18
827.36 -58.24
827.52 -58.22
827.68 -58.41
827.84 -58.51
828.0 -58.48
828.16 -58.49
828.32 -58.59
828.48 -58.6
828.64 -58.69
828.8 -58.53
828.96 -58.61
829.12 -58.58
829.28 -58.29
829.44 -58.46
829.6 -58.27
829.76 -58.38
829.92 -58.07
830.08 -58.1
830.24 -58.17
830.4 -57.92
830.56 -57.71
830.72 -57.78
830.88 -57.5
831.04 -57.55
831.2 -57.73
831.36 -57.59
831.52 -57.69
831.68 -57.73
831.84 -57.66
832.0 -57.71
832.16 -57.78
832.32 -57.86
832.48 -57.89
832.64 -57.88
832.8 -57.96
832.96 -57.83
833.12 -58.13
833.28 -58.38
833.44 -58.32
833.6 -58.24
833.76 -58.52
833.92 -58.35
834.08 -58.15
834.24 -58.38
834.4 -58.08
834.56 -58.3
834.72 -58.07
834.88 -57.92
835.04 -58.0
835.2 -58.01
835.36 -57.95
835.52 -57.79
835.68 -57.74
835.84 -57.81
836.0 -57.67
836.16 -57.68
836.32 -57.64
836.48 -57.61
836.64 -57.37
836.8 -57.33
836.96 -57.39
837.12 -57.47
837.28 -57.31
837.44 -57.42
837.6 -57.46
837.76 -57.49
837.92 -57.49
838.08 -57.53
838.24 -57.72
838.4 -57.62
838.56 -57.81
838.72 -57.77
838.88 -57.93
839.04 -58.02
839.2 -58.14
839.36 -58.23
839.52 -58.16
839.68 -58.09
839.84 -58.1
840.0 -58.21
840.16 -58.32
840.32 -58.16
840.48 -58.12
840.64 -58.2
840.8 -58.13
840.96 -58.16
841.12 -58.07
841.28 -57.86
841.44 -57.82
841.6 -57.86
841.76 -57.89
841.92 -57.75
842.08 -57.71
842.24 -57.57
842.4 -57.48
842.56 -57.55
842.72 -57.64
842.88 -57.42
843.04 -57.42
843.2 -57.53
843.36 -57.47
843.52 -57.51
843.68 -57.45
843.84 -57.56
844.0 -57.46
844.16 -57.48
844.32 -57.58
844.48 -57.7
844.64 -57.61
844.8 -57.69
844.96 -57.67
845.12 -57.82
845.28 -57.64
845.44 -57.67
845.6 -57.95
845.76 -57.76
845.92 -57.93
846.08 -57.86
846.24 -57.95
846.4 -57.99
846.56 -58.04
846.72 -57.92
846.88 -57.84
847.04 -58.1
847.2 -57.89
847.36 -57.93
847.52 -57.86
847.68 -57.74
847.84 -57.9
848.0 -57.78
848.16 -58.01
848.32 -57.59
848.48 -57.75
848.64 -57.6
848.8 -57.57
848.96 -57.54
849.12 -57.54
849.28 -57.41
849.44 -57.49
849.6 -57.48
849.76 -57.48
849.92 -57.38
850.08 -57.5
850.24 -57.45
850.4 -57.35
850.56 -57.38
850.72 -57.52
850.88 -57.49
851.04 -57.47
851.2 -57.54
851.36 -57.44
851.52 -57.51
851.68 -57.6
851.84 -57.73
852.0 -57.59
852.16 -57.66
852.32 -57.68
852.48 -57.73
852.64 -57.83
852.8 -57.8
852.96 -57.75
853.12 -57.96
853.28 -57.83
853.44 -57.8
853.6 -57.95
853.76 -57.92
853.92 -57.86
854.08 -57.93
854.24 -57.65
854.4 -57.87
854.56 -57.96
854.72 -57.66
854.88 -57.75
855.04 -57.76
855.2 -57.61
855.36 -57.56
855.52 -57.61
855.68 -57.54
855.84 -57.37
856.0 -57.53
856.16 -57.41
856.32 -57.34
856.48 -57.35
856.64 -57.36
856.8 -57.46
856.96 -57.34
857.12 -57.36
857.28 -57.44
857.44 -57.37
857.6 -57.14
857.76 -57.45
857.92 -57.27
858.08 -57.45
858.24 -57.38
858.4 -57.46
858.56 -57.44
858.72 -57.54
858.88 -57.51
859.04 -57.63
859.2 -57.67
859.36 -57.58
859.52 -57.8
859.68 -57.79
859.84 -57.6
860.0 -57.68
860.16 -57.5
860.32 -57.67
860.48 -57.84
860.64 -57.69
860.8 -57.69
860.96 -57.58
861.12 -57.58
861.28 -57.66
861.44 -57.71
861.6 -57.61
861.76 -57.54
861.92 -57.6
862.08 -57.64
862.24 -57.49
862.4 -57.46
862.56 -57.48
862.72 -57.48
862.88 -57.48
863.04 -57.51
863.2 -57.27
863.36 -57.48
863.52 -57.26
863.68 -57.3
863.84 -57.33
864.0 -57.05
864.16 -57.4
864.32 -57.32
864.48 -57.12
864.64 -57.34
864.8 -57.25
864.96 -57.31
865.12 -57.31
865.28 -57.05
865.44 -57.3
865.6 -57.39
865.76 -57.32
865.92 -57.45
866.08 -57.31
866.24 -57.38
866.4 -57.45
866.56 -57.36
866.72 -57.37
866.88 -57.48
867.04 -57.52
867.2 -57.52
867.36 -57.49
867.52 -57.66
867.68 -57.53
867.84 -57.56
868.0 -57.71
868.16 -57.61
868.32 -57.63
868.48 -57.75
868.64 -57.59
868.8 -57.79
868.96 -57.64
869.12 -57.75
869.28 -57.51
869.44 -57.48
869.6 -57.64
869.76 -57.67
869.92 -57.52
870.08 -57.4
870.24 -57.59
870.4 -57.27
870.56 -57.41
870.72 -57.31
870.88 -57.36
871.04 -57.4
871.2 -57.31
871.36 -57.35
871.52 -57.21
871.68 -57.16
871.84 -57.14
872.0 -57.0
872.16 -57.0
872.32 -57.12
872.48 -57.24
872.64 -57.01
872.8 -56.93
872.96 -57.14
873.12 -57.03
873.28 -56.96
873.44 -57.07
873.6 -57.01
873.76 -57.17
873.92 -57.14
874.08 -57.11
874.24 -57.06
874.4 -57.11
874.56 -57.12
874.72 -57.04
874.88 -57.37
875.04 -57.09
875.2 -57.13
875.36 -57.19
875.52 -57.34
875.68 -57.39
875.84 -57.39
876.0 -57.33
876.16 -57.22
876.32 -57.4
876.48 -57.51
876.64 -57.44
876.8 -57.51
876.96 -57.49
877.12 -57.46
877.28 -57.39
877.44 -57.31
877.6 -57.5
877.76 -57.44
877.92 -57.27
878.08 -57.44
878.24 -57.35
878.4 -57.37
878.56 -57.45
878.72 -57.29
878.88 -57.4
879.04 -57.17
879.2 -57.27
879.36 -57.22
879.52 -57.3
879.68 -57.25
879.84 -57.19
880.0 -57.06
880.16 -57.09
880.32 -57.11
880.48 -57.05
880.64 -57.11
880.8 -56.98
880.96 -57.18
881.12 -57.14
881.28 -57.14
881.44 -57.15
881.6 -57.05
881.76 -57.19
881.92 -56.84
882.08 -56.85
882.24 -57.02
882.4 -56.95
882.56 -57.02
882.72 -57.02
882.88 -57.01
883.04 -57.0
883.2 -57.14
883.36 -57.07
883.52 -56.96
883.68 -57.08
883.84 -56.97
884.0 -57.03
884.16 -56.99
884.32 -57.14
884.48 -57.07
884.64 -57.13
884.8 -57.2
884.96 -57.12
885.12 -57.32
885.28 -57.18
885.44 -57.13
885.6 -57.24
885.76 -57.25
885.92 -57.25
886.08 -57.12
886.24 -57.14
886.4 -57.22
886.56 -57.32
886.72 -57.22
886.88 -57.39
887.04 -57.14
887.2 -57.21
887.36 -57.09
887.52 -57.13
887.68 -57.4
887.84 -57.24
888.0 -57.36
888.16 -57.3
888.32 -57.26
888.48 -57.18
888.64 -57.3
888.8 -57.0
888.96 -57.07
889.12 -57.04
889.28 -57.01
889.44 -57.0
889.6 -57.03
889.76 -57.0
889.92 -56.99
890.08 -56.96
890.24 -57.07
890.4 -56.95
890.56 -56.98
890.72 -57.13
890.88 -56.95
891.04 -57.24
891.2 -57.03
891.36 -57.1
891.52 -56.9
891.68 -57.07
891.84 -57.05
892.0 -56.92
892.16 -56.87
892.32 -57.0
892.48 -57.07
892.64 -56.98
892.8 -57.04
892.96 -56.94
893.12 -56.88
893.28 -57.16
893.44 -56.94
893.6 -56.97
893.76 -56.98
893.92 -57.04
894.08 -56.98
894.24 -56.88
894.4 -56.85
894.56 -56.93
894.72 -57.02
894.88 -56.81
895.04 -56.92
895.2 -56.95
895.36 -56.86
895.52 -56.88
895.68 -57.13
895.84 -57.02
896.0 -57.08
896.16 -57.11
896.32 -57.19
896.48 -57.13
896.64 -56.94
896.8 -57.09
896.96 -57.19
897.12 -56.95
897.28 -57.14
897.44 -57.18
897.6 -57.09
897.76 -57.11
897.92 -57.07
898.08 -57.09
898.24 -57.16
898.4 -57.18
898.56 -57.3
898.72 -57.27
898.88 -57.16
899.04 -57.13
899.2 -57.12
899.36 -57.22
899.52 -57.17
899.68 -57.36
899.84 -57.18
900.0 -57.2
