740.0 -61.0
740.16 -61.23
740.32 -61.12
740.48 -61.29
740.64 -61.43
740.8 -61.32
740.96 -61.21
741.12 -61.47
741.28 -61.44
741.44 -61.36
741.6 -61.37
741.76 -61.12
741.92 -61.42
742.08 -61.36
742.24 -61.19
742.4 -61.14
742.56 -61.64
742.72 -61.24
742.88 -61.62
743.04 -61.27
743.2 -60.81
743.36 -60.98
743.52 -61.14
743.68 -60.92
743.84 -61.08
744.0 -61.04
744.16 -61.27
744.32 -61.32
744.48 -61.42
744.64 -60.91
744.8 -61.27
744.96 -61.14
745.12 -61.3
745.28 -61.09
745.44 -60.87
745.6 -61.41
745.76 -61.37
745.92 -61.18
746.08 -61.33
746.24 -61.55
746.4 -61.35
746.56 -61.06
746.72 -61.16
746.88 -61.38
747.04 -61.3
747.2 -61.44
747.36 -61.28
747.52 -61.48
747.68 -61.27
747.84 -61.27
748.0 -61.49
748.16 -61.41
748.32 -61.43
748.48 -61.57
748.64 -60.93
748.8 -61.16
748.96 -61.39
749.12 -61.52
749.28 -61.44
749.44 -61.26
749.6 -61.35
749.76 -61.25
749.92 -61.65
750.08 -61.23
750.24 -61.41
750.4 -61.16
750.56 -61.13
750.72 -60.98
750.88 -61.31
751.04 -61.2
751.2 -61.05
751.36 -61.03
751.52 -60.9
751.68 -61.18
751.84 -60.94
752.0 -61.54
752.16 -61.18
752.32 -61.47
752.48 -61.19
752.64 -61.62
752.8 -61.44
752.96 -61.35
753.12 -61.35
753.28 -61.19
753.44 -61.12
753.6 -61.09
753.76 -61.23
753.92 -61.08
754.08 -61.07
754.24 -61.04
754.4 -61.04
754.56 -60.89
754.72 -61.01
754.88 -61.08
755.04 -61.2
755.2 -61.01
755.36 -61.12
755.52 -61.35
755.68 -61.05
755.84 -60.86
756.0 -61.35
756.16 -61.01
756.32 -61.2
756.48 -61.59
756.64 -61.18
756.8 -61.16
756.96 -61.05
757.12 -61.0
757.28 -61.41
757.44 -60.97
757.6 -60.81
757.76 -60.99
757.92 -61.06
758.08 -61.24
758.24 -61.23
758.4 -61.36
758.56 -61.23
758.72 -61.03
758.88 -60.75
759.04 -60.83
759.2 -61.0
759.36 -61.13
759.52 -61.13
759.68 -61.21
759.84 -61.08
760.0 -61.32
760.16 -61.01
760.32 -61.21
760.48 -60.96
760.64 -61.32
760.8 -61.09
760.96 -60.62
761.12 -61.31
761.28 -61.09
761.44 -61.01
761.6 -61.09
761.76 -61.41
761.92 -61.02
762.08 -61.4
762.24 -61.42
762.4 -60.92
762.56 -61.27
762.72 -61.32
762.88 -61.45
763.04 -61.45
763.2 -61.07
763.36 -61.22
763.52 -61.05
763.68 -60.86
763.84 -61.3
764.0 -61.22
764.16 -61.63
764.32 -61.36
764.48 -61.0
764.64 -60.91
764.8 -61.51
764.96 -60.92
765.12 -61.13
765.28 -60.98
765.44 -60.76
765.6 -61.03
765.76 -60.9
765.92 -61.01
766.08 -60.94
766.24 -60.88
766.4 -61.13
766.56 -60.89
766.72 -61.14
766.88 -60.74
767.04 -61.22
767.2 -61.19
767.36 -61.45
767.52 -60.75
767.68 -60.86
767.84 -61.04
768.0 -60.88
768.16 -61.16
768.32 -60.99
768.48 -60.92
768.64 -61.0
768.8 -60.79
768.96 -60.52
769.12 -61.21
769.28 -60.72
769.44 -60.98
769.6 -61.41
769.76 -61.22
769.92 -60.57
770.08 -61.11
770.24 -61.05
770.4 -60.79
770.56 -61.2
770.72 -61.04
770.88 -60.7
771.04 -61.02
771.2 -61.11
771.36 -61.3
771.52 -61.09
771.68 -61.22
771.84 -60.99
772.0 -60.81
772.16 -60.97
772.32 -61.01
772.48 -61.12
772.64 -60.68
772.8 -60.97
772.96 -61.18
773.12 -61.12
773.28 -60.93
773.44 -60.98
773.6 -61.1
773.76 -61.25
773.92 -60.81
774.08 -61.05
774.24 -60.75
774.4 -61.18
774.56 -61.31
774.72 -60.92
774.88 -61.05
775.04 -60.67
775.2 -60.76
775.36 -61.05
775.52 -60.82
775.68 -60.69
775.84 -61.07
776.0 -60.99
776.16 -60.69
776.32 -60.73
776.48 -61.17
776.64 -60.96
776.8 -60.76
776.96 -61.31
777.12 -60.7
777.28 -61.05
777.44 -61.13
777.6 -61.29
777.76 -60.72
777.92 -61.44
778.08 -61.32
778.24 -61.0
778.4 -60.69
778.56 -60.96
778.72 -61.19
778.88 -60.96
779.04 -60.68
779.2 -60.93
779.36 -61.28
779.52 -61.06
779.68 -60.86
779.84 -61.06
780.0 -61.13
780.16 -61.04
780.32 -61.05
780.48 -60.46
780.64 -60.88
780.8 -61.23
780.96 -61.29
781.12 -61.0
781.28 -60.86
781.44 -60.77
781.6 -61.32
781.76 -61.3
781.92 -61.02
782.08 -61.28
782.24 -60.93
782.4 -60.94
782.56 -60.58
782.72 -60.85
782.88 -60.91
783.04 -61.27
783.2 -61.5
783.36 -60.7
783.52 -60.85
783.68 -61.04
783.84 -61.12
784.0 -60.49
784.16 -60.61
784.32 -61.04
784.48 -61.03
784.64 -60.85
784.8 -60.79
784.96 -60.53
785.12 -61.25
785.28 -60.95
785.44 -60.45
785.6 -60.79
785.76 -60.94
785.92 -60.75
786.08 -60.91
786.24 -60.82
786.4 -61.02
786.56 -61.14
786.72 -60.6
786.88 -60.99
787.04 -60.58
787.2 -60.57
787.36 -61.52
787.52 -61.05
787.68 -60.43
787.84 -60.83
788.0 -60.91
788.16 -60.81
788.32 -61.0
788.48 -60.9
788.64 -60.69
788.8 -61.0
788.96 -61.0
789.12 -60.69
789.28 -60.52
789.44 -60.69
789.6 -60.98
789.76 -60.88
789.92 -60.61
790.08 -60.87
790.24 -61.18
790.4 -61.0
790.56 -60.69
790.72 -60.31
790.88 -60.47
791.04 -61.07
791.2 -61.01
791.36 -60.63
791.52 -60.68
791.68 -60.95
791.84 -61.44
792.0 -60.72
792.16 -60.64
792.32 -60.96
792.48 -60.82
792.64 -60.85
792.8 -61.03
792.96 -60.73
793.12 -61.12
793.28 -61.33
793.44 -60.23
793.6 -60.92
793.76 -60.69
793.92 -61.09
794.08 -60.91
794.24 -60.89
794.4 -60.21
794.56 -60.49
794.72 -60.94
794.88 -61.08
795.04 -60.93
795.2 -60.88
795.36 -61.39
795.52 -61.22
795.68 -60.87
795.84 -60.61
796.0 -60.65
796.16 -61.01
796.32 -60.79
796.48 -60.35
796.64 -60.29
796.8 -61.05
796.96 -61.48
797.12 -61.02
797.28 -60.25
797.44 -60.46
797.6 -61.03
797.76 -60.92
797.92 -60.74
798.08 -60.55
798.24 -60.75
798.4 -61.03
798.56 -60.98
798.72 -60.81
798.88 -60.39
799.04 -60.88
799.2 -60.72
799.36 -60.99
799.52 -60.54
799.68 -60.44
799.84 -60.87
800.0 -61.01
800.16 -60.58
800.32 -60.38
800.48 -60.67
800.64 -61.0
800.8 -61.26
800.96 -60.4
801.12 -60.28
801.28 -60.65
801.44 -61.17
801.6 -61.15
801.76 -61.03
801.92 -60.7
802.08 -60.34
802.24 -60.9
802.4 -60.72
802.56 -60.29
802.72 -60.51
802.88 -60.93
803.04 -61.06
803.2 -60.84
803.36 -60.54
803.52 -60.17
803.68 -60.36
803.84 -60.74
804.0 -60.58
804.16 -60.43
804.32 -60.58
804.48 -60.36
804.64 -60.93
804.8 -60.7
804.96 -60.18
805.12 -60.09
805.28 -60.58
805.44 -61.11
805.6 -60.34
805.76 -60.0
805.92 -59.87
806.08 -59.85
806.24 -60.01
806.4 -59.04
806.56 -58.51
806.72 -57.62
806.88 -56.65
807.04 -55.73
807.2 -54.07
807.36 -52.69
807.52 -51.67
807.68 -50.61
807.84 -49.87
808.0 -49.58
808.16 -49.84
808.32 -50.28
808.48 -50.7
808.64 -50.53
808.8 -50.64
808.96 -51.46
809.12 -53.01
809.28 -56.06
809.44 -58.55
809.6 -59.23
809.76 -59.81
809.92 -60.05
810.08 -60.68
810.24 -60.19
810.4 -60.29
810.56 -60.24
810.72 -60.62
810.88 -61.0
811.04 -60.34
811.2 -60.1
811.36 -60.5
811.52 -60.88
811.68 -61.11
811.84 -60.69
812.0 -60.18
812.16 -60.11
812.32 -60.75
812.48 -60.72
812.64 -60.71
812.8 -60.14
812.96 -60.4
813.12 -60.51
813.28 -60.8
813.44 -60.7
813.6 -60.15
813.76 -60.08
813.92 -60.59
814.08 -61.11
814.24 -60.8
814.4 -60.55
814.56 -60.11
814.72 -60.71
814.88 -60.62
815.04 -60.55
815.2 -60.34
815.36 -60.69
815.52 -61.26
815.68 -60.88
815.84 -60.97
816.0 -60.17
816.16 -60.47
816.32 -60.71
816.48 -60.77
816.64 -60.65
816.8 -60.21
816.96 -60.94
817.12 -60.81
817.28 -60.66
817.44 -60.58
817.6 -60.33
817.76 -60.8
817.92 -60.38
818.08 -61.03
818.24 -60.77
818.4 -60.36
818.56 -60.43
818.72 -60.69
818.88 -60.77
819.04 -60.87
819.2 -60.28
819.36 -60.47
819.52 -60.4
819.68 -60.99
819.84 -60.66
820.0 -60.43
820.16 -60.22
820.32 -60.89
820.48 -61.09
820.64 -60.43
820.8 -60.34
820.96 -60.53
821.12 -60.92
821.28 -60.85
821.44 -60.84
821.6 -60.46
821.76 -60.5
821.92 -60.56
822.08 -60.82
822.24 -60.79
822.4 -60.08
822.56 -60.92
822.72 -60.86
822.88 -60.98
823.04 -60.37
823.2 -60.12
823.36 -60.5
823.52 -60.76
823.68 -61.06
823.84 -60.51
824.0 -60.23
824.16 -60.37
824.32 -60.7
824.48 -60.87
824.64 -60.52
824.8 -60.15
824.96 -60.23
825.12 -60.78
825.28 -60.55
825.44 -60.57
825.6 -60.4
825.76 -60.13
825.92 -60.88
826.08 -60.64
826.24 -60.31
826.4 -60.26
826.56 -60.34
826.72 -60.75
826.88 -61.04
827.04 -60.39
827.2 -60.32
827.36 -60.34
827.52 -60.64
827.68 -60.65
827.84 -60.96
828.0 -60.53
828.16 -60.17
828.32 -60.67
828.48 -60.73
828.64 -60.81
828.8 -60.48
828.96 -60.32
829.12 -60.36
829.28 -60.64
829.44 -60.58
829.6 -60.22
829.76 -60.31
829.92 -60.44
830.08 -60.55
830.24 -60.82
830.4 -60.68
830.56 -59.98
830.72 -60.26
830.88 -60.57
831.04 -60.8
831.2 -60.64
831.36 -60.15
831.52 -60.15
831.68 -60.42
831.84 -60.83
832.0 -60.59
832.16 -60.32
832.32 -60.04
832.48 -60.45
832.64 -60.93
832.8 -60.67
832.96 -60.24
833.12 -60.14
833.28 -60.48
833.44 -60.55
833.6 -60.36
833.76 -60.38
833.92 -59.98
834.08 -59.83
834.24 -60.37
834.4 -60.27
834.56 -60.42
834.72 -59.95
834.88 -59.99
835.04 -60.43
835.2 -60.25
835.36 -60.57
835.52 -60.0
835.68 -59.79
835.84 -60.31
836.0 -60.49
836.16 -60.61
836.32 -60.29
836.48 -59.62
836.64 -60.14
836.8 -60.36
836.96 -60.43
837.12 -60.0
837.28 -59.8
837.44 -60.11
837.6 -60.5
837.76 -60.38
837.92 -60.29
838.08 -60.21
838.24 -60.25
838.4 -60.36
838.56 -60.57
838.72 -60.21
838.88 -60.23
839.04 -60.1
839.2 -60.32
839.36 -60.54
839.52 -60.33
839.68 -60.08
839.84 -60.24
840.0 -60.55
840.16 -60.52
840.32 -60.62
840.48 -60.18
840.64 -60.14
840.8 -60.08
840.96 -60.62
841.12 -60.66
841.28 -60.29
841.44 -60.07
841.6 -60.21
841.76 -60.31
841.92 -60.64
842.08 -60.53
842.24 -59.96
842.4 -60.14
842.56 -60.58
842.72 -60.48
842.88 -60.35
843.04 -60.34
843.2 -59.95
843.36 -60.09
843.52 -60.33
843.68 -60.47
843.84 -60.36
844.0 -59.84
844.16 -60.35
844.32 -60.26
844.48 -60.51
844.64 -60.54
844.8 -60.56
844.96 -60.16
845.12 -60.53
845.28 -60.46
845.44 -60.57
845.6 -60.3
845.76 -60.26
845.92 -60.25
846.08 -60.63
846.24 -60.72
846.4 -60.34
846.56 -60.33
846.72 -60.07
846.88 -60.46
847.04 -60.72
847.2 -60.55
847.36 -60.38
847.52 -60.17
847.68 -60.21
847.84 -60.28
848.0 -60.46
848.16 -60.58
848.32 -60.18
848.48 -60.0
848.64 -60.13
848.8 -60.55
848.96 -60.39
849.12 -60.25
849.28 -59.75
849.44 -60.4
849.6 -60.42
849.76 -60.36
849.92 -60.26
850.08 -60.19
850.24 -59.9
850.4 -60.1
850.56 -60.55
850.72 -60.32
850.88 -59.92
851.04 -59.89
851.2 -60.1
851.36 -60.13
851.52 -60.39
851.68 -60.35
851.84 -59.88
852.0 -60.02
852.16 -59.95
852.32 -60.48
852.48 -60.09
852.64 -60.03
852.8 -60.03
852.96 -59.92
853.12 -60.26
853.28 -60.09
853.44 -60.15
853.6 -60.15
853.76 -60.06
853.92 -60.04
854.08 -60.46
854.24 -60.25
854.4 -60.1
854.56 -60.12
854.72 -60.2
854.88 -60.39
855.04 -60.23
855.2 -60.08
855.36 -59.88
855.52 -60.04
855.68 -60.19
855.84 -60.5
856.0 -60.42
856.16 -60.02
856.32 -59.91
856.48 -59.95
856.64 -60.08
856.8 -60.01
856.96 -60.13
857.12 -60.15
857.28 -59.99
857.44 -59.97
857.6 -60.23
857.76 -60.32
857.92 -60.24
858.08 -59.84
858.24 -60.19
858.4 -60.52
858.56 -60.38
858.72 -60.16
858.88 -59.96
859.04 -59.77
859.2 -60.03
859.36 -60.18
859.52 -60.27
859.68 -59.95
859.84 -59.88
860.0 -59.8
860.16 -60.03
860.32 -60.07
860.48 -60.01
860.64 -60.07
860.8 -59.95
860.96 -59.75
861.12 -59.58
861.28 -60.1
861.44 -60.04
861.6 -59.87
861.76 -59.68
861.92 -59.56
862.08 -59.9
862.24 -60.1
862.4 -59.78
862.56 -59.57
862.72 -59.65
862.88 -59.87
863.04 -60.04
863.2 -60.04
863.36 -60.01
863.52 -59.97
863.68 -59.85
863.84 -59.94
864.0 -60.0
864.16 -59.84
864.32 -59.87
864.48 -59.87
864.64 -59.58
864.8 -59.63
864.96 -60.04
865.12 -60.16
865.28 -60.21
865.44 -59.59
865.6 -59.85
865.76 -59.76
865.92 -59.93
866.08 -60.18
866.24 -59.85
866.4 -59.75
866.56 -59.77
866.72 -59.97
866.88 -59.97
867.04 -60.06
867.2 -60.01
867.36 -59.38
867.52 -59.46
867.68 -59.76
867.84 -59.98
868.0 -59.83
868.16 -59.56
868.32 -59.61
868.48 -59.64
868.64 -59.85
868.8 -60.0
868.96 -59.98
869.12 -59.94
869.28 -59.67
869.44 -59.55
869.6 -59.77
869.76 -59.81
869.92 -59.94
870.08 -59.78
870.24 -59.62
870.4 -59.51
870.56 -59.73
870.72 -60.14
870.88 -60.22
871.04 -59.59
871.2 -59.64
871.36 -59.52
871.52 -59.82
871.68 -59.95
871.84 -59.96
872.0 -59.89
872.16 -59.65
872.32 -59.67
872.48 -59.78
872.64 -59.79
872.8 -60.1
872.96 -59.94
873.12 -59.56
873.28 -59.53
873.44 -59.72
873.6 -59.8
873.76 -59.8
873.92 -59.74
874.08 -59.56
874.24 -59.31
874.4 -59.65
874.56 -59.92
874.72 -59.82
874.88 -59.79
875.04 -59.53
875.2 -59.53
875.36 -59.95
875.52 -59.69
875.68 -59.84
875.84 -59.97
876.0 -59.61
876.16 -59.62
876.32 -59.71
876.48 -60.07
876.64 -59.92
876.8 -59.71
876.96 -59.46
877.12 -59.6
877.28 -59.59
877.44 -60.07
877.6 -59.72
877.76 -59.61
877.92 -59.37
878.08 -59.6
878.24 -59.56
878.4 -59.58
878.56 -59.78
878.72 -59.57
878.88 -59.42
879.04 -59.47
879.2 -59.66
879.36 -59.51
879.52 -59.75
879.68 -59.39
879.84 -59.52
880.0 -59.33
880.16 -59.45
880.32 -59.58
880.48 -59.65
880.64 -59.46
880.8 -59.45
880.96 -59.32
881.12 -59.49
881.28 -59.65
881.44 -59.68
881.6 -59.48
881.76 -59.35
881.92 -59.34
882.08 -59.36
882.24 -59.52
882.4 -59.61
882.56 -59.82
882.72 -59.35
882.88 -59.24
883.04 -59.49
883.2 -59.49
883.36 -59.78
883.52 -59.46
883.68 -59.47
883.84 -59.1
884.0 -59.46
884.16 -59.18
884.32 -59.39
884.48 -59.56
884.64 -59.2
884.8 -59.21
884.96 -59.43
885.12 -59.21
885.28 -59.56
885.44 -59.34
885.6 -59.15
885.76 -59.07
885.92 -59.23
886.08 -59.01
886.24 -59.69
886.4 -59.38
886.56 -59.33
886.72 -59.36
886.88 -59.19
887.04 -59.23
887.2 -59.49
887.36 -59.62
887.52 -59.39
887.68 -59.0
887.84 -59.29
888.0 -59.14
888.16 -59.42
888.32 -59.22
888.48 -59.2
888.64 -59.12
888.8 -59.12
888.96 -59.13
889.12 -59.09
889.28 -59.14
889.44 -59.12
889.6 -59.08
889.76 -58.9
889.92 -59.0
890.08 -59.15
890.24 -59.32
890.4 -59.22
890.56 -59.23
890.72 -59.03
890.88 -59.24
891.04 -58.79
891.2 -59.01
891.36 -58.94
891.52 -59.18
891.68 -59.02
891.84 -59.06
892.0 -58.99
892.16 -59.0
892.32 -59.01
892.48 -59.06
892.64 -59.16
892.8 -59.14
892.96 -58.98
893.12 -59.15
893.28 -59.26
893.44 -59.39
893.6 -59.14
893.76 -59.15
893.92 -59.02
894.08 -58.99
894.24 -58.94
894.4 -58.99
894.56 -59.04
894.72 -59.31
894.88 -59.11
895.04 -59.1
895.2 -59.16
895.36 -59.04
895.52 -59.47
895.68 -59.11
895.84 -59.14
896.0 -59.09
896.16 -58.92
896.32 -59.11
896.48 -59.01
896.64 -59.11
896.8 -59.31
896.96 -59.33
897.12 -59.02
897.28 -59.02
897.44 -59.2
897.6 -59.1
897.76 -59.4
897.92 -58.9
898.08 -58.93
898.24 -58.79
898.4 -59.01
898.56 -59.03
898.72 -58.92
898.88 -59.28
899.04 -58.82
899.2 -58.86
899.36 -58.7
899.52 -58.85
899.68 -58.89
899.84 -58.93
900.0 -58.93
