740.0 -61.62
740.16 -61.75
740.32 -61.83
740.48 -61.35
740.64 -61.7
740.8 -61.34
740.96 -61.39
741.12 -61.79
741.28 -61.71
741.44 -61.9
741.6 -61.31
741.76 -61.48
741.92 -61.09
742.08 -61.73
742.24 -61.78
742.4 -61.82
742.56 -61.43
742.72 -61.62
742.88 -61.24
743.04 -61.44
743.2 -62.01
743.36 -61.3
743.52 -61.73
743.68 -61.66
743.84 -61.39
744.0 -61.43
744.16 -61.05
744.32 -61.56
744.48 -61.47
744.64 -61.52
744.8 -61.4
744.96 -61.35
745.12 -61.16
745.28 -61.38
745.44 -61.58
745.6 -61.42
745.76 -61.34
745.92 -61.48
746.08 -61.4
746.24 -61.45
746.4 -61.51
746.56 -61.68
746.72 -61.4
746.88 -61.73
747.04 -61.48
747.2 -61.32
747.36 -61.82
747.52 -61.57
747.68 -61.59
747.84 -61.52
748.0 -61.58
748.16 -61.69
748.32 -61.21
748.48 -61.81
748.64 -61.76
748.8 -61.47
748.96 -61.57
749.12 -61.37
749.28 -61.27
749.44 -61.73
749.6 -61.57
749.76 -62.04
749.92 -61.83
750.08 -61.14
750.24 -61.28
750.4 -62.06
750.56 -61.22
750.72 -61.78
750.88 -61.46
751.04 -61.68
751.2 -61.6
751.36 -61.34
751.52 -61.67
751.68 -61.4
751.84 -61.32
752.0 -61.5
752.16 -61.68
752.32 -61.35
752.48 -61.66
752.64 -61.38
752.8 -61.02
752.96 -61.48
753.12 -61.3
753.28 -61.55
753.44 -61.53
753.6 -61.27
753.76 -61.26
753.92 -61.89
754.08 -61.72
754.24 -61.43
754.4 -61.13
754.56 -61.46
754.72 -61.76
754.88 -61.58
755.04 -61.15
755.2 -61.56
755.36 -61.29
755.52 -61.23
755.68 -60.92
755.84 -61.49
756.0 -61.6
756.16 -60.91
756.32 -60.79
756.48 -61.15
756.64 -61.28
756.8 -61.1
756.96 -61.14
757.12 -60.9
757.28 -60.98
757.44 -60.69
757.6 -60.89
757.76 -60.99
757.92 -60.85
758.08 -61.05
758.24 -60.99
758.4 -61.25
758.56 -61.6
758.72 -61.02
758.88 -60.97
759.04 -61.33
759.2 -61.0
759.36 -60.96
759.52 -61.39
759.68 -61.51
759.84 -61.18
760.0 -60.78
760.16 -61.0
760.32 -61.39
760.48 -61.17
760.64 -61.2
760.8 -61.08
760.96 -61.37
761.12 -61.2
761.28 -61.47
761.44 -61.18
761.6 -61.39
761.76 -61.22
761.92 -60.85
762.08 -61.21
762.24 -60.93
762.4 -60.9
762.56 -61.23
762.72 -61.48
762.88 -61.1
763.04 -60.98
763.2 -61.16
763.36 -61.21
763.52 -61.27
763.68 -61.6
763.84 -61.51
764.0 -61.06
764.16 -61.08
764.32 -61.13
764.48 -61.25
764.64 -61.26
764.8 -60.82
764.96 -61.54
765.12 -61.08
765.28 -61.53
765.44 -61.23
765.6 -61.24
765.76 -61.33
765.92 -61.33
766.08 -61.26
766.24 -61.18
766.4 -61.18
766.56 -61.24
766.72 -61.27
766.88 -61.18
767.04 -61.18
767.2 -61.8
767.36 -61.43
767.52 -61.22
767.68 -61.36
767.84 -61.58
768.0 -61.07
768.16 -61.34
768.32 -60.95
768.48 -61.38
768.64 -61.09
768.8 -61.26
768.96 -61.15
769.12 -61.2
769.28 -61.33
769.44 -61.3
769.6 -61.3
769.76 -61.28
769.92 -61.28
770.08 -61.29
770.24 -61.3
770.4 -61.15
770.56 -61.11
770.72 -61.22
770.88 -61.3
771.04 -61.14
771.2 -61.18
771.36 -60.85
771.52 -61.25
771.68 -61.23
771.84 -60.91
772.0 -60.9
772.16 -60.88
772.32 -61.01
772.48 -60.54
772.64 -60.84
772.8 -60.83
772.96 -60.62
773.12 -60.98
773.28 -60.83
773.44 -60.75
773.6 -61.08
773.76 -60.58
773.92 -60.44
774.08 -60.73
774.24 -60.53
774.4 -60.58
774.56 -60.66
774.72 -60.39
774.88 -60.81
775.04 -60.56
775.2 -60.67
775.36 -60.5
775.52 -60.49
775.68 -60.51
775.84 -60.46
776.0 -60.63
776.16 -60.49
776.32 -60.46
776.48 -60.31
776.64 -60.44
776.8 -60.45
776.96 -60.26
777.12 -60.2
777.28 -60.25
777.44 -60.54
777.6 -60.15
777.76 -60.25
777.92 -60.44
778.08 -60.41
778.24 -60.36
778.4 -60.12
778.56 -60.32
778.72 -60.12
778.88 -60.22
779.04 -60.18
779.2 -59.97
779.36 -60.12
779.52 -60.19
779.68 -60.54
779.84 -60.37
780.0 -60.38
780.16 -60.11
780.32 -60.44
780.48 -60.4
780.64 -60.57
780.8 -60.28
780.96 -60.14
781.12 -60.5
781.28 -60.64
781.44 -60.66
781.6 -60.39
781.76 -60.54
781.92 -60.67
782.08 -60.45
782.24 -60.57
782.4 -60.61
782.56 -60.72
782.72 -60.57
782.88 -60.69
783.04 -60.66
783.2 -60.96
783.36 -60.64
783.52 -61.0
783.68 -61.27
783.84 -60.82
784.0 -61.02
784.16 -60.92
784.32 -60.98
784.48 -61.25
784.64 -61.43
784.8 -61.3
784.96 -61.1
785.12 -61.19
785.28 -61.33
785.44 -61.49
785.6 -61.59
785.76 -61.68
785.92 -61.17
786.08 -61.65
786.24 -61.91
786.4 -61.57
786.56 -61.43
786.72 -61.67
786.88 -61.92
787.04 -61.52
787.2 -61.54
787.36 -62.12
787.52 -62.04
787.68 -61.69
787.84 -61.72
788.0 -61.25
788.16 -61.36
788.32 -61.51
788.48 -61.38
788.64 -61.71
788.8 -61.42
788.96 -61.61
789.12 -61.82
789.28 -61.26
789.44 -61.5
789.6 -61.22
789.76 -61.18
789.92 -61.17
790.08 -61.46
790.24 -61.16
790.4 -61.03
790.56 -61.14
790.72 -61.04
790.88 -60.73
791.04 -61.03
791.2 -60.79
791.36 -60.55
791.52 -60.54
791.68 -60.33
791.84 -60.46
792.0 -60.34
792.16 -60.01
792.32 -59.9
792.48 -60.05
792.64 -60.32
792.8 -59.89
792.96 -59.85
793.12 -59.67
793.28 -59.69
793.44 -59.87
793.6 -59.96
793.76 -59.51
793.92 -59.85
794.08 -59.82
794.24 -59.8
794.4 -59.68
794.56 -59.9
794.72 -59.8
794.88 -59.58
795.04 -59.63
795.2 -59.54
795.36 -59.66
795.52 -59.5
795.68 -59.85
795.84 -59.8
796.0 -59.52
796.16 -59.74
796.32 -59.64
796.48 -59.77
796.64 -59.71
796.8 -59.63
796.96 -59.7
797.12 -59.71
797.28 -59.76
797.44 -59.66
797.6 -59.79
797.76 -59.59
797.92 -59.69
798.08 -59.85
798.24 -59.97
798.4 -60.06
798.56 -59.91
798.72 -59.68
798.88 -60.28
799.04 -60.27
799.2 -60.0
799.36 -60.01
799.52 -60.27
799.68 -60.09
799.84 -60.24
800.0 -60.38
800.16 -60.35
800.32 -60.42
800.48 -60.62
800.64 -60.34
800.8 -60.86
800.96 -60.48
801.12 -60.52
801.28 -60.8
801.44 -60.39
801.6 -60.7
801.76 -61.08
801.92 -60.73
802.08 -60.99
802.24 -60.87
802.4 -60.86
802.56 -60.95
802.72 -60.88
802.88 -60.94
803.04 -61.09
803.2 -61.29
803.36 -61.13
803.52 -61.25
803.68 -61.3
803.84 -61.11
804.0 -60.81
804.16 -60.94
804.32 -60.78
804.48 -61.14
804.64 -60.72
804.8 -61.09
804.96 -60.69
805.12 -60.83
805.28 -60.96
805.44 -60.32
805.6 -60.32
805.76 -60.34
805.92 -60.22
806.08 -60.11
806.24 -59.78
806.4 -59.13
806.56 -58.6
806.72 -57.69
806.88 -56.46
807.04 -55.51
807.2 -54.2
807.36 -52.98
807.52 -51.71
807.68 -50.58
807.84 -49.93
808.0 -49.69
808.16 -50.04
808.32 -50.52
808.48 -50.65
808.64 -50.75
808.8 -50.94
808.96 -51.8
809.12 -53.46
809.28 -55.91
809.44 -58.1
809.6 -59.13
809.76 -59.31
809.92 -59.55
810.08 -59.6
810.24 -59.53
810.4 -59.71
810.56 -59.51
810.72 -60.05
810.88 -59.64
811.04 -59.63
811.2 -59.59
811.36 -59.68
811.52 -59.75
811.68 -59.79
811.84 -59.75
812.0 -59.96
812.16 -59.7
812.32 -59.69
812.48 -59.51
812.64 -59.51
812.8 -59.58
812.96 -59.63
813.12 -59.68
813.28 -59.61
813.44 -59.65
813.6 -59.79
813.76 -59.63
813.92 -59.79
814.08 -59.9
814.24 -59.5
814.4 -59.6
814.56 -59.42
814.72 -59.31
814.88 -59.41
815.04 -59.62
815.2 -59.47
815.36 -59.67
815.52 -59.59
815.68 -59.2
815.84 -59.37
816.0 -59.3
816.16 -59.23
816.32 -59.38
816.48 -59.4
816.64 -59.5
816.8 -59.17
816.96 -59.3
817.12 -59.43
817.28 -59.62
817.44 -59.51
817.6 -59.24
817.76 -59.49
817.92 -59.21
818.08 -59.47
818.24 -59.68
818.4 -59.29
818.56 -59.46
818.72 -59.44
818.88 -59.4
819.04 -59.69
819.2 -59.81
819.36 -59.45
819.52 -59.79
819.68 -59.69
819.84 -59.88
820.0 -59.65
820.16 -59.77
820.32 -60.18
820.48 -59.91
820.64 -59.94
820.8 -60.28
820.96 -59.9
821.12 -60.12
821.28 -60.32
821.44 -60.28
821.6 -60.18
821.76 -60.48
821.92 -60.45
822.08 -60.28
822.24 -60.37
822.4 -60.44
822.56 -60.23
822.72 -60.54
822.88 -60.43
823.04 -60.36
823.2 -60.25
823.36 -60.21
823.52 -60.27
823.68 -60.15
823.84 -60.32
824.0 -60.45
824.16 -60.28
824.32 -60.15
824.48 -60.57
824.64 -60.51
824.8 -60.39
824.96 -60.39
825.12 -60.4
825.28 -60.26
825.44 -60.55
825.6 -59.86
825.76 -60.41
825.92 -60.14
826.08 -60.25
826.24 -60.26
826.4 -60.26
826.56 -60.28
826.72 -60.05
826.88 -60.32
827.04 -60.43
827.2 -60.03
827.36 -60.17
827.52 -59.92
827.68 -59.92
827.84 -60.31
828.0 -59.95
828.16 -60.02
828.32 -59.95
828.48 -59.99
828.64 -59.82
828.8 -59.77
828.96 -60.01
829.12 -59.6
829.28 -60.02
829.44 -59.74
829.6 -59.64
829.76 -59.46
829.92 -59.53
830.08 -59.36
830.24 -59.5
830.4 -59.57
830.56 -59.81
830.72 -59.63
830.88 -59.36
831.04 -59.43
831.2 -59.43
831.36 -59.38
831.52 -59.33
831.68 -59.4
831.84 -59.22
832.0 -59.43
832.16 -59.42
832.32 -59.58
832.48 -59.19
832.64 -59.16
832.8 -59.28
832.96 -58.99
833.12 -59.24
833.28 -59.11
833.44 -58.92
833.6 -59.16
833.76 -58.85
833.92 -59.4
834.08 -59.03
834.24 -58.93
834.4 -58.86
834.56 -58.77
834.72 -58.76
834.88 -58.84
835.04 -58.86
835.2 -58.78
835.36 -58.68
835.52 -58.88
835.68 -58.63
835.84 -58.76
836.0 -58.79
836.16 -58.77
836.32 -59.0
836.48 -58.81
836.64 -59.01
836.8 -58.68
836.96 -59.12
837.12 -58.93
837.28 -58.77
837.44 -59.14
837.6 -59.21
837.76 -58.82
837.92 -58.8
838.08 -58.98
838.24 -58.9
838.4 -59.0
838.56 -58.92
838.72 -58.82
838.88 -58.94
839.04 -58.81
839.2 -58.79
839.36 -59.02
839.52 -58.6
839.68 -58.99
839.84 -59.01
840.0 -58.86
840.16 -59.01
840.32 -58.94
840.48 -58.94
840.64 -58.98
840.8 -58.86
840.96 -58.92
841.12 -58.84
841.28 -59.07
841.44 -58.89
841.6 -59.1
841.76 -59.01
841.92 -58.78
842.08 -59.05
842.24 -58.93
842.4 -58.78
842.56 -58.82
842.72 -58.85
842.88 -58.91
843.04 -58.97
843.2 -59.04
843.36 -58.95
843.52 -58.82
843.68 -58.82
843.84 -58.77
844.0 -58.91
844.16 -58.73
844.32 -58.83
844.48 -58.84
844.64 -59.05
844.8 -58.79
844.96 -58.85
845.12 -58.99
845.28 -58.95
845.44 -59.02
845.6 -58.96
845.76 -58.88
845.92 -58.88
846.08 -58.66
846.24 -58.92
846.4 -58.75
846.56 -58.71
846.72 -58.79
846.88 -58.88
847.04 -58.85
847.2 -58.82
847.36 -58.86
847.52 -58.93
847.68 -59.1
847.84 -58.83
848.0 -58.93
848.16 -58.94
848.32 -58.95
848.48 -58.9
848.64 -58.93
848.8 -58.78
848.96 -59.07
849.12 -58.95
849.28 -59.0
849.44 -58.82
849.6 -58.91
849.76 -58.89
849.92 -58.94
850.08 -58.79
850.24 -58.76
850.4 -58.9
850.56 -58.88
850.72 -59.09
850.88 -58.87
851.04 -58.89
851.2 -59.01
851.36 -58.68
851.52 -58.98
851.68 -58.73
851.84 -58.79
852.0 -58.77
852.16 -59.06
852.32 -58.68
852.48 -58.87
852.64 -58.77
852.8 -58.92
852.96 -58.72
853.12 -58.97
853.28 -58.76
853.44 -58.96
853.6 -58.8
853.76 -58.87
853.92 -58.76
854.08 -58.65
854.24 -58.77
854.4 -58.72
854.56 -58.84
854.72 -59.01
854.88 -58.84
855.04 -58.63
855.2 -58.78
855.36 -58.96
855.52 -58.89
855.68 -58.9
855.84 -58.92
856.0 -58.69
856.16 -58.57
856.32 -58.71
856.48 -58.78
856.64 -58.77
856.8 -58.85
856.96 -58.9
857.12 -58.83
857.28 -58.84
857.44 -58.87
857.6 -58.87
857.76 -59.09
857.92 -58.84
858.08 -58.77
858.24 -58.84
858.4 -58.87
858.56 -59.03
858.72 -58.85
858.88 -58.97
859.04 -58.85
859.2 -58.8
859.36 -58.92
859.52 -58.94
859.68 -58.82
859.84 -59.02
860.0 -58.92
860.16 -58.64
860.32 -58.86
860.48 -58.64
860.64 -58.75
860.8 -58.65
860.96 -58.72
861.12 -58.72
861.28 -58.57
861.44 -58.74
861.6 -58.68
861.76 -58.66
861.92 -58.72
862.08 -58.71
862.24 -58.73
862.4 -58.6
862.56 -58.51
862.72 -58.71
862.88 -58.73
863.04 -58.62
863.2 -58.87
863.36 -58.54
863.52 -58.57
863.68 -58.6
863.84 -58.78
864.0 -58.75
864.16 -58.57
864.32 -58.64
864.48 -58.52
864.64 -58.54
864.8 -58.51
864.96 -58.47
865.12 -58.46
865.28 -58.59
865.44 -58.69
865.6 -58.55
865.76 -58.65
865.92 -58.38
866.08 -58.43
866.24 -58.48
866.4 -58.46
866.56 -58.48
866.72 -58.51
866.88 -58.56
867.04 -58.54
867.2 -58.46
867.36 -58.32
867.52 -58.35
867.68 -58.22
867.84 -58.26
868.0 -58.24
868.16 -58.47
868.32 -58.19
868.48 -58.45
868.64 -58.35
868.8 -58.33
868.96 -58.35
869.12 -58.22
869.28 -58.27
869.44 -58.35
869.6 -58.25
869.76 -58.4
869.92 -58.14
870.08 -58.1
870.24 -58.18
870.4 -58.31
870.56 -58.24
870.72 -58.15
870.88 -58.28
871.04 -58.13
871.2 -58.22
871.36 -58.28
871.52 -58.3
871.68 -58.07
871.84 -58.16
872.0 -58.24
872.16 -58.4
872.32 -58.29
872.48 -58.21
872.64 -58.23
872.8 -58.02
872.96 -58.33
873.12 -58.25
873.28 -58.26
873.44 -58.32
873.6 -58.34
873.76 -58.35
873.92 -58.31
874.08 -58.23
874.24 -58.46
874.4 -58.45
874.56 -58.41
874.72 -58.4
874.88 -58.34
875.04 -58.35
875.2 -58.3
875.36 -58.46
875.52 -58.44
875.68 -58.2
875.84 -58.42
876.0 -58.33
876.16 -58.63
876.32 -58.52
876.48 -58.36
876.64 -58.47
876.8 -58.34
876.96 -58.4
877.12 -58.32
877.28 -58.41
877.44 -58.34
877.6 -58.39
877.76 -58.24
877.92 -58.32
878.08 -58.31
878.24 -58.55
878.4 -58.38
878.56 -58.28
878.72 -58.44
878.88 -58.45
879.04 -58.41
879.2 -58.32
879.36 -58.33
879.52 -58.44
879.68 -58.4
879.84 -58.39
880.0 -58.35
880.16 -58.43
880.32 -58.35
880.48 -58.3
880.64 -58.28
880.8 -58.46
880.96 -58.56
881.12 -58.35
881.28 -58.61
881.44 -58.48
881.6 -58.46
881.76 -58.36
881.92 -58.55
882.08 -58.56
882.24 -58.37
882.4 -58.66
882.56 -58.44
882.72 -58.53
882.88 -58.61
883.04 -58.53
883.2 -58.73
883.36 -58.49
883.52 -58.36
883.68 -58.54
883.84 -58.45
884.0 -58.52
884.16 -58.55
884.32 -58.47
884.48 -58.69
884.64 -58.69
884.8 -58.52
884.96 -58.55
885.12 -58.41
885.28 -58.45
885.44 -58.46
885.6 -58.49
885.76 -58.34
885.92 -58.46
886.08 -58.16
886.24 -58.49
886.4 -58.24
886.56 -58.38
886.72 -58.47
886.88 -58.36
887.04 -58.16
887.2 -58.3
887.36 -58.09
887.52 -58.01
887.68 -58.12
887.84 -58.09
888.0 -57.96
888.16 -58.09
888.32 -57.75
888.48 -57.83
888.64 -57.97
888.8 -57.96
888.96 -58.11
889.12 -57.9
889.28 -58.0
889.44 -57.9
889.6 -58.0
889.76 -58.02
889.92 -58.14
890.08 -57.99
890.24 -58.01
890.4 -57.96
890.56 -57.91
890.72 -57.99
890.88 -57.92
891.04 -58.04
891.2 -57.88
891.36 -57.92
891.52 -57.93
891.68 -57.73
891.84 -58.05
892.0 -57.92
892.16 -58.07
892.32 -58.04
892.48 -58.13
892.64 -58.03
892.8 -58.01
892.96 -58.12
893.12 -57.95
893.28 -58.04
893.44 -57.9
893.6 -58.0
893.76 -58.06
893.92 -58.08
894.08 -58.15
894.24 -58.04
894.4 -57.99
894.56 -58.08
894.72 -57.83
894.88 -58.0
895.04 -58.04
895.2 -57.78
895.36 -57.91
895.52 -57.87
895.68 -58.0
895.84 -58.05
896.0 -58.01
896.16 -58.03
896.32 -58.03
896.48 -58.22
896.64 -58.02
896.8 -58.03
896.96 -58.02
897.12 -58.13
897.28 -58.26
897.44 -58.07
897.6 -57.95
897.76 -58.07
897.92 -58.22
898.08 -57.93
898.24 -58.1
898.4 -58.25
898.56 -58.07
898.72 -58.05
898.88 -58.08
899.04 -58.01
899.2 -58.05
899.36 -58.0
899.52 -57.95
899.68 -58.16
899.84 -58.12
900.0 -58.18
