740.0 -61.12
740.16 -60.91
740.32 -60.66
740.48 -60.63
740.64 -60.83
740.8 -60.91
740.96 -60.91
741.12 -60.72
741.28 -60.76
741.44 -61.11
741.6 -60.77
741.76 -60.89
741.92 -60.84
742.08 -60.74
742.24 -60.65
742.4 -60.91
742.56 -60.38
742.72 -61.04
742.88 -60.76
743.04 -61.13
743.2 -60.92
743.36 -60.8
743.52 -61.17
743.68 -60.97
743.84 -60.95
744.0 -60.85
744.16 -60.63
744.32 -60.77
744.48 -60.64
744.64 -60.59
744.8 -61.05
744.96 -60.59
745.12 -61.17
745.28 -60.66
745.44 -60.72
745.6 -60.82
745.76 -60.72
745.92 -60.57
746.08 -60.53
746.24 -60.79
746.4 -60.7
746.56 -61.1
746.72 -60.77
746.88 -60.84
747.04 -60.84
747.2 -61.08
747.36 -60.64
747.52 -60.74
747.68 -60.72
747.84 -60.8
748.0 -60.85
748.16 -60.75
748.32 -60.92
748.48 -60.74
748.64 -60.8
748.8 -60.87
748.96 -60.5
749.12 -61.01
749.28 -61.17
749.44 -60.51
749.6 -60.8
749.76 -60.53
749.92 -60.9
750.08 -60.76
750.24 -60.6
750.4 -60.68
750.56 -60.95
750.72 -61.19
750.88 -60.82
751.04 -60.84
751.2 -60.79
751.36 -60.83
751.52 -60.6
751.68 -61.06
751.84 -60.25
752.0 -60.8
752.16 -60.65
752.32 -60.51
752.48 -60.82
752.64 -60.84
752.8 -60.89
752.96 -61.18
753.12 -60.89
753.28 -60.83
753.44 -60.86
753.6 -60.55
753.76 -60.43
753.92 -60.34
754.08 -60.46
754.24 -60.77
754.4 -60.6
754.56 -60.5
754.72 -60.84
754.88 -60.57
755.04 -60.97
755.2 -60.66
755.36 -60.51
755.52 -60.59
755.68 -60.49
755.84 -60.52
756.0 -60.13
756.16 -60.49
756.32 -60.49
756.48 -60.74
756.64 -60.76
756.8 -60.47
756.96 -60.72
757.12 -60.41
757.28 -60.87
757.44 -60.74
757.6 -60.27
757.76 -60.29
757.92 -60.41
758.08 -60.35
758.24 -60.36
758.4 -60.79
758.56 -60.83
758.72 -60.53
758.88 -60.49
759.04 -60.84
759.2 -60.53
759.36 -60.39
759.52 -60.56
759.68 -60.27
759.84 -60.47
760.0 -60.04
760.16 -60.68
760.32 -61.04
760.48 -60.5
760.64 -61.01
760.8 -61.11
760.96 -60.77
761.12 -60.54
761.28 -60.85
761.44 -60.48
761.6 -60.43
761.76 -60.45
761.92 -60.34
762.08 -60.15
762.24 -60.3
762.4 -60.34
762.56 -60.6
762.72 -61.03
762.88 -60.49
763.04 -60.58
763.2 -60.92
763.36 -60.37
763.52 -60.53
763.68 -60.56
763.84 -60.12
764.0 -60.38
764.16 -60.37
764.32 -60.41
764.48 -60.38
764.64 -60.59
764.8 -60.38
764.96 -60.55
765.12 -60.55
765.28 -60.13
765.44 -60.4
765.6 -60.27
765.76 -60.27
765.92 -59.85
766.08 -60.32
766.24 -60.26
766.4 -60.3
766.56 -60.47
766.72 -60.54
766.88 -60.51
767.04 -60.63
767.2 -60.6
767.36 -60.59
767.52 -60.47
767.68 -60.59
767.84 -60.46
768.0 -60.17
768.16 -60.44
768.32 -60.35
768.48 -60.28
768.64 -60.1
768.8 -60.31
768.96 -59.84
769.12 -60.16
769.28 -60.65
769.44 -60.72
769.6 -60.63
769.76 -60.28
769.92 -60.61
770.08 -60.1
770.24 -60.21
770.4 -60.25
770.56 -59.88
770.72 -59.8
770.88 -60.07
771.04 -60.11
771.2 -60.08
771.36 -60.2
771.52 -60.51
771.68 -61.03
771.84 -60.55
772.0 -60.65
772.16 -60.66
772.32 -60.01
772.48 -60.25
772.64 -59.9
772.8 -59.78
772.96 -59.78
773.12 -59.91
773.28 -60.16
773.44 -60.02
773.6 -60.25
773.76 -60.38
773.92 -60.73
774.08 -60.51
774.24 -60.4
774.4 -60.42
774.56 -60.43
774.72 -60.43
774.88 -60.09
775.04 -59.68
775.2 -59.89
775.36 -59.7
775.52 -59.7
775.68 -59.78
775.84 -60.26
776.0 -60.0
776.16 -60.57
776.32 -60.94
776.48 -60.56
776.64 -60.3
776.8 -60.42
776.96 -60.15
777.12 -60.24
777.28 -60.01
777.44 -59.6
777.6 -59.48
777.76 -59.72
777.92 -60.02
778.08 -60.32
778.24 -60.79
778.4 -60.53
778.56 -60.68
778.72 -60.43
778.88 -60.65
779.04 -60.33
779.2 -60.16
779.36 -60.19
779.52 -59.83
779.68 -59.76
779.84 -59.76
780.0 -59.93
780.16 -59.9
780.32 -60.17
780.48 -60.29
780.64 -60.26
780.8 -60.7
780.96 -60.53
781.12 -60.57
781.28 -60.35
781.44 -60.01
781.6 -60.02
781.76 -59.76
781.92 -59.6
782.08 -59.69
782.24 -59.77
782.4 -60.05
782.56 -59.95
782.72 -60.31
782.88 -60.57
783.04 -60.91
783.2 -60.48
783.36 -60.29
783.52 -60.08
783.68 -59.93
783.84 -59.52
784.0 -59.39
784.16 -59.34
784.32 -59.54
784.48 -59.76
784.64 -60.01
784.8 -60.08
784.96 -60.33
785.12 -60.56
785.28 -60.72
785.44 -60.23
785.6 -60.11
785.76 -60.0
785.92 -59.76
786.08 -59.32
786.24 -59.43
786.4 -59.52
786.56 -59.39
786.72 -59.75
786.88 -60.12
787.04 -60.07
787.2 -60.44
787.36 -60.74
787.52 -60.94
787.68 -60.5
787.84 -60.05
788.0 -59.55
788.16 -59.54
788.32 -59.37
788.48 -59.35
788.64 -59.12
788.8 -59.56
788.96 -59.56
789.12 -59.9
789.28 -60.34
789.44 -60.26
789.6 -60.56
789.76 -60.57
789.92 -60.71
790.08 -60.33
790.24 -59.98
790.4 -59.91
790.56 -59.5
790.72 -59.01
790.88 -59.36
791.04 -59.23
791.2 -59.4
791.36 -59.53
791.52 -59.92
791.68 -60.64
791.84 -60.66
792.0 -60.36
792.16 -60.37
792.32 -59.7
792.48 -59.81
792.64 -59.54
792.8 -59.13
792.96 -59.13
793.12 -59.13
793.28 -59.27
793.44 -59.37
793.6 -59.31
793.76 -60.07
793.92 -60.35
794.08 -60.58
794.24 -60.78
794.4 -60.41
794.56 -60.11
794.72 -59.75
794.88 -59.3
795.04 -59.41
795.2 -59.03
795.36 -59.17
795.52 -59.07
795.68 -59.57
795.84 -59.53
796.0 -59.93
796.16 -59.99
796.32 -60.67
796.48 -60.34
796.64 -60.25
796.8 -60.32
796.96 -59.5
797.12 -59.43
797.28 -59.19
797.44 -59.02
797.6 -58.97
797.76 -58.99
797.92 -59.35
798.08 -59.57
798.24 -59.85
798.4 -60.09
798.56 -60.39
798.72 -60.13
798.88 -60.15
799.04 -59.8
799.2 -59.81
799.36 -59.14
799.52 -59.07
799.68 -59.22
799.84 -59.04
800.0 -59.08
800.16 -59.15
800.32 -59.49
800.48 -59.76
800.64 -60.15
800.8 -60.01
800.96 -60.26
801.12 -60.15
801.28 -59.97
801.44 -59.55
801.6 -59.2
801.76 -59.02
801.92 -59.0
802.08 -58.74
802.24 -58.65
802.4 -58.98
802.56 -59.24
802.72 -59.48
802.88 -59.95
803.04 -59.91
803.2 -59.95
803.36 -60.41
803.52 -60.03
803.68 -59.41
803.84 -59.01
804.0 -59.17
804.16 -58.84
804.32 -58.85
804.48 -58.74
804.64 -58.83
804.8 -59.03
804.96 -59.2
805.12 -59.42
805.28 -59.6
805.44 -60.1
805.6 -59.65
805.76 -59.52
805.92 -58.91
806.08 -58.5
806.24 -58.25
806.4 -57.22
806.56 -56.63
806.72 -55.99
806.88 -55.03
807.04 -54.28
807.2 -53.4
807.36 -52.29
807.52 -51.07
807.68 -50.02
807.84 -49.19
808.0 -48.81
808.16 -48.95
808.32 -49.01
808.48 -49.15
808.64 -49.02
808.8 -49.21
808.96 -50.16
809.12 -51.86
809.28 -54.63
809.44 -57.12
809.6 -58.4
809.76 -58.86
809.92 -59.6
810.08 -59.64
810.24 -59.65
810.4 -59.48
810.56 -59.19
810.72 -59.3
810.88 -59.03
811.04 -58.61
811.2 -58.6
811.36 -58.8
811.52 -58.91
811.68 -59.35
811.84 -59.39
812.0 -59.54
812.16 -59.76
812.32 -60.15
812.48 -59.58
812.64 -59.7
812.8 -59.31
812.96 -59.4
813.12 -58.83
813.28 -58.83
813.44 -58.94
813.6 -58.83
813.76 -58.9
813.92 -59.18
814.08 -59.32
814.24 -59.48
814.4 -59.72
814.56 -59.79
814.72 -59.59
814.88 -59.65
815.04 -59.36
815.2 -59.07
815.36 -59.21
815.52 -58.98
815.68 -58.78
815.84 -58.95
816.0 -58.67
816.16 -59.04
816.32 -59.3
816.48 -59.14
816.64 -59.24
816.8 -59.38
816.96 -59.66
817.12 -59.89
817.28 -59.66
817.44 -59.27
817.6 -59.24
817.76 -58.96
817.92 -58.85
818.08 -58.64
818.24 -58.8
818.4 -58.75
818.56 -58.79
818.72 -58.95
818.88 -59.28
819.04 -59.62
819.2 -59.45
819.36 -59.63
819.52 -59.6
819.68 -59.3
819.84 -59.37
820.0 -59.02
820.16 -58.76
820.32 -58.65
820.48 -58.53
820.64 -58.59
820.8 -58.71
820.96 -59.02
821.12 -59.32
821.28 -58.98
821.44 -59.61
821.6 -59.49
821.76 -59.59
821.92 -59.5
822.08 -59.73
822.24 -59.31
822.4 -59.11
822.56 -58.89
822.72 -58.67
822.88 -58.66
823.04 -58.7
823.2 -58.67
823.36 -59.05
823.52 -59.28
823.68 -59.2
823.84 -59.51
824.0 -59.58
824.16 -59.77
824.32 -59.47
824.48 -59.35
824.64 -59.21
824.8 -59.01
824.96 -58.54
825.12 -58.83
825.28 -58.61
825.44 -58.57
825.6 -58.62
825.76 -59.0
825.92 -59.22
826.08 -59.2
826.24 -59.28
826.4 -59.58
826.56 -59.52
826.72 -59.26
826.88 -59.11
827.04 -59.18
827.2 -59.02
827.36 -58.83
827.52 -58.46
827.68 -58.61
827.84 -58.47
828.0 -58.45
828.16 -58.83
828.32 -58.84
828.48 -59.18
828.64 -59.05
828.8 -59.26
828.96 -59.32
829.12 -59.38
829.28 -59.25
829.44 -59.22
829.6 -58.98
829.76 -58.74
829.92 -58.32
830.08 -58.47
830.24 -58.51
830.4 -58.7
830.56 -58.35
830.72 -58.78
830.88 -59.02
831.04 -59.17
831.2 -59.18
831.36 -59.32
831.52 -59.14
831.68 -58.88
831.84 -58.88
832.0 -58.73
832.16 -58.49
832.32 -58.41
832.48 -58.44
832.64 -58.32
832.8 -58.35
832.96 -58.28
833.12 -58.53
833.28 -58.77
833.44 -58.92
833.6 -59.16
833.76 -59.07
833.92 -58.73
834.08 -58.92
834.24 -58.81
834.4 -58.42
834.56 -58.55
834.72 -58.37
834.88 -58.22
835.04 -58.13
835.2 -58.11
835.36 -58.15
835.52 -58.19
835.68 -58.25
835.84 -58.6
836.0 -58.77
836.16 -58.89
836.32 -59.1
836.48 -58.91
836.64 -58.84
836.8 -58.6
836.96 -58.47
837.12 -58.46
837.28 -58.3
837.44 -58.18
837.6 -58.12
837.76 -58.29
837.92 -58.34
838.08 -58.55
838.24 -58.86
838.4 -58.93
838.56 -59.02
838.72 -58.86
838.88 -58.9
839.04 -58.81
839.2 -58.82
839.36 -58.78
839.52 -58.52
839.68 -58.24
839.84 -58.31
840.0 -58.2
840.16 -58.48
840.32 -58.61
840.48 -58.59
840.64 -58.7
840.8 -58.9
840.96 -58.94
841.12 -58.89
841.28 -58.93
841.44 -58.94
841.6 -58.59
841.76 -58.61
841.92 -58.54
842.08 -58.53
842.24 -58.16
842.4 -58.2
842.56 -58.4
842.72 -58.28
842.88 -58.44
843.04 -58.69
843.2 -58.88
843.36 -59.0
843.52 -58.96
843.68 -58.83
843.84 -58.81
844.0 -58.58
844.16 -58.5
844.32 -58.28
844.48 -58.22
844.64 -58.24
844.8 -58.28
844.96 -58.41
845.12 -58.35
845.28 -58.47
845.44 -58.49
845.6 -58.58
845.76 -58.71
845.92 -58.8
846.08 -58.73
846.24 -58.93
846.4 -58.71
846.56 -58.61
846.72 -58.5
846.88 -58.23
847.04 -58.06
847.2 -58.3
847.36 -58.33
847.52 -58.43
847.68 -58.45
847.84 -58.52
848.0 -58.63
848.16 -58.59
848.32 -58.75
848.48 -58.68
848.64 -58.53
848.8 -58.54
848.96 -58.48
849.12 -58.18
849.28 -58.31
849.44 -58.16
849.6 -58.12
849.76 -58.06
849.92 -58.3
850.08 -58.31
850.24 -58.36
850.4 -58.4
850.56 -58.69
850.72 -58.71
850.88 -58.64
851.04 -58.54
851.2 -58.34
851.36 -58.22
851.52 -58.11
851.68 -58.22
851.84 -58.14
852.0 -58.04
852.16 -58.03
852.32 -58.12
852.48 -58.1
852.64 -58.38
852.8 -58.56
852.96 -58.51
853.12 -58.66
853.28 -58.54
853.44 -58.57
853.6 -58.38
853.76 -58.19
853.92 -58.08
854.08 -58.05
854.24 -57.98
854.4 -57.96
854.56 -58.2
854.72 -58.15
854.88 -58.25
855.04 -58.42
855.2 -58.36
855.36 -58.53
855.52 -58.6
855.68 -58.4
855.84 -58.37
856.0 -58.26
856.16 -58.13
856.32 -57.89
856.48 -57.93
856.64 -57.99
856.8 -57.87
856.96 -58.09
857.12 -58.07
857.28 -58.16
857.44 -58.27
857.6 -58.42
857.76 -58.37
857.92 -58.35
858.08 -58.23
858.24 -58.3
858.4 -58.07
858.56 -57.93
858.72 -57.93
858.88 -58.01
859.04 -58.0
859.2 -57.97
859.36 -58.07
859.52 -58.05
859.68 -58.35
859.84 -58.26
860.0 -58.29
860.16 -58.45
860.32 -58.26
860.48 -58.03
860.64 -58.17
860.8 -58.12
860.96 -57.94
861.12 -57.78
861.28 -57.87
861.44 -57.89
861.6 -58.01
861.76 -57.97
861.92 -58.11
862.08 -58.07
862.24 -58.17
862.4 -58.27
862.56 -58.35
862.72 -58.16
862.88 -58.19
863.04 -58.07
863.2 -58.15
863.36 -57.96
863.52 -57.95
863.68 -57.94
863.84 -57.94
864.0 -57.89
864.16 -57.97
864.32 -57.84
864.48 -58.07
864.64 -58.15
864.8 -58.3
864.96 -58.4
865.12 -58.23
865.28 -58.2
865.44 -58.22
865.6 -58.07
865.76 -57.89
865.92 -58.01
866.08 -57.97
866.24 -57.88
866.4 -57.98
866.56 -58.06
866.72 -58.04
866.88 -58.16
867.04 -58.29
867.2 -58.0
867.36 -58.03
867.52 -58.06
867.68 -58.0
867.84 -58.0
868.0 -57.8
868.16 -57.77
868.32 -57.8
868.48 -57.63
868.64 -57.9
868.8 -57.63
868.96 -57.91
869.12 -57.95
869.28 -58.24
869.44 -58.05
869.6 -58.2
869.76 -58.25
869.92 -57.92
870.08 -57.97
870.24 -57.85
870.4 -57.87
870.56 -57.64
870.72 -57.63
870.88 -57.65
871.04 -57.75
871.2 -57.74
871.36 -57.91
871.52 -58.07
871.68 -57.96
871.84 -57.84
872.0 -58.07
872.16 -57.96
872.32 -57.97
872.48 -57.84
872.64 -57.73
872.8 -57.76
872.96 -57.69
873.12 -57.76
873.28 -57.55
873.44 -57.66
873.6 -57.8
873.76 -57.77
873.92 -57.97
874.08 -57.84
874.24 -58.03
874.4 -57.93
874.56 -57.74
874.72 -57.95
874.88 -57.83
875.04 -57.77
875.2 -57.71
875.36 -57.57
875.52 -57.54
875.68 -57.7
875.84 -57.72
876.0 -57.74
876.16 -57.84
876.32 -58.05
876.48 -58.02
876.64 -57.81
876.8 -57.77
876.96 -57.76
877.12 -57.74
877.28 -57.7
877.44 -57.56
877.6 -57.51
877.76 -57.52
877.92 -57.68
878.08 -57.71
878.24 -57.47
878.4 -57.67
878.56 -57.96
878.72 -57.79
878.88 -57.96
879.04 -57.74
879.2 -57.73
879.36 -57.69
879.52 -57.48
879.68 -57.51
879.84 -57.36
880.0 -57.47
880.16 -57.43
880.32 -57.53
880.48 -57.56
880.64 -57.62
880.8 -57.56
880.96 -57.67
881.12 -57.69
881.28 -57.75
881.44 -57.74
881.6 -57.65
881.76 -57.47
881.92 -57.51
882.08 -57.41
882.24 -57.37
882.4 -57.21
882.56 -57.39
882.72 -57.52
882.88 -57.54
883.04 -57.6
883.2 -57.68
883.36 -57.73
883.52 -57.62
883.68 -57.63
883.84 -57.46
884.0 -57.48
884.16 -57.35
884.32 -57.22
884.48 -57.34
884.64 -57.31
884.8 -57.49
884.96 -57.38
885.12 -57.65
885.28 -57.45
885.44 -57.58
885.6 -57.58
885.76 -57.71
885.92 -57.66
886.08 -57.55
886.24 -57.44
886.4 -57.63
886.56 -57.48
886.72 -57.35
886.88 -57.52
887.04 -57.4
887.2 -57.33
887.36 -57.55
887.52 -57.63
887.68 -57.73
887.84 -57.61
888.0 -57.67
888.16 -57.57
888.32 -57.47
888.48 -57.28
888.64 -57.37
888.8 -57.27
888.96 -57.16
889.12 -57.4
889.28 -57.38
889.44 -57.48
889.6 -57.58
889.76 -57.57
889.92 -57.57
890.08 -57.71
890.24 -57.8
890.4 -57.47
890.56 -57.38
890.72 -57.53
890.88 -57.28
891.04 -57.2
891.2 -57.28
891.36 -57.29
891.52 -57.29
891.68 -57.27
891.84 -57.29
892.0 -57.46
892.16 -57.49
892.32 -57.52
892.48 -57.46
892.64 -57.57
892.8 -57.47
892.96 -57.45
893.12 -57.15
893.28 -57.18
893.44 -57.29
893.6 -57.16
893.76 -57.32
893.92 -57.33
894.08 -57.36
894.24 -57.27
894.4 -57.49
894.56 -57.43
894.72 -57.55
894.88 -57.52
895.04 -57.38
895.2 -57.35
895.36 -57.34
895.52 -57.36
895.68 -57.17
895.84 -57.17
896.0 -57.25
896.16 -57.21
896.32 -57.46
896.48 -57.32
896.64 -57.31
896.8 -57.54
896.96 -57.46
897.12 -57.44
897.28 -57.27
897.44 -57.07
897.6 -57.34
897.76 -57.32
897.92 -57.13
898.08 -57.1
898.24 -57.25
898.4 -57.17
898.56 -57.31
898.72 -57.4
898.88 -57.29
899.04 -57.35
899.2 -57.37
899.36 -57.26
899.52 -57.29
899.68 -57.26
899.84 -57.21
900.0 -57.1
