740.0 -60.18
740.16 -60.19
740.32 -60.02
740.48 -59.84
740.64 -59.87
740.8 -59.9
740.96 -60.07
741.12 -59.99
741.28 -59.91
741.44 -60.13
741.6 -60.12
741.76 -59.93
741.92 -59.78
742.08 -60.29
742.24 -60.02
742.4 -60.06
742.56 -59.98
742.72 -59.79
742.88 -59.72
743.04 -59.78
743.2 -59.9
743.36 -59.85
743.52 -59.86
743.68 -59.71
743.84 -59.87
744.0 -60.09
744.16 -60.04
744.32 -59.81
744.48 -60.05
744.64 -60.31
744.8 -59.95
744.96 -59.73
745.12 -59.74
745.28 -60.08
745.44 -59.98
745.6 -60.04
745.76 -60.13
745.92 -59.66
746.08 -59.87
746.24 -59.87
746.4 -59.83
746.56 -60.0
746.72 -59.92
746.88 -59.63
747.04 -59.81
747.2 -59.84
747.36 -59.99
747.52 -59.79
747.68 -59.93
747.84 -59.66
748.0 -59.66
748.16 -59.95
748.32 -59.81
748.48 -59.76
748.64 -59.81
748.8 -59.43
748.96 -59.66
749.12 -59.91
749.28 -59.91
749.44 -60.19
749.6 -59.75
749.76 -59.99
749.92 -59.43
750.08 -59.79
750.24 -59.74
750.4 -59.95
750.56 -59.79
750.72 -59.77
750.88 -59.77
751.04 -59.54
751.2 -59.81
751.36 -59.96
751.52 -60.06
751.68 -59.84
751.84 -59.8
752.0 -59.78
752.16 -60.03
752.32 -59.81
752.48 -59.78
752.64 -59.69
752.8 -59.64
752.96 -59.54
753.12 -59.81
753.28 -60.03
753.44 -60.17
753.6 -59.51
753.76 -59.56
753.92 -59.27
754.08 -59.78
754.24 -59.88
754.4 -59.76
754.56 -59.65
754.72 -59.63
754.88 -59.79
755.04 -59.57
755.2 -59.81
755.36 -59.7
755.52 -59.81
755.68 -59.44
755.84 -59.52
756.0 -59.51
756.16 -59.81
756.32 -59.67
756.48 -59.37
756.64 -59.48
756.8 -59.81
756.96 -59.71
757.12 -59.62
757.28 -60.14
757.44 -59.7
757.6 -59.66
757.76 -59.49
757.92 -59.52
758.08 -59.78
758.24 -59.76
758.4 -59.63
758.56 -59.62
758.72 -59.66
758.88 -59.57
759.04 -59.89
759.2 -59.69
759.36 -59.73
759.52 -59.68
759.68 -59.56
759.84 -59.65
760.0 -59.74
760.16 -59.79
760.32 -59.95
760.48 -59.8
760.64 -59.39
760.8 -59.61
760.96 -59.52
761.12 -59.88
761.28 -59.68
761.44 -59.66
761.6 -59.46
761.76 -59.47
761.92 -59.48
762.08 -59.69
762.24 -59.51
762.4 -59.79
762.56 -59.65
762.72 -59.43
762.88 -59.69
763.04 -59.57
763.2 -59.58
763.36 -59.76
763.52 -59.65
763.68 -59.52
763.84 -59.68
764.0 -59.57
764.16 -59.53
764.32 -59.64
764.48 -59.47
764.64 -59.25
764.8 -59.56
764.96 -60.02
765.12 -59.72
765.28 -59.46
765.44 -59.48
765.6 -59.37
765.76 -59.42
765.92 -59.57
766.08 -59.66
766.24 -59.56
766.4 -59.44
766.56 -59.22
766.72 -59.52
766.88 -59.64
767.04 -59.76
767.2 -59.71
767.36 -59.43
767.52 -59.09
767.68 -59.27
767.84 -59.85
768.0 -59.51
768.16 -59.3
768.32 -59.58
768.48 -59.59
768.64 -59.46
768.8 -59.28
768.96 -59.48
769.12 -59.41
769.28 -59.11
769.44 -59.04
769.6 -59.32
769.76 -59.56
769.92 -59.62
770.08 -59.74
770.24 -59.52
770.4 -59.21
770.56 -59.3
770.72 -59.1
770.88 -59.44
771.04 -59.67
771.2 -59.34
771.36 -59.14
771.52 -59.11
771.68 -59.18
771.84 -59.5
772.0 -59.47
772.16 -59.26
772.32 -59.23
772.48 -58.97
772.64 -59.3
772.8 -59.42
772.96 -59.46
773.12 -59.21
773.28 -59.21
773.44 -58.96
773.6 -59.2
773.76 -59.19
773.92 -59.49
774.08 -59.61
774.24 -59.46
774.4 -58.81
774.56 -58.93
774.72 -59.16
774.88 -59.36
775.04 -59.45
775.2 -59.73
775.36 -58.97
775.52 -59.16
775.68 -59.09
775.84 -59.36
776.0 -59.61
776.16 -59.43
776.32 -59.15
776.48 -58.81
776.64 -59.02
776.8 -59.25
776.96 -59.27
777.12 -59.34
777.28 -59.65
777.44 -59.18
777.6 -59.07
777.76 -59.11
777.92 -59.44
778.08 -59.6
778.24 -59.73
778.4 -59.1
778.56 -58.76
778.72 -58.81
778.88 -59.38
779.04 -59.64
779.2 -59.49
779.36 -59.08
779.52 -59.03
779.68 -58.96
779.84 -59.03
780.0 -59.32
780.16 -59.38
780.32 -59.22
780.48 -58.97
780.64 -58.56
780.8 -58.98
780.96 -58.92
781.12 -59.47
781.28 -59.28
781.44 -59.13
781.6 -58.92
781.76 -58.96
781.92 -58.84
782.08 -59.21
782.24 -59.39
782.4 -59.34
782.56 -58.82
782.72 -58.63
782.88 -59.23
783.04 -59.16
783.2 -59.59
783.36 -59.6
783.52 -58.97
783.68 -58.77
783.84 -58.73
784.0 -58.93
784.16 -59.32
784.32 -59.33
784.48 -59.21
784.64 -58.66
784.8 -58.7
784.96 -58.88
785.12 -59.32
785.28 -59.25
785.44 -59.31
785.6 -58.99
785.76 -58.71
785.92 -58.84
786.08 -59.2
786.24 -59.41
786.4 -59.55
786.56 -59.22
786.72 -58.8
786.88 -58.86
787.04 -58.72
787.2 -59.32
787.36 -59.48
787.52 -59.45
787.68 -58.82
787.84 -58.68
788.0 -58.83
788.16 -59.21
788.32 -59.52
788.48 -59.94
788.64 -59.04
788.8 -58.59
788.96 -58.64
789.12 -58.8
789.28 -59.41
789.44 -59.79
789.6 -59.29
789.76 -58.76
789.92 -58.56
790.08 -58.68
790.24 -58.91
790.4 -59.22
790.56 -59.37
790.72 -59.05
790.88 -58.83
791.04 -58.4
791.2 -58.64
791.36 -59.16
791.52 -59.44
791.68 -59.1
791.84 -58.7
792.0 -58.52
792.16 -58.35
792.32 -58.91
792.48 -59.28
792.64 -59.36
792.8 -59.03
792.96 -58.58
793.12 -58.29
793.28 -58.38
793.44 -58.91
793.6 -59.44
793.76 -59.42
793.92 -58.75
794.08 -58.49
794.24 -58.23
794.4 -58.57
794.56 -59.18
794.72 -59.06
794.88 -59.24
795.04 -58.71
795.2 -58.2
795.36 -58.17
795.52 -58.71
795.68 -58.94
795.84 -59.35
796.0 -59.11
796.16 -58.67
796.32 -58.34
796.48 -58.28
796.64 -58.62
796.8 -58.78
796.96 -59.03
797.12 -59.06
797.28 -58.64
797.44 -58.22
797.6 -58.49
797.76 -58.98
797.92 -59.42
798.08 -59.31
798.24 -58.65
798.4 -58.6
798.56 -58.11
798.72 -58.49
798.88 -58.83
799.04 -59.21
799.2 -59.36
799.36 -58.5
799.52 -58.13
799.68 -58.3
799.84 -58.76
800.0 -59.16
800.16 -59.22
800.32 -58.81
800.48 -58.49
800.64 -58.12
800.8 -58.28
800.96 -58.52
801.12 -59.41
801.28 -59.03
801.44 -58.75
801.6 -58.39
801.76 -58.07
801.92 -58.23
802.08 -58.6
802.24 -59.07
802.4 -59.0
802.56 -58.45
802.72 -58.27
802.88 -58.29
803.04 -58.49
803.2 -58.61
803.36 -59.05
803.52 -58.86
803.68 -58.4
803.84 -58.06
804.0 -58.22
804.16 -58.38
804.32 -58.86
804.48 -59.06
804.64 -58.93
804.8 -58.14
804.96 -58.02
805.12 -58.14
805.28 -58.36
805.44 -58.71
805.6 -58.76
805.76 -58.5
805.92 -57.68
806.08 -57.52
806.24 -57.46
806.4 -57.56
806.56 -57.2
806.72 -56.27
806.88 -54.94
807.04 -53.46
807.2 -52.36
807.36 -51.19
807.52 -50.35
807.68 -49.37
807.84 -48.69
808.0 -48.27
808.16 -48.26
808.32 -48.45
808.48 -48.86
808.64 -49.3
808.8 -49.84
808.96 -50.92
809.12 -52.32
809.28 -54.31
809.44 -56.21
809.6 -57.41
809.76 -58.46
809.92 -58.66
810.08 -58.38
810.24 -58.13
810.4 -57.89
810.56 -58.0
810.72 -58.57
810.88 -58.63
811.04 -58.8
811.2 -58.5
811.36 -58.28
811.52 -58.0
811.68 -58.14
811.84 -58.64
812.0 -58.98
812.16 -59.22
812.32 -58.47
812.48 -58.43
812.64 -57.98
812.8 -58.07
812.96 -58.5
813.12 -58.76
813.28 -58.67
813.44 -58.62
813.6 -58.2
813.76 -58.02
813.92 -58.27
814.08 -58.45
814.24 -58.82
814.4 -58.86
814.56 -58.63
814.72 -58.33
814.88 -58.04
815.04 -58.35
815.2 -58.41
815.36 -58.9
815.52 -58.98
815.68 -58.92
815.84 -58.35
816.0 -57.98
816.16 -58.3
816.32 -58.73
816.48 -58.76
816.64 -59.02
816.8 -58.69
816.96 -58.31
817.12 -58.25
817.28 -58.34
817.44 -58.56
817.6 -58.87
817.76 -59.03
817.92 -58.44
818.08 -58.24
818.24 -58.05
818.4 -58.23
818.56 -58.48
818.72 -58.88
818.88 -58.87
819.04 -58.58
819.2 -58.23
819.36 -58.01
819.52 -58.14
819.68 -58.53
819.84 -58.82
820.0 -58.97
820.16 -58.67
820.32 -58.42
820.48 -58.09
820.64 -58.25
820.8 -58.13
820.96 -58.68
821.12 -58.74
821.28 -58.83
821.44 -58.27
821.6 -58.01
821.76 -58.0
821.92 -58.37
822.08 -58.61
822.24 -58.69
822.4 -58.78
822.56 -58.57
822.72 -58.13
822.88 -58.17
823.04 -58.39
823.2 -58.68
823.36 -58.79
823.52 -58.72
823.68 -58.59
823.84 -58.35
824.0 -58.06
824.16 -58.26
824.32 -58.47
824.48 -58.79
824.64 -58.75
824.8 -58.59
824.96 -58.35
825.12 -58.34
825.28 -58.37
825.44 -58.27
825.6 -59.03
825.76 -58.76
825.92 -58.64
826.08 -58.48
826.24 -58.32
826.4 -58.08
826.56 -58.26
826.72 -58.75
826.88 -58.73
827.04 -58.69
827.2 -58.59
827.36 -58.46
827.52 -58.11
827.68 -58.27
827.84 -58.54
828.0 -58.77
828.16 -58.92
828.32 -58.46
828.48 -58.46
828.64 -58.13
828.8 -58.1
828.96 -58.25
829.12 -58.59
829.28 -58.69
829.44 -58.62
829.6 -58.4
829.76 -58.12
829.92 -58.16
830.08 -58.22
830.24 -58.66
830.4 -58.6
830.56 -58.77
830.72 -58.27
830.88 -58.26
831.04 -58.02
831.2 -58.1
831.36 -58.33
831.52 -58.68
831.68 -58.66
831.84 -58.7
832.0 -58.32
832.16 -58.04
832.32 -58.13
832.48 -58.09
832.64 -58.52
832.8 -58.64
832.96 -58.8
833.12 -58.46
833.28 -58.07
833.44 -57.93
833.6 -57.97
833.76 -58.21
833.92 -58.35
834.08 -58.57
834.24 -58.2
834.4 -58.11
834.56 -57.79
834.72 -57.72
834.88 -57.87
835.04 -58.1
835.2 -58.33
835.36 -58.3
835.52 -58.17
835.68 -58.04
835.84 -57.89
836.0 -57.52
836.16 -57.96
836.32 -58.2
836.48 -58.49
836.64 -58.4
836.8 -58.15
836.96 -57.87
837.12 -57.9
837.28 -57.86
837.44 -58.34
837.6 -58.57
837.76 -58.64
837.92 -58.38
838.08 -58.23
838.24 -57.97
838.4 -58.01
838.56 -58.17
838.72 -58.35
838.88 -58.41
839.04 -58.44
839.2 -58.44
839.36 -58.35
839.52 -58.13
839.68 -58.19
839.84 -58.12
840.0 -58.48
840.16 -58.81
840.32 -58.68
840.48 -58.39
840.64 -58.24
840.8 -58.03
840.96 -58.05
841.12 -58.22
841.28 -58.44
841.44 -58.63
841.6 -58.53
841.76 -58.41
841.92 -58.19
842.08 -58.15
842.24 -58.25
842.4 -58.37
842.56 -58.61
842.72 -58.62
842.88 -58.43
843.04 -58.35
843.2 -58.11
843.36 -57.98
843.52 -58.21
843.68 -58.31
843.84 -58.62
844.0 -58.53
844.16 -58.67
844.32 -58.25
844.48 -58.18
844.64 -58.09
844.8 -58.28
844.96 -58.43
845.12 -58.63
845.28 -58.68
845.44 -58.47
845.6 -58.37
845.76 -57.97
845.92 -58.03
846.08 -58.27
846.24 -58.43
846.4 -58.64
846.56 -58.45
846.72 -58.28
846.88 -58.13
847.04 -58.02
847.2 -58.04
847.36 -58.4
847.52 -58.6
847.68 -58.56
847.84 -58.46
848.0 -58.35
848.16 -58.23
848.32 -57.92
848.48 -58.05
848.64 -58.4
848.8 -58.46
848.96 -58.62
849.12 -58.34
849.28 -58.42
849.44 -58.11
849.6 -57.98
849.76 -58.03
849.92 -58.34
850.08 -58.45
850.24 -58.66
850.4 -58.46
850.56 -58.44
850.72 -58.02
850.88 -58.08
851.04 -58.24
851.2 -58.28
851.36 -58.48
851.52 -58.51
851.68 -58.41
851.84 -58.37
852.0 -58.0
852.16 -58.04
852.32 -58.25
852.48 -58.43
852.64 -58.4
852.8 -58.55
852.96 -58.53
853.12 -58.36
853.28 -58.02
853.44 -58.01
853.6 -58.16
853.76 -58.35
853.92 -58.37
854.08 -58.52
854.24 -58.54
854.4 -58.24
854.56 -57.97
854.72 -58.1
854.88 -57.87
855.04 -58.17
855.2 -58.45
855.36 -58.59
855.52 -58.45
855.68 -58.21
855.84 -58.19
856.0 -57.98
856.16 -58.1
856.32 -58.11
856.48 -58.31
856.64 -58.55
856.8 -58.61
856.96 -58.06
857.12 -58.06
857.28 -58.14
857.44 -58.07
857.6 -58.09
857.76 -58.2
857.92 -58.27
858.08 -58.48
858.24 -58.28
858.4 -58.12
858.56 -58.09
858.72 -57.91
858.88 -58.12
859.04 -58.26
859.2 -58.38
859.36 -58.24
859.52 -58.21
859.68 -58.15
859.84 -57.9
860.0 -57.88
860.16 -58.04
860.32 -58.02
860.48 -58.29
860.64 -58.27
860.8 -58.3
860.96 -58.03
861.12 -57.93
861.28 -57.78
861.44 -58.07
861.6 -57.98
861.76 -58.22
861.92 -58.47
862.08 -58.21
862.24 -58.26
862.4 -57.93
862.56 -57.82
862.72 -58.0
862.88 -57.91
863.04 -58.05
863.2 -58.18
863.36 -58.29
863.52 -58.25
863.68 -57.99
863.84 -57.86
864.0 -57.87
864.16 -57.8
864.32 -58.18
864.48 -58.14
864.64 -58.18
864.8 -58.38
864.96 -58.18
865.12 -57.9
865.28 -57.88
865.44 -57.71
865.6 -57.72
865.76 -57.98
865.92 -58.24
866.08 -58.12
866.24 -58.13
866.4 -58.0
866.56 -57.76
866.72 -57.65
866.88 -57.77
867.04 -57.79
867.2 -58.26
867.36 -58.35
867.52 -58.09
867.68 -57.99
867.84 -57.91
868.0 -57.59
868.16 -57.8
868.32 -57.75
868.48 -57.7
868.64 -57.99
868.8 -58.26
868.96 -58.06
869.12 -58.08
869.28 -58.01
869.44 -57.82
869.6 -57.55
869.76 -57.97
869.92 -58.0
870.08 -58.11
870.24 -58.31
870.4 -57.84
870.56 -57.96
870.72 -57.63
870.88 -57.72
871.04 -57.85
871.2 -57.82
871.36 -57.97
871.52 -58.16
871.68 -57.97
871.84 -58.19
872.0 -57.86
872.16 -57.74
872.32 -57.51
872.48 -57.85
872.64 -57.73
872.8 -57.99
872.96 -57.79
873.12 -58.13
873.28 -58.09
873.44 -57.92
873.6 -57.73
873.76 -57.89
873.92 -57.61
874.08 -57.76
874.24 -57.79
874.4 -58.14
874.56 -58.02
874.72 -57.88
874.88 -57.71
875.04 -57.88
875.2 -57.64
875.36 -57.66
875.52 -57.74
875.68 -57.76
875.84 -57.91
876.0 -58.01
876.16 -58.07
876.32 -57.82
876.48 -57.75
876.64 -57.64
876.8 -57.61
876.96 -57.74
877.12 -57.86
877.28 -57.87
877.44 -57.73
877.6 -57.86
877.76 -57.69
877.92 -57.54
878.08 -57.51
878.24 -57.56
878.4 -57.62
878.56 -57.71
878.72 -57.88
878.88 -57.73
879.04 -57.74
879.2 -57.61
879.36 -57.43
879.52 -57.63
879.68 -57.44
879.84 -57.61
880.0 -57.85
880.16 -57.77
880.32 -57.74
880.48 -57.51
880.64 -57.67
880.8 -57.47
880.96 -57.54
881.12 -57.45
881.28 -57.81
881.44 -57.86
881.6 -57.85
881.76 -57.74
881.92 -57.62
882.08 -57.66
882.24 -57.4
882.4 -57.4
882.56 -57.33
882.72 -57.5
882.88 -57.66
883.04 -57.9
883.2 -57.89
883.36 -57.58
883.52 -57.61
883.68 -57.5
883.84 -57.6
884.0 -57.41
884.16 -57.59
884.32 -57.72
884.48 -57.69
884.64 -57.79
884.8 -57.74
884.96 -57.48
885.12 -57.38
885.28 -57.32
885.44 -57.33
885.6 -57.41
885.76 -57.52
885.92 -57.55
886.08 -57.77
886.24 -57.61
886.4 -57.46
886.56 -57.51
886.72 -57.44
886.88 -57.37
887.04 -57.36
887.2 -57.65
887.36 -57.68
887.52 -57.65
887.68 -57.52
887.84 -57.42
888.0 -57.44
888.16 -57.36
888.32 -57.19
888.48 -57.36
888.64 -57.37
888.8 -57.51
888.96 -57.62
889.12 -57.63
889.28 -57.54
889.44 -57.44
889.6 -57.27
889.76 -57.18
889.92 -57.27
890.08 -57.35
890.24 -57.48
890.4 -57.46
890.56 -57.54
890.72 -57.41
890.88 -57.41
891.04 -57.33
891.2 -57.19
891.36 -57.29
891.52 -57.39
891.68 -57.53
891.84 -57.39
892.0 -57.63
892.16 -57.38
892.32 -57.41
892.48 -57.17
892.64 -57.3
892.8 -57.05
892.96 -57.3
893.12 -57.03
893.28 -57.23
893.44 -57.42
893.6 -57.48
893.76 -57.56
893.92 -57.46
894.08 -57.31
894.24 -57.28
894.4 -57.13
894.56 -57.16
894.72 -57.47
894.88 -57.29
895.04 -57.36
895.2 -57.5
895.36 -57.49
895.52 -57.32
895.68 -57.22
895.84 -57.16
896.0 -57.13
896.16 -57.28
896.32 -57.33
896.48 -57.41
896.64 -57.54
896.8 -57.33
896.96 -57.35
897.12 -57.31
897.28 -57.29
897.44 -57.17
897.6 -57.44
897.76 -57.24
897.92 -57.46
898.08 -57.42
898.24 -57.37
898.4 -57.31
898.56 -57.26
898.72 -57.36
898.88 -57.2
899.04 -57.21
899.2 -57.13
899.36 -57.13
899.52 -57.32
899.68 -57.18
899.84 -57.3
900.0 -57.42
