740.0 -60.43
740.16 -60.5
740.32 -60.34
740.48 -60.51
740.64 -60.51
740.8 -60.12
740.96 -60.23
741.12 -60.14
741.28 -60.49
741.44 -60.39
741.6 -60.45
741.76 -60.31
741.92 -60.72
742.08 -60.16
742.24 -60.47
742.4 -60.08
742.56 -60.46
742.72 -60.37
742.88 -60.53
743.04 -60.0
743.2 -60.29
743.36 -60.22
743.52 -60.63
743.68 -60.49
743.84 -60.18
744.0 -60.51
744.16 -60.57
744.32 -60.28
744.48 -59.95
744.64 -60.27
744.8 -60.34
744.96 -60.11
745.12 -60.57
745.28 -60.24
745.44 -60.55
745.6 -60.2
745.76 -60.22
745.92 -60.2
746.08 -60.33
746.24 -60.54
746.4 -60.38
746.56 -60.27
746.72 -60.31
746.88 -60.08
747.04 -60.28
747.2 -60.15
747.36 -60.1
747.52 -60.15
747.68 -60.16
747.84 -60.16
748.0 -60.36
748.16 -60.29
748.32 -59.9
748.48 -60.22
748.64 -59.98
748.8 -60.29
748.96 -60.56
749.12 -60.19
749.28 -60.35
749.44 -60.24
749.6 -60.08
749.76 -60.28
749.92 -60.25
750.08 -60.39
750.24 -60.44
750.4 -60.33
750.56 -60.44
750.72 -60.05
750.88 -60.42
751.04 -60.03
751.2 -60.34
751.36 -60.25
751.52 -60.11
751.68 -60.26
751.84 -60.44
752.0 -60.18
752.16 -60.13
752.32 -60.08
752.48 -60.29
752.64 -60.06
752.8 -60.32
752.96 -60.1
753.12 -60.24
753.28 -60.17
753.44 -59.89
753.6 -60.01
753.76 -60.35
753.92 -60.29
754.08 -60.33
754.24 -60.2
754.4 -60.23
754.56 -60.15
754.72 -59.79
754.88 -60.17
755.04 -59.93
755.2 -60.09
755.36 -60.22
755.52 -60.4
755.68 -60.29
755.84 -60.19
756.0 -60.18
756.16 -60.02
756.32 -60.35
756.48 -59.98
756.64 -60.18
756.8 -60.2
756.96 -60.06
757.12 -60.24
757.28 -59.89
757.44 -60.04
757.6 -60.0
757.76 -60.23
757.92 -60.1
758.08 -60.27
758.24 -60.08
758.4 -59.93
758.56 -60.23
758.72 -60.11
758.88 -59.9
759.04 -59.75
759.2 -59.98
759.36 -60.14
759.52 -60.16
759.68 -60.46
759.84 -59.98
760.0 -60.18
760.16 -59.96
760.32 -59.84
760.48 -60.44
760.64 -60.0
760.8 -60.09
760.96 -60.18
761.12 -59.89
761.28 -59.8
761.44 -60.02
761.6 -59.66
761.76 -60.01
761.92 -59.92
762.08 -59.87
762.24 -60.25
762.4 -60.06
762.56 -59.84
762.72 -60.05
762.88 -59.9
763.04 -59.92
763.2 -60.1
763.36 -60.13
763.52 -59.92
763.68 -60.18
763.84 -59.92
764.0 -59.78
764.16 -59.67
764.32 -59.87
764.48 -59.82
764.64 -59.92
764.8 -59.97
764.96 -59.96
765.12 -59.88
765.28 -60.1
765.44 -59.92
765.6 -59.85
765.76 -59.49
765.92 -59.88
766.08 -60.2
766.24 -59.88
766.4 -60.12
766.56 -60.25
766.72 -59.81
766.88 -59.85
767.04 -59.8
767.2 -60.1
767.36 -59.71
767.52 -60.16
767.68 -60.04
767.84 -59.87
768.0 -60.0
768.16 -59.74
768.32 -59.72
768.48 -59.61
768.64 -59.66
768.8 -59.88
768.96 -60.04
769.12 -59.86
769.28 -60.14
769.44 -59.56
769.6 -59.52
769.76 -59.72
769.92 -59.35
770.08 -59.45
770.24 -59.73
770.4 -59.88
770.56 -59.86
770.72 -60.0
770.88 -59.3
771.04 -59.57
771.2 -59.46
771.36 -59.59
771.52 -59.97
771.68 -60.02
771.84 -60.07
772.0 -59.86
772.16 -59.95
772.32 -59.44
772.48 -59.42
772.64 -59.6
772.8 -59.51
772.96 -59.81
773.12 -59.85
773.28 -60.06
773.44 -59.82
773.6 -59.57
773.76 -59.39
773.92 -59.72
774.08 -59.57
774.24 -59.42
774.4 -59.99
774.56 -59.75
774.72 -60.17
774.88 -59.68
775.04 -59.37
775.2 -59.48
775.36 -59.21
775.52 -59.32
775.68 -59.63
775.84 -59.65
776.0 -60.02
776.16 -59.99
776.32 -60.0
776.48 -59.63
776.64 -59.28
776.8 -59.31
776.96 -59.47
777.12 -59.42
777.28 -59.86
777.44 -59.71
777.6 -60.0
777.76 -59.56
777.92 -59.47
778.08 -59.36
778.24 -59.36
778.4 -59.73
778.56 -59.86
778.72 -59.88
778.88 -60.1
779.04 -59.78
779.2 -59.56
779.36 -59.29
779.52 -59.18
779.68 -59.19
779.84 -59.6
780.0 -59.65
780.16 -60.16
780.32 -59.63
780.48 -59.71
780.64 -59.76
780.8 -59.18
780.96 -59.42
781.12 -59.21
781.28 -59.84
781.44 -59.79
781.6 -60.13
781.76 -59.61
781.92 -59.51
782.08 -59.24
782.24 -59.09
782.4 -59.29
782.56 -59.15
782.72 -59.7
782.88 -59.47
783.04 -60.07
783.2 -59.74
783.36 -59.57
783.52 -59.28
783.68 -59.03
783.84 -59.1
784.0 -59.6
784.16 -59.68
784.32 -60.1
784.48 -59.83
784.64 -59.56
784.8 -59.47
784.96 -59.12
785.12 -58.98
785.28 -59.11
785.44 -59.38
785.6 -59.73
785.76 -59.9
785.92 -59.73
786.08 -59.56
786.24 -59.29
786.4 -58.95
786.56 -59.05
786.72 -59.41
786.88 -59.27
787.04 -59.6
787.2 -59.66
787.36 -59.62
787.52 -59.26
787.68 -59.14
787.84 -59.06
788.0 -59.15
788.16 -59.25
788.32 -59.62
788.48 -59.88
788.64 -59.99
788.8 -59.56
788.96 -59.18
789.12 -58.97
789.28 -58.93
789.44 -58.87
789.6 -59.22
789.76 -59.63
789.92 -59.68
790.08 -60.14
790.24 -59.72
790.4 -59.16
790.56 -59.03
790.72 -58.96
790.88 -59.15
791.04 -59.32
791.2 -59.5
791.36 -59.9
791.52 -59.56
791.68 -59.74
791.84 -59.27
792.0 -58.97
792.16 -58.76
792.32 -58.91
792.48 -59.15
792.64 -59.32
792.8 -59.75
792.96 -59.72
793.12 -59.48
793.28 -58.92
793.44 -58.94
793.6 -59.03
793.76 -58.58
793.92 -59.17
794.08 -59.3
794.24 -59.77
794.4 -59.94
794.56 -59.55
794.72 -59.09
794.88 -58.93
795.04 -58.62
795.2 -58.88
795.36 -58.96
795.52 -59.65
795.68 -59.66
795.84 -59.68
796.0 -59.45
796.16 -59.24
796.32 -58.99
796.48 -58.78
796.64 -58.76
796.8 -58.95
796.96 -59.4
797.12 -59.38
797.28 -59.84
797.44 -59.46
797.6 -59.47
797.76 -59.14
797.92 -58.54
798.08 -58.94
798.24 -58.87
798.4 -59.05
798.56 -59.55
798.72 -59.49
798.88 -59.85
799.04 -59.52
799.2 -58.86
799.36 -58.82
799.52 -58.67
799.68 -58.83
799.84 -58.71
800.0 -59.42
800.16 -59.51
800.32 -59.45
800.48 -59.67
800.64 -59.18
800.8 -58.77
800.96 -58.83
801.12 -58.5
801.28 -58.92
801.44 -58.93
801.6 -59.41
801.76 -59.86
801.92 -59.64
802.08 -59.38
802.24 -58.78
802.4 -58.57
802.56 -58.46
802.72 -58.66
802.88 -58.99
803.04 -59.16
803.2 -59.71
803.36 -59.36
803.52 -59.26
803.68 -58.96
803.84 -58.56
804.0 -58.44
804.16 -58.72
804.32 -58.97
804.48 -59.18
804.64 -59.24
804.8 -59.15
804.96 -59.05
805.12 -58.47
805.28 -58.5
805.44 -58.29
805.6 -58.32
805.76 -58.42
805.92 -58.78
806.08 -58.74
806.24 -58.43
806.4 -57.44
806.56 -56.55
806.72 -55.62
806.88 -54.74
807.04 -54.03
807.2 -53.22
807.36 -51.92
807.52 -50.56
807.68 -49.24
807.84 -48.26
808.0 -47.88
808.16 -48.05
808.32 -48.58
808.48 -49.09
808.64 -49.49
808.8 -49.9
808.96 -50.9
809.12 -52.6
809.28 -54.86
809.44 -56.84
809.6 -57.39
809.76 -57.81
809.92 -57.88
810.08 -58.59
810.24 -58.82
810.4 -59.08
810.56 -59.33
810.72 -58.98
810.88 -58.71
811.04 -58.22
811.2 -58.34
811.36 -58.29
811.52 -58.68
811.68 -59.19
811.84 -59.46
812.0 -59.38
812.16 -59.2
812.32 -58.7
812.48 -58.55
812.64 -58.41
812.8 -58.39
812.96 -58.68
813.12 -58.91
813.28 -59.54
813.44 -59.28
813.6 -59.18
813.76 -58.91
813.92 -58.28
814.08 -58.56
814.24 -58.53
814.4 -58.74
814.56 -59.17
814.72 -58.99
814.88 -59.21
815.04 -59.34
815.2 -58.98
815.36 -58.45
815.52 -58.67
815.68 -58.28
815.84 -58.71
816.0 -58.72
816.16 -59.14
816.32 -59.04
816.48 -59.01
816.64 -58.76
816.8 -58.63
816.96 -58.35
817.12 -58.31
817.28 -58.37
817.44 -58.56
817.6 -59.13
817.76 -59.38
817.92 -59.13
818.08 -58.9
818.24 -58.76
818.4 -58.44
818.56 -58.35
818.72 -58.47
818.88 -58.85
819.04 -58.65
819.2 -58.95
819.36 -59.16
819.52 -59.25
819.68 -58.65
819.84 -58.69
820.0 -58.57
820.16 -58.41
820.32 -58.63
820.48 -58.55
820.64 -59.07
820.8 -59.12
820.96 -58.99
821.12 -59.25
821.28 -58.73
821.44 -58.48
821.6 -58.45
821.76 -58.37
821.92 -58.58
822.08 -58.6
822.24 -58.72
822.4 -59.08
822.56 -58.84
822.72 -58.94
822.88 -58.67
823.04 -58.52
823.2 -58.55
823.36 -58.51
823.52 -58.52
823.68 -58.61
823.84 -58.84
824.0 -59.01
824.16 -58.97
824.32 -58.88
824.48 -58.71
824.64 -58.26
824.8 -58.31
824.96 -58.19
825.12 -58.6
825.28 -58.79
825.44 -58.93
825.6 -58.89
825.76 -58.92
825.92 -58.5
826.08 -58.37
826.24 -58.15
826.4 -58.31
826.56 -58.46
826.72 -58.49
826.88 -58.67
827.04 -58.88
827.2 -58.84
827.36 -58.62
827.52 -58.47
827.68 -58.33
827.84 -58.2
828.0 -58.23
828.16 -58.47
828.32 -58.59
828.48 -58.71
828.64 -58.95
828.8 -58.63
828.96 -58.5
829.12 -58.27
829.28 -58.17
829.44 -58.29
829.6 -58.25
829.76 -58.47
829.92 -58.79
830.08 -58.85
830.24 -58.84
830.4 -58.77
830.56 -58.52
830.72 -58.45
830.88 -58.26
831.04 -58.3
831.2 -58.22
831.36 -58.49
831.52 -58.98
831.68 -58.69
831.84 -58.85
832.0 -58.58
832.16 -58.21
832.32 -58.25
832.48 -58.21
832.64 -58.21
832.8 -58.52
832.96 -58.46
833.12 -58.76
833.28 -58.51
833.44 -58.69
833.6 -58.34
833.76 -58.14
833.92 -58.05
834.08 -57.81
834.24 -57.88
834.4 -58.02
834.56 -58.21
834.72 -58.44
834.88 -58.32
835.04 -58.31
835.2 -57.92
835.36 -57.91
835.52 -57.71
835.68 -57.9
835.84 -57.83
836.0 -58.18
836.16 -58.21
836.32 -58.48
836.48 -58.41
836.64 -58.34
836.8 -57.89
836.96 -57.92
837.12 -57.8
837.28 -57.91
837.44 -57.9
837.6 -57.98
837.76 -58.3
837.92 -58.35
838.08 -58.39
838.24 -58.24
838.4 -58.21
838.56 -57.91
838.72 -57.88
838.88 -57.83
839.04 -58.13
839.2 -58.26
839.36 -58.38
839.52 -58.24
839.68 -58.42
839.84 -58.21
840.0 -58.12
840.16 -58.01
840.32 -57.89
840.48 -58.05
840.64 -58.05
840.8 -58.19
840.96 -58.42
841.12 -58.47
841.28 -58.21
841.44 -58.24
841.6 -57.99
841.76 -57.92
841.92 -57.86
842.08 -58.17
842.24 -58.05
842.4 -58.38
842.56 -58.31
842.72 -58.54
842.88 -58.27
843.04 -58.13
843.2 -57.95
843.36 -57.96
843.52 -58.0
843.68 -58.17
843.84 -58.2
844.0 -58.47
844.16 -58.38
844.32 -58.28
844.48 -58.45
844.64 -57.82
844.8 -57.97
844.96 -58.06
845.12 -57.98
845.28 -58.16
845.44 -58.12
845.6 -58.36
845.76 -58.39
845.92 -58.1
846.08 -58.08
846.24 -57.97
846.4 -57.96
846.56 -57.98
846.72 -58.03
846.88 -57.92
847.04 -58.41
847.2 -58.27
847.36 -58.22
847.52 -58.14
847.68 -58.25
847.84 -57.99
848.0 -57.84
848.16 -57.81
848.32 -58.09
848.48 -58.1
848.64 -58.26
848.8 -58.2
848.96 -58.21
849.12 -58.22
849.28 -58.0
849.44 -57.84
849.6 -57.82
849.76 -57.89
849.92 -58.04
850.08 -58.38
850.24 -58.07
850.4 -58.26
850.56 -58.17
850.72 -58.2
850.88 -57.99
851.04 -57.92
851.2 -57.81
851.36 -57.85
851.52 -58.11
851.68 -57.9
851.84 -58.11
852.0 -58.13
852.16 -58.35
852.32 -58.2
852.48 -58.04
852.64 -57.8
852.8 -57.93
852.96 -57.85
853.12 -57.87
853.28 -57.91
853.44 -58.11
853.6 -58.25
853.76 -58.25
853.92 -58.14
854.08 -57.92
854.24 -57.99
854.4 -57.82
854.56 -57.88
854.72 -57.84
854.88 -58.02
855.04 -58.14
855.2 -58.18
855.36 -57.97
855.52 -58.07
855.68 -57.88
855.84 -58.01
856.0 -57.78
856.16 -57.74
856.32 -57.86
856.48 -58.04
856.64 -57.99
856.8 -58.01
856.96 -58.06
857.12 -57.89
857.28 -57.77
857.44 -57.77
857.6 -57.76
857.76 -57.66
857.92 -57.8
858.08 -57.84
858.24 -58.08
858.4 -58.05
858.56 -58.01
858.72 -57.94
858.88 -57.81
859.04 -57.63
859.2 -57.73
859.36 -57.69
859.52 -57.96
859.68 -57.97
859.84 -57.95
860.0 -57.98
860.16 -58.02
860.32 -57.92
860.48 -57.77
860.64 -57.69
860.8 -57.69
860.96 -57.63
861.12 -57.63
861.28 -57.85
861.44 -57.88
861.6 -57.8
861.76 -57.85
861.92 -57.78
862.08 -57.72
862.24 -57.52
862.4 -57.55
862.56 -57.53
862.72 -57.78
862.88 -57.68
863.04 -57.85
863.2 -57.83
863.36 -57.84
863.52 -57.74
863.68 -57.59
863.84 -57.59
864.0 -57.62
864.16 -57.83
864.32 -57.73
864.48 -57.9
864.64 -57.95
864.8 -57.84
864.96 -57.83
865.12 -57.74
865.28 -57.51
865.44 -57.47
865.6 -57.68
865.76 -57.58
865.92 -57.79
866.08 -57.86
866.24 -57.85
866.4 -57.83
866.56 -57.66
866.72 -57.55
866.88 -57.6
867.04 -57.59
867.2 -57.56
867.36 -57.82
867.52 -57.81
867.68 -58.06
867.84 -57.99
868.0 -57.8
868.16 -57.62
868.32 -57.49
868.48 -57.49
868.64 -57.45
868.8 -57.49
868.96 -57.71
869.12 -57.79
869.28 -57.79
869.44 -57.69
869.6 -57.82
869.76 -57.6
869.92 -57.47
870.08 -57.59
870.24 -57.61
870.4 -57.54
870.56 -57.65
870.72 -57.87
870.88 -57.84
871.04 -57.76
871.2 -57.65
871.36 -57.57
871.52 -57.57
871.68 -57.36
871.84 -57.56
872.0 -57.68
872.16 -57.75
872.32 -57.75
872.48 -57.72
872.64 -57.75
872.8 -57.72
872.96 -57.5
873.12 -57.38
873.28 -57.35
873.44 -57.55
873.6 -57.64
873.76 -57.61
873.92 -57.72
874.08 -57.72
874.24 -57.77
874.4 -57.48
874.56 -57.49
874.72 -57.37
874.88 -57.4
875.04 -57.42
875.2 -57.51
875.36 -57.56
875.52 -57.67
875.68 -57.78
875.84 -57.52
876.0 -57.6
876.16 -57.27
876.32 -57.33
876.48 -57.2
876.64 -57.44
876.8 -57.44
876.96 -57.53
877.12 -57.67
877.28 -57.64
877.44 -57.46
877.6 -57.48
877.76 -57.42
877.92 -57.43
878.08 -57.34
878.24 -57.36
878.4 -57.5
878.56 -57.68
878.72 -57.72
878.88 -57.58
879.04 -57.68
879.2 -57.4
879.36 -57.39
879.52 -57.35
879.68 -57.37
879.84 -57.44
880.0 -57.68
880.16 -57.61
880.32 -57.42
880.48 -57.42
880.64 -57.41
880.8 -57.36
880.96 -57.5
881.12 -57.33
881.28 -57.25
881.44 -57.33
881.6 -57.55
881.76 -57.63
881.92 -57.46
882.08 -57.64
882.24 -57.46
882.4 -57.5
882.56 -57.4
882.72 -57.47
882.88 -57.45
883.04 -57.43
883.2 -57.57
883.36 -57.46
883.52 -57.38
883.68 -57.5
883.84 -57.5
884.0 -57.35
884.16 -57.3
884.32 -57.16
884.48 -57.2
884.64 -57.44
884.8 -57.34
884.96 -57.4
885.12 -57.51
885.28 -57.47
885.44 -57.27
885.6 -57.26
885.76 -57.29
885.92 -57.29
886.08 -57.38
886.24 -57.43
886.4 -57.45
886.56 -57.36
886.72 -57.4
886.88 -57.21
887.04 -57.13
887.2 -57.47
887.36 -57.37
887.52 -57.29
887.68 -57.27
887.84 -57.28
888.0 -57.42
888.16 -57.55
888.32 -57.53
888.48 -57.21
888.64 -57.29
888.8 -57.27
888.96 -57.22
889.12 -57.19
889.28 -57.37
889.44 -57.29
889.6 -57.48
889.76 -57.37
889.92 -57.41
890.08 -57.57
890.24 -57.28
890.4 -57.24
890.56 -57.26
890.72 -57.19
890.88 -57.25
891.04 -57.34
891.2 -57.41
891.36 -57.41
891.52 -57.38
891.68 -57.35
891.84 -57.33
892.0 -57.19
892.16 -57.15
892.32 -57.2
892.48 -57.03
892.64 -57.15
892.8 -57.21
892.96 -57.24
893.12 -57.23
893.28 -57.28
893.44 -57.34
893.6 -57.23
893.76 -57.11
893.92 -57.07
894.08 -57.17
894.24 -57.22
894.4 -57.16
894.56 -57.28
894.72 -57.25
894.88 -57.24
895.04 -57.17
895.2 -57.0
895.36 -57.28
895.52 -57.03
895.68 -57.08
895.84 -57.21
896.0 -57.16
896.16 -57.26
896.32 -57.33
896.48 -57.16
896.64 -57.13
896.8 -56.98
896.96 -57.12
897.12 -57.06
897.28 -56.88
897.44 -57.04
897.6 -57.02
897.76 -57.32
897.92 -57.1
898.08 -57.13
898.24 -57.07
898.4 -56.86
898.56 -57.15
898.72 -57.02
898.88 -57.15
899.04 -57.19
899.2 -57.12
899.36 -57.22
899.52 -57.1
899.68 -57.0
899.84 -57.07
900.0 -57.02
