740.0 -60.58
740.16 -60.89
740.32 -60.91
740.48 -60.69
740.64 -60.55
740.8 -60.66
740.96 -60.42
741.12 -60.68
741.28 -60.74
741.44 -61.13
741.6 -60.76
741.76 -60.93
741.92 -60.52
742.08 -60.81
742.24 -60.81
742.4 -60.58
742.56 -60.58
742.72 -60.53
742.88 -60.54
743.04 -60.69
743.2 -60.2
743.36 -60.7
743.52 -61.0
743.68 -60.48
743.84 -60.58
744.0 -60.46
744.16 -60.66
744.32 -60.64
744.48 -60.68
744.64 -60.7
744.8 -60.51
744.96 -60.54
745.12 -60.56
745.28 -60.26
745.44 -60.65
745.6 -60.54
745.76 -60.54
745.92 -61.03
746.08 -60.75
746.24 -60.83
746.4 -60.66
746.56 -60.66
746.72 -60.45
746.88 -60.41
747.04 -60.82
747.2 -60.64
747.36 -60.52
747.52 -60.53
747.68 -60.62
747.84 -60.72
748.0 -60.5
748.16 -60.49
748.32 -60.64
748.48 -60.8
748.64 -60.71
748.8 -60.73
748.96 -60.51
749.12 -60.63
749.28 -60.69
749.44 -60.74
749.6 -60.49
749.76 -60.32
749.92 -60.63
750.08 -60.46
750.24 -60.35
750.4 -60.48
750.56 -60.63
750.72 -60.73
750.88 -60.74
751.04 -60.67
751.2 -60.51
751.36 -60.49
751.52 -60.76
751.68 -60.74
751.84 -60.79
752.0 -60.68
752.16 -60.56
752.32 -60.65
752.48 -60.42
752.64 -60.65
752.8 -60.76
752.96 -60.6
753.12 -60.51
753.28 -60.39
753.44 -60.23
753.6 -60.68
753.76 -60.41
753.92 -60.35
754.08 -60.64
754.24 -60.39
754.4 -60.33
754.56 -60.54
754.72 -60.43
754.88 -60.56
755.04 -60.65
755.2 -60.61
755.36 -60.77
755.52 -60.38
755.68 -60.17
755.84 -60.23
756.0 -60.29
756.16 -60.86
756.32 -60.66
756.48 -60.52
756.64 -60.46
756.8 -60.1
756.96 -60.43
757.12 -60.32
757.28 -60.28
757.44 -60.74
757.6 -60.42
757.76 -60.41
757.92 -60.44
758.08 -60.29
758.24 -60.57
758.4 -60.78
758.56 -60.56
758.72 -60.35
758.88 -60.45
759.04 -60.21
759.2 -60.22
759.36 -60.17
759.52 -60.47
759.68 -60.57
759.84 -60.36
760.0 -60.25
760.16 -60.4
760.32 -60.21
760.48 -60.69
760.64 -60.57
760.8 -60.5
760.96 -60.73
761.12 -60.24
761.28 -60.43
761.44 -60.28
761.6 -59.82
761.76 -60.34
761.92 -60.59
762.08 -60.43
762.24 -60.31
762.4 -60.26
762.56 -60.1
762.72 -60.34
762.88 -59.87
763.04 -60.27
763.2 -60.41
763.36 -60.51
763.52 -60.51
763.68 -60.63
763.84 -59.94
764.0 -60.18
764.16 -60.31
764.32 -60.42
764.48 -60.38
764.64 -60.36
764.8 -60.3
764.96 -60.06
765.12 -60.35
765.28 -60.3
765.44 -60.24
765.6 -60.42
765.76 -60.22
765.92 -59.77
766.08 -60.0
766.24 -59.91
766.4 -59.94
766.56 -59.86
766.72 -60.18
766.88 -60.28
767.04 -60.39
767.2 -60.63
767.36 -60.01
767.52 -60.26
767.68 -60.31
767.84 -60.24
768.0 -60.14
768.16 -60.25
768.32 -60.16
768.48 -60.29
768.64 -60.05
768.8 -60.02
768.96 -60.2
769.12 -60.22
769.28 -60.26
769.44 -60.25
769.6 -60.03
769.76 -60.2
769.92 -60.09
770.08 -59.95
770.24 -59.93
770.4 -60.1
770.56 -60.07
770.72 -60.1
770.88 -60.21
771.04 -60.12
771.2 -60.01
771.36 -59.96
771.52 -59.83
771.68 -59.9
771.84 -60.13
772.0 -60.46
772.16 -60.22
772.32 -60.49
772.48 -59.95
772.64 -59.61
772.8 -59.84
772.96 -60.27
773.12 -60.41
773.28 -60.41
773.44 -60.2
773.6 -60.18
773.76 -59.76
773.92 -59.68
774.08 -59.78
774.24 -60.41
774.4 -60.25
774.56 -60.46
774.72 -60.2
774.88 -60.19
775.04 -59.57
775.2 -59.79
775.36 -59.74
775.52 -59.96
775.68 -60.33
775.84 -60.45
776.0 -59.98
776.16 -59.82
776.32 -60.08
776.48 -59.73
776.64 -59.92
776.8 -60.08
776.96 -60.21
777.12 -60.41
777.28 -60.26
777.44 -59.73
777.6 -59.74
777.76 -59.79
777.92 -59.63
778.08 -60.03
778.24 -60.33
778.4 -59.95
778.56 -60.29
778.72 -60.23
778.88 -59.99
779.04 -59.63
779.2 -59.81
779.36 -59.94
779.52 -60.17
779.68 -59.93
779.84 -60.19
780.0 -60.14
780.16 -59.63
780.32 -59.67
780.48 -59.99
780.64 -60.44
780.8 -60.36
780.96 -60.24
781.12 -60.25
781.28 -59.65
781.44 -59.7
781.6 -59.53
781.76 -59.92
781.92 -60.27
782.08 -60.17
782.24 -60.28
782.4 -60.18
782.56 -59.54
782.72 -59.35
782.88 -59.6
783.04 -59.5
783.2 -60.01
783.36 -60.51
783.52 -60.41
783.68 -60.07
783.84 -59.83
784.0 -59.71
784.16 -59.59
784.32 -59.82
784.48 -60.04
784.64 -60.17
784.8 -60.51
784.96 -60.02
785.12 -59.7
785.28 -59.37
785.44 -59.48
785.6 -59.72
785.76 -60.03
785.92 -60.09
786.08 -60.17
786.24 -60.28
786.4 -59.76
786.56 -59.59
786.72 -59.49
786.88 -59.65
787.04 -60.09
787.2 -60.33
787.36 -60.05
787.52 -59.97
787.68 -59.52
787.84 -59.36
788.0 -59.25
788.16 -59.63
788.32 -59.84
788.48 -59.97
788.64 -60.16
788.8 -59.88
788.96 -59.26
789.12 -59.55
789.28 -59.5
789.44 -59.55
789.6 -59.97
789.76 -60.3
789.92 -60.28
790.08 -59.72
790.24 -59.51
790.4 -59.34
790.56 -59.31
790.72 -59.78
790.88 -59.9
791.04 -60.28
791.2 -59.94
791.36 -59.99
791.52 -59.53
791.68 -59.19
791.84 -59.27
792.0 -59.67
792.16 -59.94
792.32 -60.27
792.48 -60.01
792.64 -59.51
792.8 -59.54
792.96 -59.2
793.12 -59.25
793.28 -59.67
793.44 -59.92
793.6 -60.02
793.76 -60.16
793.92 -59.82
794.08 -59.22
794.24 -59.37
794.4 -59.12
794.56 -59.81
794.72 -59.99
794.88 -60.05
795.04 -59.97
795.2 -59.53
795.36 -59.28
795.52 -59.07
795.68 -59.49
795.84 -59.5
796.0 -60.24
796.16 -59.93
796.32 -59.96
796.48 -59.51
796.64 -59.44
796.8 -59.01
796.96 -58.97
797.12 -59.52
797.28 -59.67
797.44 -60.18
797.6 -59.93
797.76 -59.84
797.92 -59.4
798.08 -59.25
798.24 -59.11
798.4 -59.2
798.56 -59.94
798.72 -60.1
798.88 -60.17
799.04 -59.55
799.2 -59.4
799.36 -59.08
799.52 -59.25
799.68 -59.17
799.84 -59.56
800.0 -59.8
800.16 -59.72
800.32 -60.16
800.48 -59.79
800.64 -59.04
800.8 -59.29
800.96 -58.98
801.12 -59.34
801.28 -59.64
801.44 -60.03
801.6 -59.78
801.76 -59.47
801.92 -59.08
802.08 -59.03
802.24 -59.1
802.4 -59.3
802.56 -59.48
802.72 -59.89
802.88 -60.48
803.04 -59.79
803.2 -59.41
803.36 -59.25
803.52 -59.05
803.68 -59.07
803.84 -59.38
804.0 -59.68
804.16 -60.04
804.32 -59.91
804.48 -59.67
804.64 -59.26
804.8 -59.04
804.96 -58.95
805.12 -59.12
805.28 -59.2
805.44 -59.55
805.6 -59.57
805.76 -59.43
805.92 -58.78
806.08 -58.27
806.24 -58.12
806.4 -57.71
806.56 -57.27
806.72 -56.78
806.88 -55.53
807.04 -54.42
807.2 -52.96
807.36 -51.3
807.52 -50.12
807.68 -49.21
807.84 -48.83
808.0 -48.87
808.16 -49.26
808.32 -49.48
808.48 -49.44
808.64 -49.25
808.8 -49.39
808.96 -50.37
809.12 -52.14
809.28 -54.99
809.44 -57.53
809.6 -58.68
809.76 -59.02
809.92 -58.78
810.08 -58.61
810.24 -58.64
810.4 -58.79
810.56 -58.98
810.72 -59.48
810.88 -59.55
811.04 -59.43
811.2 -59.31
811.36 -58.88
811.52 -58.74
811.68 -59.05
811.84 -59.25
812.0 -59.55
812.16 -59.91
812.32 -59.96
812.48 -59.38
812.64 -59.45
812.8 -59.04
812.96 -59.04
813.12 -59.08
813.28 -59.48
813.44 -59.68
813.6 -59.78
813.76 -59.43
813.92 -59.23
814.08 -59.01
814.24 -59.03
814.4 -58.9
814.56 -59.2
814.72 -59.7
814.88 -59.8
815.04 -59.83
815.2 -59.4
815.36 -59.26
815.52 -58.9
815.68 -58.89
815.84 -59.04
816.0 -59.22
816.16 -59.67
816.32 -60.11
816.48 -59.58
816.64 -59.27
816.8 -59.15
816.96 -58.96
817.12 -58.93
817.28 -59.25
817.44 -59.43
817.6 -59.76
817.76 -59.72
817.92 -59.16
818.08 -59.06
818.24 -58.94
818.4 -58.68
818.56 -59.05
818.72 -59.05
818.88 -59.32
819.04 -59.74
819.2 -59.6
819.36 -58.92
819.52 -58.7
819.68 -58.71
819.84 -58.98
820.0 -58.9
820.16 -59.38
820.32 -59.39
820.48 -59.35
820.64 -59.13
820.8 -59.04
820.96 -58.69
821.12 -58.96
821.28 -58.93
821.44 -59.35
821.6 -59.42
821.76 -59.54
821.92 -59.26
822.08 -58.88
822.24 -58.73
822.4 -58.78
822.56 -59.02
822.72 -59.18
822.88 -59.49
823.04 -59.73
823.2 -59.57
823.36 -59.17
823.52 -59.05
823.68 -58.75
823.84 -59.14
824.0 -59.2
824.16 -59.34
824.32 -59.38
824.48 -59.43
824.64 -59.08
824.8 -59.17
824.96 -58.7
825.12 -58.62
825.28 -59.12
825.44 -58.93
825.6 -59.05
825.76 -59.27
825.92 -59.14
826.08 -59.2
826.24 -58.87
826.4 -58.81
826.56 -58.83
826.72 -58.81
826.88 -59.29
827.04 -59.22
827.2 -59.16
827.36 -58.94
827.52 -59.0
827.68 -58.77
827.84 -58.72
828.0 -58.91
828.16 -59.19
828.32 -59.13
828.48 -59.34
828.64 -59.48
828.8 -58.92
828.96 -58.78
829.12 -58.63
829.28 -58.58
829.44 -58.72
829.6 -59.06
829.76 -59.41
829.92 -59.18
830.08 -59.24
830.24 -58.95
830.4 -58.52
830.56 -58.6
830.72 -58.65
830.88 -58.83
831.04 -59.12
831.2 -59.53
831.36 -58.94
831.52 -59.03
831.68 -58.97
831.84 -58.69
832.0 -58.47
832.16 -58.86
832.32 -58.9
832.48 -59.2
832.64 -59.28
832.8 -59.15
832.96 -58.7
833.12 -58.63
833.28 -58.66
833.44 -58.52
833.6 -58.55
833.76 -59.25
833.92 -59.04
834.08 -58.76
834.24 -58.9
834.4 -58.57
834.56 -58.54
834.72 -58.36
834.88 -58.23
835.04 -58.44
835.2 -58.74
835.36 -58.78
835.52 -58.97
835.68 -58.8
835.84 -58.43
836.0 -58.28
836.16 -58.35
836.32 -58.42
836.48 -58.55
836.64 -58.77
836.8 -58.78
836.96 -58.76
837.12 -58.8
837.28 -58.41
837.44 -58.19
837.6 -58.43
837.76 -58.27
837.92 -58.54
838.08 -58.74
838.24 -58.88
838.4 -58.85
838.56 -58.7
838.72 -58.58
838.88 -58.45
839.04 -58.5
839.2 -58.73
839.36 -59.11
839.52 -58.9
839.68 -59.02
839.84 -58.8
840.0 -58.77
840.16 -58.68
840.32 -58.54
840.48 -58.61
840.64 -58.8
840.8 -58.63
840.96 -58.92
841.12 -58.91
841.28 -58.77
841.44 -58.61
841.6 -58.52
841.76 -58.48
841.92 -58.54
842.08 -58.64
842.24 -58.93
842.4 -58.85
842.56 -58.84
842.72 -58.59
842.88 -58.62
843.04 -58.47
843.2 -58.38
843.36 -58.55
843.52 -58.62
843.68 -58.95
843.84 -58.87
844.0 -58.87
844.16 -58.55
844.32 -58.56
844.48 -58.47
844.64 -58.6
844.8 -58.61
844.96 -58.83
845.12 -58.9
845.28 -58.74
845.44 -58.95
845.6 -58.51
845.76 -58.5
845.92 -58.45
846.08 -58.41
846.24 -58.67
846.4 -58.68
846.56 -58.79
846.72 -58.74
846.88 -58.74
847.04 -58.67
847.2 -58.38
847.36 -58.43
847.52 -58.51
847.68 -58.71
847.84 -58.93
848.0 -58.85
848.16 -58.58
848.32 -58.69
848.48 -58.53
848.64 -58.23
848.8 -58.41
848.96 -58.49
849.12 -58.58
849.28 -58.55
849.44 -58.64
849.6 -58.71
849.76 -58.58
849.92 -58.31
850.08 -58.39
850.24 -58.36
850.4 -58.46
850.56 -58.69
850.72 -58.8
850.88 -58.8
851.04 -58.75
851.2 -58.48
851.36 -58.35
851.52 -58.37
851.68 -58.2
851.84 -58.46
852.0 -58.8
852.16 -58.63
852.32 -58.83
852.48 -58.6
852.64 -58.38
852.8 -58.23
852.96 -58.37
853.12 -58.4
853.28 -58.37
853.44 -58.64
853.6 -58.76
853.76 -58.53
853.92 -58.59
854.08 -58.51
854.24 -58.4
854.4 -58.37
854.56 -58.26
854.72 -58.5
854.88 -58.42
855.04 -58.72
855.2 -58.61
855.36 -58.66
855.52 -58.55
855.68 -58.36
855.84 -58.37
856.0 -58.43
856.16 -58.44
856.32 -58.65
856.48 -58.52
856.64 -58.68
856.8 -58.54
856.96 -58.45
857.12 -58.34
857.28 -58.25
857.44 -58.22
857.6 -58.25
857.76 -58.79
857.92 -58.52
858.08 -58.57
858.24 -58.53
858.4 -58.58
858.56 -58.48
858.72 -58.4
858.88 -58.48
859.04 -58.26
859.2 -58.37
859.36 -58.6
859.52 -58.64
859.68 -58.56
859.84 -58.51
860.0 -58.23
860.16 -58.36
860.32 -58.26
860.48 -58.39
860.64 -58.45
860.8 -58.42
860.96 -58.53
861.12 -58.45
861.28 -58.29
861.44 -58.3
861.6 -58.27
861.76 -58.33
861.92 -58.53
862.08 -58.56
862.24 -58.67
862.4 -58.55
862.56 -58.45
862.72 -58.25
862.88 -58.16
863.04 -58.23
863.2 -58.27
863.36 -58.38
863.52 -58.35
863.68 -58.54
863.84 -58.52
864.0 -58.6
864.16 -58.38
864.32 -58.36
864.48 -58.21
864.64 -58.12
864.8 -58.26
864.96 -58.41
865.12 -58.4
865.28 -58.53
865.44 -58.34
865.6 -58.22
865.76 -58.09
865.92 -58.13
866.08 -58.46
866.24 -58.23
866.4 -58.63
866.56 -58.44
866.72 -58.35
866.88 -58.23
867.04 -58.23
867.2 -58.23
867.36 -58.03
867.52 -58.01
867.68 -58.27
867.84 -58.39
868.0 -58.4
868.16 -58.34
868.32 -58.32
868.48 -58.35
868.64 -58.09
868.8 -58.17
868.96 -58.07
869.12 -58.27
869.28 -58.39
869.44 -58.48
869.6 -58.31
869.76 -58.18
869.92 -58.23
870.08 -58.09
870.24 -58.1
870.4 -58.08
870.56 -58.19
870.72 -58.37
870.88 -58.44
871.04 -58.37
871.2 -58.39
871.36 -58.12
871.52 -58.14
871.68 -58.1
871.84 -58.22
872.0 -58.35
872.16 -58.41
872.32 -58.49
872.48 -58.34
872.64 -58.42
872.8 -58.17
872.96 -58.12
873.12 -58.19
873.28 -58.02
873.44 -58.44
873.6 -58.35
873.76 -58.55
873.92 -58.37
874.08 -58.36
874.24 -58.29
874.4 -58.03
874.56 -58.05
874.72 -58.01
874.88 -58.23
875.04 -58.28
875.2 -58.2
875.36 -58.19
875.52 -58.02
875.68 -58.18
875.84 -58.1
876.0 -58.07
876.16 -58.33
876.32 -58.41
876.48 -58.18
876.64 -58.28
876.8 -58.23
876.96 -58.25
877.12 -57.98
877.28 -57.94
877.44 -57.86
877.6 -58.03
877.76 -58.1
877.92 -58.22
878.08 -58.1
878.24 -58.08
878.4 -58.04
878.56 -58.07
878.72 -57.85
878.88 -58.03
879.04 -57.85
879.2 -58.21
879.36 -58.24
879.52 -58.08
879.68 -58.27
879.84 -57.92
880.0 -58.06
880.16 -58.09
880.32 -57.97
880.48 -58.36
880.64 -58.09
880.8 -58.11
880.96 -58.15
881.12 -58.06
881.28 -57.99
881.44 -57.95
881.6 -58.02
881.76 -57.92
881.92 -58.14
882.08 -58.32
882.24 -58.22
882.4 -58.15
882.56 -57.97
882.72 -57.97
882.88 -57.94
883.04 -58.02
883.2 -57.95
883.36 -57.95
883.52 -58.19
883.68 -58.08
883.84 -58.1
884.0 -57.89
884.16 -57.96
884.32 -57.88
884.48 -57.86
884.64 -58.02
884.8 -58.19
884.96 -58.05
885.12 -58.12
885.28 -57.94
885.44 -57.75
885.6 -57.8
885.76 -57.85
885.92 -57.75
886.08 -58.06
886.24 -57.98
886.4 -58.02
886.56 -58.06
886.72 -57.88
886.88 -57.99
887.04 -58.0
887.2 -58.01
887.36 -57.85
887.52 -57.98
887.68 -58.16
887.84 -58.06
888.0 -58.08
888.16 -57.84
888.32 -57.84
888.48 -57.77
888.64 -57.8
888.8 -57.99
888.96 -58.2
889.12 -58.06
889.28 -58.1
889.44 -57.99
889.6 -57.73
889.76 -57.76
889.92 -57.66
890.08 -57.95
890.24 -58.01
890.4 -58.08
890.56 -57.81
890.72 -57.95
890.88 -57.85
891.04 -57.76
891.2 -57.66
891.36 -57.72
891.52 -57.69
891.68 -57.89
891.84 -57.88
892.0 -57.93
892.16 -58.03
892.32 -57.88
892.48 -57.73
892.64 -57.9
892.8 -57.99
892.96 -57.91
893.12 -57.96
893.28 -58.13
893.44 -58.01
893.6 -58.15
893.76 -57.94
893.92 -58.11
894.08 -57.91
894.24 -57.95
894.4 -57.96
894.56 -57.87
894.72 -58.02
894.88 -58.13
895.04 -58.21
895.2 -58.13
895.36 -57.81
895.52 -57.95
895.68 -57.78
895.84 -57.98
896.0 -58.01
896.16 -58.22
896.32 -58.11
896.48 -58.13
896.64 -57.91
896.8 -58.0
896.96 -57.9
897.12 -57.87
897.28 -57.95
897.44 -58.01
897.6 -57.95
897.76 -58.08
897.92 -57.99
898.08 -57.97
898.24 -57.75
898.4 -57.95
898.56 -57.92
898.72 -58.04
898.88 -57.99
899.04 -58.02
899.2 -57.93
899.36 -58.05
899.52 -57.91
899.68 -57.88
899.84 -57.79
900.0 -57.85
